Ga0393525_01_169_996	CP000239.1:57734-58562|CDS|CYA_0058	100.000	828	0	0	1	828	1	828	0.0	1494
Ga0393525_01_169_996	CP000240.1:1217386-1218214|CDS|CYB_1181	84.300	828	130	0	1	828	1	828	0.0	908
Ga0393525_01_1033_1254	CP000239.1:58598-58820|CDS|CYA_0059	100.000	222	0	0	1	222	1	222	1.23e-112	401
Ga0393525_01_1033_1254	CP000240.1:1217124-1217346|CDS|CYB_1180	85.586	222	32	0	1	222	1	222	3.31e-69	257
Ga0393525_01_1486_2229	CP000239.1:59051-59795|CDS|CYA_0060	99.731	744	2	0	1	744	1	744	0.0	1333
Ga0393525_01_1486_2229	CP000240.1:1216235-1216991|CDS|CYB_1179	82.407	756	121	3	1	744	1	756	0.0	762
Ga0393525_01_2226_2915	CP000240.1:1215657-1216239|CDS|CYB_1178	98.454	582	9	0	109	690	1	582	0.0	1010
Ga0393525_01_2226_2915	CP000239.1:59791-60373|CDS|CYA_0061	86.449	583	77	2	109	690	1	582	0.0	689
Ga0393525_01_3037_3843	CP000239.1:60602-61409|CDS|CYA_0062	99.876	807	1	0	1	807	1	807	0.0	1452
Ga0393525_01_3037_3843	CP000240.1:1214558-1215359|CDS|CYB_1177	84.371	787	117	1	21	807	21	801	0.0	866
Ga0393525_01_4148_4930	CP000239.1:61713-62496|CDS|CYA_0064	99.745	783	2	0	1	783	1	783	0.0	1404
Ga0393525_01_4148_4930	CP000240.1:1213521-1214304|CDS|CYB_1176	86.079	783	109	0	1	783	1	783	0.0	921
Ga0393525_01_4948_5691	CP000239.1:62513-63257|CDS|CYA_0065	99.866	744	1	0	1	744	1	744	0.0	1338
Ga0393525_01_4948_5691	CP000240.1:1212760-1213504|CDS|CYB_1175	85.618	744	107	0	1	744	1	744	0.0	860
Ga0393525_01_5740_6165	CP000239.1:63305-63791|CDS|CYA_0066	100.000	426	0	0	1	426	61	486	0.0	769
Ga0393525_01_6737_7297	CP000239.1:66080-66722|CDS|CYA_0069	100.000	561	0	0	1	561	82	642	0.0	1012
Ga0393525_01_6737_7297	CP000240.1:1211145-1211790|CDS|CYB_1173	86.879	564	71	1	1	561	82	645	0.0	682
Ga0393525_01_7337_8227	CP000239.1:66761-67652|CDS|CYA_0070	100.000	891	0	0	1	891	1	891	0.0	1608
Ga0393525_01_9307_10383	CP000239.1:68587-69808|CDS|CYA_0072	99.907	1077	1	0	1	1077	145	1221	0.0	1939
Ga0393525_01_9307_10383	CP000240.1:1844796-1846017|CDS|CYB_1761	90.038	1064	106	0	1	1064	145	1208	0.0	1442
Ga0393525_01_10390_11202	CP000239.1:69814-70660|CDS|CYA_0073	100.000	813	0	0	1	813	34	846	0.0	1467
Ga0393525_01_10390_11202	CP000240.1:1843775-1844789|CDS|CYB_1760	85.153	815	118	1	2	813	200	1014	0.0	923
Ga0393525_01_11596_12942	CP000239.1:71020-72367|CDS|CYA_0074	99.703	1347	4	0	1	1347	1	1347	0.0	2412
Ga0393525_01_11596_12942	CP000240.1:1840897-1842244|CDS|CYB_1758	88.493	1347	155	0	1	1347	1	1347	0.0	1731
Ga0393525_01_12939_13934	CP000239.1:72363-73359|CDS|CYA_0075	99.799	996	2	0	1	996	1	996	0.0	1788
Ga0393525_01_12939_13934	CP000240.1:1839899-1840901|CDS|CYB_1757	87.066	951	114	2	1	951	1	942	0.0	1160
Ga0393525_01_13973_15907	CP000239.1:73397-75167|CDS|CYA_0076	99.831	1770	3	0	166	1935	1	1770	0.0	3179
Ga0393525_01_13973_15907	CP000240.1:1837180-1839013|CDS|CYB_1754	88.373	1832	211	2	103	1933	1	1831	0.0	2337
Ga0393525_01_16478_17815	CP000239.1:75902-77240|CDS|CYA_0077	99.925	1338	1	0	1	1338	1	1338	0.0	2409
Ga0393525_01_16478_17815	CP000240.1:2140818-2142156|CDS|CYB_2039	83.358	1334	220	2	1	1333	1	1333	0.0	1398
Ga0393525_01_17913_18134	CP000239.1:77337-77559|CDS|CYA_0078	100.000	222	0	0	1	222	1	222	1.23e-112	401
Ga0393525_01_17913_18134	CP000240.1:2142258-2142483|CDS|CYB_2040	84.932	219	31	2	4	221	7	224	8.88e-64	240
Ga0393525_01_18488_19024	CP000239.1:77912-78449|CDS|CYA_0079	100.000	537	0	0	1	537	1	537	0.0	969
Ga0393525_01_19132_19374	CP000239.1:78556-79003|CDS|CYA_0080	100.000	243	0	0	1	243	205	447	5.41e-124	439
Ga0393525_01_19132_19374	CP000240.1:2143236-2143479|CDS|CYB_2042	91.770	243	20	0	1	243	1	243	7.53e-97	349
Ga0393525_02_178_498	CP000239.1:2786899-2787499|CDS|CYA_2761	100.000	321	0	0	1	321	280	600	3.32e-166	580
Ga0393525_02_178_498	CP000240.1:2554732-2555314|CDS|CYB_2455	77.640	322	70	2	1	321	262	582	7.35e-67	250
Ga0393525_02_499_1485	CP000239.1:2787499-2788486|CDS|CYA_2762	96.049	987	39	0	1	987	1	987	0.0	1605
Ga0393525_02_499_1485	CP000240.1:2555325-2556312|CDS|CYB_2456	88.360	988	113	2	1	987	1	987	0.0	1257
Ga0393525_02_1482_1994	CP000240.1:2556337-2557312|CDS|CYB_2457	81.838	457	83	0	1	457	454	910	6.65e-127	451
Ga0393525_02_2829_2945	CP000239.1:2789829-2789946|CDS|CYA_2765	99.145	117	1	0	1	117	1	117	2.51e-54	207
Ga0393525_02_2829_2945	CP000240.1:2557682-2557799|CDS|CYB_2458	88.496	113	13	0	1	113	1	113	7.19e-36	146
Ga0393525_02_3057_3497	CP000239.1:2790057-2790498|CDS|CYA_2766	99.546	441	2	0	1	441	1	441	0.0	787
Ga0393525_02_3057_3497	CP000240.1:2558092-2558593|CDS|CYB_2459	77.677	439	98	0	1	439	61	499	4.09e-97	351
Ga0393525_02_3650_4282	CP000239.1:2790650-2791283|CDS|CYA_2767	99.842	633	1	0	1	633	1	633	0.0	1138
Ga0393525_02_3650_4282	CP000240.1:2558713-2559358|CDS|CYB_2460	78.019	646	120	8	1	629	1	641	1.01e-144	509
Ga0393525_02_4339_5133	CP000239.1:2791339-2792134|CDS|CYA_2769	99.874	795	1	0	1	795	1	795	0.0	1430
Ga0393525_02_4339_5133	CP000240.1:2559381-2560230|CDS|CYB_2462	83.825	779	126	0	1	779	40	818	0.0	838
Ga0393525_02_5560_6003	CP000239.1:2792560-2793019|CDS|CYA_2771	99.550	444	2	0	1	444	16	459	0.0	792
Ga0393525_02_5560_6003	CP000240.1:2570299-2570743|CDS|CYB_2472	91.294	425	37	0	1	425	1	425	5.00e-172	600
Ga0393525_02_6227_8137	CP000239.1:2793173-2795138|CDS|CYA_2773	99.895	1911	2	0	1	1911	55	1965	0.0	3438
Ga0393525_02_6227_8137	CP000240.1:2568125-2569874|CDS|CYB_2471	84.774	1747	237	4	193	1911	4	1749	0.0	1960
Ga0393525_02_8311_8733	CP000239.1:2795278-2795845|CDS|CYA_2774	100.000	423	0	0	1	423	145	567	0.0	764
Ga0393525_02_8311_8733	CP000240.1:2567348-2567933|CDS|CYB_2470	83.863	409	66	0	2	410	152	560	2.81e-124	441
Ga0393525_02_8974_9219	CP000239.1:2795941-2796187|CDS|CYA_2775	99.593	246	1	0	1	246	1	246	5.49e-124	440
Ga0393525_02_8974_9219	CP000240.1:2566903-2567194|CDS|CYB_2469	88.211	246	29	0	1	246	46	291	5.50e-86	314
Ga0393525_02_9353_9442	CP000239.1:2796320-2796410|CDS|CYA_2776	98.889	90	1	0	1	90	1	90	8.29e-40	159
Ga0393525_02_9482_9646	CP000239.1:2796425-2796614|CDS|CYA_2777	100.000	165	0	0	1	165	25	189	7.78e-82	298
Ga0393525_02_9482_9646	CP000240.1:2565176-2565338|CDS|CYB_2467	82.911	158	27	0	1	158	1	158	4.03e-41	164
Ga0393525_02_9687_10067	CP000239.1:2796654-2797047|CDS|CYA_2778	99.738	381	1	0	1	381	13	393	0.0	683
Ga0393525_02_9687_10067	CP000240.1:2564781-2565153|CDS|CYB_2466	85.350	314	46	0	19	332	19	332	6.75e-100	360
Ga0393525_02_10067_12574	CP000239.1:2797034-2799542|CDS|CYA_2779	99.880	2508	3	0	1	2508	1	2508	0.0	4510
Ga0393525_02_10067_12574	CP000240.1:2562272-2564777|CDS|CYB_2465	83.153	2493	397	4	4	2495	10	2480	0.0	2606
Ga0393525_02_12699_13466	CP000239.1:2799666-2800452|CDS|CYA_2780	100.000	768	0	0	1	768	19	786	0.0	1386
Ga0393525_02_12699_13466	CP000240.1:2561277-2562057|CDS|CYB_2464	85.220	751	111	0	4	754	22	772	0.0	855
Ga0393525_02_13676_14245	CP000239.1:2800622-2801213|CDS|CYA_2781	99.825	570	1	0	1	570	22	591	0.0	1024
Ga0393525_02_13676_14245	CP000240.1:2560214-2560835|CDS|CYB_2461	92.652	558	41	0	1	558	55	612	0.0	822
Ga0393525_02_14763_15767	CP000239.1:2801730-2802735|CDS|CYA_2782	99.801	1005	2	0	1	1005	1	1005	0.0	1804
Ga0393525_03_18_317	CP000239.1:1304680-1305313|CDS|CYA_1294	99.333	300	2	0	1	300	334	633	4.02e-152	533
Ga0393525_03_337_612	CP000239.1:1305332-1305617|CDS|CYA_1295	97.826	276	6	0	1	276	10	285	1.05e-133	471
Ga0393525_03_337_612	CP000240.1:951190-951475|CDS|CYB_0913	96.947	262	8	0	15	276	24	285	2.17e-123	437
Ga0393525_03_861_1664	CP000239.1:1305856-1306660|CDS|CYA_1296	98.010	804	16	0	1	804	1	804	0.0	1379
Ga0393525_03_861_1664	CP000240.1:951714-952518|CDS|CYB_0914	96.264	803	30	0	1	803	1	803	0.0	1314
Ga0393525_03_1813_2643	CP000240.1:952598-953537|CDS|CYB_0915	97.558	819	20	0	1	819	109	927	0.0	1388
Ga0393525_03_1813_2643	CP000239.1:1306700-1307639|CDS|CYA_1297	90.734	831	77	0	1	831	109	939	0.0	1152
Ga0393525_03_2644_3294	CP000239.1:1307639-1308344|CDS|CYA_1298	100.000	651	0	0	1	651	55	705	0.0	1175
Ga0393525_03_2644_3294	CP000240.1:954733-955426|CDS|CYB_0916	82.383	579	76	2	1	578	64	617	7.46e-172	600
Ga0393525_03_3546_3953	CP000239.1:1308541-1308949|CDS|CYA_1299	100.000	408	0	0	1	408	1	408	0.0	737
Ga0393525_03_3546_3953	CP000240.1:955635-956043|CDS|CYB_0918	86.765	408	54	0	1	408	1	408	4.89e-140	493
Ga0393525_03_4069_4467	CP000239.1:1308992-1309463|CDS|CYA_1300	100.000	399	0	0	1	399	73	471	0.0	720
Ga0393525_03_4069_4467	CP000240.1:956126-956597|CDS|CYB_0919	86.466	399	54	0	1	399	73	471	3.67e-135	477
Ga0393525_03_4585_6756	CP000239.1:1309619-1311752|CDS|CYA_1301	100.000	2133	0	0	40	2172	1	2133	0.0	3847
Ga0393525_03_4585_6756	CP000240.1:956749-958873|CDS|CYB_0920	87.947	2124	255	1	40	2163	1	2123	0.0	2673
Ga0393525_03_6779_8008	CP000239.1:1311774-1313004|CDS|CYA_1302	100.000	1230	0	0	1	1230	1	1230	0.0	2219
Ga0393525_03_6779_8008	CP000240.1:958904-960134|CDS|CYB_0921	86.911	1230	161	0	1	1230	1	1230	0.0	1493
Ga0393525_03_8102_8419	CP000239.1:1313097-1313415|CDS|CYA_1303	100.000	318	0	0	1	318	1	318	1.40e-164	574
Ga0393525_03_8102_8419	CP000240.1:960258-960576|CDS|CYB_0922	88.994	318	35	0	1	318	1	318	8.28e-117	416
Ga0393525_03_8463_9347	CP000239.1:1313461-1314343|CDS|CYA_1305	100.000	882	0	0	4	885	1	882	0.0	1591
Ga0393525_03_8463_9347	CP000240.1:960697-961558|CDS|CYB_0924	85.012	834	101	2	76	885	28	861	0.0	954
Ga0393525_03_9344_10255	CP000239.1:1314339-1315251|CDS|CYA_1304	100.000	912	0	0	1	912	1	912	0.0	1645
Ga0393525_03_9344_10255	CP000240.1:961554-962472|CDS|CYB_0923	87.473	918	109	1	1	912	1	918	0.0	1139
Ga0393525_03_10341_11081	CP000239.1:1315336-1316857|CDS|CYA_1306	99.865	741	1	0	1	741	781	1521	0.0	1333
Ga0393525_03_10341_11081	CP000240.1:962549-964145|CDS|CYB_0925	72.917	816	143	6	1	741	784	1596	2.29e-147	519
Ga0393525_03_12030_12761	CP000239.1:1317025-1317757|CDS|CYA_1307	99.727	732	2	0	1	732	1	732	0.0	1312
Ga0393525_03_12030_12761	CP000240.1:964369-965122|CDS|CYB_0926	84.016	732	117	0	1	732	22	753	0.0	793
Ga0393525_03_13034_14224	CP000239.1:1318029-1319391|CDS|CYA_1308	99.832	1191	2	0	1	1191	172	1362	0.0	2140
Ga0393525_03_13034_14224	CP000240.1:965342-966683|CDS|CYB_0927	83.305	1192	197	2	1	1191	151	1341	0.0	1246
Ga0393525_03_14895_15614	CP000239.1:1319890-1320673|CDS|CYA_1310	100.000	720	0	0	1	720	64	783	0.0	1299
Ga0393525_03_14895_15614	CP000240.1:967381-968164|CDS|CYB_0929	88.611	720	82	0	1	720	64	783	0.0	930
Ga0393525_04_123_407	CP000239.1:1177431-1178553|CDS|CYA_1154	100.000	236	0	0	1	236	1	236	4.07e-120	426
Ga0393525_04_123_407	CP000240.1:2714416-2715556|CDS|CYB_2622	78.112	233	51	0	1	233	1	233	5.31e-49	191
Ga0393525_04_684_1112	CP000239.1:1176172-1176601|CDS|CYA_1152	99.767	429	1	0	1	429	1	429	0.0	770
Ga0393525_04_684_1112	CP000240.1:2724876-2725314|CDS|CYB_2634	84.149	429	68	0	1	429	10	438	2.05e-132	468
Ga0393525_04_1231_3096	CP000239.1:1174188-1176054|CDS|CYA_1151	95.498	1866	84	0	1	1866	1	1866	0.0	2987
Ga0393525_04_1231_3096	CP000240.1:2725443-2727342|CDS|CYB_2635	84.701	1804	270	2	1	1798	1	1804	0.0	2006
Ga0393525_04_3214_3690	CP000239.1:1173594-1174071|CDS|CYA_1150	99.790	477	1	0	1	477	1	477	0.0	856
Ga0393525_04_3214_3690	CP000240.1:2729687-2730170|CDS|CYB_2641	90.661	439	41	0	1	439	37	475	3.63e-174	608
Ga0393525_04_3713_3988	CP000239.1:1173296-1173572|CDS|CYA_1149	100.000	276	0	0	1	276	1	276	7.58e-142	499
Ga0393525_04_3713_3988	CP000240.1:2730221-2730497|CDS|CYB_2642	86.567	268	36	0	1	268	1	268	1.20e-88	322
Ga0393525_04_4136_5416	CP000239.1:1171868-1173149|CDS|CYA_1148	97.892	1281	27	0	1	1281	1	1281	0.0	2189
Ga0393525_04_4136_5416	CP000240.1:2730694-2731954|CDS|CYB_2643	89.482	1236	130	0	1	1236	1	1236	0.0	1644
Ga0393525_04_5548_6384	CP000239.1:1170900-1171863|CDS|CYA_1146	96.655	837	28	0	1	837	127	963	0.0	1384
Ga0393525_04_5548_6384	CP000240.1:2731980-2732931|CDS|CYB_2645	74.524	840	194	9	1	836	127	950	5.00e-150	528
Ga0393525_04_6381_6575	CP000239.1:1170709-1170904|CDS|CYA_1147	98.974	195	2	0	1	195	1	195	2.50e-95	343
Ga0393525_04_6381_6575	CP000240.1:2732927-2733122|CDS|CYB_2644	84.615	195	30	0	1	195	1	195	2.51e-57	217
Ga0393525_04_6706_8163	CP000239.1:1169040-1170579|CDS|CYA_1145	99.931	1458	1	0	1	1458	82	1539	0.0	2626
Ga0393525_04_6706_8163	CP000240.1:2733292-2734828|CDS|CYB_2646	83.629	1466	221	6	1	1458	82	1536	0.0	1553
Ga0393525_04_8338_9339	CP000240.1:2734922-2735891|CDS|CYB_2647	78.298	940	202	2	60	998	27	965	0.0	769
Ga0393525_04_8338_9339	CP000239.1:1167977-1168946|CDS|CYA_1144	77.200	943	215	0	60	1002	27	969	0.0	732
Ga0393525_04_9355_9435	CP000240.1:2735955-2736210|CDS|CYB_2648	80.822	73	14	0	2	74	176	248	2.87e-13	69.8
Ga0393525_04_9355_9435	CP000239.1:1167657-1167912|CDS|CYA_1143	80.822	73	14	0	2	74	176	248	2.87e-13	69.8
Ga0393525_04_9367_9642	CP000240.1:2735955-2736210|CDS|CYB_2648	81.818	242	44	0	2	243	242	1	1.13e-63	239
Ga0393525_04_9367_9642	CP000239.1:1167657-1167912|CDS|CYA_1143	80.992	242	46	0	2	243	242	1	5.85e-61	230
Ga0393525_04_10377_10772	CP000240.1:2737441-2737852|CDS|CYB_2649	85.215	372	55	0	10	381	25	396	7.03e-119	424
Ga0393525_04_10377_10772	CP000239.1:1166504-1166915|CDS|CYA_1142	84.946	372	56	0	10	381	25	396	8.57e-118	419
Ga0393525_04_10829_13354	CP000239.1:1163922-1166457|CDS|CYA_1140	79.189	2393	486	7	1	2390	1	2384	0.0	2050
Ga0393525_04_10829_13354	CP000240.1:2737899-2740434|CDS|CYB_2650	77.768	2393	520	7	1	2390	1	2384	0.0	1897
Ga0393525_04_13469_14128	CP000239.1:1163148-1163808|CDS|CYA_1139	99.848	660	1	0	1	660	1	660	0.0	1187
Ga0393525_04_13469_14128	CP000240.1:527703-528363|CDS|CYB_0515	88.636	660	75	0	1	660	1	660	0.0	853
Ga0393525_04_14373_15230	CP000239.1:1161809-1162904|CDS|CYA_1138	99.883	858	1	0	1	858	238	1095	0.0	1544
Ga0393525_04_14373_15230	CP000240.1:531482-532535|CDS|CYB_0517	88.551	856	98	0	1	856	196	1051	0.0	1103
Ga0393525_05_270_644	CP000239.1:1573799-1574174|CDS|CYA_1564	99.733	375	1	0	1	375	1	375	0.0	673
Ga0393525_05_270_644	CP000240.1:1102632-1103001|CDS|CYB_1065	83.110	373	57	1	1	373	1	367	3.92e-109	390
Ga0393525_05_807_1136	CP000239.1:1574336-1574666|CDS|CYA_1565	97.872	329	7	0	1	329	1	329	9.19e-161	563
Ga0393525_05_807_1136	CP000240.1:1102132-1102462|CDS|CYB_1064	90.578	329	31	0	1	329	1	329	3.43e-128	454
Ga0393525_05_1150_2496	CP000239.1:1574741-1576091|CDS|CYA_1567	83.864	1351	211	3	2	1347	2	1350	0.0	1447
Ga0393525_05_1150_2496	CP000240.1:1100687-1102058|CDS|CYB_1063	83.296	1341	217	3	2	1337	2	1340	0.0	1402
Ga0393525_05_2493_3662	CP000239.1:1576087-1577257|CDS|CYA_1566	100.000	1170	0	0	1	1170	1	1170	0.0	2111
Ga0393525_05_2493_3662	CP000240.1:1898316-1899534|CDS|CYB_1813	81.158	1157	212	1	3	1153	15	1171	0.0	1105
Ga0393525_05_3790_4095	CP000239.1:1577384-1577690|CDS|CYA_1568	100.000	306	0	0	1	306	1	306	4.39e-158	553
Ga0393525_05_3790_4095	CP000240.1:1899635-1899971|CDS|CYB_1814	80.142	282	56	0	1	282	1	282	4.71e-69	257
Ga0393525_05_4164_5210	CP000239.1:1577758-1578805|CDS|CYA_1569	99.809	1047	2	0	1	1047	1	1047	0.0	1880
Ga0393525_05_4164_5210	CP000240.1:1900080-1901127|CDS|CYB_1815	87.273	1045	133	0	1	1045	1	1045	0.0	1286
Ga0393525_05_5251_6882	CP000239.1:1578941-1580483|CDS|CYA_1570	98.768	1542	13	1	97	1632	1	1542	0.0	2697
Ga0393525_05_5251_6882	CP000240.1:1901328-1902870|CDS|CYB_1816	87.794	1532	181	1	103	1628	7	1538	0.0	1921
Ga0393525_05_7054_9162	CP000239.1:1580612-1582763|CDS|CYA_1571	99.763	2109	5	0	1	2109	43	2151	0.0	3782
Ga0393525_05_7054_9162	CP000240.1:390960-393057|CDS|CYB_0376	82.330	2026	325	5	48	2040	12	2037	0.0	2048
Ga0393525_05_9564_9902	CP000239.1:1583157-1583496|CDS|CYA_1572	100.000	339	0	0	1	339	1	339	5.96e-176	612
Ga0393525_05_9564_9902	CP000240.1:393662-394001|CDS|CYB_0377	80.896	335	64	0	1	335	1	335	6.40e-87	316
Ga0393525_05_9951_10292	CP000239.1:1583544-1583886|CDS|CYA_1573	100.000	342	0	0	1	342	1	342	1.42e-177	618
Ga0393525_05_9951_10292	CP000240.1:394085-394427|CDS|CYB_0378	85.503	338	49	0	1	338	1	338	1.25e-108	389
Ga0393525_05_10374_11024	CP000239.1:1583967-1584618|CDS|CYA_1574	100.000	651	0	0	1	651	1	651	0.0	1175
Ga0393525_05_10374_11024	CP000240.1:394511-395162|CDS|CYB_0379	86.207	638	88	0	1	638	1	638	0.0	755
Ga0393525_05_11198_11572	CP000239.1:1584647-1585166|CDS|CYA_1575	100.000	375	0	0	1	375	145	519	0.0	677
Ga0393525_05_11653_13383	CP000239.1:1585246-1586977|CDS|CYA_1576	99.422	1731	10	0	1	1731	1	1731	0.0	3077
Ga0393525_05_11653_13383	CP000240.1:396251-398000|CDS|CYB_0381	89.157	1697	184	0	33	1729	51	1747	0.0	2232
Ga0393525_07_1101_1352	CP000239.1:2768581-2768833|CDS|CYA_2750	100.000	252	0	0	1	252	1	252	7.33e-129	455
Ga0393525_07_1101_1352	CP000240.1:637686-637947|CDS|CYB_0628	87.556	225	28	0	1	225	1	225	3.34e-76	280
Ga0393525_07_1349_1822	CP000239.1:2768829-2769303|CDS|CYA_2749	99.789	474	1	0	1	474	1	474	0.0	851
Ga0393525_07_1349_1822	CP000240.1:637943-638417|CDS|CYB_0627	85.443	474	69	0	1	474	1	474	3.61e-155	545
Ga0393525_07_2052_3968	CP000239.1:2769532-2771449|CDS|CYA_2751	99.948	1917	1	0	1	1917	1	1917	0.0	3453
Ga0393525_07_2052_3968	CP000240.1:639991-641908|CDS|CYB_0631	87.063	1917	248	0	1	1917	1	1917	0.0	2340
Ga0393525_07_4148_6349	CP000239.1:2771628-2773785|CDS|CYA_2752	99.212	2157	17	0	46	2202	1	2157	0.0	3814
Ga0393525_07_4148_6349	CP000240.1:642011-644168|CDS|CYB_0632	87.750	2147	263	0	46	2192	1	2147	0.0	2687
Ga0393525_07_4148_6349	CP000239.1:2141367-2143968|CDS|CYA_2127	62.896	1706	578	30	343	2019	331	2010	2.43e-32	138
Ga0393525_07_4148_6349	CP000240.1:2772842-2775443|CDS|CYB_2688	62.551	1709	579	28	343	2019	331	2010	1.54e-28	126
Ga0393525_07_6760_7863	CP000239.1:2774240-2775344|CDS|CYA_2753	99.728	1104	3	0	1	1104	1	1104	0.0	1978
Ga0393525_07_6760_7863	CP000240.1:644666-645770|CDS|CYB_0633	85.598	1104	157	2	1	1103	1	1103	0.0	1268
Ga0393525_07_8257_8706	CP000239.1:2775737-2776262|CDS|CYA_2754	99.778	450	1	0	1	450	76	525	0.0	808
Ga0393525_07_8257_8706	CP000240.1:646124-646640|CDS|CYB_0635	91.176	442	38	1	1	441	58	499	1.89e-177	618
Ga0393525_07_9176_10201	CP000239.1:2776449-2777682|CDS|CYA_2755	94.444	1026	57	0	1	1026	208	1233	0.0	1594
Ga0393525_07_9176_10201	CP000240.1:646850-648092|CDS|CYB_0636	84.154	1016	161	0	1	1016	217	1232	0.0	1107
Ga0393525_07_9176_10201	CP000239.1:2244161-2245424|CDS|CYA_2229	69.738	955	275	6	13	957	238	1188	5.07e-113	406
Ga0393525_07_9176_10201	CP000240.1:584582-585827|CDS|CYB_0578	67.188	960	291	11	13	957	220	1170	1.19e-76	284
Ga0393525_07_10520_12103	CP000239.1:2778000-2779584|CDS|CYA_2756	97.031	1583	47	0	1	1583	1	1583	0.0	2644
Ga0393525_07_10520_12103	CP000240.1:648159-649764|CDS|CYB_0637	84.125	1600	229	7	1	1577	1	1598	0.0	1732
Ga0393525_07_12278_12658	CP000239.1:2779651-2780014|CDS|CYA_2757	86.196	326	45	0	1	326	1	326	1.70e-107	386
Ga0393525_08_121_366	CP000239.1:1945380-1945626|CDS|CYA_1932	100.000	246	0	0	1	246	1	246	1.29e-125	444
Ga0393525_08_121_366	CP000240.1:119663-119909|CDS|CYB_0103	82.377	244	43	0	1	244	1	244	6.70e-66	247
Ga0393525_08_707_1681	CP000239.1:1944065-1945040|CDS|CYA_1931	99.897	975	1	0	1	975	1	975	0.0	1755
Ga0393525_08_707_1681	CP000240.1:118334-119306|CDS|CYB_0102	87.617	961	116	1	1	961	1	958	0.0	1196
Ga0393525_08_1683_2564	CP000239.1:1943182-1944007|CDS|CYA_1930	97.212	825	23	0	58	882	1	825	0.0	1385
Ga0393525_08_1683_2564	CP000240.1:117451-118333|CDS|CYB_0101	86.621	882	118	0	1	882	1	882	0.0	1059
Ga0393525_08_2635_3492	CP000239.1:1942254-1943112|CDS|CYA_1928	90.326	858	83	0	1	858	1	858	0.0	1174
Ga0393525_08_2635_3492	CP000240.1:116511-117381|CDS|CYB_0099	88.201	856	101	0	1	856	1	856	0.0	1089
Ga0393525_08_3489_4208	CP000239.1:1941565-1942258|CDS|CYA_1929	95.094	693	34	0	28	720	1	693	0.0	1097
Ga0393525_08_3489_4208	CP000240.1:115839-116520|CDS|CYB_0100	82.116	671	116	2	52	720	13	681	0.0	664
Ga0393525_08_4256_4534	CP000239.1:1941212-1941491|CDS|CYA_1927	100.000	279	0	0	1	279	1	279	1.80e-143	504
Ga0393525_08_4256_4534	CP000240.1:115466-115760|CDS|CYB_0098	83.582	268	44	0	10	277	25	292	8.77e-78	286
Ga0393525_08_4774_6723	CP000239.1:1938846-1940973|CDS|CYA_1926	98.821	1950	23	0	1	1950	178	2127	0.0	3414
Ga0393525_08_4774_6723	CP000240.1:112531-114667|CDS|CYB_0096	86.975	1927	248	1	2	1928	191	2114	0.0	2342
Ga0393525_08_6968_8899	CP000239.1:1936844-1938779|CDS|CYA_1925	91.266	1935	166	1	1	1932	1	1935	0.0	2727
Ga0393525_08_6968_8899	CP000240.1:2121154-2123083|CDS|CYB_2016	85.310	1906	277	1	1	1903	1	1906	0.0	2174
Ga0393525_08_9035_10084	CP000239.1:1927377-1928427|CDS|CYA_1917	98.571	1050	15	0	1	1050	1	1050	0.0	1827
Ga0393525_08_9035_10084	CP000240.1:2113997-2115062|CDS|CYB_2008	85.770	1033	147	0	1	1033	1	1033	0.0	1201
Ga0393525_08_10161_11195	CP000239.1:1926266-1927301|CDS|CYA_1916	100.000	1035	0	0	1	1035	1	1035	0.0	1867
Ga0393525_08_10161_11195	CP000240.1:2111974-2113009|CDS|CYB_2006	87.562	1005	125	0	1	1005	1	1005	0.0	1250
Ga0393525_08_11565_13172	CP000239.1:1924289-1925897|CDS|CYA_1915	99.813	1608	3	0	1	1608	1	1608	0.0	2887
Ga0393525_08_11565_13172	CP000240.1:2109128-2110733|CDS|CYB_2004	89.862	1598	160	2	1	1597	1	1597	0.0	2145
Ga0393525_08_13246_13617	CP000239.1:1921738-1922380|CDS|CYA_1912	98.656	372	5	0	1	372	271	642	0.0	649
Ga0393525_08_13246_13617	CP000240.1:2108475-2109072|CDS|CYB_2003	88.462	312	36	0	1	312	271	582	2.15e-112	401
Ga0393525_09_90_419	CP000239.1:2741782-2742499|CDS|CYA_2726	98.485	330	5	0	1	330	388	717	5.08e-164	573
Ga0393525_09_90_419	CP000240.1:1049216-1049963|CDS|CYB_1009	80.665	331	55	4	1	328	421	745	1.67e-81	299
Ga0393525_09_668_865	CP000239.1:2737202-2738195|CDS|CYA_2718	100.000	198	0	0	1	198	796	993	1.16e-99	358
Ga0393525_09_668_865	CP000240.1:1852690-1853497|CDS|CYB_1768	81.988	161	29	0	4	164	613	773	6.01e-40	160
Ga0393525_09_912_1136	CP000239.1:2736916-2737156|CDS|CYA_2717	100.000	225	0	0	1	225	16	240	2.94e-114	407
Ga0393525_09_912_1136	CP000240.1:1853532-1853763|CDS|CYB_1769	80.952	231	38	1	1	225	1	231	8.44e-58	220
Ga0393525_09_1249_1599	CP000239.1:2736468-2736819|CDS|CYA_2716	100.000	351	0	0	1	351	1	351	0.0	634
Ga0393525_09_1249_1599	CP000240.1:1757982-1758333|CDS|CYB_1682	84.639	332	51	0	1	332	1	332	1.19e-102	370
Ga0393525_09_1868_3265	CP000239.1:2734802-2736242|CDS|CYA_2715	99.857	1398	2	0	1	1398	43	1440	0.0	2513
Ga0393525_09_1868_3265	CP000240.1:1756308-1757748|CDS|CYB_1680	86.801	1394	175	3	2	1392	44	1431	0.0	1680
Ga0393525_09_3306_6443	CP000239.1:2731624-2734870|CDS|CYA_2714	99.936	3138	2	0	1	3138	109	3246	0.0	5651
Ga0393525_09_6626_7270	CP000239.1:2730797-2731442|CDS|CYA_2713	97.674	645	15	0	1	645	1	645	0.0	1096
Ga0393525_09_6626_7270	CP000240.1:1951690-1952341|CDS|CYB_1868	84.087	641	96	1	1	635	1	641	0.0	698
Ga0393525_09_7389_7604	CP000239.1:2730463-2730679|CDS|CYA_2712	100.000	216	0	0	1	216	1	216	2.16e-109	390
Ga0393525_09_7389_7604	CP000240.1:1952457-1952673|CDS|CYB_1869	79.724	217	42	2	1	216	1	216	4.77e-48	187
Ga0393525_09_7628_8482	CP000239.1:2729585-2730440|CDS|CYA_2711	100.000	855	0	0	1	855	1	855	0.0	1543
Ga0393525_09_7628_8482	CP000240.1:1952697-1953552|CDS|CYB_1870	88.889	855	95	0	1	855	1	855	0.0	1114
Ga0393525_09_8646_9659	CP000239.1:2727384-2728404|CDS|CYA_2708	99.606	1014	4	0	1	1014	7	1020	0.0	1811
Ga0393525_09_8646_9659	CP000240.1:1953692-1954718|CDS|CYB_1871	88.363	1014	118	0	1	1014	13	1026	0.0	1297
Ga0393525_09_10023_11009	CP000239.1:2726040-2726886|CDS|CYA_2706	99.764	846	2	0	142	987	1	846	0.0	1517
Ga0393525_09_10023_11009	CP000240.1:1956263-1957358|CDS|CYB_1873	83.367	986	164	0	1	986	109	1094	0.0	1040
Ga0393525_09_11083_11217	CP000239.1:2725832-2725967|CDS|CYA_2705	100.000	135	0	0	1	135	1	135	1.19e-65	244
Ga0393525_10_830_1567	CP000239.1:982539-983253|CDS|CYA_0971	100.000	714	0	0	25	738	1	714	0.0	1288
Ga0393525_10_830_1567	CP000240.1:3035333-3036047|CDS|CYB_2933	86.338	710	97	0	25	734	1	710	0.0	844
Ga0393525_10_1679_3382	CP000239.1:983429-985091|CDS|CYA_0972	99.759	1663	3	1	1	1663	1	1662	0.0	2978
Ga0393525_10_1679_3382	CP000240.1:3033491-3035153|CDS|CYB_2932	85.087	1663	247	1	1	1663	1	1662	0.0	1878
Ga0393525_10_3446_4666	CP000239.1:985154-986375|CDS|CYA_0973	99.918	1221	1	0	1	1221	1	1221	0.0	2198
Ga0393525_10_3446_4666	CP000240.1:3032230-3033451|CDS|CYB_2931	90.663	1221	114	0	1	1221	1	1221	0.0	1689
Ga0393525_10_4730_5173	CP000239.1:986438-987371|CDS|CYA_0974	99.550	444	2	0	1	444	490	933	0.0	792
Ga0393525_10_4730_5173	CP000240.1:3031216-3032143|CDS|CYB_2930	81.490	443	80	2	1	442	484	925	7.94e-119	423
Ga0393525_10_5805_7364	CP000239.1:987513-989007|CDS|CYA_0975	99.933	1494	1	0	67	1560	1	1494	0.0	2691
Ga0393525_10_5805_7364	CP000240.1:3029342-3031082|CDS|CYB_2929	86.100	1482	192	4	1	1469	1	1481	0.0	1739
Ga0393525_10_7515_8555	CP000239.1:989223-990264|CDS|CYA_0976	99.808	1041	2	0	1	1041	1	1041	0.0	1869
Ga0393525_10_7515_8555	CP000240.1:3028127-3029168|CDS|CYB_2928	87.608	1041	129	0	1	1041	1	1041	0.0	1297
Ga0393525_10_8637_10442	CP000239.1:990345-992028|CDS|CYA_0977	99.941	1683	1	0	124	1806	1	1683	0.0	3031
Ga0393525_10_8637_10442	CP000240.1:3026348-3028034|CDS|CYB_2927	85.063	1667	249	0	128	1794	2	1668	0.0	1884
Ga0393525_10_10814_11938	CP000239.1:992522-993647|CDS|CYA_0978	99.822	1125	2	0	1	1125	1	1125	0.0	2021
Ga0393525_10_10814_11938	CP000240.1:3024714-3025836|CDS|CYB_2926	80.283	1131	208	10	1	1125	1	1122	0.0	1003
Ga0393525_10_11950_12066	CP000239.1:993658-993928|CDS|CYA_0979	99.145	117	1	0	1	117	154	270	2.51e-54	207
Ga0393525_10_11950_12066	CP000240.1:2806083-2806359|CDS|CYB_2713	80.899	89	17	0	1	89	154	242	2.06e-17	85.1
Ga0393525_10_12022_12234	CP000239.1:993658-993928|CDS|CYA_0979	99.495	198	1	0	1	198	198	1	5.34e-98	353
Ga0393525_10_12022_12234	CP000240.1:2806083-2806359|CDS|CYB_2713	81.218	197	37	0	2	198	197	1	1.34e-48	189
Ga0393525_11_270_1079	CP000239.1:1964217-1965027|CDS|CYA_1953	99.753	810	2	0	1	810	1	810	0.0	1452
Ga0393525_11_270_1079	CP000240.1:2879808-2880639|CDS|CYB_2783	83.265	735	119	3	35	767	35	767	0.0	762
Ga0393525_11_1514_1957	CP000239.1:1963339-1963903|CDS|CYA_1951	100.000	444	0	0	1	444	121	564	0.0	801
Ga0393525_11_1514_1957	CP000240.1:152925-153597|CDS|CYB_0138	83.166	398	67	0	1	398	211	608	1.18e-116	416
Ga0393525_11_1961_2398	CP000239.1:1962898-1963336|CDS|CYA_1950	99.772	438	1	0	1	438	1	438	0.0	786
Ga0393525_11_1961_2398	CP000240.1:153599-154037|CDS|CYB_0139	81.093	439	81	2	1	438	1	438	4.94e-115	411
Ga0393525_11_2430_3017	CP000239.1:1962279-1962861|CDS|CYA_1949	100.000	582	0	0	7	588	1	582	0.0	1050
Ga0393525_11_2430_3017	CP000240.1:154074-154656|CDS|CYB_0140	83.993	581	93	0	7	587	1	581	1.38e-180	629
Ga0393525_11_3055_4713	CP000239.1:1960583-1962242|CDS|CYA_1948	100.000	1659	0	0	1	1659	1	1659	0.0	2993
Ga0393525_11_3055_4713	CP000240.1:154701-156357|CDS|CYB_0141	84.508	1646	255	0	7	1652	4	1649	0.0	1819
Ga0393525_11_4972_5463_DR1	CP000239.1:1860048-1860273|CDS|CYA_1856	97.222	36	1	0	1	36	52	87	3.97e-11	61.7
Ga0393525_11_4972_5463_DR2	CP000239.1:1860048-1860273|CDS|CYA_1856	97.222	36	1	0	1	36	52	87	3.97e-11	61.7
Ga0393525_11_4972_5463_DR3	CP000239.1:1860048-1860273|CDS|CYA_1856	97.222	36	1	0	1	36	52	87	3.97e-11	61.7
Ga0393525_11_4972_5463_DR5	CP000239.1:1860048-1860273|CDS|CYA_1856	97.222	36	1	0	1	36	52	87	3.97e-11	61.7
Ga0393525_11_4972_5463_DR7	CP000239.1:1958779-1960201|CDS|CYA_1947	100.000	36	0	0	1	36	1398	1363	9.34e-13	66.2
Ga0393525_11_6832_7317	CP000239.1:1958287-1958773|CDS|CYA_1946	100.000	486	0	0	1	486	1	486	0.0	877
Ga0393525_11_6832_7317	CP000240.1:844278-844764|CDS|CYB_0815	82.316	475	84	0	1	475	1	475	1.29e-135	479
Ga0393525_11_7497_8366	CP000239.1:1957238-1958108|CDS|CYA_1945	98.507	871	11	2	1	870	1	870	0.0	1506
Ga0393525_11_7497_8366	CP000240.1:652536-653388|CDS|CYB_0642	82.360	839	148	0	1	839	1	839	0.0	847
Ga0393525_11_8584_10866	CP000239.1:1954757-1957040|CDS|CYA_1944	99.693	2283	7	0	1	2283	1	2283	0.0	4086
Ga0393525_11_8584_10866	CP000240.1:1617329-1619612|CDS|CYB_1543	85.483	2287	324	4	1	2283	1	2283	0.0	2617
Ga0393525_11_10961_11545	CP000239.1:1954078-1954609|CDS|CYA_1943	100.000	531	0	0	55	585	1	531	0.0	958
Ga0393525_11_10961_11545	CP000240.1:142154-142679|CDS|CYB_0129	85.714	525	75	0	61	585	1	525	1.29e-174	609
Ga0393525_12_61_1344	CP000239.1:1000283-1001570|CDS|CYA_0986	93.473	1287	81	1	1	1284	1	1287	0.0	1941
Ga0393525_12_61_1344	CP000240.1:351714-352995|CDS|CYB_0334	89.510	1287	126	2	1	1284	1	1281	0.0	1712
Ga0393525_12_2287_2595	CP000239.1:1001744-1002821|CDS|CYA_0989	100.000	309	0	0	1	309	769	1077	1.04e-159	558
Ga0393525_12_2287_2595	CP000240.1:353346-354255|CDS|CYB_0335	85.333	300	42	2	1	299	601	899	6.18e-93	336
Ga0393525_12_2708_3826	CP000239.1:1002933-1004052|CDS|CYA_0990	94.286	1120	62	2	1	1119	1	1119	0.0	1725
Ga0393525_12_2708_3826	CP000240.1:354382-355504|CDS|CYB_0336	88.324	1122	128	1	1	1119	1	1122	0.0	1432
Ga0393525_12_4083_4907	CP000239.1:1004331-1005240|CDS|CYA_0991	97.573	824	20	0	2	825	86	909	0.0	1397
Ga0393525_12_4083_4907	CP000240.1:355764-356694|CDS|CYB_0337	85.609	813	117	0	10	822	112	924	0.0	939
Ga0393525_12_4928_6049	CP000239.1:1005260-1006382|CDS|CYA_0992	99.643	1122	4	0	1	1122	1	1122	0.0	2006
Ga0393525_12_4928_6049	CP000240.1:356718-357846|CDS|CYB_0338	86.002	1093	153	0	11	1103	17	1109	0.0	1282
Ga0393525_12_6299_7417	CP000239.1:1006631-1007750|CDS|CYA_0993	99.821	1119	2	0	1	1119	1	1119	0.0	2010
Ga0393525_12_6299_7417	CP000240.1:499935-501054|CDS|CYB_0487	84.361	1119	175	0	1	1119	1	1119	0.0	1230
Ga0393525_12_7481_8185	CP000239.1:1007813-1008518|CDS|CYA_0994	100.000	705	0	0	1	705	1	705	0.0	1272
Ga0393525_12_7481_8185	CP000240.1:499167-499875|CDS|CYB_0486	81.294	711	124	2	1	705	1	708	0.0	682
Ga0393525_12_8185_8868	CP000239.1:1008517-1009240|CDS|CYA_0995	94.853	680	35	0	1	680	1	680	0.0	1069
Ga0393525_12_8185_8868	CP000240.1:498466-499168|CDS|CYB_0485	78.529	680	146	0	1	680	1	680	1.33e-162	569
Ga0393525_12_9876_11279	CP000240.1:496113-498204|CDS|CYB_0484	98.148	1404	26	0	1	1404	688	2091	0.0	2415
Ga0393525_12_11473_12039	CP000240.1:495353-495920|CDS|CYB_0483	95.767	567	24	0	1	567	1	567	0.0	915
Ga0393525_12_11473_12039	CP000239.1:1014351-1014918|CDS|CYA_1001	90.476	567	54	0	1	567	1	567	0.0	780
Ga0393525_13_76_1191	CP000239.1:2192865-2193981|CDS|CYA_2177	95.341	1116	52	0	1	1116	1	1116	0.0	1779
Ga0393525_13_76_1191	CP000240.1:534373-535513|CDS|CYB_0519	84.220	1109	175	0	1	1109	25	1133	0.0	1212
Ga0393525_13_2463_3473	CP000239.1:2195309-2196320|CDS|CYA_2179	100.000	1011	0	0	1	1011	1	1011	0.0	1824
Ga0393525_13_2463_3473	CP000240.1:2417062-2418073|CDS|CYB_2306	86.152	1011	140	0	1	1011	1	1011	0.0	1193
Ga0393525_13_3719_4549	CP000239.1:2196565-2197444|CDS|CYA_2180	99.759	831	2	0	1	831	49	879	0.0	1490
Ga0393525_13_3719_4549	CP000240.1:374261-375125|CDS|CYB_0359	83.313	803	134	0	1	803	49	851	0.0	845
Ga0393525_13_4748_6547	CP000239.1:2197594-2199466|CDS|CYA_2181	100.000	1800	0	0	1	1800	73	1872	0.0	3247
Ga0393525_13_4748_6547	CP000240.1:375307-377185|CDS|CYB_0360	81.657	1750	292	10	58	1791	139	1875	0.0	1691
Ga0393525_13_6764_7882	CP000239.1:2199574-2200729|CDS|CYA_2182	99.911	1119	1	0	1	1119	37	1155	0.0	2014
Ga0393525_13_6764_7882	CP000240.1:377265-378450|CDS|CYB_0361	75.162	1079	257	6	12	1083	69	1143	0.0	721
Ga0393525_13_7938_10229	CP000239.1:2200784-2203076|CDS|CYA_2183	99.782	2292	5	0	1	2292	1	2292	0.0	4112
Ga0393525_13_7938_10229	CP000240.1:1479695-1481996|CDS|CYB_1412	79.487	2301	446	11	1	2282	1	2294	0.0	1996
Ga0393525_13_10526_11860	CP000239.1:2203377-2204712|CDS|CYA_2184	99.850	1335	2	0	1	1335	1	1335	0.0	2399
Ga0393525_13_10526_11860	CP000240.1:1478036-1479386|CDS|CYB_1410	85.224	1340	183	3	1	1325	1	1340	0.0	1525
Ga0393525_13_11886_12392	CP000239.1:2204737-2205343|CDS|CYA_2185	100.000	507	0	0	1	507	100	606	0.0	915
Ga0393525_13_11886_12392	CP000240.1:1477420-1478002|CDS|CYB_1409	84.980	506	76	0	1	506	76	581	2.79e-163	571
Ga0393525_14_1965_2438	CP000239.1:594943-595468|CDS|CYA_0583	100.000	474	0	0	1	474	52	525	0.0	856
Ga0393525_14_1965_2438	CP000240.1:77356-77884|CDS|CYB_0065	87.764	474	58	0	1	474	55	528	2.28e-170	594
Ga0393525_14_2637_3623	CP000239.1:595615-596602|CDS|CYA_0584	99.189	987	8	0	1	987	1	987	0.0	1745
Ga0393525_14_2637_3623	CP000240.1:78034-79021|CDS|CYB_0066	89.169	951	103	0	1	951	1	951	0.0	1251
Ga0393525_14_3669_3791	CP000239.1:596647-597418|CDS|CYA_0585	100.000	93	0	0	31	123	679	771	6.70e-43	168
Ga0393525_14_3669_3791	CP000240.1:79073-79838|CDS|CYB_0067	83.871	93	9	1	31	123	679	765	8.17e-23	102
Ga0393525_14_4313_4963	CP000239.1:597477-598887|CDS|CYA_0586	89.764	635	44	1	1	635	781	1394	0.0	867
Ga0393525_14_4313_4963	CP000240.1:79886-81374|CDS|CYB_0068	85.827	635	69	1	1	635	859	1472	0.0	755
Ga0393525_14_4945_5745	CP000239.1:597477-598887|CDS|CYA_0586	88.514	801	90	1	1	801	1	799	0.0	1028
Ga0393525_14_4945_5745	CP000240.1:79886-81374|CDS|CYB_0068	88.265	801	92	1	1	801	79	877	0.0	1019
Ga0393525_14_5922_6206	CP000239.1:599118-599403|CDS|CYA_0587	97.895	285	6	0	1	285	1	285	1.42e-138	488
Ga0393525_14_5922_6206	CP000240.1:81527-81812|CDS|CYB_0069	90.526	285	27	0	1	285	1	285	8.40e-110	393
Ga0393525_14_6230_6844	CP000239.1:599456-600041|CDS|CYA_0588	99.658	585	2	0	31	615	1	585	0.0	1047
Ga0393525_14_6230_6844	CP000240.1:81870-82455|CDS|CYB_0070	84.240	533	84	0	31	563	1	533	5.41e-167	583
Ga0393525_14_6879_8063	CP000239.1:600075-601260|CDS|CYA_0589	98.059	1185	23	0	1	1185	1	1185	0.0	2034
Ga0393525_14_6879_8063	CP000240.1:82504-83689|CDS|CYB_0071	85.569	1178	164	2	11	1185	11	1185	0.0	1355
Ga0393525_14_8179_8967	CP000239.1:601420-602164|CDS|CYA_0590	96.505	744	26	0	46	789	1	744	0.0	1225
Ga0393525_14_8179_8967	CP000240.1:83849-84548|CDS|CYB_0072	82.930	744	82	1	46	789	1	699	0.0	806
Ga0393525_15_199_1290	CP000239.1:2719953-2721045|CDS|CYA_2703	99.817	1092	2	0	1	1092	1	1092	0.0	1961
Ga0393525_15_199_1290	CP000240.1:1308297-1309389|CDS|CYB_1254	88.919	1092	121	0	1	1092	1	1092	0.0	1425
Ga0393525_15_1337_2818	CP000239.1:2718425-2719907|CDS|CYA_2702	97.976	1482	30	0	1	1482	1	1482	0.0	2538
Ga0393525_15_1337_2818	CP000240.1:1309436-1310912|CDS|CYB_1255	87.256	1483	177	5	1	1480	1	1474	0.0	1811
Ga0393525_15_2821_4776	CP000240.1:1310953-1312915|CDS|CYB_1256	86.687	1953	254	3	10	1956	10	1962	0.0	2342
Ga0393525_15_4819_5958	CP000239.1:2715284-2716424|CDS|CYA_2700	99.912	1140	1	0	1	1140	1	1140	0.0	2052
Ga0393525_15_4819_5958	CP000240.1:1314363-1315503|CDS|CYB_1258	84.825	1140	173	0	1	1140	1	1140	0.0	1277
Ga0393525_15_6176_6868	CP000239.1:2714419-2715112|CDS|CYA_2699	99.856	693	1	0	1	693	1	693	0.0	1246
Ga0393525_15_6176_6868	CP000240.1:186761-187454|CDS|CYB_0174	85.051	689	103	0	1	689	1	689	0.0	779
Ga0393525_15_7201_7395	CP000239.1:455920-457171|CDS|CYA_0436	74.899	247	10	1	1	195	970	1216	1.30e-54	209
Ga0393525_15_7448_7714	CP000239.1:455920-457171|CDS|CYA_0436	82.594	293	25	3	1	267	917	625	7.33e-85	309
Ga0393525_15_8527_9060	CP000239.1:2712108-2712762|CDS|CYA_2697	100.000	534	0	0	1	534	121	654	0.0	964
Ga0393525_15_8527_9060	CP000240.1:68550-69216|CDS|CYB_0056	85.825	515	73	0	1	515	127	641	6.07e-172	600
Ga0393525_15_9275_9544	CP000239.1:2711744-2712014|CDS|CYA_2696	99.630	270	1	0	1	270	1	270	5.69e-137	483
Ga0393525_15_9275_9544	CP000240.1:68198-68468|CDS|CYB_0055	85.075	268	40	0	1	268	1	268	3.15e-83	304
Ga0393525_16_862_1560	CP000239.1:2814556-2815450|CDS|CYA_2795	99.857	699	1	0	1	699	196	894	0.0	1257
Ga0393525_16_862_1560	CP000240.1:1003216-1004071|CDS|CYB_0967	82.251	693	109	4	1	692	172	851	0.0	691
Ga0393525_16_2211_3110	CP000239.1:2812904-2814101|CDS|CYA_2794	99.889	900	1	0	1	900	298	1197	0.0	1619
Ga0393525_16_2211_3110	CP000240.1:203164-204388|CDS|CYB_0190	85.499	862	111	3	1	849	298	1158	0.0	991
Ga0393525_16_3633_4358	CP000239.1:2811954-2812680|CDS|CYA_2793	99.725	726	2	0	1	726	1	726	0.0	1301
Ga0393525_16_3633_4358	CP000240.1:202190-202922|CDS|CYB_0189	84.426	732	108	1	1	726	1	732	0.0	808
Ga0393525_16_4482_5171	CP000239.1:2811141-2811831|CDS|CYA_2792	99.710	690	2	0	1	690	1	690	0.0	1236
Ga0393525_16_4482_5171	CP000240.1:201388-202078|CDS|CYB_0188	80.987	689	131	0	1	689	1	689	0.0	653
Ga0393525_16_5686_6780	CP000239.1:2809532-2810900|CDS|CYA_2791	100.000	1095	0	0	1	1095	274	1368	0.0	1975
Ga0393525_16_5686_6780	CP000240.1:199787-201146|CDS|CYB_0187	86.835	1071	141	0	23	1093	287	1357	0.0	1297
Ga0393525_16_6968_7453	CP000239.1:2808859-2809345|CDS|CYA_2790	99.794	486	1	0	1	486	1	486	0.0	873
Ga0393525_16_6968_7453	CP000240.1:199110-199596|CDS|CYB_0186	86.420	486	66	0	1	486	1	486	5.15e-166	580
Ga0393525_16_7520_8200	CP000239.1:2808112-2808793|CDS|CYA_2789	99.706	681	2	0	1	681	1	681	0.0	1220
Ga0393525_16_7520_8200	CP000240.1:198422-199106|CDS|CYB_0185	82.344	691	105	5	1	681	1	684	0.0	690
Ga0393525_16_8289_8564	CP000239.1:2807748-2808024|CDS|CYA_2788	100.000	276	0	0	1	276	1	276	7.58e-142	499
Ga0393525_16_8289_8564	CP000240.1:198054-198330|CDS|CYB_0184	87.681	276	34	0	1	276	1	276	1.06e-95	345
Ga0393525_17_2_193	CP000239.1:1810514-1811885|CDS|CYA_1809	99.359	156	1	0	1	156	67	222	3.00e-75	278
Ga0393525_17_2_193	CP000240.1:388292-389735|CDS|CYB_0373	78.523	149	32	0	1	149	67	215	1.20e-29	125
Ga0393525_17_226_1350	CP000239.1:1808787-1809849|CDS|CYA_1807	99.623	1062	4	0	64	1125	1	1062	0.0	1898
Ga0393525_17_1360_1683	CP000239.1:1807824-1808778|CDS|CYA_1806	99.691	324	1	0	1	324	631	954	3.36e-166	581
Ga0393525_17_1762_2313	CP000239.1:1807824-1808778|CDS|CYA_1806	99.274	551	4	0	1	551	1	551	0.0	976
Ga0393525_17_1762_2313	CP000240.1:1902973-1903831|CDS|CYB_1817	74.530	479	113	1	1	470	1	479	3.06e-87	318
Ga0393525_17_2507_3103	CP000239.1:1807061-1807631|CDS|CYA_1805	100.000	570	0	0	28	597	1	570	0.0	1029
Ga0393525_17_2507_3103	CP000240.1:2489432-2489963|CDS|CYB_2387	78.131	535	109	5	67	597	1	531	1.08e-118	423
Ga0393525_17_3201_4109	CP000239.1:1806028-1806937|CDS|CYA_1804	99.890	909	1	0	1	909	1	909	0.0	1636
Ga0393525_17_3201_4109	CP000240.1:2490126-2491011|CDS|CYB_2388	79.956	908	158	2	1	908	1	884	0.0	830
Ga0393525_17_4416_4994	CP000239.1:1805068-1805722|CDS|CYA_1803	99.827	579	1	0	1	579	76	654	0.0	1040
Ga0393525_17_4416_4994	CP000240.1:2491281-2491971|CDS|CYB_2389	83.421	573	95	0	3	575	108	680	1.55e-173	606
Ga0393525_17_5429_6316	CP000239.1:1803821-1804709|CDS|CYA_1802	99.887	888	1	0	1	888	1	888	0.0	1598
Ga0393525_17_5429_6316	CP000240.1:2641935-2642823|CDS|CYB_2536	83.908	870	138	2	16	884	16	884	0.0	931
Ga0393525_17_6324_7442	CP000239.1:1802689-1803814|CDS|CYA_1801	98.844	1125	7	1	1	1119	1	1125	0.0	1972
Ga0393525_17_7540_8028	CP000239.1:1800808-1802608|CDS|CYA_1800	95.501	489	22	0	1	489	1312	1800	0.0	783
Ga0393525_17_7540_8028	CP000240.1:2638663-2640514|CDS|CYB_2534	84.388	474	74	0	1	474	1312	1785	1.22e-148	522
Ga0393525_18_474_989	CP000239.1:471064-471580|CDS|CYA_0454	100.000	516	0	0	1	516	1	516	0.0	931
Ga0393525_18_474_989	CP000240.1:2353109-2353625|CDS|CYB_2248	85.465	516	75	0	1	516	1	516	8.69e-170	593
Ga0393525_18_1389_1784	CP000239.1:471901-472375|CDS|CYA_0456	99.747	396	1	0	1	396	79	474	0.0	710
Ga0393525_18_1389_1784	CP000240.1:2352337-2352808|CDS|CYB_2246	88.889	396	41	1	1	396	79	471	1.45e-146	515
Ga0393525_18_1944_3311	CP000239.1:472534-473902|CDS|CYA_0457	100.000	1368	0	0	1	1368	1	1368	0.0	2468
Ga0393525_18_1944_3311	CP000240.1:2350828-2352202|CDS|CYB_2245	89.116	1369	143	2	1	1363	1	1369	0.0	1794
Ga0393525_18_3415_4014	CP000239.1:473957-474605|CDS|CYA_0458	99.667	600	2	0	1	600	49	648	0.0	1074
Ga0393525_18_3415_4014	CP000240.1:232757-233405|CDS|CYB_0223	85.497	593	86	0	1	593	49	641	0.0	682
Ga0393525_18_4156_5016	CP000239.1:474746-475817|CDS|CYA_0459	100.000	861	0	0	1	861	211	1071	0.0	1553
Ga0393525_18_4156_5016	CP000240.1:233531-234650|CDS|CYB_0224	87.112	838	108	0	1	838	259	1096	0.0	1025
Ga0393525_18_5675_6349	CP000239.1:476310-476940|CDS|CYA_0461	98.571	630	9	0	46	675	1	630	0.0	1096
Ga0393525_18_5675_6349	CP000240.1:234764-235391|CDS|CYB_0225	79.934	608	122	0	68	675	20	627	4.29e-156	547
Ga0393525_18_6383_7270	CP000239.1:476946-477861|CDS|CYA_0462	98.423	888	14	0	1	888	28	915	0.0	1539
Ga0393525_18_6383_7270	CP000240.1:235397-236291|CDS|CYB_0226	77.391	920	121	6	1	887	28	893	0.0	774
Ga0393525_19_212_1927	CP000239.1:2440021-2441761|CDS|CYA_2432	99.709	1716	5	0	1	1716	25	1740	0.0	3073
Ga0393525_19_212_1927	CP000240.1:1568891-1570619|CDS|CYB_1493	88.773	1728	182	2	1	1716	1	1728	0.0	2244
Ga0393525_19_2233_3870	CP000239.1:2438015-2439716|CDS|CYA_2431	99.939	1638	1	0	1	1638	64	1701	0.0	2950
Ga0393525_19_2233_3870	CP000240.1:1570637-1572323|CDS|CYB_1494	85.443	1635	221	3	1	1634	64	1682	0.0	1878
Ga0393525_19_4273_4965	CP000239.1:2441938-2443750|CDS|CYA_2433	97.835	693	15	0	1	693	1120	1812	0.0	1183
Ga0393525_19_4273_4965	CP000240.1:1566887-1568699|CDS|CYB_1492	87.013	693	90	0	1	693	1120	1812	0.0	845
Ga0393525_19_5087_6676	CP000239.1:2447527-2449129|CDS|CYA_2436	99.173	1571	13	0	1	1571	1	1571	0.0	2775
Ga0393525_19_5087_6676	CP000240.1:1564555-1566151|CDS|CYB_1490	89.279	1567	168	0	7	1573	1	1567	0.0	2069
Ga0393525_19_6832_7518	CP000239.1:2449284-2449941|CDS|CYA_2438	99.696	657	2	0	31	687	1	657	0.0	1177
Ga0393525_19_6832_7518	CP000240.1:1562863-1563481|CDS|CYB_1487	83.447	586	97	0	31	616	1	586	8.42e-178	620
Ga0393525_20_146_571	CP000239.1:1986509-1988141|CDS|CYA_1969	98.913	368	3	1	1	368	1	367	0.0	643
Ga0393525_20_146_571	CP000240.1:2413979-2415611|CDS|CYB_2304	85.359	362	52	1	1	362	1	361	4.79e-115	411
Ga0393525_20_649_5358	CP000239.1:1981722-1986432|CDS|CYA_1968	98.174	4710	86	0	1	4710	1	4710	0.0	8107
Ga0393525_20_649_5358	CP000240.1:2233526-2238314|CDS|CYB_2140	83.653	4790	701	16	1	4710	1	4788	0.0	5111
Ga0393525_20_5431_6657	CP000239.1:1980444-1981671|CDS|CYA_1967	94.377	1227	69	0	1	1227	1	1227	0.0	1902
Ga0393525_20_5431_6657	CP000240.1:2238426-2239653|CDS|CYB_2141	92.176	1227	96	0	1	1227	1	1227	0.0	1781
Ga0393525_21_3413_3526	CP000239.1:1032527-1033253|CDS|CYA_1013	76.923	104	24	0	2	105	617	720	2.43e-16	80.6
Ga0393525_22_103_666	CP000239.1:2497672-2498335|CDS|CYA_2486	91.123	552	49	0	1	552	100	651	0.0	775
Ga0393525_22_103_666	CP000240.1:2189703-2190357|CDS|CYB_2093	83.152	552	93	0	1	552	100	651	7.33e-165	577
Ga0393525_22_780_1019	CP000239.1:2498349-2498589|CDS|CYA_2487	100.000	240	0	0	1	240	1	240	2.27e-122	434
Ga0393525_22_780_1019	CP000240.1:2190369-2190609|CDS|CYB_2094	88.333	240	28	0	1	240	1	240	2.28e-84	307
Ga0393525_22_1855_2640	CP000239.1:2499424-2500210|CDS|CYA_2489	100.000	786	0	0	1	786	1	786	0.0	1418
Ga0393525_22_1855_2640	CP000240.1:717482-718268|CDS|CYB_0701	85.513	780	113	0	1	780	1	780	0.0	898
Ga0393525_22_3121_3870	CP000239.1:2500690-2501431|CDS|CYA_2492	99.593	738	3	0	1	738	1	738	0.0	1318
Ga0393525_22_3121_3870	CP000240.1:716329-717079|CDS|CYB_0698	86.533	750	101	0	1	750	1	750	0.0	898
Ga0393525_22_3877_4749	CP000239.1:2501427-2502273|CDS|CYA_2491	99.882	846	1	0	28	873	1	846	0.0	1522
Ga0393525_22_3877_4749	CP000240.1:715472-716333|CDS|CYB_0699	89.032	775	84	1	99	872	86	860	0.0	1012
Ga0393525_22_5130_6062	CP000239.1:2502827-2503613|CDS|CYA_2493	99.746	786	2	0	148	933	1	786	0.0	1409
Ga0393525_22_5130_6062	CP000240.1:714106-715048|CDS|CYB_0696	85.032	942	132	2	1	933	1	942	0.0	1063
Ga0393525_22_6032_6850	CP000239.1:2503582-2504401|CDS|CYA_2494	100.000	819	0	0	1	819	1	819	0.0	1478
Ga0393525_22_6032_6850	CP000240.1:713300-714170|CDS|CYB_0695	81.562	781	107	3	1	756	34	802	0.0	780
Ga0393525_23_964_1821	CP000239.1:2633964-2634822|CDS|CYA_2617	99.650	858	3	0	1	858	1	858	0.0	1535
Ga0393525_23_964_1821	CP000240.1:2383317-2384169|CDS|CYB_2278	88.434	830	96	0	1	830	1	830	0.0	1065
Ga0393525_23_1850_3601	CP000239.1:2632184-2633936|CDS|CYA_2616	99.943	1752	1	0	1	1752	1	1752	0.0	3156
Ga0393525_23_1850_3601	CP000240.1:2381532-2383281|CDS|CYB_2276	85.967	1753	241	3	1	1752	1	1749	0.0	2044
Ga0393525_23_3928_4590	CP000240.1:2380543-2381206|CDS|CYB_2275	100.000	663	0	0	1	663	1	663	0.0	1196
Ga0393525_23_3928_4590	CP000239.1:2631195-2631858|CDS|CYA_2615	100.000	663	0	0	1	663	1	663	0.0	1196
Ga0393525_23_4833_5609	CP000240.1:2379524-2380301|CDS|CYB_2274	100.000	777	0	0	1	777	1	777	0.0	1402
Ga0393525_23_4833_5609	CP000239.1:2630176-2630953|CDS|CYA_2614	100.000	777	0	0	1	777	1	777	0.0	1402
Ga0393525_23_5609_5941	CP000240.1:2379192-2379525|CDS|CYB_2272	99.700	333	1	0	1	333	1	333	4.50e-171	597
Ga0393525_24_343_1401	CP000239.1:52801-53860|CDS|CYA_0055	99.717	1059	3	0	1	1059	1	1059	0.0	1897
Ga0393525_24_343_1401	CP000240.1:1222136-1223204|CDS|CYB_1184	83.661	1016	166	0	1	1016	1	1016	0.0	1085
Ga0393525_24_1520_4288	CP000239.1:53978-57464|CDS|CYA_0057	99.962	2610	1	0	1	2610	1	2610	0.0	4703
Ga0393525_24_1520_4288	CP000240.1:1218521-1222019|CDS|CYB_1183	87.897	2611	314	2	1	2610	1	2610	0.0	3278
Ga0393525_24_4454_5566	CP000239.1:49891-51004|CDS|CYA_0051	99.820	1113	2	0	1	1113	1	1113	0.0	1999
Ga0393525_24_4454_5566	CP000240.1:1223891-1225124|CDS|CYB_1186	85.575	1130	130	3	1	1097	97	1226	0.0	1320
Ga0393525_24_5621_6550	CP000239.1:48907-49837|CDS|CYA_0050	99.570	930	4	0	1	930	1	930	0.0	1660
Ga0393525_24_5621_6550	CP000240.1:1225171-1226113|CDS|CYB_1187	90.340	942	79	1	1	930	1	942	0.0	1296
Ga0393525_25_1873_2340	CP000240.1:705025-705457|CDS|CYB_0688	91.162	396	35	0	67	462	31	426	5.64e-159	557
Ga0393525_25_1873_2340	CP000239.1:2512197-2512599|CDS|CYA_2501	87.313	402	51	0	67	468	1	402	1.62e-140	496
Ga0393525_25_2561_4186	CP000240.1:705841-707362|CDS|CYB_0689	88.757	1521	156	1	121	1626	1	1521	0.0	1982
Ga0393525_25_2561_4186	CP000239.1:2510291-2511791|CDS|CYA_2500	88.519	1472	169	0	121	1592	1	1472	0.0	1893
Ga0393525_25_4183_5319	CP000239.1:2509158-2510295|CDS|CYA_2499	92.566	1130	84	0	8	1137	8	1137	0.0	1660
Ga0393525_25_4183_5319	CP000240.1:707358-708489|CDS|CYB_0690	90.268	1120	109	0	1	1120	1	1120	0.0	1529
Ga0393525_25_5396_6250	CP000239.1:2508230-2509130|CDS|CYA_2498	84.444	855	130	1	1	855	49	900	0.0	941
Ga0393525_25_5396_6250	CP000240.1:708583-709441|CDS|CYB_0691	82.554	791	138	0	63	853	66	856	0.0	805
Ga0393525_26_1150_1311	CP000240.1:2749353-2749542|CDS|CYB_2660	79.245	159	21	1	1	147	1	159	1.06e-35	145
Ga0393525_26_1150_1311	CP000239.1:2118940-2119129|CDS|CYA_2101	79.245	159	21	1	1	147	1	159	1.06e-35	145
Ga0393525_26_1412_1660	CP000239.1:2119222-2119831|CDS|CYA_2102	79.608	255	46	2	1	249	355	609	7.75e-59	223
Ga0393525_26_1412_1660	CP000240.1:2749613-2750246|CDS|CYB_2661	77.253	233	47	2	1	227	379	611	2.89e-45	178
Ga0393525_26_1604_1915	CP000239.1:2119222-2119831|CDS|CYA_2102	100.000	312	0	0	1	312	411	100	2.48e-161	563
Ga0393525_26_1604_1915	CP000240.1:2749613-2750246|CDS|CYB_2661	87.500	312	39	0	1	312	435	124	3.94e-108	388
Ga0393525_26_2161_3033	CP000239.1:2119977-2120823|CDS|CYA_2103	100.000	846	0	0	28	873	1	846	0.0	1526
Ga0393525_26_2161_3033	CP000240.1:2751213-2752080|CDS|CYB_2664	84.838	864	131	0	10	873	4	867	0.0	968
Ga0393525_26_3171_4115	CP000239.1:2120987-2121932|CDS|CYA_2104	100.000	945	0	0	1	945	1	945	0.0	1705
Ga0393525_26_3171_4115	CP000240.1:2752204-2753149|CDS|CYB_2665	86.645	906	121	0	1	906	1	906	0.0	1089
Ga0393525_26_4395_4769	CP000239.1:2122211-2122586|CDS|CYA_2105	100.000	375	0	0	1	375	1	375	0.0	677
Ga0393525_26_4395_4769	CP000240.1:2753409-2753784|CDS|CYB_2666	83.733	375	61	0	1	375	1	375	2.17e-112	402
Ga0393525_26_4852_5550	CP000239.1:2122668-2123367|CDS|CYA_2107	99.857	699	1	0	1	699	1	699	0.0	1257
Ga0393525_26_4852_5550	CP000240.1:2753885-2754590|CDS|CYB_2667	82.446	695	122	0	1	695	1	695	0.0	704
Ga0393525_27_749_952	CP000239.1:1341405-1341609|CDS|CYA_1326	100.000	204	0	0	1	204	1	204	6.62e-103	369
Ga0393525_27_749_952	CP000240.1:1442517-1442721|CDS|CYB_1373	89.500	200	21	0	1	200	1	200	5.81e-72	267
Ga0393525_27_1143_1274	CP000239.1:1341083-1341215|CDS|CYA_1325	100.000	132	0	0	1	132	1	132	4.91e-64	239
Ga0393525_27_1143_1274	CP000240.1:1442183-1442315|CDS|CYB_1372	90.000	130	13	0	1	130	1	130	4.92e-45	177
Ga0393525_27_1301_2170	CP000239.1:1340187-1341045|CDS|CYA_1324	94.256	853	49	0	13	865	1	853	0.0	1318
Ga0393525_27_1301_2170	CP000240.1:1441287-1442145|CDS|CYB_1371	91.036	859	75	2	13	870	1	858	0.0	1196
Ga0393525_27_2174_2818	CP000240.1:1440738-1441284|CDS|CYB_1370	99.634	546	2	0	100	645	1	546	0.0	976
Ga0393525_27_2174_2818	CP000239.1:1339536-1340181|CDS|CYA_1323	91.291	643	56	0	1	643	1	643	0.0	908
Ga0393525_27_2950_3513	CP000240.1:1439944-1440508|CDS|CYB_1369	98.582	564	8	0	1	564	1	564	0.0	982
Ga0393525_27_2950_3513	CP000239.1:1338792-1339422|CDS|CYA_1322	89.048	557	61	0	1	557	70	626	0.0	730
Ga0393525_27_3714_6059	CP000239.1:1336314-1338645|CDS|CYA_1321	99.185	2331	19	0	16	2346	1	2331	0.0	4119
Ga0393525_27_3714_6059	CP000240.1:1437379-1439743|CDS|CYB_1368	83.728	2366	363	7	1	2346	1	2364	0.0	2520
Ga0393525_29_1909_2154	CP000239.1:119456-119702|CDS|CYA_0127	100.000	246	0	0	1	246	1	246	1.29e-125	444
Ga0393525_29_1909_2154	CP000240.1:2871798-2872044|CDS|CYB_2776	74.590	244	62	0	1	244	1	244	2.19e-40	161
Ga0393525_29_2496_3800	CP000239.1:117810-119115|CDS|CYA_0126	100.000	1305	0	0	1	1305	1	1305	0.0	2354
Ga0393525_29_2496_3800	CP000240.1:2869974-2871279|CDS|CYB_2775	81.553	1301	240	0	1	1301	1	1301	0.0	1265
Ga0393525_29_3919_4170	CP000239.1:117440-117692|CDS|CYA_0125	99.603	252	1	0	1	252	1	252	3.12e-127	451
Ga0393525_29_3919_4170	CP000240.1:2869599-2869851|CDS|CYB_2774	88.446	251	29	0	1	251	1	251	1.09e-88	323
Ga0393525_29_4267_4452	CP000239.1:117158-117344|CDS|CYA_0124	100.000	186	0	0	1	186	1	186	3.52e-93	336
Ga0393525_29_4550_4726	CP000239.1:116884-117061|CDS|CYA_0123	100.000	177	0	0	1	177	1	177	2.56e-88	320
Ga0393525_29_4550_4726	CP000240.1:2869045-2869312|CDS|CYB_2772	87.425	167	21	0	1	167	91	257	4.06e-54	207
Ga0393525_29_4726_5052	CP000239.1:116558-116885|CDS|CYA_0122	100.000	327	0	0	1	327	1	327	1.88e-169	590
Ga0393525_29_4726_5052	CP000240.1:2868719-2869046|CDS|CYB_2771	83.681	288	47	0	1	288	1	288	3.19e-84	308
Ga0393525_29_5056_5367	CP000239.1:116243-116555|CDS|CYA_0121	100.000	312	0	0	1	312	1	312	2.48e-161	563
Ga0393525_29_5056_5367	CP000240.1:2868401-2868716|CDS|CYB_2770	85.609	271	39	0	1	271	1	271	7.13e-86	314
Ga0393525_30_936_1781	CP000239.1:2087285-2088311|CDS|CYA_2067	99.764	846	2	0	1	846	181	1026	0.0	1517
Ga0393525_30_936_1781	CP000240.1:2071776-2072670|CDS|CYB_1972	84.634	833	128	0	2	834	50	882	0.0	926
Ga0393525_30_2052_2417	CP000239.1:2088581-2088947|CDS|CYA_2069	99.727	366	1	0	1	366	1	366	0.0	656
Ga0393525_30_2052_2417	CP000240.1:654686-655052|CDS|CYB_0644	85.792	366	52	0	1	366	1	366	5.31e-120	426
Ga0393525_30_2492_2944	CP000239.1:2089021-2089474|CDS|CYA_2070	99.779	453	1	0	1	453	1	453	0.0	813
Ga0393525_30_2492_2944	CP000240.1:655132-655558|CDS|CYB_0645	77.704	453	74	3	1	453	1	426	1.29e-103	373
Ga0393525_30_3142_4617	CP000239.1:2089671-2091147|CDS|CYA_2071	99.593	1476	6	0	1	1476	1	1476	0.0	2636
Ga0393525_30_3142_4617	CP000240.1:656103-657579|CDS|CYB_0646	87.873	1476	179	0	1	1476	1	1476	0.0	1856
Ga0393525_31_219_1037	CP000239.1:780165-780984|CDS|CYA_0773	99.878	819	1	0	1	819	1	819	0.0	1473
Ga0393525_31_219_1037	CP000240.1:209502-210327|CDS|CYB_0196	84.494	761	115	1	1	758	1	761	0.0	839
Ga0393525_31_1082_1591	CP000239.1:781028-781538|CDS|CYA_0774	100.000	510	0	0	1	510	1	510	0.0	921
Ga0393525_31_1082_1591	CP000240.1:211181-211715|CDS|CYB_0199	88.115	488	58	0	1	488	1	488	6.17e-178	619
Ga0393525_31_1951_2400	CP000239.1:781897-782347|CDS|CYA_0776	99.333	450	3	0	1	450	1	450	0.0	799
Ga0393525_31_1951_2400	CP000240.1:212011-212446|CDS|CYB_0200	85.781	429	49	2	1	429	1	417	3.65e-142	501
Ga0393525_31_2577_2807	CP000240.1:212622-212853|CDS|CYB_0201	99.134	231	2	0	1	231	1	231	8.67e-115	408
Ga0393525_31_2577_2807	CP000239.1:783952-784174|CDS|CYA_0778	84.574	188	29	0	1	188	1	188	1.57e-54	209
Ga0393525_31_2930_4393	CP000239.1:784261-785701|CDS|CYA_0780	90.370	1433	138	0	1	1433	1	1433	0.0	1963
Ga0393525_31_2930_4393	CP000240.1:212975-214439|CDS|CYB_0202	88.509	1462	168	0	1	1462	1	1462	0.0	1880
Ga0393525_31_4521_5807	CP000239.1:785883-787233|CDS|CYA_0781	92.105	1292	96	2	2	1287	59	1350	0.0	1867
Ga0393525_31_4521_5807	CP000240.1:1242591-1243941|CDS|CYB_1198	91.537	1288	103	1	1	1282	58	1345	0.0	1833
Ga0393525_32_1_2739	CP000239.1:2337764-2340623|CDS|CYA_2333	92.689	2763	178	5	1	2739	97	2859	0.0	4072
Ga0393525_32_1_2739	CP000240.1:1588913-1592726|CDS|CYB_1515	80.948	2152	378	5	1	2130	97	2238	0.0	2039
Ga0393525_32_2736_4331	CP000239.1:2336151-2337768|CDS|CYA_2334	91.800	1561	116	3	48	1596	57	1617	0.0	2236
Ga0393525_32_2736_4331	CP000240.1:1592884-1594510|CDS|CYB_1516	76.283	1598	301	16	19	1562	28	1601	0.0	1172
Ga0393525_33_24_551	CP000240.1:800976-802446|CDS|CYB_0778	97.333	525	14	0	4	528	946	1470	0.0	884
Ga0393525_33_24_551	CP000239.1:267159-268629|CDS|CYA_0262	92.571	525	39	0	4	528	946	1470	0.0	772
Ga0393525_33_786_1787	CP000239.1:265864-266866|CDS|CYA_0261	94.511	1002	55	0	1	1002	1	1002	0.0	1560
Ga0393525_33_786_1787	CP000240.1:799725-800742|CDS|CYB_0777	90.246	1015	84	1	1	1000	1	1015	0.0	1394
Ga0393525_33_2217_2369	CP000239.1:265282-265435|CDS|CYA_0259	100.000	153	0	0	1	153	1	153	2.33e-75	277
Ga0393525_33_2217_2369	CP000240.1:685809-685962|CDS|CYB_0673	89.542	153	16	0	1	153	1	153	1.21e-53	205
Ga0393525_33_2403_3515	CP000239.1:264136-265249|CDS|CYA_0258	100.000	1113	0	0	1	1113	1	1113	0.0	2008
Ga0393525_33_2403_3515	CP000240.1:685996-687097|CDS|CYB_0674	80.385	1040	192	4	52	1088	58	1088	0.0	949
Ga0393525_33_3547_4701	CP000239.1:261101-262256|CDS|CYA_0255	99.827	1155	2	0	1	1155	1	1155	0.0	2075
Ga0393525_33_3547_4701	CP000240.1:2782183-2783338|CDS|CYB_2695	77.708	1108	231	6	55	1154	55	1154	0.0	873
Ga0393525_33_5386_6066	CP000239.1:257306-260417|CDS|CYA_0253	99.267	682	4	1	1	681	1	682	0.0	1205
Ga0393525_34_1739_2377	CP000239.1:2763845-2764490|CDS|CYA_2743	94.637	634	34	0	1	634	7	640	0.0	991
Ga0393525_34_2679_4082	CP000239.1:2764602-2766219|CDS|CYA_2744	99.786	1404	3	0	1	1404	214	1617	0.0	2519
Ga0393525_34_2679_4082	CP000240.1:1482256-1483867|CDS|CYB_1414	81.214	1400	239	8	1	1379	214	1610	0.0	1325
Ga0393525_34_4474_5001	CP000239.1:2766532-2767138|CDS|CYA_2746	100.000	528	0	0	1	528	79	606	0.0	953
Ga0393525_34_4474_5001	CP000240.1:378803-379409|CDS|CYB_0362	85.164	519	77	0	1	519	79	597	1.08e-168	590
Ga0393525_34_5191_5403	CP000239.1:2767285-2767540|CDS|CYA_2747	100.000	213	0	0	1	213	43	255	9.04e-108	385
Ga0393525_34_5191_5403	CP000240.1:379606-379825|CDS|CYB_0363	83.105	219	31	1	1	213	1	219	4.39e-61	230
Ga0393525_34_5532_6023	CP000239.1:2699277-2700558|CDS|CYA_2685	99.187	492	4	0	1	492	790	1281	0.0	870
Ga0393525_34_5532_6023	CP000239.1:2433345-2434626|CDS|CYA_2424	98.780	492	6	0	1	492	790	1281	0.0	861
Ga0393525_34_5532_6023	CP000239.1:1949093-1950374|CDS|CYA_1938	98.780	492	6	0	1	492	790	1281	0.0	861
Ga0393525_34_5532_6023	CP000239.1:362788-364069|CDS|CYA_0345	98.780	492	6	0	1	492	790	1281	0.0	861
Ga0393525_34_5532_6023	CP000239.1:2598895-2600176|CDS|CYA_2573	98.577	492	7	0	1	492	790	1281	0.0	856
Ga0393525_34_5532_6023	CP000239.1:1897468-1898749|CDS|CYA_1890	98.577	492	7	0	1	492	790	1281	0.0	856
Ga0393525_34_5532_6023	CP000239.1:2450640-2451921|CDS|CYA_2440	98.374	492	8	0	1	492	790	1281	0.0	852
Ga0393525_34_5532_6023	CP000239.1:1644791-1646072|CDS|CYA_1646	98.374	492	8	0	1	492	790	1281	0.0	852
Ga0393525_34_5532_6023	CP000239.1:1478618-1479899|CDS|CYA_1471	98.374	492	8	0	1	492	790	1281	0.0	852
Ga0393525_34_5532_6023	CP000239.1:410292-411573|CDS|CYA_0395	98.374	492	8	0	1	492	790	1281	0.0	852
Ga0393525_34_5532_6023	CP000239.1:2017852-2019133|CDS|CYA_2001	98.171	492	9	0	1	492	790	1281	0.0	847
Ga0393525_34_5532_6023	CP000239.1:731378-732659|CDS|CYA_0726	98.171	492	9	0	1	492	790	1281	0.0	847
Ga0393525_34_5532_6023	CP000239.1:1779349-1780630|CDS|CYA_1773	97.967	492	10	0	1	492	790	1281	0.0	843
Ga0393525_34_5532_6023	CP000239.1:1385448-1386729|CDS|CYA_1375	97.967	492	10	0	1	492	790	1281	0.0	843
Ga0393525_34_5532_6023	CP000239.1:2258726-2260007|CDS|CYA_2249	97.764	492	11	0	1	492	790	1281	0.0	838
Ga0393525_34_5532_6023	CP000239.1:2403315-2404596|CDS|CYA_2393	97.561	492	12	0	1	492	790	1281	0.0	834
Ga0393525_34_5532_6023	CP000239.1:2710017-2711283|CDS|CYA_2695	98.323	477	8	0	1	477	790	1266	0.0	825
Ga0393525_34_5532_6023	CP000240.1:21293-22574|CDS|CYB_0018	95.732	492	21	0	1	492	790	1281	0.0	793
Ga0393525_34_5532_6023	CP000240.1:32082-33315|CDS|CYB_0026	88.211	492	10	1	1	492	790	1233	0.0	665
Ga0393525_34_5532_6023	CP000239.1:607043-608261|CDS|CYA_0596	98.421	380	6	0	1	380	790	1169	0.0	659
Ga0393525_34_5532_6023	CP000239.1:818225-819443|CDS|CYA_0807	97.895	380	8	0	1	380	790	1169	0.0	650
Ga0393525_34_5532_6023	CP000240.1:1256770-1257394|CDS|CYB_1210	87.195	492	15	1	1	492	181	624	0.0	643
Ga0393525_34_5532_6023	CP000239.1:1445168-1446401|CDS|CYA_1438	94.211	380	22	0	1	380	790	1169	3.51e-168	587
Ga0393525_35_66_1070	CP000239.1:1774360-1776115|CDS|CYA_1767	95.549	1011	30	2	1	1005	754	1755	0.0	1627
Ga0393525_35_66_1070	CP000240.1:1257375-1259115|CDS|CYB_1211	83.039	1020	134	4	1	1005	745	1740	0.0	1079
Ga0393525_35_1180_2229	CP000239.1:1773201-1774251|CDS|CYA_1766	98.190	1050	19	0	1	1050	1	1050	0.0	1809
Ga0393525_35_1180_2229	CP000240.1:1255627-1256677|CDS|CYB_1209	88.857	1050	117	0	1	1050	1	1050	0.0	1367
Ga0393525_35_2390_3823	CP000239.1:1771686-1773120|CDS|CYA_1764	90.446	1434	137	0	1	1434	1	1434	0.0	1969
Ga0393525_35_2390_3823	CP000240.1:1253988-1255434|CDS|CYB_1208	87.727	1434	176	0	1	1434	13	1446	0.0	1793
Ga0393525_36_470_1069	CP000239.1:1379705-1380305|CDS|CYA_1368	99.833	600	1	0	1	600	1	600	0.0	1078
Ga0393525_36_470_1069	CP000240.1:2993669-2994269|CDS|CYB_2895	87.919	596	72	0	1	596	1	596	0.0	751
Ga0393525_36_1091_1426	CP000239.1:1380326-1380662|CDS|CYA_1369	100.000	336	0	0	1	336	1	336	2.51e-174	607
Ga0393525_36_1091_1426	CP000240.1:2993298-2993634|CDS|CYB_2894	91.667	336	28	0	1	336	1	336	2.52e-136	480
Ga0393525_36_1594_2490	CP000239.1:1380829-1381726|CDS|CYA_1370	99.889	897	1	0	1	897	1	897	0.0	1614
Ga0393525_36_1594_2490	CP000240.1:2992181-2992970|CDS|CYB_2893	90.000	780	78	0	118	897	10	789	0.0	1056
Ga0393525_36_2527_4035	CP000239.1:1381762-1383271|CDS|CYA_1371	99.867	1509	2	0	1	1509	1	1509	0.0	2713
Ga0393525_36_2527_4035	CP000240.1:2990654-2992163|CDS|CYB_2891	88.801	1509	169	0	1	1509	1	1509	0.0	1960
Ga0393525_36_4057_5271	CP000239.1:1383292-1384507|CDS|CYA_1372	99.918	1215	1	0	1	1215	1	1215	0.0	2187
Ga0393525_36_4057_5271	CP000240.1:1988655-1989891|CDS|CYB_1903	82.750	1200	207	0	12	1211	9	1208	0.0	1232
Ga0393525_36_5288_5530	CP000239.1:1384523-1384889|CDS|CYA_1373	99.177	243	2	0	1	243	124	366	2.80e-121	430
Ga0393525_36_5288_5530	CP000240.1:1622161-1622404|CDS|CYB_1546	80.913	241	46	0	1	241	1	241	1.77e-60	228
Ga0393525_37_32_532	CP000239.1:2253780-2254269|CDS|CYA_2241	99.796	489	1	0	13	501	1	489	0.0	878
Ga0393525_37_32_532	CP000240.1:383135-383615|CDS|CYB_0368	84.599	474	73	0	13	486	1	474	1.03e-149	526
Ga0393525_37_529_1086	CP000239.1:2254274-2254811|CDS|CYA_2242	82.413	489	86	0	10	498	1	489	1.95e-140	495
Ga0393525_37_3440_3697	CP000239.1:2255669-2256086|CDS|CYA_2245	81.641	256	40	2	2	256	2	251	2.02e-66	248
Ga0393525_37_3440_3697	CP000240.1:2510262-2510691|CDS|CYB_2413	80.632	253	48	1	1	252	1	253	1.56e-61	233
Ga0393525_37_3694_4491	CP000239.1:2256082-2256880|CDS|CYA_2246	98.713	777	10	0	1	777	1	777	0.0	1357
Ga0393525_37_3694_4491	CP000240.1:2509468-2510266|CDS|CYB_2412	82.456	798	140	0	1	798	1	798	0.0	809
Ga0393525_37_4496_5641	CP000239.1:2256884-2258225|CDS|CYA_2247	100.000	1146	0	0	1	1146	196	1341	0.0	2067
Ga0393525_37_4496_5641	CP000240.1:2508112-2509453|CDS|CYB_2411	82.358	1145	202	0	1	1145	196	1340	0.0	1155
Ga0393525_38_50_505	CP000239.1:2153019-2153475|CDS|CYA_2140	99.561	456	2	0	1	456	1	456	0.0	814
Ga0393525_38_50_505	CP000240.1:546439-546901|CDS|CYB_0532	81.425	463	78	3	1	456	1	462	3.04e-124	442
Ga0393525_38_662_1582	CP000239.1:2151942-2152863|CDS|CYA_2138	99.891	921	1	0	1	921	1	921	0.0	1657
Ga0393525_38_662_1582	CP000240.1:547074-547995|CDS|CYB_0533	88.817	921	103	0	1	921	1	921	0.0	1197
Ga0393525_38_1810_2616	CP000239.1:2150920-2151715|CDS|CYA_2137	100.000	795	0	0	13	807	1	795	0.0	1434
Ga0393525_38_1810_2616	CP000240.1:548801-549620|CDS|CYB_0534	85.104	772	115	0	36	807	48	819	0.0	875
Ga0393525_38_2623_4119	CP000239.1:2149405-2150902|CDS|CYA_2136	100.000	1497	0	0	1	1497	1	1497	0.0	2700
Ga0393525_38_2623_4119	CP000240.1:549635-551156|CDS|CYB_0535	84.818	1515	206	2	1	1491	1	1515	0.0	1709
Ga0393525_38_4224_4799	CP000239.1:2148725-2149301|CDS|CYA_2135	100.000	576	0	0	1	576	1	576	0.0	1040
Ga0393525_38_4224_4799	CP000240.1:551296-551845|CDS|CYB_0536	85.505	545	79	0	1	545	1	545	4.72e-180	627
Ga0393525_39_757_2031	CP000240.1:407104-408379|CDS|CYB_0393	95.063	1276	61	2	1	1275	1	1275	0.0	2011
Ga0393525_39_757_2031	CP000239.1:1596164-1597439|CDS|CYA_1587	94.122	1276	73	2	1	1275	1	1275	0.0	1957
Ga0393525_39_2028_2468	CP000239.1:1597435-1597876|CDS|CYA_1586	100.000	441	0	0	1	441	1	441	0.0	796
Ga0393525_39_2028_2468	CP000240.1:408375-408834|CDS|CYB_0392	98.034	407	8	0	35	441	53	459	0.0	699
Ga0393525_39_2494_3009	CP000239.1:1597901-1598534|CDS|CYA_1588	89.899	495	50	0	22	516	139	633	0.0	668
Ga0393525_39_2494_3009	CP000240.1:408865-409492|CDS|CYB_0394	85.714	490	69	1	22	511	139	627	1.21e-161	565
Ga0393525_39_3181_3645	CP000239.1:1598578-1599034|CDS|CYA_1589	98.246	456	8	0	10	465	1	456	0.0	787
Ga0393525_39_3181_3645	CP000240.1:409536-410001|CDS|CYB_0395	87.097	465	60	0	1	465	1	465	8.88e-163	569
Ga0393525_39_3704_4324	CP000239.1:1599101-1599743|CDS|CYA_1590	100.000	621	0	0	1	621	22	642	0.0	1121
Ga0393525_39_3704_4324	CP000240.1:410060-410741|CDS|CYB_0396	78.704	648	102	5	1	612	22	669	7.59e-159	557
Ga0393525_40_209_1168	CP000239.1:2369786-2370812|CDS|CYA_2362	99.479	960	5	0	1	960	67	1026	0.0	1709
Ga0393525_40_209_1168	CP000240.1:883062-884091|CDS|CYB_0850	92.083	960	76	0	1	960	70	1029	0.0	1389
Ga0393525_40_1245_3362	CP000239.1:2370849-2373006|CDS|CYA_2363	99.906	2118	2	0	1	2118	40	2157	0.0	3811
Ga0393525_40_3367_4107	CP000239.1:2373010-2373751|CDS|CYA_2364	100.000	741	0	0	1	741	1	741	0.0	1337
Ga0393525_40_3367_4107	CP000240.1:2442008-2442875|CDS|CYB_2337	66.612	605	162	12	9	577	61	661	2.01e-40	163
Ga0393525_40_4232_5143	CP000239.1:2373875-2374745|CDS|CYA_2365	100.000	870	0	0	43	912	1	870	0.0	1570
Ga0393525_40_4232_5143	CP000240.1:2445286-2446153|CDS|CYB_2339	86.543	862	116	0	43	904	1	862	0.0	1032
Ga0393525_41_652_2601	CP000239.1:268684-270631|CDS|CYA_0263	99.897	1947	2	0	4	1950	1	1947	0.0	3503
Ga0393525_41_2675_4027	CP000239.1:270707-272060|CDS|CYA_0264	99.630	1353	5	0	1	1353	1	1353	0.0	2418
Ga0393525_41_2675_4027	CP000240.1:802517-803870|CDS|CYB_0779	89.579	1353	141	0	1	1353	1	1353	0.0	1805
Ga0393525_41_4181_4627	CP000239.1:272213-272795|CDS|CYA_0265	99.553	447	2	0	1	447	136	582	0.0	798
Ga0393525_41_4181_4627	CP000240.1:805865-806264|CDS|CYB_0781	79.277	415	69	3	34	447	1	399	6.57e-101	363
Ga0393525_42_142_624	CP000239.1:980721-981372|CDS|CYA_0969	99.793	483	1	0	1	483	169	651	0.0	867
Ga0393525_42_142_624	CP000240.1:921847-922504|CDS|CYB_0889	83.231	489	76	1	1	483	169	657	6.24e-146	514
Ga0393525_42_631_1092	CP000239.1:980253-980715|CDS|CYA_0968	93.364	437	29	0	1	437	1	437	0.0	658
Ga0393525_42_631_1092	CP000240.1:921379-921841|CDS|CYB_0888	87.229	462	59	0	1	462	1	462	3.08e-162	568
Ga0393525_42_1284_2861	CP000240.1:919614-921195|CDS|CYB_0887	86.011	1587	207	3	1	1578	1	1581	0.0	1862
Ga0393525_42_2874_4199	CP000240.1:918276-919602|CDS|CYB_0886	84.162	1307	201	5	1	1304	1	1304	0.0	1407
Ga0393525_43_48_1871	CP000239.1:1061914-1063738|CDS|CYA_1042	98.519	1823	27	0	1	1823	1	1823	0.0	3167
Ga0393525_43_48_1871	CP000240.1:2963261-2965085|CDS|CYB_2865	87.219	1823	233	0	1	1823	1	1823	0.0	2238
Ga0393525_43_1979_2239	CP000239.1:1063840-1064101|CDS|CYA_1043	99.617	261	1	0	1	261	1	261	4.21e-132	467
Ga0393525_43_1979_2239	CP000240.1:2965280-2965541|CDS|CYB_2866	87.739	261	32	0	1	261	1	261	2.66e-90	327
Ga0393525_43_2345_3997	CP000239.1:1064206-1065829|CDS|CYA_1044	99.692	1623	5	0	31	1653	1	1623	0.0	2905
Ga0393525_43_2345_3997	CP000240.1:2965639-2967259|CDS|CYB_2867	86.042	1612	225	0	26	1637	2	1613	0.0	1893
Ga0393525_43_4179_4370	CP000239.1:1066040-1066232|CDS|CYA_1045	98.958	192	2	0	1	192	1	192	1.05e-93	338
Ga0393525_43_4493_4663	CP000239.1:1066354-1066525|CDS|CYA_1046	100.000	171	0	0	1	171	1	171	4.48e-85	309
Ga0393525_43_4493_4663	CP000240.1:2969370-2969529|CDS|CYB_2871	84.028	144	23	0	1	144	1	144	6.24e-39	157
Ga0393525_44_170_778	CP000239.1:927518-928223|CDS|CYA_0918	100.000	609	0	0	1	609	97	705	0.0	1099
Ga0393525_44_170_778	CP000240.1:1020246-1020951|CDS|CYB_0985	85.809	606	86	0	2	607	98	703	0.0	706
Ga0393525_44_853_1659	CP000239.1:928297-929104|CDS|CYA_0919	99.876	807	1	0	1	807	1	807	0.0	1452
Ga0393525_44_853_1659	CP000240.1:1019365-1020172|CDS|CYB_0984	84.758	807	123	0	1	807	1	807	0.0	902
Ga0393525_44_1807_2904	CP000239.1:929251-930337|CDS|CYA_0920	99.908	1086	1	0	13	1098	1	1086	0.0	1955
Ga0393525_44_1807_2904	CP000240.1:535599-536703|CDS|CYB_0520	81.302	1091	198	1	1	1085	1	1091	0.0	1049
Ga0393525_45_12_431	CP000239.1:455920-457171|CDS|CYA_0436	90.046	432	31	1	1	420	820	1251	6.99e-170	592
Ga0393525_45_588_2429	CP000239.1:1056279-1058187|CDS|CYA_1038	78.575	1853	323	12	1	1783	1	1849	0.0	1565
Ga0393525_45_588_2429	CP000240.1:2958120-2960031|CDS|CYB_2861	77.765	1790	324	9	64	1783	67	1852	0.0	1461
Ga0393525_45_2476_2964	CP000239.1:1055744-1056233|CDS|CYA_1037	100.000	489	0	0	1	489	1	489	0.0	883
Ga0393525_45_2476_2964	CP000240.1:2956991-2957483|CDS|CYB_2859	87.373	491	59	1	1	488	1	491	1.30e-173	605
Ga0393525_45_3214_3669	CP000239.1:1055039-1055432|CDS|CYA_1035	99.491	393	2	0	64	456	1	393	0.0	700
Ga0393525_45_3214_3669	CP000240.1:2956211-2956679|CDS|CYB_2858	79.618	471	78	3	1	456	1	468	9.95e-118	420
Ga0393525_45_3637_4131	CP000239.1:88305-89487|CDS|CYA_0091	76.497	451	75	2	1	444	718	1144	3.79e-98	355
Ga0393525_45_4184_4642	CP000239.1:88305-89487|CDS|CYA_0091	77.458	417	87	3	3	413	184	599	2.07e-88	322
Ga0393525_45_4184_4642	CP000240.1:2796782-2798000|CDS|CYB_2707	73.474	475	99	4	3	451	184	657	2.87e-80	296
Ga0393525_45_4184_4642	CP000239.1:1594889-1596107|CDS|CYA_1585	76.145	415	92	3	1	409	182	595	2.87e-80	296
Ga0393525_45_4184_4642	CP000240.1:1384265-1385459|CDS|CYB_1322	73.109	476	101	4	1	450	182	656	4.27e-78	288
Ga0393525_45_4184_4642	CP000240.1:2247371-2248565|CDS|CYB_2147	75.663	415	94	3	1	409	182	595	1.49e-77	287
Ga0393525_45_4184_4642	CP000240.1:1316312-1317548|CDS|CYB_1259	73.053	475	101	4	3	451	184	657	1.49e-77	287
Ga0393525_45_4184_4642	CP000240.1:1190675-1191869|CDS|CYB_1151	75.663	415	94	3	1	409	182	595	1.49e-77	287
Ga0393525_45_4184_4642	CP000239.1:2170714-2171908|CDS|CYA_2158	72.842	475	102	4	3	451	184	657	1.81e-76	282
Ga0393525_45_4184_4642	CP000240.1:1842322-1843549|CDS|CYB_1759	72.785	474	102	4	3	450	184	656	6.33e-76	280
Ga0393525_45_4184_4642	CP000240.1:2644164-2645358|CDS|CYB_2538	75.243	412	95	3	1	406	182	592	7.71e-75	277
Ga0393525_45_4184_4642	CP000240.1:241642-242836|CDS|CYB_0233	72.421	475	104	4	3	451	184	657	9.40e-74	273
Ga0393525_45_4184_4642	CP000240.1:2565689-2566883|CDS|CYB_2468	75.061	413	94	4	1	406	182	592	3.28e-73	271
Ga0393525_45_4184_4642	CP000240.1:2661652-2662870|CDS|CYB_2557	74.818	413	97	3	3	409	184	595	1.14e-72	269
Ga0393525_45_4184_4642	CP000239.1:893439-894633|CDS|CYA_0887	74.818	413	97	3	3	409	184	595	1.14e-72	269
Ga0393525_45_4184_4642	CP000240.1:2619921-2621115|CDS|CYB_2521	72.211	475	105	4	3	451	184	657	4.00e-72	269
Ga0393525_45_4184_4642	CP000240.1:1803089-1804283|CDS|CYB_1722	72.117	477	106	4	1	451	182	657	4.00e-72	268
Ga0393525_45_4184_4642	CP000240.1:629484-630702|CDS|CYB_0620	75.510	392	89	3	24	409	229	619	4.00e-72	268
Ga0393525_45_4184_4642	CP000240.1:345730-346924|CDS|CYB_0329	74.757	412	97	3	1	406	182	592	4.00e-72	268
Ga0393525_45_4184_4642	CP000240.1:1521392-1522610|CDS|CYB_1450	72.687	454	97	4	24	451	229	681	1.39e-71	267
Ga0393525_45_4184_4642	CP000240.1:1064975-1066169|CDS|CYB_1023	71.908	477	107	4	1	451	182	657	1.70e-70	263
Ga0393525_45_4184_4642	CP000239.1:994256-995468|CDS|CYA_0981	74.515	412	98	3	1	406	182	592	1.70e-70	263
Ga0393525_45_4184_4642	CP000239.1:712444-713638|CDS|CYA_0704	74.334	413	99	3	3	409	184	595	5.93e-70	260
Ga0393525_45_4184_4642	CP000240.1:2128026-2129220|CDS|CYB_2026	74.390	410	98	3	1	404	182	590	2.07e-69	260
Ga0393525_45_4184_4642	CP000240.1:52430-53648|CDS|CYB_0041	74.390	410	98	3	3	406	184	592	2.07e-69	260
Ga0393525_45_4184_4642	CP000240.1:2933473-2934709|CDS|CYB_2835	75.000	392	91	3	24	409	229	619	2.07e-69	259
Ga0393525_45_4184_4642	CP000240.1:3008652-3009870|CDS|CYB_2910	72.247	454	99	4	24	451	229	681	7.23e-69	258
Ga0393525_45_4184_4642	CP000240.1:1267756-1268992|CDS|CYB_1227	72.247	454	99	4	24	451	229	681	7.23e-69	258
Ga0393525_45_4184_4642	CP000239.1:774779-775973|CDS|CYA_0767	71.730	474	107	4	3	450	184	656	7.23e-69	258
Ga0393525_45_4184_4642	CP000240.1:1954838-1956056|CDS|CYB_1872	74.092	413	100	3	3	409	184	595	2.52e-68	256
Ga0393525_45_4184_4642	CP000239.1:698055-699204|CDS|CYA_0690	74.146	410	99	3	3	406	184	592	2.52e-68	255
Ga0393525_45_4184_4642	CP000240.1:102811-104029|CDS|CYB_0087	72.026	454	100	4	24	451	229	681	8.80e-68	253
Ga0393525_45_4184_4642	CP000240.1:2168360-2169515|CDS|CYB_2071	71.548	478	103	6	3	451	184	657	3.07e-67	252
Ga0393525_45_4184_4642	CP000240.1:2210858-2212052|CDS|CYB_2117	73.850	413	101	3	3	409	184	595	3.07e-67	251
Ga0393525_45_4184_4642	CP000239.1:629980-631174|CDS|CYA_0620	73.850	413	101	3	3	409	184	595	3.07e-67	251
Ga0393525_45_4184_4642	CP000240.1:2219258-2220470|CDS|CYB_2126	73.786	412	101	3	1	406	182	592	1.07e-66	250
Ga0393525_45_4184_4642	CP000240.1:481588-482800|CDS|CYB_0472	71.279	477	110	4	1	451	182	657	1.07e-66	250
Ga0393525_45_4184_4642	CP000240.1:1358129-1359347|CDS|CYB_1297	71.806	454	101	4	24	451	229	681	3.74e-66	249
Ga0393525_45_4184_4642	CP000240.1:638632-639850|CDS|CYB_0630	71.806	454	101	4	24	451	229	681	3.74e-66	249
Ga0393525_45_4184_4642	CP000240.1:605550-606744|CDS|CYB_0598	71.158	475	110	4	3	451	184	657	1.31e-65	246
Ga0393525_45_4184_4642	CP000240.1:1917270-1918464|CDS|CYB_1826	73.544	412	102	3	1	406	182	592	4.56e-65	245
Ga0393525_45_4184_4642	CP000240.1:1015074-1016268|CDS|CYB_0979	71.069	477	111	4	1	451	182	657	4.56e-65	245
Ga0393525_45_4184_4642	CP000239.1:693322-694534|CDS|CYA_0687	73.544	412	102	3	1	406	182	592	4.56e-65	245
Ga0393525_45_4184_4642	CP000240.1:1083184-1084426|CDS|CYB_1042	71.586	454	102	4	24	451	229	681	4.56e-65	244
Ga0393525_45_4184_4642	CP000240.1:2830275-2831565|CDS|CYB_2735	71.302	453	103	4	24	450	229	680	6.77e-63	238
Ga0393525_45_4184_4642	CP000240.1:1763450-1764623|CDS|CYB_1688	73.058	412	104	3	1	406	182	592	2.36e-62	236
Ga0393525_45_4184_4642	CP000240.1:2553363-2554557|CDS|CYB_2454	72.577	423	108	4	3	419	184	604	1.00e-60	230
Ga0393525_45_4184_4642	CP000240.1:1244785-1246021|CDS|CYB_1201	68.938	499	104	5	3	451	184	681	4.27e-59	225
Ga0393525_45_4184_4642	CP000240.1:2506708-2507857|CDS|CYB_2410	66.733	502	92	6	24	451	253	753	7.23e-50	194
Ga0393525_46_380_2101	CP000239.1:924901-926623|CDS|CYA_0916	100.000	1722	0	0	1	1722	1	1722	0.0	3106
Ga0393525_46_380_2101	CP000240.1:1021949-1023713|CDS|CYB_0987	84.337	1660	260	0	1	1660	19	1678	0.0	1822
Ga0393525_46_2155_3249	CP000239.1:923753-924848|CDS|CYA_0915	99.726	1095	3	0	1	1095	1	1095	0.0	1962
Ga0393525_46_2155_3249	CP000240.1:1023739-1024873|CDS|CYB_0988	84.902	1073	156	1	1	1067	1	1073	0.0	1206
Ga0393525_46_3405_3725	CP000239.1:923277-923520|CDS|CYA_0914	100.000	243	0	0	79	321	1	243	7.33e-124	439
Ga0393525_46_3405_3725	CP000240.1:1025387-1025630|CDS|CYB_0989	83.951	243	39	0	79	321	1	243	1.17e-70	263
Ga0393525_47_177_719	CP000239.1:1744901-1745444|CDS|CYA_1740	100.000	543	0	0	1	543	1	543	0.0	980
Ga0393525_47_177_719	CP000240.1:2214226-2214769|CDS|CYB_2120	82.143	532	89	2	6	534	6	534	3.20e-150	528
Ga0393525_47_177_719	CP000239.1:688252-688795|CDS|CYA_0681	82.042	529	95	0	6	534	6	534	1.12e-149	526
Ga0393525_47_1082_2974	CP000239.1:1745845-1747699|CDS|CYA_1741	99.838	1854	3	0	40	1893	1	1854	0.0	3331
Ga0393525_47_1082_2974	CP000240.1:631291-633211|CDS|CYB_0623	86.593	1723	228	1	98	1817	98	1820	0.0	2065
Ga0393525_47_3217_3600	CP000239.1:1747941-1748325|CDS|CYA_1742	100.000	384	0	0	1	384	1	384	0.0	693
Ga0393525_47_3217_3600	CP000240.1:633207-633606|CDS|CYB_0622	85.632	348	48	2	1	347	1	347	9.46e-111	396
Ga0393525_47_3972_4511	CP000239.1:1748696-1749167|CDS|CYA_1743	100.000	471	0	0	70	540	1	471	0.0	850
Ga0393525_47_3972_4511	CP000240.1:232120-232591|CDS|CYB_0221	85.138	471	70	0	70	540	1	471	2.14e-152	535
Ga0393525_48_2_1243	CP000239.1:2652297-2653569|CDS|CYA_2636	95.974	1242	21	1	1	1242	1	1213	0.0	2037
Ga0393525_48_2_1243	CP000239.1:2083979-2085251|CDS|CYA_2063	95.733	1242	24	1	1	1242	1	1213	0.0	2023
Ga0393525_48_2_1243	CP000239.1:1969261-1970533|CDS|CYA_1959	95.733	1242	24	1	1	1242	1	1213	0.0	2023
Ga0393525_48_2_1243	CP000239.1:152816-154088|CDS|CYA_0158	95.652	1242	25	1	1	1242	1	1213	0.0	2019
Ga0393525_48_2_1243	CP000239.1:1160018-1161290|CDS|CYA_1136	95.491	1242	27	1	1	1242	1	1213	0.0	2010
Ga0393525_48_2_1243	CP000239.1:2604687-2605959|CDS|CYA_2581	95.330	1242	29	1	1	1242	1	1213	0.0	2001
Ga0393525_48_1532_2623	CP000239.1:2651107-2652193|CDS|CYA_2635	99.908	1086	1	0	7	1092	1	1086	0.0	1955
Ga0393525_48_1532_2623	CP000240.1:675946-677032|CDS|CYB_0662	85.557	1087	155	2	7	1092	1	1086	0.0	1246
Ga0393525_48_2988_3248	CP000239.1:2650476-2650803|CDS|CYA_2633	100.000	261	0	0	1	261	67	327	9.91e-134	471
Ga0393525_48_2988_3248	CP000240.1:677241-677640|CDS|CYB_0663	89.272	261	25	1	1	261	142	399	3.47e-95	343
Ga0393525_48_3581_3940	CP000239.1:2649784-2650144|CDS|CYA_2632	99.722	360	1	0	1	360	1	360	0.0	645
Ga0393525_48_3581_3940	CP000240.1:677970-678336|CDS|CYB_0664	79.714	350	59	3	1	341	7	353	1.01e-84	309
Ga0393525_49_1189_1710	CP000239.1:1866056-1866605|CDS|CYA_1862	100.000	522	0	0	1	522	28	549	0.0	942
Ga0393525_49_1189_1710	CP000240.1:2995099-2995648|CDS|CYB_2897	87.332	521	66	0	1	521	28	548	0.0	643
Ga0393525_49_1189_1710	CP000239.1:711146-711695|CDS|CYA_0703	86.873	518	68	0	1	518	28	545	1.22e-180	628
Ga0393525_49_1888_2754	CP000239.1:1865039-1865843|CDS|CYA_1860	99.876	804	1	0	64	867	1	804	0.0	1446
Ga0393525_49_1888_2754	CP000240.1:1364732-1365587|CDS|CYB_1302	80.958	793	151	0	29	821	14	806	0.0	750
Ga0393525_49_2831_3955	CP000239.1:1863838-1864972|CDS|CYA_1859	100.000	1125	0	0	1	1125	10	1134	0.0	2030
Ga0393525_49_2831_3955	CP000240.1:1363353-1364508|CDS|CYB_1301	83.036	1120	182	3	13	1125	37	1155	0.0	1158
Ga0393525_50_2199_2315	CP000239.1:2095411-2095531|CDS|CYA_2075	99.145	117	1	0	1	117	4	120	2.51e-54	207
Ga0393525_50_2498_3049	CP000239.1:2095713-2096265|CDS|CYA_2076	100.000	552	0	0	1	552	1	552	0.0	996
Ga0393525_50_3036_3455	CP000239.1:2096251-2096671|CDS|CYA_2077	100.000	420	0	0	1	420	1	420	0.0	758
Ga0393525_50_3036_3455	CP000240.1:1646921-1647344|CDS|CYB_1573	84.043	376	60	0	35	410	2	377	1.65e-114	408
Ga0393525_51_667_1170	CP000239.1:1788360-1788864|CDS|CYA_1787	100.000	504	0	0	1	504	1	504	0.0	910
Ga0393525_51_667_1170	CP000240.1:2345084-2345573|CDS|CYB_2238	83.636	495	72	2	1	495	1	486	2.96e-150	527
Ga0393525_51_1256_1861	CP000239.1:1787606-1788275|CDS|CYA_1786	99.835	606	1	0	1	606	64	669	0.0	1089
Ga0393525_51_1256_1861	CP000240.1:2345662-2346151|CDS|CYB_2239	82.255	479	85	0	118	596	1	479	4.67e-136	481
Ga0393525_51_1968_3146	CP000239.1:1786384-1787563|CDS|CYA_1785	99.915	1179	1	0	1	1179	1	1179	0.0	2122
Ga0393525_51_1968_3146	CP000240.1:2346623-2347814|CDS|CYB_2241	86.566	1191	148	1	1	1179	1	1191	0.0	1434
Ga0393525_51_3476_3889	CP000239.1:1785641-1786055|CDS|CYA_1784	99.758	414	1	0	1	414	1	414	0.0	743
Ga0393525_51_3476_3889	CP000239.1:1785658-1786702|CDS|CYA_1783	99.748	397	1	0	18	414	1044	648	0.0	712
Ga0393525_51_3476_3889	CP000240.1:1266949-1267360|CDS|CYB_1224	86.715	414	52	1	1	414	1	411	4.07e-141	498
Ga0393525_51_3963_4367	CP000239.1:1785004-1785568|CDS|CYA_1782	99.753	405	1	0	1	405	160	564	0.0	727
Ga0393525_51_3963_4367	CP000240.1:1266320-1266884|CDS|CYB_1223	87.841	403	49	0	1	403	160	562	7.68e-144	507
Ga0393525_52_1191_2129	CP000239.1:587799-588738|CDS|CYA_0575	100.000	939	0	0	1	939	1	939	0.0	1694
Ga0393525_52_1191_2129	CP000240.1:70136-71075|CDS|CYB_0058	84.806	928	141	0	1	928	1	928	0.0	1039
Ga0393525_52_2158_2616	CP000239.1:587312-587771|CDS|CYA_0574	99.782	459	1	0	1	459	1	459	0.0	824
Ga0393525_52_2158_2616	CP000240.1:69558-70017|CDS|CYB_0057	85.403	459	67	0	1	459	1	459	9.36e-150	526
Ga0393525_52_3098_3640	CP000239.1:586288-586831|CDS|CYA_0573	100.000	543	0	0	1	543	1	543	0.0	980
Ga0393525_52_3098_3640	CP000240.1:1377267-1377837|CDS|CYB_1314	81.682	535	98	0	1	535	28	562	3.90e-149	524
Ga0393525_53_292_1410	CP000239.1:113490-114609|CDS|CYA_0118	100.000	1119	0	0	1	1119	1	1119	0.0	2019
Ga0393525_53_292_1410	CP000240.1:2865970-2867077|CDS|CYB_2767	79.765	1107	218	2	1	1104	1	1104	0.0	984
Ga0393525_53_1551_3893	CP000239.1:111442-113350|CDS|CYA_0117	97.851	1908	5	1	472	2343	1	1908	0.0	3285
Ga0393525_53_1551_3893	CP000240.1:2863170-2865693|CDS|CYB_2765	81.814	2348	385	7	2	2343	212	2523	0.0	2316
Ga0393525_54_550_786	CP000239.1:1366454-1366745|CDS|CYA_1355	99.578	237	1	0	1	237	55	291	4.05e-119	424
Ga0393525_54_550_786	CP000239.1:703050-703287|CDS|CYA_0695	87.773	229	28	0	1	229	1	229	2.10e-78	288
Ga0393525_54_550_786	CP000240.1:3002382-3002619|CDS|CYB_2902	87.336	229	29	0	1	229	1	229	8.94e-77	283
Ga0393525_54_990_2573	CP000239.1:1364667-1366251|CDS|CYA_1354	98.295	1584	27	0	1	1584	1	1584	0.0	2736
Ga0393525_54_990_2573	CP000240.1:1454115-1455696|CDS|CYB_1383	87.658	1580	192	1	1	1580	1	1577	0.0	1969
Ga0393525_54_2783_3187	CP000239.1:1363310-1364600|CDS|CYA_1353	98.519	405	4	1	1	405	82	484	0.0	701
Ga0393525_54_2783_3187	CP000240.1:1452737-1454039|CDS|CYB_1382	83.663	404	62	3	1	403	94	494	2.51e-118	422
Ga0393525_54_3187_3993	CP000239.1:1363310-1364600|CDS|CYA_1353	100.000	807	0	0	1	807	484	1290	0.0	1456
Ga0393525_54_3187_3993	CP000240.1:1452737-1454039|CDS|CYB_1382	78.810	807	171	0	1	807	496	1302	0.0	685
Ga0393525_55_2336_3415	CP000239.1:1973892-1974942|CDS|CYA_1963	92.000	1050	84	0	31	1080	1	1050	0.0	1516
Ga0393525_55_2336_3415	CP000240.1:2245178-2246231|CDS|CYB_2145	86.819	1047	138	0	31	1077	1	1047	0.0	1267
Ga0393525_55_3507_3950	CP000239.1:1972841-1973888|CDS|CYA_1962	97.892	332	7	0	6	337	483	814	2.95e-162	568
Ga0393525_55_3507_3950	CP000240.1:2246230-2247292|CDS|CYB_2146	88.554	332	38	0	6	337	498	829	1.87e-120	428
Ga0393525_56_1313_2050	CP000239.1:1883315-1884053|CDS|CYA_1880	100.000	738	0	0	1	738	1	738	0.0	1332
Ga0393525_56_1313_2050	CP000240.1:1629669-1630407|CDS|CYB_1555	87.381	737	93	0	1	737	1	737	0.0	911
Ga0393525_56_2047_3015	CP000239.1:1884049-1885003|CDS|CYA_1879	99.895	954	1	0	16	969	1	954	0.0	1717
Ga0393525_56_2047_3015	CP000240.1:1628713-1629673|CDS|CYB_1556	89.809	942	96	0	16	957	1	942	0.0	1267
Ga0393525_56_3066_4088	CP000239.1:1885068-1887720|CDS|CYA_1881	99.316	1023	7	0	1	1023	1630	2652	0.0	1814
Ga0393525_56_3066_4088	CP000240.1:1598111-1600766|CDS|CYB_1521	83.832	1002	162	0	1	1002	1642	2643	0.0	1077
Ga0393525_57_519_779	CP000239.1:938696-939455|CDS|CYA_0929	100.000	261	0	0	1	261	499	759	9.91e-134	471
Ga0393525_57_519_779	CP000240.1:1081522-1082305|CDS|CYB_1040	84.783	230	35	0	2	231	500	729	3.96e-69	258
Ga0393525_57_776_1090	CP000239.1:937911-938700|CDS|CYA_0928	100.000	306	0	0	1	306	1	306	4.53e-158	553
Ga0393525_57_776_1090	CP000240.1:1082301-1083090|CDS|CYB_1041	87.908	306	37	0	1	306	1	306	1.39e-107	386
Ga0393525_57_1078_1800	CP000239.1:941581-942214|CDS|CYA_0932	100.000	633	0	0	91	723	1	633	0.0	1142
Ga0393525_57_1078_1800	CP000240.1:1078723-1079557|CDS|CYB_1037	73.479	641	168	2	84	723	195	834	1.16e-106	383
Ga0393525_57_1797_2747	CP000240.1:1077776-1078727|CDS|CYB_1036	75.754	928	223	2	25	951	25	951	0.0	653
Ga0393525_57_2720_3853	CP000239.1:943316-944390|CDS|CYA_0933	99.779	905	2	0	184	1088	1	905	0.0	1624
Ga0393525_57_2720_3853	CP000240.1:1076532-1077627|CDS|CYB_1034	78.873	923	183	1	178	1088	1	923	0.0	792
Ga0393525_58_3_1028	CP000240.1:1780405-1784920|CDS|CYB_1700	95.143	906	44	0	1	906	970	1875	0.0	1436
Ga0393525_58_3_1028	CP000239.1:333923-338501|CDS|CYA_0321	80.110	910	176	4	1	906	1027	1935	0.0	812
Ga0393525_58_813_3281	CP000239.1:338497-341392|CDS|CYA_0322	99.832	2377	4	0	1	2377	1	2377	0.0	4269
Ga0393525_58_813_3281	CP000240.1:1784955-1787850|CDS|CYB_1701	80.126	2380	461	6	1	2377	1	2371	0.0	2144
Ga0393525_59_55_2742	CP000239.1:1658285-1661042|CDS|CYA_1658	99.925	2676	2	0	1	2676	79	2754	0.0	4818
Ga0393525_59_55_2742	CP000240.1:1712649-1715439|CDS|CYB_1641	84.797	2710	377	4	1	2676	79	2787	0.0	3044
Ga0393525_60_1625_2257	CP000239.1:752908-753541|CDS|CYA_0744	97.630	633	15	0	1	633	1	633	0.0	1075
Ga0393525_60_1625_2257	CP000240.1:900868-901501|CDS|CYB_0869	81.717	629	106	1	1	620	1	629	7.74e-178	620
Ga0393525_60_2293_3414	CP000239.1:753576-754698|CDS|CYA_0745	99.465	1122	6	0	1	1122	1	1122	0.0	1997
Ga0393525_60_2293_3414	CP000240.1:901539-902601|CDS|CYB_0870	86.528	1054	140	2	68	1120	8	1060	0.0	1254
Ga0393525_60_3476_3679	CP000239.1:754759-754963|CDS|CYA_0746	100.000	204	0	0	1	204	1	204	6.62e-103	369
Ga0393525_60_3476_3679	CP000240.1:902717-902921|CDS|CYB_0871	87.317	205	24	2	1	204	1	204	5.44e-66	246
Ga0393525_61_26_439	CP000239.1:1678372-1679128|CDS|CYA_1679	100.000	414	0	0	1	414	343	756	0.0	747
Ga0393525_61_26_439	CP000240.1:1202090-1202852|CDS|CYB_1163	85.507	414	60	0	1	414	349	762	3.82e-135	477
Ga0393525_61_455_1288	CP000239.1:1677523-1678357|CDS|CYA_1678	99.880	834	1	0	1	834	1	834	0.0	1500
Ga0393525_61_455_1288	CP000240.1:1202876-1203710|CDS|CYB_1164	87.485	815	102	0	1	815	1	815	0.0	1011
Ga0393525_61_1328_1618	CP000239.1:1677193-1677484|CDS|CYA_1677	100.000	291	0	0	1	291	1	291	5.78e-150	526
Ga0393525_61_1328_1618	CP000240.1:1203778-1204063|CDS|CYB_1165	86.063	287	34	1	1	287	1	281	1.66e-93	339
Ga0393525_61_1328_1618	CP000239.1:529493-529808|CDS|CYA_0511	70.563	231	66	2	1	230	1	230	6.21e-23	104
Ga0393525_61_1328_1618	CP000240.1:316539-316863|CDS|CYB_0302	67.965	231	72	2	1	230	1	230	8.63e-15	77.0
Ga0393525_61_1813_2595	CP000239.1:1676216-1676999|CDS|CYA_1675	99.745	783	2	0	1	783	1	783	0.0	1404
Ga0393525_61_1813_2595	CP000240.1:1204259-1205042|CDS|CYB_1166	86.118	778	108	0	1	778	1	778	0.0	917
Ga0393525_61_2592_3359	CP000239.1:1675215-1676220|CDS|CYA_1674	100.000	768	0	0	1	768	238	1005	0.0	1386
Ga0393525_61_2592_3359	CP000240.1:1205038-1206028|CDS|CYB_1167	84.480	741	115	0	2	742	239	979	0.0	819
Ga0393525_62_53_427	CP000239.1:2866650-2867733|CDS|CYA_2851	99.733	375	0	1	1	375	493	866	0.0	669
Ga0393525_62_387_644	CP000239.1:2866650-2867733|CDS|CYA_2851	99.612	258	1	0	1	258	826	1083	1.77e-130	462
Ga0393525_62_694_1707	CP000239.1:2865497-2866601|CDS|CYA_2850	99.704	1014	3	0	1	1014	91	1104	0.0	1816
Ga0393525_62_2030_2680	CP000239.1:2864614-2865265|CDS|CYA_2849	100.000	651	0	0	1	651	1	651	0.0	1175
Ga0393525_62_2030_2680	CP000240.1:127261-127912|CDS|CYB_0113	88.923	650	72	0	1	650	1	650	0.0	848
Ga0393525_62_2887_3441	CP000239.1:2863853-2864408|CDS|CYA_2848	100.000	555	0	0	1	555	1	555	0.0	1002
Ga0393525_62_2887_3441	CP000240.1:128096-128666|CDS|CYB_0114	84.325	504	73	1	53	550	62	565	2.36e-158	554
Ga0393525_63_680_1375	CP000239.1:2409289-2409985|CDS|CYA_2399	100.000	696	0	0	1	696	1	696	0.0	1256
Ga0393525_63_680_1375	CP000240.1:2781227-2781923|CDS|CYB_2694	87.356	696	88	0	1	696	1	696	0.0	859
Ga0393525_63_1901_3361	CP000239.1:2407303-2408917|CDS|CYA_2396	99.932	1461	1	0	1	1461	154	1614	0.0	2631
Ga0393525_63_1901_3361	CP000240.1:2779283-2780882|CDS|CYB_2692	83.813	1458	234	2	1	1457	139	1595	0.0	1559
Ga0393525_64_188_1324	CP000239.1:1530409-1531546|CDS|CYA_1520	98.065	1137	22	0	1	1137	1	1137	0.0	1952
Ga0393525_64_188_1324	CP000240.1:1129403-1130540|CDS|CYB_1095	88.899	1135	126	0	1	1135	1	1135	0.0	1480
Ga0393525_64_1489_2100	CP000239.1:1529633-1530245|CDS|CYA_1519	100.000	612	0	0	1	612	1	612	0.0	1104
Ga0393525_64_1489_2100	CP000240.1:1128615-1129227|CDS|CYB_1094	88.235	612	72	0	1	612	1	612	0.0	780
Ga0393525_64_2343_3338	CP000239.1:1527846-1529391|CDS|CYA_1518	99.799	996	2	0	1	996	550	1545	0.0	1788
Ga0393525_64_2343_3338	CP000240.1:2328105-2329659|CDS|CYB_2225	85.141	996	148	0	1	996	559	1554	0.0	1130
Ga0393525_65_661_1398	CP000239.1:45988-46711|CDS|CYA_0047	99.447	723	4	0	16	738	1	723	0.0	1287
Ga0393525_65_661_1398	CP000240.1:1228691-1229426|CDS|CYB_1190	86.122	735	90	1	16	738	1	735	0.0	873
Ga0393525_65_1599_2609	CP000239.1:44777-45890|CDS|CYA_0046	99.209	1011	8	0	1	1011	103	1113	0.0	1788
Ga0393525_65_1599_2609	CP000240.1:1229528-1230635|CDS|CYB_1191	86.561	1012	134	2	1	1011	97	1107	0.0	1205
Ga0393525_65_2668_3420	CP000239.1:43924-44719|CDS|CYA_0045	100.000	753	0	0	1	753	43	795	0.0	1359
Ga0393525_66_374_733	CP000239.1:1542428-1543451|CDS|CYA_1531	99.722	360	1	0	1	360	549	190	0.0	645
Ga0393525_66_374_733	CP000240.1:552871-553828|CDS|CYB_0538	84.831	356	54	0	1	356	462	107	7.25e-112	399
Ga0393525_66_1161_1913	CP000239.1:1543566-1544442|CDS|CYA_1532	99.602	753	3	0	1	753	124	876	0.0	1345
Ga0393525_66_1161_1913	CP000240.1:553988-555035|CDS|CYB_0539	87.779	671	82	0	1	671	232	902	0.0	841
Ga0393525_66_1919_2389	CP000239.1:1544447-1544918|CDS|CYA_1533	99.788	471	1	0	1	471	1	471	0.0	846
Ga0393525_66_1919_2389	CP000240.1:556211-556736|CDS|CYB_0541	85.996	457	64	0	1	457	1	457	5.32e-153	536
Ga0393525_66_2627_2851	CP000239.1:1545155-1545380|CDS|CYA_1534	100.000	225	0	0	1	225	1	225	2.94e-114	407
Ga0393525_66_2627_2851	CP000240.1:556996-557377|CDS|CYB_0544	88.444	225	26	0	1	225	157	381	5.68e-79	289
Ga0393525_67_331_1119	CP000240.1:771271-772054|CDS|CYB_0748	92.976	783	55	0	7	789	1	783	0.0	1165
Ga0393525_67_331_1119	CP000239.1:2076421-2077198|CDS|CYA_2058	88.064	754	90	0	7	760	1	754	0.0	955
Ga0393525_67_1258_2640	CP000239.1:2077342-2078725|CDS|CYA_2059	96.457	1383	49	0	1	1383	1	1383	0.0	2274
Ga0393525_67_1258_2640	CP000240.1:772179-773562|CDS|CYB_0749	88.668	1359	152	2	1	1358	1	1358	0.0	1750
Ga0393525_70_1_108	CP000239.1:1749681-1749852|CDS|CYA_1745	100.000	108	0	0	1	108	64	171	4.11e-51	196
Ga0393525_70_192_1727	CP000239.1:1749935-1751471|CDS|CYA_1746	95.641	1537	65	2	1	1536	1	1536	0.0	2463
Ga0393525_70_192_1727	CP000240.1:229470-231006|CDS|CYB_0218	85.714	1540	212	6	1	1536	1	1536	0.0	1766
Ga0393525_71_184_441	CP000239.1:2100755-2101133|CDS|CYA_2080	100.000	258	0	0	1	258	121	378	4.16e-132	466
Ga0393525_71_652_2820	CP000239.1:2098220-2100545|CDS|CYA_2079	99.908	2169	2	0	1	2169	157	2325	0.0	3903
Ga0393525_71_652_2820	CP000240.1:1643058-1645161|CDS|CYB_1571	86.939	2006	256	2	1	2000	1	2006	0.0	2434
Ga0393525_72_20_253	CP000239.1:2188311-2189625|CDS|CYA_2172	97.500	240	0	1	1	234	1075	1314	3.07e-114	407
Ga0393525_72_20_253	CP000240.1:751291-752581|CDS|CYB_0731	82.700	237	35	1	1	231	1045	1281	2.21e-65	244
Ga0393525_72_483_1202	CP000239.1:2189854-2190574|CDS|CYA_2173	99.861	720	1	0	1	720	1	720	0.0	1295
Ga0393525_72_1350_1901	CP000239.1:2190748-2191273|CDS|CYA_2174	99.810	525	1	0	28	552	1	525	0.0	943
Ga0393525_72_1350_1901	CP000240.1:514666-515191|CDS|CYB_0503	88.190	525	62	0	28	552	1	525	0.0	668
Ga0393525_72_1905_2615	CP000239.1:2191276-2191987|CDS|CYA_2175	99.859	711	1	0	1	711	1	711	0.0	1278
Ga0393525_72_1905_2615	CP000240.1:513958-514663|CDS|CYB_0502	82.148	689	123	0	18	706	12	700	0.0	689
Ga0393525_73_13_1167	CP000239.1:2324912-2326232|CDS|CYA_2323	98.874	1155	13	0	1	1155	166	1320	0.0	2025
Ga0393525_73_13_1167	CP000240.1:2138246-2139731|CDS|CYB_2037	86.580	1155	155	0	1	1155	331	1485	0.0	1385
Ga0393525_73_1198_1890	CP000239.1:2326262-2326955|CDS|CYA_2325	99.711	693	2	0	1	693	1	693	0.0	1242
Ga0393525_73_1198_1890	CP000240.1:2139781-2140498|CDS|CYB_2038	83.138	682	115	0	12	693	36	717	0.0	712
Ga0393525_73_1847_2896	CP000239.1:2326911-2327961|CDS|CYA_2324	99.810	1050	2	0	1	1050	1	1050	0.0	1885
Ga0393525_73_1847_2896	CP000240.1:1850374-1851397|CDS|CYB_1766	77.557	1007	216	4	1	1002	1	1002	0.0	789
Ga0393525_74_607_1695	CP000239.1:1540473-1541559|CDS|CYA_1529	99.725	1089	0	1	1	1089	1	1086	0.0	1949
Ga0393525_74_607_1695	CP000240.1:342763-343864|CDS|CYB_0326	78.982	1061	218	3	11	1067	20	1079	0.0	900
Ga0393525_74_1775_2767	CP000239.1:1539401-1540394|CDS|CYA_1528	99.899	993	1	0	1	993	1	993	0.0	1787
Ga0393525_74_1775_2767	CP000240.1:341669-342692|CDS|CYB_0325	83.822	989	160	0	1	989	1	989	0.0	1063
Ga0393525_75_26_1228	CP000239.1:2806201-2807254|CDS|CYA_2786	97.436	1053	27	0	151	1203	1	1053	0.0	1778
Ga0393525_75_26_1228	CP000240.1:2574289-2575342|CDS|CYB_2478	90.313	1053	102	0	151	1203	1	1053	0.0	1440
Ga0393525_75_1341_1949	CP000240.1:2572675-2574028|CDS|CYB_2477	96.880	609	19	0	1	609	745	1353	0.0	1013
Ga0393525_75_1341_1949	CP000239.1:2804597-2805950|CDS|CYA_2785	92.434	608	46	0	1	608	745	1352	0.0	890
Ga0393525_75_1977_2711	CP000239.1:2804597-2805950|CDS|CYA_2785	98.177	713	13	0	19	731	1	713	0.0	1228
Ga0393525_75_1977_2711	CP000240.1:2572675-2574028|CDS|CYB_2477	91.469	715	61	0	19	733	1	715	0.0	1015
Ga0393525_76_4_219	CP000239.1:2362619-2363096|CDS|CYA_2355	99.537	216	1	0	1	216	262	477	9.18e-108	386
Ga0393525_76_4_219	CP000239.1:2085206-2085683|CDS|CYA_2064	99.537	216	1	0	1	216	262	477	9.18e-108	386
Ga0393525_76_4_219	CP000239.1:2610754-2611231|CDS|CYA_2587	99.074	216	2	0	1	216	262	477	1.12e-106	381
Ga0393525_76_4_219	CP000239.1:2604255-2604732|CDS|CYA_2580	99.074	216	2	0	1	216	262	477	1.12e-106	381
Ga0393525_76_4_219	CP000239.1:2426211-2426688|CDS|CYA_2415	99.074	216	2	0	1	216	262	477	1.12e-106	381
Ga0393525_76_4_219	CP000239.1:1922539-1923016|CDS|CYA_1913	99.074	216	2	0	1	216	262	477	1.12e-106	381
Ga0393525_76_4_219	CP000239.1:563303-563780|CDS|CYA_0549	99.074	216	2	0	1	216	262	477	1.12e-106	381
Ga0393525_76_4_219	CP000239.1:65282-65759|CDS|CYA_0068	99.074	216	2	0	1	216	262	477	1.12e-106	381
Ga0393525_76_4_219	CP000239.1:2237233-2237710|CDS|CYA_2221	98.611	216	3	0	1	216	262	477	4.75e-105	377
Ga0393525_76_4_219	CP000239.1:1968829-1969306|CDS|CYA_1958	98.611	216	3	0	1	216	262	477	4.75e-105	377
Ga0393525_76_4_219	CP000239.1:1161245-1161722|CDS|CYA_1137	98.611	216	3	0	1	216	262	477	4.75e-105	377
Ga0393525_76_4_219	CP000239.1:152387-152861|CDS|CYA_0156	99.052	211	2	0	1	211	262	472	5.79e-104	372
Ga0393525_76_4_219	CP000239.1:2741014-2741329|CDS|CYA_2724	97.685	216	5	0	1	216	100	315	2.46e-102	368
Ga0393525_76_4_219	CP000239.1:2654704-2655019|CDS|CYA_2640	97.685	216	5	0	1	216	100	315	2.46e-102	368
Ga0393525_76_4_219	CP000239.1:1153630-1154107|CDS|CYA_1128	97.685	216	5	0	1	216	262	477	2.46e-102	368
Ga0393525_76_790_897	CP000240.1:2300204-2300507|CDS|CYB_2192	76.923	91	21	0	1	91	202	292	4.11e-13	70.7
Ga0393525_76_790_897	CP000239.1:906578-906881|CDS|CYA_0898	76.923	91	21	0	1	91	202	292	4.11e-13	70.7
Ga0393525_76_1331_1597	CP000239.1:455920-457171|CDS|CYA_0436	81.229	293	29	3	1	267	917	625	1.97e-79	291
Ga0393525_76_1650_1931	CP000239.1:455920-457171|CDS|CYA_0436	94.326	282	16	0	1	282	970	1251	2.23e-123	437
Ga0393525_76_2092_2874	CP000239.1:2656898-2658311|CDS|CYA_2642	99.872	783	1	0	1	783	631	1413	0.0	1408
Ga0393525_76_2092_2874	CP000240.1:1192104-1193532|CDS|CYB_1152	84.647	736	98	1	16	736	646	1381	0.0	828
Ga0393525_77_3_332	CP000239.1:1639355-1640204|CDS|CYA_1639	100.000	330	0	0	1	330	520	849	4.45e-171	596
Ga0393525_77_539_1645	CP000239.1:1640410-1641823|CDS|CYA_1640	98.184	936	0	1	1	919	1	936	0.0	1623
Ga0393525_77_539_1645	CP000240.1:1611314-1612730|CDS|CYB_1536	84.524	924	126	1	13	919	13	936	0.0	1033
Ga0393525_77_1555_2358	CP000239.1:1638376-1639180|CDS|CYA_1638	100.000	804	0	0	1	804	1	804	0.0	1451
Ga0393525_77_1555_2358	CP000240.1:1609361-1610156|CDS|CYB_1534	87.626	792	92	1	1	792	1	786	0.0	988
Ga0393525_78_357_2591	CP000239.1:2782775-2785574|CDS|CYA_2759	97.718	2235	51	0	1	2235	565	2799	0.0	3801
Ga0393525_78_357_2591	CP000240.1:786056-788822|CDS|CYB_0765	85.157	2203	319	2	1	2199	565	2763	0.0	2498
Ga0393525_80_622_918	CP000239.1:509830-510205|CDS|CYA_0494	100.000	297	0	0	1	297	79	375	3.27e-153	536
Ga0393525_80_622_918	CP000240.1:561906-562269|CDS|CYB_0551	82.890	263	45	0	1	263	70	332	2.07e-73	272
Ga0393525_80_938_1270	CP000239.1:509433-509811|CDS|CYA_0493	100.000	333	0	0	1	333	46	378	1.06e-172	601
Ga0393525_80_1555_1803	CP000239.1:508946-509195|CDS|CYA_0492	100.000	249	0	0	1	249	1	249	3.08e-127	450
Ga0393525_80_1555_1803	CP000240.1:561038-561287|CDS|CYB_0549	89.879	247	25	0	1	247	1	247	5.95e-92	334
Ga0393525_80_1964_2428	CP000239.1:508162-508786|CDS|CYA_0491	99.785	465	1	0	1	465	160	624	0.0	835
Ga0393525_80_1964_2428	CP000240.1:558957-559566|CDS|CYB_0547	88.326	454	53	0	2	455	146	599	4.91e-166	581
Ga0393525_81_3_530	CP000239.1:1946053-1946593|CDS|CYA_1934	99.811	528	1	0	1	528	13	540	0.0	948
Ga0393525_81_3_530	CP000240.1:120506-121046|CDS|CYB_0105	83.650	526	86	0	1	526	13	538	1.51e-160	562
Ga0393525_81_654_1067	CP000239.1:1946704-1947118|CDS|CYA_1935	99.517	414	2	0	1	414	1	414	0.0	738
Ga0393525_81_654_1067	CP000240.1:121121-121568|CDS|CYB_0106	81.963	377	68	0	11	387	53	429	3.35e-104	374
Ga0393525_82_23_433	CP000239.1:862121-863051|CDS|CYA_0853	100.000	411	0	0	1	411	520	930	0.0	742
Ga0393525_82_23_433	CP000240.1:1464368-1465361|CDS|CYB_1392	91.727	411	34	0	1	411	583	993	8.32e-169	589
Ga0393525_82_597_1610	CP000239.1:863214-864228|CDS|CYA_0855	99.901	1014	1	0	1	1014	1	1014	0.0	1825
Ga0393525_82_597_1610	CP000240.1:1465525-1466551|CDS|CYB_1393	88.889	1026	102	1	1	1014	1	1026	0.0	1343
Ga0393525_82_1601_2203	CP000239.1:864218-864821|CDS|CYA_0856	100.000	603	0	0	1	603	1	603	0.0	1088
Ga0393525_83_166_921	CP000239.1:2683754-2684510|CDS|CYA_2667	99.735	756	2	0	1	756	1	756	0.0	1355
Ga0393525_83_166_921	CP000240.1:2526098-2526854|CDS|CYB_2430	78.968	756	159	0	1	756	1	756	0.0	647
Ga0393525_83_1272_1853	CP000239.1:2682822-2683404|CDS|CYA_2665	100.000	582	0	0	1	582	1	582	0.0	1050
Ga0393525_83_1272_1853	CP000240.1:2525263-2525857|CDS|CYB_2427	80.134	599	95	4	1	581	1	593	3.67e-156	548
Ga0393525_84_1097_1909	CP000239.1:483070-483883|CDS|CYA_0469	97.909	813	17	0	1	813	1	813	0.0	1390
Ga0393525_84_1097_1909	CP000240.1:246058-246871|CDS|CYB_0237	83.354	811	135	0	1	811	1	811	0.0	855
Ga0393525_84_1916_2164	CP000239.1:483889-484933|CDS|CYA_0470	92.369	249	19	0	1	249	796	1044	3.51e-101	364
Ga0393525_84_1916_2164	CP000240.1:246877-247921|CDS|CYB_0238	82.591	247	43	0	1	247	796	1042	1.60e-67	252
Ga0393525_85_1737_2018	CP000239.1:584809-585091|CDS|CYA_0570	100.000	282	0	0	1	282	1	282	4.29e-145	509
Ga0393525_85_1737_2018	CP000240.1:1375773-1376055|CDS|CYB_1311	91.103	281	25	0	1	281	1	281	2.38e-110	395
