Ga0393486_01_942_1703	CP000240.1:501273-502899|CDS|CYB_0488	99.042	731	7	0	32	762	896	1626	0.0	1287
Ga0393486_01_942_1703	CP000239.1:1910602-1912207|CDS|CYA_1900	90.483	704	67	0	34	737	886	1589	0.0	968
Ga0393486_01_1968_3050	CP000240.1:499935-501054|CDS|CYB_0487	98.338	1083	18	0	1	1083	37	1119	0.0	1873
Ga0393486_01_1968_3050	CP000239.1:1006631-1007750|CDS|CYA_0993	84.395	1083	169	0	1	1083	37	1119	0.0	1192
Ga0393486_01_3111_3818	CP000240.1:499167-499875|CDS|CYB_0486	96.469	708	25	0	1	708	1	708	0.0	1165
Ga0393486_01_3111_3818	CP000239.1:1007813-1008518|CDS|CYA_0994	80.085	708	138	1	1	708	1	705	0.0	640
Ga0393486_01_3818_4540	CP000240.1:498466-499168|CDS|CYB_0485	98.538	684	10	0	1	684	1	684	0.0	1189
Ga0393486_01_3818_4540	CP000239.1:1008517-1009240|CDS|CYA_0995	79.945	723	145	0	1	723	1	723	0.0	651
Ga0393486_01_4806_6923	CP000239.1:1009527-1011699|CDS|CYA_0996	86.688	2171	234	11	1	2118	4	2172	0.0	2613
Ga0393486_01_8806_9372	CP000240.1:495353-495920|CDS|CYB_0483	97.884	567	12	0	1	567	1	567	0.0	969
Ga0393486_01_8806_9372	CP000239.1:1014351-1014918|CDS|CYA_1001	85.538	567	82	0	1	567	1	567	0.0	654
Ga0393486_01_9450_11036	CP000240.1:493689-495231|CDS|CYB_0482	97.730	1542	35	0	46	1587	1	1542	0.0	2624
Ga0393486_01_9450_11036	CP000239.1:1015045-1016581|CDS|CYA_1002	84.932	1533	223	3	47	1575	2	1530	0.0	1718
Ga0393486_01_11052_12494	CP000240.1:492231-493674|CDS|CYB_0481	95.703	1443	62	0	1	1443	1	1443	0.0	2324
Ga0393486_01_11052_12494	CP000239.1:1016585-1018019|CDS|CYA_1003	88.017	1427	162	1	1	1427	1	1418	0.0	1807
Ga0393486_01_12706_12960	CP000240.1:491705-491966|CDS|CYB_0480	90.909	231	21	0	1	231	31	261	1.10e-88	323
Ga0393486_01_12706_12960	CP000239.1:1018221-1018578|CDS|CYA_1004	86.364	198	27	0	27	224	117	314	1.26e-62	236
Ga0393486_01_13160_13351	CP000240.1:490116-491037|CDS|CYB_0479	95.882	170	7	0	1	170	1	170	1.05e-74	276
Ga0393486_01_13160_13351	CP000239.1:1018843-1019764|CDS|CYA_1005	92.941	170	12	0	1	170	1	170	3.42e-68	253
Ga0393486_01_13753_16446	CP000240.1:439913-442607|CDS|CYB_0431	97.810	2694	59	0	1	2694	1	2694	0.0	4593
Ga0393486_01_13753_16446	CP000239.1:1817210-1819907|CDS|CYA_1814	96.626	2697	88	1	1	2694	1	2697	0.0	4452
Ga0393486_01_13753_16446	CP000239.1:1852541-1855241|CDS|CYA_1851	89.074	2700	289	2	1	2694	1	2700	0.0	3536
Ga0393486_02_29_829	CP000240.1:1961939-1962740|CDS|CYB_1877	98.752	801	10	0	1	801	1	801	0.0	1400
Ga0393486_02_988_2088	CP000240.1:1962898-1964065|CDS|CYB_1878	99.273	1101	8	0	1	1101	67	1167	0.0	1950
Ga0393486_02_988_2088	CP000239.1:825881-827066|CDS|CYA_0815	87.829	1101	134	0	1	1101	85	1185	0.0	1382
Ga0393486_02_2230_2832	CP000240.1:1964140-1964701|CDS|CYB_1879	99.822	561	1	0	43	603	1	561	0.0	1008
Ga0393486_02_2230_2832	CP000239.1:825280-825838|CDS|CYA_0814	82.143	560	97	1	43	602	1	557	2.11e-159	558
Ga0393486_02_2894_3817	CP000240.1:1964804-1965716|CDS|CYB_1880	98.684	912	12	0	13	924	1	912	0.0	1591
Ga0393486_02_2894_3817	CP000239.1:150949-151867|CDS|CYA_0154	87.047	911	118	0	13	923	1	911	0.0	1112
Ga0393486_02_3900_4574	CP000240.1:1965809-1966484|CDS|CYB_1881	99.704	675	2	0	1	675	1	675	0.0	1209
Ga0393486_02_3900_4574	CP000239.1:150182-150857|CDS|CYA_0153	98.222	675	12	0	1	675	1	675	0.0	1164
Ga0393486_02_4561_5490	CP000239.1:149266-150196|CDS|CYA_0152	99.785	930	2	0	1	930	1	930	0.0	1669
Ga0393486_02_4561_5490	CP000240.1:1966470-1967400|CDS|CYB_1882	99.677	930	3	0	1	930	1	930	0.0	1664
Ga0393486_02_5495_6088	CP000239.1:148368-149262|CDS|CYA_0151	100.000	594	0	0	1	594	301	894	0.0	1072
Ga0393486_02_5495_6088	CP000240.1:1967404-1968298|CDS|CYB_1883	99.663	594	2	0	1	594	301	894	0.0	1063
Ga0393486_02_6385_7386	CP000239.1:147370-148372|CDS|CYA_0150	99.900	1002	1	0	1	1002	1	1002	0.0	1803
Ga0393486_02_6385_7386	CP000240.1:1968294-1969296|CDS|CYB_1884	99.601	1002	4	0	1	1002	1	1002	0.0	1790
Ga0393486_02_7371_8939	CP000239.1:145760-147386|CDS|CYA_0149	99.681	1569	5	0	1	1569	58	1626	0.0	2808
Ga0393486_02_7371_8939	CP000240.1:1969280-1970906|CDS|CYB_1885	99.554	1569	7	0	1	1569	58	1626	0.0	2799
Ga0393486_02_9889_12165	CP000240.1:1971811-1974076|CDS|CYB_1886	99.868	2265	3	0	13	2277	1	2265	0.0	4072
Ga0393486_02_9889_12165	CP000239.1:142591-144856|CDS|CYA_0148	99.691	2265	7	0	13	2277	1	2265	0.0	4054
Ga0393486_02_9889_12165	CP000239.1:164139-166383|CDS|CYA_0167	80.009	2211	434	7	37	2243	25	2231	0.0	1971
Ga0393486_02_12343_13029	CP000240.1:1974253-1974940|CDS|CYB_1887	98.690	687	9	0	1	687	1	687	0.0	1199
Ga0393486_02_12343_13029	CP000239.1:141728-142415|CDS|CYA_0147	87.336	687	87	0	1	687	1	687	0.0	847
Ga0393486_02_13225_13974	CP000240.1:1975133-1975883|CDS|CYB_1888	96.400	750	27	0	1	750	1	750	0.0	1232
Ga0393486_02_13225_13974	CP000239.1:140471-141203|CDS|CYA_0146	85.185	729	108	0	2	730	2	730	0.0	829
Ga0393486_03_491_2707	CP000240.1:2754665-2756882|CDS|CYB_2668	99.369	2217	14	0	1	2217	1	2217	0.0	3936
Ga0393486_03_491_2707	CP000239.1:2123363-2125556|CDS|CYA_2106	83.865	2163	343	2	1	2160	1	2160	0.0	2324
Ga0393486_03_3146_4192	CP000240.1:2757303-2758350|CDS|CYB_2669	99.045	1047	10	0	1	1047	1	1047	0.0	1844
Ga0393486_03_3146_4192	CP000239.1:2125968-2127015|CDS|CYA_2109	90.449	1047	100	0	1	1047	1	1047	0.0	1438
Ga0393486_03_4366_4731	CP000240.1:2758340-2758889|CDS|CYB_2670	99.454	366	2	0	1	366	184	549	0.0	652
Ga0393486_03_4366_4731	CP000239.1:2127005-2127473|CDS|CYA_2110	98.246	285	5	0	1	285	184	468	1.52e-139	492
Ga0393486_03_4813_6525	CP000240.1:2758982-2760683|CDS|CYB_2671	98.236	1701	30	0	13	1713	1	1701	0.0	2933
Ga0393486_03_4813_6525	CP000239.1:2127640-2129362|CDS|CYA_2111	86.833	1686	222	0	13	1698	1	1686	0.0	2040
Ga0393486_03_6531_7475	CP000240.1:2760688-2761633|CDS|CYB_2672	98.836	945	11	0	1	945	1	945	0.0	1655
Ga0393486_03_6531_7475	CP000239.1:2129477-2130422|CDS|CYA_2112	85.064	944	141	0	1	944	1	944	0.0	1067
Ga0393486_03_7537_9057	CP000240.1:2761694-2763215|CDS|CYB_2673	99.014	1521	15	0	1	1521	1	1521	0.0	2676
Ga0393486_03_7537_9057	CP000239.1:2130467-2131988|CDS|CYA_2113	88.626	1521	173	0	1	1521	1	1521	0.0	1964
Ga0393486_03_9102_9650	CP000240.1:2763259-2763808|CDS|CYB_2674	97.268	549	15	0	1	549	1	549	0.0	923
Ga0393486_03_9102_9650	CP000239.1:2132047-2132596|CDS|CYA_2114	81.569	548	101	0	1	548	1	548	7.62e-152	534
Ga0393486_03_9671_10261	CP000240.1:2763828-2764392|CDS|CYB_2675	97.872	564	12	0	28	591	1	564	0.0	964
Ga0393486_03_9671_10261	CP000239.1:2132612-2133155|CDS|CYA_2115	82.035	462	83	0	129	590	81	542	1.49e-129	460
Ga0393486_03_10270_10743	CP000240.1:2764427-2764901|CDS|CYB_2676	98.312	474	8	0	1	474	1	474	0.0	820
Ga0393486_03_10270_10743	CP000239.1:2133208-2133682|CDS|CYA_2116	82.900	462	79	0	12	473	12	473	4.40e-135	478
Ga0393486_03_10846_11091	CP000239.1:2133776-2134022|CDS|CYA_2117	87.705	244	30	0	1	244	1	244	8.16e-84	306
Ga0393486_03_10846_11091	CP000240.1:2764995-2765241|CDS|CYB_2677	87.347	245	31	0	1	245	1	245	9.94e-83	303
Ga0393486_03_11312_12064	CP000240.1:2765469-2766216|CDS|CYB_2679	96.386	747	27	0	7	753	1	747	0.0	1226
Ga0393486_03_11312_12064	CP000239.1:2134251-2134998|CDS|CYA_2119	89.692	747	77	0	7	753	1	747	0.0	1001
Ga0393486_03_12064_12456	CP000240.1:2766221-2766614|CDS|CYB_2680	100.000	393	0	0	1	393	1	393	0.0	710
Ga0393486_03_12064_12456	CP000239.1:2135003-2135384|CDS|CYA_2120	87.328	363	43	1	31	393	22	381	6.11e-126	446
Ga0393486_04_746_1987	CP000240.1:1822505-1823747|CDS|CYB_1740	99.839	1242	2	0	1	1242	1	1242	0.0	2232
Ga0393486_04_746_1987	CP000239.1:2659823-2661062|CDS|CYA_2644	83.628	1130	185	0	1	1130	1	1130	0.0	1205
Ga0393486_04_2234_2968	CP000240.1:1823993-1824728|CDS|CYB_1741	99.456	735	4	0	1	735	1	735	0.0	1308
Ga0393486_04_2234_2968	CP000239.1:2658592-2659321|CDS|CYA_2643	86.207	725	100	0	1	725	1	725	0.0	857
Ga0393486_04_3192_4346	CP000240.1:95175-96330|CDS|CYB_0081	97.056	1155	34	0	1	1155	1	1155	0.0	1930
Ga0393486_04_3192_4346	CP000240.1:269596-270751|CDS|CYB_0258	96.364	1155	42	0	1	1155	1	1155	0.0	1894
Ga0393486_04_3192_4346	CP000240.1:2789871-2791026|CDS|CYB_2701	95.931	1155	47	0	1	1155	1	1155	0.0	1872
Ga0393486_04_3192_4346	CP000240.1:1235562-1236717|CDS|CYB_1195	95.671	1155	50	0	1	1155	1	1155	0.0	1858
Ga0393486_04_3192_4346	CP000240.1:2745261-2746416|CDS|CYB_2657	95.411	1155	53	0	1	1155	1	1155	0.0	1845
Ga0393486_04_3192_4346	CP000240.1:1824951-1826106|CDS|CYB_1742	95.238	1155	55	0	1	1155	1	1155	0.0	1836
Ga0393486_04_3192_4346	CP000240.1:559712-560867|CDS|CYB_0548	95.238	1155	55	0	1	1155	1	1155	0.0	1836
Ga0393486_04_4604_5356	CP000240.1:1826361-1827114|CDS|CYB_1743	99.203	753	6	0	1	753	1	753	0.0	1332
Ga0393486_04_4604_5356	CP000239.1:865477-866230|CDS|CYA_0858	87.977	707	85	0	1	707	1	707	0.0	893
Ga0393486_04_5583_6494	CP000240.1:1827308-1828232|CDS|CYB_1744	98.684	912	12	0	1	912	13	924	0.0	1591
Ga0393486_04_5583_6494	CP000239.1:866402-867308|CDS|CYA_0859	87.500	912	108	1	1	912	1	906	0.0	1132
Ga0393486_04_6567_7415	CP000240.1:1828304-1829153|CDS|CYB_1745	99.647	849	3	0	1	849	1	849	0.0	1518
Ga0393486_04_7519_8202	CP000240.1:1829256-1829940|CDS|CYB_1746	97.368	684	18	0	1	684	1	684	0.0	1153
Ga0393486_04_7519_8202	CP000239.1:867734-868409|CDS|CYA_0860	92.825	669	48	0	16	684	7	675	0.0	991
Ga0393486_04_8982_9356	CP000240.1:1830518-1831094|CDS|CYB_1747	99.467	375	2	0	1	375	202	576	0.0	668
Ga0393486_04_8982_9356	CP000239.1:868982-869552|CDS|CYA_0861	90.133	375	37	0	1	375	196	570	5.81e-145	510
Ga0393486_04_9401_10165	CP000240.1:1831099-1831903|CDS|CYB_1749	98.824	765	9	0	1	765	40	804	0.0	1340
Ga0393486_04_9401_10165	CP000239.1:869557-870361|CDS|CYA_0863	86.536	765	103	0	1	765	40	804	0.0	916
Ga0393486_04_10162_11247	CP000240.1:1831899-1833117|CDS|CYB_1748	99.816	1085	2	0	2	1086	134	1218	0.0	1948
Ga0393486_04_10162_11247	CP000239.1:870346-871561|CDS|CYA_0862	83.877	1073	170	1	1	1073	133	1202	0.0	1154
Ga0393486_04_11250_11762	CP000240.1:1833257-1833770|CDS|CYB_1750	98.830	513	6	0	1	513	1	513	0.0	899
Ga0393486_04_11250_11762	CP000239.1:715288-715768|CDS|CYA_0707	87.473	455	55	2	1	454	1	454	6.22e-159	557
Ga0393486_05_1704_2573	CP000240.1:1292498-1293338|CDS|CYB_1244	99.395	827	5	0	1	827	1	827	0.0	1470
Ga0393486_05_1704_2573	CP000239.1:208310-209162|CDS|CYA_0203	83.575	828	134	2	1	827	1	827	0.0	874
Ga0393486_05_2620_2859	CP000240.1:1293384-1293609|CDS|CYB_1245	100.000	225	0	0	16	240	1	225	3.16e-114	407
Ga0393486_05_2620_2859	CP000239.1:209207-209429|CDS|CYA_0204	92.444	225	14	1	16	240	1	222	2.43e-90	328
Ga0393486_05_3330_3848	CP000240.1:1293728-1294613|CDS|CYB_1246	99.037	519	5	0	1	519	367	885	0.0	914
Ga0393486_05_3965_4117	CP000240.1:1294729-1294882|CDS|CYB_1247	98.039	153	3	0	1	153	1	153	5.13e-71	263
Ga0393486_05_3965_4117	CP000239.1:209708-209861|CDS|CYA_0205	91.391	151	13	0	1	151	1	151	2.33e-56	214
Ga0393486_05_4388_5116	CP000240.1:1295152-1296829|CDS|CYB_1248	97.257	729	20	0	1	729	949	1677	0.0	1225
Ga0393486_05_4388_5116	CP000239.1:210132-211803|CDS|CYA_0206	85.597	729	105	0	1	729	943	1671	0.0	842
Ga0393486_05_5571_5849	CP000240.1:1295152-1296829|CDS|CYB_1248	98.208	279	5	0	1	279	495	217	2.06e-136	481
Ga0393486_05_5571_5849	CP000239.1:210132-211803|CDS|CYA_0206	89.259	270	29	0	1	270	495	226	5.91e-99	357
Ga0393486_05_5828_7195	CP000240.1:1303585-1308193|CDS|CYB_1253	100.000	1225	0	0	1	1225	1	1225	0.0	2210
Ga0393486_05_5828_7195	CP000239.1:2721144-2725752|CDS|CYA_2704	83.347	1231	205	0	1	1231	1	1231	0.0	1297
Ga0393486_05_8311_10182	CP000240.1:1300590-1302462|CDS|CYB_1251	97.489	1872	47	0	1	1872	1	1872	0.0	3165
Ga0393486_05_8311_10182	CP000239.1:211883-213749|CDS|CYA_0207	84.179	1833	290	0	1	1833	1	1833	0.0	1999
Ga0393486_06_509_880	CP000240.1:1371846-1372218|CDS|CYB_1308	97.043	372	11	0	1	372	1	372	1.27e-178	622
Ga0393486_06_509_880	CP000239.1:581170-581542|CDS|CYA_0567	83.602	372	61	0	1	372	1	372	9.14e-111	397
Ga0393486_06_870_2564	CP000240.1:1370138-1371857|CDS|CYB_1307	97.292	1662	45	0	1	1662	1	1662	0.0	2795
Ga0393486_06_870_2564	CP000239.1:579513-581181|CDS|CYA_0566	88.161	1588	188	0	29	1616	29	1616	0.0	2017
Ga0393486_06_2639_3355	CP000240.1:1369404-1370121|CDS|CYB_1306	97.908	717	15	0	1	717	1	717	0.0	1226
Ga0393486_06_2639_3355	CP000239.1:578721-579414|CDS|CYA_0565	75.070	718	146	6	1	710	1	693	3.08e-139	491
Ga0393486_06_3385_3903	CP000240.1:1368868-1369348|CDS|CYB_1305	93.496	492	20	1	28	519	1	480	0.0	750
Ga0393486_06_3385_3903	CP000239.1:578156-578693|CDS|CYA_0564	82.353	459	73	3	1	452	1	458	4.54e-129	457
Ga0393486_06_4011_6353	CP000240.1:1366406-1368746|CDS|CYB_1304	98.632	2340	20	2	16	2343	1	2340	0.0	4078
Ga0393486_06_6409_6948	CP000240.1:1365813-1366362|CDS|CYB_1303	96.667	540	18	0	1	540	10	549	0.0	893
Ga0393486_06_7538_8353	CP000240.1:1364732-1365587|CDS|CYB_1302	99.132	806	7	0	1	806	49	854	0.0	1423
Ga0393486_06_7538_8353	CP000239.1:1865039-1865843|CDS|CYA_1860	81.530	758	140	0	1	758	1	758	0.0	737
Ga0393486_07_352_837	CP000240.1:579741-580272|CDS|CYB_0571	98.971	486	5	0	1	486	46	531	0.0	855
Ga0393486_07_352_837	CP000239.1:541606-542092|CDS|CYA_0526	89.429	473	50	0	1	473	1	473	1.13e-180	628
Ga0393486_07_977_1750	CP000240.1:580503-581184|CDS|CYB_0572	96.182	681	26	0	94	774	1	681	0.0	1112
Ga0393486_07_977_1750	CP000239.1:540750-541434|CDS|CYA_0525	87.130	676	87	0	99	774	9	684	0.0	828
Ga0393486_07_977_1750	CP000239.1:842102-842786|CDS|CYA_0831	72.333	600	154	4	156	749	48	641	8.37e-90	327
Ga0393486_07_1810_2091	CP000240.1:581243-581525|CDS|CYB_0573	96.454	282	10	0	1	282	1	282	1.60e-131	464
Ga0393486_07_1810_2091	CP000239.1:539817-540696|CDS|CYA_0524	74.138	290	46	5	1	282	1	269	1.83e-48	189
Ga0393486_07_2153_2746	CP000240.1:581586-582180|CDS|CYB_0574	98.822	594	7	0	1	594	1	594	0.0	1040
Ga0393486_07_2153_2746	CP000239.1:539817-540696|CDS|CYA_0524	77.273	462	66	3	1	462	355	777	3.30e-106	382
Ga0393486_07_2771_3241	CP000240.1:582204-582675|CDS|CYB_0575	97.877	471	10	0	1	471	1	471	0.0	805
Ga0393486_07_2771_3241	CP000239.1:539315-539795|CDS|CYA_0523	85.350	471	69	0	1	471	10	480	1.52e-153	539
Ga0393486_07_3360_4049	CP000240.1:582863-583553|CDS|CYB_0576	96.047	683	27	0	8	690	8	690	0.0	1111
Ga0393486_07_3360_4049	CP000239.1:538609-539299|CDS|CYA_0522	88.551	690	79	0	1	690	1	690	0.0	889
Ga0393486_07_4087_4560	CP000240.1:583590-584298|CDS|CYB_0577	97.468	474	12	0	1	474	235	708	0.0	801
Ga0393486_07_4087_4560	CP000239.1:2242916-2243624|CDS|CYA_2228	88.608	474	54	0	1	474	235	708	8.48e-176	612
Ga0393486_07_5079_6323	CP000240.1:584582-585827|CDS|CYB_0578	98.554	1245	18	0	1	1245	1	1245	0.0	2165
Ga0393486_07_5079_6323	CP000239.1:2244161-2245424|CDS|CYA_2229	85.973	1269	144	6	1	1243	1	1261	0.0	1490
Ga0393486_07_6876_7775	CP000240.1:586179-587103|CDS|CYB_0579	94.805	924	24	2	1	900	1	924	0.0	1463
Ga0393486_07_6876_7775	CP000239.1:2245575-2246475|CDS|CYA_2230	89.138	893	97	0	1	893	1	893	0.0	1174
Ga0393486_07_7801_8769	CP000240.1:587129-588098|CDS|CYB_0580	99.174	969	8	0	1	969	1	969	0.0	1712
Ga0393486_07_7801_8769	CP000239.1:2246496-2247465|CDS|CYA_2231	87.307	969	123	0	1	969	1	969	0.0	1194
Ga0393486_07_8766_9383	CP000240.1:588094-588712|CDS|CYB_0581	99.838	618	1	0	1	618	1	618	0.0	1111
Ga0393486_07_8766_9383	CP000239.1:2247461-2248079|CDS|CYA_2232	88.130	615	73	0	2	616	2	616	0.0	781
Ga0393486_08_2382_3179	CP000240.1:1927882-1928686|CDS|CYB_1841	93.159	804	49	2	1	798	1	804	0.0	1199
Ga0393486_08_2382_3179	CP000239.1:845335-846118|CDS|CYA_0837	77.586	812	139	11	1	798	1	783	0.0	634
Ga0393486_08_3361_3762	CP000240.1:1927299-1927701|CDS|CYB_1840	99.502	402	2	0	1	402	1	402	0.0	717
Ga0393486_08_3361_3762	CP000239.1:844767-845169|CDS|CYA_0835	83.750	400	64	1	1	399	1	400	2.05e-119	425
Ga0393486_08_4147_4446	CP000240.1:1926540-1926915|CDS|CYB_1839	99.333	300	2	0	1	300	76	375	4.02e-152	533
Ga0393486_08_4147_4446	CP000239.1:844396-844771|CDS|CYA_0836	79.795	292	59	0	7	298	82	373	3.78e-70	261
Ga0393486_08_4625_5311	CP000240.1:1925750-1926437|CDS|CYB_1838	96.943	687	21	0	1	687	1	687	0.0	1145
Ga0393486_08_4625_5311	CP000239.1:843615-844305|CDS|CYA_0834	86.625	643	86	0	39	681	39	681	0.0	773
Ga0393486_08_6884_7342	CP000240.1:1925043-1925481|CDS|CYB_1837	99.087	438	4	0	22	459	1	438	0.0	773
Ga0393486_08_6884_7342	CP000239.1:843079-843559|CDS|CYA_0833	82.805	442	76	0	1	442	1	442	1.39e-128	455
Ga0393486_08_7379_7630	CP000240.1:1924734-1924986|CDS|CYB_1836	99.603	252	1	0	1	252	1	252	3.12e-127	451
Ga0393486_08_7379_7630	CP000239.1:842782-843034|CDS|CYA_0832	79.221	231	48	0	22	252	22	252	2.57e-52	201
Ga0393486_08_7627_8310	CP000240.1:1924054-1924738|CDS|CYB_1835	97.953	684	14	0	1	684	1	684	0.0	1171
Ga0393486_08_7627_8310	CP000239.1:842102-842786|CDS|CYA_0831	86.696	684	91	0	1	684	1	684	0.0	824
Ga0393486_08_8500_8766	CP000240.1:1923467-1923731|CDS|CYB_1834	98.425	254	4	0	1	254	1	254	1.72e-124	441
Ga0393486_08_8500_8766	CP000239.1:841732-841951|CDS|CYA_0830	86.603	209	28	0	46	254	1	209	1.73e-67	251
Ga0393486_09_273_677	CP000240.1:850393-851338|CDS|CYB_0821	99.506	405	2	0	1	405	516	112	0.0	722
Ga0393486_09_273_677	CP000239.1:2835538-2836483|CDS|CYA_2817	90.025	401	40	0	2	402	515	115	3.06e-155	544
Ga0393486_09_758_1108	CP000240.1:850393-851338|CDS|CYB_0821	99.430	351	2	0	1	351	595	945	9.77e-180	625
Ga0393486_09_758_1108	CP000239.1:2835538-2836483|CDS|CYA_2817	85.106	329	49	0	23	351	617	945	9.80e-104	373
Ga0393486_09_1430_1696	CP000240.1:858030-858567|CDS|CYB_0827	97.674	258	6	0	1	258	256	513	6.01e-124	439
Ga0393486_09_1430_1696	CP000239.1:2843282-2843699|CDS|CYA_2825	78.378	222	26	3	4	223	166	367	4.95e-49	191
Ga0393486_09_1983_3224	CP000240.1:856503-857697|CDS|CYB_0826	98.576	1194	17	0	49	1242	1	1194	0.0	2077
Ga0393486_09_1983_3224	CP000239.1:2841988-2843173|CDS|CYA_2824	82.133	1069	152	8	174	1242	156	1185	0.0	1067
Ga0393486_09_3538_4284	CP000240.1:855382-856177|CDS|CYB_0825	98.661	747	10	0	1	747	49	795	0.0	1303
Ga0393486_09_3538_4284	CP000239.1:2840400-2841195|CDS|CYA_2822	88.693	681	77	0	67	747	115	795	0.0	882
Ga0393486_09_4436_4963	CP000240.1:854763-855291|CDS|CYB_0824	100.000	528	0	0	1	528	1	528	0.0	953
Ga0393486_09_4436_4963	CP000239.1:2839763-2840309|CDS|CYA_2821	80.734	545	85	5	1	526	1	544	1.02e-143	506
Ga0393486_09_5217_6584	CP000240.1:853142-854510|CDS|CYB_0823	97.807	1368	30	0	1	1368	1	1368	0.0	2333
Ga0393486_09_5217_6584	CP000239.1:2838132-2839500|CDS|CYA_2820	87.090	1371	171	4	1	1368	1	1368	0.0	1663
Ga0393486_10_3076_3549	CP000239.1:1896113-1896587|CDS|CYA_1888	100.000	474	0	0	1	474	1	474	0.0	856
Ga0393486_10_3076_3549	CP000240.1:268364-268817|CDS|CYB_0253	83.812	383	62	0	92	474	71	453	1.54e-115	412
Ga0393486_10_3596_4378	CP000240.1:267543-268326|CDS|CYB_0252	91.860	774	63	0	1	774	1	774	0.0	1113
Ga0393486_10_3596_4378	CP000239.1:1896633-1897416|CDS|CYA_1889	88.760	774	87	0	10	783	10	783	0.0	1004
Ga0393486_11_1742_2659	CP000240.1:983879-984797|CDS|CYB_0948	98.257	918	16	0	1	918	1	918	0.0	1584
Ga0393486_11_1742_2659	CP000239.1:218391-219309|CDS|CYA_0211	86.710	918	122	0	1	918	1	918	0.0	1106
Ga0393486_11_2671_3390	CP000240.1:983148-983868|CDS|CYB_0947	98.194	720	13	0	1	720	1	720	0.0	1241
Ga0393486_11_2671_3390	CP000239.1:219320-220040|CDS|CYA_0212	82.222	720	128	0	1	720	1	720	0.0	722
Ga0393486_11_3390_5021	CP000240.1:981445-983149|CDS|CYB_0946	98.162	1632	30	0	1	1632	73	1704	0.0	2809
Ga0393486_11_3390_5021	CP000239.1:220039-221776|CDS|CYA_0213	85.172	1632	230	2	7	1632	112	1737	0.0	1855
Ga0393486_11_5129_5440	CP000240.1:981104-981416|CDS|CYB_0945	95.192	312	15	0	1	312	1	312	1.05e-140	496
Ga0393486_11_5129_5440	CP000239.1:221772-222084|CDS|CYA_0214	86.218	312	43	0	1	312	1	312	1.06e-102	370
Ga0393486_11_5565_6290	CP000240.1:980237-980963|CDS|CYB_0944	99.036	726	7	0	1	726	1	726	0.0	1278
Ga0393486_11_5565_6290	CP000239.1:222223-222949|CDS|CYA_0215	87.569	724	90	0	1	724	1	724	0.0	901
Ga0393486_13_493_978	CP000240.1:1313017-1314289|CDS|CYB_1257	100.000	389	0	0	1	389	1	389	0.0	702
Ga0393486_13_1081_2970	CP000240.1:1310953-1312915|CDS|CYB_1256	95.926	1890	77	0	1	1890	73	1962	0.0	3062
Ga0393486_13_3084_4559	CP000240.1:1309436-1310912|CDS|CYB_1255	96.748	1476	48	0	1	1476	1	1476	0.0	2446
Ga0393486_13_3084_4559	CP000239.1:2718425-2719907|CDS|CYA_2702	85.300	1483	206	5	1	1474	1	1480	0.0	1681
Ga0393486_13_4607_5698	CP000240.1:1308297-1309389|CDS|CYB_1254	97.985	1092	22	0	1	1092	1	1092	0.0	1871
Ga0393486_13_4607_5698	CP000239.1:2719953-2721045|CDS|CYA_2703	88.553	1092	125	0	1	1092	1	1092	0.0	1407
Ga0393486_13_5803_6204	CP000240.1:1303585-1308193|CDS|CYB_1253	98.756	402	5	0	1	402	4207	4608	0.0	703
Ga0393486_13_5803_6204	CP000239.1:2721144-2725752|CDS|CYA_2704	90.025	401	40	0	1	401	4207	4607	3.03e-155	544
Ga0393486_14_498_1733	CP000240.1:52430-53648|CDS|CYB_0041	94.828	1218	63	0	19	1236	1	1218	0.0	1913
Ga0393486_14_498_1733	CP000240.1:2796782-2798000|CDS|CYB_2707	94.007	1218	73	0	19	1236	1	1218	0.0	1868
Ga0393486_14_498_1733	CP000240.1:1521392-1522610|CDS|CYB_1450	92.190	1242	49	2	19	1236	1	1218	0.0	1838
Ga0393486_14_498_1733	CP000240.1:2644164-2645358|CDS|CYB_2538	93.103	1218	60	1	19	1236	1	1194	0.0	1836
Ga0393486_14_498_1733	CP000240.1:1358129-1359347|CDS|CYB_1297	91.546	1242	57	2	19	1236	1	1218	0.0	1801
Ga0393486_14_498_1733	CP000240.1:1083184-1084426|CDS|CYB_1042	91.143	1242	86	1	19	1236	1	1242	0.0	1762
Ga0393486_14_498_1733	CP000240.1:638632-639850|CDS|CYB_0630	90.741	1242	67	2	19	1236	1	1218	0.0	1756
Ga0393486_14_498_1733	CP000240.1:1803089-1804283|CDS|CYB_1722	91.544	1218	79	1	19	1236	1	1194	0.0	1750
Ga0393486_14_498_1733	CP000240.1:3008652-3009870|CDS|CYB_2910	90.419	1242	71	2	19	1236	1	1218	0.0	1738
Ga0393486_14_498_1733	CP000240.1:1190675-1191869|CDS|CYB_1151	91.222	1219	81	3	19	1236	1	1194	0.0	1727
Ga0393486_14_498_1733	CP000240.1:2830275-2831565|CDS|CYB_2735	90.323	1240	79	2	19	1234	1	1223	0.0	1724
Ga0393486_14_498_1733	CP000240.1:1954838-1956056|CDS|CYB_1872	91.051	1218	109	0	19	1236	1	1218	0.0	1706
Ga0393486_14_498_1733	CP000240.1:1064975-1066169|CDS|CYB_1023	90.230	1218	95	1	19	1236	1	1194	0.0	1678
Ga0393486_14_498_1733	CP000239.1:2170714-2171908|CDS|CYA_2158	89.984	1218	98	1	19	1236	1	1194	0.0	1664
Ga0393486_14_498_1733	CP000239.1:774779-775973|CDS|CYA_0767	89.163	1218	108	1	19	1236	1	1194	0.0	1619
Ga0393486_14_498_1733	CP000240.1:481588-482800|CDS|CYB_0472	88.743	1217	111	3	19	1234	1	1192	0.0	1588
Ga0393486_14_498_1733	CP000240.1:2661652-2662870|CDS|CYB_2557	88.342	1218	142	0	19	1236	1	1218	0.0	1557
Ga0393486_14_498_1733	CP000240.1:2210858-2212052|CDS|CYB_2117	87.603	1218	127	1	19	1236	1	1194	0.0	1534
Ga0393486_14_498_1733	CP000240.1:2168360-2169515|CDS|CYB_2071	89.121	1149	101	1	19	1167	1	1125	0.0	1526
Ga0393486_14_498_1733	CP000240.1:2553363-2554557|CDS|CYB_2454	87.438	1218	129	1	19	1236	1	1194	0.0	1525
Ga0393486_14_498_1733	CP000239.1:712444-713638|CDS|CYA_0704	87.274	1218	131	1	19	1236	1	1194	0.0	1516
Ga0393486_14_498_1733	CP000239.1:629980-631174|CDS|CYA_0620	87.028	1218	134	1	19	1236	1	1194	0.0	1502
Ga0393486_14_498_1733	CP000240.1:2619921-2621115|CDS|CYB_2521	86.218	1219	142	3	19	1236	1	1194	0.0	1452
Ga0393486_14_498_1733	CP000240.1:102811-104029|CDS|CYB_0087	86.616	1173	109	2	19	1167	1	1149	0.0	1443
Ga0393486_14_498_1733	CP000240.1:1316312-1317548|CDS|CYB_1259	84.758	1240	141	2	19	1234	1	1216	0.0	1419
Ga0393486_14_498_1733	CP000239.1:698055-699204|CDS|CYA_0690	87.271	1147	146	0	19	1165	1	1147	0.0	1411
Ga0393486_14_498_1733	CP000240.1:1842322-1843549|CDS|CYB_1759	85.833	1207	165	3	19	1222	1	1204	0.0	1398
Ga0393486_14_498_1733	CP000240.1:1267756-1268992|CDS|CYB_1227	84.287	1241	145	4	19	1234	1	1216	0.0	1387
Ga0393486_14_498_1733	CP000240.1:1244785-1246021|CDS|CYB_1201	83.871	1240	152	2	19	1234	1	1216	0.0	1370
Ga0393486_14_498_1733	CP000240.1:2933473-2934709|CDS|CYB_2835	83.801	1247	140	8	19	1234	1	1216	0.0	1359
Ga0393486_14_498_1733	CP000239.1:994256-995468|CDS|CYA_0981	84.457	1216	165	1	19	1234	1	1192	0.0	1359
Ga0393486_14_498_1733	CP000240.1:1015074-1016268|CDS|CYB_0979	85.503	1152	137	3	19	1167	1	1125	0.0	1339
Ga0393486_14_498_1733	CP000240.1:629484-630702|CDS|CYB_0620	83.293	1245	154	4	19	1236	1	1218	0.0	1339
Ga0393486_14_498_1733	CP000240.1:2247371-2248565|CDS|CYB_2147	85.466	1149	143	1	19	1167	1	1125	0.0	1337
Ga0393486_14_498_1733	CP000239.1:1594889-1596107|CDS|CYA_1585	85.379	1149	144	1	19	1167	1	1125	0.0	1333
Ga0393486_14_498_1733	CP000240.1:605550-606744|CDS|CYB_0598	83.662	1218	175	1	19	1236	1	1194	0.0	1317
Ga0393486_14_498_1733	CP000239.1:893439-894633|CDS|CYA_0887	84.549	1152	148	3	19	1167	1	1125	0.0	1289
Ga0393486_14_498_1733	CP000240.1:241642-242836|CDS|CYB_0233	84.174	1150	156	3	19	1167	1	1125	0.0	1264
Ga0393486_14_498_1733	CP000240.1:2565689-2566883|CDS|CYB_2468	82.419	1149	178	1	19	1167	1	1125	0.0	1179
Ga0393486_14_498_1733	CP000240.1:345730-346924|CDS|CYB_0329	82.378	1152	173	3	19	1167	1	1125	0.0	1177
Ga0393486_14_498_1733	CP000240.1:1384265-1385459|CDS|CYB_1322	81.984	1149	183	1	19	1167	1	1125	0.0	1157
Ga0393486_14_498_1733	CP000240.1:2506708-2507857|CDS|CYB_2410	79.101	1134	141	6	19	1056	1	1134	0.0	1037
Ga0393486_14_498_1733	CP000240.1:2128026-2129220|CDS|CYB_2026	78.788	1155	209	8	19	1167	1	1125	0.0	976
Ga0393486_14_498_1733	CP000240.1:2219258-2220470|CDS|CYB_2126	77.678	1223	235	10	19	1234	1	1192	0.0	965
Ga0393486_14_498_1733	CP000239.1:693322-694534|CDS|CYA_0687	77.396	1221	242	6	19	1234	1	1192	0.0	962
Ga0393486_14_498_1733	CP000240.1:1763450-1764623|CDS|CYB_1688	77.036	1154	231	10	19	1167	1	1125	0.0	873
Ga0393486_14_498_1733	CP000240.1:1917270-1918464|CDS|CYB_1826	76.430	1154	238	10	19	1167	1	1125	0.0	841
Ga0393486_14_498_1733	CP000239.1:88305-89487|CDS|CYA_0091	74.584	1141	240	6	24	1157	6	1103	0.0	769
Ga0393486_14_2016_3542	CP000240.1:1359647-1361204|CDS|CYB_1298	98.297	1527	26	0	1	1527	31	1557	0.0	2637
Ga0393486_14_2016_3542	CP000239.1:1861250-1862810|CDS|CYA_1857	83.378	1504	247	1	17	1520	53	1553	0.0	1584
Ga0393486_14_3776_4795	CP000240.1:1361407-1362427|CDS|CYB_1300	98.137	1020	19	0	1	1020	1	1020	0.0	1755
Ga0393486_14_4778_5728	CP000240.1:1362409-1363360|CDS|CYB_1299	98.738	951	12	0	1	951	1	951	0.0	1662
Ga0393486_14_4778_5728	CP000239.1:1862897-1863845|CDS|CYA_1858	85.078	898	134	0	48	945	45	942	0.0	1016
Ga0393486_14_5722_5997	CP000240.1:1363353-1364508|CDS|CYB_1301	100.000	276	0	0	1	276	880	1155	7.58e-142	499
Ga0393486_14_5722_5997	CP000239.1:1863838-1864972|CDS|CYA_1859	77.978	277	59	2	1	276	859	1134	3.69e-57	218
Ga0393486_15_34_213	CP000240.1:1336293-1337025|CDS|CYB_1281	97.222	180	5	0	1	180	553	732	7.00e-83	303
Ga0393486_15_34_213	CP000239.1:1635201-1635933|CDS|CYA_1633	88.889	180	20	0	1	180	553	732	8.53e-63	235
Ga0393486_15_359_1660	CP000240.1:1334810-1336124|CDS|CYB_1280	94.872	1326	8	2	25	1302	1	1314	0.0	2131
Ga0393486_15_359_1660	CP000239.1:1633706-1634978|CDS|CYA_1632	91.451	1275	55	5	79	1302	1	1272	0.0	1835
Ga0393486_15_1780_2388	CP000240.1:1334082-1334691|CDS|CYB_1279	99.835	605	1	0	1	605	1	605	0.0	1087
Ga0393486_15_1780_2388	CP000239.1:1632978-1633587|CDS|CYA_1631	85.124	605	90	0	1	605	1	605	0.0	686
Ga0393486_15_2452_2775	CP000240.1:1333696-1334005|CDS|CYB_1278	96.440	309	11	0	16	324	1	309	1.74e-144	508
Ga0393486_15_2452_2775	CP000239.1:1632593-1632902|CDS|CYA_1630	87.379	309	39	0	16	324	1	309	1.74e-106	382
Ga0393486_15_3299_3478	CP000240.1:1331509-1331944|CDS|CYB_1274	100.000	180	0	0	1	180	365	186	6.13e-90	325
Ga0393486_15_3299_3478	CP000239.1:2882339-2882792|CDS|CYA_2864	80.899	178	32	2	4	180	380	204	1.54e-40	161
Ga0393486_15_3517_3702	CP000240.1:1331509-1331944|CDS|CYB_1274	98.639	147	2	0	1	147	147	1	2.71e-69	257
Ga0393486_15_3833_5074	CP000240.1:1842322-1843549|CDS|CYB_1759	92.706	1179	62	1	1	1179	1	1155	0.0	1756
Ga0393486_15_3833_5074	CP000240.1:1384265-1385459|CDS|CYB_1322	90.419	1242	71	2	1	1242	1	1194	0.0	1738
Ga0393486_15_3833_5074	CP000239.1:893439-894633|CDS|CYA_0887	90.016	1242	76	2	1	1242	1	1194	0.0	1716
Ga0393486_15_3833_5074	CP000239.1:994256-995468|CDS|CYA_0981	91.475	1173	52	2	1	1173	1	1125	0.0	1700
Ga0393486_15_3833_5074	CP000240.1:345730-346924|CDS|CYB_0329	89.694	1242	80	2	1	1242	1	1194	0.0	1698
Ga0393486_15_3833_5074	CP000239.1:1594889-1596107|CDS|CYA_1585	88.713	1267	69	5	1	1242	1	1218	0.0	1685
Ga0393486_15_3833_5074	CP000240.1:1015074-1016268|CDS|CYB_0979	89.372	1242	84	2	1	1242	1	1194	0.0	1680
Ga0393486_15_3833_5074	CP000240.1:2565689-2566883|CDS|CYB_2468	89.050	1242	88	2	1	1242	1	1194	0.0	1662
Ga0393486_15_3833_5074	CP000240.1:241642-242836|CDS|CYB_0233	89.059	1243	86	4	1	1242	1	1194	0.0	1656
Ga0393486_15_3833_5074	CP000240.1:2247371-2248565|CDS|CYB_2147	88.737	1243	90	5	1	1242	1	1194	0.0	1634
Ga0393486_15_3833_5074	CP000240.1:629484-630702|CDS|CYB_0620	89.483	1179	100	1	1	1179	1	1155	0.0	1585
Ga0393486_15_3833_5074	CP000240.1:2661652-2662870|CDS|CYB_2557	89.258	1173	102	1	1	1173	1	1149	0.0	1565
Ga0393486_15_3833_5074	CP000240.1:2933473-2934709|CDS|CYB_2835	89.012	1174	103	3	1	1173	1	1149	0.0	1546
Ga0393486_15_3833_5074	CP000239.1:698055-699204|CDS|CYA_0690	88.813	1171	107	1	1	1171	1	1147	0.0	1539
Ga0393486_15_3833_5074	CP000240.1:1267756-1268992|CDS|CYB_1227	87.905	1174	116	3	1	1173	1	1149	0.0	1488
Ga0393486_15_3833_5074	CP000239.1:629980-631174|CDS|CYA_0620	87.127	1173	103	2	1	1173	1	1125	0.0	1470
Ga0393486_15_3833_5074	CP000240.1:2830275-2831565|CDS|CYB_2735	86.243	1243	170	1	1	1242	1	1243	0.0	1468
Ga0393486_15_3833_5074	CP000240.1:1083184-1084426|CDS|CYB_1042	86.599	1179	158	0	1	1179	1	1179	0.0	1415
Ga0393486_15_3833_5074	CP000240.1:2619921-2621115|CDS|CYB_2521	85.605	1174	119	4	1	1173	1	1125	0.0	1383
Ga0393486_15_3833_5074	CP000240.1:1316312-1317548|CDS|CYB_1259	84.211	1197	117	3	1	1173	1	1149	0.0	1359
Ga0393486_15_3833_5074	CP000240.1:481588-482800|CDS|CYB_0472	85.094	1174	125	4	1	1173	1	1125	0.0	1356
Ga0393486_15_3833_5074	CP000240.1:1244785-1246021|CDS|CYB_1201	84.043	1197	119	3	1	1173	1	1149	0.0	1350
Ga0393486_15_3833_5074	CP000240.1:102811-104029|CDS|CYB_0087	83.736	1242	178	1	1	1242	1	1218	0.0	1347
Ga0393486_15_3833_5074	CP000240.1:2796782-2798000|CDS|CYB_2707	85.081	1173	151	1	1	1173	1	1149	0.0	1344
Ga0393486_15_3833_5074	CP000240.1:52430-53648|CDS|CYB_0041	84.902	1179	154	1	1	1179	1	1155	0.0	1342
Ga0393486_15_3833_5074	CP000240.1:3008652-3009870|CDS|CYB_2910	84.818	1179	155	1	1	1179	1	1155	0.0	1337
Ga0393486_15_3833_5074	CP000240.1:2168360-2169515|CDS|CYB_2071	83.791	1203	147	2	1	1203	1	1155	0.0	1325
Ga0393486_15_3833_5074	CP000240.1:1954838-1956056|CDS|CYB_1872	84.661	1180	155	3	1	1179	1	1155	0.0	1323
Ga0393486_15_3833_5074	CP000240.1:2210858-2212052|CDS|CYB_2117	84.327	1174	134	4	1	1173	1	1125	0.0	1315
Ga0393486_15_3833_5074	CP000240.1:605550-606744|CDS|CYB_0598	84.054	1179	140	2	1	1179	1	1131	0.0	1314
Ga0393486_15_3833_5074	CP000240.1:638632-639850|CDS|CYB_0630	84.228	1173	161	1	1	1173	1	1149	0.0	1299
Ga0393486_15_3833_5074	CP000239.1:712444-713638|CDS|CYA_0704	83.898	1180	140	4	1	1179	1	1131	0.0	1299
Ga0393486_15_3833_5074	CP000240.1:1521392-1522610|CDS|CYB_1450	83.973	1173	164	1	1	1173	1	1149	0.0	1286
Ga0393486_15_3833_5074	CP000240.1:1190675-1191869|CDS|CYB_1151	83.731	1174	141	4	1	1173	1	1125	0.0	1284
Ga0393486_15_3833_5074	CP000240.1:2644164-2645358|CDS|CYB_2538	83.205	1173	149	3	1	1173	1	1125	0.0	1258
Ga0393486_15_3833_5074	CP000240.1:1064975-1066169|CDS|CYB_1023	82.353	1173	159	2	1	1173	1	1125	0.0	1217
Ga0393486_15_3833_5074	CP000240.1:1358129-1359347|CDS|CYB_1297	82.609	1173	180	1	1	1173	1	1149	0.0	1214
Ga0393486_15_3833_5074	CP000240.1:1803089-1804283|CDS|CYB_1722	82.188	1179	162	3	1	1179	1	1131	0.0	1210
Ga0393486_15_3833_5074	CP000239.1:2170714-2171908|CDS|CYA_2158	82.019	1179	164	2	1	1179	1	1131	0.0	1205
Ga0393486_15_3833_5074	CP000240.1:2506708-2507857|CDS|CYB_2410	81.858	1130	131	4	1	1057	1	1129	0.0	1163
Ga0393486_15_3833_5074	CP000239.1:774779-775973|CDS|CYA_0767	81.159	1173	173	2	1	1173	1	1125	0.0	1154
Ga0393486_15_3833_5074	CP000240.1:2553363-2554557|CDS|CYB_2454	80.989	1173	175	2	1	1173	1	1125	0.0	1145
Ga0393486_15_3833_5074	CP000240.1:2128026-2129220|CDS|CYB_2026	78.715	1245	211	7	1	1242	1	1194	0.0	1068
Ga0393486_15_3833_5074	CP000240.1:1917270-1918464|CDS|CYB_1826	77.546	1247	222	12	1	1242	1	1194	0.0	985
Ga0393486_15_3833_5074	CP000240.1:1763450-1764623|CDS|CYB_1688	77.224	1225	221	12	1	1220	1	1172	0.0	950
Ga0393486_15_3833_5074	CP000240.1:2219258-2220470|CDS|CYB_2126	76.525	1180	215	12	1	1173	1	1125	0.0	882
Ga0393486_15_3833_5074	CP000239.1:693322-694534|CDS|CYA_0687	75.637	1178	229	8	1	1173	1	1125	0.0	847
Ga0393486_15_3833_5074	CP000239.1:88305-89487|CDS|CYA_0091	72.526	1172	244	11	1	1163	1	1103	0.0	683
Ga0393486_15_5294_5803	CP000240.1:1330655-1331201|CDS|CYB_1272	93.333	510	34	0	1	510	37	546	0.0	767
Ga0393486_16_192_581	CP000240.1:366609-366999|CDS|CYB_0348	99.231	390	3	0	1	390	1	390	0.0	691
Ga0393486_16_192_581	CP000239.1:500299-500689|CDS|CYA_0482	86.154	390	54	0	1	390	1	390	2.75e-130	461
Ga0393486_16_603_1460	CP000240.1:365637-366588|CDS|CYB_0347	98.368	858	14	0	1	858	94	951	0.0	1485
Ga0393486_16_603_1460	CP000239.1:500692-501478|CDS|CYA_0483	73.919	786	203	2	74	858	2	786	1.57e-137	487
Ga0393486_16_2249_2680	CP000240.1:364813-365245|CDS|CYB_0346	97.222	432	12	0	1	432	1	432	0.0	726
Ga0393486_16_2249_2680	CP000239.1:1723210-1723624|CDS|CYA_1716	84.392	378	59	0	2	379	2	379	1.14e-116	416
Ga0393486_16_2803_3474	CP000240.1:364016-364817|CDS|CYB_0345	96.119	670	26	0	1	670	127	796	0.0	1092
Ga0393486_16_2803_3474	CP000239.1:1722401-1723214|CDS|CYA_1715	74.589	669	156	5	2	666	128	786	8.25e-121	431
Ga0393486_16_3563_3904	CP000239.1:1721995-1722337|CDS|CYA_1714	76.489	319	75	0	23	341	23	341	4.97e-63	238
Ga0393486_16_3886_4386	CP000240.1:362823-363420|CDS|CYB_0344	99.202	501	4	0	1	501	97	597	0.0	886
Ga0393486_16_3886_4386	CP000239.1:1721508-1722021|CDS|CYA_1713	79.752	484	85	5	8	485	15	491	3.15e-118	421
Ga0393486_16_4383_5090	CP000240.1:362119-362827|CDS|CYB_0343	97.860	701	15	0	1	701	1	701	0.0	1197
Ga0393486_16_4383_5090	CP000239.1:1720789-1721488|CDS|CYA_1712	78.280	686	140	2	1	686	1	677	1.68e-161	565
Ga0393486_17_4_849	CP000240.1:2000171-2001233|CDS|CYB_1915	98.818	846	10	0	1	846	217	1062	0.0	1481
Ga0393486_17_4_849	CP000239.1:1736015-1737077|CDS|CYA_1732	98.700	846	11	0	1	846	217	1062	0.0	1477
Ga0393486_17_997_1980	CP000240.1:1999039-2000023|CDS|CYB_1914	99.187	984	8	0	1	984	1	984	0.0	1739
Ga0393486_17_997_1980	CP000239.1:1737225-1738209|CDS|CYA_1733	99.085	984	9	0	1	984	1	984	0.0	1735
Ga0393486_17_2019_2912	CP000240.1:1998107-1999001|CDS|CYB_1913	99.888	894	1	0	1	894	1	894	0.0	1608
Ga0393486_17_2019_2912	CP000239.1:1738247-1739141|CDS|CYA_1734	98.993	894	9	0	1	894	1	894	0.0	1572
Ga0393486_17_2983_3780	CP000240.1:1997239-1998037|CDS|CYB_1912	99.875	798	1	0	1	798	1	798	0.0	1435
Ga0393486_17_2983_3780	CP000239.1:1739211-1740009|CDS|CYA_1735	97.995	798	16	0	1	798	1	798	0.0	1368
Ga0393486_17_2983_3780	CP000240.1:1111281-1112109|CDS|CYB_1074	71.154	624	172	6	57	676	84	703	5.10e-80	295
Ga0393486_17_2983_3780	CP000239.1:1564881-1565709|CDS|CYA_1555	69.808	626	187	2	52	676	79	703	2.03e-72	270
Ga0393486_17_3893_5260	CP000240.1:1995759-1997127|CDS|CYB_1911	96.930	1368	42	0	1	1368	1	1368	0.0	2278
Ga0393486_17_3893_5260	CP000239.1:1740121-1741489|CDS|CYA_1736	96.418	1368	49	0	1	1368	1	1368	0.0	2247
Ga0393486_18_2286_2804	CP000240.1:992535-993054|CDS|CYB_0954	99.615	519	2	0	1	519	1	519	0.0	928
Ga0393486_18_2286_2804	CP000239.1:2824934-2825477|CDS|CYA_2806	87.403	516	65	0	1	516	1	516	0.0	638
Ga0393486_18_3230_3469	CP000240.1:2783381-2784644|CDS|CYB_2696	69.710	241	72	1	1	240	816	576	1.75e-22	103
Ga0393486_18_4108_5388	CP000240.1:989822-991103|CDS|CYB_0952	100.000	1281	0	0	1	1281	1	1281	0.0	2311
Ga0393486_18_4108_5388	CP000239.1:871610-872861|CDS|CYA_0864	79.259	1215	243	2	1	1212	1	1209	0.0	1055
Ga0393486_19_1919_2224	CP000240.1:929514-929820|CDS|CYB_0896	98.039	306	6	0	1	306	1	306	6.10e-150	526
Ga0393486_19_1919_2224	CP000239.1:951097-951415|CDS|CYA_0940	88.514	296	34	0	1	296	1	296	1.64e-106	381
Ga0393486_19_2350_3393	CP000240.1:929855-930989|CDS|CYB_0897	97.701	1044	24	0	1	1044	91	1134	0.0	1775
Ga0393486_19_2350_3393	CP000239.1:951485-952631|CDS|CYA_0941	81.155	1056	181	6	4	1044	94	1146	0.0	997
Ga0393486_19_3473_4078	CP000240.1:931014-931674|CDS|CYB_0898	99.670	606	2	0	1	606	55	660	0.0	1085
Ga0393486_19_3473_4078	CP000239.1:952657-953323|CDS|CYA_0942	76.260	615	131	5	1	606	58	666	1.17e-124	443
Ga0393486_19_4355_5242	CP000240.1:931956-932838|CDS|CYB_0899	98.524	881	13	0	7	887	1	881	0.0	1531
Ga0393486_19_4355_5242	CP000239.1:953466-954468|CDS|CYA_0943	76.201	895	201	4	2	887	110	1001	0.0	647
Ga0393486_20_806_964	CP000240.1:2292823-2292982|CDS|CYB_2188	95.597	159	7	0	1	159	1	159	7.96e-69	256
Ga0393486_20_806_964	CP000239.1:915447-915594|CDS|CYA_0904	85.600	125	18	0	1	125	1	125	1.04e-35	145
Ga0393486_20_1250_1786	CP000240.1:2292056-2292593|CDS|CYB_2187	97.207	537	15	0	1	537	1	537	0.0	902
Ga0393486_20_1250_1786	CP000239.1:915780-916449|CDS|CYA_0905	81.641	512	94	0	26	537	158	669	4.40e-142	500
Ga0393486_20_2077_2487	CP000240.1:2291355-2291877|CDS|CYB_2186	97.080	411	12	0	1	411	112	522	0.0	688
Ga0393486_20_2077_2487	CP000239.1:916526-917060|CDS|CYA_0907	80.867	392	75	0	2	393	122	513	1.41e-102	370
Ga0393486_20_2492_2677	CP000240.1:2291165-2291351|CDS|CYB_2185	97.312	186	5	0	1	186	1	186	4.02e-86	314
Ga0393486_20_2492_2677	CP000239.1:917056-917242|CDS|CYA_0906	84.091	176	28	0	1	176	1	176	9.47e-50	192
Ga0393486_20_3029_3766	CP000240.1:2290063-2290804|CDS|CYB_2183	99.183	734	6	0	1	734	1	734	0.0	1297
Ga0393486_20_3029_3766	CP000239.1:917240-917993|CDS|CYA_0909	74.111	703	162	6	12	710	45	731	1.76e-123	439
Ga0393486_20_3763_4377	CP000240.1:2289332-2290067|CDS|CYB_2184	99.512	615	3	0	1	615	121	735	0.0	1096
Ga0393486_20_3763_4377	CP000239.1:917989-918616|CDS|CYA_0908	80.813	615	100	1	1	615	31	627	1.27e-168	590
Ga0393486_21_298_948	CP000239.1:2248887-2249655|CDS|CYA_2234	73.549	586	125	3	2	572	128	698	1.88e-103	372
Ga0393486_21_977_1636	CP000240.1:590398-591046|CDS|CYB_0584	99.074	648	6	0	13	660	1	648	0.0	1142
Ga0393486_21_977_1636	CP000239.1:2249699-2250320|CDS|CYA_2235	82.862	636	82	5	25	660	13	621	0.0	658
Ga0393486_21_2797_3693	CP000240.1:592182-593079|CDS|CYB_0585	96.210	897	34	0	1	897	1	897	0.0	1465
Ga0393486_21_2797_3693	CP000239.1:877466-878363|CDS|CYA_0871	84.804	895	136	0	1	895	1	895	0.0	1002
Ga0393486_21_3742_4455	CP000240.1:593128-593842|CDS|CYB_0586	93.557	714	46	0	1	714	1	714	0.0	1081
Ga0393486_21_3742_4455	CP000239.1:878416-879133|CDS|CYA_0873	77.279	735	128	12	1	714	1	717	3.06e-158	554
Ga0393486_21_4466_5173	CP000239.1:879143-880196|CDS|CYA_0874	94.678	714	32	1	1	708	340	1053	0.0	1118
Ga0393486_21_4466_5173	CP000240.1:593852-594932|CDS|CYB_0587	87.535	714	83	1	1	708	367	1080	0.0	888
Ga0393486_22_684_2684	CP000240.1:2090887-2092936|CDS|CYB_1988	98.351	2001	33	0	1	2001	49	2049	0.0	3461
Ga0393486_22_684_2684	CP000239.1:1697728-1699789|CDS|CYA_1696	89.909	1982	200	0	2	1983	50	2031	0.0	2673
Ga0393486_22_2851_4551	CP000240.1:2089023-2090721|CDS|CYB_1987	95.701	1698	73	0	4	1701	1	1698	0.0	2734
Ga0393486_22_2851_4551	CP000239.1:1699912-1701610|CDS|CYA_1697	88.575	1698	194	0	4	1701	1	1698	0.0	2188
Ga0393486_23_87_662	CP000240.1:104063-105293|CDS|CYB_0088	99.826	576	1	0	1	576	1137	562	0.0	1035
Ga0393486_23_87_662	CP000239.1:1994054-1995290|CDS|CYA_1976	79.478	575	118	0	2	576	1142	568	1.11e-143	506
Ga0393486_23_736_972	CP000240.1:105273-105510|CDS|CYB_0089	97.297	222	6	0	1	222	1	222	1.84e-104	374
Ga0393486_23_736_972	CP000239.1:1993837-1994074|CDS|CYA_1975	86.498	237	32	0	1	237	1	237	2.56e-77	284
Ga0393486_23_1065_1946	CP000240.1:105602-106484|CDS|CYB_0090	100.000	882	0	0	1	882	1	882	0.0	1591
Ga0393486_23_1065_1946	CP000239.1:1992866-1993736|CDS|CYA_1974	85.731	869	122	2	1	868	1	868	0.0	1002
Ga0393486_23_2210_2458	CP000240.1:107026-107731|CDS|CYB_0091	98.394	249	4	0	1	249	457	705	8.26e-122	432
Ga0393486_23_2210_2458	CP000239.1:2003652-2004384|CDS|CYA_1984	85.141	249	37	0	1	249	484	732	9.44e-77	283
Ga0393486_23_3024_3641	CP000240.1:107840-108458|CDS|CYB_0092	97.890	616	13	0	1	616	1	616	0.0	1053
Ga0393486_23_3024_3641	CP000239.1:2004447-2005065|CDS|CYA_1985	80.743	592	114	0	26	617	26	617	2.64e-158	554
Ga0393486_24_150_791	CP000240.1:37664-38306|CDS|CYB_0029	95.794	642	27	0	1	642	1	642	0.0	1037
Ga0393486_24_150_791	CP000239.1:2597703-2598345|CDS|CYA_2571	82.344	640	113	0	1	640	1	640	0.0	645
Ga0393486_24_960_3818	CP000240.1:34637-37646|CDS|CYB_0028	93.765	2823	146	2	2	2824	152	2944	0.0	4316
Ga0393486_24_3822_4895	CP000240.1:33374-34634|CDS|CYB_0027	97.952	1074	22	0	1	1074	187	1260	0.0	1838
Ga0393486_26_496_732	CP000240.1:371549-371756|CDS|CYB_0355	100.000	207	0	0	31	237	1	207	1.84e-104	374
Ga0393486_26_773_1000	CP000240.1:371796-372024|CDS|CYB_0356	99.561	228	1	0	1	228	1	228	2.98e-114	407
Ga0393486_26_773_1000	CP000239.1:1510330-1510564|CDS|CYA_1501	82.297	209	37	0	20	228	26	234	4.44e-55	211
Ga0393486_26_1154_2218	CP000240.1:372177-373257|CDS|CYB_0357	99.155	1065	9	0	1	1065	16	1080	0.0	1881
Ga0393486_26_1154_2218	CP000239.1:1509141-1510221|CDS|CYA_1500	90.610	1065	100	0	1	1065	16	1080	0.0	1471
Ga0393486_26_2641_3213	CP000240.1:373632-374226|CDS|CYB_0358	96.510	573	20	0	1	573	22	594	0.0	944
Ga0393486_26_2641_3213	CP000239.1:1508119-1508881|CDS|CYA_1498	85.764	576	79	1	1	573	187	762	0.0	668
Ga0393486_26_3250_4128	CP000240.1:374261-375125|CDS|CYB_0359	99.412	851	5	0	1	851	1	851	0.0	1513
Ga0393486_26_3250_4128	CP000239.1:2196565-2197444|CDS|CYA_2180	84.036	877	140	0	1	877	1	877	0.0	951
Ga0393486_27_7_1611	CP000240.1:536867-538766|CDS|CYB_0522	99.377	1605	10	0	1	1605	295	1899	0.0	2850
Ga0393486_27_7_1611	CP000239.1:2158112-2160044|CDS|CYA_2146	79.658	1578	277	8	1	1568	361	1904	0.0	1403
Ga0393486_27_1776_2879	CP000240.1:535599-536703|CDS|CYB_0520	98.460	1104	17	0	1	1104	1	1104	0.0	1915
Ga0393486_27_1776_2879	CP000239.1:929251-930337|CDS|CYA_0920	81.725	1078	191	1	14	1091	2	1073	0.0	1058
Ga0393486_27_2966_3829	CP000240.1:534373-535513|CDS|CYB_0519	98.727	864	11	0	1	864	277	1140	0.0	1509
Ga0393486_27_2966_3829	CP000239.1:2192865-2193981|CDS|CYA_2177	84.463	856	133	0	2	857	254	1109	0.0	945
Ga0393486_28_148_693	CP000240.1:199110-199596|CDS|CYB_0186	100.000	486	0	0	61	546	1	486	0.0	877
Ga0393486_28_148_693	CP000239.1:2808859-2809345|CDS|CYA_2790	86.626	486	65	0	61	546	1	486	4.77e-167	584
Ga0393486_28_698_1381	CP000240.1:198422-199106|CDS|CYB_0185	98.099	684	13	0	1	684	1	684	0.0	1176
Ga0393486_28_698_1381	CP000239.1:2808112-2808793|CDS|CYA_2789	81.187	691	113	5	1	684	1	681	0.0	654
Ga0393486_28_1474_1749	CP000240.1:198054-198330|CDS|CYB_0184	100.000	276	0	0	1	276	1	276	7.58e-142	499
Ga0393486_28_1474_1749	CP000239.1:2807748-2808024|CDS|CYA_2788	87.681	276	34	0	1	276	1	276	1.06e-95	345
Ga0393486_28_1786_2223	CP000240.1:197580-198018|CDS|CYB_0183	98.630	438	6	0	1	438	1	438	0.0	764
Ga0393486_28_1786_2223	CP000239.1:2807278-2807713|CDS|CYA_2787	81.633	392	72	0	1	392	1	392	6.86e-107	383
Ga0393486_28_2320_3513	CP000240.1:196290-197484|CDS|CYB_0182	98.409	1194	19	0	1	1194	1	1194	0.0	2068
Ga0393486_28_2320_3513	CP000239.1:961325-962519|CDS|CYA_0950	83.403	1193	183	4	1	1190	1	1181	0.0	1255
Ga0393486_29_32_544	CP000240.1:2082995-2084942|CDS|CYB_1983	98.635	513	7	0	1	513	1435	1947	0.0	894
Ga0393486_29_32_544	CP000239.1:1705550-1707500|CDS|CYA_1701	87.500	464	58	0	1	464	1435	1898	6.64e-165	576
Ga0393486_29_558_1328	CP000240.1:2084955-2086035|CDS|CYB_1984	97.406	771	20	0	1	771	310	1080	0.0	1301
Ga0393486_29_558_1328	CP000239.1:1704609-1705548|CDS|CYA_1700	86.597	761	102	0	1	761	166	926	0.0	913
Ga0393486_29_1566_3119	CP000240.1:2086060-2087614|CDS|CYB_1985	99.421	1554	9	0	1	1554	1	1554	0.0	2763
Ga0393486_29_1566_3119	CP000239.1:1702906-1704457|CDS|CYA_1699	86.856	1552	201	1	1	1552	1	1549	0.0	1878
Ga0393486_30_687_1982	CP000240.1:2002740-2004036|CDS|CYB_1918	97.145	1296	37	0	1	1296	1	1296	0.0	2171
Ga0393486_30_687_1982	CP000239.1:1733212-1734508|CDS|CYA_1729	94.599	1296	70	0	1	1296	1	1296	0.0	2022
Ga0393486_30_1992_2972	CP000239.1:1734517-1735498|CDS|CYA_1730	97.961	981	20	0	1	981	1	981	0.0	1680
Ga0393486_30_1992_2972	CP000240.1:2001750-2002731|CDS|CYB_1917	97.452	981	25	0	1	981	1	981	0.0	1657
Ga0393486_31_5_241	CP000239.1:206914-207511|CDS|CYA_0201	98.298	235	4	0	1	235	361	595	3.11e-114	407
Ga0393486_31_5_241	CP000240.1:1291087-1291684|CDS|CYB_1242	96.203	237	9	0	1	237	361	597	2.92e-108	388
Ga0393486_32_177_884	CP000240.1:2489432-2489963|CDS|CYB_2387	97.740	531	12	0	178	708	1	531	0.0	904
Ga0393486_32_177_884	CP000239.1:1807061-1807631|CDS|CYA_1805	78.049	574	118	5	139	708	1	570	2.66e-127	453
Ga0393486_32_1328_2449	CP000240.1:2487937-2489140|CDS|CYB_2385	98.039	1122	22	0	1	1122	82	1203	0.0	1925
Ga0393486_32_1328_2449	CP000239.1:1221033-1222236|CDS|CYA_1211	84.870	1117	169	0	1	1117	82	1198	0.0	1253
Ga0393486_34_473_2098	CP000240.1:1959184-1960810|CDS|CYB_1875	99.323	1626	11	0	1	1626	1	1626	0.0	2883
Ga0393486_35_11_355	CP000240.1:1342376-1343864|CDS|CYB_1287	99.710	345	1	0	1	345	1144	1488	1.43e-177	618
Ga0393486_35_11_355	CP000239.1:2016331-2017822|CDS|CYA_2000	70.520	346	63	5	15	345	1170	1491	4.12e-45	178
Ga0393486_35_422_940	CP000240.1:1343930-1344449|CDS|CYB_1288	99.229	519	4	0	1	519	1	519	0.0	919
Ga0393486_35_422_940	CP000239.1:1035069-1035588|CDS|CYA_1016	86.513	519	70	0	1	519	1	519	1.80e-178	621
Ga0393486_35_956_1987	CP000240.1:1344743-1345835|CDS|CYB_1289	97.843	1020	22	0	1	1020	1	1020	0.0	1741
Ga0393486_35_956_1987	CP000239.1:1034022-1035054|CDS|CYA_1015	88.247	1021	120	0	1	1021	1	1021	0.0	1301
Ga0393486_36_759_1871	CP000240.1:779824-780937|CDS|CYB_0758	95.058	1113	55	0	1	1113	1	1113	0.0	1760
Ga0393486_36_1991_2251	CP000240.1:781056-782130|CDS|CYB_0759	99.617	261	1	0	1	261	814	1074	4.21e-132	467
Ga0393486_37_386_703	CP000240.1:1977944-1978208|CDS|CYB_1892	97.992	249	5	0	1	249	13	261	4.58e-120	427
Ga0393486_37_703_2109	CP000240.1:1978195-1979581|CDS|CYB_1893	97.616	1384	33	0	24	1407	3	1386	0.0	2348
Ga0393486_37_2239_2595	CP000240.1:1979707-1980988|CDS|CYB_1894	96.639	357	12	0	1	357	925	1281	2.05e-169	590
Ga0393486_37_2239_2595	CP000239.1:822468-823629|CDS|CYA_0811	85.390	308	45	0	1	308	811	1118	9.35e-98	353
Ga0393486_38_355_1329	CP000239.1:997797-998757|CDS|CYA_0984	96.615	975	18	2	1	975	1	960	0.0	1615
Ga0393486_38_355_1329	CP000240.1:349222-350188|CDS|CYB_0332	94.597	981	32	3	1	975	1	966	0.0	1536
Ga0393486_39_2_415	CP000240.1:1171595-1172774|CDS|CYB_1135	100.000	414	0	0	1	414	766	1179	0.0	747
Ga0393486_39_2_415	CP000239.1:2697359-2698538|CDS|CYA_2683	87.681	414	51	0	1	414	766	1179	4.35e-147	517
Ga0393486_39_549_1115	CP000240.1:1170895-1171462|CDS|CYB_1134	99.647	567	2	0	1	567	1	567	0.0	1014
Ga0393486_39_549_1115	CP000239.1:444196-444757|CDS|CYA_0426	83.275	568	87	4	1	567	1	561	1.42e-167	586
Ga0393486_39_1112_1396	CP000239.1:443915-444200|CDS|CYA_0425	78.246	285	62	0	1	285	1	285	1.42e-62	235
Ga0393486_39_1448_2317	CP000240.1:1169693-1170557|CDS|CYB_1133	100.000	864	0	0	7	870	1	864	0.0	1559
Ga0393486_40_732_2363	CP000240.1:262490-264302|CDS|CYB_0248	99.632	1632	6	0	1	1632	181	1812	0.0	2917
Ga0393486_40_732_2363	CP000239.1:1900193-1901972|CDS|CYA_1893	87.564	1568	171	1	1	1568	190	1733	0.0	1966
Ga0393486_41_3_830	CP000240.1:596530-597382|CDS|CYB_0590	99.758	828	2	0	1	828	25	852	0.0	1485
Ga0393486_41_3_830	CP000239.1:881676-882519|CDS|CYA_0877	86.473	828	103	1	1	828	25	843	0.0	993
Ga0393486_41_997_1971	CP000240.1:595383-596364|CDS|CYB_0589	96.636	981	27	1	1	975	1	981	0.0	1622
Ga0393486_41_997_1971	CP000239.1:880647-881622|CDS|CYA_0876	88.308	975	114	0	1	975	1	975	0.0	1245
Ga0393486_42_179_2215	CP000240.1:986821-989176|CDS|CYB_0950	98.429	2037	32	0	1	2037	319	2355	0.0	3530
Ga0393486_42_179_2215	CP000239.1:214081-216415|CDS|CYA_0208	88.072	2012	238	1	7	2018	325	2334	0.0	2544
