Ga0393424_01_623_2122	CP000239.1:2663699-2665154|CDS|CYA_2648	99.863	1455	2	0	46	1500	1	1455	0.0	2616
Ga0393424_01_623_2122	CP000240.1:1816002-1817544|CDS|CYB_1734	88.006	1434	168	2	43	1473	1	1433	0.0	1806
Ga0393424_01_2342_2866	CP000239.1:2665280-2665898|CDS|CYA_2650	100.000	525	0	0	1	525	94	618	0.0	948
Ga0393424_01_2342_2866	CP000240.1:1815336-1815957|CDS|CYB_1732	87.739	522	64	0	1	522	94	615	0.0	654
Ga0393424_01_2863_3414	CP000239.1:2665894-2666446|CDS|CYA_2649	99.819	552	1	0	1	552	1	552	0.0	992
Ga0393424_01_2863_3414	CP000240.1:1814788-1815340|CDS|CYB_1733	88.949	552	61	0	1	552	1	552	0.0	721
Ga0393424_01_3420_4310	CP000239.1:2666451-2667342|CDS|CYA_2651	100.000	891	0	0	1	891	1	891	0.0	1608
Ga0393424_01_3420_4310	CP000240.1:1813906-1814779|CDS|CYB_1731	88.794	821	92	0	49	869	34	854	0.0	1067
Ga0393424_01_4371_5135	CP000239.1:2667402-2668245|CDS|CYA_2652	100.000	765	0	0	1	765	79	843	0.0	1380
Ga0393424_01_4371_5135	CP000240.1:1812916-1813852|CDS|CYB_1730	82.943	768	122	2	1	765	175	936	0.0	794
Ga0393424_01_5651_8062	CP000239.1:2668682-2671094|CDS|CYA_2653	98.964	2412	25	0	1	2412	1	2412	0.0	4238
Ga0393424_01_5651_8062	CP000240.1:2511617-2514026|CDS|CYB_2416	85.904	2405	332	6	8	2410	8	2407	0.0	2789
Ga0393424_01_8221_8877	CP000239.1:2671273-2671909|CDS|CYA_2654	100.000	636	0	0	22	657	1	636	0.0	1148
Ga0393424_01_8221_8877	CP000240.1:2514221-2514875|CDS|CYB_2417	85.740	561	80	0	22	582	1	561	0.0	652
Ga0393424_01_8874_9638	CP000239.1:2671899-2672670|CDS|CYA_2655	99.869	765	1	0	1	765	7	771	0.0	1376
Ga0393424_01_8874_9638	CP000240.1:2514925-2515690|CDS|CYB_2418	87.367	657	83	0	109	765	109	765	0.0	811
Ga0393424_01_9721_10203	CP000239.1:2672674-2673235|CDS|CYA_2656	100.000	483	0	0	1	483	79	561	0.0	872
Ga0393424_01_9721_10203	CP000240.1:2515694-2516261|CDS|CYB_2419	82.599	454	79	0	9	462	87	540	9.89e-131	463
Ga0393424_01_10211_11206	CP000239.1:2673242-2674238|CDS|CYA_2657	98.996	996	10	0	1	996	1	996	0.0	1752
Ga0393424_01_10211_11206	CP000240.1:2516271-2517282|CDS|CYB_2420	89.377	979	102	2	19	996	34	1011	0.0	1290
Ga0393424_01_11316_12263	CP000239.1:2674362-2675295|CDS|CYA_2658	99.893	933	1	0	16	948	1	933	0.0	1679
Ga0393424_01_12396_14477	CP000239.1:2675505-2677509|CDS|CYA_2659	99.002	2004	20	0	79	2082	1	2004	0.0	3525
Ga0393424_01_12396_14477	CP000240.1:2517516-2519619|CDS|CYB_2421	89.822	2073	187	4	1	2055	1	2067	0.0	2791
Ga0393424_01_14818_15114	CP000239.1:2677849-2678146|CDS|CYA_2661	99.663	297	1	0	1	297	1	297	1.39e-151	532
Ga0393424_01_14818_15114	CP000240.1:2520219-2520537|CDS|CYB_2423	86.071	280	37	2	1	279	1	279	1.30e-88	323
Ga0393424_01_15124_16161	CP000239.1:2678155-2679193|CDS|CYA_2662	99.711	1038	3	0	1	1038	1	1038	0.0	1859
Ga0393424_01_15124_16161	CP000240.1:2520572-2521610|CDS|CYB_2424	88.008	1009	121	0	1	1009	1	1009	0.0	1275
Ga0393424_01_16358_17986	CP000239.1:2679389-2681012|CDS|CYA_2663	99.877	1623	2	0	7	1629	1	1623	0.0	2919
Ga0393424_01_16358_17986	CP000240.1:2521911-2523540|CDS|CYB_2425	84.757	1627	231	6	7	1620	1	1623	0.0	1805
Ga0393424_01_18052_18165	CP000239.1:2681083-2681197|CDS|CYA_2664	100.000	114	0	0	1	114	1	114	2.43e-54	206
Ga0393424_01_18052_18165	CP000240.1:2523603-2523717|CDS|CYB_2426	83.929	112	18	0	1	112	1	112	7.95e-29	122
Ga0393424_01_18877_19794	CP000239.1:2681419-2682826|CDS|CYA_2666	100.000	918	0	0	1	918	490	1407	0.0	1656
Ga0393424_01_18877_19794	CP000240.1:2523863-2525267|CDS|CYB_2428	81.709	913	157	2	1	913	496	1398	0.0	894
Ga0393424_01_19791_20372	CP000239.1:2682822-2683404|CDS|CYA_2665	100.000	582	0	0	1	582	1	582	0.0	1050
Ga0393424_01_19791_20372	CP000240.1:2525263-2525857|CDS|CYB_2427	80.134	599	95	4	1	581	1	593	3.67e-156	548
Ga0393424_01_20723_21478	CP000239.1:2683754-2684510|CDS|CYA_2667	99.868	756	1	0	1	756	1	756	0.0	1360
Ga0393424_01_20723_21478	CP000240.1:2526098-2526854|CDS|CYB_2430	79.101	756	158	0	1	756	1	756	0.0	652
Ga0393424_01_22210_22560	CP000239.1:2685241-2685592|CDS|CYA_2668	100.000	351	0	0	1	351	1	351	0.0	634
Ga0393424_01_22210_22560	CP000240.1:2267645-2268005|CDS|CYB_2164	83.056	360	52	2	1	351	1	360	2.81e-104	374
Ga0393424_01_22771_23763	CP000239.1:2685874-2686795|CDS|CYA_2670	100.000	921	0	0	73	993	1	921	0.0	1662
Ga0393424_01_22771_23763	CP000240.1:2268251-2269172|CDS|CYB_2165	88.491	921	106	0	73	993	1	921	0.0	1184
Ga0393424_01_24039_24554	CP000239.1:2686874-2687585|CDS|CYA_2671	99.806	516	1	0	1	516	196	711	0.0	927
Ga0393424_01_24039_24554	CP000240.1:2269264-2269984|CDS|CYB_2166	87.791	516	63	0	1	516	205	720	0.0	647
Ga0393424_01_24622_26235	CP000239.1:2687652-2689266|CDS|CYA_2672	99.876	1614	2	0	1	1614	1	1614	0.0	2902
Ga0393424_01_24622_26235	CP000240.1:2270082-2271666|CDS|CYB_2167	84.132	1607	225	6	1	1607	1	1577	0.0	1749
Ga0393424_01_26248_27273	CP000239.1:2689278-2690304|CDS|CYA_2673	100.000	1026	0	0	1	1026	1	1026	0.0	1851
Ga0393424_01_26248_27273	CP000240.1:2271678-2272701|CDS|CYB_2168	79.429	1050	165	4	1	1026	1	1023	0.0	948
Ga0393424_01_27231_28157	CP000239.1:2690261-2691098|CDS|CYA_2674	99.881	837	1	0	91	927	1	837	0.0	1506
Ga0393424_01_27231_28157	CP000240.1:2272658-2273516|CDS|CYB_2169	87.531	794	87	1	146	927	65	858	0.0	993
Ga0393424_01_28199_29002	CP000239.1:2691229-2692081|CDS|CYA_2675	99.627	804	3	0	1	804	49	852	0.0	1437
Ga0393424_01_28199_29002	CP000240.1:2273703-2274516|CDS|CYB_2170	87.696	764	92	2	1	763	40	802	0.0	948
Ga0393424_01_29369_29971	CP000239.1:2692423-2693002|CDS|CYA_2676	99.655	579	2	0	25	603	1	579	0.0	1036
Ga0393424_01_29369_29971	CP000240.1:2274846-2275374|CDS|CYB_2171	83.366	511	76	4	25	532	1	505	1.02e-150	529
Ga0393424_01_30299_31762	CP000239.1:2693305-2694793|CDS|CYA_2678	98.975	1464	15	0	1	1464	25	1488	0.0	2573
Ga0393424_01_30299_31762	CP000240.1:2275712-2277212|CDS|CYB_2173	83.893	1459	222	4	1	1446	25	1483	0.0	1566
Ga0393424_01_31831_32841	CP000239.1:2694861-2695872|CDS|CYA_2679	99.802	1011	2	0	1	1011	1	1011	0.0	1815
Ga0393424_01_31831_32841	CP000240.1:2302756-2303761|CDS|CYB_2194	84.537	983	152	0	1	983	1	983	0.0	1088
Ga0393424_01_32913_33248	CP000239.1:2695943-2696279|CDS|CYA_2680	95.238	336	16	0	1	336	1	336	1.30e-152	535
Ga0393424_01_32913_33248	CP000240.1:2303822-2304158|CDS|CYB_2195	84.337	332	52	0	1	332	1	332	1.39e-101	365
Ga0393424_01_33271_33750	CP000239.1:2696301-2696781|CDS|CYA_2681	93.333	480	32	0	1	480	1	480	0.0	722
Ga0393424_01_33271_33750	CP000240.1:2304178-2304658|CDS|CYB_2196	84.355	473	74	0	1	473	1	473	4.17e-148	520
Ga0393424_01_33767_34165	CP000239.1:2696797-2697196|CDS|CYA_2682	96.742	399	13	0	1	399	1	399	0.0	662
Ga0393424_01_33767_34165	CP000240.1:1172962-1173361|CDS|CYB_1136	83.459	399	66	0	1	399	1	399	7.09e-119	423
Ga0393424_01_34329_35507	CP000239.1:2697359-2698538|CDS|CYA_2683	99.235	1177	9	0	1	1177	1	1177	0.0	2083
Ga0393424_01_34329_35507	CP000240.1:1171595-1172774|CDS|CYB_1135	87.915	1175	142	0	1	1175	1	1175	0.0	1480
Ga0393424_02_453_1085	CP000239.1:2279867-2280500|CDS|CYA_2271	99.842	633	1	0	1	633	1	633	0.0	1138
Ga0393424_02_453_1085	CP000240.1:461524-462157|CDS|CYB_0456	88.133	632	75	0	1	632	1	632	0.0	802
Ga0393424_02_1082_1819	CP000239.1:2280496-2281234|CDS|CYA_2272	100.000	738	0	0	1	738	1	738	0.0	1332
Ga0393424_02_1082_1819	CP000240.1:460790-461510|CDS|CYB_0455	85.097	718	107	0	1	718	1	718	0.0	813
Ga0393424_02_1988_3232	CP000239.1:2281402-2282470|CDS|CYA_2273	99.906	1069	0	1	1	1069	1	1068	0.0	1920
Ga0393424_02_1988_3232	CP000240.1:459575-460622|CDS|CYB_0454	83.162	1069	158	4	1	1069	1	1047	0.0	1119
Ga0393424_02_3186_3500	CP000239.1:2282599-2282914|CDS|CYA_2274	100.000	315	0	0	1	315	1	315	5.89e-163	569
Ga0393424_02_3186_3500	CP000240.1:459187-459544|CDS|CYB_0453	79.603	353	30	1	1	311	1	353	1.22e-95	346
Ga0393424_02_3766_4347	CP000239.1:2283074-2283761|CDS|CYA_2275	100.000	582	0	0	1	582	106	687	0.0	1050
Ga0393424_02_3766_4347	CP000240.1:458339-459143|CDS|CYB_0452	87.156	545	69	1	4	548	226	769	0.0	664
Ga0393424_02_4363_5334	CP000239.1:2283776-2284748|CDS|CYA_2276	100.000	972	0	0	1	972	1	972	0.0	1754
Ga0393424_02_4363_5334	CP000240.1:457348-458311|CDS|CYB_0451	85.849	954	135	0	10	963	1	954	0.0	1113
Ga0393424_02_5653_5844	CP000239.1:2284759-2285257|CDS|CYA_2277	100.000	192	0	0	1	192	307	498	2.02e-96	347
Ga0393424_02_5653_5844	CP000240.1:456829-457225|CDS|CYB_0450	89.005	191	21	0	1	191	205	395	4.17e-67	251
Ga0393424_02_5896_6333	CP000239.1:2285308-2285746|CDS|CYA_2278	99.087	438	4	0	1	438	1	438	0.0	773
Ga0393424_02_5896_6333	CP000240.1:456260-456707|CDS|CYB_0449	82.578	419	73	0	1	419	1	419	6.42e-120	427
Ga0393424_02_6572_7039	CP000239.1:2285984-2286452|CDS|CYA_2279	100.000	468	0	0	1	468	1	468	0.0	845
Ga0393424_02_7103_7363	CP000239.1:2286515-2286776|CDS|CYA_2280	100.000	261	0	0	1	261	1	261	9.91e-134	471
Ga0393424_02_7103_7363	CP000240.1:455203-455479|CDS|CYB_0447	85.882	255	36	0	1	255	1	255	1.29e-81	298
Ga0393424_02_7360_8463	CP000239.1:2286772-2287876|CDS|CYA_2281	100.000	1104	0	0	1	1104	1	1104	0.0	1992
Ga0393424_02_7360_8463	CP000240.1:454103-455207|CDS|CYB_0446	87.942	1103	133	0	1	1103	1	1103	0.0	1390
Ga0393424_02_8491_9252	CP000239.1:2287903-2288665|CDS|CYA_2282	99.738	762	2	0	1	762	1	762	0.0	1366
Ga0393424_02_8491_9252	CP000240.1:453280-454042|CDS|CYB_0445	88.757	756	85	0	1	756	1	756	0.0	981
Ga0393424_02_9270_10067	CP000239.1:2288682-2289480|CDS|CYA_2283	100.000	798	0	0	1	798	1	798	0.0	1440
Ga0393424_02_9270_10067	CP000240.1:452437-453265|CDS|CYB_0444	80.220	819	134	5	4	796	10	826	0.0	750
Ga0393424_02_10079_10543	CP000239.1:2289491-2289956|CDS|CYA_2284	100.000	465	0	0	1	465	1	465	0.0	839
Ga0393424_02_10079_10543	CP000240.1:451960-452425|CDS|CYB_0443	88.362	464	54	0	1	464	1	464	2.23e-170	594
Ga0393424_02_10712_11485	CP000239.1:2290124-2290898|CDS|CYA_2285	100.000	774	0	0	1	774	1	774	0.0	1397
Ga0393424_02_10712_11485	CP000240.1:450943-451711|CDS|CYB_0442	85.455	770	106	2	1	770	1	764	0.0	881
Ga0393424_02_12136_13107	CP000239.1:2291816-2293013|CDS|CYA_2289	100.000	972	0	0	1	972	226	1197	0.0	1754
Ga0393424_02_12136_13107	CP000240.1:1379590-1380676|CDS|CYB_1318	88.382	964	112	0	2	965	119	1082	0.0	1234
Ga0393424_02_13577_14005	CP000239.1:2293257-2293686|CDS|CYA_2290	99.767	429	1	0	1	429	1	429	0.0	770
Ga0393424_02_13577_14005	CP000240.1:1381003-1381438|CDS|CYB_1319	85.308	422	62	0	1	422	1	422	9.32e-137	482
Ga0393424_02_14070_16175	CP000239.1:2293750-2295856|CDS|CYA_2291	98.908	2106	23	0	1	2106	1	2106	0.0	3695
Ga0393424_02_14070_16175	CP000240.1:1381485-1383591|CDS|CYB_1320	86.800	2106	278	0	1	2106	1	2106	0.0	2545
Ga0393424_02_16298_16801	CP000239.1:2295978-2296602|CDS|CYA_2292	100.000	504	0	0	1	504	121	624	0.0	910
Ga0393424_02_16298_16801	CP000240.1:1383697-1384201|CDS|CYB_1321	90.982	499	45	0	1	499	1	499	0.0	698
Ga0393424_02_16872_17339	CP000239.1:2296552-2297020|CDS|CYA_2293	100.000	468	0	0	1	468	1	468	0.0	845
Ga0393424_02_16872_17339	CP000240.1:1385547-1386015|CDS|CYB_1323	89.316	468	50	0	1	468	1	468	5.64e-178	619
Ga0393424_03_562_768	CP000239.1:195696-196884|CDS|CYA_0195	99.507	203	1	0	1	203	1	203	9.98e-101	362
Ga0393424_03_562_768	CP000240.1:1279278-1280466|CDS|CYB_1236	87.151	179	23	0	23	201	23	201	7.69e-58	220
Ga0393424_03_865_1416	CP000239.1:196980-197532|CDS|CYA_0197	99.819	552	1	0	1	552	1	552	0.0	992
Ga0393424_03_1431_2558	CP000239.1:197546-198674|CDS|CYA_0198	97.340	1128	30	0	1	1128	1	1128	0.0	1900
Ga0393424_03_1431_2558	CP000240.1:1281431-1282544|CDS|CYB_1238	74.932	1109	211	16	37	1119	40	1107	0.0	736
Ga0393424_03_2613_3377	CP000239.1:198730-199495|CDS|CYA_0199	94.422	753	42	0	1	753	1	753	0.0	1169
Ga0393424_03_2613_3377	CP000240.1:1282594-1283350|CDS|CYB_1239	73.071	687	158	3	1	684	1	663	2.07e-116	416
Ga0393424_03_11020_11616	CP000239.1:206914-207511|CDS|CYA_0201	92.965	597	42	0	1	597	1	597	0.0	888
Ga0393424_03_11020_11616	CP000240.1:1291087-1291684|CDS|CYB_1242	90.252	595	58	0	1	595	1	595	0.0	812
Ga0393424_03_11714_11929	CP000239.1:207608-208199|CDS|CYA_0202	99.537	216	1	0	1	216	376	591	9.18e-108	386
Ga0393424_03_11714_11929	CP000240.1:1291788-1292412|CDS|CYB_1243	82.297	209	37	0	1	209	409	617	4.18e-55	211
Ga0393424_03_12014_12304	CP000239.1:207608-208199|CDS|CYA_0202	100.000	289	0	0	1	289	1	289	7.04e-149	522
Ga0393424_03_12014_12304	CP000240.1:1291788-1292412|CDS|CYB_1243	83.857	223	36	0	67	289	100	322	3.43e-64	241
Ga0393424_03_12416_13267	CP000239.1:208310-209162|CDS|CYA_0203	96.714	852	28	0	1	852	1	852	0.0	1411
Ga0393424_03_12416_13267	CP000240.1:1292498-1293338|CDS|CYB_1244	83.373	830	136	2	1	829	1	829	0.0	868
Ga0393424_03_13313_13534	CP000239.1:209207-209429|CDS|CYA_0204	100.000	222	0	0	1	222	1	222	1.23e-112	401
Ga0393424_03_13313_13534	CP000240.1:1293384-1293609|CDS|CYB_1245	92.444	225	14	1	1	222	1	225	2.23e-90	328
Ga0393424_03_13814_13966	CP000239.1:209708-209861|CDS|CYA_0205	100.000	153	0	0	1	153	1	153	2.33e-75	277
Ga0393424_03_13814_13966	CP000240.1:1294729-1294882|CDS|CYB_1247	93.377	151	10	0	1	151	1	151	1.06e-60	228
Ga0393424_03_14238_15941	CP000239.1:210132-211803|CDS|CYA_0206	96.290	1671	62	0	34	1704	1	1671	0.0	2735
Ga0393424_03_14238_15941	CP000240.1:1295152-1296829|CDS|CYB_1248	85.527	1679	233	2	34	1704	1	1677	0.0	1933
Ga0393424_03_15962_17653	CP000239.1:211883-213749|CDS|CYA_0207	99.041	1668	16	0	1	1668	193	1860	0.0	2937
Ga0393424_03_15962_17653	CP000240.1:1300590-1302462|CDS|CYB_1251	83.720	1640	267	0	1	1640	193	1832	0.0	1755
Ga0393424_04_861_1367	CP000239.1:1551632-1552100|CDS|CYA_1544	99.786	468	1	0	40	507	1	468	0.0	840
Ga0393424_04_861_1367	CP000240.1:1125635-1126115|CDS|CYB_1088	77.895	475	99	2	36	507	9	480	9.76e-106	380
Ga0393424_04_1450_1848	CP000239.1:1551103-1551511|CDS|CYA_1542	100.000	399	0	0	1	399	10	408	0.0	720
Ga0393424_04_1450_1848	CP000240.1:2326544-2326958|CDS|CYB_2222	89.147	387	42	0	1	387	10	396	6.21e-145	509
Ga0393424_04_2115_2753	CP000239.1:1550207-1550846|CDS|CYA_1541	100.000	639	0	0	1	639	1	639	0.0	1153
Ga0393424_04_2115_2753	CP000240.1:2325599-2326238|CDS|CYB_2220	88.553	629	72	0	1	629	1	629	0.0	810
Ga0393424_04_2759_3040	CP000239.1:1548850-1549513|CDS|CYA_1539	98.582	282	4	0	1	282	382	663	1.15e-139	491
Ga0393424_04_2759_3040	CP000239.1:1549536-1550202|CDS|CYA_1540	97.518	282	7	0	1	282	385	666	2.54e-135	478
Ga0393424_04_3331_3993	CP000239.1:1548850-1549513|CDS|CYA_1539	96.547	666	17	2	1	663	1	663	0.0	1095
Ga0393424_04_3331_3993	CP000239.1:1549536-1550202|CDS|CYA_1540	96.693	635	21	0	29	663	32	666	0.0	1051
Ga0393424_04_4120_4947	CP000239.1:1547899-1548724|CDS|CYA_1538	100.000	825	0	0	4	828	1	825	0.0	1489
Ga0393424_04_4120_4947	CP000240.1:1488217-1489042|CDS|CYB_1420	86.545	825	111	0	4	828	1	825	0.0	988
Ga0393424_04_5228_5512	CP000239.1:1547331-1547745|CDS|CYA_1536	100.000	285	0	0	1	285	130	414	1.02e-146	515
Ga0393424_04_5228_5512	CP000240.1:1487620-1488043|CDS|CYB_1418	79.392	296	49	2	2	285	128	423	3.58e-70	261
Ga0393424_04_5509_6765	CP000239.1:1546078-1547335|CDS|CYA_1537	99.761	1257	3	0	1	1257	1	1257	0.0	2254
Ga0393424_04_5509_6765	CP000240.1:1486358-1487624|CDS|CYB_1419	85.857	1202	168	2	30	1230	36	1236	0.0	1395
Ga0393424_04_6778_7386	CP000239.1:1545457-1545988|CDS|CYA_1535	100.000	531	0	0	79	609	1	531	0.0	958
Ga0393424_04_6778_7386	CP000240.1:1485676-1486204|CDS|CYB_1417	85.827	508	72	0	84	591	6	513	1.03e-169	592
Ga0393424_04_7464_7688	CP000239.1:1545155-1545380|CDS|CYA_1534	100.000	225	0	0	1	225	1	225	2.94e-114	407
Ga0393424_04_7464_7688	CP000240.1:556996-557377|CDS|CYB_0544	88.444	225	26	0	1	225	157	381	5.68e-79	289
Ga0393424_04_7926_8396	CP000239.1:1544447-1544918|CDS|CYA_1533	99.788	471	1	0	1	471	1	471	0.0	846
Ga0393424_04_7926_8396	CP000240.1:556211-556736|CDS|CYB_0541	85.996	457	64	0	1	457	1	457	5.32e-153	536
Ga0393424_04_8402_9154	CP000239.1:1543566-1544442|CDS|CYA_1532	98.406	753	12	0	1	753	124	876	0.0	1305
Ga0393424_04_8402_9154	CP000240.1:553988-555035|CDS|CYB_0539	87.034	671	87	0	1	671	232	902	0.0	819
Ga0393424_04_9675_10445	CP000239.1:1542428-1543451|CDS|CYA_1531	86.658	772	84	6	2	771	269	1023	0.0	919
Ga0393424_04_9675_10445	CP000240.1:552871-553828|CDS|CYB_0538	77.749	764	144	5	2	740	182	944	1.40e-175	613
Ga0393424_04_10612_11169	CP000239.1:1541631-1542297|CDS|CYA_1530	100.000	558	0	0	1	558	109	666	0.0	1007
Ga0393424_04_10612_11169	CP000240.1:552116-552782|CDS|CYB_0537	83.303	557	93	0	2	558	110	666	1.40e-167	586
Ga0393424_04_11350_12438	CP000239.1:1540473-1541559|CDS|CYA_1529	99.633	1089	1	1	1	1089	1	1086	0.0	1945
Ga0393424_04_11350_12438	CP000240.1:342763-343864|CDS|CYB_0326	78.888	1061	219	3	11	1067	20	1079	0.0	895
Ga0393424_04_12518_13510	CP000239.1:1539401-1540394|CDS|CYA_1528	100.000	993	0	0	1	993	1	993	0.0	1792
Ga0393424_04_12518_13510	CP000240.1:341669-342692|CDS|CYB_0325	83.923	989	159	0	1	989	1	989	0.0	1067
Ga0393424_04_13715_14683	CP000239.1:1538228-1539197|CDS|CYA_1526	99.897	969	1	0	1	969	1	969	0.0	1744
Ga0393424_04_13715_14683	CP000240.1:340497-341463|CDS|CYB_0324	86.350	967	129	1	1	967	1	964	0.0	1148
Ga0393424_04_14695_15255	CP000239.1:1537656-1538217|CDS|CYA_1525	99.822	561	1	0	1	561	1	561	0.0	1008
Ga0393424_04_14695_15255	CP000240.1:339945-340485|CDS|CYB_0323	82.700	526	91	0	14	539	11	536	1.83e-153	539
Ga0393424_05_1186_1581	CP000239.1:1425729-1426125|CDS|CYA_1416	99.495	396	2	0	1	396	1	396	0.0	706
Ga0393424_05_1186_1581	CP000240.1:1679428-1679800|CDS|CYB_1608	87.342	316	40	0	1	316	1	316	4.16e-109	390
Ga0393424_05_1772_4327	CP000239.1:1422998-1425539|CDS|CYA_1415	99.410	2541	15	0	16	2556	1	2541	0.0	4516
Ga0393424_05_1772_4327	CP000240.1:1679986-1682515|CDS|CYB_1609	91.322	2489	212	2	1	2487	1	2487	0.0	3510
Ga0393424_05_4541_4750	CP000240.1:1682948-1683191|CDS|CYB_1610	96.618	207	7	0	1	207	1	207	9.50e-95	343
Ga0393424_05_4885_6591	CP000240.1:1683281-1684988|CDS|CYB_1611	93.966	1707	103	0	1	1707	1	1707	0.0	2615
Ga0393424_05_4885_6591	CP000239.1:1420984-1422682|CDS|CYA_1414	92.178	1662	130	0	46	1707	37	1698	0.0	2412
Ga0393424_05_6661_7500	CP000240.1:1685057-1685897|CDS|CYB_1612	94.167	840	49	0	1	840	1	840	0.0	1295
Ga0393424_05_6661_7500	CP000239.1:1420077-1420917|CDS|CYA_1413	88.081	839	100	0	1	839	1	839	0.0	1063
Ga0393424_05_7759_9339	CP000240.1:1686155-1687736|CDS|CYB_1613	98.355	1581	26	0	1	1581	1	1581	0.0	2735
Ga0393424_05_7759_9339	CP000239.1:1418353-1419934|CDS|CYA_1412	97.343	1581	42	0	1	1581	1	1581	0.0	2663
Ga0393424_05_7759_9339	CP000239.1:1416274-1417909|CDS|CYA_1411	82.521	1579	276	0	1	1579	55	1633	0.0	1604
Ga0393424_05_9785_11365	CP000239.1:1416274-1417909|CDS|CYA_1411	98.545	1581	23	0	1	1581	55	1635	0.0	2748
Ga0393424_05_9785_11365	CP000240.1:1686155-1687736|CDS|CYB_1613	81.456	1580	291	2	1	1579	1	1579	0.0	1522
Ga0393424_05_9785_11365	CP000239.1:1418353-1419934|CDS|CYA_1412	81.139	1580	296	2	1	1579	1	1579	0.0	1499
Ga0393424_05_11673_11744	CP000240.1:1687950-1688121|CDS|CYB_1614	100.000	72	0	0	1	72	32	103	8.51e-32	131
Ga0393424_05_11785_12948	CP000240.1:1688131-1689295|CDS|CYB_1616	92.612	1164	86	0	1	1164	1	1164	0.0	1712
Ga0393424_05_11785_12948	CP000239.1:1414753-1415917|CDS|CYA_1409	88.746	1164	131	0	1	1164	1	1164	0.0	1509
Ga0393424_05_13104_13871	CP000239.1:1413770-1414598|CDS|CYA_1408	100.000	768	0	0	1	768	61	828	0.0	1386
Ga0393424_05_13104_13871	CP000240.1:1689396-1690182|CDS|CYB_1617	80.952	714	132	2	2	713	53	764	0.0	670
Ga0393424_06_1282_1941	CP000239.1:1163148-1163808|CDS|CYA_1139	99.848	660	1	0	1	660	1	660	0.0	1187
Ga0393424_06_1282_1941	CP000240.1:527703-528363|CDS|CYB_0515	88.636	660	75	0	1	660	1	660	0.0	853
Ga0393424_06_2056_4590	CP000239.1:1163922-1166457|CDS|CYA_1140	99.487	2535	13	0	1	2535	1	2535	0.0	4514
Ga0393424_06_2056_4590	CP000240.1:2737899-2740434|CDS|CYB_2650	96.765	2535	82	0	1	2535	1	2535	0.0	4203
Ga0393424_06_4638_5048	CP000239.1:1166504-1166915|CDS|CYA_1142	97.284	405	11	0	1	405	1	405	0.0	682
Ga0393424_06_4638_5048	CP000240.1:2737441-2737852|CDS|CYB_2649	97.037	405	12	0	1	405	1	405	0.0	677
Ga0393424_06_5601_5855	CP000240.1:2735955-2736210|CDS|CYB_2648	95.000	220	11	0	34	253	34	253	2.77e-96	348
Ga0393424_06_5601_5855	CP000239.1:1167657-1167912|CDS|CYA_1143	94.144	222	13	0	34	255	34	255	1.18e-94	343
Ga0393424_06_5921_6820	CP000239.1:1167977-1168946|CDS|CYA_1144	99.000	900	9	0	1	900	70	969	0.0	1583
Ga0393424_06_5921_6820	CP000240.1:2734922-2735891|CDS|CYB_2647	94.989	898	45	0	1	898	70	967	0.0	1417
Ga0393424_06_6984_8519	CP000240.1:2733292-2734828|CDS|CYB_2646	95.052	1536	76	0	1	1536	1	1536	0.0	2428
Ga0393424_06_6984_8519	CP000239.1:1169040-1170579|CDS|CYA_1145	88.803	1545	158	4	1	1536	1	1539	0.0	2003
Ga0393424_06_8650_8844	CP000239.1:1170709-1170904|CDS|CYA_1147	98.974	195	2	0	1	195	1	195	2.50e-95	343
Ga0393424_06_8650_8844	CP000240.1:2732927-2733122|CDS|CYB_2644	84.615	195	30	0	1	195	1	195	2.51e-57	217
Ga0393424_06_8841_9803	CP000239.1:1170900-1171863|CDS|CYA_1146	97.819	963	21	0	1	963	1	963	0.0	1643
Ga0393424_06_8841_9803	CP000240.1:2731980-2732931|CDS|CYB_2645	74.017	966	231	9	1	962	1	950	2.02e-168	589
Ga0393424_06_9809_11089	CP000239.1:1171868-1173149|CDS|CYA_1148	95.785	1281	54	0	1	1281	1	1281	0.0	2067
Ga0393424_06_9809_11089	CP000240.1:2730694-2731954|CDS|CYB_2643	90.615	1236	116	0	1	1236	1	1236	0.0	1707
Ga0393424_06_11237_11512	CP000239.1:1173296-1173572|CDS|CYA_1149	100.000	276	0	0	1	276	1	276	7.58e-142	499
Ga0393424_06_11237_11512	CP000240.1:2730221-2730497|CDS|CYB_2642	86.567	268	36	0	1	268	1	268	1.20e-88	322
Ga0393424_06_11535_12011	CP000239.1:1173594-1174071|CDS|CYA_1150	98.532	477	7	0	1	477	1	477	0.0	829
Ga0393424_06_11535_12011	CP000240.1:2729687-2730170|CDS|CYB_2641	92.027	439	35	0	1	439	37	475	0.0	635
Ga0393424_06_12129_13739	CP000239.1:1174188-1176054|CDS|CYA_1151	97.827	1611	35	0	1	1611	256	1866	0.0	2748
Ga0393424_06_12129_13739	CP000240.1:2725443-2727342|CDS|CYB_2635	85.345	1549	221	2	1	1543	256	1804	0.0	1767
Ga0393424_07_2864_3070	CP000239.1:333688-333895|CDS|CYA_0320	100.000	207	0	0	1	207	1	207	1.58e-104	374
Ga0393424_07_2864_3070	CP000240.1:1780158-1780362|CDS|CYB_1699	82.741	197	25	1	1	197	1	188	4.85e-54	206
Ga0393424_07_3101_7681	CP000240.1:1780405-1784920|CDS|CYB_1700	87.524	4136	447	18	40	4130	1	4112	0.0	5114
Ga0393424_07_3101_7681	CP000239.1:333923-338501|CDS|CYA_0321	87.268	3872	421	15	1	3806	1	3866	0.0	4758
Ga0393424_07_7678_10233	CP000239.1:338497-341392|CDS|CYA_0322	99.844	2556	4	0	1	2556	340	2895	0.0	4592
Ga0393424_07_7678_10233	CP000240.1:1784955-1787850|CDS|CYB_1701	78.697	2563	532	5	1	2556	340	2895	0.0	2151
Ga0393424_07_10342_10560	CP000239.1:338497-341392|CDS|CYA_0322	100.000	219	0	0	1	219	231	13	5.16e-111	396
Ga0393424_07_10342_10560	CP000240.1:1784955-1787850|CDS|CYB_1701	86.585	164	22	0	56	219	176	13	2.68e-51	197
Ga0393424_07_10853_11368	CP000239.1:341672-342188|CDS|CYA_0323	99.806	516	1	0	1	516	1	516	0.0	927
Ga0393424_07_10853_11368	CP000240.1:1787992-1788508|CDS|CYB_1702	85.078	516	77	0	1	516	1	516	4.50e-167	584
Ga0393424_07_11549_12568	CP000239.1:342372-343392|CDS|CYA_0325	99.902	1020	1	0	1	1020	1	1020	0.0	1836
Ga0393424_07_11549_12568	CP000240.1:1788664-1789684|CDS|CYB_1704	88.627	1020	116	0	1	1020	1	1020	0.0	1317
Ga0393424_07_12553_13155	CP000239.1:343376-343979|CDS|CYA_0324	100.000	603	0	0	1	603	1	603	0.0	1088
Ga0393424_07_12553_13155	CP000240.1:1789718-1790279|CDS|CYB_1705	77.555	548	123	0	1	548	1	548	6.05e-122	434
Ga0393424_08_18_692	CP000239.1:1920106-1920781|CDS|CYA_1910	99.852	675	1	0	1	675	1	675	0.0	1214
Ga0393424_08_18_692	CP000240.1:2106781-2107456|CDS|CYB_2001	86.627	673	90	0	1	673	1	673	0.0	809
Ga0393424_08_698_1885	CP000239.1:1918913-1920101|CDS|CYA_1909	99.916	1188	1	0	1	1188	1	1188	0.0	2139
Ga0393424_08_698_1885	CP000240.1:509675-510863|CDS|CYB_0498	86.786	1173	155	0	1	1173	1	1173	0.0	1417
Ga0393424_08_2062_3120	CP000239.1:1917678-1918737|CDS|CYA_1908	100.000	1059	0	0	1	1059	1	1059	0.0	1911
Ga0393424_08_2062_3120	CP000240.1:508357-509446|CDS|CYB_0497	89.330	1059	113	0	1	1059	31	1089	0.0	1401
Ga0393424_08_3166_3897	CP000239.1:1916901-1917633|CDS|CYA_1907	100.000	732	0	0	1	732	1	732	0.0	1321
Ga0393424_08_3166_3897	CP000240.1:507619-508351|CDS|CYB_0496	89.344	732	78	0	1	732	1	732	0.0	969
Ga0393424_08_4027_4674	CP000239.1:1916124-1916772|CDS|CYA_1906	99.846	648	1	0	1	648	1	648	0.0	1165
Ga0393424_08_4027_4674	CP000240.1:506812-507466|CDS|CYB_0494	88.037	652	72	2	1	646	1	652	0.0	821
Ga0393424_08_4741_5175	CP000239.1:1915476-1916058|CDS|CYA_1905	100.000	435	0	0	1	435	148	582	0.0	785
Ga0393424_08_4741_5175	CP000240.1:506210-506717|CDS|CYB_0493	79.673	428	85	2	2	428	74	500	1.23e-103	373
Ga0393424_08_5276_5758	CP000239.1:1914935-1915523|CDS|CYA_1904	100.000	483	0	0	1	483	106	588	0.0	872
Ga0393424_08_5276_5758	CP000240.1:505372-505891|CDS|CYB_0492	85.812	437	62	0	5	441	53	489	7.60e-145	509
Ga0393424_08_5872_6804	CP000239.1:1913691-1914624|CDS|CYA_1903	99.786	933	2	0	1	933	1	933	0.0	1674
Ga0393424_08_5872_6804	CP000240.1:504358-505294|CDS|CYB_0491	84.599	935	141	1	1	932	1	935	0.0	1036
Ga0393424_08_7259_8260	CP000239.1:1912538-1913453|CDS|CYA_1902	99.672	915	3	0	88	1002	1	915	0.0	1637
Ga0393424_08_7259_8260	CP000240.1:503232-504237|CDS|CYB_0490	76.793	1004	218	7	6	1000	6	1003	0.0	743
Ga0393424_08_8264_8566	CP000239.1:1912232-1912535|CDS|CYA_1901	100.000	303	0	0	1	303	1	303	1.85e-156	547
Ga0393424_08_8264_8566	CP000240.1:502927-503230|CDS|CYB_0489	94.352	301	17	0	1	301	1	301	4.96e-132	467
Ga0393424_08_8592_10196	CP000239.1:1910602-1912207|CDS|CYA_1900	99.875	1605	2	0	1	1605	1	1605	0.0	2886
Ga0393424_08_8592_10196	CP000240.1:501273-502899|CDS|CYB_0488	87.898	1603	178	4	1	1589	1	1601	0.0	2013
Ga0393424_08_10280_11302	CP000239.1:1909496-1910519|CDS|CYA_1899	100.000	1023	0	0	1	1023	1	1023	0.0	1846
Ga0393424_08_10280_11302	CP000240.1:1950553-1951576|CDS|CYB_1867	86.228	973	134	0	47	1019	47	1019	0.0	1151
Ga0393424_08_11499_12092	CP000239.1:1908706-1909300|CDS|CYA_1898	100.000	594	0	0	1	594	1	594	0.0	1072
Ga0393424_08_11499_12092	CP000240.1:1949758-1950352|CDS|CYB_1866	85.690	587	84	0	1	587	1	587	0.0	681
Ga0393424_09_994_1689	CP000239.1:1037439-1038135|CDS|CYA_1020	98.132	696	13	0	1	696	1	696	0.0	1197
Ga0393424_09_1712_2731	CP000239.1:1036397-1037417|CDS|CYA_1019	98.725	1020	13	0	1	1020	1	1020	0.0	1782
Ga0393424_09_3494_4012	CP000239.1:1035069-1035588|CDS|CYA_1016	95.954	519	21	0	1	519	1	519	0.0	842
Ga0393424_09_3494_4012	CP000240.1:1343930-1344449|CDS|CYB_1288	86.127	519	72	0	1	519	1	519	9.33e-176	612
Ga0393424_09_4028_5122	CP000239.1:1034022-1035054|CDS|CYA_1015	94.804	1020	53	0	1	1020	1	1020	0.0	1601
Ga0393424_09_4028_5122	CP000240.1:1344743-1345835|CDS|CYB_1289	89.713	1079	110	1	1	1078	1	1079	0.0	1443
Ga0393424_09_5119_6330	CP000240.1:1803089-1804283|CDS|CYB_1722	96.399	1194	43	0	19	1212	1	1194	0.0	1960
Ga0393424_09_5119_6330	CP000240.1:3008652-3009870|CDS|CYB_2910	94.089	1218	48	1	19	1212	1	1218	0.0	1890
Ga0393424_09_5119_6330	CP000240.1:2644164-2645358|CDS|CYB_2538	95.059	1194	59	0	19	1212	1	1194	0.0	1888
Ga0393424_09_5119_6330	CP000240.1:1190675-1191869|CDS|CYB_1151	94.310	1195	66	2	19	1212	1	1194	0.0	1842
Ga0393424_09_5119_6330	CP000240.1:1064975-1066169|CDS|CYB_1023	93.719	1194	75	0	19	1212	1	1194	0.0	1816
Ga0393424_09_5119_6330	CP000239.1:2170714-2171908|CDS|CYA_2158	92.965	1194	84	0	19	1212	1	1194	0.0	1775
Ga0393424_09_5119_6330	CP000240.1:1521392-1522610|CDS|CYB_1450	91.872	1218	75	1	19	1212	1	1218	0.0	1768
Ga0393424_09_5119_6330	CP000240.1:638632-639850|CDS|CYB_0630	91.626	1218	78	1	19	1212	1	1218	0.0	1755
Ga0393424_09_5119_6330	CP000240.1:1083184-1084426|CDS|CYB_1042	90.660	1242	68	2	19	1212	1	1242	0.0	1752
Ga0393424_09_5119_6330	CP000240.1:52430-53648|CDS|CYB_0041	91.544	1218	79	1	19	1212	1	1218	0.0	1750
Ga0393424_09_5119_6330	CP000240.1:2830275-2831565|CDS|CYB_2735	90.403	1240	54	3	19	1210	1	1223	0.0	1746
Ga0393424_09_5119_6330	CP000240.1:1954838-1956056|CDS|CYB_1872	91.297	1218	82	1	19	1212	1	1218	0.0	1737
Ga0393424_09_5119_6330	CP000239.1:774779-775973|CDS|CYA_0767	91.709	1194	99	0	19	1212	1	1194	0.0	1708
Ga0393424_09_5119_6330	CP000240.1:1358129-1359347|CDS|CYB_1297	90.640	1218	90	1	19	1212	1	1218	0.0	1700
Ga0393424_09_5119_6330	CP000240.1:2796782-2798000|CDS|CYB_2707	90.312	1218	94	1	19	1212	1	1218	0.0	1682
Ga0393424_09_5119_6330	CP000240.1:2168360-2169515|CDS|CYB_2071	92.927	1131	80	0	19	1149	1	1131	0.0	1680
Ga0393424_09_5119_6330	CP000239.1:712444-713638|CDS|CYA_0704	90.787	1194	110	0	19	1212	1	1194	0.0	1658
Ga0393424_09_5119_6330	CP000240.1:2553363-2554557|CDS|CYB_2454	89.363	1194	127	0	19	1212	1	1194	0.0	1581
Ga0393424_09_5119_6330	CP000240.1:2247371-2248565|CDS|CYB_2147	90.893	1131	103	0	19	1149	1	1131	0.0	1576
Ga0393424_09_5119_6330	CP000240.1:2210858-2212052|CDS|CYB_2117	89.028	1194	131	0	19	1212	1	1194	0.0	1563
Ga0393424_09_5119_6330	CP000240.1:481588-482800|CDS|CYB_0472	89.103	1193	128	2	19	1210	1	1192	0.0	1559
Ga0393424_09_5119_6330	CP000239.1:629980-631174|CDS|CYA_0620	88.945	1194	132	0	19	1212	1	1194	0.0	1559
Ga0393424_09_5119_6330	CP000240.1:102811-104029|CDS|CYB_0087	89.091	1155	102	1	19	1149	1	1155	0.0	1533
Ga0393424_09_5119_6330	CP000239.1:1594889-1596107|CDS|CYA_1585	89.832	1131	115	0	19	1149	1	1131	0.0	1522
Ga0393424_09_5119_6330	CP000240.1:1316312-1317548|CDS|CYB_1259	86.842	1216	136	1	19	1210	1	1216	0.0	1489
Ga0393424_09_5119_6330	CP000240.1:2619921-2621115|CDS|CYB_2521	87.448	1195	148	2	19	1212	1	1194	0.0	1472
Ga0393424_09_5119_6330	CP000239.1:994256-995468|CDS|CYA_0981	87.164	1192	153	0	19	1210	1	1192	0.0	1461
Ga0393424_09_5119_6330	CP000240.1:1015074-1016268|CDS|CYB_0979	88.272	1134	127	2	19	1149	1	1131	0.0	1443
Ga0393424_09_5119_6330	CP000240.1:1244785-1246021|CDS|CYB_1201	85.938	1216	147	1	19	1210	1	1216	0.0	1440
Ga0393424_09_5119_6330	CP000240.1:1267756-1268992|CDS|CYB_1227	86.031	1217	144	3	19	1210	1	1216	0.0	1439
Ga0393424_09_5119_6330	CP000240.1:2661652-2662870|CDS|CYB_2557	85.796	1218	149	1	19	1212	1	1218	0.0	1434
Ga0393424_09_5119_6330	CP000240.1:629484-630702|CDS|CYB_0620	85.749	1221	144	3	19	1212	1	1218	0.0	1432
Ga0393424_09_5119_6330	CP000240.1:241642-242836|CDS|CYB_0233	87.721	1132	137	2	19	1149	1	1131	0.0	1408
Ga0393424_09_5119_6330	CP000240.1:2933473-2934709|CDS|CYB_2835	85.200	1223	143	7	19	1210	1	1216	0.0	1393
Ga0393424_09_5119_6330	CP000240.1:605550-606744|CDS|CYB_0598	85.092	1194	178	0	19	1212	1	1194	0.0	1352
Ga0393424_09_5119_6330	CP000240.1:1842322-1843549|CDS|CYB_1759	84.507	1207	157	3	19	1198	1	1204	0.0	1348
Ga0393424_09_5119_6330	CP000240.1:345730-346924|CDS|CYB_0329	85.714	1134	156	2	19	1149	1	1131	0.0	1312
Ga0393424_09_5119_6330	CP000240.1:1384265-1385459|CDS|CYB_1322	85.588	1131	163	0	19	1149	1	1131	0.0	1306
Ga0393424_09_5119_6330	CP000239.1:893439-894633|CDS|CYA_0887	85.320	1124	159	2	19	1139	1	1121	0.0	1280
Ga0393424_09_5119_6330	CP000239.1:698055-699204|CDS|CYA_0690	84.380	1146	155	1	19	1140	1	1146	0.0	1278
Ga0393424_09_5119_6330	CP000240.1:2565689-2566883|CDS|CYB_2468	84.969	1131	170	0	19	1149	1	1131	0.0	1274
Ga0393424_09_5119_6330	CP000239.1:693322-694534|CDS|CYA_0687	81.537	1197	211	5	19	1210	1	1192	0.0	1150
Ga0393424_09_5119_6330	CP000240.1:2128026-2129220|CDS|CYB_2026	82.586	1137	186	7	19	1149	1	1131	0.0	1138
Ga0393424_09_5119_6330	CP000240.1:2219258-2220470|CDS|CYB_2126	81.203	1197	215	5	19	1210	1	1192	0.0	1131
Ga0393424_09_5119_6330	CP000240.1:1763450-1764623|CDS|CYB_1688	80.986	1136	206	4	19	1149	1	1131	0.0	1067
Ga0393424_09_5119_6330	CP000240.1:1917270-1918464|CDS|CYB_1826	80.211	1137	213	7	19	1149	1	1131	0.0	1016
Ga0393424_09_5119_6330	CP000240.1:2506708-2507857|CDS|CYB_2410	76.549	1130	143	6	19	1027	1	1129	0.0	927
Ga0393424_09_5119_6330	CP000239.1:88305-89487|CDS|CYA_0091	76.634	1117	235	5	24	1133	6	1103	0.0	839
Ga0393424_09_6410_8494	CP000240.1:1345864-1348027|CDS|CYB_1290	97.980	2079	42	0	5	2083	59	2137	0.0	3561
Ga0393424_09_9009_9734	CP000240.1:1348754-1349453|CDS|CYB_1292	97.421	698	18	0	28	725	1	698	0.0	1178
Ga0393424_09_9009_9734	CP000239.1:1032527-1033253|CDS|CYA_1013	87.219	712	91	0	1	712	1	712	0.0	875
Ga0393424_09_9797_12121	CP000240.1:1349486-1352222|CDS|CYB_1293	84.727	2128	272	8	190	2313	646	2724	0.0	2385
Ga0393424_09_9797_12121	CP000240.1:1352303-1355057|CDS|CYB_1294	82.057	2246	391	3	73	2309	508	2750	0.0	2232
Ga0393424_09_9797_12121	CP000239.1:1029767-1032461|CDS|CYA_1012	74.838	2317	528	9	1	2312	415	2681	0.0	1560
Ga0393424_10_1839_2459	CP000239.1:1111861-1112482|CDS|CYA_1090	99.839	621	1	0	1	621	1	621	0.0	1116
Ga0393424_10_1839_2459	CP000240.1:2055174-2055810|CDS|CYB_1959	78.404	639	117	6	1	621	1	636	1.57e-148	523
Ga0393424_10_2463_3278	CP000239.1:1112485-1113340|CDS|CYA_1091	100.000	816	0	0	1	816	40	855	0.0	1472
Ga0393424_10_2463_3278	CP000240.1:2055813-2056638|CDS|CYB_1960	83.423	742	123	0	1	742	34	775	0.0	784
Ga0393424_10_3537_4661	CP000239.1:1113641-1114718|CDS|CYA_1092	99.907	1077	1	0	49	1125	1	1077	0.0	1939
Ga0393424_10_3537_4661	CP000240.1:2056921-2057998|CDS|CYB_1961	88.765	1077	121	0	49	1125	1	1077	0.0	1397
Ga0393424_10_4677_5489	CP000239.1:1114733-1115546|CDS|CYA_1093	100.000	813	0	0	1	813	1	813	0.0	1467
Ga0393424_10_4677_5489	CP000240.1:2058014-2058827|CDS|CYB_1962	82.510	789	138	0	1	789	1	789	0.0	801
Ga0393424_10_5523_6905	CP000239.1:1115579-1116926|CDS|CYA_1094	100.000	1347	0	0	37	1383	1	1347	0.0	2430
Ga0393424_10_5523_6905	CP000240.1:2058907-2060281|CDS|CYB_1963	83.796	1370	198	1	37	1382	1	1370	0.0	1488
Ga0393424_10_7534_7704	CP000239.1:455920-457171|CDS|CYA_0436	83.784	185	16	2	1	171	809	625	4.79e-53	203
Ga0393424_10_8108_8527	CP000239.1:1118159-1118549|CDS|CYA_1095	98.481	395	1	1	26	420	1	390	0.0	686
Ga0393424_10_8108_8527	CP000240.1:693114-693873|CDS|CYB_0679	77.984	377	72	4	1	367	1	376	2.15e-81	298
Ga0393424_11_687_1019	CP000240.1:2379192-2379525|CDS|CYB_2272	100.000	333	0	0	1	333	1	333	1.06e-172	601
Ga0393424_11_2037_2711	CP000240.1:2377500-2378175|CDS|CYB_2270	99.852	675	1	0	1	675	1	675	0.0	1214
Ga0393424_11_2037_2711	CP000239.1:2628152-2628827|CDS|CYA_2611	99.852	675	1	0	1	675	1	675	0.0	1214
Ga0393424_11_2708_3643	CP000240.1:2376130-2377504|CDS|CYB_2271	100.000	936	0	0	1	936	439	1374	0.0	1689
Ga0393424_11_2708_3643	CP000239.1:2627220-2628156|CDS|CYA_2612	98.397	936	15	0	1	936	1	936	0.0	1621
Ga0393424_11_4127_5125	CP000240.1:2374852-2376085|CDS|CYB_2269	100.000	999	0	0	1	999	235	1233	0.0	1802
Ga0393424_11_4127_5125	CP000239.1:2625230-2626463|CDS|CYA_2608	100.000	999	0	0	1	999	235	1233	0.0	1802
Ga0393424_11_6158_6334	CP000240.1:2373427-2374462|CDS|CYB_2268	100.000	177	0	0	1	177	585	409	2.56e-88	320
Ga0393424_11_6158_6334	CP000239.1:2623805-2624840|CDS|CYA_2606	100.000	177	0	0	1	177	585	409	2.56e-88	320
Ga0393424_11_6326_6784	CP000239.1:2623805-2624840|CDS|CYA_2606	100.000	459	0	0	1	459	577	1035	0.0	829
Ga0393424_11_6326_6784	CP000240.1:2373427-2374462|CDS|CYB_2268	96.950	459	14	0	1	459	577	1035	0.0	765
Ga0393424_11_6841_7350	CP000239.1:2623239-2623749|CDS|CYA_2605	99.804	510	1	0	1	510	1	510	0.0	916
Ga0393424_11_6841_7350	CP000240.1:2372844-2373354|CDS|CYB_2267	92.353	510	39	0	1	510	1	510	0.0	745
Ga0393424_11_7816_7993	CP000239.1:2621610-2623191|CDS|CYA_2604	100.000	178	0	0	1	178	595	418	7.38e-89	322
Ga0393424_11_7816_7993	CP000240.1:2371216-2372797|CDS|CYB_2266	91.011	178	16	0	1	178	595	418	3.83e-67	250
Ga0393424_11_8005_8979	CP000239.1:2621610-2623191|CDS|CYA_2604	97.436	975	25	0	1	975	607	1581	0.0	1646
Ga0393424_11_8005_8979	CP000240.1:2371216-2372797|CDS|CYB_2266	95.581	973	43	0	1	973	607	1579	0.0	1562
Ga0393424_11_9142_9894	CP000239.1:2620695-2621439|CDS|CYA_2603	100.000	744	0	0	10	753	1	744	0.0	1342
Ga0393424_11_9142_9894	CP000240.1:2370235-2370979|CDS|CYB_2265	86.901	710	93	0	10	719	1	710	0.0	862
Ga0393424_11_10076_10324	CP000240.1:2369615-2370020|CDS|CYB_2264	84.080	201	32	0	45	245	3	203	9.44e-58	219
Ga0393424_11_10076_10324	CP000239.1:2580598-2581003|CDS|CYA_2556	78.713	202	43	0	45	246	3	204	4.29e-43	171
Ga0393424_11_10285_10464	CP000240.1:2369615-2370020|CDS|CYB_2264	82.682	179	31	0	1	179	347	169	4.72e-47	184
Ga0393424_11_10285_10464	CP000239.1:2580598-2581003|CDS|CYA_2556	83.544	158	26	0	22	179	326	169	1.04e-42	168
Ga0393424_11_10388_10522	CP000240.1:2369615-2370020|CDS|CYB_2264	87.407	135	17	0	1	135	271	405	2.62e-42	168
Ga0393424_11_10388_10522	CP000239.1:2580598-2581003|CDS|CYA_2556	81.159	138	20	2	1	135	271	405	6.58e-31	129
Ga0393424_11_10812_11165	CP000239.1:2619424-2619778|CDS|CYA_2601	100.000	354	0	0	1	354	1	354	0.0	639
Ga0393424_11_10812_11165	CP000240.1:841876-842233|CDS|CYB_0813	90.116	344	34	0	1	344	1	344	1.67e-132	468
Ga0393424_11_10812_11165	CP000239.1:2581159-2581519|CDS|CYA_2557	88.539	349	40	0	5	353	11	359	4.49e-127	450
Ga0393424_11_11262_11378	CP000239.1:2619211-2619328|CDS|CYA_2600	100.000	117	0	0	1	117	1	117	5.90e-56	212
Ga0393424_11_11262_11378	CP000239.1:2581636-2581753|CDS|CYA_2558	98.291	117	2	0	1	117	1	117	3.06e-53	203
Ga0393424_11_11262_11378	CP000240.1:841655-841772|CDS|CYB_0812	86.325	117	16	0	1	117	1	117	3.06e-34	140
Ga0393424_12_136_429	CP000239.1:1375294-1375942|CDS|CYA_1364	98.980	294	3	0	1	294	355	648	3.03e-147	517
Ga0393424_12_136_429	CP000240.1:1622492-1623155|CDS|CYB_1547	69.928	276	80	1	4	279	382	654	2.34e-28	123
Ga0393424_12_664_2088	CP000239.1:1373604-1375029|CDS|CYA_1363	94.596	1425	77	0	1	1425	1	1425	0.0	2223
Ga0393424_12_664_2088	CP000240.1:2903068-2904493|CDS|CYB_2804	88.194	1423	168	0	1	1423	1	1423	0.0	1810
Ga0393424_12_2461_3879	CP000239.1:1371801-1373232|CDS|CYA_1362	95.901	1415	52	1	1	1409	1	1415	0.0	2292
Ga0393424_12_2461_3879	CP000240.1:2904958-2906389|CDS|CYB_2806	86.261	1412	186	3	1	1405	1	1411	0.0	1666
Ga0393424_12_3888_6188	CP000239.1:1369434-1371735|CDS|CYA_1361	98.131	2301	43	0	1	2301	1	2301	0.0	3956
Ga0393424_12_3888_6188	CP000240.1:2906475-2908782|CDS|CYB_2807	88.646	2290	248	1	24	2301	18	2307	0.0	2965
Ga0393424_12_6382_6825	CP000239.1:1368725-1369295|CDS|CYA_1359	99.758	414	1	0	1	414	55	468	0.0	743
Ga0393424_12_6382_6825	CP000239.1:782540-783770|CDS|CYA_0777	85.266	414	61	0	1	414	55	468	1.75e-133	472
Ga0393424_12_6382_6825	CP000239.1:1966854-1968081|CDS|CYA_1956	84.541	414	64	0	1	414	55	468	1.10e-129	459
Ga0393424_12_6382_6825	CP000240.1:544792-546037|CDS|CYB_0530	76.980	404	90	1	10	413	64	464	4.40e-84	308
Ga0393424_12_6382_6825	CP000240.1:2424097-2424871|CDS|CYB_2313	76.633	398	90	1	1	398	55	449	7.95e-81	297
Ga0393424_12_6382_6825	CP000240.1:1126684-1127458|CDS|CYB_1091	76.633	398	90	1	1	398	55	449	7.95e-81	297
Ga0393424_12_6382_6825	CP000240.1:2581305-2582079|CDS|CYB_2484	76.093	389	90	1	10	398	64	449	6.11e-76	281
Ga0393424_12_6382_6825	CP000240.1:86287-87061|CDS|CYB_0074	75.835	389	91	1	10	398	64	449	7.45e-75	277
Ga0393424_12_6952_8160	CP000239.1:1363310-1364600|CDS|CYA_1353	99.669	1209	4	0	1	1209	82	1290	0.0	2163
Ga0393424_12_6952_8160	CP000240.1:1452737-1454039|CDS|CYB_1382	80.496	1210	234	2	1	1209	94	1302	0.0	1112
Ga0393424_12_8368_9951	CP000239.1:1364667-1366251|CDS|CYA_1354	98.422	1584	25	0	1	1584	1	1584	0.0	2745
Ga0393424_12_8368_9951	CP000240.1:1454115-1455696|CDS|CYB_1383	87.658	1580	192	1	1	1580	1	1577	0.0	1969
Ga0393424_12_10155_10391	CP000239.1:1366454-1366745|CDS|CYA_1355	100.000	237	0	0	1	237	55	291	9.52e-121	428
Ga0393424_12_10155_10391	CP000239.1:703050-703287|CDS|CYA_0695	88.210	229	27	0	1	229	1	229	1.72e-79	292
Ga0393424_12_10155_10391	CP000240.1:3002382-3002619|CDS|CYB_2902	87.773	229	28	0	1	229	1	229	2.10e-78	288
Ga0393424_12_11049_11315	CP000239.1:455920-457171|CDS|CYA_0436	82.594	293	25	3	1	267	917	625	7.33e-85	309
Ga0393424_13_83_1129	CP000239.1:2349172-2350231|CDS|CYA_2342	100.000	1047	0	0	1	1047	13	1059	0.0	1889
Ga0393424_13_83_1129	CP000240.1:1160014-1160992|CDS|CYB_1123	88.536	977	109	1	74	1047	2	978	0.0	1256
Ga0393424_13_1226_1501	CP000239.1:2348800-2349076|CDS|CYA_2341	100.000	276	0	0	1	276	1	276	7.58e-142	499
Ga0393424_13_1226_1501	CP000240.1:1161073-1161361|CDS|CYB_1124	80.374	214	42	0	10	223	10	223	3.46e-51	197
Ga0393424_13_1498_2115	CP000239.1:2348186-2348804|CDS|CYA_2340	99.838	618	1	0	1	618	1	618	0.0	1111
Ga0393424_13_1498_2115	CP000240.1:1161388-1162006|CDS|CYB_1125	84.790	618	94	0	1	618	1	618	0.0	691
Ga0393424_13_2137_3939	CP000239.1:2346335-2348165|CDS|CYA_2339	99.889	1803	2	0	1	1803	28	1830	0.0	3243
Ga0393424_13_2137_3939	CP000240.1:1162027-1163857|CDS|CYB_1126	87.909	1803	218	0	1	1803	28	1830	0.0	2269
Ga0393424_13_4069_6216	CP000239.1:2343137-2346233|CDS|CYA_2338	99.209	2148	17	0	1	2148	949	3096	0.0	3798
Ga0393424_13_4069_6216	CP000240.1:1163983-1167148|CDS|CYB_1127	85.074	2164	306	7	1	2148	1003	3165	0.0	2431
Ga0393424_13_7553_7870	CP000239.1:2342431-2342749|CDS|CYA_2337	99.686	318	1	0	1	318	1	318	5.95e-163	570
Ga0393424_13_7909_8850	CP000239.1:2341358-2342393|CDS|CYA_2336	99.894	942	1	0	1	942	94	1035	0.0	1695
Ga0393424_13_7909_8850	CP000240.1:1167879-1168899|CDS|CYB_1130	86.200	942	130	0	1	942	79	1020	0.0	1113
Ga0393424_13_7909_8850	CP000240.1:953730-954756|CDS|CYB_0917	73.282	902	225	8	1	894	76	969	2.93e-147	519
Ga0393424_13_9182_9580	CP000239.1:2340707-2341106|CDS|CYA_2335	99.499	399	2	0	1	399	1	399	0.0	711
Ga0393424_13_9182_9580	CP000240.1:1796273-1796669|CDS|CYB_1713	79.793	386	78	0	12	397	9	394	1.56e-95	345
Ga0393424_13_9665_10555	CP000239.1:2337764-2340623|CDS|CYA_2333	99.656	871	3	0	1	871	1	871	0.0	1558
Ga0393424_13_9665_10555	CP000240.1:1588913-1592726|CDS|CYB_1515	82.134	834	149	0	1	834	1	834	0.0	833
Ga0393424_14_522_4451	CP000239.1:1891481-1895570|CDS|CYA_1886	99.822	3930	7	0	1	3930	160	4089	0.0	7056
Ga0393424_14_522_4451	CP000240.1:270932-275033|CDS|CYB_0259	75.190	3950	911	15	1	3914	160	4076	0.0	2700
Ga0393424_14_4475_5536	CP000239.1:1890396-1891458|CDS|CYA_1885	99.906	1062	1	0	1	1062	1	1062	0.0	1911
Ga0393424_14_4475_5536	CP000240.1:275060-276122|CDS|CYB_0260	85.052	1057	158	0	1	1057	1	1057	0.0	1195
Ga0393424_14_5743_5892	CP000239.1:1889698-1890190|CDS|CYA_1883	100.000	149	0	0	1	149	1	149	3.38e-73	269
Ga0393424_14_5743_5892	CP000240.1:1602949-1603453|CDS|CYB_1523	83.893	149	24	0	1	149	1	149	1.26e-40	161
Ga0393424_14_5914_6234	CP000239.1:1889698-1890190|CDS|CYA_1883	100.000	321	0	0	1	321	172	492	3.32e-166	580
Ga0393424_14_5914_6234	CP000240.1:1602949-1603453|CDS|CYB_1523	77.955	313	63	4	1	308	172	483	3.81e-64	242
Ga0393424_14_6253_7926	CP000239.1:1888006-1889680|CDS|CYA_1882	100.000	1674	0	0	1	1674	1	1674	0.0	3020
Ga0393424_14_6253_7926	CP000240.1:1601050-1602712|CDS|CYB_1522	79.429	1682	310	5	1	1670	1	1658	0.0	1484
Ga0393424_15_9_1124	CP000240.1:2119496-2120771|CDS|CYB_2015	98.925	1116	12	0	1	1116	160	1275	0.0	1959
Ga0393424_15_9_1124	CP000239.1:1935172-1936447|CDS|CYA_1924	97.849	1116	24	0	1	1116	160	1275	0.0	1905
Ga0393424_15_1229_2386	CP000239.1:1933910-1935068|CDS|CYA_1923	98.705	1158	15	0	1	1158	1	1158	0.0	2021
Ga0393424_15_1229_2386	CP000240.1:2118234-2119392|CDS|CYB_2014	95.423	1158	53	0	1	1158	1	1158	0.0	1850
Ga0393424_15_2453_3598	CP000239.1:1932698-1933907|CDS|CYA_1922	98.778	1146	14	0	1	1146	64	1209	0.0	2004
Ga0393424_15_2453_3598	CP000240.1:2117022-2118231|CDS|CYB_2013	98.342	1146	19	0	1	1146	64	1209	0.0	1982
Ga0393424_15_3769_4536	CP000240.1:2116080-2116848|CDS|CYB_2012	99.740	768	2	0	1	768	1	768	0.0	1377
Ga0393424_15_3769_4536	CP000239.1:1931760-1932528|CDS|CYA_1921	98.568	768	11	0	1	768	1	768	0.0	1336
Ga0393424_15_4583_5335	CP000239.1:1930961-1931726|CDS|CYA_1920	98.274	753	13	0	1	753	13	765	0.0	1300
Ga0393424_15_4583_5335	CP000240.1:2115281-2116046|CDS|CYB_2011	97.477	753	19	0	1	753	13	765	0.0	1273
Ga0393424_15_5387_6817	CP000239.1:1929458-1930910|CDS|CYA_1919	99.860	1431	2	0	1	1431	22	1452	0.0	2572
Ga0393424_15_6981_7676	CP000239.1:1928618-1929314|CDS|CYA_1918	100.000	696	0	0	1	696	1	696	0.0	1256
Ga0393424_15_7868_8932	CP000240.1:2113997-2115062|CDS|CYB_2008	95.681	1065	46	0	1	1065	1	1065	0.0	1714
Ga0393424_15_7868_8932	CP000239.1:1927377-1928427|CDS|CYA_1917	90.223	1033	101	0	1	1033	1	1033	0.0	1408
Ga0393424_16_93_947	CP000239.1:1650092-1650863|CDS|CYA_1653	99.741	771	2	0	85	855	1	771	0.0	1382
Ga0393424_16_93_947	CP000240.1:1704421-1705183|CDS|CYB_1635	82.041	774	124	2	85	855	1	762	0.0	774
Ga0393424_16_995_1969	CP000239.1:1650994-1651969|CDS|CYA_1654	99.897	975	1	0	1	975	1	975	0.0	1755
Ga0393424_16_995_1969	CP000240.1:1705314-1706301|CDS|CYB_1636	86.612	971	130	0	1	971	1	971	0.0	1166
Ga0393424_16_2092_2448	CP000239.1:1652091-1652448|CDS|CYA_1655	97.746	355	8	0	1	355	1	355	9.32e-174	605
Ga0393424_16_2092_2448	CP000240.1:1706411-1706768|CDS|CYB_1638	86.872	358	45	2	1	357	1	357	5.17e-120	427
Ga0393424_16_2484_3629	CP000240.1:1706803-1708045|CDS|CYB_1639	95.375	1146	53	0	1	1146	97	1242	0.0	1829
Ga0393424_16_2484_3629	CP000239.1:1652448-1653678|CDS|CYA_1656	76.616	1129	248	9	16	1136	97	1217	0.0	820
Ga0393424_16_3995_8098	CP000240.1:1708079-1712408|CDS|CYB_1640	97.334	4088	109	0	1	4088	232	4319	0.0	6882
Ga0393424_16_3995_8098	CP000239.1:1653664-1658044|CDS|CYA_1657	83.902	4131	572	20	1	4083	232	4317	0.0	4446
Ga0393424_16_8571_9584	CP000240.1:1712649-1715439|CDS|CYB_1641	94.181	1014	59	0	1	1014	1777	2790	0.0	1563
Ga0393424_16_8571_9584	CP000239.1:1658285-1661042|CDS|CYA_1658	91.124	1014	90	0	1	1014	1744	2757	0.0	1424
Ga0393424_17_1218_1784	CP000240.1:495353-495920|CDS|CYB_0483	99.824	567	1	0	1	567	1	567	0.0	1019
Ga0393424_17_1218_1784	CP000239.1:1014351-1014918|CDS|CYA_1001	87.125	567	73	0	1	567	1	567	0.0	694
Ga0393424_17_1978_4092	CP000240.1:496113-498204|CDS|CYB_0484	90.175	2117	180	11	1	2115	1	2091	0.0	2856
Ga0393424_17_4380_5102	CP000239.1:1008517-1009240|CDS|CYA_0995	100.000	723	0	0	1	723	1	723	0.0	1305
Ga0393424_17_4380_5102	CP000240.1:498466-499168|CDS|CYB_0485	79.539	694	142	0	1	694	1	694	1.32e-175	612
Ga0393424_17_5102_5806	CP000239.1:1007813-1008518|CDS|CYA_0994	100.000	705	0	0	1	705	1	705	0.0	1272
Ga0393424_17_5102_5806	CP000240.1:499167-499875|CDS|CYB_0486	81.294	711	124	2	1	705	1	708	0.0	682
Ga0393424_17_5870_6988	CP000239.1:1006631-1007750|CDS|CYA_0993	99.911	1119	1	0	1	1119	1	1119	0.0	2014
Ga0393424_17_5870_6988	CP000240.1:499935-501054|CDS|CYB_0487	84.450	1119	174	0	1	1119	1	1119	0.0	1234
Ga0393424_17_7246_8367	CP000239.1:1005260-1006382|CDS|CYA_0992	99.554	1122	5	0	1	1122	1	1122	0.0	2002
Ga0393424_17_7246_8367	CP000240.1:356718-357846|CDS|CYB_0338	86.093	1093	152	0	11	1103	17	1109	0.0	1287
Ga0393424_17_8388_9296	CP000239.1:1004331-1005240|CDS|CYA_0991	95.930	909	37	0	1	909	1	909	0.0	1473
Ga0393424_17_8388_9296	CP000240.1:355764-356694|CDS|CYB_0337	86.734	897	117	2	11	906	29	924	0.0	1075
Ga0393424_18_108_1199	CP000239.1:2651107-2652193|CDS|CYA_2635	99.816	1086	2	0	7	1092	1	1086	0.0	1950
Ga0393424_18_108_1199	CP000240.1:675946-677032|CDS|CYB_0662	85.649	1087	154	2	7	1092	1	1086	0.0	1251
Ga0393424_18_1564_1824	CP000239.1:2650476-2650803|CDS|CYA_2633	100.000	261	0	0	1	261	67	327	9.91e-134	471
Ga0393424_18_1564_1824	CP000240.1:677241-677640|CDS|CYB_0663	89.272	261	25	1	1	261	142	399	3.47e-95	343
Ga0393424_18_2157_2516	CP000239.1:2649784-2650144|CDS|CYA_2632	99.722	360	1	0	1	360	1	360	0.0	645
Ga0393424_18_2157_2516	CP000240.1:677970-678336|CDS|CYB_0664	79.714	350	59	3	1	341	7	353	1.01e-84	309
Ga0393424_18_2560_3237	CP000239.1:2649063-2649741|CDS|CYA_2631	100.000	678	0	0	1	678	1	678	0.0	1223
Ga0393424_18_2560_3237	CP000240.1:679815-680487|CDS|CYB_0666	87.309	654	83	0	1	654	1	654	0.0	806
Ga0393424_18_3247_3612	CP000239.1:2648736-2649054|CDS|CYA_2630	100.000	318	0	0	49	366	1	318	1.62e-164	574
Ga0393424_18_3247_3612	CP000240.1:680496-680868|CDS|CYB_0667	83.987	306	49	0	61	366	67	372	3.14e-91	332
Ga0393424_18_3829_5655	CP000239.1:2646699-2648472|CDS|CYA_2629	96.565	1776	58	1	52	1827	1	1773	0.0	2927
Ga0393424_18_3829_5655	CP000240.1:681089-682925|CDS|CYB_0668	75.499	1804	339	25	52	1778	1	1778	0.0	1242
Ga0393424_18_5745_6149	CP000239.1:2645143-2646559|CDS|CYA_2628	99.506	405	2	0	1	405	1012	1416	0.0	722
Ga0393424_18_5745_6149	CP000240.1:683072-684488|CDS|CYB_0669	82.429	387	68	0	1	387	1018	1404	1.22e-109	392
Ga0393424_18_6190_7149	CP000239.1:2645143-2646559|CDS|CYA_2628	90.502	937	89	0	1	937	7	943	0.0	1289
Ga0393424_18_6190_7149	CP000240.1:683072-684488|CDS|CYB_0669	81.809	951	158	3	1	936	1	951	0.0	936
Ga0393424_18_7271_7891	CP000239.1:2644292-2644913|CDS|CYA_2626	88.387	620	72	0	1	620	1	620	0.0	794
Ga0393424_18_7271_7891	CP000240.1:684862-685483|CDS|CYB_0671	85.484	620	90	0	1	620	1	620	0.0	713
Ga0393424_18_7874_8542	CP000239.1:2643683-2644310|CDS|CYA_2627	97.448	627	10	3	49	669	1	627	0.0	1051
Ga0393424_18_7874_8542	CP000240.1:90875-91556|CDS|CYB_0078	84.843	574	87	0	45	618	78	651	0.0	644
Ga0393424_18_8606_8920	CP000239.1:2643257-2643572|CDS|CYA_2625	100.000	315	0	0	1	315	1	315	5.89e-163	569
Ga0393424_19_7_936	CP000239.1:1578941-1580483|CDS|CYA_1570	98.602	930	13	0	1	930	613	1542	0.0	1619
Ga0393424_19_7_936	CP000240.1:1901328-1902870|CDS|CYB_1816	88.082	923	110	0	4	926	616	1538	0.0	1169
Ga0393424_19_7_936	CP000239.1:290260-291658|CDS|CYA_0283	74.745	883	205	10	1	880	430	1297	3.29e-159	559
Ga0393424_19_7_936	CP000239.1:321744-323256|CDS|CYA_0313	64.555	742	227	14	7	730	622	1345	7.79e-28	123
Ga0393424_19_7_936	CP000240.1:1767536-1769048|CDS|CYB_1691	63.995	736	241	11	7	730	622	1345	5.99e-23	105
Ga0393424_19_1108_3216	CP000239.1:1580612-1582763|CDS|CYA_1571	99.858	2109	3	0	1	2109	43	2151	0.0	3791
Ga0393424_19_1108_3216	CP000240.1:390960-393057|CDS|CYB_0376	82.428	2026	323	5	48	2040	12	2037	0.0	2057
Ga0393424_19_3618_3956	CP000239.1:1583157-1583496|CDS|CYA_1572	100.000	339	0	0	1	339	1	339	5.96e-176	612
Ga0393424_19_3618_3956	CP000240.1:393662-394001|CDS|CYB_0377	80.896	335	64	0	1	335	1	335	6.40e-87	316
Ga0393424_19_4005_4346	CP000239.1:1583544-1583886|CDS|CYA_1573	100.000	342	0	0	1	342	1	342	1.42e-177	618
Ga0393424_19_4005_4346	CP000240.1:394085-394427|CDS|CYB_0378	85.503	338	49	0	1	338	1	338	1.25e-108	389
Ga0393424_19_4428_5078	CP000239.1:1583967-1584618|CDS|CYA_1574	99.846	651	1	0	1	651	1	651	0.0	1170
Ga0393424_19_4428_5078	CP000240.1:394511-395162|CDS|CYB_0379	86.207	638	88	0	1	638	1	638	0.0	755
Ga0393424_19_5252_5626	CP000239.1:1584647-1585166|CDS|CYA_1575	99.733	375	1	0	1	375	145	519	0.0	673
Ga0393424_19_5707_7437	CP000239.1:1585246-1586977|CDS|CYA_1576	99.942	1731	1	0	1	1731	1	1731	0.0	3118
Ga0393424_19_5707_7437	CP000240.1:396251-398000|CDS|CYB_0381	88.745	1697	191	0	33	1729	51	1747	0.0	2200
Ga0393424_19_7552_9294	CP000239.1:1587091-1588858|CDS|CYA_1577	91.178	1689	149	0	55	1743	79	1767	0.0	2375
Ga0393424_19_7552_9294	CP000240.1:398115-399882|CDS|CYB_0382	86.105	1720	215	2	1	1696	1	1720	0.0	2038
Ga0393424_20_490_759	CP000239.1:2890537-2890807|CDS|CYA_2872	98.889	270	3	0	1	270	1	270	2.95e-134	474
Ga0393424_20_490_759	CP000240.1:1745940-1746210|CDS|CYB_1667	80.741	270	52	0	1	270	1	270	5.00e-68	253
Ga0393424_20_772_2037	CP000239.1:2890819-2892085|CDS|CYA_2873	93.128	1266	87	0	1	1266	1	1266	0.0	1892
Ga0393424_20_772_2037	CP000240.1:1744647-1745928|CDS|CYB_1666	85.518	1236	179	0	25	1260	40	1275	0.0	1423
Ga0393424_20_2135_2380	CP000239.1:2892182-2892428|CDS|CYA_2874	100.000	246	0	0	1	246	1	246	1.29e-125	444
Ga0393424_20_2135_2380	CP000240.1:1744311-1744602|CDS|CYB_1665	88.618	246	28	0	1	246	46	291	1.29e-87	318
Ga0393424_20_2612_2902	CP000239.1:2892659-2892950|CDS|CYA_2875	100.000	291	0	0	1	291	1	291	5.78e-150	526
Ga0393424_20_2612_2902	CP000240.1:1743826-1744117|CDS|CYB_1664	81.690	284	52	0	1	284	1	284	1.36e-75	279
Ga0393424_20_2990_3388	CP000239.1:2893037-2893436|CDS|CYA_2876	98.997	399	4	0	1	399	1	399	0.0	702
Ga0393424_20_2990_3388	CP000240.1:1743354-1743753|CDS|CYB_1663	81.955	399	72	0	1	399	1	399	9.85e-111	396
Ga0393424_20_3415_4044	CP000239.1:2893462-2894092|CDS|CYA_2877	99.841	630	1	0	1	630	1	630	0.0	1132
Ga0393424_20_3415_4044	CP000240.1:1742628-1743189|CDS|CYB_1662	86.892	473	62	0	145	617	1	473	2.87e-164	574
Ga0393424_20_4257_4790	CP000239.1:2894124-2894838|CDS|CYA_2878	100.000	534	0	0	1	534	181	714	0.0	964
Ga0393424_20_4257_4790	CP000240.1:1741885-1742533|CDS|CYB_1661	92.121	495	39	0	1	495	115	609	0.0	718
Ga0393424_20_4811_6232	CP000239.1:2894858-2896280|CDS|CYA_2879	99.930	1422	1	0	1	1422	1	1422	0.0	2561
Ga0393424_20_4811_6232	CP000240.1:1740396-1741881|CDS|CYB_1660	78.992	1428	249	4	1	1380	1	1425	0.0	1251
Ga0393424_20_6250_7818	CP000239.1:2896297-2897866|CDS|CYA_2880	99.873	1569	2	0	1	1569	1	1569	0.0	2821
Ga0393424_20_6250_7818	CP000240.1:1738815-1740378|CDS|CYB_1659	83.398	1548	245	3	25	1569	25	1563	0.0	1631
Ga0393424_20_7843_8628	CP000239.1:2897890-2898676|CDS|CYA_2881	99.873	786	1	0	1	786	1	786	0.0	1414
Ga0393424_20_7843_8628	CP000240.1:1737982-1738768|CDS|CYB_1658	89.286	784	84	0	1	784	1	784	0.0	1036
Ga0393424_20_8625_9143	CP000239.1:2898672-2899683|CDS|CYA_2882	99.807	519	1	0	1	519	493	1011	0.0	932
Ga0393424_20_8625_9143	CP000240.1:1736975-1737986|CDS|CYB_1657	88.632	519	59	0	1	519	493	1011	0.0	671
Ga0393424_21_282_914	CP000239.1:1072186-1072819|CDS|CYA_1055	100.000	633	0	0	1	633	1	633	0.0	1142
Ga0393424_21_282_914	CP000240.1:2496371-2497004|CDS|CYB_2396	84.810	632	96	0	2	633	2	633	0.0	708
Ga0393424_21_927_1703	CP000239.1:1072831-1073605|CDS|CYA_1056	99.742	774	2	0	4	777	1	774	0.0	1388
Ga0393424_21_927_1703	CP000240.1:2495572-2496349|CDS|CYB_2395	89.392	773	82	0	1	773	1	773	0.0	1025
Ga0393424_21_1800_1997	CP000239.1:1073704-1073902|CDS|CYA_1057	100.000	198	0	0	1	198	1	198	1.16e-99	358
Ga0393424_21_1800_1997	CP000240.1:2495291-2495489|CDS|CYB_2394	89.394	198	21	0	1	198	1	198	6.84e-71	263
Ga0393424_21_1985_3082	CP000239.1:1073889-1075026|CDS|CYA_1058	99.909	1098	1	0	1	1098	40	1137	0.0	1976
Ga0393424_21_1985_3082	CP000240.1:2494155-2495304|CDS|CYB_2393	94.900	1098	56	0	1	1098	52	1149	0.0	1728
Ga0393424_21_3327_5276	CP000239.1:1075231-1077295|CDS|CYA_1059	97.900	1952	38	1	2	1950	113	2064	0.0	3334
Ga0393424_21_3327_5276	CP000240.1:288322-290380|CDS|CYB_0274	86.605	1956	253	2	1	1950	106	2058	0.0	2346
Ga0393424_21_5489_5755	CP000240.1:287861-288215|CDS|CYB_0273	93.258	267	18	0	1	267	88	354	1.51e-112	401
Ga0393424_21_5489_5755	CP000239.1:1077376-1077709|CDS|CYA_1060	85.768	267	38	0	1	267	67	333	2.10e-85	311
Ga0393424_21_5904_6416	CP000240.1:287287-287800|CDS|CYB_0272	94.152	513	30	0	1	513	1	513	0.0	791
Ga0393424_21_5904_6416	CP000239.1:1077737-1078295|CDS|CYA_1061	89.567	508	53	0	1	508	46	553	0.0	678
Ga0393424_21_6667_7137	CP000239.1:1078416-1079034|CDS|CYA_1062	91.880	468	38	0	4	471	151	618	0.0	673
Ga0393424_21_6667_7137	CP000240.1:286565-287237|CDS|CYB_0271	85.129	464	69	0	1	464	202	665	9.62e-150	526
Ga0393424_21_7212_7661	CP000239.1:1079108-1079558|CDS|CYA_1063	100.000	450	0	0	1	450	1	450	0.0	812
Ga0393424_21_7212_7661	CP000240.1:286028-286478|CDS|CYB_0270	88.889	450	50	0	1	450	1	450	3.20e-168	587
Ga0393424_21_7924_9012	CP000239.1:1079820-1081194|CDS|CYA_1064	99.082	1089	10	0	1	1089	286	1374	0.0	1920
Ga0393424_21_7924_9012	CP000240.1:283432-284806|CDS|CYB_0268	87.870	1080	129	2	4	1082	289	1367	0.0	1351
Ga0393424_22_1_177	CP000239.1:1567348-1567552|CDS|CYA_1558	100.000	177	0	0	1	177	28	204	2.56e-88	320
Ga0393424_22_1_177	CP000240.1:1109358-1109571|CDS|CYB_1071	85.876	177	25	0	1	177	37	213	4.06e-54	207
Ga0393424_22_473_907	CP000239.1:1566645-1567080|CDS|CYA_1557	99.770	435	1	0	1	435	1	435	0.0	781
Ga0393424_22_473_907	CP000240.1:1109889-1110315|CDS|CYB_1072	84.878	410	62	0	13	422	13	422	3.09e-130	461
Ga0393424_22_951_1778	CP000239.1:1565774-1566602|CDS|CYA_1556	97.222	828	23	0	1	828	1	828	0.0	1390
Ga0393424_22_951_1778	CP000240.1:1110358-1111186|CDS|CYB_1073	80.653	827	160	0	1	827	1	827	0.0	771
Ga0393424_22_1844_2671	CP000239.1:1564881-1565709|CDS|CYA_1555	99.517	828	4	0	1	828	1	828	0.0	1476
Ga0393424_22_1844_2671	CP000240.1:1111281-1112109|CDS|CYB_1074	84.358	748	115	2	82	828	82	828	0.0	815
Ga0393424_22_1844_2671	CP000239.1:1739211-1740009|CDS|CYA_1735	70.240	625	186	0	79	703	52	676	2.25e-78	289
Ga0393424_22_1844_2671	CP000240.1:1997239-1998037|CDS|CYB_1912	69.649	626	188	2	79	703	52	676	2.57e-71	266
Ga0393424_22_2708_3607	CP000239.1:1563945-1564845|CDS|CYA_1554	99.222	900	7	0	1	900	1	900	0.0	1592
Ga0393424_22_2708_3607	CP000240.1:1112191-1113082|CDS|CYB_1075	81.266	790	148	0	109	898	100	889	0.0	758
Ga0393424_22_3614_4582	CP000239.1:1562970-1563939|CDS|CYA_1553	99.690	969	3	0	1	969	1	969	0.0	1735
Ga0393424_22_3614_4582	CP000240.1:1113088-1114057|CDS|CYB_1076	80.251	957	189	0	13	969	13	969	0.0	875
Ga0393424_22_4654_5733	CP000239.1:1561866-1562946|CDS|CYA_1552	99.074	1080	10	0	1	1080	1	1080	0.0	1903
Ga0393424_22_4654_5733	CP000240.1:1114090-1115167|CDS|CYB_1077	81.094	1079	201	1	1	1079	1	1076	0.0	1025
Ga0393424_22_6093_6554	CP000239.1:1561069-1561531|CDS|CYA_1551	100.000	462	0	0	1	462	1	462	0.0	834
Ga0393424_22_6093_6554	CP000240.1:1115957-1116407|CDS|CYB_1080	82.921	445	76	0	14	458	2	446	3.29e-130	461
Ga0393424_22_6641_8440	CP000239.1:1559183-1560959|CDS|CYA_1550	99.437	1776	10	0	25	1800	1	1776	0.0	3158
Ga0393424_22_6641_8440	CP000240.1:1116585-1118361|CDS|CYB_1081	85.023	1776	266	0	25	1800	1	1776	0.0	2004
Ga0393424_23_530_1663	CP000239.1:1629792-1630971|CDS|CYA_1627	99.912	1134	1	0	1	1134	46	1179	0.0	2041
Ga0393424_23_530_1663	CP000240.1:1983818-1984997|CDS|CYB_1897	88.584	1130	129	0	5	1134	50	1179	0.0	1457
Ga0393424_23_1654_2304	CP000239.1:1630961-1631612|CDS|CYA_1626	99.539	651	3	0	1	651	1	651	0.0	1161
Ga0393424_23_1654_2304	CP000240.1:1983177-1983828|CDS|CYB_1898	85.253	651	96	0	1	651	1	651	0.0	742
Ga0393424_23_2363_2611	CP000239.1:1631670-1631919|CDS|CYA_1628	99.598	249	1	0	1	249	1	249	1.31e-125	445
Ga0393424_23_2739_3263	CP000239.1:1632070-1632571|CDS|CYA_1629	99.800	501	1	0	25	525	1	501	0.0	900
Ga0393424_23_2739_3263	CP000240.1:935938-936439|CDS|CYB_0906	82.209	489	87	0	25	513	1	489	7.77e-139	490
Ga0393424_23_3286_3594	CP000239.1:1632593-1632902|CDS|CYA_1630	100.000	309	0	0	1	309	1	309	1.04e-159	558
Ga0393424_23_3286_3594	CP000240.1:1333696-1334005|CDS|CYB_1278	88.997	309	34	0	1	309	1	309	1.45e-113	405
Ga0393424_23_3671_4279	CP000239.1:1632978-1633587|CDS|CYA_1631	99.343	609	4	0	1	609	1	609	0.0	1081
Ga0393424_23_3671_4279	CP000240.1:1334082-1334691|CDS|CYB_1279	85.386	609	89	0	1	609	1	609	0.0	698
Ga0393424_23_4385_5746	CP000239.1:1633706-1634978|CDS|CYA_1632	85.404	1288	165	9	82	1362	1	1272	0.0	1456
Ga0393424_23_4385_5746	CP000240.1:1334810-1336124|CDS|CYB_1280	81.083	1348	211	15	25	1362	1	1314	0.0	1254
Ga0393424_23_6160_6924	CP000239.1:1635201-1635933|CDS|CYA_1633	98.182	715	13	0	1	715	1	715	0.0	1232
Ga0393424_23_6160_6924	CP000240.1:1336293-1337025|CDS|CYB_1281	85.175	715	106	0	1	715	1	715	0.0	812
Ga0393424_23_6924_7391	CP000239.1:1635932-1636400|CDS|CYA_1634	100.000	468	0	0	1	468	1	468	0.0	845
Ga0393424_23_6924_7391	CP000240.1:1337042-1337507|CDS|CYB_1282	82.316	475	63	2	1	466	1	463	2.40e-138	489
Ga0393424_24_337_564	CP000239.1:782540-783770|CDS|CYA_0777	98.690	229	2	1	1	228	403	631	5.39e-111	397
Ga0393424_24_337_564	CP000239.1:1966854-1968081|CDS|CYA_1956	89.083	229	24	1	1	228	403	631	3.89e-81	297
Ga0393424_24_337_564	CP000240.1:2424097-2424871|CDS|CYB_2313	79.535	215	44	0	1	215	400	614	4.16e-49	190
Ga0393424_24_337_564	CP000240.1:86287-87061|CDS|CYB_0074	78.855	227	47	1	1	226	400	626	4.16e-49	190
Ga0393424_24_337_564	CP000240.1:544792-546037|CDS|CYB_0530	77.533	227	50	1	1	226	400	626	9.16e-45	177
Ga0393424_24_337_564	CP000240.1:2581305-2582079|CDS|CYB_2484	77.674	215	48	0	1	215	400	614	1.12e-43	172
Ga0393424_24_337_564	CP000240.1:1126684-1127458|CDS|CYB_1091	76.279	215	51	0	1	215	400	614	2.46e-39	159
Ga0393424_24_678_995	CP000239.1:782540-783770|CDS|CYA_0777	99.686	318	1	0	1	318	1062	745	5.95e-163	570
Ga0393424_24_678_995	CP000239.1:1966854-1968081|CDS|CYA_1956	90.536	317	30	0	1	317	1062	746	2.53e-123	437
Ga0393424_24_678_995	CP000239.1:2027933-2028476|CDS|CYA_2012	75.235	319	75	2	2	318	350	34	5.24e-56	214
Ga0393424_24_678_995	CP000240.1:544792-546037|CDS|CYB_0530	72.241	299	75	2	24	318	1036	742	8.31e-41	164
Ga0393424_24_1177_1866	CP000239.1:346458-347148|CDS|CYA_0329	100.000	690	0	0	1	690	1	690	0.0	1245
Ga0393424_24_1177_1866	CP000240.1:1791476-1792229|CDS|CYB_1708	85.512	635	92	0	1	635	1	635	0.0	731
Ga0393424_24_2018_3139	CP000239.1:347317-348421|CDS|CYA_0330	99.909	1104	1	0	19	1122	1	1104	0.0	1987
Ga0393424_24_2018_3139	CP000240.1:1792910-1794008|CDS|CYB_1710	83.670	1090	178	0	19	1108	1	1090	0.0	1164
Ga0393424_24_3208_3546	CP000239.1:348528-348828|CDS|CYA_0331	100.000	300	0	0	40	339	1	300	8.86e-155	542
Ga0393424_24_3208_3546	CP000240.1:1794124-1794424|CDS|CYB_1711	89.333	300	32	0	40	339	1	300	2.38e-111	398
Ga0393424_24_3750_5378	CP000239.1:349031-350660|CDS|CYA_0332	99.877	1629	2	0	1	1629	1	1629	0.0	2929
Ga0393424_24_3750_5378	CP000240.1:1794623-1796243|CDS|CYB_1712	86.578	1587	213	0	1	1587	1	1587	0.0	1902
Ga0393424_24_3750_5378	CP000239.1:1411962-1413597|CDS|CYA_1407	70.401	1598	447	12	1	1585	1	1585	0.0	719
Ga0393424_24_3750_5378	CP000240.1:1690529-1692164|CDS|CYB_1618	69.763	1604	461	10	1	1592	1	1592	0.0	683
Ga0393424_24_5416_6942	CP000239.1:350697-352224|CDS|CYA_0333	100.000	1527	0	0	1	1527	1	1527	0.0	2755
Ga0393424_24_5416_6942	CP000240.1:1587284-1588820|CDS|CYB_1514	90.184	1518	149	0	1	1518	1	1518	0.0	2067
Ga0393424_24_6989_7777	CP000239.1:352270-353185|CDS|CYA_0334	99.747	789	2	0	1	789	127	915	0.0	1415
Ga0393424_24_6989_7777	CP000240.1:1586328-1587234|CDS|CYB_1513	74.031	851	116	6	1	767	7	836	6.12e-174	607
Ga0393424_25_212_1525	CP000239.1:2535267-2536536|CDS|CYA_2520	99.685	1269	3	1	1	1268	1	1269	0.0	2268
Ga0393424_25_212_1525	CP000240.1:2070303-2071596|CDS|CYB_1971	84.732	1251	191	0	1	1251	1	1251	0.0	1396
Ga0393424_25_1482_5078	CP000239.1:2531668-2535265|CDS|CYA_2519	99.889	3597	4	0	1	3597	1	3597	0.0	6469
Ga0393424_25_1482_5078	CP000240.1:2066704-2070322|CDS|CYB_1970	78.732	3597	765	0	1	3597	22	3618	0.0	3039
Ga0393424_25_5068_6261	CP000239.1:2530485-2531679|CDS|CYA_2518	100.000	1194	0	0	1	1194	1	1194	0.0	2154
Ga0393424_25_5068_6261	CP000240.1:2065521-2066715|CDS|CYB_1969	83.250	1194	200	0	1	1194	1	1194	0.0	1252
Ga0393424_25_6258_6851	CP000239.1:2529895-2530489|CDS|CYA_2517	99.832	594	1	0	1	594	1	594	0.0	1067
Ga0393424_25_6258_6851	CP000240.1:2064931-2065525|CDS|CYB_1968	84.797	592	90	0	1	592	1	592	0.0	663
Ga0393424_26_110_850	CP000239.1:1628282-1629023|CDS|CYA_1625	100.000	741	0	0	1	741	1	741	0.0	1337
Ga0393424_26_110_850	CP000240.1:1985629-1986343|CDS|CYB_1899	84.245	603	95	0	1	603	1	603	0.0	660
Ga0393424_26_1235_1726	CP000239.1:1627405-1628002|CDS|CYA_1624	100.000	492	0	0	1	492	106	597	0.0	888
Ga0393424_26_1235_1726	CP000240.1:1986368-1986860|CDS|CYB_1900	80.285	492	97	0	1	492	1	492	6.36e-127	451
Ga0393424_26_1884_2252	CP000239.1:1626879-1627374|CDS|CYA_1623	100.000	369	0	0	1	369	127	495	0.0	666
Ga0393424_26_1884_2252	CP000240.1:1986963-1987389|CDS|CYB_1901	82.370	346	61	0	19	364	58	403	1.18e-96	350
Ga0393424_26_2481_3380	CP000239.1:1625730-1626651|CDS|CYA_1622	99.667	900	3	0	1	900	22	921	0.0	1610
Ga0393424_26_2481_3380	CP000240.1:1987413-1988340|CDS|CYB_1902	84.658	893	137	0	1	893	22	914	0.0	994
Ga0393424_26_3474_4661	CP000239.1:1624446-1625658|CDS|CYA_1621	99.916	1188	1	0	1	1188	25	1212	0.0	2139
Ga0393424_26_3474_4661	CP000240.1:2989446-2990658|CDS|CYB_2892	85.413	1186	173	0	1	1186	25	1210	0.0	1360
Ga0393424_26_4682_5941	CP000239.1:1623052-1624450|CDS|CYA_1620	99.921	1260	1	0	1	1260	139	1398	0.0	2269
Ga0393424_26_4682_5941	CP000240.1:2988076-2989450|CDS|CYB_2890	83.665	1206	197	0	3	1208	144	1349	0.0	1287
Ga0393424_26_6251_6634	CP000239.1:1622497-1622881|CDS|CYA_1619	100.000	384	0	0	1	384	1	384	0.0	693
Ga0393424_26_6251_6634	CP000240.1:2987532-2987910|CDS|CYB_2889	86.236	356	49	0	1	356	1	356	2.37e-118	422
Ga0393424_26_7031_7156	CP000239.1:1621687-1622101|CDS|CYA_1617	100.000	126	0	0	1	126	289	414	8.40e-61	228
Ga0393424_26_7161_7445	CP000239.1:1621687-1622101|CDS|CYA_1617	99.649	285	0	1	1	285	1	284	5.29e-144	507
Ga0393424_26_7161_7445	CP000240.1:1879608-1880013|CDS|CYB_1791	82.807	285	48	1	1	285	1	284	7.37e-79	290
Ga0393424_26_7714_8046	CP000239.1:1620702-1621419|CDS|CYA_1616	100.000	333	0	0	1	333	385	717	1.06e-172	601
Ga0393424_26_7714_8046	CP000240.1:1880251-1880968|CDS|CYB_1792	86.186	333	46	0	1	333	385	717	2.85e-110	394
Ga0393424_27_14_1246	CP000239.1:75902-77240|CDS|CYA_0077	100.000	1233	0	0	1	1233	106	1338	0.0	2224
Ga0393424_27_14_1246	CP000240.1:2140818-2142156|CDS|CYB_2039	83.850	1226	196	2	4	1228	109	1333	0.0	1312
Ga0393424_27_1344_1565	CP000239.1:77337-77559|CDS|CYA_0078	100.000	222	0	0	1	222	1	222	1.23e-112	401
Ga0393424_27_1344_1565	CP000240.1:2142258-2142483|CDS|CYB_2040	84.932	219	31	2	4	221	7	224	8.88e-64	240
Ga0393424_27_1919_2455	CP000239.1:77912-78449|CDS|CYA_0079	100.000	537	0	0	1	537	1	537	0.0	969
Ga0393424_27_2563_2805	CP000239.1:78556-79003|CDS|CYA_0080	100.000	243	0	0	1	243	205	447	5.41e-124	439
Ga0393424_27_2563_2805	CP000240.1:2143236-2143479|CDS|CYB_2042	91.770	243	20	0	1	243	1	243	7.53e-97	349
Ga0393424_27_3362_4645	CP000239.1:71020-72367|CDS|CYA_0074	99.922	1284	1	0	1	1284	64	1347	0.0	2312
Ga0393424_27_3362_4645	CP000240.1:1840897-1842244|CDS|CYB_1758	89.019	1284	141	0	1	1284	64	1347	0.0	1681
Ga0393424_27_4642_5637	CP000239.1:72363-73359|CDS|CYA_0075	99.900	996	1	0	1	996	1	996	0.0	1792
Ga0393424_27_4642_5637	CP000240.1:1839899-1840901|CDS|CYB_1757	87.171	951	113	2	1	951	1	942	0.0	1165
Ga0393424_27_5676_7610	CP000239.1:73397-75167|CDS|CYA_0076	99.774	1770	4	0	166	1935	1	1770	0.0	3175
Ga0393424_27_5676_7610	CP000240.1:1837180-1839013|CDS|CYB_1754	88.319	1832	212	2	103	1933	1	1831	0.0	2333
Ga0393424_28_1924_3141	CP000240.1:1763450-1764623|CDS|CYB_1688	93.414	1154	76	0	1	1154	1	1154	0.0	1739
Ga0393424_28_1924_3141	CP000240.1:1917270-1918464|CDS|CYB_1826	90.805	1218	88	1	1	1218	1	1194	0.0	1709
Ga0393424_28_1924_3141	CP000239.1:693322-694534|CDS|CYA_0687	92.178	1125	88	0	1	1125	1	1125	0.0	1633
Ga0393424_28_1924_3141	CP000240.1:2219258-2220470|CDS|CYB_2126	91.911	1125	91	0	1	1125	1	1125	0.0	1619
Ga0393424_28_1924_3141	CP000240.1:2128026-2129220|CDS|CYB_2026	86.207	1218	144	1	1	1218	1	1194	0.0	1457
Ga0393424_28_1924_3141	CP000240.1:2830275-2831565|CDS|CYB_2735	82.158	1205	161	9	1	1154	1	1202	0.0	1213
Ga0393424_28_1924_3141	CP000240.1:1803089-1804283|CDS|CYB_1722	83.877	1135	175	7	1	1131	1	1131	0.0	1198
Ga0393424_28_1924_3141	CP000240.1:2644164-2645358|CDS|CYB_2538	83.820	1131	171	7	1	1125	1	1125	0.0	1195
Ga0393424_28_1924_3141	CP000240.1:638632-639850|CDS|CYB_0630	82.771	1155	163	8	1	1125	1	1149	0.0	1183
Ga0393424_28_1924_3141	CP000240.1:1521392-1522610|CDS|CYB_1450	82.220	1153	173	8	1	1125	1	1149	0.0	1149
Ga0393424_28_1924_3141	CP000240.1:2168360-2169515|CDS|CYB_2071	82.297	1158	193	7	1	1152	1	1152	0.0	1144
Ga0393424_28_1924_3141	CP000240.1:52430-53648|CDS|CYB_0041	81.732	1155	187	6	1	1131	1	1155	0.0	1127
Ga0393424_28_1924_3141	CP000240.1:1358129-1359347|CDS|CYB_1297	81.787	1153	178	8	1	1125	1	1149	0.0	1126
Ga0393424_28_1924_3141	CP000239.1:1594889-1596107|CDS|CYA_1585	80.492	1220	234	4	1	1218	1	1218	0.0	1113
Ga0393424_28_1924_3141	CP000239.1:2170714-2171908|CDS|CYA_2158	81.794	1137	195	7	1	1131	1	1131	0.0	1097
Ga0393424_28_1924_3141	CP000240.1:102811-104029|CDS|CYB_0087	79.036	1245	207	7	1	1218	1	1218	0.0	1086
Ga0393424_28_1924_3141	CP000240.1:1064975-1066169|CDS|CYB_1023	81.649	1128	201	5	1	1125	1	1125	0.0	1085
Ga0393424_28_1924_3141	CP000240.1:1083184-1084426|CDS|CYB_1042	79.949	1182	183	9	1	1131	1	1179	0.0	1072
Ga0393424_28_1924_3141	CP000240.1:481588-482800|CDS|CYB_0472	81.618	1137	185	13	1	1125	1	1125	0.0	1072
Ga0393424_28_1924_3141	CP000240.1:1190675-1191869|CDS|CYB_1151	81.305	1134	194	10	1	1125	1	1125	0.0	1061
Ga0393424_28_1924_3141	CP000240.1:1015074-1016268|CDS|CYB_0979	79.231	1223	220	8	1	1218	1	1194	0.0	1056
Ga0393424_28_1924_3141	CP000240.1:3008652-3009870|CDS|CYB_2910	80.189	1161	194	8	1	1131	1	1155	0.0	1054
Ga0393424_28_1924_3141	CP000239.1:774779-775973|CDS|CYA_0767	81.134	1129	205	7	1	1125	1	1125	0.0	1052
Ga0393424_28_1924_3141	CP000240.1:1954838-1956056|CDS|CYB_1872	80.225	1158	199	8	1	1131	1	1155	0.0	1048
Ga0393424_28_1924_3141	CP000240.1:2247371-2248565|CDS|CYB_2147	78.852	1220	230	5	1	1218	1	1194	0.0	1040
Ga0393424_28_1924_3141	CP000239.1:712444-713638|CDS|CYA_0704	80.688	1134	213	6	1	1131	1	1131	0.0	1037
Ga0393424_28_1924_3141	CP000240.1:2553363-2554557|CDS|CYB_2454	80.442	1130	211	9	1	1125	1	1125	0.0	1011
Ga0393424_28_1924_3141	CP000239.1:893439-894633|CDS|CYA_0887	78.350	1224	229	9	1	1218	1	1194	0.0	1005
Ga0393424_28_1924_3141	CP000240.1:2210858-2212052|CDS|CYB_2117	79.541	1134	214	6	1	1125	1	1125	0.0	989
Ga0393424_28_1924_3141	CP000240.1:1384265-1385459|CDS|CYB_1322	77.696	1224	237	9	1	1218	1	1194	0.0	969
Ga0393424_28_1924_3141	CP000240.1:2796782-2798000|CDS|CYB_2707	78.646	1152	216	8	1	1125	1	1149	0.0	960
Ga0393424_28_1924_3141	CP000240.1:2565689-2566883|CDS|CYB_2468	77.451	1224	240	9	1	1218	1	1194	0.0	956
Ga0393424_28_1924_3141	CP000240.1:241642-242836|CDS|CYB_0233	77.236	1230	232	14	1	1218	1	1194	0.0	937
Ga0393424_28_1924_3141	CP000240.1:345730-346924|CDS|CYB_0329	76.860	1223	249	8	1	1218	1	1194	0.0	925
Ga0393424_28_1924_3141	CP000240.1:605550-606744|CDS|CYB_0598	78.509	1140	227	11	1	1131	1	1131	0.0	919
Ga0393424_28_1924_3141	CP000240.1:2619921-2621115|CDS|CYB_2521	78.445	1132	230	9	1	1125	1	1125	0.0	914
Ga0393424_28_1924_3141	CP000239.1:629980-631174|CDS|CYA_0620	78.219	1134	229	10	1	1125	1	1125	0.0	903
Ga0393424_28_1924_3141	CP000240.1:1316312-1317548|CDS|CYB_1259	77.344	1152	231	6	1	1125	1	1149	0.0	902
Ga0393424_28_1924_3141	CP000239.1:994256-995468|CDS|CYA_0981	78.004	1132	235	10	1	1125	1	1125	0.0	887
Ga0393424_28_1924_3141	CP000240.1:1244785-1246021|CDS|CYB_1201	77.069	1160	220	12	1	1125	1	1149	0.0	881
Ga0393424_28_1924_3141	CP000240.1:2661652-2662870|CDS|CYB_2557	77.269	1157	223	13	1	1125	1	1149	0.0	879
Ga0393424_28_1924_3141	CP000239.1:698055-699204|CDS|CYA_0690	77.210	1154	223	13	1	1122	1	1146	0.0	874
Ga0393424_28_1924_3141	CP000240.1:1267756-1268992|CDS|CYB_1227	76.359	1159	230	13	1	1125	1	1149	0.0	837
Ga0393424_28_1924_3141	CP000240.1:629484-630702|CDS|CYB_0620	75.838	1163	241	8	1	1131	1	1155	0.0	831
Ga0393424_28_1924_3141	CP000240.1:2933473-2934709|CDS|CYB_2835	76.014	1159	234	12	1	1125	1	1149	0.0	823
Ga0393424_28_1924_3141	CP000240.1:1842322-1843549|CDS|CYB_1759	75.627	1157	254	9	1	1131	1	1155	0.0	801
Ga0393424_28_1924_3141	CP000239.1:88305-89487|CDS|CYA_0091	74.600	1126	252	9	1	1115	1	1103	0.0	732
Ga0393424_28_1924_3141	CP000240.1:2506708-2507857|CDS|CYB_2410	70.485	1135	213	13	1	1014	1	1134	2.56e-168	589
Ga0393424_29_81_344	CP000240.1:1440738-1441284|CDS|CYB_1370	100.000	223	0	0	1	223	244	466	4.27e-113	403
Ga0393424_29_81_344	CP000239.1:1339536-1340181|CDS|CYA_1323	87.892	223	27	0	1	223	343	565	3.51e-76	281
Ga0393424_29_437_1000	CP000240.1:1439944-1440508|CDS|CYB_1369	97.163	564	16	0	1	564	1	564	0.0	946
Ga0393424_29_437_1000	CP000239.1:1338792-1339422|CDS|CYA_1322	90.485	557	53	0	1	557	70	626	0.0	766
Ga0393424_29_1202_2464	CP000239.1:1336314-1338645|CDS|CYA_1321	97.676	1248	28	1	16	1263	1	1247	0.0	2117
Ga0393424_29_1202_2464	CP000240.1:1437379-1439743|CDS|CYB_1368	85.174	1268	180	4	1	1263	1	1265	0.0	1429
Ga0393424_29_2346_3548	CP000239.1:1336314-1338645|CDS|CYA_1321	99.917	1203	1	0	1	1203	1129	2331	0.0	2166
Ga0393424_29_2346_3548	CP000240.1:1437379-1439743|CDS|CYB_1368	81.572	1221	207	5	1	1203	1144	2364	0.0	1182
Ga0393424_29_3959_4162	CP000239.1:455920-457171|CDS|CYA_0436	87.383	214	14	2	1	201	772	985	1.66e-72	268
Ga0393424_30_59_1522	CP000239.1:1016585-1018019|CDS|CYA_1003	96.165	1434	55	0	31	1464	1	1434	0.0	2339
Ga0393424_30_59_1522	CP000240.1:492231-493674|CDS|CYB_0481	86.643	1430	182	1	31	1451	1	1430	0.0	1722
Ga0393424_30_1655_2569	CP000239.1:1018843-1019764|CDS|CYA_1005	92.975	911	64	0	1	911	1	911	0.0	1355
Ga0393424_30_1655_2569	CP000240.1:490116-491037|CDS|CYB_0479	88.694	911	103	0	1	911	1	911	0.0	1179
Ga0393424_30_2637_3149	CP000239.1:1019841-1020354|CDS|CYA_1006	94.141	512	30	0	1	512	1	512	0.0	789
Ga0393424_30_2637_3149	CP000240.1:489532-490051|CDS|CYB_0478	86.100	518	66	1	1	512	1	518	3.22e-175	611
Ga0393424_30_3231_6167	CP000239.1:1020397-1024249|CDS|CYA_1007	77.635	2249	494	4	1	2246	79	2321	0.0	1779
Ga0393424_30_6371_6886	CP000240.1:484804-485320|CDS|CYB_0475	93.798	516	32	0	1	516	1	516	0.0	787
Ga0393424_31_982_2733	CP000239.1:2632184-2633936|CDS|CYA_2616	99.943	1752	1	0	1	1752	1	1752	0.0	3156
Ga0393424_31_982_2733	CP000240.1:2381532-2383281|CDS|CYB_2276	85.967	1753	241	3	1	1752	1	1749	0.0	2044
Ga0393424_31_2762_3619	CP000239.1:2633964-2634822|CDS|CYA_2617	100.000	858	0	0	1	858	1	858	0.0	1548
Ga0393424_31_2762_3619	CP000240.1:2383317-2384169|CDS|CYB_2278	88.675	830	94	0	1	830	1	830	0.0	1074
Ga0393424_31_3589_4707	CP000239.1:2635109-2636108|CDS|CYA_2618	100.000	981	0	0	106	1086	1	981	0.0	1770
Ga0393424_31_3589_4707	CP000240.1:2384144-2385239|CDS|CYB_2277	80.933	965	184	0	97	1061	82	1046	0.0	911
Ga0393424_31_4765_5658	CP000239.1:2636270-2637158|CDS|CYA_2619	99.887	888	1	0	7	894	1	888	0.0	1598
Ga0393424_31_4765_5658	CP000240.1:2385305-2386193|CDS|CYB_2279	85.248	888	131	0	7	894	1	888	0.0	1012
Ga0393424_31_5665_6795	CP000239.1:2637170-2638301|CDS|CYA_2620	99.912	1131	1	0	1	1131	1	1131	0.0	2036
Ga0393424_31_5665_6795	CP000240.1:2386224-2387370|CDS|CYB_2280	79.578	1043	180	4	1	1013	1	1040	0.0	933
Ga0393424_31_6943_7215	CP000239.1:2638448-2639702|CDS|CYA_2621	100.000	273	0	0	1	273	982	1254	3.18e-140	493
Ga0393424_31_6943_7215	CP000240.1:794682-795936|CDS|CYB_0772	82.721	272	47	0	2	273	983	1254	1.27e-75	279
Ga0393424_32_189_572	CP000239.1:1457783-1458167|CDS|CYA_1453	100.000	384	0	0	1	384	1	384	0.0	693
Ga0393424_32_189_572	CP000240.1:1651905-1652289|CDS|CYB_1578	90.104	384	38	0	1	384	1	384	9.44e-149	522
Ga0393424_32_661_1047	CP000239.1:1457308-1457695|CDS|CYA_1452	100.000	387	0	0	1	387	1	387	0.0	699
Ga0393424_32_661_1047	CP000240.1:1652373-1652760|CDS|CYB_1579	89.406	387	41	0	1	387	1	387	4.93e-146	514
Ga0393424_32_1170_2165	CP000239.1:1456190-1457186|CDS|CYA_1451	100.000	996	0	0	1	996	1	996	0.0	1797
Ga0393424_32_1170_2165	CP000240.1:1652910-1653918|CDS|CYB_1580	85.845	982	130	3	3	978	6	984	0.0	1140
Ga0393424_32_2238_2588	CP000239.1:1455767-1456118|CDS|CYA_1450	99.715	351	1	0	1	351	1	351	0.0	629
Ga0393424_32_2238_2588	CP000240.1:1654013-1654364|CDS|CYB_1581	90.883	351	32	0	1	351	1	351	5.07e-139	489
Ga0393424_32_2594_3457	CP000239.1:1454898-1455762|CDS|CYA_1449	100.000	864	0	0	1	864	1	864	0.0	1559
Ga0393424_32_2594_3457	CP000240.1:1654377-1655235|CDS|CYB_1582	88.514	801	92	0	1	801	1	801	0.0	1031
Ga0393424_32_3489_3962	CP000239.1:1454393-1454849|CDS|CYA_1448	100.000	456	0	0	19	474	1	456	0.0	823
Ga0393424_32_3489_3962	CP000240.1:1655280-1655736|CDS|CYB_1583	87.939	456	55	0	19	474	1	456	2.13e-164	575
Ga0393424_32_3959_4372	CP000239.1:1453983-1454397|CDS|CYA_1447	100.000	414	0	0	1	414	1	414	0.0	747
Ga0393424_32_3959_4372	CP000240.1:1655732-1656143|CDS|CYB_1584	85.856	403	57	0	12	414	9	411	5.66e-133	471
Ga0393424_32_4402_4671	CP000239.1:1453684-1453906|CDS|CYA_1446	99.550	222	1	0	49	270	1	222	6.50e-111	397
Ga0393424_32_4402_4671	CP000240.1:1656219-1656444|CDS|CYB_1585	91.111	225	17	1	49	270	1	225	1.74e-86	315
Ga0393424_32_4742_5827	CP000239.1:1452528-1453614|CDS|CYA_1445	100.000	1086	0	0	1	1086	1	1086	0.0	1959
Ga0393424_32_4742_5827	CP000240.1:1656498-1657581|CDS|CYB_1586	89.576	1084	110	1	1	1084	1	1081	0.0	1444
Ga0393424_33_1374_3686	CP000239.1:2081586-2083899|CDS|CYA_2062	99.049	2313	22	0	1	2313	1	2313	0.0	4073
Ga0393424_33_1374_3686	CP000240.1:2076485-2078777|CDS|CYB_1978	86.198	2275	314	0	1	2275	1	2275	0.0	2688
Ga0393424_33_3887_4165	CP000239.1:2085906-2086185|CDS|CYA_2065	100.000	277	0	0	1	277	1	277	2.20e-142	500
Ga0393424_33_4403_5236	CP000239.1:2086423-2087257|CDS|CYA_2066	99.880	834	1	0	1	834	1	834	0.0	1500
Ga0393424_33_4403_5236	CP000240.1:2073417-2074254|CDS|CYB_1974	80.704	824	129	2	1	794	1	824	0.0	788
Ga0393424_33_5445_6290	CP000239.1:2087285-2088311|CDS|CYA_2067	99.645	846	3	0	1	846	181	1026	0.0	1513
Ga0393424_33_5445_6290	CP000240.1:2071776-2072670|CDS|CYB_1972	84.754	833	127	0	2	834	50	882	0.0	930
Ga0393424_34_7_1845	CP000239.1:2181899-2185367|CDS|CYA_2169	98.097	1839	35	0	1	1839	1630	3468	0.0	3159
Ga0393424_34_7_1845	CP000240.1:755730-759144|CDS|CYB_0734	81.717	1805	330	0	1	1805	1591	3395	0.0	1768
Ga0393424_34_2003_3103	CP000239.1:2180636-2181737|CDS|CYA_2168	98.819	1101	13	0	1	1101	1	1101	0.0	1928
Ga0393424_34_2003_3103	CP000240.1:2836653-2837769|CDS|CYB_2743	82.336	1019	180	0	83	1101	98	1116	0.0	1027
Ga0393424_34_3295_3618	CP000239.1:2180121-2180589|CDS|CYA_2167	97.205	322	9	0	1	322	145	466	2.95e-154	541
Ga0393424_34_3684_5873	CP000239.1:2177855-2180051|CDS|CYA_2166	99.361	2190	14	0	1	2190	7	2196	0.0	3887
Ga0393424_34_3684_5873	CP000240.1:2838368-2840609|CDS|CYB_2744	72.633	2229	545	9	20	2190	20	2241	0.0	1288
Ga0393424_35_720_878	CP000240.1:2969370-2969529|CDS|CYB_2871	98.742	159	2	0	1	159	1	159	6.98e-76	279
Ga0393424_35_720_878	CP000239.1:1066354-1066525|CDS|CYA_1046	84.028	144	23	0	1	144	1	144	5.74e-39	157
Ga0393424_35_881_1399	CP000240.1:2969531-2970068|CDS|CYB_2872	93.711	477	30	0	1	477	1	477	0.0	726
Ga0393424_35_881_1399	CP000239.1:1066527-1067049|CDS|CYA_1047	85.441	522	73	2	1	519	1	522	8.74e-170	593
Ga0393424_35_1478_1768	CP000240.1:2970146-2970437|CDS|CYB_2873	92.734	289	21	0	1	289	1	289	4.16e-120	427
Ga0393424_35_1478_1768	CP000239.1:1067116-1067407|CDS|CYA_1048	90.657	289	27	0	1	289	1	289	5.79e-112	400
Ga0393424_35_1913_2869	CP000239.1:1067687-1068644|CDS|CYA_1049	96.656	957	32	0	1	957	1	957	0.0	1582
Ga0393424_35_1913_2869	CP000240.1:2970577-2971534|CDS|CYB_2874	89.551	957	100	0	1	957	1	957	0.0	1276
Ga0393424_35_2973_3959	CP000239.1:1068747-1069734|CDS|CYA_1050	100.000	987	0	0	1	987	1	987	0.0	1781
Ga0393424_35_2973_3959	CP000240.1:2499534-2500518|CDS|CYB_2400	87.248	941	120	0	46	986	43	983	0.0	1157
Ga0393424_35_3989_5122	CP000239.1:1069763-1070897|CDS|CYA_1051	99.824	1134	2	0	1	1134	1	1134	0.0	2037
Ga0393424_35_3989_5122	CP000240.1:2498323-2499439|CDS|CYB_2399	87.004	1108	144	0	1	1108	1	1108	0.0	1350
Ga0393424_35_5224_5355	CP000239.1:1070998-1071130|CDS|CYA_1052	100.000	132	0	0	1	132	1	132	4.91e-64	239
Ga0393424_36_10_1296	CP000239.1:2389807-2391094|CDS|CYA_2381	99.845	1287	2	0	1	1287	1	1287	0.0	2313
Ga0393424_36_10_1296	CP000240.1:1056239-1057526|CDS|CYB_1017	85.370	1285	188	0	1	1285	1	1285	0.0	1471
Ga0393424_36_1423_2394	CP000239.1:2388709-2389681|CDS|CYA_2379	100.000	972	0	0	1	972	1	972	0.0	1754
Ga0393424_36_1423_2394	CP000240.1:2459785-2460754|CDS|CYB_2353	89.153	968	102	1	1	968	1	965	0.0	1271
Ga0393424_36_2595_3752	CP000239.1:2387351-2388509|CDS|CYA_2378	100.000	1158	0	0	1	1158	1	1158	0.0	2089
Ga0393424_36_2595_3752	CP000240.1:2458546-2459590|CDS|CYB_2352	84.391	993	154	1	1	992	1	993	0.0	1089
Ga0393424_36_3694_4062	CP000239.1:2387041-2387377|CDS|CYA_2377	100.000	336	0	0	34	369	1	336	2.77e-174	607
Ga0393424_36_3694_4062	CP000240.1:2458111-2458453|CDS|CYB_2351	82.770	296	39	2	34	317	1	296	1.26e-83	306
Ga0393424_36_4084_4791	CP000239.1:2386312-2387020|CDS|CYA_2376	100.000	708	0	0	1	708	1	708	0.0	1278
Ga0393424_36_4084_4791	CP000240.1:2457379-2458093|CDS|CYB_2350	83.602	683	97	4	1	668	1	683	0.0	723
Ga0393424_36_4847_5476	CP000239.1:2385639-2386257|CDS|CYA_2374	98.036	611	12	0	1	611	1	611	0.0	1049
Ga0393424_36_4847_5476	CP000240.1:2456706-2457324|CDS|CYB_2348	84.943	611	92	0	1	611	1	611	0.0	688
Ga0393424_37_23_412	CP000239.1:444838-446062|CDS|CYA_0427	100.000	365	0	0	1	365	229	593	0.0	659
Ga0393424_37_973_2433	CP000239.1:446369-447848|CDS|CYA_0428	99.932	1461	1	0	1	1461	19	1479	0.0	2631
Ga0393424_37_973_2433	CP000240.1:742694-744182|CDS|CYB_0724	82.189	1471	247	2	1	1459	19	1486	0.0	1477
Ga0393424_37_2435_2983	CP000239.1:447849-448440|CDS|CYA_0429	100.000	549	0	0	1	549	43	591	0.0	991
Ga0393424_37_2435_2983	CP000240.1:742105-742693|CDS|CYB_0723	87.037	540	67	1	1	540	43	579	0.0	657
Ga0393424_37_3131_3349	CP000239.1:448545-448764|CDS|CYA_0430	99.543	219	1	0	1	219	1	219	2.19e-109	391
Ga0393424_37_3131_3349	CP000240.1:741666-741891|CDS|CYB_0722	84.793	217	33	0	3	219	9	225	7.18e-65	243
Ga0393424_37_3380_4114	CP000239.1:448794-449529|CDS|CYA_0431	99.728	735	2	0	1	735	1	735	0.0	1317
Ga0393424_37_3380_4114	CP000240.1:740888-741632|CDS|CYB_0721	86.509	593	80	0	1	593	1	593	0.0	710
Ga0393424_37_4236_5036	CP000239.1:449650-450451|CDS|CYA_0432	100.000	801	0	0	1	801	1	801	0.0	1445
Ga0393424_37_4236_5036	CP000240.1:739965-740760|CDS|CYB_0720	85.144	801	113	3	1	801	1	795	0.0	901
Ga0393424_37_5189_5443	CP000239.1:450615-450858|CDS|CYA_0433	100.000	243	0	0	13	255	1	243	5.71e-124	439
Ga0393424_37_5189_5443	CP000240.1:739514-739772|CDS|CYB_0719	85.657	251	36	0	1	251	1	251	1.87e-79	291
Ga0393424_38_2300_2842	CP000239.1:2824934-2825477|CDS|CYA_2806	100.000	543	0	0	1	543	1	543	0.0	980
Ga0393424_38_2300_2842	CP000240.1:992535-993054|CDS|CYB_0954	87.016	516	67	0	1	516	1	516	1.27e-180	629
Ga0393424_38_2992_3453	CP000239.1:2825524-2826088|CDS|CYA_2807	100.000	462	0	0	1	462	103	564	0.0	834
Ga0393424_38_2992_3453	CP000240.1:2938413-2938983|CDS|CYB_2841	84.649	456	70	0	4	459	106	561	2.53e-144	508
Ga0393424_39_253_528	CP000239.1:1682063-1682840|CDS|CYA_1682	100.000	276	0	0	1	276	279	4	7.58e-142	499
Ga0393424_39_253_528	CP000240.1:1198194-1198971|CDS|CYB_1160	88.043	276	33	0	1	276	279	4	8.66e-97	350
Ga0393424_39_705_1028	CP000239.1:1682063-1682840|CDS|CYA_1682	100.000	324	0	0	1	324	454	777	7.90e-168	585
Ga0393424_39_705_1028	CP000240.1:1198194-1198971|CDS|CYB_1160	90.093	323	32	0	1	323	454	776	7.41e-124	439
Ga0393424_39_1050_2186	CP000239.1:1682861-1683998|CDS|CYA_1683	100.000	1137	0	0	1	1137	1	1137	0.0	2051
Ga0393424_39_1050_2186	CP000240.1:1197013-1198162|CDS|CYB_1159	86.817	1153	132	4	1	1137	1	1149	0.0	1395
Ga0393424_39_2267_3163	CP000239.1:1684078-1684966|CDS|CYA_1684	100.000	888	0	0	10	897	1	888	0.0	1602
Ga0393424_39_2267_3163	CP000240.1:1195963-1196860|CDS|CYB_1158	88.603	895	102	0	1	895	1	895	0.0	1155
Ga0393424_39_3151_3651	CP000239.1:1684962-1685463|CDS|CYA_1685	100.000	501	0	0	1	501	1	501	0.0	904
Ga0393424_39_3151_3651	CP000240.1:1195469-1195976|CDS|CYB_1157	74.899	494	82	2	16	497	40	503	2.59e-100	361
Ga0393424_39_3722_4120	CP000239.1:1685533-1686058|CDS|CYA_1686	99.749	399	1	0	1	399	127	525	0.0	716
Ga0393424_39_4246_4782	CP000239.1:1686057-1686594|CDS|CYA_1687	100.000	537	0	0	1	537	1	537	0.0	969
Ga0393424_39_4246_4782	CP000240.1:2643153-2643696|CDS|CYB_2537	81.516	541	94	1	1	535	1	541	1.10e-149	526
Ga0393424_40_1796_2641	CP000239.1:1149395-1150319|CDS|CYA_1122	100.000	846	0	0	1	846	79	924	0.0	1526
Ga0393424_40_1796_2641	CP000240.1:447348-448278|CDS|CYB_0437	85.060	830	124	0	1	830	79	908	0.0	939
Ga0393424_40_2717_3463	CP000239.1:1150394-1151141|CDS|CYA_1123	100.000	747	0	0	1	747	1	747	0.0	1348
Ga0393424_40_2717_3463	CP000240.1:448354-449101|CDS|CYB_0438	86.193	746	103	0	1	746	1	746	0.0	882
Ga0393424_40_3467_3778	CP000239.1:1151169-1151457|CDS|CYA_1124	100.000	288	0	0	25	312	1	288	2.65e-148	520
Ga0393424_40_3467_3778	CP000240.1:449104-449419|CDS|CYB_0439	85.315	286	41	1	17	301	17	302	3.94e-89	324
Ga0393424_40_3910_4254	CP000239.1:1151588-1151933|CDS|CYA_1125	100.000	345	0	0	1	345	1	345	3.36e-179	623
Ga0393424_40_3910_4254	CP000240.1:1378425-1378770|CDS|CYB_1316	82.558	344	60	0	1	344	1	344	3.16e-97	351
Ga0393424_41_723_980	CP000239.1:553735-553993|CDS|CYA_0540	100.000	258	0	0	1	258	1	258	4.16e-132	466
Ga0393424_41_723_980	CP000240.1:2358349-2358625|CDS|CYB_2256	82.456	228	40	0	1	228	1	228	1.56e-61	232
Ga0393424_41_982_1173	CP000239.1:553497-553734|CDS|CYA_0539	100.000	175	0	0	18	192	63	237	3.42e-87	316
Ga0393424_41_982_1173	CP000240.1:2358009-2358276|CDS|CYB_2255	82.383	193	28	1	4	190	73	265	8.06e-51	196
Ga0393424_41_1225_2082	CP000239.1:557309-559127|CDS|CYA_0545	99.882	850	1	0	9	858	969	1818	0.0	1529
Ga0393424_41_1225_2082	CP000240.1:2361939-2363757|CDS|CYB_2260	88.000	850	102	0	9	858	969	1818	0.0	1074
Ga0393424_41_2648_2755	CP000240.1:2361657-2361765|CDS|CYB_2259	87.736	106	13	0	1	106	1	106	4.11e-32	133
Ga0393424_41_2648_2755	CP000239.1:557018-557126|CDS|CYA_0544	86.792	106	14	0	1	106	1	106	5.01e-31	129
Ga0393424_41_2839_4134	CP000239.1:555610-556906|CDS|CYA_0543	96.991	1296	39	0	1	1296	1	1296	0.0	2162
Ga0393424_41_2839_4134	CP000240.1:2360254-2361550|CDS|CYB_2258	89.275	1296	139	0	1	1296	1	1296	0.0	1711
Ga0393424_42_398_2194	CP000239.1:990345-992028|CDS|CYA_0977	99.940	1674	1	0	124	1797	1	1674	0.0	3015
Ga0393424_42_398_2194	CP000240.1:3026348-3028034|CDS|CYB_2927	85.003	1667	250	0	128	1794	2	1668	0.0	1880
Ga0393424_42_2566_3690	CP000239.1:992522-993647|CDS|CYA_0978	100.000	1125	0	0	1	1125	1	1125	0.0	2030
Ga0393424_42_2566_3690	CP000240.1:3024714-3025836|CDS|CYB_2926	80.106	1131	210	10	1	1125	1	1122	0.0	994
Ga0393424_42_3702_3818	CP000239.1:993658-993928|CDS|CYA_0979	100.000	117	0	0	1	117	154	270	5.90e-56	212
Ga0393424_42_3774_3986	CP000239.1:993658-993928|CDS|CYA_0979	100.000	198	0	0	1	198	198	1	1.26e-99	358
Ga0393424_42_3774_3986	CP000240.1:2806083-2806359|CDS|CYB_2713	81.726	197	36	0	2	198	197	1	3.16e-50	194
Ga0393424_43_176_469	CP000239.1:1355155-1355449|CDS|CYA_1343	97.586	290	7	0	1	290	1	290	1.20e-139	492
Ga0393424_43_176_469	CP000240.1:2324649-2324943|CDS|CYB_2217	85.862	290	41	0	1	290	1	290	1.68e-93	339
Ga0393424_43_537_1058	CP000239.1:1354566-1355088|CDS|CYA_1342	100.000	522	0	0	1	522	1	522	0.0	942
Ga0393424_43_537_1058	CP000240.1:2324030-2324552|CDS|CYB_2216	89.272	522	56	0	1	522	1	522	0.0	690
Ga0393424_43_1136_1471	CP000239.1:1354153-1354489|CDS|CYA_1341	99.702	336	1	0	1	336	1	336	1.07e-172	602
Ga0393424_43_1136_1471	CP000240.1:2323573-2323858|CDS|CYB_2215	89.139	267	29	0	36	302	6	272	3.07e-97	352
Ga0393424_43_1564_2559	CP000239.1:1353065-1354061|CDS|CYA_1340	100.000	996	0	0	1	996	1	996	0.0	1797
Ga0393424_43_1564_2559	CP000240.1:2322454-2323450|CDS|CYB_2214	86.922	994	130	0	1	994	1	994	0.0	1207
Ga0393424_43_2572_3573	CP000239.1:1352021-1353053|CDS|CYA_1339	100.000	1002	0	0	1	1002	31	1032	0.0	1808
Ga0393424_43_2572_3573	CP000240.1:2321458-2322427|CDS|CYB_2213	85.936	967	121	2	49	1000	1	967	0.0	1136
Ga0393424_44_1054_1791	CP000240.1:1121621-1122428|CDS|CYB_1086	87.398	738	93	0	1	738	70	807	0.0	912
Ga0393424_44_2102_2923	CP000239.1:1556255-1557062|CDS|CYA_1547	100.000	807	0	0	16	822	1	807	0.0	1456
Ga0393424_44_2102_2923	CP000240.1:1120529-1121417|CDS|CYB_1084	85.957	648	91	0	55	702	25	672	0.0	759
Ga0393424_44_3176_3982	CP000239.1:1557329-1558139|CDS|CYA_1548	87.940	796	96	0	12	807	15	810	0.0	1003
Ga0393424_44_3176_3982	CP000240.1:1119435-1120269|CDS|CYB_1083	83.245	752	126	0	20	771	26	777	0.0	789
Ga0393424_45_35_2704	CP000239.1:2594765-2597696|CDS|CYA_2569	99.617	2609	10	0	1	2609	268	2876	0.0	4661
Ga0393424_45_35_2704	CP000240.1:34637-37646|CDS|CYB_0028	78.092	2684	507	27	8	2631	272	2934	0.0	2141
Ga0393424_45_2701_3726	CP000239.1:2593698-2594769|CDS|CYA_2570	96.004	1026	41	0	1	1026	46	1071	0.0	1666
Ga0393424_45_2701_3726	CP000240.1:1069917-1070976|CDS|CYB_1027	83.451	991	164	0	2	992	47	1037	0.0	1049
Ga0393424_46_327_899	CP000240.1:1855873-1856446|CDS|CYB_1771	97.208	573	16	0	1	573	1	573	0.0	962
Ga0393424_46_877_2655	CP000239.1:1661166-1662945|CDS|CYA_1659	94.826	1778	92	0	1	1778	1	1778	0.0	2792
Ga0393424_46_877_2655	CP000240.1:1854117-1855896|CDS|CYB_1772	88.215	1782	204	3	1	1779	1	1779	0.0	2260
Ga0393424_47_455_2455	CP000239.1:2352094-2354095|CDS|CYA_2346	99.900	2001	2	0	1	2001	1	2001	0.0	3600
Ga0393424_47_455_2455	CP000240.1:1156390-1158391|CDS|CYB_1119	88.516	1994	229	0	1	1994	1	1994	0.0	2564
Ga0393424_47_2822_2956	CP000239.1:2351599-2351728|CDS|CYA_2345	100.000	129	0	0	7	135	1	129	2.15e-62	233
Ga0393424_47_2822_2956	CP000240.1:1158798-1158927|CDS|CYB_1120	84.496	129	20	0	7	135	1	129	2.99e-35	143
Ga0393424_47_3160_3624	CP000239.1:2350925-2351390|CDS|CYA_2344	100.000	465	0	0	1	465	1	465	0.0	839
Ga0393424_47_3160_3624	CP000240.1:1159138-1159597|CDS|CYB_1121	89.175	388	42	0	78	465	72	459	2.09e-145	511
Ga0393424_48_400_582	CP000239.1:1159538-1159721|CDS|CYA_1135	100.000	183	0	0	1	183	1	183	1.47e-91	331
Ga0393424_48_400_582	CP000240.1:165049-165229|CDS|CYB_0148	89.831	177	18	0	1	177	1	177	7.14e-64	239
Ga0393424_48_677_1075	CP000239.1:1159045-1159444|CDS|CYA_1134	100.000	399	0	0	1	399	1	399	0.0	720
Ga0393424_48_677_1075	CP000240.1:165340-165757|CDS|CYB_0149	81.535	417	59	1	1	399	1	417	3.01e-117	417
Ga0393424_48_1473_2231	CP000239.1:1157889-1158648|CDS|CYA_1132	100.000	759	0	0	1	759	1	759	0.0	1370
Ga0393424_48_1473_2231	CP000240.1:166155-166914|CDS|CYB_0151	87.599	758	92	2	1	757	1	757	0.0	937
Ga0393424_48_2456_3472	CP000239.1:1156648-1157719|CDS|CYA_1130	99.508	1017	5	0	1	1017	55	1071	0.0	1812
Ga0393424_48_3423_3830	CP000239.1:1155507-1156698|CDS|CYA_1131	99.510	408	2	0	1	408	784	1191	0.0	728
Ga0393424_48_3423_3830	CP000240.1:167036-168230|CDS|CYB_0152	82.466	365	64	0	1	365	790	1154	4.02e-103	370
Ga0393424_49_13_465	CP000239.1:2928365-2931908|CDS|CYA_2903	100.000	453	0	0	1	453	3091	3543	0.0	818
Ga0393424_49_13_465	CP000240.1:3042234-3045801|CDS|CYB_2940	85.811	444	63	0	1	444	3115	3558	4.78e-147	517
Ga0393424_49_566_1702	CP000239.1:2926873-2928259|CDS|CYA_2902	94.449	1117	38	2	7	1108	1	1108	0.0	1748
Ga0393424_49_1806_2393	CP000239.1:2926368-2926956|CDS|CYA_2901	91.681	589	45	3	1	587	1	587	0.0	832
Ga0393424_49_1806_2393	CP000240.1:3040801-3041383|CDS|CYB_2938	83.363	565	94	0	11	575	11	575	8.17e-171	596
Ga0393424_49_1806_2393	CP000240.1:3041564-3042146|CDS|CYB_2939	79.021	572	112	4	11	578	11	578	4.53e-136	480
Ga0393424_50_493_2085	CP000239.1:1397090-1398893|CDS|CYA_1393	100.000	1593	0	0	1	1593	211	1803	0.0	2874
Ga0393424_50_493_2085	CP000240.1:2665709-2667557|CDS|CYB_2560	77.910	1598	295	7	1	1542	205	1800	0.0	1312
Ga0393424_50_2055_2756	CP000239.1:1398862-1399594|CDS|CYA_1392	100.000	702	0	0	1	702	31	732	0.0	1267
Ga0393424_50_2055_2756	CP000240.1:2664996-2665737|CDS|CYB_2561	89.781	685	70	0	1	685	31	715	0.0	921
Ga0393424_51_1544_2185	CP000239.1:1921738-1922380|CDS|CYA_1912	99.065	642	6	0	1	642	1	642	0.0	1131
Ga0393424_51_1544_2185	CP000240.1:2108475-2109072|CDS|CYB_2003	83.505	582	96	0	1	582	1	582	2.74e-177	618
Ga0393424_51_2236_2718	CP000239.1:1920941-1921688|CDS|CYA_1911	99.793	483	1	0	1	483	265	747	0.0	867
Ga0393424_51_2236_2718	CP000240.1:2107663-2108410|CDS|CYB_2002	85.300	483	71	0	1	483	265	747	2.48e-157	552
Ga0393424_52_19_531	CP000239.1:2741782-2742499|CDS|CYA_2726	85.853	516	64	3	1	513	208	717	7.09e-171	597
Ga0393424_52_19_531	CP000240.1:1049216-1049963|CDS|CYB_1009	81.518	514	83	3	1	511	241	745	5.11e-141	497
Ga0393424_52_741_2084	CP000239.1:2742708-2744052|CDS|CYA_2727	99.777	1344	3	0	1	1344	1	1344	0.0	2411
Ga0393424_52_741_2084	CP000240.1:1047611-1048967|CDS|CYB_1008	80.360	1222	215	7	131	1335	119	1332	0.0	1113
Ga0393424_54_1065_1742	CP000239.1:1349639-1350317|CDS|CYA_1336	100.000	678	0	0	1	678	1	678	0.0	1223
Ga0393424_54_1065_1742	CP000240.1:2318972-2319650|CDS|CYB_2210	84.343	677	106	0	1	677	1	677	0.0	744
Ga0393424_54_1744_2247	CP000239.1:1350318-1350822|CDS|CYA_1337	100.000	504	0	0	1	504	1	504	0.0	910
Ga0393424_54_1744_2247	CP000240.1:2319672-2320176|CDS|CYB_2211	87.500	504	63	0	1	504	1	504	1.43e-179	626
Ga0393424_55_3_1889	CP000239.1:1359017-1361663|CDS|CYA_1349	99.735	1887	5	0	1	1887	760	2646	0.0	3381
Ga0393424_55_3_1889	CP000240.1:2893311-2895972|CDS|CYB_2795	79.066	1820	377	4	22	1839	805	2622	0.0	1551
Ga0393424_56_1102_1944	CP000239.1:1329841-1330684|CDS|CYA_1318	99.881	843	1	0	1	843	1	843	0.0	1517
Ga0393424_56_1102_1944	CP000240.1:944224-945076|CDS|CYB_0909	82.446	826	145	0	18	843	27	852	0.0	837
Ga0393424_56_2021_2221	CP000239.1:1329549-1329765|CDS|CYA_1317	100.000	201	0	0	1	201	16	216	2.77e-101	363
Ga0393424_56_2021_2221	CP000240.1:945216-945417|CDS|CYB_0910	89.055	201	22	0	1	201	1	201	1.99e-71	264
Ga0393424_57_135_587	CP000239.1:2089021-2089474|CDS|CYA_2070	99.779	453	1	0	1	453	1	453	0.0	813
Ga0393424_57_135_587	CP000240.1:655132-655558|CDS|CYB_0645	77.704	453	74	3	1	453	1	426	1.29e-103	373
Ga0393424_57_785_2260	CP000239.1:2089671-2091147|CDS|CYA_2071	99.797	1476	3	0	1	1476	1	1476	0.0	2649
Ga0393424_57_785_2260	CP000240.1:656103-657579|CDS|CYB_0646	87.534	1476	184	0	1	1476	1	1476	0.0	1833
Ga0393424_60_587_1222	CP000239.1:2661087-2661723|CDS|CYA_2645	100.000	636	0	0	1	636	1	636	0.0	1148
Ga0393424_60_587_1222	CP000240.1:1819552-1820191|CDS|CYB_1738	85.601	632	88	1	1	629	1	632	0.0	728
Ga0393424_60_1249_1818	CP000239.1:2661749-2662319|CDS|CYA_2646	100.000	570	0	0	1	570	1	570	0.0	1029
Ga0393424_60_1249_1818	CP000240.1:1818977-1819541|CDS|CYB_1737	83.547	547	90	0	1	547	1	547	1.74e-166	581
Ga0393424_60_1896_2114	CP000239.1:2662396-2663455|CDS|CYA_2647	100.000	219	0	0	1	219	841	1059	5.16e-111	396
Ga0393424_60_1896_2114	CP000239.1:2364733-2365792|CDS|CYA_2358	100.000	219	0	0	1	219	841	1059	5.16e-111	396
Ga0393424_60_1896_2114	CP000240.1:1817799-1818858|CDS|CYB_1736	93.151	219	15	0	1	219	841	1059	2.19e-90	328
Ga0393424_60_1896_2114	CP000240.1:888122-889181|CDS|CYB_0854	93.151	219	15	0	1	219	841	1059	2.19e-90	328
Ga0393424_61_610_1377	CP000239.1:2248887-2249655|CDS|CYA_2234	100.000	768	0	0	1	768	1	768	0.0	1386
Ga0393424_61_1398_1934	CP000239.1:2248276-2248867|CDS|CYA_2233	100.000	537	0	0	1	537	55	591	0.0	969
Ga0393424_61_1398_1934	CP000240.1:588837-589461|CDS|CYB_0582	75.091	550	89	6	20	521	56	605	5.73e-109	391
Ga0393424_62_530_1183	CP000239.1:2006474-2007128|CDS|CYA_1987	99.847	654	1	0	1	654	1	654	0.0	1176
Ga0393424_62_530_1183	CP000240.1:110016-110670|CDS|CYB_0094	88.073	654	78	0	1	654	1	654	0.0	829
Ga0393424_63_127_1389	CP000239.1:2244161-2245424|CDS|CYA_2229	100.000	1263	0	0	1	1263	1	1263	0.0	2278
Ga0393424_63_127_1389	CP000240.1:584582-585827|CDS|CYB_0578	85.962	1268	146	4	1	1261	1	1243	0.0	1496
