Ga0374718_01_2229_2537	CP000239.1:1001744-1002821|CDS|CYA_0989	100.000	309	0	0	1	309	769	1077	1.04e-159	558
Ga0374718_01_2229_2537	CP000240.1:353346-354255|CDS|CYB_0335	85.333	300	42	2	1	299	601	899	6.18e-93	336
Ga0374718_01_2650_3768	CP000239.1:1002933-1004052|CDS|CYA_0990	99.911	1119	1	0	1	1119	1	1119	0.0	2014
Ga0374718_01_2650_3768	CP000240.1:354382-355504|CDS|CYB_0336	87.255	1122	140	1	1	1119	1	1122	0.0	1378
Ga0374718_01_4048_4980	CP000239.1:1004331-1005240|CDS|CYA_0991	95.815	908	38	0	1	908	1	908	0.0	1467
Ga0374718_01_4048_4980	CP000240.1:355764-356694|CDS|CYB_0337	86.845	897	116	2	11	906	29	924	0.0	1079
Ga0374718_01_4977_6098	CP000239.1:1005260-1006382|CDS|CYA_0992	99.733	1122	3	0	1	1122	1	1122	0.0	2011
Ga0374718_01_4977_6098	CP000240.1:356718-357846|CDS|CYB_0338	85.910	1093	154	0	11	1103	17	1109	0.0	1278
Ga0374718_01_6350_7468	CP000239.1:1006631-1007750|CDS|CYA_0993	99.911	1119	1	0	1	1119	1	1119	0.0	2014
Ga0374718_01_6350_7468	CP000240.1:499935-501054|CDS|CYB_0487	84.450	1119	174	0	1	1119	1	1119	0.0	1234
Ga0374718_01_7532_8236	CP000239.1:1007813-1008518|CDS|CYA_0994	100.000	705	0	0	1	705	1	705	0.0	1272
Ga0374718_01_7532_8236	CP000240.1:499167-499875|CDS|CYB_0486	81.294	711	124	2	1	705	1	708	0.0	682
Ga0374718_01_8236_8958	CP000239.1:1008517-1009240|CDS|CYA_0995	100.000	723	0	0	1	723	1	723	0.0	1305
Ga0374718_01_8236_8958	CP000240.1:498466-499168|CDS|CYB_0485	79.539	694	142	0	1	694	1	694	1.32e-175	612
Ga0374718_01_9246_11417	CP000239.1:1009527-1011699|CDS|CYA_0996	91.643	2154	180	0	1	2154	1	2154	0.0	3074
Ga0374718_01_13094_13660	CP000240.1:495353-495920|CDS|CYB_0483	95.062	567	28	0	1	567	1	567	0.0	897
Ga0374718_01_13094_13660	CP000239.1:1014351-1014918|CDS|CYA_1001	91.534	567	48	0	1	567	1	567	0.0	807
Ga0374718_01_13738_15318	CP000239.1:1015045-1016581|CDS|CYA_1002	95.440	1535	70	0	47	1581	2	1536	0.0	2453
Ga0374718_01_13738_15318	CP000240.1:493689-495231|CDS|CYB_0482	87.484	1534	184	3	46	1575	1	1530	0.0	1895
Ga0374718_01_15323_16756	CP000239.1:1016585-1018019|CDS|CYA_1003	90.865	1434	131	0	1	1434	1	1434	0.0	1996
Ga0374718_01_15323_16756	CP000240.1:492231-493674|CDS|CYB_0481	85.494	1427	198	1	1	1418	1	1427	0.0	1645
Ga0374718_01_16959_17315	CP000239.1:1018221-1018578|CDS|CYA_1004	99.440	357	2	0	1	357	1	357	0.0	636
Ga0374718_01_17581_18501	CP000239.1:1018843-1019764|CDS|CYA_1005	91.097	921	82	0	1	921	1	921	0.0	1292
Ga0374718_01_17581_18501	CP000240.1:490116-491037|CDS|CYB_0479	90.988	921	83	0	1	921	1	921	0.0	1287
Ga0374718_01_18567_19085	CP000240.1:489532-490051|CDS|CYB_0478	96.724	519	17	0	1	519	1	519	0.0	860
Ga0374718_01_18567_19085	CP000239.1:1019841-1020354|CDS|CYA_1006	87.283	519	60	1	1	519	1	513	0.0	640
Ga0374718_01_19299_23072	CP000240.1:485682-489318|CDS|CYB_0476	92.816	3633	249	2	154	3774	4	3636	0.0	5378
Ga0374718_01_19299_23072	CP000239.1:1020397-1024249|CDS|CYA_1007	76.949	3796	831	9	1	3774	79	3852	0.0	2901
Ga0374718_01_23276_23788	CP000240.1:484804-485320|CDS|CYB_0475	93.617	517	28	3	1	513	1	516	0.0	775
Ga0374718_01_23884_24666	CP000240.1:483698-484709|CDS|CYB_0474	93.742	783	49	0	1	783	229	1011	0.0	1192
Ga0374718_01_23884_24666	CP000239.1:1025027-1025978|CDS|CYA_1008	92.559	766	57	0	1	766	184	949	0.0	1125
Ga0374718_01_26353_26496	CP000240.1:480812-480956|CDS|CYB_0471	99.306	144	1	0	1	144	1	144	7.09e-69	256
Ga0374718_02_420_1547	CP000239.1:2565156-2566281|CDS|CYA_2546	95.255	1117	53	0	1	1117	1	1117	0.0	1776
Ga0374718_02_420_1547	CP000240.1:872762-873902|CDS|CYB_0841	77.349	1139	241	5	1	1123	1	1138	0.0	884
Ga0374718_02_1544_4537	CP000239.1:2566277-2569103|CDS|CYA_2547	97.381	2826	74	0	169	2994	1	2826	0.0	4763
Ga0374718_02_1544_4537	CP000240.1:873898-876886|CDS|CYB_0842	80.515	2992	563	7	13	2994	7	2988	0.0	2755
Ga0374718_02_4784_6103	CP000239.1:2569517-2570837|CDS|CYA_2548	98.788	1320	16	0	1	1320	1	1320	0.0	2309
Ga0374718_02_4784_6103	CP000240.1:877088-878468|CDS|CYB_0843	80.225	1335	249	2	1	1320	46	1380	0.0	1223
Ga0374718_02_6282_6866	CP000239.1:2571015-2571600|CDS|CYA_2550	99.487	585	3	0	1	585	1	585	0.0	1042
Ga0374718_02_6282_6866	CP000240.1:878589-879339|CDS|CYB_0845	71.031	611	140	14	1	585	151	750	3.47e-74	275
Ga0374718_02_6894_7502	CP000239.1:2571627-2572236|CDS|CYA_2551	95.895	609	25	0	1	609	1	609	0.0	986
Ga0374718_02_6894_7502	CP000240.1:1861120-1861735|CDS|CYB_1775	81.239	581	109	0	29	609	35	615	7.44e-159	557
Ga0374718_02_7579_8145	CP000239.1:2572192-2572879|CDS|CYA_2552	99.824	567	1	0	1	567	121	687	0.0	1019
Ga0374718_02_7579_8145	CP000240.1:1860439-1861027|CDS|CYB_1774	74.638	552	126	4	7	557	7	545	1.03e-99	360
Ga0374718_02_8288_12004	CP000239.1:2573293-2576749|CDS|CYA_2553	89.835	3463	338	10	262	3717	1	3456	0.0	4626
Ga0374718_02_8288_12004	CP000240.1:1856513-1860257|CDS|CYB_1773	75.882	3657	823	21	93	3715	111	3742	0.0	2578
Ga0374718_02_12325_14376	CP000239.1:2577069-2579121|CDS|CYA_2555	100.000	2052	0	0	1	2052	1	2052	0.0	3701
Ga0374718_02_12325_14376	CP000240.1:2634101-2636165|CDS|CYB_2532	89.466	2041	215	0	1	2041	1	2041	0.0	2712
Ga0374718_02_14373_15671	CP000239.1:2579117-2580416|CDS|CYA_2554	99.615	1299	5	0	1	1299	1	1299	0.0	2321
Ga0374718_02_14373_15671	CP000240.1:2636161-2637445|CDS|CYB_2531	87.834	1274	155	0	1	1274	1	1274	0.0	1599
Ga0374718_02_15854_16258	CP000239.1:2580598-2581003|CDS|CYA_2556	98.765	405	5	0	1	405	1	405	0.0	709
Ga0374718_02_15854_16258	CP000240.1:2369615-2370020|CDS|CYB_2264	80.000	405	81	0	1	405	1	405	1.70e-101	366
Ga0374718_02_16415_16774	CP000239.1:2581159-2581519|CDS|CYA_2557	94.444	360	20	0	1	360	1	360	3.51e-160	560
Ga0374718_02_16415_16774	CP000239.1:2619424-2619778|CDS|CYA_2601	91.404	349	30	0	11	359	5	353	1.22e-140	495
Ga0374718_02_16415_16774	CP000240.1:841876-842233|CDS|CYB_0813	87.755	343	42	0	11	353	5	347	4.28e-121	430
Ga0374718_02_16888_17004	CP000239.1:2581636-2581753|CDS|CYA_2558	100.000	117	0	0	1	117	1	117	5.90e-56	212
Ga0374718_02_16888_17004	CP000239.1:2619211-2619328|CDS|CYA_2600	98.291	117	2	0	1	117	1	117	3.06e-53	203
Ga0374718_02_16888_17004	CP000240.1:841655-841772|CDS|CYB_0812	86.325	117	16	0	1	117	1	117	3.06e-34	140
Ga0374718_02_17087_18490	CP000239.1:2581835-2583239|CDS|CYA_2559	99.929	1404	1	0	1	1404	1	1404	0.0	2528
Ga0374718_02_17087_18490	CP000240.1:839995-841399|CDS|CYB_0811	85.755	1404	200	0	1	1404	1	1404	0.0	1631
Ga0374718_03_1907_3112	CP000239.1:829653-830793|CDS|CYA_0818	100.000	1140	0	0	67	1206	1	1140	0.0	2057
Ga0374718_03_1907_3112	CP000240.1:1957777-1958914|CDS|CYB_1874	83.495	1133	187	0	67	1199	1	1133	0.0	1201
Ga0374718_03_3265_4890	CP000240.1:1959184-1960810|CDS|CYB_1875	85.830	1609	228	0	1	1609	1	1609	0.0	1874
Ga0374718_03_5214_5471	CP000239.1:827228-827486|CDS|CYA_0816	100.000	258	0	0	1	258	1	258	4.16e-132	466
Ga0374718_03_5214_5471	CP000240.1:1961104-1961839|CDS|CYB_1876	82.949	217	22	1	44	245	473	689	4.46e-62	234
Ga0374718_03_5634_6818	CP000239.1:825881-827066|CDS|CYA_0815	100.000	1185	0	0	1	1185	1	1185	0.0	2138
Ga0374718_03_5634_6818	CP000240.1:1962898-1964065|CDS|CYB_1878	87.232	1167	149	0	19	1185	1	1167	0.0	1434
Ga0374718_03_6908_7420	CP000239.1:825280-825838|CDS|CYA_0814	99.805	513	0	1	1	513	1	512	0.0	918
Ga0374718_03_6908_7420	CP000240.1:1964140-1964701|CDS|CYB_1879	82.549	510	85	2	1	507	1	509	6.64e-146	514
Ga0374718_03_7503_8105	CP000239.1:824514-825198|CDS|CYA_0813	99.834	603	1	0	1	603	82	684	0.0	1084
Ga0374718_03_7503_8105	CP000240.1:2418299-2418983|CDS|CYB_2307	86.235	603	83	0	1	603	82	684	0.0	714
Ga0374718_03_8688_8969	CP000239.1:823731-824013|CDS|CYA_0812	100.000	282	0	0	1	282	1	282	4.29e-145	509
Ga0374718_03_9072_10046	CP000239.1:822468-823629|CDS|CYA_0811	99.897	975	1	0	1	975	187	1161	0.0	1755
Ga0374718_03_9072_10046	CP000240.1:1979707-1980988|CDS|CYB_1894	82.888	935	151	3	7	932	298	1232	0.0	960
Ga0374718_03_10607_10996	CP000239.1:821704-822037|CDS|CYA_0810	99.700	333	1	0	58	390	1	333	5.30e-171	597
Ga0374718_03_11358_11495	CP000240.1:775172-775310|CDS|CYB_0751	89.855	138	14	0	1	138	1	138	2.87e-48	187
Ga0374718_03_11582_12655	CP000239.1:820042-821119|CDS|CYA_0809	99.151	1060	9	0	1	1060	1	1060	0.0	1872
Ga0374718_03_11582_12655	CP000240.1:775404-776481|CDS|CYB_0752	84.783	1058	161	0	11	1068	2	1059	0.0	1183
Ga0374718_03_12756_13031	CP000240.1:776568-776844|CDS|CYB_0753	98.913	276	3	0	1	276	1	276	1.67e-137	485
Ga0374718_03_12756_13031	CP000239.1:817917-818223|CDS|CYA_0806	84.015	269	43	0	1	269	31	299	2.04e-79	292
Ga0374718_03_13357_13650	CP000240.1:776907-777240|CDS|CYB_0754	96.599	294	10	0	1	294	40	333	5.12e-138	486
Ga0374718_03_13357_13650	CP000239.1:817527-817860|CDS|CYA_0805	80.287	279	55	0	1	279	40	318	1.57e-68	256
Ga0374718_03_13844_14566	CP000240.1:777393-778116|CDS|CYB_0755	99.032	723	7	0	1	723	1	723	0.0	1273
Ga0374718_03_13844_14566	CP000239.1:816710-817436|CDS|CYA_0804	82.913	714	122	0	1	714	1	714	0.0	738
Ga0374718_03_14698_14811	CP000240.1:778112-778340|CDS|CYB_0756	96.774	93	3	0	22	114	228	136	1.34e-38	155
Ga0374718_03_15013_15615	CP000239.1:816710-817436|CDS|CYA_0804	100.000	530	0	0	1	530	1	530	0.0	957
Ga0374718_03_15013_15615	CP000240.1:777393-778116|CDS|CYB_0755	83.019	530	90	0	1	530	1	530	3.13e-157	551
Ga0374718_03_15746_16039	CP000239.1:817527-817860|CDS|CYA_0805	99.660	294	1	0	1	294	40	333	5.84e-150	526
Ga0374718_03_15746_16039	CP000240.1:776907-777240|CDS|CYB_0754	79.570	279	57	0	1	279	40	318	8.15e-66	247
Ga0374718_03_16097_16351	CP000239.1:817917-818223|CDS|CYA_0806	99.194	248	2	0	8	255	59	306	5.71e-124	439
Ga0374718_03_16097_16351	CP000240.1:776568-776844|CDS|CYB_0753	82.158	241	43	0	8	248	29	269	2.97e-64	242
Ga0374718_04_1051_1197	CP000240.1:1329386-1330193|CDS|CYB_1271	97.945	146	3	0	2	147	662	807	3.09e-67	251
Ga0374718_04_1696_2205	CP000240.1:1330655-1331201|CDS|CYB_1272	94.706	510	27	0	1	510	37	546	0.0	799
Ga0374718_04_2515_2949	CP000240.1:1331509-1331944|CDS|CYB_1274	99.540	435	2	0	1	435	1	435	0.0	776
Ga0374718_04_2515_2949	CP000239.1:2882339-2882792|CDS|CYA_2864	80.288	416	80	2	21	435	39	453	3.53e-104	374
Ga0374718_04_3156_3524	CP000240.1:2571340-2571748|CDS|CYB_2475	100.000	369	0	0	1	369	40	408	0.0	666
Ga0374718_04_3156_3524	CP000240.1:651866-652274|CDS|CYB_0641	100.000	369	0	0	1	369	40	408	0.0	666
Ga0374718_04_3156_3524	CP000240.1:65861-66269|CDS|CYB_0052	100.000	369	0	0	1	369	40	408	0.0	666
Ga0374718_04_3156_3524	CP000240.1:2353707-2354115|CDS|CYB_2249	99.729	369	1	0	1	369	40	408	0.0	662
Ga0374718_04_3156_3524	CP000240.1:1750145-1750553|CDS|CYB_1672	99.729	369	1	0	1	369	40	408	0.0	662
Ga0374718_04_3156_3524	CP000240.1:1639015-1639423|CDS|CYB_1566	99.729	369	1	0	1	369	40	408	0.0	662
Ga0374718_04_3156_3524	CP000240.1:1128193-1128601|CDS|CYB_1093	99.729	369	1	0	1	369	40	408	0.0	662
Ga0374718_04_3156_3524	CP000240.1:2750791-2751199|CDS|CYB_2663	99.458	369	2	0	1	369	40	408	0.0	657
Ga0374718_04_3156_3524	CP000240.1:2728785-2729193|CDS|CYB_2639	99.458	369	2	0	1	369	40	408	0.0	657
Ga0374718_04_3156_3524	CP000240.1:2182109-2182517|CDS|CYB_2086	99.458	369	2	0	1	369	40	408	0.0	657
Ga0374718_04_3156_3524	CP000240.1:1332150-1332558|CDS|CYB_1275	99.458	369	2	0	1	369	40	408	0.0	657
Ga0374718_04_3156_3524	CP000240.1:214453-214861|CDS|CYB_0203	99.458	369	2	0	1	369	40	408	0.0	657
Ga0374718_04_3156_3524	CP000240.1:210759-211167|CDS|CYB_0198	99.458	369	2	0	1	369	40	408	0.0	657
Ga0374718_04_3156_3524	CP000240.1:2692187-2692595|CDS|CYB_2591	99.187	369	3	0	1	369	40	408	0.0	653
Ga0374718_04_3156_3524	CP000240.1:2505835-2506243|CDS|CYB_2408	99.187	369	3	0	1	369	40	408	0.0	653
Ga0374718_04_3156_3524	CP000240.1:2165635-2166043|CDS|CYB_2068	99.187	369	3	0	1	369	40	408	0.0	653
Ga0374718_04_3156_3524	CP000240.1:1839104-1839512|CDS|CYB_1755	99.187	369	3	0	1	369	40	408	0.0	653
Ga0374718_04_3521_3898	CP000240.1:2750456-2750834|CDS|CYB_2662	100.000	378	0	0	1	378	1	378	0.0	682
Ga0374718_04_3521_3898	CP000240.1:2571005-2571383|CDS|CYB_2474	100.000	378	0	0	1	378	1	378	0.0	682
Ga0374718_04_3521_3898	CP000240.1:2181774-2182152|CDS|CYB_2085	100.000	378	0	0	1	378	1	378	0.0	682
Ga0374718_04_3521_3898	CP000240.1:214818-215196|CDS|CYB_0204	100.000	378	0	0	1	378	1	378	0.0	682
Ga0374718_04_3521_3898	CP000240.1:66226-66604|CDS|CYB_0053	100.000	378	0	0	1	378	1	378	0.0	682
Ga0374718_04_3521_3898	CP000240.1:2692552-2692930|CDS|CYB_2592	99.735	378	1	0	1	378	1	378	0.0	678
Ga0374718_04_3521_3898	CP000240.1:2505500-2505878|CDS|CYB_2407	99.735	378	1	0	1	378	1	378	0.0	678
Ga0374718_04_3521_3898	CP000240.1:2354072-2354450|CDS|CYB_2250	99.735	378	1	0	1	378	1	378	0.0	678
Ga0374718_04_3521_3898	CP000240.1:2165300-2165678|CDS|CYB_2067	99.735	378	1	0	1	378	1	378	0.0	678
Ga0374718_04_3521_3898	CP000240.1:1839469-1839847|CDS|CYB_1756	99.735	378	1	0	1	378	1	378	0.0	678
Ga0374718_04_3521_3898	CP000240.1:1127858-1128236|CDS|CYB_1092	99.735	378	1	0	1	378	1	378	0.0	678
Ga0374718_04_3521_3898	CP000240.1:2728450-2728828|CDS|CYB_2638	99.471	378	2	0	1	378	1	378	0.0	673
Ga0374718_04_3521_3898	CP000240.1:1750510-1750888|CDS|CYB_1673	99.471	378	2	0	1	378	1	378	0.0	673
Ga0374718_04_3521_3898	CP000240.1:1639380-1639758|CDS|CYB_1567	99.471	378	2	0	1	378	1	378	0.0	673
Ga0374718_04_3521_3898	CP000240.1:1332515-1332893|CDS|CYB_1276	99.471	378	2	0	1	378	1	378	0.0	673
Ga0374718_04_3521_3898	CP000240.1:210424-210802|CDS|CYB_0197	99.471	378	2	0	1	378	1	378	0.0	673
Ga0374718_04_4706_5029	CP000240.1:1333696-1334005|CDS|CYB_1278	96.764	309	10	0	16	324	1	309	4.09e-146	513
Ga0374718_04_4706_5029	CP000239.1:1632593-1632902|CDS|CYA_1630	88.350	309	36	0	16	324	1	309	7.92e-111	396
Ga0374718_04_5093_5701	CP000240.1:1334082-1334691|CDS|CYB_1279	99.672	609	2	0	1	609	1	609	0.0	1090
Ga0374718_04_5093_5701	CP000239.1:1632978-1633587|CDS|CYA_1631	85.057	609	91	0	1	609	1	609	0.0	689
Ga0374718_04_5821_7173	CP000240.1:1334810-1336124|CDS|CYB_1280	92.753	1297	80	3	58	1353	31	1314	0.0	1915
Ga0374718_04_5821_7173	CP000239.1:1633706-1634978|CDS|CYA_1632	89.655	1276	124	6	82	1353	1	1272	0.0	1687
Ga0374718_04_7210_7746	CP000240.1:1336293-1337025|CDS|CYB_1281	94.606	482	26	0	1	482	220	701	0.0	753
Ga0374718_04_7210_7746	CP000239.1:1635201-1635933|CDS|CYA_1633	83.195	482	81	0	1	482	220	701	3.61e-143	505
Ga0374718_04_7983_8447	CP000240.1:1337042-1337507|CDS|CYB_1282	99.353	464	3	0	1	464	1	464	0.0	824
Ga0374718_04_7983_8447	CP000239.1:1635932-1636400|CDS|CYA_1634	82.737	475	61	2	1	463	1	466	4.61e-141	498
Ga0374718_04_8669_9424	CP000240.1:1337728-1338484|CDS|CYB_1283	96.429	756	27	0	1	756	1	756	0.0	1242
Ga0374718_04_8669_9424	CP000239.1:1636900-1637653|CDS|CYA_1636	81.965	743	134	0	1	743	1	743	0.0	737
Ga0374718_04_9488_10441	CP000240.1:1338554-1339532|CDS|CYB_1284	99.266	954	7	0	1	954	25	978	0.0	1690
Ga0374718_04_9488_10441	CP000239.1:2022285-2023263|CDS|CYA_2005	86.975	952	124	0	1	952	25	976	0.0	1159
Ga0374718_04_10793_11557	CP000240.1:1339836-1340559|CDS|CYB_1285	97.095	723	21	0	43	765	1	723	0.0	1210
Ga0374718_04_10793_11557	CP000239.1:2021156-2021975|CDS|CYA_2004	87.139	762	98	0	2	763	56	817	0.0	933
Ga0374718_04_11697_12959	CP000240.1:1340740-1342003|CDS|CYB_1286	96.675	1263	42	0	1	1263	1	1263	0.0	2089
Ga0374718_04_11697_12959	CP000239.1:2019790-2021053|CDS|CYA_2003	85.273	1263	186	0	1	1263	1	1263	0.0	1440
Ga0374718_04_11697_12959	CP000240.1:814083-815385|CDS|CYB_0788	66.260	984	297	23	184	1145	175	1145	3.26e-53	206
Ga0374718_05_50_733	CP000239.1:601420-602164|CDS|CYA_0590	99.123	684	6	0	1	684	61	744	0.0	1207
Ga0374718_05_50_733	CP000240.1:83849-84548|CDS|CYB_0072	83.480	684	68	1	1	684	61	699	0.0	761
Ga0374718_05_977_2290	CP000239.1:602407-603721|CDS|CYA_0591	100.000	1314	0	0	1	1314	1	1314	0.0	2370
Ga0374718_05_977_2290	CP000240.1:84795-86109|CDS|CYB_0073	88.280	1314	154	0	1	1314	1	1314	0.0	1676
Ga0374718_05_2454_3164	CP000239.1:603884-604595|CDS|CYA_0592	100.000	711	0	0	1	711	1	711	0.0	1283
Ga0374718_05_2454_3164	CP000240.1:2582596-2583430|CDS|CYB_2486	85.664	565	81	0	5	569	110	674	0.0	655
Ga0374718_05_3306_3566	CP000239.1:604691-604997|CDS|CYA_0593	100.000	261	0	0	1	261	46	306	9.91e-134	471
Ga0374718_05_3306_3566	CP000240.1:2583458-2583764|CDS|CYB_2487	90.038	261	26	0	1	261	46	306	1.92e-98	354
Ga0374718_05_3591_4781	CP000239.1:605021-606212|CDS|CYA_0594	99.748	1191	3	0	1	1191	1	1191	0.0	2135
Ga0374718_05_3591_4781	CP000240.1:2583791-2584970|CDS|CYB_2488	85.588	1131	163	0	1	1131	1	1131	0.0	1306
Ga0374718_05_5294_6064	CP000239.1:608381-609281|CDS|CYA_0597	98.833	771	9	0	1	771	130	900	0.0	1351
Ga0374718_05_5294_6064	CP000240.1:2585420-2586302|CDS|CYB_2489	87.126	769	96	1	1	769	115	880	0.0	939
Ga0374718_05_6273_7037	CP000239.1:609476-610247|CDS|CYA_0598	91.051	771	63	1	1	765	1	771	0.0	1081
Ga0374718_05_6273_7037	CP000240.1:38531-39323|CDS|CYB_0030	80.233	688	128	3	1	681	1	687	2.69e-178	622
Ga0374718_05_7242_7727	CP000239.1:617289-617655|CDS|CYA_0609	97.541	366	9	0	121	486	1	366	5.87e-178	620
Ga0374718_05_7242_7727	CP000240.1:39537-40023|CDS|CYB_0031	87.243	486	62	0	1	486	1	486	1.92e-171	598
Ga0374718_05_8332_9309	CP000240.1:40888-41899|CDS|CYB_0033	91.277	963	84	0	1	963	28	990	0.0	1359
Ga0374718_05_8332_9309	CP000239.1:618094-619252|CDS|CYA_0610	91.070	963	86	0	1	963	166	1128	0.0	1350
Ga0374718_05_9623_10456	CP000240.1:54108-55404|CDS|CYB_0043	84.102	824	131	0	1	824	463	1286	0.0	896
Ga0374718_05_9623_10456	CP000239.1:631634-632930|CDS|CYA_0622	84.102	824	131	0	1	824	463	1286	0.0	896
Ga0374718_05_10453_10935	CP000239.1:631634-632930|CDS|CYA_0622	92.116	482	19	2	1	481	1	464	0.0	707
Ga0374718_05_10453_10935	CP000240.1:54108-55404|CDS|CYB_0043	81.328	482	71	3	1	481	1	464	2.33e-132	468
Ga0374718_05_11016_12221	CP000239.1:633055-634186|CDS|CYA_0623	95.687	1113	48	0	61	1173	1	1113	0.0	1792
Ga0374718_05_11016_12221	CP000240.1:55506-56598|CDS|CYB_0044	87.217	1103	126	1	86	1188	2	1089	0.0	1363
Ga0374718_05_12288_13577	CP000239.1:634312-635602|CDS|CYA_0624	99.922	1290	1	0	1	1290	1	1290	0.0	2323
Ga0374718_05_12288_13577	CP000240.1:56765-58055|CDS|CYB_0045	84.675	1292	194	2	1	1290	1	1290	0.0	1433
Ga0374718_06_102_1535	CP000240.1:1303585-1308193|CDS|CYB_1253	97.059	1462	15	1	1	1434	1921	3382	0.0	2473
Ga0374718_06_102_1535	CP000239.1:2721144-2725752|CDS|CYA_2704	90.044	1366	136	0	2	1367	1922	3287	0.0	1851
Ga0374718_06_1594_3456	CP000240.1:1303585-1308193|CDS|CYB_1253	99.571	1863	7	1	1	1863	1	1862	0.0	3321
Ga0374718_06_1594_3456	CP000239.1:2721144-2725752|CDS|CYA_2704	83.728	1856	302	0	1	1856	1	1856	0.0	1986
Ga0374718_06_4572_6443	CP000240.1:1300590-1302462|CDS|CYB_1251	99.092	1872	17	0	1	1872	1	1872	0.0	3300
Ga0374718_06_4572_6443	CP000239.1:211883-213749|CDS|CYA_0207	83.906	1833	295	0	1	1833	1	1833	0.0	1976
Ga0374718_06_6654_9098	CP000240.1:1297935-1300380|CDS|CYB_1250	96.483	2445	86	0	1	2445	1	2445	0.0	4022
Ga0374718_06_9391_10851	CP000240.1:2503543-2505004|CDS|CYB_2405	96.783	1461	47	0	1	1461	1	1461	0.0	2424
Ga0374718_06_9391_10851	CP000239.1:2261007-2262468|CDS|CYA_2252	84.658	1460	224	0	1	1460	1	1460	0.0	1624
Ga0374718_06_10872_10967	CP000240.1:2505024-2505474|CDS|CYB_2406	100.000	95	0	0	1	95	1	95	4.03e-44	172
Ga0374718_06_10872_10967	CP000239.1:2260533-2260992|CDS|CYA_2251	87.654	81	10	0	1	81	1	81	5.99e-23	102
Ga0374718_07_268_1125	CP000239.1:390587-391445|CDS|CYA_0375	99.767	858	2	0	1	858	1	858	0.0	1539
Ga0374718_07_268_1125	CP000240.1:1944788-1945670|CDS|CYB_1862	83.107	882	125	1	1	858	1	882	0.0	937
Ga0374718_07_1080_2063	CP000239.1:391399-392383|CDS|CYA_0374	99.898	984	1	0	1	984	1	984	0.0	1771
Ga0374718_07_1080_2063	CP000240.1:1943850-1944834|CDS|CYB_1863	89.128	975	106	0	1	975	1	975	0.0	1281
Ga0374718_07_2125_3105	CP000239.1:392444-393533|CDS|CYA_0376	99.898	981	1	0	1	981	109	1089	0.0	1765
Ga0374718_07_2125_3105	CP000240.1:1942419-1943460|CDS|CYB_1861	89.234	966	104	0	1	966	61	1026	0.0	1274
Ga0374718_07_3438_4331	CP000239.1:393757-394651|CDS|CYA_0377	98.098	894	17	0	1	894	1	894	0.0	1536
Ga0374718_07_3438_4331	CP000240.1:1941222-1942116|CDS|CYB_1859	89.798	892	91	0	1	892	1	892	0.0	1199
Ga0374718_07_4412_4873	CP000239.1:394647-395193|CDS|CYA_0378	100.000	462	0	0	1	462	85	546	0.0	834
Ga0374718_07_4412_4873	CP000240.1:1940690-1941152|CDS|CYB_1858	84.632	462	71	0	1	462	1	462	5.95e-146	514
Ga0374718_07_5135_5533	CP000239.1:395235-395853|CDS|CYA_0379	100.000	399	0	0	1	399	220	618	0.0	720
Ga0374718_07_5135_5533	CP000240.1:1940029-1940677|CDS|CYB_1857	86.076	395	55	0	4	398	253	647	2.31e-131	465
Ga0374718_07_5565_6401	CP000239.1:395884-396721|CDS|CYA_0380	99.761	837	2	0	1	837	1	837	0.0	1501
Ga0374718_07_5565_6401	CP000240.1:1939144-1939984|CDS|CYB_1856	84.731	799	122	0	1	799	1	799	0.0	892
Ga0374718_07_6453_6695	CP000239.1:396772-397039|CDS|CYA_0381	99.588	243	1	0	1	243	25	267	2.30e-122	434
Ga0374718_07_7133_7960	CP000239.1:397452-398280|CDS|CYA_0383	100.000	828	0	0	1	828	1	828	0.0	1494
Ga0374718_07_7133_7960	CP000240.1:1936471-1937302|CDS|CYB_1852	84.417	815	127	0	10	824	10	824	0.0	898
Ga0374718_07_7957_8196	CP000239.1:398276-398516|CDS|CYA_0382	100.000	240	0	0	1	240	1	240	2.27e-122	434
Ga0374718_07_7957_8196	CP000240.1:1935907-1936156|CDS|CYB_1851	82.231	242	37	1	1	236	1	242	2.28e-65	244
Ga0374718_07_8600_8833	CP000239.1:398919-399153|CDS|CYA_0384	100.000	234	0	0	1	234	1	234	3.99e-119	423
Ga0374718_07_8600_8833	CP000240.1:1935155-1935377|CDS|CYB_1849	82.500	200	35	0	31	230	13	212	6.78e-53	204
Ga0374718_07_9024_10040	CP000239.1:399355-400294|CDS|CYA_0385	99.894	939	1	0	79	1017	1	939	0.0	1690
Ga0374718_07_9024_10040	CP000240.1:1933937-1935041|CDS|CYB_1848	82.364	1032	165	3	2	1017	74	1104	0.0	1043
Ga0374718_07_10484_11599	CP000239.1:400815-401931|CDS|CYA_0386	95.789	1116	47	0	1	1116	1	1116	0.0	1801
Ga0374718_07_10484_11599	CP000240.1:1932556-1933669|CDS|CYB_1847	83.567	1071	176	0	21	1091	15	1085	0.0	1139
Ga0374718_08_352_1014	CP000239.1:643785-644448|CDS|CYA_0632	100.000	663	0	0	1	663	1	663	0.0	1196
Ga0374718_08_352_1014	CP000240.1:933677-934340|CDS|CYB_0901	81.599	663	122	0	1	663	1	663	0.0	646
Ga0374718_08_1474_1944	CP000239.1:645186-645657|CDS|CYA_0633	100.000	471	0	0	1	471	1	471	0.0	850
Ga0374718_08_1474_1944	CP000240.1:934707-935205|CDS|CYB_0904	87.339	387	49	0	85	471	112	498	4.37e-135	478
Ga0374718_08_1961_2539	CP000239.1:645673-646252|CDS|CYA_0634	99.655	579	2	0	1	579	1	579	0.0	1036
Ga0374718_08_1961_2539	CP000240.1:935222-935801|CDS|CYB_0905	84.266	572	90	0	1	572	1	572	4.75e-180	627
Ga0374718_08_2631_2813	CP000239.1:646343-646526|CDS|CYA_0635	100.000	183	0	0	1	183	1	183	1.47e-91	331
Ga0374718_08_2631_2813	CP000240.1:1982808-1983009|CDS|CYB_1896	83.688	141	17	1	41	181	65	199	8.15e-38	152
Ga0374718_08_2960_4093	CP000239.1:646672-647806|CDS|CYA_0637	99.824	1134	2	0	1	1134	1	1134	0.0	2037
Ga0374718_08_2960_4093	CP000240.1:1981376-1982510|CDS|CYB_1895	85.450	1134	165	0	1	1134	1	1134	0.0	1302
Ga0374718_08_4059_4559	CP000239.1:647771-648272|CDS|CYA_0636	99.601	501	2	0	1	501	1	501	0.0	895
Ga0374718_08_4059_4559	CP000240.1:2976811-2977270|CDS|CYB_2878	88.498	426	49	0	1	426	1	426	3.14e-156	548
Ga0374718_08_4694_6004	CP000239.1:648406-649717|CDS|CYA_0638	96.262	1311	49	0	1	1311	1	1311	0.0	2144
Ga0374718_08_4694_6004	CP000240.1:2975419-2976730|CDS|CYB_2877	91.686	1311	109	0	1	1311	1	1311	0.0	1874
Ga0374718_08_6050_7579	CP000239.1:649762-651292|CDS|CYA_0639	99.608	1530	6	0	1	1530	1	1530	0.0	2733
Ga0374718_08_6050_7579	CP000240.1:2973825-2975361|CDS|CYB_2876	86.608	1471	197	0	1	1471	1	1471	0.0	1765
Ga0374718_08_7620_9455	CP000239.1:651332-653168|CDS|CYA_0640	100.000	1836	0	0	1	1836	1	1836	0.0	3312
Ga0374718_08_7620_9455	CP000240.1:2971939-2973775|CDS|CYB_2875	87.364	1836	232	0	1	1836	1	1836	0.0	2266
Ga0374718_08_9996_10292	CP000239.1:653708-654005|CDS|CYA_0643	99.663	297	1	0	1	297	1	297	1.39e-151	532
Ga0374718_08_9996_10292	CP000240.1:295073-295370|CDS|CYB_0280	90.572	297	28	0	1	297	1	297	3.27e-115	410
Ga0374718_09_266_616	CP000239.1:2326262-2326955|CDS|CYA_2325	94.302	351	19	1	1	351	1	350	3.20e-154	540
Ga0374718_09_266_616	CP000240.1:2139781-2140498|CDS|CYB_2038	82.596	339	58	1	13	351	37	374	1.66e-94	343
Ga0374718_09_597_959	CP000239.1:2326262-2326955|CDS|CYA_2325	100.000	363	0	0	1	363	331	693	0.0	655
Ga0374718_09_597_959	CP000240.1:2139781-2140498|CDS|CYB_2038	81.543	363	67	0	1	363	355	717	9.52e-98	353
Ga0374718_09_916_1965	CP000239.1:2326911-2327961|CDS|CYA_2324	99.905	1050	1	0	1	1050	1	1050	0.0	1890
Ga0374718_09_916_1965	CP000240.1:1850374-1851397|CDS|CYB_1766	77.656	1007	215	4	1	1002	1	1002	0.0	793
Ga0374718_09_1964_3337_DR2	CP000239.1:1860048-1860273|CDS|CYA_1856	97.222	36	1	0	1	36	87	52	3.97e-11	61.7
Ga0374718_09_1964_3337_DR3	CP000239.1:1860048-1860273|CDS|CYA_1856	97.222	36	1	0	1	36	87	52	3.97e-11	61.7
Ga0374718_09_1964_3337_DR4	CP000239.1:1860048-1860273|CDS|CYA_1856	97.222	36	1	0	1	36	87	52	3.97e-11	61.7
Ga0374718_09_1964_3337_DR5	CP000239.1:1860048-1860273|CDS|CYA_1856	97.222	36	1	0	1	36	87	52	3.97e-11	61.7
Ga0374718_09_1964_3337_DR6	CP000239.1:1860048-1860273|CDS|CYA_1856	97.222	36	1	0	1	36	87	52	3.97e-11	61.7
Ga0374718_09_1964_3337_DR7	CP000239.1:1860048-1860273|CDS|CYA_1856	97.222	36	1	0	1	36	87	52	3.97e-11	61.7
Ga0374718_09_1964_3337_DR8	CP000239.1:1860048-1860273|CDS|CYA_1856	97.222	36	1	0	1	36	87	52	3.97e-11	61.7
Ga0374718_09_1964_3337_DR9	CP000239.1:1860048-1860273|CDS|CYA_1856	97.222	36	1	0	1	36	87	52	3.97e-11	61.7
Ga0374718_09_1964_3337_DR10	CP000239.1:1860048-1860273|CDS|CYA_1856	97.222	36	1	0	1	36	87	52	3.97e-11	61.7
Ga0374718_09_1964_3337_DR11	CP000239.1:1860048-1860273|CDS|CYA_1856	97.222	36	1	0	1	36	87	52	3.97e-11	61.7
Ga0374718_09_1964_3337_DR13	CP000239.1:1860048-1860273|CDS|CYA_1856	97.222	36	1	0	1	36	87	52	3.97e-11	61.7
Ga0374718_09_1964_3337_DR14	CP000239.1:1860048-1860273|CDS|CYA_1856	97.222	36	1	0	1	36	87	52	3.97e-11	61.7
Ga0374718_09_1964_3337_DR15	CP000239.1:1860048-1860273|CDS|CYA_1856	97.222	36	1	0	1	36	87	52	3.97e-11	61.7
Ga0374718_09_1964_3337_DR16	CP000239.1:1860048-1860273|CDS|CYA_1856	97.222	36	1	0	1	36	87	52	3.97e-11	61.7
Ga0374718_09_1964_3337_DR17	CP000239.1:1860048-1860273|CDS|CYA_1856	97.222	36	1	0	1	36	87	52	3.97e-11	61.7
Ga0374718_09_1964_3337_DR18	CP000239.1:1860048-1860273|CDS|CYA_1856	97.222	36	1	0	1	36	87	52	3.97e-11	61.7
Ga0374718_09_1964_3337_DR19	CP000239.1:1860048-1860273|CDS|CYA_1856	97.222	36	1	0	1	36	87	52	3.97e-11	61.7
Ga0374718_09_3680_4657	CP000239.1:2329475-2330453|CDS|CYA_2326	100.000	978	0	0	1	978	1	978	0.0	1764
Ga0374718_09_3680_4657	CP000240.1:1849210-1850191|CDS|CYB_1765	87.461	973	122	0	1	973	1	973	0.0	1205
Ga0374718_09_5778_6977	CP000239.1:2331573-2332773|CDS|CYA_2328	99.833	1200	2	0	1	1200	1	1200	0.0	2156
Ga0374718_09_5778_6977	CP000240.1:1627419-1628604|CDS|CYB_1554	82.067	1171	206	2	1	1169	1	1169	0.0	1160
Ga0374718_09_5778_6977	CP000240.1:1627638-1628709|CDS|CYB_1553	81.618	952	171	2	220	1169	1071	122	0.0	923
Ga0374718_09_6992_8887	CP000239.1:2332787-2334683|CDS|CYA_2329	99.736	1896	5	0	1	1896	1	1896	0.0	3397
Ga0374718_09_6992_8887	CP000240.1:1596007-1597948|CDS|CYB_1520	83.583	1937	270	9	1	1892	1	1934	0.0	2063
Ga0374718_09_9000_9380	CP000239.1:2334828-2335176|CDS|CYA_2330	100.000	348	0	0	34	381	1	348	0.0	628
Ga0374718_09_9000_9380	CP000240.1:1595530-1595872|CDS|CYB_1519	85.050	301	45	0	79	379	40	340	6.33e-94	341
Ga0374718_09_9380_9727	CP000239.1:2335175-2335523|CDS|CYA_2331	99.709	344	1	0	1	344	1	344	5.03e-177	617
Ga0374718_09_9380_9727	CP000240.1:1595183-1595483|CDS|CYB_1518	85.172	290	43	0	59	348	11	300	1.04e-90	330
Ga0374718_09_9790_10377	CP000240.1:1594527-1595121|CDS|CYB_1517	85.160	593	82	1	1	587	1	593	0.0	674
Ga0374718_09_9790_10377	CP000239.1:2335567-2336134|CDS|CYA_2332	83.365	523	87	0	8	530	5	527	3.05e-157	552
Ga0374718_10_1056_1685	CP000240.1:2260448-2261117|CDS|CYB_2159	99.841	630	1	0	1	630	40	669	0.0	1132
Ga0374718_10_1720_2589	CP000240.1:2261151-2262021|CDS|CYB_2160	99.655	870	3	0	1	870	1	870	0.0	1556
Ga0374718_10_1720_2589	CP000239.1:416554-417418|CDS|CYA_0401	85.786	802	114	0	22	823	40	841	0.0	933
Ga0374718_10_2830_3741	CP000240.1:2262300-2263200|CDS|CYB_2162	95.647	873	38	0	40	912	1	873	0.0	1404
Ga0374718_10_2830_3741	CP000239.1:417442-418339|CDS|CYA_0402	79.611	873	176	2	41	912	26	897	0.0	765
Ga0374718_10_3753_5414	CP000240.1:2263193-2264918|CDS|CYB_2161	98.373	1660	27	0	1	1660	58	1717	0.0	2873
Ga0374718_10_3753_5414	CP000239.1:418342-420067|CDS|CYA_0403	88.193	1660	196	0	1	1660	58	1717	0.0	2111
Ga0374718_10_5508_7268	CP000240.1:2264954-2266970|CDS|CYB_2163	97.729	1761	40	0	1	1761	256	2016	0.0	2996
Ga0374718_10_8199_8558	CP000240.1:2267645-2268005|CDS|CYB_2164	97.222	360	10	0	1	360	1	360	9.40e-174	605
Ga0374718_10_8199_8558	CP000239.1:2685241-2685592|CDS|CYA_2668	83.056	360	52	2	1	360	1	351	2.89e-104	374
Ga0374718_10_8736_9728	CP000240.1:2268251-2269172|CDS|CYB_2165	98.154	921	17	0	73	993	1	921	0.0	1585
Ga0374718_10_8736_9728	CP000239.1:2685874-2686795|CDS|CYA_2670	88.817	921	103	0	73	993	1	921	0.0	1197
Ga0374718_10_9847_11058	CP000240.1:102811-104029|CDS|CYB_0087	93.678	1218	53	1	19	1212	1	1218	0.0	1867
Ga0374718_10_9847_11058	CP000240.1:1064975-1066169|CDS|CYB_1023	94.044	1125	67	0	19	1143	1	1125	0.0	1728
Ga0374718_10_9847_11058	CP000240.1:1803089-1804283|CDS|CYB_1722	92.927	1131	80	0	19	1149	1	1131	0.0	1680
Ga0374718_10_9847_11058	CP000240.1:3008652-3009870|CDS|CYB_2910	91.169	1155	78	1	19	1149	1	1155	0.0	1641
Ga0374718_10_9847_11058	CP000240.1:2830275-2831565|CDS|CYB_2735	88.254	1243	97	3	19	1212	1	1243	0.0	1615
Ga0374718_10_9847_11058	CP000240.1:2565689-2566883|CDS|CYB_2468	89.363	1194	127	0	19	1212	1	1194	0.0	1581
Ga0374718_10_9847_11058	CP000240.1:52430-53648|CDS|CYB_0041	89.957	1155	92	1	19	1149	1	1155	0.0	1578
Ga0374718_10_9847_11058	CP000240.1:1190675-1191869|CDS|CYB_1151	91.030	1126	99	2	19	1143	1	1125	0.0	1569
Ga0374718_10_9847_11058	CP000240.1:2644164-2645358|CDS|CYB_2538	90.844	1125	103	0	19	1143	1	1125	0.0	1565
Ga0374718_10_9847_11058	CP000240.1:2168360-2169515|CDS|CYB_2071	90.043	1155	115	0	19	1173	1	1155	0.0	1565
Ga0374718_10_9847_11058	CP000240.1:2247371-2248565|CDS|CYB_2147	88.526	1194	137	0	19	1212	1	1194	0.0	1536
Ga0374718_10_9847_11058	CP000239.1:1594889-1596107|CDS|CYA_1585	87.028	1218	134	1	19	1212	1	1218	0.0	1502
Ga0374718_10_9847_11058	CP000240.1:1521392-1522610|CDS|CYB_1450	88.599	1149	107	1	19	1143	1	1149	0.0	1499
Ga0374718_10_9847_11058	CP000239.1:2170714-2171908|CDS|CYA_2158	89.390	1131	120	0	19	1149	1	1131	0.0	1499
Ga0374718_10_9847_11058	CP000240.1:1384265-1385459|CDS|CYB_1322	87.605	1194	148	0	19	1212	1	1194	0.0	1487
Ga0374718_10_9847_11058	CP000240.1:1358129-1359347|CDS|CYB_1297	88.338	1149	110	1	19	1143	1	1149	0.0	1486
Ga0374718_10_9847_11058	CP000239.1:774779-775973|CDS|CYA_0767	89.244	1125	121	0	19	1143	1	1125	0.0	1484
Ga0374718_10_9847_11058	CP000240.1:345730-346924|CDS|CYB_0329	87.353	1194	151	0	19	1212	1	1194	0.0	1473
Ga0374718_10_9847_11058	CP000240.1:638632-639850|CDS|CYB_0630	87.990	1149	114	1	19	1143	1	1149	0.0	1468
Ga0374718_10_9847_11058	CP000240.1:1083184-1084426|CDS|CYB_1042	86.514	1179	111	2	19	1149	1	1179	0.0	1444
Ga0374718_10_9847_11058	CP000239.1:712444-713638|CDS|CYA_0704	88.240	1131	133	0	19	1149	1	1131	0.0	1441
Ga0374718_10_9847_11058	CP000240.1:2796782-2798000|CDS|CYB_2707	87.380	1149	121	1	19	1143	1	1149	0.0	1436
Ga0374718_10_9847_11058	CP000240.1:1015074-1016268|CDS|CYB_0979	86.600	1194	160	0	19	1212	1	1194	0.0	1433
Ga0374718_10_9847_11058	CP000240.1:1954838-1956056|CDS|CYB_1872	86.840	1155	128	1	19	1149	1	1155	0.0	1416
Ga0374718_10_9847_11058	CP000240.1:2210858-2212052|CDS|CYB_2117	87.111	1125	145	0	19	1143	1	1125	0.0	1376
Ga0374718_10_9847_11058	CP000240.1:1316312-1317548|CDS|CYB_1259	87.868	1088	132	0	19	1106	1	1088	0.0	1368
Ga0374718_10_9847_11058	CP000240.1:241642-242836|CDS|CYB_0233	85.272	1195	174	2	19	1212	1	1194	0.0	1355
Ga0374718_10_9847_11058	CP000239.1:893439-894633|CDS|CYA_0887	84.757	1194	182	0	19	1212	1	1194	0.0	1333
Ga0374718_10_9847_11058	CP000240.1:481588-482800|CDS|CYB_0472	86.323	1126	152	2	19	1143	1	1125	0.0	1330
Ga0374718_10_9847_11058	CP000240.1:2553363-2554557|CDS|CYB_2454	86.133	1125	156	0	19	1143	1	1125	0.0	1326
Ga0374718_10_9847_11058	CP000239.1:629980-631174|CDS|CYA_0620	85.156	1125	167	0	19	1143	1	1125	0.0	1277
Ga0374718_10_9847_11058	CP000240.1:605550-606744|CDS|CYB_0598	84.704	1131	173	0	19	1149	1	1131	0.0	1260
Ga0374718_10_9847_11058	CP000239.1:994256-995468|CDS|CYA_0981	84.089	1125	179	0	19	1143	1	1125	0.0	1223
Ga0374718_10_9847_11058	CP000240.1:2128026-2129220|CDS|CYB_2026	82.790	1197	200	5	19	1212	1	1194	0.0	1214
Ga0374718_10_9847_11058	CP000240.1:2619921-2621115|CDS|CYB_2521	83.659	1126	182	2	19	1143	1	1125	0.0	1195
Ga0374718_10_9847_11058	CP000240.1:1244785-1246021|CDS|CYB_1201	82.681	1149	175	1	19	1143	1	1149	0.0	1193
Ga0374718_10_9847_11058	CP000240.1:2661652-2662870|CDS|CYB_2557	82.419	1149	178	1	19	1143	1	1149	0.0	1179
Ga0374718_10_9847_11058	CP000240.1:1267756-1268992|CDS|CYB_1227	82.435	1150	176	3	19	1143	1	1149	0.0	1174
Ga0374718_10_9847_11058	CP000240.1:1842322-1843549|CDS|CYB_1759	82.022	1157	180	3	19	1149	1	1155	0.0	1161
Ga0374718_10_9847_11058	CP000240.1:629484-630702|CDS|CYB_0620	81.645	1155	188	1	19	1149	1	1155	0.0	1145
Ga0374718_10_9847_11058	CP000239.1:698055-699204|CDS|CYA_0690	81.675	1146	186	1	19	1140	1	1146	0.0	1138
Ga0374718_10_9847_11058	CP000240.1:1763450-1764623|CDS|CYB_1688	80.851	1175	219	5	19	1190	1	1172	0.0	1088
Ga0374718_10_9847_11058	CP000240.1:2933473-2934709|CDS|CYB_2835	80.729	1152	192	5	19	1143	1	1149	0.0	1082
Ga0374718_10_9847_11058	CP000240.1:1917270-1918464|CDS|CYB_1826	80.284	1197	230	5	19	1212	1	1194	0.0	1078
Ga0374718_10_9847_11058	CP000239.1:693322-694534|CDS|CYA_0687	79.592	1127	226	3	19	1143	1	1125	0.0	986
Ga0374718_10_9847_11058	CP000240.1:2219258-2220470|CDS|CYB_2126	79.059	1127	232	3	19	1143	1	1125	0.0	959
Ga0374718_10_9847_11058	CP000240.1:2506708-2507857|CDS|CYB_2410	76.035	1135	150	6	19	1032	1	1134	0.0	904
Ga0374718_10_9847_11058	CP000239.1:88305-89487|CDS|CYA_0091	76.203	1122	231	9	24	1133	6	1103	0.0	812
Ga0374718_11_1911_4115	CP000239.1:424422-427824|CDS|CYA_0409	99.864	2205	3	0	1	2205	1198	3402	0.0	3964
Ga0374718_11_1911_4115	CP000240.1:2532315-2535735|CDS|CYB_2436	91.063	2126	190	0	2	2127	1199	3324	0.0	2978
Ga0374718_11_4161_5312	CP000239.1:424422-427824|CDS|CYA_0409	99.913	1152	1	0	1	1152	1	1152	0.0	2074
Ga0374718_11_4161_5312	CP000240.1:2532315-2535735|CDS|CYB_2436	91.319	1152	100	0	1	1152	1	1152	0.0	1627
Ga0374718_11_5835_6608	CP000239.1:423115-423829|CDS|CYA_0408	95.506	712	32	0	61	772	1	712	0.0	1141
Ga0374718_11_5835_6608	CP000240.1:2531008-2531722|CDS|CYB_2435	91.011	712	64	0	61	772	1	712	0.0	996
Ga0374718_11_6694_7224	CP000239.1:422500-423031|CDS|CYA_0407	91.493	529	45	0	1	529	1	529	0.0	752
Ga0374718_11_6694_7224	CP000240.1:2530393-2530924|CDS|CYB_2434	83.932	529	85	0	1	529	1	529	2.93e-163	572
Ga0374718_11_7365_7919	CP000239.1:421805-422360|CDS|CYA_0406	100.000	555	0	0	1	555	1	555	0.0	1002
Ga0374718_11_7365_7919	CP000240.1:2529684-2530233|CDS|CYB_2433	80.039	516	101	2	11	525	11	525	1.39e-129	460
Ga0374718_11_7977_8936	CP000239.1:420788-421748|CDS|CYA_0405	99.896	960	1	0	1	960	1	960	0.0	1728
Ga0374718_11_7977_8936	CP000240.1:2528661-2529633|CDS|CYB_2432	83.686	944	154	0	10	953	10	953	0.0	1009
Ga0374718_12_14_235	CP000239.1:1822539-1823742|CDS|CYA_1817	99.550	222	1	0	1	222	982	1203	5.23e-111	397
Ga0374718_12_14_235	CP000240.1:436072-437302|CDS|CYB_0428	98.611	216	3	0	1	216	982	1197	4.90e-105	377
Ga0374718_12_663_1544	CP000240.1:436072-437302|CDS|CYB_0428	95.897	780	32	0	49	828	1	780	0.0	1263
Ga0374718_12_663_1544	CP000239.1:1822539-1823742|CDS|CYA_1817	95.256	780	37	0	49	828	1	780	0.0	1241
Ga0374718_12_1649_1849	CP000240.1:435719-435920|CDS|CYB_0427	100.000	201	0	0	1	201	1	201	2.77e-101	363
Ga0374718_12_1649_1849	CP000239.1:1823894-1824095|CDS|CYA_1818	99.502	201	1	0	1	201	1	201	1.18e-99	359
Ga0374718_12_1846_2109	CP000240.1:435459-435723|CDS|CYB_0426	100.000	264	0	0	1	264	1	264	2.36e-135	477
Ga0374718_12_1846_2109	CP000239.1:1824091-1824355|CDS|CYA_1819	100.000	264	0	0	1	264	1	264	2.36e-135	477
Ga0374718_12_2171_3451	CP000240.1:434136-435324|CDS|CYB_0424	96.244	1198	35	1	10	1207	1	1188	0.0	1963
Ga0374718_12_2171_3451	CP000239.1:1824490-1825678|CDS|CYA_1820	95.993	1198	38	1	10	1207	1	1188	0.0	1949
Ga0374718_12_3691_5226	CP000239.1:1825926-1827462|CDS|CYA_1821	100.000	1536	0	0	1	1536	1	1536	0.0	2771
Ga0374718_12_3691_5226	CP000240.1:432347-433883|CDS|CYB_0423	98.633	1536	21	0	1	1536	1	1536	0.0	2676
Ga0374718_12_5292_6755	CP000239.1:1827527-1828991|CDS|CYA_1823	98.019	1464	29	0	1	1464	1	1464	0.0	2510
Ga0374718_12_5292_6755	CP000240.1:430818-432282|CDS|CYB_0422	96.790	1464	47	0	1	1464	1	1464	0.0	2429
Ga0374718_12_6851_7729	CP000239.1:1829087-1829966|CDS|CYA_1824	99.317	879	6	0	1	879	1	879	0.0	1559
Ga0374718_12_6851_7729	CP000240.1:429844-430723|CDS|CYB_0421	98.749	879	11	0	1	879	1	879	0.0	1536
Ga0374718_12_8007_8945	CP000239.1:1830243-1831182|CDS|CYA_1825	99.894	939	1	0	1	939	1	939	0.0	1690
Ga0374718_12_8007_8945	CP000240.1:428628-429567|CDS|CYB_0420	97.870	939	20	0	1	939	1	939	0.0	1604
Ga0374718_13_1007_1675	CP000239.1:2356030-2356699|CDS|CYA_2348	99.851	669	1	0	1	669	1	669	0.0	1203
Ga0374718_13_1007_1675	CP000240.1:895381-896095|CDS|CYB_0862	75.235	533	132	0	1	533	1	533	8.22e-102	367
Ga0374718_13_1995_2888	CP000239.1:2357018-2357912|CDS|CYA_2349	100.000	894	0	0	1	894	1	894	0.0	1613
Ga0374718_13_1995_2888	CP000240.1:894186-895071|CDS|CYB_0861	83.531	844	139	0	49	892	40	883	0.0	896
Ga0374718_13_3220_3480	CP000239.1:2358243-2358513|CDS|CYA_2350	100.000	261	0	0	1	261	10	270	9.91e-134	471
Ga0374718_13_3220_3480	CP000240.1:893828-894107|CDS|CYB_0860	79.693	261	53	0	1	261	19	279	1.58e-61	233
Ga0374718_13_3648_3911	CP000239.1:2358671-2358935|CDS|CYA_2351	100.000	264	0	0	1	264	1	264	2.36e-135	477
Ga0374718_13_3648_3911	CP000240.1:893301-893565|CDS|CYB_0859	84.470	264	41	0	1	264	1	264	1.94e-79	292
Ga0374718_13_4062_5321	CP000239.1:2359085-2360345|CDS|CYA_2352	99.921	1260	1	0	1	1260	1	1260	0.0	2269
Ga0374718_13_4062_5321	CP000240.1:891887-893147|CDS|CYB_0858	82.778	1260	217	0	1	1260	1	1260	0.0	1295
Ga0374718_13_5402_6166	CP000239.1:2360425-2361190|CDS|CYA_2353	99.869	765	1	0	1	765	1	765	0.0	1376
Ga0374718_13_5402_6166	CP000240.1:891047-891815|CDS|CYB_0857	86.518	764	103	0	1	764	4	767	0.0	914
Ga0374718_13_6287_7381	CP000239.1:152816-154088|CDS|CYA_0158	98.813	1095	13	0	1	1095	178	1272	0.0	1917
Ga0374718_13_6287_7381	CP000239.1:2083979-2085251|CDS|CYA_2063	98.721	1095	14	0	1	1095	178	1272	0.0	1912
Ga0374718_13_6287_7381	CP000239.1:2652297-2653569|CDS|CYA_2636	98.539	1095	16	0	1	1095	178	1272	0.0	1903
Ga0374718_13_6287_7381	CP000239.1:2604687-2605959|CDS|CYA_2581	98.356	1095	18	0	1	1095	178	1272	0.0	1894
Ga0374718_13_6287_7381	CP000239.1:1160018-1161290|CDS|CYA_1136	98.082	1095	21	0	1	1095	178	1272	0.0	1881
Ga0374718_13_6287_7381	CP000239.1:1969261-1970533|CDS|CYA_1959	97.991	1095	22	0	1	1095	178	1272	0.0	1876
Ga0374718_14_22_420	CP000239.1:1308992-1309463|CDS|CYA_1300	85.213	399	59	0	1	399	73	471	4.19e-128	454
Ga0374718_14_22_420	CP000240.1:956126-956597|CDS|CYB_0919	81.955	399	72	0	1	399	73	471	9.85e-111	396
Ga0374718_14_575_2704	CP000239.1:1309619-1311752|CDS|CYA_1301	86.957	2116	276	0	1	2116	1	2116	0.0	2572
Ga0374718_14_575_2704	CP000240.1:956749-958873|CDS|CYB_0920	84.474	2119	325	2	1	2117	1	2117	0.0	2333
Ga0374718_14_2723_3952	CP000239.1:1311774-1313004|CDS|CYA_1302	88.049	1230	147	0	1	1230	1	1230	0.0	1556
Ga0374718_14_2723_3952	CP000240.1:958904-960134|CDS|CYB_0921	83.496	1230	203	0	1	1230	1	1230	0.0	1304
Ga0374718_14_4044_4361	CP000239.1:1313097-1313415|CDS|CYA_1303	87.107	318	41	0	1	318	1	318	1.15e-108	389
Ga0374718_14_4044_4361	CP000240.1:960258-960576|CDS|CYB_0922	85.849	318	45	0	1	318	1	318	3.09e-103	371
Ga0374718_14_4603_5256	CP000239.1:1313461-1314343|CDS|CYA_1305	89.269	643	69	0	12	654	240	882	0.0	849
Ga0374718_14_4603_5256	CP000240.1:960697-961558|CDS|CYB_0924	80.236	678	110	2	1	654	184	861	0.0	632
Ga0374718_14_5253_6158	CP000239.1:1314339-1315251|CDS|CYA_1304	88.066	905	108	0	2	906	8	912	0.0	1146
Ga0374718_14_5253_6158	CP000240.1:961554-962472|CDS|CYB_0923	85.080	878	131	0	19	896	31	908	0.0	994
Ga0374718_15_617_1432	CP000240.1:1364732-1365587|CDS|CYB_1302	99.007	806	8	0	1	806	49	854	0.0	1418
Ga0374718_15_617_1432	CP000239.1:1865039-1865843|CDS|CYA_1860	81.530	758	140	0	1	758	1	758	0.0	737
Ga0374718_15_2707_3861	CP000240.1:1363353-1364508|CDS|CYB_1301	98.874	1155	13	0	1	1155	1	1155	0.0	2025
Ga0374718_15_2707_3861	CP000239.1:1863838-1864972|CDS|CYA_1859	82.923	1136	186	3	21	1155	6	1134	0.0	1168
Ga0374718_15_3855_4811	CP000240.1:1362409-1363360|CDS|CYB_1299	98.328	957	10	1	1	957	1	951	0.0	1655
Ga0374718_15_3855_4811	CP000239.1:1862897-1863845|CDS|CYA_1858	85.412	898	131	0	54	951	45	942	0.0	1030
Ga0374718_15_4794_5813	CP000240.1:1361407-1362427|CDS|CYB_1300	96.078	1020	40	0	1	1020	1	1020	0.0	1660
Ga0374718_16_787_1368	CP000239.1:1305856-1306660|CDS|CYA_1296	85.911	582	82	0	1	582	223	804	0.0	681
Ga0374718_16_787_1368	CP000240.1:951714-952518|CDS|CYB_0914	85.009	567	83	2	1	566	223	788	0.0	633
Ga0374718_16_1691_2251	CP000239.1:830935-833575|CDS|CYA_0820	99.822	561	1	0	1	561	2080	2640	0.0	1008
Ga0374718_16_1691_2251	CP000240.1:1910824-1913488|CDS|CYB_1822	79.216	587	94	4	1	561	2080	2664	5.99e-147	517
Ga0374718_16_3277_5412	CP000239.1:834600-836736|CDS|CYA_0821	99.953	2136	1	0	1	2136	1	2136	0.0	3848
Ga0374718_16_3277_5412	CP000240.1:1914254-1916426|CDS|CYB_1823	78.594	2205	370	19	1	2136	1	2172	0.0	1856
Ga0374718_16_5495_6136	CP000239.1:836794-837460|CDS|CYA_0822	100.000	642	0	0	1	642	25	666	0.0	1159
Ga0374718_16_5495_6136	CP000240.1:1916461-1917103|CDS|CYB_1824	83.784	592	96	0	18	609	18	609	0.0	636
Ga0374718_16_6291_6722	CP000239.1:837614-838040|CDS|CYA_0824	100.000	426	0	0	7	432	1	426	0.0	769
Ga0374718_16_6291_6722	CP000240.1:1919746-1920166|CDS|CYB_1828	81.742	356	59	1	63	418	57	406	4.00e-97	351
Ga0374718_17_445_4299_DR2	CP000239.1:1860048-1860273|CDS|CYA_1856	97.222	36	1	0	1	36	52	87	3.97e-11	61.7
Ga0374718_17_445_4299_DR3	CP000239.1:1860048-1860273|CDS|CYA_1856	97.222	36	1	0	1	36	52	87	3.97e-11	61.7
Ga0374718_17_445_4299_DR4	CP000239.1:1860048-1860273|CDS|CYA_1856	97.222	36	1	0	1	36	52	87	3.97e-11	61.7
Ga0374718_17_445_4299_DR5	CP000239.1:1860048-1860273|CDS|CYA_1856	97.222	36	1	0	1	36	52	87	3.97e-11	61.7
Ga0374718_17_445_4299_DR6	CP000239.1:1860048-1860273|CDS|CYA_1856	97.222	36	1	0	1	36	52	87	3.97e-11	61.7
Ga0374718_17_445_4299_DR7	CP000239.1:1860048-1860273|CDS|CYA_1856	97.222	36	1	0	1	36	52	87	3.97e-11	61.7
Ga0374718_17_445_4299_DR8	CP000239.1:1860048-1860273|CDS|CYA_1856	97.222	36	1	0	1	36	52	87	3.97e-11	61.7
Ga0374718_17_445_4299_DR9	CP000239.1:1860048-1860273|CDS|CYA_1856	97.222	36	1	0	1	36	52	87	3.97e-11	61.7
Ga0374718_17_445_4299_DR10	CP000239.1:1860048-1860273|CDS|CYA_1856	97.222	36	1	0	1	36	52	87	3.97e-11	61.7
Ga0374718_17_445_4299_DR11	CP000239.1:1860048-1860273|CDS|CYA_1856	97.222	36	1	0	1	36	52	87	3.97e-11	61.7
Ga0374718_17_445_4299_DR12	CP000239.1:1860048-1860273|CDS|CYA_1856	97.222	36	1	0	1	36	52	87	3.97e-11	61.7
Ga0374718_17_445_4299_DR13	CP000239.1:1860048-1860273|CDS|CYA_1856	97.222	36	1	0	1	36	52	87	3.97e-11	61.7
Ga0374718_17_445_4299_DR14	CP000239.1:1860048-1860273|CDS|CYA_1856	97.222	36	1	0	1	36	52	87	3.97e-11	61.7
Ga0374718_17_445_4299_DR15	CP000239.1:1860048-1860273|CDS|CYA_1856	97.222	36	1	0	1	36	52	87	3.97e-11	61.7
Ga0374718_17_445_4299_DR16	CP000239.1:1860048-1860273|CDS|CYA_1856	97.222	36	1	0	1	36	52	87	3.97e-11	61.7
Ga0374718_17_445_4299_DR17	CP000239.1:1860048-1860273|CDS|CYA_1856	97.222	36	1	0	1	36	52	87	3.97e-11	61.7
Ga0374718_17_445_4299_DR18	CP000239.1:1860048-1860273|CDS|CYA_1856	97.222	36	1	0	1	36	52	87	3.97e-11	61.7
Ga0374718_17_445_4299_DR19	CP000239.1:1860048-1860273|CDS|CYA_1856	97.222	36	1	0	1	36	52	87	3.97e-11	61.7
Ga0374718_17_445_4299_DR20	CP000239.1:1860048-1860273|CDS|CYA_1856	97.222	36	1	0	1	36	52	87	3.97e-11	61.7
Ga0374718_17_445_4299_DR21	CP000239.1:1860048-1860273|CDS|CYA_1856	97.222	36	1	0	1	36	52	87	3.97e-11	61.7
Ga0374718_17_445_4299_DR22	CP000239.1:1860048-1860273|CDS|CYA_1856	97.222	36	1	0	1	36	52	87	3.97e-11	61.7
Ga0374718_17_445_4299_DR23	CP000239.1:1860048-1860273|CDS|CYA_1856	97.222	36	1	0	1	36	52	87	3.97e-11	61.7
Ga0374718_17_445_4299_DR24	CP000239.1:1860048-1860273|CDS|CYA_1856	97.222	36	1	0	1	36	52	87	3.97e-11	61.7
Ga0374718_17_445_4299_DR25	CP000239.1:1860048-1860273|CDS|CYA_1856	97.222	36	1	0	1	36	52	87	3.97e-11	61.7
Ga0374718_17_445_4299_DR26	CP000239.1:1860048-1860273|CDS|CYA_1856	97.222	36	1	0	1	36	52	87	3.97e-11	61.7
Ga0374718_17_445_4299_DR27	CP000239.1:1860048-1860273|CDS|CYA_1856	97.222	36	1	0	1	36	52	87	3.97e-11	61.7
Ga0374718_17_445_4299_DR28	CP000239.1:1860048-1860273|CDS|CYA_1856	97.222	36	1	0	1	36	52	87	3.97e-11	61.7
Ga0374718_17_445_4299_DR29	CP000239.1:1860048-1860273|CDS|CYA_1856	97.222	36	1	0	1	36	52	87	3.97e-11	61.7
Ga0374718_17_445_4299_DR30	CP000239.1:1860048-1860273|CDS|CYA_1856	97.222	36	1	0	1	36	52	87	3.97e-11	61.7
Ga0374718_17_445_4299_DR31	CP000239.1:1860048-1860273|CDS|CYA_1856	97.222	36	1	0	1	36	52	87	3.97e-11	61.7
Ga0374718_17_445_4299_DR32	CP000239.1:1860048-1860273|CDS|CYA_1856	97.222	36	1	0	1	36	52	87	3.97e-11	61.7
Ga0374718_17_445_4299_DR33	CP000239.1:1860048-1860273|CDS|CYA_1856	97.222	36	1	0	1	36	52	87	3.97e-11	61.7
Ga0374718_17_445_4299_DR34	CP000239.1:1860048-1860273|CDS|CYA_1856	97.222	36	1	0	1	36	52	87	3.97e-11	61.7
Ga0374718_17_445_4299_DR35	CP000239.1:1860048-1860273|CDS|CYA_1856	97.222	36	1	0	1	36	52	87	3.97e-11	61.7
Ga0374718_17_445_4299_DR36	CP000239.1:1860048-1860273|CDS|CYA_1856	97.222	36	1	0	1	36	52	87	3.97e-11	61.7
Ga0374718_17_445_4299_DR37	CP000239.1:1860048-1860273|CDS|CYA_1856	97.222	36	1	0	1	36	52	87	3.97e-11	61.7
Ga0374718_17_445_4299_DR38	CP000239.1:1860048-1860273|CDS|CYA_1856	97.222	36	1	0	1	36	52	87	3.97e-11	61.7
Ga0374718_17_445_4299_DR39	CP000239.1:1860048-1860273|CDS|CYA_1856	97.222	36	1	0	1	36	52	87	3.97e-11	61.7
Ga0374718_17_445_4299_DR40	CP000239.1:1860048-1860273|CDS|CYA_1856	97.222	36	1	0	1	36	52	87	3.97e-11	61.7
Ga0374718_17_445_4299_DR41	CP000239.1:1860048-1860273|CDS|CYA_1856	97.222	36	1	0	1	36	52	87	3.97e-11	61.7
Ga0374718_17_445_4299_DR42	CP000239.1:1860048-1860273|CDS|CYA_1856	97.222	36	1	0	1	36	52	87	3.97e-11	61.7
Ga0374718_17_445_4299_DR43	CP000239.1:1860048-1860273|CDS|CYA_1856	97.222	36	1	0	1	36	52	87	3.97e-11	61.7
Ga0374718_17_445_4299_DR44	CP000239.1:1860048-1860273|CDS|CYA_1856	97.222	36	1	0	1	36	52	87	3.97e-11	61.7
Ga0374718_17_445_4299_DR45	CP000239.1:1860048-1860273|CDS|CYA_1856	97.222	36	1	0	1	36	52	87	3.97e-11	61.7
Ga0374718_17_445_4299_DR46	CP000239.1:1860048-1860273|CDS|CYA_1856	97.222	36	1	0	1	36	52	87	3.97e-11	61.7
Ga0374718_17_445_4299_DR47	CP000239.1:1860048-1860273|CDS|CYA_1856	97.222	36	1	0	1	36	52	87	3.97e-11	61.7
Ga0374718_17_445_4299_DR48	CP000239.1:1860048-1860273|CDS|CYA_1856	97.222	36	1	0	1	36	52	87	3.97e-11	61.7
Ga0374718_17_445_4299_DR49	CP000239.1:1860048-1860273|CDS|CYA_1856	97.222	36	1	0	1	36	52	87	3.97e-11	61.7
Ga0374718_17_4306_5736	CP000239.1:2556040-2557471|CDS|CYA_2537	99.720	1431	4	0	1	1431	1	1431	0.0	2563
Ga0374718_17_5749_6138	CP000239.1:2555605-2556028|CDS|CYA_2536	99.231	390	3	0	1	390	34	423	0.0	691
Ga0374718_18_864_1850	CP000239.1:846250-849187|CDS|CYA_0838	99.655	869	2	1	91	958	1	869	0.0	1551
Ga0374718_18_864_1850	CP000240.1:1928767-1931704|CDS|CYB_1842	86.421	869	117	1	91	958	1	869	0.0	1032
Ga0374718_18_1883_2140	CP000239.1:849309-849567|CDS|CYA_0839	100.000	258	0	0	1	258	1	258	4.16e-132	466
Ga0374718_18_1883_2140	CP000240.1:2889962-2890220|CDS|CYB_2793	85.714	252	36	0	1	252	1	252	5.43e-80	293
Ga0374718_18_2341_2646	CP000240.1:2889312-2889729|CDS|CYB_2792	81.667	300	55	0	2	301	113	412	6.54e-80	294
Ga0374718_18_3632_3931	CP000239.1:850887-851364|CDS|CYA_0841	100.000	300	0	0	1	300	178	477	7.77e-155	542
Ga0374718_18_3632_3931	CP000240.1:2888077-2888569|CDS|CYB_2790	82.667	300	52	0	1	300	193	492	2.90e-84	307
Ga0374718_18_3921_4328	CP000239.1:851353-851761|CDS|CYA_0840	99.510	408	2	0	1	408	1	408	0.0	728
Ga0374718_18_3921_4328	CP000240.1:2887173-2888088|CDS|CYB_2791	78.997	319	67	0	85	403	592	910	8.30e-74	274
Ga0374718_18_4438_4587	CP000239.1:851870-852020|CDS|CYA_0842	100.000	150	0	0	1	150	1	150	9.67e-74	271
Ga0374718_18_4864_5286	CP000239.1:852140-852719|CDS|CYA_0843	99.764	423	1	0	1	423	157	579	0.0	759
Ga0374718_18_4864_5286	CP000240.1:2249078-2249666|CDS|CYB_2148	82.555	407	64	2	2	402	170	575	1.36e-115	412
Ga0374718_18_5388_6263	CP000239.1:852907-853696|CDS|CYA_0844	99.620	789	3	0	88	876	1	789	0.0	1410
Ga0374718_18_5388_6263	CP000240.1:2249861-2250650|CDS|CYB_2149	86.692	789	105	0	88	876	1	789	0.0	950
Ga0374718_19_522_1091	CP000239.1:1347729-1348299|CDS|CYA_1333	99.825	570	1	0	1	570	1	570	0.0	1024
Ga0374718_19_522_1091	CP000240.1:2743389-2743959|CDS|CYB_2655	87.321	560	71	0	1	560	1	560	0.0	691
Ga0374718_19_1127_2128	CP000239.1:1348334-1349336|CDS|CYA_1334	100.000	1002	0	0	1	1002	1	1002	0.0	1808
Ga0374718_19_1127_2128	CP000240.1:2743992-2744994|CDS|CYB_2656	84.731	1002	153	0	1	1002	1	1002	0.0	1118
Ga0374718_19_2432_3109	CP000239.1:1349639-1350317|CDS|CYA_1336	100.000	678	0	0	1	678	1	678	0.0	1223
Ga0374718_19_2432_3109	CP000240.1:2318972-2319650|CDS|CYB_2210	84.343	677	106	0	1	677	1	677	0.0	744
Ga0374718_19_3111_3614	CP000239.1:1350318-1350822|CDS|CYA_1337	100.000	504	0	0	1	504	1	504	0.0	910
Ga0374718_19_3111_3614	CP000240.1:2319672-2320176|CDS|CYB_2211	87.500	504	63	0	1	504	1	504	1.43e-179	626
Ga0374718_19_3840_4748	CP000239.1:1351047-1351947|CDS|CYA_1338	100.000	900	0	0	10	909	1	900	0.0	1624
Ga0374718_19_3840_4748	CP000240.1:2320415-2321315|CDS|CYB_2212	83.241	901	149	2	10	909	1	900	0.0	938
Ga0374718_19_4844_5674	CP000239.1:1352021-1353053|CDS|CYA_1339	100.000	792	0	0	1	792	31	822	0.0	1429
Ga0374718_19_4844_5674	CP000240.1:2321458-2322427|CDS|CYB_2213	87.903	744	90	0	49	792	1	744	0.0	937
Ga0374718_20_23_343	CP000240.1:1370138-1371857|CDS|CYB_1307	97.826	322	6	1	1	321	1	322	6.86e-156	546
Ga0374718_20_23_343	CP000239.1:579513-581181|CDS|CYA_0566	87.543	289	35	1	29	316	29	317	6.88e-99	356
Ga0374718_20_262_1716	CP000240.1:1370138-1371857|CDS|CYB_1307	97.048	1423	41	1	1	1422	240	1662	0.0	2374
Ga0374718_20_262_1716	CP000239.1:579513-581181|CDS|CYA_0566	88.744	1377	154	1	1	1376	240	1616	0.0	1782
Ga0374718_20_1791_2501	CP000240.1:1369404-1370121|CDS|CYB_1306	90.795	717	60	1	1	711	1	717	0.0	997
Ga0374718_20_1791_2501	CP000239.1:578721-579414|CDS|CYA_0565	74.513	718	144	7	1	704	1	693	8.19e-134	474
Ga0374718_20_2531_3049	CP000240.1:1368868-1369348|CDS|CYB_1305	94.309	492	16	1	28	519	1	480	0.0	768
Ga0374718_20_2531_3049	CP000239.1:578156-578693|CDS|CYA_0564	81.878	458	77	2	1	452	1	458	2.35e-126	449
Ga0374718_20_3157_5331	CP000240.1:1366406-1368746|CDS|CYB_1304	98.086	2142	26	1	16	2157	1	2127	0.0	3688
Ga0374718_22_1307_1639	CP000240.1:1352303-1355057|CDS|CYB_1294	98.065	310	6	0	22	331	1	310	4.50e-152	533
Ga0374718_22_1307_1639	CP000239.1:1029767-1032461|CDS|CYA_1012	82.581	310	54	0	22	331	1	310	6.27e-87	316
Ga0374718_22_1307_1639	CP000240.1:1349486-1352222|CDS|CYB_1293	82.410	307	52	2	22	327	1	306	3.96e-83	304
Ga0374718_22_1640_4024	CP000240.1:1349486-1352222|CDS|CYB_1293	90.358	2095	197	3	292	2385	646	2736	0.0	2859
Ga0374718_22_1640_4024	CP000240.1:1352303-1355057|CDS|CYB_1294	83.138	2135	310	6	281	2369	620	2750	0.0	2246
Ga0374718_22_1640_4024	CP000239.1:1029767-1032461|CDS|CYA_1012	76.592	2371	544	9	4	2370	316	2679	0.0	1744
Ga0374718_22_4058_4756	CP000240.1:1348754-1349453|CDS|CYB_1292	93.562	699	45	0	1	699	1	699	0.0	1058
Ga0374718_22_4058_4756	CP000239.1:1032527-1033253|CDS|CYA_1013	87.393	698	88	0	1	698	28	725	0.0	863
Ga0374718_23_354_1271	CP000239.1:2681419-2682826|CDS|CYA_2666	99.891	918	1	0	1	918	490	1407	0.0	1652
Ga0374718_23_354_1271	CP000240.1:2523863-2525267|CDS|CYB_2428	81.709	913	157	2	1	913	496	1398	0.0	894
Ga0374718_23_1983_2096	CP000239.1:2681083-2681197|CDS|CYA_2664	100.000	114	0	0	1	114	1	114	2.43e-54	206
Ga0374718_23_1983_2096	CP000240.1:2523603-2523717|CDS|CYB_2426	83.929	112	18	0	1	112	1	112	7.95e-29	122
Ga0374718_23_2162_3790	CP000239.1:2679389-2681012|CDS|CYA_2663	99.938	1623	1	0	7	1629	1	1623	0.0	2923
Ga0374718_23_2162_3790	CP000240.1:2521911-2523540|CDS|CYB_2425	84.819	1627	230	6	7	1620	1	1623	0.0	1810
Ga0374718_24_258_992	CP000239.1:2550122-2550893|CDS|CYA_2531	95.225	733	35	0	1	733	37	769	0.0	1165
Ga0374718_24_258_992	CP000240.1:162061-162862|CDS|CYB_0145	80.344	697	137	0	2	698	44	740	0.0	640
Ga0374718_24_1025_2164	CP000239.1:2550889-2551981|CDS|CYA_2532	87.368	1140	96	4	1	1140	1	1092	0.0	1433
Ga0374718_24_1025_2164	CP000240.1:160943-162065|CDS|CYB_0144	82.994	1129	168	3	15	1140	15	1122	0.0	1179
Ga0374718_24_2178_2621	CP000239.1:2551994-2552438|CDS|CYA_2533	98.423	444	7	0	1	444	1	444	0.0	770
Ga0374718_24_2178_2621	CP000240.1:160486-160930|CDS|CYB_0143	82.022	445	78	2	1	444	1	444	1.26e-122	435
Ga0374718_24_2739_3914	CP000239.1:2552548-2553688|CDS|CYA_2534	93.684	1140	72	0	37	1176	1	1140	0.0	1732
Ga0374718_24_2739_3914	CP000240.1:159249-160389|CDS|CYB_0142	87.410	1112	138	2	65	1175	29	1139	0.0	1368
Ga0374718_25_763_1719	CP000239.1:638903-639824|CDS|CYA_0627	100.000	921	0	0	37	957	1	921	0.0	1662
Ga0374718_25_763_1719	CP000240.1:61301-62222|CDS|CYB_0048	84.256	921	145	0	37	957	1	921	0.0	1008
Ga0374718_25_2045_3823	CP000239.1:636799-638650|CDS|CYA_0626	100.000	1779	0	0	1	1779	73	1851	0.0	3209
Ga0374718_25_2045_3823	CP000240.1:59246-61082|CDS|CYB_0047	86.517	1780	229	5	1	1779	67	1836	0.0	2116
Ga0374718_25_3983_4447	CP000239.1:635726-636782|CDS|CYA_0625	100.000	465	0	0	1	465	915	451	0.0	839
Ga0374718_25_3983_4447	CP000240.1:58143-59217|CDS|CYB_0046	85.591	465	67	0	1	465	927	463	5.25e-153	537
Ga0374718_26_210_530	CP000239.1:975019-975553|CDS|CYA_0962	94.393	321	18	0	1	321	450	130	8.93e-142	499
Ga0374718_26_629_1753	CP000239.1:973844-975005|CDS|CYA_0961	99.644	1125	4	0	1	1125	37	1161	0.0	2012
Ga0374718_26_629_1753	CP000240.1:305818-306979|CDS|CYB_0293	82.348	1116	195	2	1	1115	37	1151	0.0	1118
Ga0374718_26_1698_3107	CP000239.1:972526-973936|CDS|CYA_0960	99.787	1410	3	0	1	1410	1	1410	0.0	2530
Ga0374718_26_1698_3107	CP000240.1:304467-305910|CDS|CYB_0292	80.334	1439	246	7	7	1410	7	1443	0.0	1322
Ga0374718_26_3184_3912	CP000239.1:971754-972450|CDS|CYA_0959	91.954	696	56	0	34	729	1	696	0.0	1003
Ga0374718_27_122_349	CP000239.1:2336151-2337768|CDS|CYA_2334	100.000	228	0	0	1	228	1390	1617	7.01e-116	412
Ga0374718_27_122_349	CP000240.1:1592884-1594510|CDS|CYB_1516	74.611	193	45	4	4	194	1411	1601	9.16e-26	113
Ga0374718_27_346_2139	CP000239.1:2337764-2340623|CDS|CYA_2333	93.965	1806	97	3	1	1794	1054	2859	0.0	2764
Ga0374718_27_2186_3193	CP000239.1:2337764-2340623|CDS|CYA_2333	99.202	1003	7	1	1	1003	1	1002	0.0	1770
Ga0374718_27_2186_3193	CP000240.1:1588913-1592726|CDS|CYB_1515	80.754	1008	184	4	1	1008	1	998	0.0	935
Ga0374718_27_3278_3676	CP000239.1:2340707-2341106|CDS|CYA_2335	99.499	399	2	0	1	399	1	399	0.0	711
Ga0374718_27_3278_3676	CP000240.1:1796273-1796669|CDS|CYB_1713	79.793	386	78	0	12	397	9	394	1.56e-95	345
Ga0374718_28_1587_2000	CP000239.1:415942-416356|CDS|CYA_0400	99.517	414	2	0	1	414	1	414	0.0	738
Ga0374718_28_2199_3062	CP000239.1:416554-417418|CDS|CYA_0401	99.769	864	2	0	1	864	1	864	0.0	1550
Ga0374718_28_2199_3062	CP000240.1:2261151-2262021|CDS|CYB_2160	85.910	802	113	0	40	841	22	823	0.0	938
Ga0374718_29_615_802	CP000239.1:2365934-2367356|CDS|CYA_2359	99.468	188	0	1	1	188	637	451	1.52e-91	332
Ga0374718_29_615_802	CP000240.1:886555-887974|CDS|CYB_0853	91.444	187	15	1	2	188	633	448	6.45e-71	262
Ga0374718_29_857_1204	CP000239.1:2365934-2367356|CDS|CYA_2359	99.138	348	3	0	1	348	396	49	1.76e-176	615
Ga0374718_29_857_1204	CP000240.1:886555-887974|CDS|CYB_0853	90.517	348	33	0	1	348	393	46	9.12e-136	480
Ga0374718_29_857_1204	CP000239.1:2621610-2623191|CDS|CYA_2604	70.652	276	81	0	20	295	335	60	1.55e-31	133
Ga0374718_29_857_1204	CP000240.1:2371216-2372797|CDS|CYB_2266	70.182	275	82	0	20	294	335	61	6.60e-30	127
Ga0374718_29_1395_2453	CP000239.1:2662396-2663455|CDS|CYA_2647	99.245	1059	8	0	1	1059	1	1059	0.0	1874
Ga0374718_29_1395_2453	CP000239.1:2364733-2365792|CDS|CYA_2358	99.056	1059	10	0	1	1059	1	1059	0.0	1865
Ga0374718_29_1395_2453	CP000240.1:1817799-1818858|CDS|CYB_1736	93.201	1059	72	0	1	1059	1	1059	0.0	1586
Ga0374718_29_1395_2453	CP000240.1:888122-889181|CDS|CYB_0854	92.918	1059	75	0	1	1059	1	1059	0.0	1572
Ga0374718_29_2947_3054	CP000239.1:2364132-2364240|CDS|CYA_2357	100.000	108	0	0	1	108	1	108	4.11e-51	196
Ga0374718_29_2947_3054	CP000240.1:889658-889766|CDS|CYB_0855	82.243	107	19	0	1	107	1	107	1.64e-24	108
Ga0374718_31_11_322	CP000239.1:2563293-2563935|CDS|CYA_2543	97.436	312	8	0	1	312	331	642	1.78e-150	527
Ga0374718_31_11_322	CP000240.1:870886-871528|CDS|CYB_0838	91.026	312	28	0	1	312	331	642	2.48e-123	437
Ga0374718_31_550_2322	CP000239.1:2561305-2563264|CDS|CYA_2542	98.082	1773	22	3	1	1773	199	1959	0.0	3042
Ga0374718_31_550_2322	CP000240.1:869032-870856|CDS|CYB_0837	75.953	1784	394	11	1	1768	55	1819	0.0	1266
Ga0374718_31_2355_2654	CP000239.1:2560973-2561273|CDS|CYA_2541	99.333	300	2	0	1	300	1	300	4.02e-152	533
Ga0374718_31_2355_2654	CP000240.1:868703-869003|CDS|CYB_0836	79.000	300	63	0	1	300	1	300	4.61e-69	258
Ga0374718_33_20_400	CP000240.1:2000171-2001233|CDS|CYB_1915	97.638	381	9	0	1	381	682	1062	0.0	647
Ga0374718_33_20_400	CP000239.1:1736015-1737077|CDS|CYA_1732	97.375	381	10	0	1	381	682	1062	0.0	643
Ga0374718_33_549_1532	CP000240.1:1999039-2000023|CDS|CYB_1914	98.882	984	11	0	1	984	1	984	0.0	1726
Ga0374718_33_549_1532	CP000239.1:1737225-1738209|CDS|CYA_1733	98.374	984	16	0	1	984	1	984	0.0	1703
Ga0374718_33_1571_2464	CP000240.1:1998107-1999001|CDS|CYB_1913	99.553	894	4	0	1	894	1	894	0.0	1595
Ga0374718_33_1571_2464	CP000239.1:1738247-1739141|CDS|CYA_1734	99.105	894	8	0	1	894	1	894	0.0	1577
Ga0374718_34_30_608	CP000240.1:544792-546037|CDS|CYB_0530	97.409	579	15	0	1	579	667	1245	0.0	977
Ga0374718_34_30_608	CP000239.1:2027933-2028476|CDS|CYA_2012	75.335	523	118	2	56	567	14	536	8.62e-101	363
Ga0374718_34_30_608	CP000239.1:782540-783770|CDS|CYA_0777	72.212	547	146	1	1	541	670	1216	2.47e-82	303
Ga0374718_34_30_608	CP000239.1:1966854-1968081|CDS|CYA_1956	71.241	532	147	1	1	526	670	1201	4.19e-73	271
Ga0374718_34_622_2298	CP000240.1:1295152-1296829|CDS|CYB_1248	96.950	1672	51	0	1	1672	1	1672	0.0	2786
Ga0374718_34_622_2298	CP000239.1:210132-211803|CDS|CYA_0206	85.655	1673	232	3	1	1672	1	1666	0.0	1929
Ga0374718_35_26_478	CP000239.1:1743571-1744708|CDS|CYA_1739	98.013	453	9	0	1	453	685	1137	0.0	777
Ga0374718_35_26_478	CP000240.1:1992539-1993676|CDS|CYB_1908	94.481	453	25	0	1	453	685	1137	0.0	705
Ga0374718_35_548_1606	CP000239.1:1742437-1743493|CDS|CYA_1738	87.784	1056	123	1	10	1059	1	1056	0.0	1324
Ga0374718_35_548_1606	CP000240.1:1993755-1994811|CDS|CYB_1909	86.269	1056	139	1	10	1059	1	1056	0.0	1252
Ga0374718_35_1775_2248	CP000240.1:1995166-1995601|CDS|CYB_1910	84.434	424	66	0	2	425	2	425	2.28e-132	468
Ga0374718_35_1775_2248	CP000239.1:1741647-1742082|CDS|CYA_1737	83.726	424	69	0	2	425	2	425	5.02e-128	454
Ga0374718_36_185_751	CP000239.1:1152933-1153500|CDS|CYA_1127	100.000	567	0	0	1	567	1	567	0.0	1023
Ga0374718_36_185_751	CP000239.1:1012514-1013081|CDS|CYA_0998	100.000	567	0	0	1	567	1	567	0.0	1023
Ga0374718_36_185_751	CP000239.1:2653692-2654259|CDS|CYA_2637	99.471	567	3	0	1	567	1	567	0.0	1010
Ga0374718_36_185_751	CP000239.1:1290362-1291310|CDS|CYA_1279	99.295	567	4	0	1	567	382	948	0.0	1005
Ga0374718_36_185_751	CP000239.1:2728909-2729476|CDS|CYA_2710	99.118	567	5	0	1	567	1	567	0.0	1001
Ga0374718_36_185_751	CP000239.1:1612111-1613059|CDS|CYA_1604	98.765	567	7	0	1	567	382	948	0.0	992
Ga0374718_36_185_751	CP000239.1:51699-52647|CDS|CYA_0053	98.765	567	7	0	1	567	382	948	0.0	992
Ga0374718_36_185_751	CP000239.1:1664315-1664882|CDS|CYA_1662	98.060	567	11	0	1	567	1	567	0.0	974
Ga0374718_36_185_751	CP000239.1:1368174-1368741|CDS|CYA_1360	98.060	567	11	0	1	567	1	567	0.0	974
Ga0374718_36_185_751	CP000239.1:1300214-1300781|CDS|CYA_1289	98.060	567	11	0	1	567	1	567	0.0	974
Ga0374718_36_185_751	CP000239.1:1321049-1321982|CDS|CYA_1311	97.350	566	0	1	2	567	383	933	0.0	963
Ga0374718_36_185_751	CP000239.1:2101215-2101767|CDS|CYA_2081	97.002	567	2	1	1	567	1	552	0.0	956
Ga0374718_36_185_751	CP000239.1:34936-35488|CDS|CYA_0038	96.649	567	4	1	1	567	1	552	0.0	947
Ga0374718_36_185_751	CP000239.1:2863003-2863513|CDS|CYA_2846	99.216	510	4	0	58	567	1	510	0.0	902
Ga0374718_36_733_1131	CP000239.1:34556-34955|CDS|CYA_0037	99.749	399	1	0	1	399	1	399	0.0	716
Ga0374718_36_733_1131	CP000239.1:2728529-2728928|CDS|CYA_2709	99.248	399	3	0	1	399	1	399	0.0	707
Ga0374718_36_733_1131	CP000239.1:2101748-2102147|CDS|CYA_2082	99.248	399	3	0	1	399	1	399	0.0	707
Ga0374718_36_733_1131	CP000239.1:1367794-1368193|CDS|CYA_1358	99.248	399	3	0	1	399	1	399	0.0	707
Ga0374718_36_733_1131	CP000239.1:1152553-1152952|CDS|CYA_1126	99.248	399	3	0	1	399	1	399	0.0	707
Ga0374718_36_733_1131	CP000239.1:1013062-1013461|CDS|CYA_0999	99.248	399	3	0	1	399	1	399	0.0	707
Ga0374718_36_733_1131	CP000239.1:1290362-1291310|CDS|CYA_1279	99.250	400	2	1	1	399	1	400	0.0	705
Ga0374718_36_733_1131	CP000239.1:1663935-1664334|CDS|CYA_1661	98.997	399	4	0	1	399	1	399	0.0	702
Ga0374718_36_733_1131	CP000239.1:1300762-1301161|CDS|CYA_1291	98.997	399	4	0	1	399	1	399	0.0	702
Ga0374718_36_733_1131	CP000239.1:1612111-1613059|CDS|CYA_1604	99.000	400	3	1	1	399	1	400	0.0	700
Ga0374718_36_733_1131	CP000239.1:1321049-1321982|CDS|CYA_1311	99.000	400	3	1	1	399	1	400	0.0	700
Ga0374718_36_733_1131	CP000239.1:51699-52647|CDS|CYA_0053	99.000	400	3	1	1	399	1	400	0.0	700
Ga0374718_36_733_1131	CP000239.1:2862566-2862965|CDS|CYA_2845	98.747	399	5	0	1	399	1	399	0.0	698
Ga0374718_36_733_1131	CP000239.1:2740042-2740447|CDS|CYA_2722	98.747	399	4	1	1	399	1	398	0.0	694
Ga0374718_36_733_1131	CP000239.1:2026942-2027347|CDS|CYA_2010	98.747	399	4	1	1	399	1	398	0.0	694
Ga0374718_36_733_1131	CP000239.1:2654240-2654639|CDS|CYA_2639	98.496	399	6	0	1	399	1	399	0.0	693
Ga0374718_36_1911_2942	CP000239.1:641897-642929|CDS|CYA_0630	99.903	1032	1	0	1	1032	1	1032	0.0	1857
Ga0374718_36_1911_2942	CP000240.1:63175-64207|CDS|CYB_0050	86.888	1022	134	0	1	1022	1	1022	0.0	1240
Ga0374718_38_7_330	CP000240.1:2275712-2277212|CDS|CYB_2173	80.609	361	22	2	1	313	721	1081	6.09e-106	379
Ga0374718_38_7_330	CP000239.1:2693305-2694793|CDS|CYA_2678	70.554	343	59	2	1	304	721	1060	3.38e-52	202
Ga0374718_38_324_1040	CP000240.1:2273703-2274516|CDS|CYB_2170	98.047	717	14	0	1	717	97	813	0.0	1231
Ga0374718_38_324_1040	CP000239.1:2691229-2692081|CDS|CYA_2675	86.827	706	93	0	1	706	106	811	0.0	855
Ga0374718_38_1363_2085	CP000240.1:2272658-2273516|CDS|CYB_2169	96.680	723	24	0	1	723	136	858	0.0	1196
Ga0374718_38_1363_2085	CP000239.1:2690261-2691098|CDS|CYA_2674	88.227	722	73	1	2	723	128	837	0.0	926
Ga0374718_39_186_902	CP000239.1:2548506-2549280|CDS|CYA_2530	98.054	668	13	0	1	668	79	746	0.0	1147
Ga0374718_39_186_902	CP000240.1:163677-164529|CDS|CYB_0146	83.066	685	112	2	36	717	141	824	0.0	708
Ga0374718_40_3_245	CP000240.1:2271678-2272701|CDS|CYB_2168	96.296	243	9	0	1	243	781	1023	1.66e-111	398
Ga0374718_40_3_245	CP000239.1:2689278-2690304|CDS|CYA_2673	78.189	243	29	2	1	243	808	1026	1.36e-55	213
Ga0374718_40_262_1845	CP000240.1:2270082-2271666|CDS|CYB_2167	97.159	1584	45	0	1	1584	1	1584	0.0	2654
Ga0374718_40_262_1845	CP000239.1:2687652-2689266|CDS|CYA_2672	84.132	1607	225	6	1	1577	1	1607	0.0	1749
Ga0374718_41_104_1681	CP000240.1:2828629-2830276|CDS|CYB_2733	98.606	1578	22	0	1	1578	70	1647	0.0	2747
Ga0374718_41_104_1681	CP000239.1:2057849-2059484|CDS|CYA_2038	85.292	1523	221	2	4	1526	61	1580	0.0	1731
Ga0374718_41_1678_2277	CP000240.1:2827532-2828633|CDS|CYB_2734	97.333	600	16	0	1	600	502	1101	0.0	1011
Ga0374718_41_1678_2277	CP000239.1:2056744-2057839|CDS|CYA_2037	89.167	600	65	0	1	600	496	1095	0.0	790
Ga0374718_42_788_1375	CP000239.1:2584939-2585527|CDS|CYA_2562	100.000	588	0	0	1	588	1	588	0.0	1061
Ga0374718_42_788_1375	CP000240.1:837678-838269|CDS|CYB_0809	79.695	591	117	2	1	588	1	591	1.80e-147	519
Ga0374718_42_1384_2247	CP000239.1:2585535-2587392|CDS|CYA_2563	99.884	864	1	0	1	864	994	1857	0.0	1554
Ga0374718_42_1384_2247	CP000240.1:835785-837645|CDS|CYB_0808	88.235	850	100	0	13	862	1009	1858	0.0	1083
