Ga0374828_01_2_157	CP000239.1:88001-88187|CDS|CYA_0090	100.000	156	0	0	1	156	31	186	5.60e-77	282
Ga0374828_01_2_157	CP000240.1:2156366-2156552|CDS|CYB_2057	94.872	156	8	0	1	156	31	186	4.03e-66	246
Ga0374828_01_432_950	CP000239.1:87208-87829|CDS|CYA_0089	100.000	519	0	0	1	519	103	621	0.0	937
Ga0374828_01_432_950	CP000240.1:2155497-2156064|CDS|CYB_2056	85.870	460	65	0	48	507	96	555	5.89e-153	537
Ga0374828_01_1151_1984	CP000239.1:86174-87005|CDS|CYA_0087	99.759	831	2	0	4	834	1	831	0.0	1490
Ga0374828_01_1151_1984	CP000240.1:2154432-2155266|CDS|CYB_2055	84.915	822	122	2	1	821	1	821	0.0	917
Ga0374828_01_1981_3459	CP000239.1:84591-86178|CDS|CYA_0088	99.932	1479	1	0	1	1479	109	1587	0.0	2663
Ga0374828_01_1981_3459	CP000240.1:2150251-2151814|CDS|CYB_2051	83.596	1457	231	3	1	1450	55	1510	0.0	1544
Ga0374828_01_3564_4001	CP000239.1:84184-84595|CDS|CYA_0086	99.757	411	1	0	28	438	1	411	0.0	737
Ga0374828_01_3564_4001	CP000240.1:2149724-2150195|CDS|CYB_2050	81.378	392	68	3	42	432	84	471	1.51e-102	370
Ga0374828_01_4122_4307	CP000239.1:83851-84037|CDS|CYA_0085	100.000	186	0	0	1	186	1	186	3.52e-93	336
Ga0374828_01_4122_4307	CP000240.1:2149331-2149643|CDS|CYB_2048	87.838	148	15	3	1	148	1	145	7.28e-45	176
Ga0374828_01_4122_4307	CP000240.1:2149241-2149673|CDS|CYB_2049	87.838	148	15	3	1	148	402	258	7.28e-45	176
Ga0374828_01_4467_5177	CP000239.1:82981-83692|CDS|CYA_0084	98.590	709	10	0	1	709	1	709	0.0	1234
Ga0374828_01_4467_5177	CP000240.1:2148515-2149226|CDS|CYB_2047	89.189	703	76	0	7	709	7	709	0.0	926
Ga0374828_01_5245_5823	CP000239.1:82002-82824|CDS|CYA_0083	89.897	584	53	1	1	578	238	821	0.0	789
Ga0374828_01_5245_5823	CP000240.1:2147547-2148366|CDS|CYB_2046	81.557	591	92	8	1	578	232	818	2.46e-158	554
Ga0374828_01_6368_7234	CP000239.1:80828-81851|CDS|CYA_0081	99.308	867	6	0	1	867	157	1023	0.0	1537
Ga0374828_01_6368_7234	CP000240.1:2146322-2147387|CDS|CYB_2044	79.739	918	135	1	1	867	148	1065	0.0	859
Ga0374828_01_7158_8951	CP000239.1:79111-80905|CDS|CYA_0082	98.885	1794	20	0	1	1794	1	1794	0.0	3146
Ga0374828_01_7158_8951	CP000240.1:2144572-2146399|CDS|CYB_2045	81.722	1800	288	13	25	1790	31	1823	0.0	1742
Ga0374828_01_9264_9506	CP000239.1:78556-79003|CDS|CYA_0080	100.000	243	0	0	1	243	205	447	5.41e-124	439
Ga0374828_01_9264_9506	CP000240.1:2143236-2143479|CDS|CYB_2042	91.770	243	20	0	1	243	1	243	7.53e-97	349
Ga0374828_01_9614_9808	CP000239.1:77912-78449|CDS|CYA_0079	98.974	195	1	1	1	195	344	537	3.05e-94	340
Ga0374828_01_9614_9808	CP000240.1:2142771-2143104|CDS|CYB_2041	80.829	193	30	3	6	195	145	333	2.68e-44	175
Ga0374828_01_9771_10151	CP000239.1:77912-78449|CDS|CYA_0079	99.475	381	2	0	1	381	1	381	0.0	679
Ga0374828_01_10505_10726	CP000239.1:77337-77559|CDS|CYA_0078	100.000	222	0	0	1	222	1	222	1.23e-112	401
Ga0374828_01_10505_10726	CP000240.1:2142258-2142483|CDS|CYB_2040	84.932	219	31	2	4	221	7	224	8.88e-64	240
Ga0374828_01_10824_12161	CP000239.1:75902-77240|CDS|CYA_0077	100.000	1338	0	0	1	1338	1	1338	0.0	2414
Ga0374828_01_10824_12161	CP000240.1:2140818-2142156|CDS|CYB_2039	83.433	1334	219	2	1	1333	1	1333	0.0	1403
Ga0374828_01_12732_14666	CP000239.1:73397-75167|CDS|CYA_0076	99.831	1770	3	0	166	1935	1	1770	0.0	3179
Ga0374828_01_12732_14666	CP000240.1:1837180-1839013|CDS|CYB_1754	88.373	1832	211	2	103	1933	1	1831	0.0	2337
Ga0374828_01_14705_15700	CP000239.1:72363-73359|CDS|CYA_0075	99.900	996	1	0	1	996	1	996	0.0	1792
Ga0374828_01_14705_15700	CP000240.1:1839899-1840901|CDS|CYB_1757	87.171	951	113	2	1	951	1	942	0.0	1165
Ga0374828_01_15697_17043	CP000239.1:71020-72367|CDS|CYA_0074	99.926	1347	1	0	1	1347	1	1347	0.0	2425
Ga0374828_01_15697_17043	CP000240.1:1840897-1842244|CDS|CYB_1758	88.716	1347	152	0	1	1347	1	1347	0.0	1745
Ga0374828_01_17437_18249	CP000239.1:69814-70660|CDS|CYA_0073	100.000	813	0	0	1	813	34	846	0.0	1467
Ga0374828_01_17437_18249	CP000240.1:1843775-1844789|CDS|CYB_1760	85.153	815	118	1	2	813	200	1014	0.0	923
Ga0374828_01_18256_19332	CP000239.1:68587-69808|CDS|CYA_0072	99.814	1077	2	0	1	1077	145	1221	0.0	1934
Ga0374828_01_18256_19332	CP000240.1:1844796-1846017|CDS|CYB_1761	89.944	1064	107	0	1	1064	145	1208	0.0	1437
Ga0374828_01_20412_21302	CP000239.1:66761-67652|CDS|CYA_0070	100.000	891	0	0	1	891	1	891	0.0	1608
Ga0374828_01_21342_21902	CP000239.1:66080-66722|CDS|CYA_0069	100.000	561	0	0	1	561	82	642	0.0	1012
Ga0374828_01_21342_21902	CP000240.1:1211145-1211790|CDS|CYB_1173	86.879	564	71	1	1	561	82	645	0.0	682
Ga0374828_01_22474_22899	CP000239.1:63305-63791|CDS|CYA_0066	100.000	426	0	0	1	426	61	486	0.0	769
Ga0374828_01_22948_23691	CP000239.1:62513-63257|CDS|CYA_0065	99.866	744	1	0	1	744	1	744	0.0	1338
Ga0374828_01_22948_23691	CP000240.1:1212760-1213504|CDS|CYB_1175	85.618	744	107	0	1	744	1	744	0.0	860
Ga0374828_01_23709_24491	CP000239.1:61713-62496|CDS|CYA_0064	98.978	783	8	0	1	783	1	783	0.0	1377
Ga0374828_01_23709_24491	CP000240.1:1213521-1214304|CDS|CYB_1176	86.845	783	103	0	1	783	1	783	0.0	948
Ga0374828_01_24833_25546	CP000240.1:1214558-1215359|CDS|CYB_1177	96.218	714	27	0	1	714	88	801	0.0	1167
Ga0374828_01_24833_25546	CP000239.1:60602-61409|CDS|CYA_0062	86.835	714	94	0	1	714	94	807	0.0	865
Ga0374828_01_25737_26426	CP000240.1:1215657-1216239|CDS|CYB_1178	96.913	583	16	2	109	690	1	582	0.0	964
Ga0374828_01_25737_26426	CP000239.1:59791-60373|CDS|CYA_0061	87.629	582	72	0	109	690	1	582	0.0	726
Ga0374828_01_26423_27166	CP000239.1:59051-59795|CDS|CYA_0060	100.000	744	0	0	1	744	1	744	0.0	1342
Ga0374828_01_26423_27166	CP000240.1:1216235-1216991|CDS|CYB_1179	82.275	756	122	3	1	744	1	756	0.0	757
Ga0374828_01_27398_27619	CP000239.1:58598-58820|CDS|CYA_0059	100.000	222	0	0	1	222	1	222	1.23e-112	401
Ga0374828_01_27398_27619	CP000240.1:1217124-1217346|CDS|CYB_1180	85.586	222	32	0	1	222	1	222	3.31e-69	257
Ga0374828_01_27650_28462	CP000239.1:57734-58562|CDS|CYA_0058	98.030	812	16	0	1	812	1	812	0.0	1393
Ga0374828_01_27650_28462	CP000240.1:1217386-1218214|CDS|CYB_1181	84.360	812	127	0	1	812	1	812	0.0	893
Ga0374828_01_28473_28748	CP000239.1:57449-57725|CDS|CYA_0056	98.188	276	5	0	1	276	1	276	8.65e-135	476
Ga0374828_01_28473_28748	CP000240.1:1218223-1218484|CDS|CYB_1182	81.081	259	49	0	2	260	2	260	7.61e-66	247
Ga0374828_01_28734_32219	CP000239.1:53978-57464|CDS|CYA_0057	99.828	3486	6	0	1	3486	1	3486	0.0	6260
Ga0374828_01_28734_32219	CP000240.1:1218521-1222019|CDS|CYB_1183	86.482	3499	459	3	1	3486	1	3498	0.0	4177
Ga0374828_02_28_309	CP000239.1:584809-585091|CDS|CYA_0570	100.000	282	0	0	1	282	1	282	4.29e-145	509
Ga0374828_02_28_309	CP000240.1:1375773-1376055|CDS|CYB_1311	91.103	281	25	0	1	281	1	281	2.38e-110	395
Ga0374828_02_590_2416	CP000239.1:582702-584529|CDS|CYA_0569	100.000	1827	0	0	1	1827	1	1827	0.0	3296
Ga0374828_02_590_2416	CP000240.1:1373767-1375492|CDS|CYB_1310	85.607	1723	248	0	105	1827	3	1725	0.0	1990
Ga0374828_02_2464_3354	CP000239.1:581830-582655|CDS|CYA_0568	100.000	825	0	0	67	891	1	825	0.0	1489
Ga0374828_02_2464_3354	CP000240.1:1372686-1373607|CDS|CYB_1309	84.700	817	121	2	54	868	84	898	0.0	905
Ga0374828_02_3577_3948	CP000239.1:581170-581542|CDS|CYA_0567	99.194	372	3	0	1	372	1	372	0.0	658
Ga0374828_02_3577_3948	CP000240.1:1371846-1372218|CDS|CYB_1308	83.871	372	60	0	1	372	1	372	2.15e-112	401
Ga0374828_02_3938_5605	CP000239.1:579513-581181|CDS|CYA_0566	99.940	1668	1	0	1	1668	1	1668	0.0	3004
Ga0374828_02_3938_5605	CP000240.1:1370138-1371857|CDS|CYB_1307	88.665	1588	180	0	29	1616	29	1616	0.0	2053
Ga0374828_02_5705_6397	CP000239.1:578721-579414|CDS|CYA_0565	100.000	693	0	0	1	693	1	693	0.0	1251
Ga0374828_02_5705_6397	CP000240.1:1369404-1370121|CDS|CYB_1306	75.278	720	141	9	1	693	1	710	1.04e-138	489
Ga0374828_02_6426_6962	CP000239.1:578156-578693|CDS|CYA_0564	100.000	537	0	0	1	537	1	537	0.0	969
Ga0374828_02_7051_9135	CP000239.1:575989-578068|CDS|CYA_0563	99.758	2068	5	0	1	2068	1	2068	0.0	3708
Ga0374828_02_9660_10079	CP000239.1:575342-575762|CDS|CYA_0562	100.000	420	0	0	1	420	1	420	0.0	758
Ga0374828_02_9660_10079	CP000240.1:2463158-2463617|CDS|CYB_2357	86.618	411	55	0	1	411	1	411	5.04e-140	494
Ga0374828_02_10205_13033	CP000239.1:572481-575142|CDS|CYA_0561	99.960	2524	1	0	76	2599	1	2524	0.0	4548
Ga0374828_02_10205_13033	CP000240.1:2463812-2466614|CDS|CYB_2358	89.064	2533	265	5	76	2599	1	2530	0.0	3308
Ga0374828_02_13443_13793	CP000240.1:2470004-2470361|CDS|CYB_2362	84.840	343	52	0	1	343	1	343	1.55e-107	385
Ga0374828_02_13443_13793	CP000239.1:572077-572428|CDS|CYA_0560	83.140	344	58	0	1	344	1	344	6.19e-100	360
Ga0374828_02_13833_14135	CP000239.1:571432-571714|CDS|CYA_0559	100.000	264	0	0	1	264	1	264	2.74e-135	477
Ga0374828_02_13833_14135	CP000240.1:2470405-2470696|CDS|CYB_2363	77.444	266	51	3	1	266	1	257	2.58e-53	205
Ga0374828_02_14144_14485	CP000239.1:571082-571424|CDS|CYA_0558	99.708	342	1	0	1	342	1	342	6.02e-176	613
Ga0374828_02_14144_14485	CP000240.1:2470725-2471067|CDS|CYB_2364	88.304	342	40	0	1	342	1	342	2.74e-123	437
Ga0374828_02_14708_15472	CP000239.1:570095-570899|CDS|CYA_0556	99.739	765	2	0	1	765	40	804	0.0	1371
Ga0374828_02_14708_15472	CP000240.1:2948745-2949525|CDS|CYB_2852	84.211	760	108	2	3	762	18	765	0.0	832
Ga0374828_02_15841_16188	CP000239.1:569379-569727|CDS|CYA_0555	99.713	348	1	0	1	348	1	348	3.39e-179	624
Ga0374828_02_15841_16188	CP000240.1:793827-794172|CDS|CYB_0771	69.714	350	91	2	1	344	1	341	3.89e-39	159
Ga0374828_02_16781_18481	CP000239.1:567086-569000|CDS|CYA_0554	99.765	1701	4	0	1	1701	214	1914	0.0	3050
Ga0374828_02_16781_18481	CP000240.1:791708-793724|CDS|CYB_0770	87.662	1702	206	2	1	1700	316	2015	0.0	2118
Ga0374828_02_18633_18914	CP000239.1:566653-567022|CDS|CYA_0552	99.645	282	1	0	1	282	88	369	1.82e-143	505
Ga0374828_02_18633_18914	CP000240.1:791274-791643|CDS|CYB_0768	91.459	281	24	0	2	282	89	369	5.59e-112	399
Ga0374828_02_18911_19993	CP000239.1:565574-566657|CDS|CYA_0553	100.000	1083	0	0	1	1083	1	1083	0.0	1954
Ga0374828_02_18911_19993	CP000240.1:790195-791278|CDS|CYB_0769	89.012	1083	119	0	1	1083	1	1083	0.0	1417
Ga0374828_02_20171_20458	CP000239.1:565109-565394|CDS|CYA_0551	100.000	285	0	0	4	288	1	285	1.03e-146	515
Ga0374828_02_20171_20458	CP000240.1:789734-790004|CDS|CYB_0767	78.509	228	47	2	20	246	2	228	7.97e-47	184
Ga0374828_02_20516_21010	CP000239.1:562721-563216|CDS|CYA_0548	100.000	495	0	0	1	495	1	495	0.0	893
Ga0374828_02_20516_21010	CP000240.1:789171-789684|CDS|CYB_0766	86.089	496	67	2	1	495	19	513	6.39e-165	577
Ga0374828_02_21132_22448	CP000239.1:561283-562600|CDS|CYA_0547	99.924	1317	1	0	1	1317	1	1317	0.0	2371
Ga0374828_02_21132_22448	CP000240.1:2366010-2367327|CDS|CYB_2262	86.698	1293	172	0	1	1293	1	1293	0.0	1557
Ga0374828_02_22486_24594	CP000239.1:559137-561246|CDS|CYA_0546	99.905	2109	2	0	1	2109	1	2109	0.0	3795
Ga0374828_02_22486_24594	CP000240.1:2363787-2365941|CDS|CYB_2261	82.591	2154	323	8	1	2107	1	2149	0.0	2205
Ga0374828_02_24605_26422	CP000239.1:557309-559127|CDS|CYA_0545	93.429	1811	119	0	8	1818	8	1818	0.0	2730
Ga0374828_02_24605_26422	CP000240.1:2361939-2363757|CDS|CYB_2260	86.195	1811	250	0	8	1818	8	1818	0.0	2140
Ga0374828_02_26547_26654	CP000240.1:2361657-2361765|CDS|CYB_2259	87.736	106	13	0	1	106	1	106	4.11e-32	133
Ga0374828_02_26547_26654	CP000239.1:557018-557126|CDS|CYA_0544	86.792	106	14	0	1	106	1	106	5.01e-31	129
Ga0374828_02_26738_28033	CP000239.1:555610-556906|CDS|CYA_0543	96.991	1296	39	0	1	1296	1	1296	0.0	2162
Ga0374828_02_26738_28033	CP000240.1:2360254-2361550|CDS|CYB_2258	89.275	1296	139	0	1	1296	1	1296	0.0	1711
Ga0374828_02_28352_28876	CP000239.1:554248-555292|CDS|CYA_0542	99.810	525	1	0	1	525	520	1044	0.0	943
Ga0374828_02_28352_28876	CP000240.1:2358883-2359927|CDS|CYB_2257	88.719	523	59	0	1	523	520	1042	0.0	678
Ga0374828_03_346_900	CP000239.1:2122668-2123367|CDS|CYA_2107	99.820	555	1	0	1	555	145	699	0.0	997
Ga0374828_03_346_900	CP000240.1:2753885-2754590|CDS|CYB_2667	80.727	550	106	0	2	551	146	695	2.07e-146	515
Ga0374828_03_897_2108	CP000239.1:2123363-2125556|CDS|CYA_2106	99.917	1212	1	0	1	1212	982	2193	0.0	2182
Ga0374828_03_897_2108	CP000240.1:2754665-2756882|CDS|CYB_2668	85.751	1179	168	0	1	1179	982	2160	0.0	1370
Ga0374828_03_2086_3051	CP000239.1:2123363-2125556|CDS|CYA_2106	95.219	1004	10	1	1	966	1	1004	0.0	1634
Ga0374828_03_2086_3051	CP000240.1:2754665-2756882|CDS|CYB_2668	78.054	1007	177	4	1	966	1	1004	0.0	851
Ga0374828_03_3106_3267	CP000239.1:2125624-2125777|CDS|CYA_2108	99.342	152	1	0	1	152	1	152	3.69e-73	270
Ga0374828_03_3528_4505	CP000239.1:2125968-2127015|CDS|CYA_2109	97.648	978	23	0	1	978	70	1047	0.0	1661
Ga0374828_03_3528_4505	CP000240.1:2757303-2758350|CDS|CYB_2669	90.647	973	91	0	6	978	75	1047	0.0	1345
Ga0374828_03_6062_7771	CP000239.1:2127640-2129362|CDS|CYA_2111	98.480	1710	26	0	1	1710	13	1722	0.0	2967
Ga0374828_03_6062_7771	CP000240.1:2758982-2760683|CDS|CYB_2671	85.603	1674	241	0	1	1674	13	1686	0.0	1933
Ga0374828_03_7887_8831	CP000239.1:2129477-2130422|CDS|CYA_2112	99.788	945	2	0	1	945	1	945	0.0	1696
Ga0374828_03_7887_8831	CP000240.1:2760688-2761633|CDS|CYB_2672	85.275	944	139	0	1	944	1	944	0.0	1076
Ga0374828_03_8877_10397	CP000239.1:2130467-2131988|CDS|CYA_2113	99.803	1521	3	0	1	1521	1	1521	0.0	2730
Ga0374828_03_8877_10397	CP000240.1:2761694-2763215|CDS|CYB_2673	88.823	1521	170	0	1	1521	1	1521	0.0	1977
Ga0374828_03_10457_11005	CP000239.1:2132047-2132596|CDS|CYA_2114	100.000	549	0	0	1	549	1	549	0.0	991
Ga0374828_03_10457_11005	CP000240.1:2763259-2763808|CDS|CYB_2674	81.387	548	102	0	1	548	1	548	9.28e-151	529
Ga0374828_03_11022_11582	CP000239.1:2132612-2133155|CDS|CYA_2115	100.000	543	0	0	19	561	1	543	0.0	980
Ga0374828_03_11022_11582	CP000240.1:2763828-2764392|CDS|CYB_2675	78.483	567	111	4	1	560	1	563	3.32e-131	465
Ga0374828_03_11618_12091	CP000239.1:2133208-2133682|CDS|CYA_2116	99.789	474	1	0	1	474	1	474	0.0	851
Ga0374828_03_11618_12091	CP000240.1:2764427-2764901|CDS|CYB_2676	83.298	473	79	0	1	473	1	473	4.70e-141	498
Ga0374828_03_12186_12431	CP000239.1:2133776-2134022|CDS|CYA_2117	100.000	246	0	0	1	246	1	246	1.29e-125	444
Ga0374828_03_12186_12431	CP000240.1:2764995-2765241|CDS|CYB_2677	90.083	242	24	0	1	242	1	242	7.15e-91	329
Ga0374828_03_12661_13413	CP000239.1:2134251-2134998|CDS|CYA_2119	100.000	747	0	0	7	753	1	747	0.0	1348
Ga0374828_03_12661_13413	CP000240.1:2765469-2766216|CDS|CYB_2679	90.228	747	73	0	7	753	1	747	0.0	1019
Ga0374828_03_13413_13826	CP000239.1:2135003-2135384|CDS|CYA_2120	100.000	381	0	0	34	414	1	381	0.0	688
Ga0374828_03_13413_13826	CP000240.1:2766221-2766614|CDS|CYB_2680	87.328	363	43	1	55	414	31	393	6.46e-126	446
Ga0374828_03_14310_14894	CP000239.1:2135900-2136488|CDS|CYA_2121	92.998	557	39	0	1	557	1	557	0.0	829
Ga0374828_03_14310_14894	CP000240.1:2767422-2768010|CDS|CYB_2682	83.831	569	92	0	12	580	12	580	1.06e-175	612
Ga0374828_03_14891_15205	CP000239.1:2136484-2136799|CDS|CYA_2122	88.498	313	36	0	1	313	1	313	5.17e-113	403
Ga0374828_03_14891_15205	CP000240.1:2768006-2768321|CDS|CYB_2683	80.831	313	60	0	1	313	1	313	1.93e-80	295
Ga0374828_03_15219_16811	CP000239.1:2136812-2138405|CDS|CYA_2123	99.120	1591	14	0	1	1591	1	1591	0.0	2807
Ga0374828_03_15219_16811	CP000240.1:2768335-2769928|CDS|CYB_2684	86.973	1589	207	0	1	1589	1	1589	0.0	1933
Ga0374828_03_17019_17543	CP000239.1:2138612-2139137|CDS|CYA_2124	99.810	525	1	0	1	525	1	525	0.0	943
Ga0374828_03_17019_17543	CP000240.1:2770143-2770662|CDS|CYB_2685	87.984	516	62	0	1	516	1	516	0.0	652
Ga0374828_03_17586_18086	CP000239.1:2139179-2139680|CDS|CYA_2125	100.000	501	0	0	1	501	1	501	0.0	904
Ga0374828_03_17586_18086	CP000240.1:2770701-2771202|CDS|CYB_2686	89.379	499	53	0	1	499	1	499	0.0	662
Ga0374828_03_18205_19584	CP000239.1:2139798-2141178|CDS|CYA_2126	97.246	1380	38	0	1	1380	1	1380	0.0	2318
Ga0374828_03_18205_19584	CP000240.1:2771312-2772692|CDS|CYB_2687	86.812	1380	182	0	1	1380	1	1380	0.0	1669
Ga0374828_03_19774_22374	CP000239.1:2141367-2143968|CDS|CYA_2127	97.463	2601	66	0	1	2601	1	2601	0.0	4394
Ga0374828_03_19774_22374	CP000240.1:2772842-2775443|CDS|CYB_2688	87.986	2597	312	0	1	2597	1	2597	0.0	3278
Ga0374828_04_188_577	CP000239.1:599456-600041|CDS|CYA_0588	99.744	390	1	0	1	390	196	585	0.0	700
Ga0374828_04_188_577	CP000240.1:81870-82455|CDS|CYB_0070	89.645	338	35	0	1	338	196	533	1.43e-127	453
Ga0374828_04_612_1811	CP000239.1:600075-601260|CDS|CYA_0589	92.716	1167	85	0	1	1167	1	1167	0.0	1722
Ga0374828_04_612_1811	CP000240.1:82504-83689|CDS|CYB_0071	83.534	1160	185	2	11	1167	11	1167	0.0	1228
Ga0374828_04_1981_2769	CP000239.1:601420-602164|CDS|CYA_0590	96.640	744	25	0	46	789	1	744	0.0	1230
Ga0374828_04_1981_2769	CP000240.1:83849-84548|CDS|CYB_0072	82.392	744	86	1	46	789	1	699	0.0	788
Ga0374828_04_3014_4327	CP000239.1:602407-603721|CDS|CYA_0591	99.924	1314	1	0	1	1314	1	1314	0.0	2366
Ga0374828_04_3014_4327	CP000240.1:84795-86109|CDS|CYB_0073	88.356	1314	153	0	1	1314	1	1314	0.0	1681
Ga0374828_04_4491_5201	CP000239.1:603884-604595|CDS|CYA_0592	99.859	711	1	0	1	711	1	711	0.0	1278
Ga0374828_04_4491_5201	CP000240.1:2582596-2583430|CDS|CYB_2486	85.487	565	82	0	5	569	110	674	0.0	650
Ga0374828_04_5343_5603	CP000239.1:604691-604997|CDS|CYA_0593	100.000	261	0	0	1	261	46	306	9.91e-134	471
Ga0374828_04_5343_5603	CP000240.1:2583458-2583764|CDS|CYB_2487	90.038	261	26	0	1	261	46	306	1.92e-98	354
Ga0374828_04_5628_6818	CP000239.1:605021-606212|CDS|CYA_0594	99.916	1191	1	0	1	1191	1	1191	0.0	2144
Ga0374828_04_5628_6818	CP000240.1:2583791-2584970|CDS|CYB_2488	85.500	1131	164	0	1	1131	1	1131	0.0	1301
Ga0374828_04_7331_8101	CP000239.1:608381-609281|CDS|CYA_0597	99.092	771	7	0	1	771	130	900	0.0	1360
Ga0374828_04_7331_8101	CP000240.1:2585420-2586302|CDS|CYB_2489	87.256	769	95	1	1	769	115	880	0.0	944
Ga0374828_04_8310_9056	CP000239.1:609476-610247|CDS|CYA_0598	92.558	739	49	1	1	733	1	739	0.0	1086
Ga0374828_04_8310_9056	CP000240.1:38531-39323|CDS|CYB_0030	79.215	688	135	3	1	681	1	687	4.44e-169	590
Ga0374828_04_9261_9746	CP000239.1:617289-617655|CDS|CYA_0609	97.541	366	9	0	121	486	1	366	5.87e-178	620
Ga0374828_04_9261_9746	CP000240.1:39537-40023|CDS|CYB_0031	87.243	486	62	0	1	486	1	486	1.92e-171	598
Ga0374828_04_10186_11334	CP000239.1:618094-619252|CDS|CYA_0610	95.986	1146	46	0	1	1146	1	1146	0.0	1860
Ga0374828_04_10186_11334	CP000240.1:40888-41899|CDS|CYB_0033	94.752	1010	53	0	140	1149	2	1011	0.0	1583
Ga0374828_04_11527_13080	CP000239.1:619712-621260|CDS|CYA_0612	97.914	1534	32	0	1	1534	1	1534	0.0	2623
Ga0374828_04_11527_13080	CP000240.1:42091-43639|CDS|CYB_0034	97.588	1534	37	0	1	1534	1	1534	0.0	2600
Ga0374828_04_13230_14435	CP000239.1:621321-622644|CDS|CYA_0613	97.347	1206	32	0	1	1206	118	1323	0.0	2031
Ga0374828_04_13230_14435	CP000240.1:43700-45023|CDS|CYB_0035	96.766	1206	39	0	1	1206	118	1323	0.0	2000
Ga0374828_04_14581_15540	CP000240.1:45168-46128|CDS|CYB_0036	98.854	960	11	0	1	960	1	960	0.0	1682
Ga0374828_04_14581_15540	CP000239.1:622777-623737|CDS|CYA_0614	97.083	960	28	0	1	960	1	960	0.0	1606
Ga0374828_04_15613_17604	CP000240.1:46200-48192|CDS|CYB_0037	97.390	1992	52	0	1	1992	1	1992	0.0	3359
Ga0374828_04_15613_17604	CP000239.1:623809-625801|CDS|CYA_0615	96.637	1992	67	0	1	1992	1	1992	0.0	3291
Ga0374828_04_17640_18485	CP000240.1:48230-49073|CDS|CYB_0038	98.577	843	12	0	4	846	1	843	0.0	1467
Ga0374828_04_17640_18485	CP000239.1:625839-626682|CDS|CYA_0616	97.265	841	23	0	4	844	1	841	0.0	1414
Ga0374828_04_18503_19099	CP000240.1:49090-49687|CDS|CYB_0039	93.613	595	38	0	1	595	1	595	0.0	902
Ga0374828_05_840_1769	CP000239.1:292937-293867|CDS|CYA_0285	97.742	930	21	0	1	930	1	930	0.0	1583
Ga0374828_05_840_1769	CP000240.1:1461828-1462764|CDS|CYB_1390	78.633	922	177	5	1	909	1	915	0.0	771
Ga0374828_05_1920_3323	CP000239.1:294017-295421|CDS|CYA_0286	99.430	1404	8	0	1	1404	1	1404	0.0	2497
Ga0374828_05_1920_3323	CP000240.1:344053-345457|CDS|CYB_0327	88.026	1403	168	0	1	1403	1	1403	0.0	1773
Ga0374828_05_3385_4197	CP000239.1:295482-296295|CDS|CYA_0287	100.000	813	0	0	1	813	1	813	0.0	1467
Ga0374828_05_3385_4197	CP000240.1:2931710-2932577|CDS|CYB_2833	83.666	802	131	0	2	803	38	839	0.0	856
Ga0374828_05_4430_4630	CP000239.1:296527-296728|CDS|CYA_0288	100.000	201	0	0	1	201	1	201	2.77e-101	363
Ga0374828_05_4430_4630	CP000240.1:2931330-2931537|CDS|CYB_2832	74.874	199	50	0	1	199	1	199	2.43e-32	134
Ga0374828_05_4700_5017	CP000239.1:296797-297106|CDS|CYA_0289	99.676	309	1	0	10	318	1	309	4.57e-158	554
Ga0374828_05_4700_5017	CP000240.1:2930484-2930802|CDS|CYB_2831	81.646	316	58	0	1	316	1	316	8.86e-85	309
Ga0374828_05_5017_5274	CP000239.1:297114-297372|CDS|CYA_0290	100.000	258	0	0	1	258	1	258	4.16e-132	466
Ga0374828_05_5017_5274	CP000240.1:2930227-2930485|CDS|CYB_2830	79.457	258	53	0	1	258	1	258	6.62e-60	227
Ga0374828_05_5321_6040	CP000239.1:297418-298483|CDS|CYA_0291	100.000	720	0	0	1	720	346	1065	0.0	1299
Ga0374828_05_5321_6040	CP000240.1:2929068-2930205|CDS|CYB_2829	83.287	724	107	1	11	720	389	1112	0.0	769
Ga0374828_05_6083_6355	CP000239.1:297418-298483|CDS|CYA_0291	100.000	273	0	0	1	273	303	31	3.18e-140	493
Ga0374828_05_6418_6849	CP000239.1:298515-298947|CDS|CYA_0292	100.000	432	0	0	1	432	1	432	0.0	780
Ga0374828_05_6418_6849	CP000240.1:2928603-2929035|CDS|CYB_2828	80.510	431	84	0	1	431	1	431	8.80e-112	399
Ga0374828_05_7234_7710	CP000239.1:299331-299808|CDS|CYA_0293	99.790	477	1	0	1	477	1	477	0.0	856
Ga0374828_05_7234_7710	CP000240.1:2927709-2928189|CDS|CYB_2826	86.936	421	55	0	35	455	41	461	2.15e-145	512
Ga0374828_05_7836_7955	CP000239.1:299933-300053|CDS|CYA_0294	100.000	120	0	0	1	120	1	120	1.43e-57	217
Ga0374828_05_7836_7955	CP000240.1:2927488-2927608|CDS|CYB_2825	93.333	120	8	0	1	120	1	120	1.03e-46	181
Ga0374828_05_8015_8560	CP000239.1:300112-300658|CDS|CYA_0295	93.601	547	33	2	1	546	1	546	0.0	822
Ga0374828_05_8015_8560	CP000240.1:2926898-2927444|CDS|CYB_2824	87.203	547	68	2	1	546	1	546	0.0	664
Ga0374828_05_8727_9824	CP000239.1:300824-301925|CDS|CYA_0297	88.652	1031	117	0	11	1041	11	1041	0.0	1333
Ga0374828_05_8727_9824	CP000240.1:2925598-2926693|CDS|CYB_2822	85.958	1054	146	2	1	1053	1	1053	0.0	1227
Ga0374828_05_9785_11719	CP000239.1:301888-303820|CDS|CYA_0296	98.421	1900	30	0	1	1900	1	1900	0.0	3292
Ga0374828_05_9785_11719	CP000240.1:2923703-2925635|CDS|CYB_2823	89.366	1909	203	0	1	1909	1	1909	0.0	2528
Ga0374828_05_12141_13355	CP000239.1:304115-305456|CDS|CYA_0298	98.601	1215	17	0	1	1215	127	1341	0.0	2115
Ga0374828_05_12141_13355	CP000240.1:2921852-2923193|CDS|CYB_2820	89.300	1215	130	0	1	1215	127	1341	0.0	1606
Ga0374828_05_13496_13978	CP000239.1:305549-306074|CDS|CYA_0299	99.172	483	4	0	1	483	43	525	0.0	854
Ga0374828_05_13496_13978	CP000240.1:2921226-2921748|CDS|CYB_2819	90.698	473	41	2	14	483	50	522	0.0	649
Ga0374828_05_14015_14290	CP000239.1:306110-306386|CDS|CYA_0300	100.000	276	0	0	1	276	1	276	7.58e-142	499
Ga0374828_05_14015_14290	CP000240.1:2920914-2921190|CDS|CYB_2818	86.957	276	36	0	1	276	1	276	5.47e-93	336
Ga0374828_05_14287_14895	CP000239.1:306403-306991|CDS|CYA_0301	100.000	588	0	0	22	609	1	588	0.0	1061
Ga0374828_05_14287_14895	CP000240.1:2920309-2920888|CDS|CYB_2817	85.615	577	83	0	33	609	3	579	0.0	667
Ga0374828_05_14912_16180	CP000239.1:307007-308276|CDS|CYA_0302	100.000	1269	0	0	1	1269	1	1269	0.0	2289
Ga0374828_05_14912_16180	CP000240.1:2918610-2919879|CDS|CYB_2816	79.201	1226	177	6	106	1253	28	1253	0.0	1105
Ga0374828_05_16585_18408	CP000239.1:308635-310549|CDS|CYA_0304	87.077	1834	223	3	1	1821	46	1878	0.0	2239
Ga0374828_05_16585_18408	CP000240.1:2916338-2918288|CDS|CYB_2815	77.087	1881	353	16	3	1814	36	1907	0.0	1448
Ga0374828_05_18438_19193	CP000239.1:310545-312012|CDS|CYA_0303	96.693	756	25	0	1	756	712	1467	0.0	1251
Ga0374828_05_18438_19193	CP000240.1:828855-830316|CDS|CYB_0803	85.040	742	111	0	1	742	715	1456	0.0	838
Ga0374828_06_1163_3106	CP000239.1:2512761-2514654|CDS|CYA_2502	85.314	1893	278	0	52	1944	1	1893	0.0	2161
Ga0374828_06_1163_3106	CP000240.1:702939-704877|CDS|CYB_0687	83.909	1852	294	2	95	1944	89	1938	0.0	1992
Ga0374828_06_3244_3711	CP000239.1:2512197-2512599|CDS|CYA_2501	89.055	402	44	0	67	468	1	402	2.74e-150	527
Ga0374828_06_3244_3711	CP000240.1:705025-705457|CDS|CYB_0688	87.374	396	50	0	67	462	31	426	6.88e-139	489
Ga0374828_06_3932_5539	CP000240.1:705841-707362|CDS|CYB_0689	87.702	1488	154	4	121	1580	1	1487	0.0	1867
Ga0374828_06_3932_5539	CP000239.1:2510291-2511791|CDS|CYA_2500	85.533	1500	205	1	121	1608	1	1500	0.0	1734
Ga0374828_06_5536_6672	CP000239.1:2509158-2510295|CDS|CYA_2499	88.478	1137	131	0	1	1137	1	1137	0.0	1461
Ga0374828_06_5536_6672	CP000240.1:707358-708489|CDS|CYB_0690	85.535	1113	161	0	8	1120	8	1120	0.0	1282
Ga0374828_06_6771_7625	CP000239.1:2508230-2509130|CDS|CYA_2498	84.912	855	126	1	1	855	49	900	0.0	959
Ga0374828_06_6771_7625	CP000240.1:708583-709441|CDS|CYB_0691	83.059	791	134	0	63	853	66	856	0.0	823
Ga0374828_06_7727_8563	CP000239.1:2507292-2508129|CDS|CYA_2497	93.309	837	56	0	1	837	1	837	0.0	1258
Ga0374828_06_7727_8563	CP000240.1:709542-710385|CDS|CYB_0692	88.609	834	95	0	1	834	1	834	0.0	1076
Ga0374828_06_8578_10107	CP000239.1:2505748-2507278|CDS|CYA_2496	100.000	1530	0	0	1	1530	1	1530	0.0	2760
Ga0374828_06_8578_10107	CP000240.1:710393-711914|CDS|CYB_0693	73.836	1590	283	27	1	1528	1	1519	0.0	991
Ga0374828_06_10115_11374	CP000239.1:2504481-2505741|CDS|CYA_2495	99.683	1260	4	0	1	1260	1	1260	0.0	2255
Ga0374828_06_10115_11374	CP000240.1:711907-713206|CDS|CYB_0694	86.512	1253	169	0	1	1253	1	1253	0.0	1498
Ga0374828_06_11455_12273	CP000239.1:2503582-2504401|CDS|CYA_2494	100.000	819	0	0	1	819	1	819	0.0	1478
Ga0374828_06_11455_12273	CP000240.1:713300-714170|CDS|CYB_0695	81.562	781	107	3	1	756	34	802	0.0	780
Ga0374828_06_12243_13175	CP000239.1:2502827-2503613|CDS|CYA_2493	99.491	786	4	0	148	933	1	786	0.0	1400
Ga0374828_06_12243_13175	CP000240.1:714106-715048|CDS|CYB_0696	85.032	942	132	2	1	933	1	942	0.0	1063
Ga0374828_06_13556_14428	CP000239.1:2501427-2502273|CDS|CYA_2491	100.000	846	0	0	28	873	1	846	0.0	1526
Ga0374828_06_13556_14428	CP000240.1:715472-716333|CDS|CYB_0699	89.161	775	83	1	99	872	86	860	0.0	1016
Ga0374828_06_14435_15184	CP000239.1:2500690-2501431|CDS|CYA_2492	100.000	738	0	0	1	738	1	738	0.0	1332
Ga0374828_06_14435_15184	CP000240.1:716329-717079|CDS|CYB_0698	86.667	750	100	0	1	750	1	750	0.0	902
Ga0374828_06_15665_16450	CP000239.1:2499424-2500210|CDS|CYA_2489	100.000	786	0	0	1	786	1	786	0.0	1418
Ga0374828_06_15665_16450	CP000240.1:717482-718268|CDS|CYB_0701	85.513	780	113	0	1	780	1	780	0.0	898
Ga0374828_06_17286_17525	CP000239.1:2498349-2498589|CDS|CYA_2487	100.000	240	0	0	1	240	1	240	2.27e-122	434
Ga0374828_06_17286_17525	CP000240.1:2190369-2190609|CDS|CYB_2094	88.333	240	28	0	1	240	1	240	2.28e-84	307
Ga0374828_06_17540_18202	CP000239.1:2497672-2498335|CDS|CYA_2486	99.397	663	4	0	1	663	1	663	0.0	1178
Ga0374828_06_17540_18202	CP000240.1:2189703-2190357|CDS|CYB_2093	90.839	644	59	0	10	653	10	653	0.0	896
Ga0374828_06_18260_18994	CP000240.1:2188901-2189771|CDS|CYB_2092	98.639	735	10	0	1	735	136	870	0.0	1281
Ga0374828_06_18260_18994	CP000239.1:2496880-2497573|CDS|CYA_2485	99.856	693	1	0	43	735	1	693	0.0	1246
Ga0374828_07_83_616	CP000239.1:2712108-2712762|CDS|CYA_2697	100.000	534	0	0	1	534	121	654	0.0	964
Ga0374828_07_83_616	CP000240.1:68550-69216|CDS|CYB_0056	85.825	515	73	0	1	515	127	641	6.07e-172	600
Ga0374828_07_831_1100	CP000239.1:2711744-2712014|CDS|CYA_2696	100.000	270	0	0	1	270	1	270	1.34e-138	488
Ga0374828_07_831_1100	CP000240.1:68198-68468|CDS|CYB_0055	85.448	268	39	0	1	268	1	268	2.59e-84	308
Ga0374828_07_1652_2122	CP000239.1:2704984-2705455|CDS|CYA_2689	97.645	467	11	0	1	467	1	467	0.0	793
Ga0374828_07_1652_2122	CP000240.1:1457259-1457724|CDS|CYB_1385	80.856	444	82	1	27	467	18	461	1.25e-116	416
Ga0374828_07_2297_3508	CP000239.1:2703598-2704810|CDS|CYA_2688	97.277	1212	33	0	1	1212	1	1212	0.0	2038
Ga0374828_07_2297_3508	CP000240.1:1455929-1457141|CDS|CYB_1384	81.773	1207	218	2	7	1212	7	1212	0.0	1178
Ga0374828_07_3566_4924	CP000239.1:2700631-2701987|CDS|CYA_2686	99.410	1356	8	0	4	1359	1	1356	0.0	2410
Ga0374828_07_3566_4924	CP000240.1:64390-65770|CDS|CYB_0051	86.828	1321	174	0	37	1357	58	1378	0.0	1599
Ga0374828_07_5264_6442	CP000239.1:2697359-2698538|CDS|CYA_2683	99.235	1177	9	0	1	1177	1	1177	0.0	2083
Ga0374828_07_5264_6442	CP000240.1:1171595-1172774|CDS|CYB_1135	87.915	1175	142	0	1	1175	1	1175	0.0	1480
Ga0374828_07_6606_7004	CP000239.1:2696797-2697196|CDS|CYA_2682	96.742	399	13	0	1	399	1	399	0.0	662
Ga0374828_07_6606_7004	CP000240.1:1172962-1173361|CDS|CYB_1136	83.459	399	66	0	1	399	1	399	7.09e-119	423
Ga0374828_07_7021_7500	CP000239.1:2696301-2696781|CDS|CYA_2681	93.333	480	32	0	1	480	1	480	0.0	722
Ga0374828_07_7021_7500	CP000240.1:2304178-2304658|CDS|CYB_2196	84.355	473	74	0	1	473	1	473	4.17e-148	520
Ga0374828_07_7523_7858	CP000239.1:2695943-2696279|CDS|CYA_2680	95.238	336	16	0	1	336	1	336	1.30e-152	535
Ga0374828_07_7523_7858	CP000240.1:2303822-2304158|CDS|CYB_2195	84.337	332	52	0	1	332	1	332	1.39e-101	365
Ga0374828_07_7930_8940	CP000239.1:2694861-2695872|CDS|CYA_2679	99.802	1011	2	0	1	1011	1	1011	0.0	1815
Ga0374828_07_7930_8940	CP000240.1:2302756-2303761|CDS|CYB_2194	84.537	983	152	0	1	983	1	983	0.0	1088
Ga0374828_07_9009_10472	CP000239.1:2693305-2694793|CDS|CYA_2678	97.678	1464	34	0	1	1464	25	1488	0.0	2488
Ga0374828_07_9009_10472	CP000240.1:2275712-2277212|CDS|CYB_2173	83.139	1459	233	4	1	1446	25	1483	0.0	1517
Ga0374828_07_10800_11402	CP000239.1:2692423-2693002|CDS|CYA_2676	100.000	579	0	0	25	603	1	579	0.0	1045
Ga0374828_07_10800_11402	CP000240.1:2274846-2275374|CDS|CYB_2171	83.366	511	76	4	25	532	1	505	1.02e-150	529
Ga0374828_07_11700_12572	CP000239.1:2691229-2692081|CDS|CYA_2675	98.592	852	12	0	22	873	1	852	0.0	1483
Ga0374828_07_11700_12572	CP000240.1:2273703-2274516|CDS|CYB_2170	88.294	803	92	2	31	832	1	802	0.0	1018
Ga0374828_07_12614_13540	CP000239.1:2690261-2691098|CDS|CYA_2674	99.881	837	1	0	91	927	1	837	0.0	1506
Ga0374828_07_12614_13540	CP000240.1:2272658-2273516|CDS|CYB_2169	87.531	794	87	1	146	927	65	858	0.0	993
Ga0374828_07_13498_14523	CP000239.1:2689278-2690304|CDS|CYA_2673	100.000	1026	0	0	1	1026	1	1026	0.0	1851
Ga0374828_07_13498_14523	CP000240.1:2271678-2272701|CDS|CYB_2168	79.429	1050	165	4	1	1026	1	1023	0.0	948
Ga0374828_07_14536_16149	CP000239.1:2687652-2689266|CDS|CYA_2672	99.938	1614	1	0	1	1614	1	1614	0.0	2907
Ga0374828_07_14536_16149	CP000240.1:2270082-2271666|CDS|CYB_2167	84.132	1607	225	6	1	1607	1	1577	0.0	1749
Ga0374828_07_16217_16657	CP000239.1:2686874-2687585|CDS|CYA_2671	99.773	441	1	0	1	441	271	711	0.0	792
Ga0374828_07_16217_16657	CP000240.1:2269264-2269984|CDS|CYB_2166	87.727	440	54	0	2	441	281	720	2.25e-157	551
Ga0374828_07_16821_17813	CP000239.1:2685874-2686795|CDS|CYA_2670	100.000	921	0	0	73	993	1	921	0.0	1662
Ga0374828_07_16821_17813	CP000240.1:2268251-2269172|CDS|CYB_2165	88.491	921	106	0	73	993	1	921	0.0	1184
Ga0374828_08_581_1333	CP000239.1:2840400-2841195|CDS|CYA_2822	100.000	753	0	0	1	753	43	795	0.0	1359
Ga0374828_08_581_1333	CP000240.1:855382-856177|CDS|CYB_0825	88.253	681	80	0	73	753	115	795	0.0	868
Ga0374828_08_1467_2012	CP000239.1:2839763-2840309|CDS|CYA_2821	99.817	546	1	0	1	546	1	546	0.0	981
Ga0374828_08_1467_2012	CP000240.1:854763-855291|CDS|CYB_0824	80.550	545	86	5	1	544	1	526	4.48e-142	501
Ga0374828_08_2279_3646	CP000239.1:2838132-2839500|CDS|CYA_2820	98.465	1368	21	0	1	1368	1	1368	0.0	2373
Ga0374828_08_2279_3646	CP000240.1:853142-854510|CDS|CYB_0823	85.756	1369	193	2	1	1368	1	1368	0.0	1583
Ga0374828_08_3895_5190	CP000239.1:2836588-2837884|CDS|CYA_2818	99.923	1296	1	0	1	1296	1	1296	0.0	2333
Ga0374828_08_3895_5190	CP000240.1:851515-852811|CDS|CYB_0822	87.975	1289	155	0	1	1289	1	1289	0.0	1627
Ga0374828_08_5296_5895	CP000239.1:2835538-2836483|CDS|CYA_2817	99.333	600	2	1	1	600	1	598	0.0	1062
Ga0374828_08_5296_5895	CP000240.1:850393-851338|CDS|CYB_0821	88.982	599	62	3	1	598	1	596	0.0	774
Ga0374828_08_5913_6242	CP000239.1:2835538-2836483|CDS|CYA_2817	99.697	330	1	0	1	330	616	945	1.89e-169	591
Ga0374828_08_5913_6242	CP000240.1:850393-851338|CDS|CYB_0821	85.106	329	49	0	2	330	617	945	9.21e-104	373
Ga0374828_08_6276_6701	CP000239.1:2835079-2835505|CDS|CYA_2816	100.000	426	0	0	1	426	1	426	0.0	769
Ga0374828_08_6276_6701	CP000240.1:849697-850123|CDS|CYB_0820	86.341	410	56	0	1	410	1	410	2.18e-138	488
Ga0374828_08_6705_7421	CP000239.1:2834359-2835076|CDS|CYA_2815	99.861	717	1	0	1	717	1	717	0.0	1289
Ga0374828_08_6705_7421	CP000240.1:848998-849694|CDS|CYB_0819	89.914	694	70	0	23	716	2	695	0.0	937
Ga0374828_08_7691_9304	CP000239.1:2832487-2834101|CDS|CYA_2813	99.938	1614	1	0	1	1614	1	1614	0.0	2907
Ga0374828_08_9301_9969	CP000239.1:2831690-2832491|CDS|CYA_2814	99.851	669	1	0	1	669	133	801	0.0	1203
Ga0374828_08_9301_9969	CP000240.1:2945584-2946514|CDS|CYB_2850	80.463	691	111	1	2	668	239	929	0.0	655
Ga0374828_08_10106_10462	CP000239.1:2831329-2831686|CDS|CYA_2812	99.440	357	2	0	1	357	1	357	0.0	636
Ga0374828_08_10106_10462	CP000240.1:2945346-2945703|CDS|CYB_2849	90.704	355	33	0	1	355	1	355	1.48e-139	492
Ga0374828_08_10585_10785	CP000239.1:2831006-2831207|CDS|CYA_2811	100.000	201	0	0	1	201	1	201	2.77e-101	363
Ga0374828_08_10585_10785	CP000240.1:2945012-2945213|CDS|CYB_2848	88.557	201	23	0	1	201	1	201	8.48e-70	260
Ga0374828_08_10908_12134	CP000239.1:2829693-2830884|CDS|CYA_2810	99.832	1191	2	0	37	1227	1	1191	0.0	2140
Ga0374828_08_10908_12134	CP000240.1:2943651-2944884|CDS|CYB_2847	85.940	1202	169	0	7	1208	13	1214	0.0	1407
Ga0374828_08_12204_13694	CP000239.1:2828097-2829564|CDS|CYA_2808	97.410	1467	38	0	25	1491	1	1467	0.0	2475
Ga0374828_08_12204_13694	CP000240.1:2942058-2943564|CDS|CYB_2846	89.288	1475	158	0	13	1487	28	1502	0.0	1948
Ga0374828_08_13691_15580	CP000239.1:2826211-2828101|CDS|CYA_2809	98.307	1890	32	0	1	1890	1	1890	0.0	3265
Ga0374828_08_13691_15580	CP000240.1:2940110-2941997|CDS|CYB_2845	86.462	1891	237	6	2	1884	2	1881	0.0	2247
Ga0374828_08_15704_16165	CP000239.1:2825524-2826088|CDS|CYA_2807	100.000	462	0	0	1	462	103	564	0.0	834
Ga0374828_08_15704_16165	CP000240.1:2938413-2938983|CDS|CYB_2841	84.649	456	70	0	4	459	106	561	2.53e-144	508
Ga0374828_08_16315_16857	CP000239.1:2824934-2825477|CDS|CYA_2806	100.000	543	0	0	1	543	1	543	0.0	980
Ga0374828_08_16315_16857	CP000240.1:992535-993054|CDS|CYB_0954	87.016	516	67	0	1	516	1	516	1.27e-180	629
Ga0374828_09_172_3372	CP000239.1:451198-454399|CDS|CYA_0434	99.844	3201	5	0	1	3201	1	3201	0.0	5751
Ga0374828_09_172_3372	CP000240.1:736241-739451|CDS|CYB_0718	89.272	3188	339	1	1	3185	1	3188	0.0	4206
Ga0374828_09_3440_4666	CP000239.1:454466-455750|CDS|CYA_0435	94.784	1227	40	1	1	1227	82	1284	0.0	1942
Ga0374828_09_3440_4666	CP000240.1:734881-736180|CDS|CYB_0717	86.601	1224	134	2	10	1227	100	1299	0.0	1487
Ga0374828_09_4918_6000	CP000239.1:455920-457171|CDS|CYA_0436	99.723	1083	3	0	1	1083	169	1251	0.0	1940
Ga0374828_09_6219_6623	CP000239.1:457221-457626|CDS|CYA_0437	100.000	405	0	0	1	405	1	405	0.0	731
Ga0374828_09_6990_7625	CP000239.1:457779-458628|CDS|CYA_0438	99.843	636	1	0	1	636	214	849	0.0	1143
Ga0374828_09_6990_7625	CP000240.1:813090-813960|CDS|CYB_0787	86.635	636	85	0	1	636	654	19	0.0	765
Ga0374828_09_7674_8969	CP000239.1:458676-459972|CDS|CYA_0439	98.997	1296	13	0	1	1296	1	1296	0.0	2279
Ga0374828_09_7674_8969	CP000240.1:814083-815385|CDS|CYB_0788	83.017	1266	207	4	1	1262	1	1262	0.0	1304
Ga0374828_09_7674_8969	CP000239.1:2019790-2021053|CDS|CYA_2003	66.941	971	304	9	35	1001	44	1001	6.45e-75	279
Ga0374828_09_9001_10083	CP000239.1:460002-461085|CDS|CYA_0440	85.701	1084	153	2	1	1083	1	1083	0.0	1250
Ga0374828_09_9001_10083	CP000240.1:815415-816528|CDS|CYB_0789	79.087	1095	203	4	8	1077	2	1095	0.0	948
Ga0374828_09_10088_10981	CP000239.1:461089-461983|CDS|CYA_0441	99.663	890	3	0	1	890	1	890	0.0	1592
Ga0374828_09_10088_10981	CP000240.1:816610-817510|CDS|CYB_0790	81.655	894	158	1	7	894	7	900	0.0	875
Ga0374828_09_10981_11328	CP000240.1:817509-817875|CDS|CYB_0791	93.272	327	22	0	1	327	1	327	1.45e-139	491
Ga0374828_09_10981_11328	CP000239.1:461982-462321|CDS|CYA_0442	87.069	348	36	2	1	348	1	339	1.76e-119	425
Ga0374828_09_11389_11721	CP000239.1:462385-462718|CDS|CYA_0443	96.697	333	11	0	1	333	1	333	1.68e-157	552
Ga0374828_09_11389_11721	CP000240.1:817934-818216|CDS|CYB_0792	84.354	294	28	5	46	333	1	282	6.27e-87	317
Ga0374828_09_11772_12317	CP000239.1:462768-463866|CDS|CYA_0444	99.634	546	2	0	1	546	553	1098	0.0	976
Ga0374828_09_11772_12317	CP000240.1:818330-819434|CDS|CYB_0793	81.835	545	99	0	2	546	560	1104	6.22e-153	537
Ga0374828_09_12410_12922	CP000239.1:462768-463866|CDS|CYA_0444	99.566	461	2	0	53	513	1	461	0.0	823
Ga0374828_09_12410_12922	CP000240.1:818330-819434|CDS|CYB_0793	77.088	467	85	3	69	513	1	467	6.23e-102	367
Ga0374828_09_13363_13788	CP000239.1:464358-464856|CDS|CYA_0445	99.531	426	2	0	1	426	73	498	0.0	760
Ga0374828_09_13363_13788	CP000240.1:819558-820029|CDS|CYB_0794	73.141	417	103	3	1	414	49	459	1.47e-64	242
Ga0374828_09_14513_16720	CP000239.1:465508-467716|CDS|CYA_0447	96.963	2206	67	0	1	2206	1	2206	0.0	3677
Ga0374828_09_14513_16720	CP000240.1:822308-824516|CDS|CYB_0797	86.096	2208	307	0	1	2208	1	2208	0.0	2599
Ga0374828_10_668_2467	CP000239.1:1559183-1560959|CDS|CYA_1550	99.437	1776	10	0	25	1800	1	1776	0.0	3158
Ga0374828_10_668_2467	CP000240.1:1116585-1118361|CDS|CYB_1081	85.023	1776	266	0	25	1800	1	1776	0.0	2004
Ga0374828_10_2554_3015	CP000239.1:1561069-1561531|CDS|CYA_1551	100.000	462	0	0	1	462	1	462	0.0	834
Ga0374828_10_2554_3015	CP000240.1:1115957-1116407|CDS|CYB_1080	82.921	445	76	0	14	458	2	446	3.29e-130	461
Ga0374828_10_3375_4454	CP000239.1:1561866-1562946|CDS|CYA_1552	99.074	1080	10	0	1	1080	1	1080	0.0	1903
Ga0374828_10_3375_4454	CP000240.1:1114090-1115167|CDS|CYB_1077	81.094	1079	201	1	1	1079	1	1076	0.0	1025
Ga0374828_10_4526_5494	CP000239.1:1562970-1563939|CDS|CYA_1553	99.690	969	3	0	1	969	1	969	0.0	1735
Ga0374828_10_4526_5494	CP000240.1:1113088-1114057|CDS|CYB_1076	80.251	957	189	0	13	969	13	969	0.0	875
Ga0374828_10_5501_6400	CP000239.1:1563945-1564845|CDS|CYA_1554	99.222	900	7	0	1	900	1	900	0.0	1592
Ga0374828_10_5501_6400	CP000240.1:1112191-1113082|CDS|CYB_1075	81.266	790	148	0	109	898	100	889	0.0	758
Ga0374828_10_6437_7264	CP000239.1:1564881-1565709|CDS|CYA_1555	99.517	828	4	0	1	828	1	828	0.0	1476
Ga0374828_10_6437_7264	CP000240.1:1111281-1112109|CDS|CYB_1074	84.358	748	115	2	82	828	82	828	0.0	815
Ga0374828_10_6437_7264	CP000239.1:1739211-1740009|CDS|CYA_1735	70.240	625	186	0	79	703	52	676	2.25e-78	289
Ga0374828_10_6437_7264	CP000240.1:1997239-1998037|CDS|CYB_1912	69.649	626	188	2	79	703	52	676	2.57e-71	266
Ga0374828_10_7330_8157	CP000239.1:1565774-1566602|CDS|CYA_1556	97.222	828	23	0	1	828	1	828	0.0	1390
Ga0374828_10_7330_8157	CP000240.1:1110358-1111186|CDS|CYB_1073	80.653	827	160	0	1	827	1	827	0.0	771
Ga0374828_10_8201_8635	CP000239.1:1566645-1567080|CDS|CYA_1557	99.770	435	1	0	1	435	1	435	0.0	781
Ga0374828_10_8201_8635	CP000240.1:1109889-1110315|CDS|CYB_1072	84.878	410	62	0	13	422	13	422	3.09e-130	461
Ga0374828_10_9406_10587	CP000239.1:1567850-1569032|CDS|CYA_1559	98.223	1182	21	0	1	1182	1	1182	0.0	2038
Ga0374828_10_9406_10587	CP000240.1:1107830-1109021|CDS|CYB_1070	87.575	1159	144	0	11	1169	29	1187	0.0	1442
Ga0374828_10_10701_11072	CP000239.1:1569145-1569517|CDS|CYA_1560	100.000	372	0	0	1	372	1	372	0.0	672
Ga0374828_10_10701_11072	CP000240.1:1107298-1107664|CDS|CYB_1069	83.696	368	54	2	1	368	1	362	3.89e-109	390
Ga0374828_10_11201_11983	CP000239.1:1569645-1570428|CDS|CYA_1561	94.125	783	46	0	1	783	1	783	0.0	1205
Ga0374828_10_11201_11983	CP000240.1:1106375-1107158|CDS|CYB_1068	85.696	783	112	0	1	783	1	783	0.0	908
Ga0374828_10_12062_13348	CP000239.1:1570545-1571832|CDS|CYA_1562	96.814	1287	41	0	1	1287	1	1287	0.0	2137
Ga0374828_10_12062_13348	CP000240.1:1104957-1106244|CDS|CYB_1067	89.355	1287	137	0	1	1287	1	1287	0.0	1704
Ga0374828_10_13495_15273	CP000239.1:1571984-1573757|CDS|CYA_1563	99.887	1773	2	0	7	1779	1	1773	0.0	3189
Ga0374828_10_13495_15273	CP000240.1:1103049-1104822|CDS|CYB_1066	85.892	1772	250	0	7	1778	1	1772	0.0	2069
Ga0374828_10_15316_15690	CP000239.1:1573799-1574174|CDS|CYA_1564	100.000	375	0	0	1	375	1	375	0.0	677
Ga0374828_10_15316_15690	CP000240.1:1102632-1103001|CDS|CYB_1065	83.378	373	56	1	1	373	1	367	3.22e-110	395
Ga0374828_10_15853_16182	CP000239.1:1574336-1574666|CDS|CYA_1565	97.872	329	7	0	1	329	1	329	9.19e-161	563
Ga0374828_10_15853_16182	CP000240.1:1102132-1102462|CDS|CYB_1064	90.578	329	31	0	1	329	1	329	3.43e-128	454
Ga0374828_11_8_1624	CP000239.1:35580-37047|CDS|CYA_0039	99.864	1467	2	0	151	1617	1	1467	0.0	2637
Ga0374828_11_8_1624	CP000240.1:2861532-2862999|CDS|CYB_2764	85.821	1467	208	0	151	1617	1	1467	0.0	1709
Ga0374828_11_1857_3311	CP000239.1:37429-38884|CDS|CYA_0041	98.144	1455	27	0	1	1455	1	1455	0.0	2503
Ga0374828_11_1857_3311	CP000240.1:2858007-2859468|CDS|CYB_2760	83.699	1460	232	2	1	1454	1	1460	0.0	1557
Ga0374828_11_3308_3661	CP000239.1:38880-39174|CDS|CYA_0040	100.000	294	0	0	61	354	1	294	1.67e-151	531
Ga0374828_11_3308_3661	CP000240.1:2857717-2858011|CDS|CYB_2761	82.624	282	49	0	61	342	1	282	3.24e-78	288
Ga0374828_11_4011_6119	CP000239.1:39583-41692|CDS|CYA_0042	99.953	2109	1	0	1	2109	1	2109	0.0	3800
Ga0374828_11_6169_7467	CP000239.1:41741-43040|CDS|CYA_0043	93.462	1300	83	2	1	1299	1	1299	0.0	1955
Ga0374828_11_6169_7467	CP000240.1:1231466-1232786|CDS|CYB_1193	85.357	1318	169	1	1	1294	1	1318	0.0	1525
Ga0374828_11_7513_8229	CP000239.1:43127-43799|CDS|CYA_0044	98.222	675	9	1	43	717	1	672	0.0	1162
Ga0374828_11_7513_8229	CP000239.1:43924-44719|CDS|CYA_0045	73.381	556	126	5	1	539	1	551	1.82e-91	334
Ga0374828_11_7513_8229	CP000240.1:1230693-1231359|CDS|CYB_1192	70.475	674	181	9	43	710	1	662	4.58e-80	295
Ga0374828_11_8355_9149	CP000239.1:43924-44719|CDS|CYA_0045	99.748	795	2	0	1	795	1	795	0.0	1425
Ga0374828_11_9208_10218	CP000239.1:44777-45890|CDS|CYA_0046	99.604	1011	4	0	1	1011	103	1113	0.0	1806
Ga0374828_11_9208_10218	CP000240.1:1229528-1230635|CDS|CYB_1191	86.957	1012	130	2	1	1011	97	1107	0.0	1223
Ga0374828_11_10419_11156	CP000239.1:45988-46711|CDS|CYA_0047	99.308	723	5	0	16	738	1	723	0.0	1282
Ga0374828_11_10419_11156	CP000240.1:1228691-1229426|CDS|CYB_1190	85.986	735	91	1	16	738	1	735	0.0	868
Ga0374828_11_11273_12256	CP000239.1:46914-47829|CDS|CYA_0048	98.033	915	15	1	73	984	1	915	0.0	1568
Ga0374828_11_12440_12997	CP000239.1:48012-48570|CDS|CYA_0049	99.821	558	1	0	1	558	1	558	0.0	1003
Ga0374828_11_12440_12997	CP000240.1:1226374-1227001|CDS|CYB_1188	84.229	558	88	0	1	558	70	627	3.51e-175	610
Ga0374828_11_13335_14264	CP000239.1:48907-49837|CDS|CYA_0050	98.602	930	13	0	1	930	1	930	0.0	1619
Ga0374828_11_13335_14264	CP000240.1:1225171-1226113|CDS|CYB_1187	89.597	942	86	1	1	930	1	942	0.0	1264
Ga0374828_12_926_1276	CP000239.1:323387-323738|CDS|CYA_0314	100.000	351	0	0	1	351	1	351	0.0	634
Ga0374828_12_926_1276	CP000240.1:1769172-1769523|CDS|CYB_1692	94.017	351	21	0	1	351	1	351	1.12e-153	539
Ga0374828_12_1395_2633	CP000239.1:323856-325095|CDS|CYA_0315	100.000	1239	0	0	1	1239	1	1239	0.0	2235
Ga0374828_12_1395_2633	CP000240.1:1769646-1770885|CDS|CYB_1693	87.813	1239	151	0	1	1239	1	1239	0.0	1554
Ga0374828_12_2796_4229	CP000239.1:325272-326691|CDS|CYA_0316	100.000	1419	0	0	16	1434	1	1419	0.0	2560
Ga0374828_12_2796_4229	CP000240.1:1771092-1772511|CDS|CYB_1694	88.656	1384	157	0	16	1399	1	1384	0.0	1789
Ga0374828_12_4354_4665	CP000239.1:326767-327703|CDS|CYA_0317	99.679	312	0	1	1	312	49	359	1.28e-158	555
Ga0374828_12_4354_4665	CP000240.1:1772667-1773546|CDS|CYB_1695	87.500	312	38	1	1	312	1	311	4.80e-107	384
Ga0374828_12_4679_5242	CP000239.1:326767-327703|CDS|CYA_0317	98.936	564	6	0	1	564	373	936	0.0	991
Ga0374828_12_4679_5242	CP000240.1:1772667-1773546|CDS|CYB_1695	89.184	564	52	1	1	564	325	879	0.0	746
Ga0374828_12_5266_6081	CP000239.1:327726-328542|CDS|CYA_0319	99.755	816	2	0	1	816	1	816	0.0	1463
Ga0374828_12_5266_6081	CP000240.1:1773628-1774444|CDS|CYB_1697	88.358	816	95	0	1	816	1	816	0.0	1044
Ga0374828_12_6078_11123	CP000239.1:328538-333596|CDS|CYA_0318	88.342	5061	572	7	1	5046	1	5058	0.0	6452
Ga0374828_12_6078_11123	CP000240.1:1774440-1779645|CDS|CYB_1696	84.593	5056	763	6	1	5045	154	5204	0.0	5594
Ga0374828_13_177_2060	CP000239.1:427923-429807|CDS|CYA_0410	100.000	1884	0	0	1	1884	1	1884	0.0	3398
Ga0374828_13_177_2060	CP000240.1:2535850-2537734|CDS|CYB_2437	90.426	1880	180	0	1	1880	1	1880	0.0	2580
Ga0374828_13_2150_6058	CP000239.1:429896-433805|CDS|CYA_0411	99.872	3909	5	0	1	3909	1	3909	0.0	7028
Ga0374828_13_2150_6058	CP000240.1:2537787-2541702|CDS|CYB_2438	87.947	3916	464	4	1	3909	1	3915	0.0	4924
Ga0374828_13_6039_6557	CP000239.1:433785-434304|CDS|CYA_0412	100.000	519	0	0	1	519	1	519	0.0	937
Ga0374828_13_6039_6557	CP000240.1:2541682-2542405|CDS|CYB_2440	84.584	493	73	1	1	493	1	490	1.14e-155	545
Ga0374828_13_6590_7249	CP000239.1:434336-434996|CDS|CYA_0413	100.000	660	0	0	1	660	1	660	0.0	1191
Ga0374828_13_6590_7249	CP000240.1:2542401-2543061|CDS|CYB_2439	85.714	658	94	0	1	658	1	658	0.0	764
Ga0374828_13_7457_8482	CP000239.1:435203-436229|CDS|CYA_0414	100.000	1026	0	0	1	1026	1	1026	0.0	1851
Ga0374828_13_7457_8482	CP000240.1:2543381-2544407|CDS|CYB_2441	84.976	1025	154	0	1	1025	1	1025	0.0	1155
Ga0374828_13_8616_9347	CP000239.1:436362-437094|CDS|CYA_0415	100.000	732	0	0	1	732	1	732	0.0	1321
Ga0374828_13_8616_9347	CP000240.1:2544517-2545240|CDS|CYB_2442	84.882	721	109	0	12	732	3	723	0.0	810
Ga0374828_13_9543_9854	CP000239.1:437289-437601|CDS|CYA_0417	100.000	312	0	0	1	312	1	312	2.48e-161	563
Ga0374828_13_9543_9854	CP000239.1:437250-437646|CDS|CYA_0416	100.000	312	0	0	1	312	357	46	2.48e-161	563
Ga0374828_13_9543_9854	CP000240.1:2545443-2545752|CDS|CYB_2443	87.255	306	39	0	1	306	1	306	7.12e-105	377
Ga0374828_13_9862_10356	CP000239.1:437608-438103|CDS|CYA_0418	99.798	495	1	0	1	495	1	495	0.0	889
Ga0374828_13_9862_10356	CP000240.1:2545766-2546276|CDS|CYB_2444	82.828	495	85	0	1	495	16	510	7.80e-145	510
Ga0374828_13_10641_10859	CP000239.1:438312-438606|CDS|CYA_0419	100.000	219	0	0	1	219	76	294	5.16e-111	396
Ga0374828_13_10641_10859	CP000240.1:2546376-2546670|CDS|CYB_2445	76.256	219	52	0	1	219	76	294	1.93e-40	161
Ga0374828_13_11234_12667	CP000239.1:438980-440414|CDS|CYA_0420	98.954	1434	15	0	1	1434	1	1434	0.0	2519
Ga0374828_13_11234_12667	CP000240.1:2596452-2597886|CDS|CYB_2502	88.827	1432	160	0	1	1432	1	1432	0.0	1862
Ga0374828_14_291_776	CP000239.1:2415795-2416281|CDS|CYA_2406	96.914	486	15	0	1	486	1	486	0.0	810
Ga0374828_14_291_776	CP000240.1:2308379-2308865|CDS|CYB_2201	87.243	486	62	0	1	486	1	486	1.92e-171	598
Ga0374828_14_909_1925	CP000239.1:2414645-2415662|CDS|CYA_2405	99.902	1017	1	0	1	1017	1	1017	0.0	1830
Ga0374828_14_909_1925	CP000240.1:2307178-2308195|CDS|CYB_2200	87.021	1017	132	0	1	1017	1	1017	0.0	1240
Ga0374828_14_2087_3199	CP000240.1:2305534-2306647|CDS|CYB_2199	91.465	1113	95	0	1	1113	1	1113	0.0	1580
Ga0374828_14_3677_4036	CP000239.1:2412533-2412893|CDS|CYA_2403	100.000	360	0	0	1	360	1	360	0.0	650
Ga0374828_14_3677_4036	CP000240.1:2304687-2305047|CDS|CYB_2197	83.287	359	58	2	1	358	1	358	3.52e-103	370
Ga0374828_14_4138_4359	CP000239.1:2412210-2412432|CDS|CYA_2402	100.000	222	0	0	1	222	1	222	1.23e-112	401
Ga0374828_14_4138_4359	CP000240.1:846703-846928|CDS|CYB_0817	89.640	222	23	0	1	222	4	225	3.77e-81	297
Ga0374828_14_4359_6215	CP000239.1:2410354-2412211|CDS|CYA_2401	100.000	1857	0	0	1	1857	1	1857	0.0	3350
Ga0374828_14_4359_6215	CP000240.1:846924-848778|CDS|CYB_0818	86.631	1855	246	2	4	1857	1	1854	0.0	2221
Ga0374828_14_6585_7280	CP000239.1:2409289-2409985|CDS|CYA_2399	100.000	696	0	0	1	696	1	696	0.0	1256
Ga0374828_14_6585_7280	CP000240.1:2781227-2781923|CDS|CYB_2694	87.356	696	88	0	1	696	1	696	0.0	859
Ga0374828_14_7806_9266	CP000239.1:2407303-2408917|CDS|CYA_2396	99.932	1461	1	0	1	1461	154	1614	0.0	2631
Ga0374828_14_7806_9266	CP000240.1:2779283-2780882|CDS|CYB_2692	83.813	1458	234	2	1	1457	139	1595	0.0	1559
Ga0374828_14_9533_10609	CP000239.1:2405867-2407043|CDS|CYA_2395	100.000	1077	0	0	1	1077	100	1176	0.0	1943
Ga0374828_14_9533_10609	CP000240.1:2777872-2779012|CDS|CYB_2691	84.171	1055	167	0	1	1055	82	1136	0.0	1150
Ga0374828_14_10707_11486	CP000239.1:2405089-2405869|CDS|CYA_2394	99.872	780	1	0	1	780	1	780	0.0	1403
Ga0374828_14_10707_11486	CP000240.1:2776913-2777723|CDS|CYB_2689	81.371	671	125	0	1	671	1	671	0.0	647
Ga0374828_14_11980_12183	CP000239.1:2400636-2402787|CDS|CYA_2391	100.000	204	0	0	1	204	1948	2151	6.62e-103	369
Ga0374828_14_11980_12183	CP000240.1:128765-130922|CDS|CYB_0115	87.745	204	25	0	1	204	1954	2157	1.05e-68	256
Ga0374828_15_1577_2590	CP000240.1:2785260-2786232|CDS|CYB_2697	82.854	939	152	4	34	966	1	936	0.0	958
Ga0374828_15_1577_2590	CP000239.1:1522832-1523861|CDS|CYA_1514	81.132	1007	180	5	1	997	1	1007	0.0	947
Ga0374828_15_3275_4072	CP000239.1:1524407-1525343|CDS|CYA_1515	100.000	798	0	0	1	798	139	936	0.0	1440
Ga0374828_15_3275_4072	CP000240.1:674337-675297|CDS|CYB_0661	80.438	731	119	2	1	707	166	896	0.0	687
Ga0374828_15_4077_5120	CP000239.1:1525395-1526391|CDS|CYA_1517	99.699	996	3	0	49	1044	1	996	0.0	1783
Ga0374828_15_4077_5120	CP000240.1:673291-674284|CDS|CYB_0660	83.244	931	156	0	82	1012	58	988	0.0	976
Ga0374828_15_5587_5757	CP000239.1:455920-457171|CDS|CYA_0436	80.541	185	22	2	1	171	809	625	6.66e-45	176
Ga0374828_15_6885_8120	CP000239.1:1527846-1529391|CDS|CYA_1518	99.919	1236	1	0	1	1236	310	1545	0.0	2225
Ga0374828_15_6885_8120	CP000240.1:2328105-2329659|CDS|CYB_2225	84.142	1236	196	0	1	1236	319	1554	0.0	1346
Ga0374828_15_8363_8974	CP000239.1:1529633-1530245|CDS|CYA_1519	100.000	612	0	0	1	612	1	612	0.0	1104
Ga0374828_15_8363_8974	CP000240.1:1128615-1129227|CDS|CYB_1094	88.235	612	72	0	1	612	1	612	0.0	780
Ga0374828_15_9139_10275	CP000239.1:1530409-1531546|CDS|CYA_1520	99.912	1137	1	0	1	1137	1	1137	0.0	2047
Ga0374828_15_9139_10275	CP000240.1:1129403-1130540|CDS|CYB_1095	89.515	1135	119	0	1	1135	1	1135	0.0	1511
Ga0374828_16_1823_3634	CP000239.1:2441938-2443750|CDS|CYA_2433	99.172	1812	15	0	1	1812	1	1812	0.0	3201
Ga0374828_16_1823_3634	CP000240.1:1566887-1568699|CDS|CYB_1492	90.453	1812	173	0	1	1812	1	1812	0.0	2489
Ga0374828_16_3673_4014	CP000239.1:2443788-2444127|CDS|CYA_2434	98.820	339	4	0	1	339	1	339	1.62e-170	594
Ga0374828_16_4032_5237	CP000239.1:2444147-2445353|CDS|CYA_2435	99.502	1206	6	0	1	1206	1	1206	0.0	2149
Ga0374828_16_5838_7415	CP000239.1:2445983-2447531|CDS|CYA_2437	99.225	1548	12	0	31	1578	1	1548	0.0	2738
Ga0374828_16_7412_9013	CP000239.1:2447527-2449129|CDS|CYA_2436	98.689	1602	21	0	1	1602	1	1602	0.0	2795
Ga0374828_16_7412_9013	CP000240.1:1564555-1566151|CDS|CYB_1490	89.975	1596	160	0	7	1602	1	1596	0.0	2158
Ga0374828_16_9169_9855	CP000239.1:2449284-2449941|CDS|CYA_2438	99.848	657	1	0	31	687	1	657	0.0	1181
Ga0374828_16_9169_9855	CP000240.1:1562863-1563481|CDS|CYB_1487	83.618	586	96	0	31	616	1	586	1.98e-179	625
Ga0374828_17_252_416	CP000239.1:2796425-2796614|CDS|CYA_2777	100.000	165	0	0	1	165	25	189	7.78e-82	298
Ga0374828_17_252_416	CP000240.1:2565176-2565338|CDS|CYB_2467	82.911	158	27	0	1	158	1	158	4.03e-41	164
Ga0374828_17_456_545	CP000239.1:2796320-2796410|CDS|CYA_2776	100.000	90	0	0	1	90	1	90	1.95e-41	163
Ga0374828_17_679_924	CP000239.1:2795941-2796187|CDS|CYA_2775	100.000	246	0	0	1	246	1	246	1.29e-125	444
Ga0374828_17_679_924	CP000240.1:2566903-2567194|CDS|CYB_2469	87.805	246	30	0	1	246	46	291	6.70e-85	309
Ga0374828_17_948_3455	CP000239.1:2797034-2799542|CDS|CYA_2779	99.841	2508	4	0	1	2508	1	2508	0.0	4506
Ga0374828_17_948_3455	CP000240.1:2562272-2564777|CDS|CYB_2465	83.313	2493	393	6	4	2495	10	2480	0.0	2615
Ga0374828_17_3580_4347	CP000239.1:2799666-2800452|CDS|CYA_2780	100.000	768	0	0	1	768	19	786	0.0	1386
Ga0374828_17_3580_4347	CP000240.1:2561277-2562057|CDS|CYB_2464	85.220	751	111	0	4	754	22	772	0.0	855
Ga0374828_17_4557_5126	CP000239.1:2800622-2801213|CDS|CYA_2781	99.825	570	1	0	1	570	22	591	0.0	1024
Ga0374828_17_4557_5126	CP000240.1:2560214-2560835|CDS|CYB_2461	92.652	558	41	0	1	558	55	612	0.0	822
Ga0374828_17_5644_6648	CP000239.1:2801730-2802735|CDS|CYA_2782	99.900	1005	1	0	1	1005	1	1005	0.0	1809
Ga0374828_17_6760_8355	CP000239.1:2802735-2804442|CDS|CYA_2783	99.624	1596	6	0	1	1596	112	1707	0.0	2852
Ga0374828_18_9_263	CP000239.1:450615-450858|CDS|CYA_0433	100.000	243	0	0	13	255	1	243	5.71e-124	439
Ga0374828_18_9_263	CP000240.1:739514-739772|CDS|CYB_0719	85.657	251	36	0	1	251	1	251	1.87e-79	291
Ga0374828_18_416_1216	CP000239.1:449650-450451|CDS|CYA_0432	100.000	801	0	0	1	801	1	801	0.0	1445
Ga0374828_18_416_1216	CP000240.1:739965-740760|CDS|CYB_0720	85.144	801	113	3	1	801	1	795	0.0	901
Ga0374828_18_1338_2072	CP000239.1:448794-449529|CDS|CYA_0431	99.728	735	2	0	1	735	1	735	0.0	1317
Ga0374828_18_1338_2072	CP000240.1:740888-741632|CDS|CYB_0721	86.509	593	80	0	1	593	1	593	0.0	710
Ga0374828_18_2103_2321	CP000239.1:448545-448764|CDS|CYA_0430	99.543	219	1	0	1	219	1	219	2.19e-109	391
Ga0374828_18_2103_2321	CP000240.1:741666-741891|CDS|CYB_0722	84.793	217	33	0	3	219	9	225	7.18e-65	243
Ga0374828_18_2469_3017	CP000239.1:447849-448440|CDS|CYA_0429	100.000	549	0	0	1	549	43	591	0.0	991
Ga0374828_18_2469_3017	CP000240.1:742105-742693|CDS|CYB_0723	87.037	540	67	1	1	540	43	579	0.0	657
Ga0374828_18_3019_4479	CP000239.1:446369-447848|CDS|CYA_0428	100.000	1461	0	0	1	1461	19	1479	0.0	2636
Ga0374828_18_3019_4479	CP000240.1:742694-744182|CDS|CYB_0724	82.257	1471	246	2	1	1459	19	1486	0.0	1481
Ga0374828_18_4810_6033	CP000239.1:444838-446062|CDS|CYA_0427	99.837	1224	2	0	1	1224	1	1224	0.0	2199
Ga0374828_18_6115_6675	CP000239.1:444196-444757|CDS|CYA_0426	99.822	561	1	0	1	561	1	561	0.0	1008
Ga0374828_18_6115_6675	CP000240.1:1170895-1171462|CDS|CYB_1134	83.275	568	87	4	1	561	1	567	1.41e-167	586
Ga0374828_18_6672_6947	CP000239.1:443915-444200|CDS|CYA_0425	98.897	272	3	0	5	276	14	285	2.48e-135	478
Ga0374828_18_7230_8219	CP000239.1:442643-443633|CDS|CYA_0424	99.798	990	2	0	1	990	1	990	0.0	1777
Ga0374828_18_7230_8219	CP000240.1:2592796-2593801|CDS|CYB_2498	83.122	948	160	0	3	950	12	959	0.0	989
Ga0374828_18_8242_8655	CP000239.1:442168-442621|CDS|CYA_0423	99.758	414	1	0	1	414	40	453	0.0	743
Ga0374828_18_8242_8655	CP000240.1:2593814-2594270|CDS|CYB_2499	78.910	422	76	5	1	414	40	456	1.33e-96	350
Ga0374828_19_32_634	CP000239.1:2715284-2716424|CDS|CYA_2700	99.668	603	2	0	1	603	538	1140	0.0	1079
Ga0374828_19_32_634	CP000240.1:1314363-1315503|CDS|CYB_1258	83.887	602	97	0	2	603	539	1140	0.0	649
Ga0374828_19_677_2632	CP000240.1:1310953-1312915|CDS|CYB_1256	84.844	1953	290	3	10	1956	10	1962	0.0	2180
Ga0374828_19_2635_3615	CP000239.1:2718425-2719907|CDS|CYA_2702	98.777	981	12	0	1	981	502	1482	0.0	1716
Ga0374828_19_2635_3615	CP000240.1:1309436-1310912|CDS|CYB_1255	88.086	982	111	4	1	979	496	1474	0.0	1232
Ga0374828_19_3588_4115	CP000239.1:2718425-2719907|CDS|CYA_2702	99.622	529	1	1	1	528	1	529	0.0	942
Ga0374828_19_3588_4115	CP000240.1:1309436-1310912|CDS|CYB_1255	81.973	527	88	2	1	526	1	521	4.61e-148	520
Ga0374828_19_4162_5253	CP000239.1:2719953-2721045|CDS|CYA_2703	100.000	1092	0	0	1	1092	1	1092	0.0	1970
Ga0374828_19_4162_5253	CP000240.1:1308297-1309389|CDS|CYB_1254	89.103	1092	119	0	1	1092	1	1092	0.0	1434
Ga0374828_20_2587_3120	CP000240.1:2893311-2895972|CDS|CYB_2795	98.969	485	5	0	1	485	1	485	0.0	853
Ga0374828_20_2587_3120	CP000239.1:1359017-1361663|CDS|CYA_1349	86.392	485	66	0	1	485	1	485	1.98e-165	578
Ga0374828_20_3104_5164	CP000240.1:2893311-2895972|CDS|CYB_2795	92.815	2046	112	3	2	2013	578	2622	0.0	3046
Ga0374828_20_3104_5164	CP000239.1:1359017-1361663|CDS|CYA_1349	80.718	2033	357	3	63	2061	615	2646	0.0	1918
Ga0374828_20_5506_5841	CP000239.1:1361893-1362340|CDS|CYA_1350	100.000	336	0	0	1	336	112	447	2.51e-174	607
Ga0374828_20_5506_5841	CP000240.1:2896426-2896981|CDS|CYB_2797	82.121	330	59	0	2	331	206	535	1.00e-90	330
Ga0374828_20_6152_6352	CP000239.1:1362668-1362881|CDS|CYA_1351	99.502	201	1	0	1	201	13	213	1.18e-99	359
Ga0374828_20_6669_6944	CP000239.1:1364667-1366251|CDS|CYA_1354	92.391	276	21	0	1	276	1309	1584	4.48e-113	404
Ga0374828_20_6669_6944	CP000240.1:1454115-1455696|CDS|CYB_1383	90.441	272	26	0	1	272	1306	1577	2.18e-104	374
Ga0374828_20_7152_8360	CP000239.1:1363310-1364600|CDS|CYA_1353	99.669	1209	4	0	1	1209	82	1290	0.0	2163
Ga0374828_20_7152_8360	CP000240.1:1452737-1454039|CDS|CYB_1382	80.496	1210	234	2	1	1209	94	1302	0.0	1112
Ga0374828_21_128_1312	CP000239.1:1881952-1883137|CDS|CYA_1878	99.241	1185	9	0	1	1185	1	1185	0.0	2097
Ga0374828_21_128_1312	CP000240.1:1630632-1631817|CDS|CYB_1557	89.358	1184	126	0	1	1184	1	1184	0.0	1568
Ga0374828_21_1491_2228	CP000239.1:1883315-1884053|CDS|CYA_1880	100.000	738	0	0	1	738	1	738	0.0	1332
Ga0374828_21_1491_2228	CP000240.1:1629669-1630407|CDS|CYB_1555	87.381	737	93	0	1	737	1	737	0.0	911
Ga0374828_21_2225_3193	CP000239.1:1884049-1885003|CDS|CYA_1879	100.000	954	0	0	16	969	1	954	0.0	1721
Ga0374828_21_2225_3193	CP000240.1:1628713-1629673|CDS|CYB_1556	89.915	942	95	0	16	957	1	942	0.0	1271
Ga0374828_21_3244_5895	CP000239.1:1885068-1887720|CDS|CYA_1881	99.585	2652	11	0	1	2652	1	2652	0.0	4734
Ga0374828_21_3244_5895	CP000240.1:1598111-1600766|CDS|CYB_1521	84.412	2643	400	2	1	2631	1	2643	0.0	2911
Ga0374828_21_6152_6670	CP000239.1:1888006-1889680|CDS|CYA_1882	100.000	489	0	0	1	489	489	1	0.0	883
Ga0374828_21_6152_6670	CP000240.1:1601050-1602712|CDS|CYB_1522	84.867	489	74	0	1	489	489	1	9.34e-157	549
Ga0374828_21_7242_7856	CP000239.1:1888006-1889680|CDS|CYA_1882	100.000	615	0	0	1	615	1060	1674	0.0	1110
Ga0374828_21_7242_7856	CP000240.1:1601050-1602712|CDS|CYB_1522	81.067	581	110	0	31	611	1078	1658	9.15e-158	553
Ga0374828_22_5_1069	CP000239.1:1061914-1063738|CDS|CYA_1042	97.462	1064	27	0	1	1064	760	1823	0.0	1798
Ga0374828_22_5_1069	CP000240.1:2963261-2965085|CDS|CYB_2865	86.830	1063	140	0	2	1064	761	1823	0.0	1287
Ga0374828_22_1223_1684	CP000239.1:455920-457171|CDS|CYA_0436	86.498	474	45	2	5	459	512	985	2.08e-164	575
Ga0374828_22_1666_1947	CP000239.1:455920-457171|CDS|CYA_0436	93.262	282	19	0	1	282	970	1251	4.90e-119	424
Ga0374828_22_2104_3945	CP000239.1:1056279-1058187|CDS|CYA_1038	78.737	1853	320	13	1	1783	1	1849	0.0	1574
Ga0374828_22_2104_3945	CP000240.1:2958120-2960031|CDS|CYB_2861	77.821	1790	323	9	64	1783	67	1852	0.0	1465
Ga0374828_22_3992_4504	CP000239.1:1055744-1056233|CDS|CYA_1037	100.000	456	0	0	58	513	34	489	0.0	823
Ga0374828_22_3992_4504	CP000240.1:2956991-2957483|CDS|CYB_2859	86.463	458	59	1	58	512	34	491	1.12e-155	545
Ga0374828_22_4794_5249	CP000239.1:1055039-1055432|CDS|CYA_1035	98.964	386	4	0	71	456	8	393	0.0	679
Ga0374828_22_4794_5249	CP000240.1:2956211-2956679|CDS|CYB_2858	80.042	471	76	3	1	456	1	468	1.92e-120	429
Ga0374828_22_5217_5711	CP000239.1:88305-89487|CDS|CYA_0091	76.497	451	75	2	1	444	718	1144	3.79e-98	355
Ga0374828_22_5764_6222	CP000239.1:88305-89487|CDS|CYA_0091	77.458	417	87	3	3	413	184	599	2.07e-88	322
Ga0374828_22_5764_6222	CP000240.1:2796782-2798000|CDS|CYB_2707	73.263	475	100	4	3	451	184	657	3.50e-79	291
Ga0374828_22_5764_6222	CP000239.1:1594889-1596107|CDS|CYA_1585	75.904	415	93	3	1	409	182	595	3.50e-79	291
Ga0374828_22_5764_6222	CP000240.1:1842322-1843549|CDS|CYB_1759	72.996	474	101	4	3	450	184	656	5.20e-77	285
Ga0374828_22_5764_6222	CP000240.1:1384265-1385459|CDS|CYB_1322	72.899	476	102	4	1	450	182	656	5.20e-77	284
Ga0374828_22_5764_6222	CP000240.1:2247371-2248565|CDS|CYB_2147	75.422	415	95	3	1	409	182	595	1.81e-76	282
Ga0374828_22_5764_6222	CP000240.1:1316312-1317548|CDS|CYB_1259	72.842	475	102	4	3	451	184	657	1.81e-76	282
Ga0374828_22_5764_6222	CP000240.1:1190675-1191869|CDS|CYB_1151	75.422	415	95	3	1	409	182	595	1.81e-76	282
Ga0374828_22_5764_6222	CP000239.1:2170714-2171908|CDS|CYA_2158	72.632	475	103	4	3	451	184	657	7.71e-75	278
Ga0374828_22_5764_6222	CP000240.1:2644164-2645358|CDS|CYB_2538	75.000	412	96	3	1	406	182	592	3.28e-73	272
Ga0374828_22_5764_6222	CP000240.1:241642-242836|CDS|CYB_0233	72.211	475	105	4	3	451	184	657	4.00e-72	269
Ga0374828_22_5764_6222	CP000240.1:2565689-2566883|CDS|CYB_2468	74.818	413	95	4	1	406	182	592	1.39e-71	267
Ga0374828_22_5764_6222	CP000240.1:2661652-2662870|CDS|CYB_2557	74.576	413	98	3	3	409	184	595	4.87e-71	265
Ga0374828_22_5764_6222	CP000239.1:893439-894633|CDS|CYA_0887	74.576	413	98	3	3	409	184	595	4.87e-71	265
Ga0374828_22_5764_6222	CP000240.1:2619921-2621115|CDS|CYB_2521	72.000	475	106	4	3	451	184	657	4.87e-71	264
Ga0374828_22_5764_6222	CP000240.1:1803089-1804283|CDS|CYB_1722	71.908	477	107	4	1	451	182	657	1.70e-70	263
Ga0374828_22_5764_6222	CP000240.1:629484-630702|CDS|CYB_0620	75.255	392	90	3	24	409	229	619	1.70e-70	263
Ga0374828_22_5764_6222	CP000240.1:345730-346924|CDS|CYB_0329	74.515	412	98	3	1	406	182	592	1.70e-70	263
Ga0374828_22_5764_6222	CP000240.1:1521392-1522610|CDS|CYB_1450	72.467	454	98	4	24	451	229	681	1.70e-70	262
Ga0374828_22_5764_6222	CP000240.1:1064975-1066169|CDS|CYB_1023	71.698	477	108	4	1	451	182	657	2.07e-69	259
Ga0374828_22_5764_6222	CP000239.1:994256-995468|CDS|CYA_0981	74.272	412	99	3	1	406	182	592	2.07e-69	259
Ga0374828_22_5764_6222	CP000239.1:712444-713638|CDS|CYA_0704	74.092	413	100	3	3	409	184	595	2.52e-68	256
Ga0374828_22_5764_6222	CP000240.1:2128026-2129220|CDS|CYB_2026	74.146	410	99	3	1	404	182	590	2.52e-68	255
Ga0374828_22_5764_6222	CP000240.1:52430-53648|CDS|CYB_0041	74.146	410	99	3	3	406	184	592	2.52e-68	255
Ga0374828_22_5764_6222	CP000240.1:2933473-2934709|CDS|CYB_2835	74.745	392	92	3	24	409	229	619	8.80e-68	254
Ga0374828_22_5764_6222	CP000240.1:3008652-3009870|CDS|CYB_2910	72.026	454	100	4	24	451	229	681	8.80e-68	253
Ga0374828_22_5764_6222	CP000240.1:1267756-1268992|CDS|CYB_1227	72.026	454	100	4	24	451	229	681	8.80e-68	253
Ga0374828_22_5764_6222	CP000239.1:774779-775973|CDS|CYA_0767	71.519	474	108	4	3	450	184	656	8.80e-68	253
Ga0374828_22_5764_6222	CP000240.1:1954838-1956056|CDS|CYB_1872	73.850	413	101	3	3	409	184	595	3.07e-67	251
Ga0374828_22_5764_6222	CP000239.1:698055-699204|CDS|CYA_0690	73.902	410	100	3	3	406	184	592	1.07e-66	251
Ga0374828_22_5764_6222	CP000240.1:102811-104029|CDS|CYB_0087	71.806	454	101	4	24	451	229	681	3.74e-66	249
Ga0374828_22_5764_6222	CP000240.1:2168360-2169515|CDS|CYB_2071	71.339	478	104	6	3	451	184	657	3.74e-66	248
Ga0374828_22_5764_6222	CP000240.1:2210858-2212052|CDS|CYB_2117	73.608	413	102	3	3	409	184	595	1.31e-65	247
Ga0374828_22_5764_6222	CP000239.1:629980-631174|CDS|CYA_0620	73.608	413	102	3	3	409	184	595	1.31e-65	247
Ga0374828_22_5764_6222	CP000240.1:2219258-2220470|CDS|CYB_2126	73.544	412	102	3	1	406	182	592	4.56e-65	245
Ga0374828_22_5764_6222	CP000240.1:481588-482800|CDS|CYB_0472	71.069	477	111	4	1	451	182	657	4.56e-65	245
Ga0374828_22_5764_6222	CP000240.1:1358129-1359347|CDS|CYB_1297	71.586	454	102	4	24	451	229	681	4.56e-65	244
Ga0374828_22_5764_6222	CP000240.1:638632-639850|CDS|CYB_0630	71.586	454	102	4	24	451	229	681	4.56e-65	244
Ga0374828_22_5764_6222	CP000240.1:605550-606744|CDS|CYB_0598	70.947	475	111	4	3	451	184	657	5.55e-64	242
Ga0374828_22_5764_6222	CP000240.1:1917270-1918464|CDS|CYB_1826	73.301	412	103	3	1	406	182	592	5.55e-64	241
Ga0374828_22_5764_6222	CP000240.1:1015074-1016268|CDS|CYB_0979	70.860	477	112	4	1	451	182	657	5.55e-64	241
Ga0374828_22_5764_6222	CP000239.1:693322-694534|CDS|CYA_0687	73.301	412	103	3	1	406	182	592	5.55e-64	241
Ga0374828_22_5764_6222	CP000240.1:1083184-1084426|CDS|CYB_1042	71.366	454	103	4	24	451	229	681	1.94e-63	240
Ga0374828_22_5764_6222	CP000240.1:2830275-2831565|CDS|CYB_2735	71.082	453	104	4	24	450	229	680	8.24e-62	233
Ga0374828_22_5764_6222	CP000240.1:1763450-1764623|CDS|CYB_1688	72.816	412	105	3	1	406	182	592	2.88e-61	232
Ga0374828_22_5764_6222	CP000240.1:2553363-2554557|CDS|CYB_2454	72.340	423	109	4	3	419	184	604	4.27e-59	225
Ga0374828_22_5764_6222	CP000240.1:1244785-1246021|CDS|CYB_1201	68.737	499	105	5	3	451	184	681	5.20e-58	221
Ga0374828_22_5764_6222	CP000240.1:2506708-2507857|CDS|CYB_2410	66.534	502	93	6	24	451	253	753	3.07e-48	189
Ga0374828_22_6657_7682	CP000239.1:1052606-1053632|CDS|CYA_1034	99.903	1026	1	0	1	1026	1	1026	0.0	1847
Ga0374828_22_6657_7682	CP000240.1:2954904-2955939|CDS|CYB_2857	86.184	1035	134	1	1	1026	1	1035	0.0	1226
Ga0374828_23_784_4203	CP000239.1:2181899-2185367|CDS|CYA_2169	97.709	3404	60	4	1	3404	49	3434	0.0	5786
Ga0374828_23_784_4203	CP000240.1:755730-759144|CDS|CYB_0734	81.272	3396	592	7	10	3404	43	3395	0.0	3266
Ga0374828_23_4584_5774	CP000239.1:2185699-2186890|CDS|CYA_2170	100.000	1191	0	0	1	1191	1	1191	0.0	2149
Ga0374828_23_4584_5774	CP000240.1:754140-755355|CDS|CYB_0733	86.484	1169	158	0	1	1169	1	1169	0.0	1397
Ga0374828_23_5802_7196	CP000239.1:2187004-2188312|CDS|CYA_2171	99.847	1308	2	0	88	1395	1	1308	0.0	2351
Ga0374828_23_5802_7196	CP000240.1:752641-753946|CDS|CYB_0732	79.412	1292	261	3	103	1393	16	1303	0.0	1122
Ga0374828_24_236_361	CP000239.1:2437095-2437221|CDS|CYA_2428	100.000	126	0	0	1	126	1	126	8.40e-61	228
Ga0374828_24_236_361	CP000240.1:1573091-1573217|CDS|CYB_1497	89.683	126	13	0	1	126	1	126	6.90e-43	169
Ga0374828_24_367_510	CP000239.1:2437226-2437370|CDS|CYA_2429	100.000	144	0	0	1	144	1	144	1.67e-70	260
Ga0374828_24_367_510	CP000240.1:1572954-1573086|CDS|CYB_1496	88.618	123	14	0	22	144	10	132	4.19e-40	159
Ga0374828_24_594_839	CP000239.1:2437453-2437699|CDS|CYA_2430	100.000	246	0	0	1	246	1	246	1.29e-125	444
Ga0374828_24_594_839	CP000240.1:1572632-1572878|CDS|CYB_1495	89.024	246	27	0	1	246	1	246	1.06e-88	323
Ga0374828_24_1219_2007	CP000239.1:2438015-2439716|CDS|CYA_2431	100.000	781	0	0	1	781	64	844	0.0	1409
Ga0374828_24_1219_2007	CP000240.1:1570637-1572323|CDS|CYB_1494	86.812	781	103	0	1	781	64	844	0.0	945
Ga0374828_24_2450_2755	CP000239.1:2432986-2433358|CDS|CYA_2423	99.673	306	1	0	1	306	67	372	1.87e-156	548
Ga0374828_24_2450_2755	CP000240.1:2395869-2396205|CDS|CYB_2290	83.394	277	44	2	31	306	61	336	9.70e-78	286
Ga0374828_24_2863_3015	CP000239.1:2432726-2432879|CDS|CYA_2422	100.000	153	0	0	1	153	1	153	2.33e-75	277
Ga0374828_24_2863_3015	CP000240.1:2396320-2396470|CDS|CYB_2291	91.156	147	13	0	1	147	1	147	3.46e-54	207
Ga0374828_24_3114_3878	CP000239.1:2431863-2432628|CDS|CYA_2421	100.000	765	0	0	1	765	1	765	0.0	1380
Ga0374828_24_3114_3878	CP000240.1:2396568-2397330|CDS|CYB_2292	89.101	734	80	0	1	734	1	734	0.0	964
Ga0374828_24_3969_5120	CP000239.1:2430621-2431743|CDS|CYA_2420	99.733	1122	3	0	31	1152	1	1122	0.0	2011
Ga0374828_24_3969_5120	CP000240.1:2397586-2398834|CDS|CYB_2293	84.884	1032	156	0	81	1112	156	1187	0.0	1159
Ga0374828_24_5164_5652	CP000239.1:2430089-2430578|CDS|CYA_2419	100.000	489	0	0	1	489	1	489	0.0	883
Ga0374828_24_5164_5652	CP000240.1:2398845-2399319|CDS|CYB_2294	83.621	464	76	0	1	464	1	464	1.70e-140	495
Ga0374828_24_5914_6561	CP000239.1:2429180-2429828|CDS|CYA_2418	99.846	648	1	0	1	648	1	648	0.0	1165
Ga0374828_24_5914_6561	CP000240.1:2399769-2400417|CDS|CYB_2295	80.123	649	127	2	1	648	1	648	1.99e-166	582
Ga0374828_25_1199_1891	CP000239.1:89674-90367|CDS|CYA_0092	100.000	693	0	0	1	693	1	693	0.0	1251
Ga0374828_25_1199_1891	CP000240.1:2156694-2157387|CDS|CYB_2059	86.297	686	94	0	1	686	1	686	0.0	814
Ga0374828_25_1891_2547	CP000239.1:90366-91023|CDS|CYA_0093	99.239	657	5	0	1	657	1	657	0.0	1163
Ga0374828_25_1891_2547	CP000240.1:2157386-2158043|CDS|CYB_2060	83.866	657	106	0	1	657	1	657	0.0	708
Ga0374828_25_2786_3904	CP000239.1:91261-92380|CDS|CYA_0094	100.000	1119	0	0	1	1119	1	1119	0.0	2019
Ga0374828_25_2786_3904	CP000240.1:2158298-2159417|CDS|CYB_2061	86.327	1119	153	0	1	1119	1	1119	0.0	1329
Ga0374828_25_4057_4515	CP000239.1:92496-92991|CDS|CYA_0095	100.000	459	0	0	1	459	37	495	0.0	829
Ga0374828_25_4057_4515	CP000240.1:2159577-2160048|CDS|CYB_2062	80.000	465	78	4	1	453	1	462	1.22e-116	416
Ga0374828_25_4629_4973	CP000239.1:93104-93449|CDS|CYA_0096	100.000	345	0	0	1	345	1	345	3.36e-179	623
Ga0374828_25_4629_4973	CP000240.1:2160121-2160466|CDS|CYB_2063	84.802	329	50	0	1	329	1	329	1.18e-102	369
Ga0374828_25_5350_6723	CP000239.1:93642-95199|CDS|CYA_0097	99.927	1374	1	0	1	1374	184	1557	0.0	2474
Ga0374828_25_5350_6723	CP000240.1:2160616-2162161|CDS|CYB_2064	82.125	1365	229	5	2	1363	185	1537	0.0	1353
Ga0374828_26_8_877	CP000239.1:1051099-1052437|CDS|CYA_1032	99.655	870	3	0	1	870	469	1338	0.0	1556
Ga0374828_26_8_877	CP000240.1:2953376-2954759|CDS|CYB_2855	78.029	883	161	3	1	850	484	1366	0.0	735
Ga0374828_26_874_1623	CP000239.1:1050353-1051103|CDS|CYA_1033	100.000	750	0	0	1	750	1	750	0.0	1353
Ga0374828_26_874_1623	CP000240.1:2952636-2953380|CDS|CYB_2856	86.800	750	93	1	1	750	1	744	0.0	908
Ga0374828_26_1881_2783	CP000239.1:1049193-1050096|CDS|CYA_1031	99.889	903	1	0	1	903	1	903	0.0	1625
Ga0374828_26_1881_2783	CP000240.1:2951359-2952262|CDS|CYB_2854	84.718	903	138	0	1	903	1	903	0.0	1007
Ga0374828_26_2800_3402	CP000239.1:1047275-1049177|CDS|CYA_1030	99.834	603	1	0	1	603	1300	1902	0.0	1084
Ga0374828_26_2800_3402	CP000240.1:2717149-2719069|CDS|CYB_2625	84.680	594	86	2	11	603	1331	1920	0.0	657
Ga0374828_26_3631_4704	CP000239.1:1047275-1049177|CDS|CYA_1030	99.814	1074	0	1	1	1074	1	1072	0.0	1926
Ga0374828_26_3631_4704	CP000240.1:2717149-2719069|CDS|CYB_2625	85.940	1074	149	1	1	1074	1	1072	0.0	1254
Ga0374828_26_4720_5724	CP000239.1:1046249-1047260|CDS|CYA_1029	99.801	1005	2	0	1	1005	7	1011	0.0	1804
Ga0374828_26_4720_5724	CP000240.1:2719084-2720125|CDS|CYB_2626	81.467	1036	160	7	1	1005	7	1041	0.0	1001
Ga0374828_26_5819_6262	CP000239.1:1045717-1046161|CDS|CYA_1028	100.000	444	0	0	1	444	1	444	0.0	801
Ga0374828_26_5819_6262	CP000240.1:2720213-2720657|CDS|CYB_2627	87.162	444	57	0	1	444	1	444	3.37e-155	545
Ga0374828_26_6707_7117	CP000239.1:1044862-1045273|CDS|CYA_1027	99.757	411	1	0	1	411	1	411	0.0	737
Ga0374828_26_6707_7117	CP000240.1:2720920-2721424|CDS|CYB_2628	88.020	409	49	0	1	409	94	502	4.32e-147	517
Ga0374828_27_262_894	CP000239.1:1072186-1072819|CDS|CYA_1055	100.000	633	0	0	1	633	1	633	0.0	1142
Ga0374828_27_262_894	CP000240.1:2496371-2497004|CDS|CYB_2396	84.810	632	96	0	2	633	2	633	0.0	708
Ga0374828_27_925_1029	CP000239.1:1075231-1077295|CDS|CYA_1059	100.000	105	0	0	1	105	1960	2064	1.68e-49	190
Ga0374828_27_925_1029	CP000240.1:288322-290380|CDS|CYB_0274	87.619	105	13	0	1	105	1954	2058	1.38e-31	132
Ga0374828_27_1385_2371	CP000239.1:1073889-1075026|CDS|CYA_1058	99.899	987	1	0	1	987	151	1137	0.0	1776
Ga0374828_27_1385_2371	CP000240.1:2494155-2495304|CDS|CYB_2393	96.454	987	35	0	1	987	163	1149	0.0	1623
Ga0374828_27_2359_2493	CP000239.1:1073704-1073902|CDS|CYA_1057	100.000	125	0	0	1	125	1	125	3.19e-60	226
Ga0374828_27_2359_2493	CP000240.1:2495291-2495489|CDS|CYB_2394	90.400	125	12	0	1	125	1	125	6.15e-44	172
Ga0374828_27_2484_3221	CP000239.1:1067687-1068644|CDS|CYA_1049	99.729	738	2	0	1	738	220	957	0.0	1323
Ga0374828_27_2484_3221	CP000240.1:2970577-2971534|CDS|CYB_2874	87.263	738	94	0	1	738	220	957	0.0	908
Ga0374828_27_3325_4311	CP000239.1:1068747-1069734|CDS|CYA_1050	99.899	987	1	0	1	987	1	987	0.0	1776
Ga0374828_27_3325_4311	CP000240.1:2499534-2500518|CDS|CYB_2400	87.141	941	121	0	46	986	43	983	0.0	1152
Ga0374828_27_4341_5474	CP000239.1:1069763-1070897|CDS|CYA_1051	100.000	1134	0	0	1	1134	1	1134	0.0	2046
Ga0374828_27_4341_5474	CP000240.1:2498323-2499439|CDS|CYB_2399	87.184	1108	142	0	1	1108	1	1108	0.0	1359
Ga0374828_27_5576_5707	CP000239.1:1070998-1071130|CDS|CYA_1052	100.000	132	0	0	1	132	1	132	4.91e-64	239
Ga0374828_27_5832_6107	CP000239.1:1071254-1071986|CDS|CYA_1053	100.000	276	0	0	1	276	457	732	7.58e-142	499
Ga0374828_27_5832_6107	CP000240.1:2497102-2497912|CDS|CYB_2397	84.783	276	42	0	1	276	535	810	7.60e-85	309
Ga0374828_28_84_809	CP000239.1:585521-586202|CDS|CYA_0572	99.853	681	1	0	46	726	1	681	0.0	1224
Ga0374828_28_84_809	CP000240.1:1376500-1377226|CDS|CYB_1313	77.824	726	161	0	1	726	1	726	6.42e-167	584
Ga0374828_28_851_1393	CP000239.1:586288-586831|CDS|CYA_0573	100.000	543	0	0	1	543	1	543	0.0	980
Ga0374828_28_851_1393	CP000240.1:1377267-1377837|CDS|CYB_1314	81.682	535	98	0	1	535	28	562	3.90e-149	524
Ga0374828_28_1875_2333	CP000239.1:587312-587771|CDS|CYA_0574	99.782	459	1	0	1	459	1	459	0.0	824
Ga0374828_28_1875_2333	CP000240.1:69558-70017|CDS|CYB_0057	85.403	459	67	0	1	459	1	459	9.36e-150	526
Ga0374828_28_2362_3300	CP000239.1:587799-588738|CDS|CYA_0575	100.000	939	0	0	1	939	1	939	0.0	1694
Ga0374828_28_2362_3300	CP000240.1:70136-71075|CDS|CYB_0058	84.806	928	141	0	1	928	1	928	0.0	1039
Ga0374828_28_3400_4551	CP000239.1:588837-589989|CDS|CYA_0577	100.000	1152	0	0	1	1152	1	1152	0.0	2078
Ga0374828_28_3400_4551	CP000240.1:71167-72319|CDS|CYB_0060	90.530	1151	109	0	1	1151	1	1151	0.0	1585
Ga0374828_28_4548_5459	CP000239.1:589985-590897|CDS|CYA_0576	99.781	912	2	0	1	912	1	912	0.0	1636
Ga0374828_28_4548_5459	CP000240.1:72315-73227|CDS|CYB_0059	85.088	912	134	2	1	911	1	911	0.0	1025
Ga0374828_28_5509_5829	CP000239.1:590946-591267|CDS|CYA_0578	100.000	321	0	0	1	321	1	321	3.32e-166	580
Ga0374828_28_5509_5829	CP000240.1:73284-73605|CDS|CYB_0061	88.474	321	37	0	1	321	1	321	1.02e-115	413
Ga0374828_29_15_611	CP000239.1:2592634-2593231|CDS|CYA_2568	99.832	597	1	0	1	597	1	597	0.0	1073
Ga0374828_29_15_611	CP000240.1:1071392-1072049|CDS|CYB_1028	79.732	597	97	1	1	573	1	597	1.08e-156	549
Ga0374828_29_1124_2149	CP000239.1:2593698-2594769|CDS|CYA_2570	96.004	1026	41	0	1	1026	46	1071	0.0	1666
Ga0374828_29_1124_2149	CP000240.1:1069917-1070976|CDS|CYB_1027	83.451	991	164	0	2	992	47	1037	0.0	1049
Ga0374828_29_2146_5166	CP000239.1:2594765-2597696|CDS|CYA_2569	99.639	2768	10	0	193	2960	109	2876	0.0	4947
Ga0374828_29_2146_5166	CP000240.1:34637-37646|CDS|CYB_0028	77.750	2845	552	27	198	2982	111	2934	0.0	2229
Ga0374828_30_130_1128	CP000239.1:1344207-1345005|CDS|CYA_1329	100.000	798	0	0	202	999	1	798	0.0	1440
Ga0374828_30_130_1128	CP000240.1:2654318-2655116|CDS|CYB_2550	85.213	798	114	2	202	997	1	796	0.0	902
Ga0374828_30_1186_1992	CP000239.1:1343097-1343904|CDS|CYA_1328	99.628	807	3	0	1	807	1	807	0.0	1443
Ga0374828_30_1186_1992	CP000240.1:2653238-2654057|CDS|CYB_2549	85.226	819	109	2	1	807	1	819	0.0	934
Ga0374828_30_2237_3457	CP000239.1:1341632-1342853|CDS|CYA_1327	100.000	1221	0	0	1	1221	1	1221	0.0	2203
Ga0374828_30_2237_3457	CP000240.1:2651824-2653042|CDS|CYB_2548	85.164	1220	178	1	1	1220	1	1217	0.0	1383
Ga0374828_30_3481_3684	CP000239.1:1341405-1341609|CDS|CYA_1326	100.000	204	0	0	1	204	1	204	6.62e-103	369
Ga0374828_30_3481_3684	CP000240.1:1442517-1442721|CDS|CYB_1373	89.500	200	21	0	1	200	1	200	5.81e-72	267
Ga0374828_30_3875_4006	CP000239.1:1341083-1341215|CDS|CYA_1325	100.000	132	0	0	1	132	1	132	4.91e-64	239
Ga0374828_30_3875_4006	CP000240.1:1442183-1442315|CDS|CYB_1372	90.000	130	13	0	1	130	1	130	4.92e-45	177
Ga0374828_30_4033_4902	CP000239.1:1340187-1341045|CDS|CYA_1324	96.366	853	31	0	13	865	1	853	0.0	1399
Ga0374828_30_4033_4902	CP000240.1:1441287-1442145|CDS|CYB_1371	89.173	859	91	2	13	870	1	858	0.0	1123
Ga0374828_30_4906_5550	CP000240.1:1440738-1441284|CDS|CYB_1370	99.634	546	2	0	100	645	1	546	0.0	976
Ga0374828_30_4906_5550	CP000239.1:1339536-1340181|CDS|CYA_1323	90.824	643	59	0	1	643	1	643	0.0	894
Ga0374828_31_285_2216	CP000239.1:1936844-1938779|CDS|CYA_1925	91.059	1935	170	1	1	1932	1	1935	0.0	2709
Ga0374828_31_285_2216	CP000240.1:2121154-2123083|CDS|CYB_2016	90.189	1906	184	1	1	1903	1	1906	0.0	2593
Ga0374828_31_2601_3875	CP000240.1:2119496-2120771|CDS|CYB_2015	98.980	1275	13	0	1	1275	1	1275	0.0	2241
Ga0374828_31_2601_3875	CP000239.1:1935172-1936447|CDS|CYA_1924	98.039	1275	25	0	1	1275	1	1275	0.0	2187
Ga0374828_31_3980_5137	CP000239.1:1933910-1935068|CDS|CYA_1923	98.791	1158	14	0	1	1158	1	1158	0.0	2026
Ga0374828_31_3980_5137	CP000240.1:2118234-2119392|CDS|CYB_2014	95.509	1158	52	0	1	1158	1	1158	0.0	1855
Ga0374828_32_980_2056	CP000239.1:1533206-1534283|CDS|CYA_1522	99.814	1077	2	0	1	1077	1	1077	0.0	1934
Ga0374828_32_980_2056	CP000240.1:1132451-1133432|CDS|CYB_1098	84.352	965	151	0	97	1061	1	965	0.0	1060
Ga0374828_32_2110_3369	CP000239.1:1534363-1535596|CDS|CYA_1524	99.189	1233	10	0	28	1260	1	1233	0.0	2179
Ga0374828_32_2110_3369	CP000240.1:1133481-1134786|CDS|CYB_1100	80.184	1196	199	6	49	1207	100	1294	0.0	1096
Ga0374828_33_349_906	CP000239.1:2224763-2225393|CDS|CYA_2210	99.642	558	2	0	1	558	73	630	0.0	998
Ga0374828_33_349_906	CP000240.1:1087212-1087833|CDS|CYB_1048	82.129	526	94	0	2	527	74	599	1.15e-149	526
Ga0374828_33_1679_1855	CP000239.1:2226165-2226342|CDS|CYA_2211	100.000	177	0	0	1	177	1	177	2.56e-88	320
Ga0374828_33_2290_3396	CP000239.1:2226776-2227883|CDS|CYA_2212	99.819	1107	2	0	1	1107	1	1107	0.0	1988
Ga0374828_33_2290_3396	CP000240.1:1090988-1092098|CDS|CYB_1054	84.481	1089	163	1	1	1083	1	1089	0.0	1204
Ga0374828_33_3614_3946	CP000239.1:2228070-2228433|CDS|CYA_2213	100.000	333	0	0	1	333	31	363	1.06e-172	601
Ga0374828_33_3614_3946	CP000240.1:1090460-1090823|CDS|CYB_1052	86.446	332	45	0	2	333	32	363	8.15e-111	397
Ga0374828_33_3971_4207	CP000239.1:2228457-2228694|CDS|CYA_2214	99.578	237	1	0	1	237	1	237	4.05e-119	424
Ga0374828_33_3971_4207	CP000240.1:1090199-1090436|CDS|CYB_1051	88.608	237	27	0	1	237	1	237	7.83e-84	306
Ga0374828_34_249_458	CP000239.1:2609201-2609414|CDS|CYA_2585	100.000	210	0	0	1	210	4	213	3.78e-106	379
Ga0374828_34_595_846	CP000239.1:2608813-2609137|CDS|CYA_2584	100.000	252	0	0	1	252	73	324	7.33e-129	455
Ga0374828_34_595_846	CP000240.1:2477689-2477944|CDS|CYB_2372	82.353	255	42	1	1	252	1	255	1.33e-68	256
Ga0374828_34_982_3270	CP000239.1:2606278-2608678|CDS|CYA_2582	99.869	2292	0	1	1	2289	109	2400	0.0	4119
Ga0374828_34_982_3270	CP000240.1:2478039-2480457|CDS|CYB_2373	83.268	2295	367	4	1	2279	115	2408	0.0	2406
Ga0374828_34_3765_4157	CP000239.1:2603692-2604097|CDS|CYA_2579	100.000	393	0	0	1	393	13	405	0.0	710
Ga0374828_34_3765_4157	CP000240.1:2480948-2481353|CDS|CYB_2374	84.772	394	58	2	1	393	13	405	3.86e-122	434
Ga0374828_34_4266_4487	CP000239.1:2603362-2603584|CDS|CYA_2578	99.550	222	1	0	1	222	1	222	5.23e-111	397
Ga0374828_34_4266_4487	CP000240.1:2481465-2481687|CDS|CYB_2375	83.582	201	31	2	22	221	22	221	5.25e-54	207
Ga0374828_35_225_1286	CP000239.1:1890396-1891458|CDS|CYA_1885	99.906	1062	1	0	1	1062	1	1062	0.0	1911
Ga0374828_35_225_1286	CP000240.1:275060-276122|CDS|CYB_0260	85.052	1057	158	0	1	1057	1	1057	0.0	1195
Ga0374828_35_1310_4183	CP000239.1:1891481-1895570|CDS|CYA_1886	99.826	2868	5	0	7	2874	1222	4089	0.0	5150
Ga0374828_35_1310_4183	CP000240.1:270932-275033|CDS|CYB_0259	75.174	2876	674	8	15	2858	1209	4076	0.0	1968
Ga0374828_36_94_579	CP000239.1:2241563-2242049|CDS|CYA_2226	100.000	486	0	0	1	486	1	486	0.0	877
Ga0374828_36_94_579	CP000240.1:1508947-1509433|CDS|CYB_1439	91.152	486	43	0	1	486	1	486	0.0	683
Ga0374828_36_720_923	CP000239.1:2241219-2241423|CDS|CYA_2225	100.000	204	0	0	1	204	1	204	6.62e-103	369
Ga0374828_36_720_923	CP000240.1:1509599-1509803|CDS|CYB_1440	93.137	204	14	0	1	204	1	204	6.62e-84	306
Ga0374828_36_1056_2087	CP000239.1:2240055-2241087|CDS|CYA_2224	100.000	1032	0	0	1	1032	1	1032	0.0	1862
Ga0374828_36_1056_2087	CP000240.1:1509936-1510965|CDS|CYB_1441	85.142	1023	149	1	1	1023	1	1020	0.0	1159
Ga0374828_36_2112_3752	CP000239.1:2238390-2240031|CDS|CYA_2223	100.000	1641	0	0	1	1641	1	1641	0.0	2960
Ga0374828_36_2112_3752	CP000240.1:1511095-1512736|CDS|CYB_1442	88.361	1641	191	0	1	1641	1	1641	0.0	2099
Ga0374828_36_3796_4128	CP000239.1:2237804-2238347|CDS|CYA_2222	100.000	333	0	0	1	333	211	543	1.06e-172	601
Ga0374828_37_971_1984	CP000239.1:2199574-2200729|CDS|CYA_2182	99.803	1014	2	0	1	1014	142	1155	0.0	1820
Ga0374828_37_971_1984	CP000240.1:377265-378450|CDS|CYB_0361	75.869	978	225	6	8	978	170	1143	0.0	683
Ga0374828_37_2040_4115	CP000239.1:2200784-2203076|CDS|CYA_2183	99.807	2069	4	0	8	2076	224	2292	0.0	3714
Ga0374828_37_2040_4115	CP000240.1:1479695-1481996|CDS|CYB_1412	79.855	2075	395	10	8	2066	227	2294	0.0	1834
Ga0374828_38_19_1584	CP000239.1:1989935-1992536|CDS|CYA_1973	92.146	1566	123	0	1	1566	1036	2601	0.0	2270
Ga0374828_38_19_1584	CP000240.1:1186152-1188744|CDS|CYB_1147	83.387	1559	232	2	1	1559	1054	2585	0.0	1660
Ga0374828_38_1873_2334	CP000239.1:1989185-1989647|CDS|CYA_1970	99.784	462	1	0	1	462	1	462	0.0	829
Ga0374828_38_1873_2334	CP000240.1:1189003-1189459|CDS|CYB_1150	82.955	440	72	1	1	437	1	440	4.89e-128	454
Ga0374828_38_2331_3119	CP000239.1:1988277-1989189|CDS|CYA_1971	100.000	789	0	0	1	789	124	912	0.0	1424
Ga0374828_38_2331_3119	CP000240.1:1189455-1190367|CDS|CYB_1149	83.569	779	128	0	1	779	124	902	0.0	829
Ga0374828_38_3379_4161	CP000239.1:1986509-1988141|CDS|CYA_1969	99.489	783	4	0	1	783	850	1632	0.0	1395
Ga0374828_38_3379_4161	CP000240.1:2413979-2415611|CDS|CYB_2304	88.333	780	91	0	2	781	851	1630	0.0	997
Ga0374828_39_18_962	CP000239.1:2806201-2807254|CDS|CYA_2786	98.199	944	17	0	2	945	110	1053	0.0	1627
Ga0374828_39_18_962	CP000240.1:2574289-2575342|CDS|CYB_2478	89.312	945	101	0	1	945	109	1053	0.0	1250
Ga0374828_39_987_1421	CP000239.1:2807278-2807713|CDS|CYA_2787	99.770	435	1	0	1	435	1	435	0.0	781
Ga0374828_39_987_1421	CP000240.1:197580-198018|CDS|CYB_0183	83.019	371	63	0	1	371	1	371	1.95e-107	386
Ga0374828_39_1457_1732	CP000239.1:2807748-2808024|CDS|CYA_2788	100.000	276	0	0	1	276	1	276	7.58e-142	499
Ga0374828_39_1457_1732	CP000240.1:198054-198330|CDS|CYB_0184	87.681	276	34	0	1	276	1	276	1.06e-95	345
Ga0374828_39_1821_2501	CP000239.1:2808112-2808793|CDS|CYA_2789	99.853	681	1	0	1	681	1	681	0.0	1224
Ga0374828_39_1821_2501	CP000240.1:198422-199106|CDS|CYB_0185	82.344	691	105	5	1	681	1	684	0.0	690
Ga0374828_39_2568_3053	CP000239.1:2808859-2809345|CDS|CYA_2790	100.000	486	0	0	1	486	1	486	0.0	877
Ga0374828_39_2568_3053	CP000240.1:199110-199596|CDS|CYB_0186	86.626	486	65	0	1	486	1	486	4.23e-167	584
Ga0374828_40_180_1370	CP000239.1:1971648-1972839|CDS|CYA_1961	99.916	1191	1	0	1	1191	1	1191	0.0	2144
Ga0374828_40_180_1370	CP000240.1:2884123-2885332|CDS|CYB_2789	79.767	1201	228	3	1	1189	1	1198	0.0	1071
Ga0374828_40_1373_2398	CP000239.1:1972841-1973888|CDS|CYA_1962	98.148	1026	19	0	1	1026	22	1047	0.0	1765
Ga0374828_40_1373_2398	CP000240.1:2246230-2247292|CDS|CYB_2146	83.122	1025	173	0	1	1025	37	1061	0.0	1069
Ga0374828_40_2439_3518	CP000239.1:1973892-1974942|CDS|CYA_1963	93.048	1050	73	0	31	1080	1	1050	0.0	1565
Ga0374828_40_2439_3518	CP000240.1:2245178-2246231|CDS|CYB_2145	87.393	1047	132	0	31	1077	1	1047	0.0	1294
Ga0374828_42_1231_1746	CP000239.1:341672-342188|CDS|CYA_0323	99.806	516	1	0	1	516	1	516	0.0	927
Ga0374828_42_1231_1746	CP000240.1:1787992-1788508|CDS|CYB_1702	85.078	516	77	0	1	516	1	516	4.50e-167	584
Ga0374828_42_1927_2946	CP000239.1:342372-343392|CDS|CYA_0325	100.000	1020	0	0	1	1020	1	1020	0.0	1840
Ga0374828_42_1927_2946	CP000240.1:1788664-1789684|CDS|CYB_1704	88.725	1020	115	0	1	1020	1	1020	0.0	1322
Ga0374828_42_2931_3533	CP000239.1:343376-343979|CDS|CYA_0324	100.000	603	0	0	1	603	1	603	0.0	1088
Ga0374828_42_2931_3533	CP000240.1:1789718-1790279|CDS|CYB_1705	77.555	548	123	0	1	548	1	548	6.05e-122	434
Ga0374828_43_465_1232	CP000239.1:941581-942214|CDS|CYA_0932	99.842	633	1	0	136	768	1	633	0.0	1138
Ga0374828_43_465_1232	CP000240.1:1078723-1079557|CDS|CYB_1037	71.921	755	208	4	16	768	82	834	2.38e-109	392
Ga0374828_43_1229_2179	CP000240.1:1077776-1078727|CDS|CYB_1036	75.754	928	223	2	25	951	25	951	0.0	653
Ga0374828_43_2152_3408	CP000239.1:943316-944390|CDS|CYA_0933	99.814	1074	2	0	184	1257	1	1074	0.0	1929
Ga0374828_43_2152_3408	CP000240.1:1076532-1077627|CDS|CYB_1034	78.329	1089	216	5	178	1250	1	1085	0.0	896
Ga0374828_44_1549_2124	CP000239.1:2454481-2455057|CDS|CYA_2445	100.000	576	0	0	1	576	1	576	0.0	1040
Ga0374828_44_1549_2124	CP000240.1:2646245-2646818|CDS|CYB_2541	90.493	568	54	0	1	568	1	568	0.0	782
Ga0374828_45_314_787	CP000239.1:171020-171494|CDS|CYA_0174	100.000	474	0	0	1	474	1	474	0.0	856
Ga0374828_45_784_2886	CP000239.1:627357-629493|CDS|CYA_0619	68.589	1595	456	20	274	1850	301	1868	4.17e-162	569
Ga0374828_45_784_2886	CP000240.1:49773-51909|CDS|CYB_0040	67.833	1772	507	29	274	2018	301	2036	3.21e-157	553
Ga0374828_46_465_3161	CP000239.1:1981722-1986432|CDS|CYA_1968	99.370	2697	17	0	1	2697	2014	4710	0.0	4788
Ga0374828_46_465_3161	CP000240.1:2233526-2238314|CDS|CYB_2140	83.811	2724	414	6	1	2697	2065	4788	0.0	2922
Ga0374828_47_632_1351	CP000239.1:2189854-2190574|CDS|CYA_2173	100.000	720	0	0	1	720	1	720	0.0	1299
Ga0374828_47_1395_2114	CP000239.1:2191993-2192713|CDS|CYA_2176	100.000	720	0	0	1	720	1	720	0.0	1299
Ga0374828_47_2121_2831	CP000239.1:2191276-2191987|CDS|CYA_2175	99.859	711	1	0	1	711	1	711	0.0	1278
Ga0374828_47_2121_2831	CP000240.1:513958-514663|CDS|CYB_0502	82.148	689	123	0	18	706	12	700	0.0	689
Ga0374828_47_2835_3116	CP000239.1:2190748-2191273|CDS|CYA_2174	100.000	282	0	0	1	282	244	525	4.29e-145	509
Ga0374828_47_2835_3116	CP000240.1:514666-515191|CDS|CYB_0503	89.362	282	30	0	1	282	244	525	2.23e-104	374
Ga0374828_48_62_292	CP000239.1:2205544-2206615|CDS|CYA_2186	100.000	202	0	0	16	217	1	202	9.26e-102	365
Ga0374828_48_62_292	CP000240.1:1475731-1476802|CDS|CYB_1407	94.089	203	12	0	16	218	1	203	5.13e-86	313
Ga0374828_48_320_598	CP000239.1:2205544-2206615|CDS|CYA_2186	100.000	279	0	0	1	279	793	1071	1.80e-143	504
Ga0374828_48_320_598	CP000240.1:1475731-1476802|CDS|CYB_1407	88.530	279	32	0	1	279	793	1071	4.85e-100	360
Ga0374828_48_800_1405	CP000239.1:2204737-2205343|CDS|CYA_2185	100.000	606	0	0	1	606	1	606	0.0	1094
Ga0374828_48_800_1405	CP000240.1:1477420-1478002|CDS|CYB_1409	83.392	572	95	0	34	605	10	581	5.68e-173	604
Ga0374828_48_1431_2765	CP000239.1:2203377-2204712|CDS|CYA_2184	99.925	1335	1	0	1	1335	1	1335	0.0	2404
Ga0374828_48_1431_2765	CP000240.1:1478036-1479386|CDS|CYB_1410	85.224	1340	183	3	1	1325	1	1340	0.0	1525
Ga0374828_49_14_640	CP000239.1:1319890-1320673|CDS|CYA_1310	100.000	627	0	0	1	627	157	783	0.0	1131
Ga0374828_49_14_640	CP000240.1:967381-968164|CDS|CYB_0929	88.995	627	69	0	1	627	157	783	0.0	820
Ga0374828_49_1311_2501	CP000239.1:1318029-1319391|CDS|CYA_1308	99.832	1191	2	0	1	1191	172	1362	0.0	2140
Ga0374828_49_1311_2501	CP000240.1:965342-966683|CDS|CYB_0927	83.473	1192	195	2	1	1191	151	1341	0.0	1255
Ga0374828_50_1269_1685	CP000239.1:2843282-2843699|CDS|CYA_2825	99.760	417	1	0	1	417	1	417	0.0	748
Ga0374828_50_1269_1685	CP000240.1:858030-858567|CDS|CYB_0827	80.103	387	55	3	1	367	94	478	2.59e-99	358
Ga0374828_52_416_751	CP000239.1:312013-312340|CDS|CYA_0305	86.061	330	43	1	7	336	1	327	4.26e-108	387
Ga0374828_52_416_751	CP000240.1:830328-830916|CDS|CYB_0804	86.620	284	38	0	7	290	259	542	1.59e-94	342
Ga0374828_52_987_1214	CP000239.1:312457-312718|CDS|CYA_0306	86.500	200	27	0	1	200	34	233	9.15e-64	240
Ga0374828_52_987_1214	CP000240.1:830328-830916|CDS|CYB_0804	85.128	195	29	0	1	195	24	218	2.45e-58	222
Ga0374828_52_1358_1804	CP000239.1:312833-313277|CDS|CYA_0307	93.960	447	24	1	1	447	1	444	0.0	683
Ga0374828_52_1358_1804	CP000240.1:831034-831478|CDS|CYB_0805	83.221	447	72	1	1	447	1	444	7.48e-132	467
Ga0374828_52_1815_2738	CP000239.1:313287-315018|CDS|CYA_0308	99.784	924	2	0	1	924	808	1731	0.0	1658
Ga0374828_52_1815_2738	CP000240.1:831481-833314|CDS|CYB_0806	69.009	1039	206	12	1	924	796	1833	1.07e-133	473
Ga0374828_53_791_2659	CP000239.1:179592-181878|CDS|CYA_0181	99.411	1869	11	0	1	1869	418	2286	0.0	3322
Ga0374828_53_791_2659	CP000240.1:2626056-2628357|CDS|CYB_2525	85.607	1869	269	0	1	1869	433	2301	0.0	2159
Ga0374828_54_79_633	CP000239.1:2883500-2884055|CDS|CYA_2866	100.000	555	0	0	1	555	1	555	0.0	1002
Ga0374828_54_79_633	CP000240.1:1561334-1561886|CDS|CYB_1485	83.549	541	89	0	1	541	1	541	2.52e-164	575
Ga0374828_54_690_1229	CP000239.1:2882904-2883444|CDS|CYA_2865	99.630	540	2	0	1	540	1	540	0.0	966
Ga0374828_54_690_1229	CP000240.1:1562118-1562664|CDS|CYB_1486	81.544	531	92	1	16	540	16	546	5.75e-147	517
Ga0374828_54_1342_1794	CP000239.1:2882339-2882792|CDS|CYA_2864	100.000	453	0	0	1	453	1	453	0.0	818
Ga0374828_54_1342_1794	CP000240.1:1331509-1331944|CDS|CYB_1274	79.808	416	82	2	39	453	21	435	1.91e-101	365
Ga0374828_55_20_709	CP000239.1:2425127-2425949|CDS|CYA_2413	100.000	690	0	0	1	690	133	822	0.0	1245
Ga0374828_55_20_709	CP000240.1:2402263-2403088|CDS|CYB_2297	81.053	665	126	0	1	665	130	794	0.0	632
Ga0374828_55_978_1781	CP000239.1:2424055-2424829|CDS|CYA_2412	99.742	774	2	0	31	804	1	774	0.0	1388
Ga0374828_55_978_1781	CP000240.1:2317632-2318424|CDS|CYB_2209	82.552	768	134	0	2	769	5	772	0.0	782
Ga0374828_56_41_595	CP000239.1:2602149-2602755|CDS|CYA_2576	99.820	555	1	0	1	555	52	606	0.0	997
Ga0374828_56_41_595	CP000240.1:2482281-2482890|CDS|CYB_2377	79.819	441	83	1	1	435	1	441	1.40e-110	396
Ga0374828_56_673_1665	CP000239.1:2600962-2602072|CDS|CYA_2575	100.000	993	0	0	1	993	118	1110	0.0	1792
Ga0374828_56_673_1665	CP000240.1:727767-728829|CDS|CYB_0712	84.476	992	152	2	1	991	70	1060	0.0	1088
Ga0374828_56_1805_2248	CP000239.1:2600433-2600940|CDS|CYA_2574	100.000	444	0	0	1	444	64	507	0.0	801
Ga0374828_56_1805_2248	CP000240.1:2586669-2587263|CDS|CYB_2491	84.876	443	67	0	1	443	151	593	4.39e-141	498
Ga0374828_57_212_607	CP000239.1:2235539-2235965|CDS|CYA_2219	100.000	396	0	0	1	396	31	426	0.0	715
Ga0374828_57_212_607	CP000240.1:1512795-1513710|CDS|CYB_1443	84.557	395	43	1	1	395	1	377	5.06e-127	450
Ga0374828_59_455_1342	CP000239.1:2815491-2816349|CDS|CYA_2796	99.883	858	1	0	31	888	1	858	0.0	1544
Ga0374828_59_455_1342	CP000240.1:1002316-1003060|CDS|CYB_0966	83.984	743	119	0	146	888	2	744	0.0	804
Ga0374828_59_1484_2254	CP000239.1:2816490-2817261|CDS|CYA_2797	100.000	771	0	0	1	771	1	771	0.0	1391
Ga0374828_59_1484_2254	CP000240.1:1001413-1002196|CDS|CYB_0965	86.780	764	101	0	8	771	20	783	0.0	923
Ga0374828_59_2280_2399	CP000239.1:2817286-2817688|CDS|CYA_2798	100.000	120	0	0	1	120	283	402	1.43e-57	217
Ga0374828_59_2280_2399	CP000240.1:1000293-1000695|CDS|CYB_0963	85.593	118	17	0	1	118	283	400	3.84e-33	137
Ga0374828_60_245_538	CP000239.1:1355155-1355449|CDS|CYA_1343	97.241	290	8	0	1	290	1	290	1.47e-138	488
Ga0374828_60_245_538	CP000240.1:2324649-2324943|CDS|CYB_2217	85.517	290	42	0	1	290	1	290	2.04e-92	334
Ga0374828_60_606_1127	CP000239.1:1354566-1355088|CDS|CYA_1342	99.808	522	1	0	1	522	1	522	0.0	938
Ga0374828_60_606_1127	CP000240.1:2324030-2324552|CDS|CYB_2216	89.080	522	57	0	1	522	1	522	0.0	685
Ga0374828_60_1205_1540	CP000239.1:1354153-1354489|CDS|CYA_1341	99.702	336	1	0	1	336	1	336	1.07e-172	602
Ga0374828_60_1205_1540	CP000240.1:2323573-2323858|CDS|CYB_2215	89.139	267	29	0	36	302	6	272	3.07e-97	352
Ga0374828_61_219_617	CP000239.1:34556-34955|CDS|CYA_0037	100.000	399	0	0	1	399	1	399	0.0	720
Ga0374828_61_219_617	CP000239.1:2728529-2728928|CDS|CYA_2709	99.499	399	2	0	1	399	1	399	0.0	711
Ga0374828_61_219_617	CP000239.1:1152553-1152952|CDS|CYA_1126	99.499	399	2	0	1	399	1	399	0.0	711
Ga0374828_61_219_617	CP000239.1:1013062-1013461|CDS|CYA_0999	99.499	399	2	0	1	399	1	399	0.0	711
Ga0374828_61_219_617	CP000239.1:1290362-1291310|CDS|CYA_1279	99.500	400	1	1	1	399	1	400	0.0	710
Ga0374828_61_219_617	CP000239.1:1663935-1664334|CDS|CYA_1661	99.248	399	3	0	1	399	1	399	0.0	707
Ga0374828_61_219_617	CP000239.1:1300762-1301161|CDS|CYA_1291	99.248	399	3	0	1	399	1	399	0.0	707
Ga0374828_61_219_617	CP000239.1:1612111-1613059|CDS|CYA_1604	99.250	400	2	1	1	399	1	400	0.0	705
Ga0374828_61_219_617	CP000239.1:1321049-1321982|CDS|CYA_1311	99.250	400	2	1	1	399	1	400	0.0	705
Ga0374828_61_219_617	CP000239.1:51699-52647|CDS|CYA_0053	99.250	400	2	1	1	399	1	400	0.0	705
Ga0374828_61_219_617	CP000239.1:2862566-2862965|CDS|CYA_2845	98.997	399	4	0	1	399	1	399	0.0	702
Ga0374828_61_219_617	CP000239.1:2101748-2102147|CDS|CYA_2082	98.997	399	4	0	1	399	1	399	0.0	702
Ga0374828_61_219_617	CP000239.1:1367794-1368193|CDS|CYA_1358	98.997	399	4	0	1	399	1	399	0.0	702
Ga0374828_61_219_617	CP000239.1:2740042-2740447|CDS|CYA_2722	98.997	399	3	1	1	399	1	398	0.0	699
Ga0374828_61_219_617	CP000239.1:2026942-2027347|CDS|CYA_2010	98.997	399	3	1	1	399	1	398	0.0	699
Ga0374828_61_219_617	CP000239.1:2654240-2654639|CDS|CYA_2639	98.747	399	5	0	1	399	1	399	0.0	698
Ga0374828_61_951_1064	CP000239.1:34109-34223|CDS|CYA_0036	100.000	114	0	0	1	114	1	114	2.43e-54	206
Ga0374828_61_951_1064	CP000240.1:1574515-1574629|CDS|CYB_1500	90.265	113	11	0	1	113	1	113	1.34e-38	155
Ga0374828_61_1114_1584	CP000239.1:33589-34060|CDS|CYA_0035	99.788	471	1	0	1	471	1	471	0.0	846
Ga0374828_61_1114_1584	CP000240.1:1574006-1574477|CDS|CYB_1499	89.787	470	48	0	1	470	1	470	0.0	632
Ga0374828_62_2_919	CP000239.1:2615290-2616580|CDS|CYA_2593	100.000	918	0	0	1	918	373	1290	0.0	1656
Ga0374828_62_2_919	CP000240.1:570228-571530|CDS|CYB_0561	84.764	827	124	2	1	826	373	1198	0.0	917
Ga0374828_62_1085_1834	CP000239.1:2614375-2615212|CDS|CYA_2592	100.000	750	0	0	1	750	88	837	0.0	1353
Ga0374828_62_1085_1834	CP000240.1:571690-572527|CDS|CYB_0562	84.400	750	117	0	1	750	88	837	0.0	826
Ga0374828_62_2008_2196	CP000239.1:2613191-2614202|CDS|CYA_2591	100.000	189	0	0	1	189	823	1011	8.44e-95	342
Ga0374828_62_2008_2196	CP000240.1:2474159-2475143|CDS|CYB_2368	78.947	152	32	0	1	152	823	974	2.77e-31	131
Ga0374828_63_1204_1617	CP000239.1:415942-416356|CDS|CYA_0400	99.517	414	2	0	1	414	1	414	0.0	738
Ga0374828_64_457_1635	CP000239.1:2611972-2613151|CDS|CYA_2590	99.915	1179	1	0	1	1179	1	1179	0.0	2122
Ga0374828_64_457_1635	CP000240.1:2475196-2476366|CDS|CYB_2369	80.763	1180	212	6	1	1177	1	1168	0.0	1092
Ga0374828_65_292_1047	CP000239.1:939522-940422|CDS|CYA_0930	99.868	756	1	0	1	756	145	900	0.0	1360
Ga0374828_65_292_1047	CP000240.1:1080663-1081458|CDS|CYB_1039	79.377	771	120	6	1	732	1	771	0.0	682
Ga0374828_65_1115_1873	CP000239.1:938696-939455|CDS|CYA_0929	96.311	759	28	0	1	759	1	759	0.0	1243
Ga0374828_65_1115_1873	CP000240.1:1081522-1082305|CDS|CYB_1040	87.517	729	91	0	1	729	1	729	0.0	905
Ga0374828_66_121_1056	CP000239.1:506499-507435|CDS|CYA_0489	100.000	936	0	0	1	936	1	936	0.0	1689
Ga0374828_66_121_1056	CP000240.1:1484644-1485580|CDS|CYB_1416	86.966	936	122	0	1	936	1	936	0.0	1139
Ga0374828_66_1066_1602	CP000239.1:505953-506490|CDS|CYA_0488	99.814	537	1	0	1	537	1	537	0.0	965
Ga0374828_66_1066_1602	CP000240.1:1484098-1484635|CDS|CYB_1415	87.945	506	61	0	1	506	1	506	0.0	638
Ga0374828_66_1892_2068	CP000239.1:505487-505664|CDS|CYA_0487	100.000	177	0	0	1	177	1	177	2.56e-88	320
Ga0374828_67_939_1886	CP000239.1:501722-502670|CDS|CYA_0484	97.785	948	21	0	1	948	1	948	0.0	1616
Ga0374828_67_939_1886	CP000240.1:2012675-2013623|CDS|CYB_1929	82.788	947	161	2	2	947	2	947	0.0	966
Ga0374828_68_343_1533	CP000239.1:2154963-2156349|CDS|CYA_2142	99.832	1191	2	0	1	1191	196	1386	0.0	2140
Ga0374828_68_343_1533	CP000240.1:540590-541976|CDS|CYB_0526	88.673	1183	134	0	1	1183	196	1378	0.0	1530
