Ga0393493_01_459_746	CP000240.1:171357-171999|CDS|CYB_0156	98.611	288	4	0	1	288	366	79	6.52e-143	502
Ga0393493_01_459_746	CP000239.1:520080-520668|CDS|CYA_0503	83.453	278	46	0	11	288	311	34	1.75e-80	295
Ga0393493_01_832_1518	CP000240.1:172006-172630|CDS|CYB_0157	97.756	624	14	0	64	687	1	624	0.0	1063
Ga0393493_01_832_1518	CP000239.1:520708-521404|CDS|CYA_0504	87.480	623	69	1	74	687	74	696	0.0	776
Ga0393493_01_1734_2525	CP000240.1:172908-173700|CDS|CYB_0159	99.495	792	4	0	1	792	1	792	0.0	1411
Ga0393493_01_2572_3468	CP000240.1:173746-174643|CDS|CYB_0160	99.220	897	7	0	1	897	1	897	0.0	1587
Ga0393493_01_3437_4255	CP000240.1:174611-175430|CDS|CYB_0161	99.267	819	6	0	1	819	1	819	0.0	1451
Ga0393493_01_4265_4684	CP000240.1:175439-175859|CDS|CYB_0162	99.762	420	1	0	1	420	1	420	0.0	754
Ga0393493_01_4693_5262	CP000240.1:175867-176437|CDS|CYB_0163	100.000	570	0	0	1	570	1	570	0.0	1029
Ga0393493_01_5247_6299	CP000240.1:176421-177474|CDS|CYB_0164	99.905	1053	1	0	1	1053	1	1053	0.0	1895
Ga0393493_01_6283_7149	CP000240.1:177457-178324|CDS|CYB_0165	99.423	867	5	0	1	867	1	867	0.0	1542
Ga0393493_01_7142_7909	CP000240.1:178316-179084|CDS|CYB_0166	99.740	768	2	0	1	768	1	768	0.0	1377
Ga0393493_01_7893_8615	CP000240.1:179094-179790|CDS|CYB_0167	99.569	696	3	0	28	723	1	696	0.0	1242
Ga0393493_01_8617_8757	CP000240.1:179770-180910|CDS|CYB_0168	99.291	141	1	0	1	141	162	22	2.94e-67	251
Ga0393493_01_8815_9735	CP000240.1:179770-180910|CDS|CYB_0168	99.783	921	2	0	1	921	220	1140	0.0	1653
Ga0393493_01_9776_11953	CP000240.1:180950-183122|CDS|CYB_0169	96.179	2172	83	0	7	2178	1	2172	0.0	3544
Ga0393493_01_9776_11953	CP000239.1:521664-523812|CDS|CYA_0505	82.350	2136	324	6	70	2156	1	2132	0.0	2174
Ga0393493_01_12397_12888	CP000239.1:524216-524708|CDS|CYA_0506	81.818	495	82	4	1	491	1	491	4.58e-135	477
Ga0393493_01_13128_13682	CP000240.1:184302-184857|CDS|CYB_0171	100.000	555	0	0	1	555	1	555	0.0	1002
Ga0393493_01_13128_13682	CP000239.1:524897-525431|CDS|CYA_0507	81.121	535	86	1	8	542	2	521	1.70e-147	519
Ga0393493_01_13716_14879	CP000240.1:184890-186201|CDS|CYB_0172	96.048	1164	1	1	1	1164	193	1311	0.0	1929
Ga0393493_01_15632_16324	CP000240.1:186761-187454|CDS|CYB_0174	97.980	693	14	0	1	693	1	693	0.0	1187
Ga0393493_01_15632_16324	CP000239.1:2714419-2715112|CDS|CYA_2699	85.631	689	99	0	1	689	1	689	0.0	797
Ga0393493_01_16532_17347	CP000240.1:187661-188435|CDS|CYB_0175	93.505	816	11	1	1	816	1	774	0.0	1267
Ga0393493_01_17356_18390	CP000240.1:188443-189625|CDS|CYB_0176	99.710	1035	3	0	1	1035	148	1182	0.0	1854
Ga0393493_01_17356_18390	CP000239.1:968097-969234|CDS|CYA_0955	85.214	1028	152	0	8	1035	110	1137	0.0	1169
Ga0393493_01_18691_19038	CP000240.1:189778-190126|CDS|CYB_0177	98.851	348	4	0	1	348	1	348	2.14e-175	610
Ga0393493_01_19118_19861	CP000240.1:190205-191030|CDS|CYB_0178	96.237	744	28	0	1	744	82	825	0.0	1216
Ga0393493_01_19118_19861	CP000239.1:966735-967527|CDS|CYA_0953	84.226	691	106	1	5	692	86	776	0.0	754
Ga0393493_02_475_1668	CP000240.1:196290-197484|CDS|CYB_0182	98.409	1194	19	0	1	1194	1	1194	0.0	2068
Ga0393493_02_475_1668	CP000239.1:961325-962519|CDS|CYA_0950	83.403	1193	183	4	1	1190	1	1181	0.0	1255
Ga0393493_02_1765_2202	CP000240.1:197580-198018|CDS|CYB_0183	98.630	438	6	0	1	438	1	438	0.0	764
Ga0393493_02_1765_2202	CP000239.1:2807278-2807713|CDS|CYA_2787	81.633	392	72	0	1	392	1	392	6.86e-107	383
Ga0393493_02_2239_2514	CP000240.1:198054-198330|CDS|CYB_0184	100.000	276	0	0	1	276	1	276	7.58e-142	499
Ga0393493_02_2239_2514	CP000239.1:2807748-2808024|CDS|CYA_2788	87.681	276	34	0	1	276	1	276	1.06e-95	345
Ga0393493_02_2607_3290	CP000240.1:198422-199106|CDS|CYB_0185	98.099	684	13	0	1	684	1	684	0.0	1176
Ga0393493_02_2607_3290	CP000239.1:2808112-2808793|CDS|CYA_2789	81.187	691	113	5	1	684	1	681	0.0	654
Ga0393493_02_3295_3840	CP000240.1:199110-199596|CDS|CYB_0186	100.000	486	0	0	61	546	1	486	0.0	877
Ga0393493_02_3295_3840	CP000239.1:2808859-2809345|CDS|CYA_2790	86.626	486	65	0	61	546	1	486	4.77e-167	584
Ga0393493_02_3972_5054	CP000240.1:199787-201146|CDS|CYB_0187	99.169	1083	9	0	1	1083	277	1359	0.0	1913
Ga0393493_02_3972_5054	CP000239.1:2809532-2810900|CDS|CYA_2791	86.741	1071	142	0	11	1081	296	1366	0.0	1292
Ga0393493_02_5573_6223	CP000240.1:201388-202078|CDS|CYB_0188	99.693	651	2	0	1	651	40	690	0.0	1166
Ga0393493_02_5573_6223	CP000239.1:2811141-2811831|CDS|CYA_2792	85.258	563	83	0	88	650	127	689	0.0	642
Ga0393493_02_6394_6936	CP000240.1:202190-202922|CDS|CYB_0189	99.632	543	2	0	1	543	190	732	0.0	971
Ga0393493_02_6394_6936	CP000239.1:2811954-2812680|CDS|CYA_2793	84.346	543	79	1	1	543	190	726	2.15e-171	598
Ga0393493_02_7367_8590	CP000240.1:203164-204388|CDS|CYB_0190	98.938	1224	13	0	1	1224	1	1224	0.0	2150
Ga0393493_02_7367_8590	CP000239.1:2812904-2814101|CDS|CYA_2794	85.677	1159	152	3	1	1158	1	1146	0.0	1342
Ga0393493_02_8754_9497	CP000240.1:204871-205585|CDS|CYB_0191	98.732	710	9	0	33	742	3	712	0.0	1241
Ga0393493_02_9884_10225	CP000240.1:206257-206599|CDS|CYB_0192	98.246	342	6	0	1	342	1	342	1.97e-169	590
Ga0393493_02_9884_10225	CP000239.1:776957-777299|CDS|CYA_0769	87.463	335	42	0	1	335	1	335	8.96e-117	416
Ga0393493_02_10340_11410	CP000240.1:206713-207784|CDS|CYB_0193	98.786	1071	13	0	1	1071	1	1071	0.0	1874
Ga0393493_02_10340_11410	CP000239.1:777429-778500|CDS|CYA_0770	85.994	1071	150	0	1	1071	1	1071	0.0	1256
Ga0393493_02_11473_12174	CP000240.1:207846-208548|CDS|CYB_0194	97.578	702	17	0	1	702	1	702	0.0	1190
Ga0393493_02_11473_12174	CP000239.1:778522-779203|CDS|CYA_0771	79.822	674	121	3	1	674	1	659	6.62e-173	603
Ga0393493_02_12188_13060	CP000240.1:208564-209434|CDS|CYB_0195	97.356	870	23	0	4	873	1	870	0.0	1466
Ga0393493_02_12188_13060	CP000239.1:779225-780056|CDS|CYA_0772	78.356	827	148	4	25	849	1	798	0.0	695
Ga0393493_02_13171_13950	CP000240.1:209502-210327|CDS|CYB_0196	98.843	778	9	0	1	778	1	778	0.0	1363
Ga0393493_02_13171_13950	CP000239.1:780165-780984|CDS|CYA_0773	84.625	761	114	1	1	761	1	758	0.0	844
Ga0393493_02_13992_14525	CP000240.1:211181-211715|CDS|CYB_0199	97.191	534	15	0	1	534	1	534	0.0	896
Ga0393493_02_13992_14525	CP000239.1:781028-781538|CDS|CYA_0774	87.910	488	59	0	1	488	1	488	2.75e-176	615
Ga0393493_02_14877_15311	CP000240.1:212011-212446|CDS|CYB_0200	93.807	436	23	3	1	434	1	434	0.0	655
Ga0393493_02_14877_15311	CP000239.1:781897-782347|CDS|CYA_0776	87.244	439	44	1	1	427	1	439	9.45e-156	546
Ga0393493_02_15488_15718	CP000240.1:212622-212853|CDS|CYB_0201	100.000	231	0	0	1	231	1	231	1.67e-117	417
Ga0393493_02_15488_15718	CP000239.1:783952-784174|CDS|CYA_0778	85.638	188	27	0	1	188	1	188	3.03e-57	218
Ga0393493_03_30_581	CP000240.1:909610-910528|CDS|CYB_0881	99.275	552	4	0	1	552	367	918	0.0	978
Ga0393493_03_30_581	CP000239.1:977467-978337|CDS|CYA_0964	84.800	500	75	1	1	499	331	830	6.71e-159	556
Ga0393493_03_509_1120	CP000240.1:909071-909683|CDS|CYB_0882	98.693	612	8	0	1	612	1	612	0.0	1068
Ga0393493_03_509_1120	CP000239.1:976928-977528|CDS|CYA_0965	86.996	546	71	0	1	546	1	546	0.0	665
Ga0393493_03_1475_2911	CP000240.1:907214-908729|CDS|CYB_0879	99.092	1431	13	0	1	1431	79	1509	0.0	2523
Ga0393493_03_1475_2911	CP000239.1:759188-760703|CDS|CYA_0754	87.631	1431	177	0	1	1431	79	1509	0.0	1783
Ga0393493_03_3041_3733	CP000240.1:906380-907163|CDS|CYB_0878	97.547	693	17	0	1	693	91	783	0.0	1174
Ga0393493_03_3041_3733	CP000239.1:758347-759151|CDS|CYA_0753	85.281	693	96	3	4	693	115	804	0.0	783
Ga0393493_03_3841_4503	CP000240.1:905700-906363|CDS|CYB_0877	99.095	663	6	0	1	663	1	663	0.0	1169
Ga0393493_03_4564_4818	CP000240.1:905386-905614|CDS|CYB_0875	99.123	228	2	0	28	255	1	228	4.11e-113	403
Ga0393493_03_4564_4818	CP000239.1:757385-757637|CDS|CYA_0750	88.353	249	29	0	1	249	1	249	1.35e-87	319
Ga0393493_03_4960_5541	CP000240.1:904685-905243|CDS|CYB_0874	99.642	558	2	0	25	582	1	558	0.0	998
Ga0393493_03_4960_5541	CP000239.1:756754-757312|CDS|CYA_0749	90.693	548	51	0	25	572	1	548	0.0	759
Ga0393493_03_5599_5922	CP000240.1:904304-904628|CDS|CYB_0873	99.074	324	3	0	1	324	1	324	1.74e-163	572
Ga0393493_03_5599_5922	CP000239.1:756345-756663|CDS|CYA_0748	86.149	296	41	0	29	324	23	318	1.03e-96	350
Ga0393493_03_5996_7276	CP000240.1:902950-904129|CDS|CYB_0872	98.302	1178	20	0	103	1280	1	1178	0.0	2035
Ga0393493_03_5996_7276	CP000239.1:754993-756178|CDS|CYA_0747	90.963	1184	107	0	97	1280	1	1184	0.0	1654
Ga0393493_03_7316_7519	CP000240.1:902717-902921|CDS|CYB_0871	98.529	204	3	0	1	204	1	204	1.46e-98	355
Ga0393493_03_7316_7519	CP000239.1:754759-754963|CDS|CYA_0746	86.829	205	25	2	1	204	1	204	2.31e-64	242
Ga0393493_03_7576_8697	CP000240.1:901539-902601|CDS|CYB_0870	96.234	1062	40	0	61	1122	1	1062	0.0	1736
Ga0393493_03_7576_8697	CP000239.1:753576-754698|CDS|CYA_0745	86.530	1121	149	2	1	1120	1	1120	0.0	1334
Ga0393493_03_8736_9359	CP000240.1:900868-901501|CDS|CYB_0869	93.997	633	29	1	1	624	1	633	0.0	975
Ga0393493_03_8736_9359	CP000239.1:752908-753541|CDS|CYA_0744	82.573	614	107	0	1	614	1	614	1.79e-179	626
Ga0393493_03_9945_11399	CP000239.1:750970-752635|CDS|CYA_0743	73.391	1507	345	16	1	1455	163	1665	0.0	889
Ga0393493_03_12369_12722	CP000240.1:897783-898137|CDS|CYB_0864	97.458	354	9	0	1	354	1	354	1.37e-171	599
Ga0393493_03_12744_13970	CP000240.1:896538-897762|CDS|CYB_0863	94.544	1228	62	3	1	1227	1	1224	0.0	1904
Ga0393493_03_14634_15389	CP000240.1:895381-896095|CDS|CYB_0862	94.883	684	26	3	52	732	1	678	0.0	1071
Ga0393493_04_832_1155	CP000240.1:748010-748394|CDS|CYB_0728	98.423	317	5	0	8	324	68	384	5.69e-157	550
Ga0393493_04_832_1155	CP000239.1:1263139-1263502|CDS|CYA_1251	83.607	305	50	0	8	312	38	342	1.18e-89	325
Ga0393493_04_2976_3803	CP000240.1:749862-750927|CDS|CYB_0729	97.101	828	24	0	1	828	238	1065	0.0	1386
Ga0393493_04_2976_3803	CP000239.1:1260708-1261710|CDS|CYA_1249	73.540	805	177	4	24	828	234	1002	1.62e-143	507
Ga0393493_04_4405_5712	CP000240.1:751291-752581|CDS|CYB_0731	98.213	1287	23	0	1	1287	1	1287	0.0	2218
Ga0393493_04_4405_5712	CP000239.1:2188311-2189625|CDS|CYA_2172	82.055	1265	221	6	20	1281	50	1311	0.0	1237
Ga0393493_04_5773_7056	CP000240.1:752641-753946|CDS|CYB_0732	97.266	1280	35	0	1	1280	22	1301	0.0	2151
Ga0393493_04_5773_7056	CP000239.1:2187004-2188312|CDS|CYA_2171	79.581	1288	258	3	1	1284	22	1308	0.0	1129
Ga0393493_04_7248_8462	CP000240.1:754140-755355|CDS|CYB_0733	98.683	1215	16	0	1	1215	1	1215	0.0	2120
Ga0393493_04_7248_8462	CP000239.1:2185699-2186890|CDS|CYA_2170	86.484	1169	158	0	1	1169	1	1169	0.0	1397
Ga0393493_04_8908_12240	CP000240.1:755730-759144|CDS|CYB_0734	98.710	3333	43	0	1	3333	82	3414	0.0	5818
Ga0393493_04_8908_12240	CP000239.1:2181899-2185367|CDS|CYA_2169	82.275	3340	564	6	1	3314	97	3434	0.0	3353
Ga0393493_04_12374_13375	CP000240.1:759277-760279|CDS|CYB_0735	99.800	1002	2	0	1	1002	1	1002	0.0	1799
Ga0393493_04_12374_13375	CP000239.1:2064895-2065897|CDS|CYA_2045	88.024	1002	120	0	1	1002	1	1002	0.0	1267
Ga0393493_04_13443_13739	CP000240.1:760346-760643|CDS|CYB_0736	100.000	297	0	0	1	297	1	297	3.27e-153	536
Ga0393493_04_13443_13739	CP000239.1:2065898-2066192|CDS|CYA_2046	78.114	297	62	1	1	297	1	294	3.50e-64	242
Ga0393493_05_303_2174	CP000240.1:1300590-1302462|CDS|CYB_1251	98.398	1873	28	2	1	1872	1	1872	0.0	3236
Ga0393493_05_303_2174	CP000239.1:211883-213749|CDS|CYA_0207	83.906	1833	295	0	1	1833	1	1833	0.0	1976
Ga0393493_05_2381_4825	CP000240.1:1297935-1300380|CDS|CYB_1250	96.074	2445	96	0	1	2445	1	2445	0.0	3977
Ga0393493_05_5034_5882	CP000240.1:1296878-1297727|CDS|CYB_1249	99.058	849	8	0	1	849	1	849	0.0	1496
Ga0393493_05_5932_7608	CP000240.1:1295152-1296829|CDS|CYB_1248	96.720	1677	55	0	1	1677	1	1677	0.0	2777
Ga0393493_05_5932_7608	CP000239.1:210132-211803|CDS|CYA_0206	85.714	1680	228	4	1	1677	1	1671	0.0	1941
Ga0393493_05_7879_8031	CP000240.1:1294729-1294882|CDS|CYB_1247	99.346	153	1	0	1	153	1	153	9.90e-74	272
Ga0393493_05_7879_8031	CP000239.1:209708-209861|CDS|CYA_0205	92.715	151	11	0	1	151	1	151	4.50e-59	224
Ga0393493_05_8148_8666	CP000240.1:1293728-1294613|CDS|CYB_1246	98.459	519	8	0	1	519	367	885	0.0	901
Ga0393493_05_9137_9379	CP000240.1:1293384-1293609|CDS|CYB_1245	96.930	228	4	1	16	243	1	225	1.55e-105	379
Ga0393493_05_9137_9379	CP000239.1:209207-209429|CDS|CYA_0204	94.340	212	12	0	16	227	1	212	7.06e-91	329
Ga0393493_05_9426_10265	CP000240.1:1292498-1293338|CDS|CYB_1244	99.762	840	2	0	1	840	1	840	0.0	1507
Ga0393493_05_9426_10265	CP000239.1:208310-209162|CDS|CYA_0203	83.614	830	134	2	1	829	1	829	0.0	877
Ga0393493_05_10351_10953	CP000240.1:1291788-1292412|CDS|CYB_1243	99.439	535	3	0	69	603	90	624	0.0	952
Ga0393493_05_10351_10953	CP000239.1:207608-208199|CDS|CYA_0202	80.986	568	102	4	33	596	19	584	1.25e-149	526
Ga0393493_05_11058_11654	CP000240.1:1291087-1291684|CDS|CYB_1242	95.812	597	25	0	1	597	1	597	0.0	965
Ga0393493_05_11058_11654	CP000239.1:206914-207511|CDS|CYA_0201	92.773	595	43	0	1	595	1	595	0.0	880
Ga0393493_06_718_1158	CP000240.1:544294-544735|CDS|CYB_0529	96.825	441	14	0	1	441	1	441	0.0	733
Ga0393493_06_1269_2459	CP000240.1:544792-546037|CDS|CYB_0530	91.191	1192	103	2	1	1191	55	1245	0.0	1670
Ga0393493_06_1269_2459	CP000239.1:782540-783770|CDS|CYA_0777	76.104	1155	263	6	10	1153	64	1216	0.0	824
Ga0393493_06_1269_2459	CP000239.1:1966854-1968081|CDS|CYA_1956	76.053	1140	260	4	10	1138	64	1201	0.0	820
Ga0393493_06_2525_3919	CP000240.1:15044-16448|CDS|CYB_0014	93.426	1369	90	0	11	1379	11	1379	0.0	2064
Ga0393493_06_2525_3919	CP000239.1:9805-11209|CDS|CYA_0009	86.232	1380	188	2	1	1379	1	1379	0.0	1626
Ga0393493_06_4076_6601	CP000240.1:7142-9602|CDS|CYB_0008	96.016	2460	98	0	67	2526	1	2460	0.0	3995
Ga0393493_06_4076_6601	CP000239.1:7056-9606|CDS|CYA_0008	86.275	2550	326	2	1	2526	1	2550	0.0	3034
Ga0393493_06_6624_7133	CP000240.1:6532-7120|CDS|CYB_0007	99.804	510	1	0	1	510	79	588	0.0	916
Ga0393493_06_6624_7133	CP000239.1:6353-7019|CDS|CYA_0007	84.902	510	71	1	1	510	163	666	2.30e-164	574
Ga0393493_06_7438_8313	CP000240.1:5430-6306|CDS|CYB_0005	97.260	876	24	0	1	876	1	876	0.0	1472
Ga0393493_06_7438_8313	CP000239.1:5267-6143|CDS|CYA_0005	90.057	875	87	0	1	875	1	875	0.0	1187
Ga0393493_06_8456_10357	CP000240.1:3371-5294|CDS|CYB_0004	97.712	1923	23	1	1	1902	1	1923	0.0	3285
Ga0393493_06_8456_10357	CP000239.1:3255-5142|CDS|CYA_0004	87.116	1886	210	2	1	1865	1	1874	0.0	2327
Ga0393493_07_1355_1789	CP000240.1:1760071-1760506|CDS|CYB_1684	99.540	435	2	0	1	435	1	435	0.0	776
Ga0393493_07_1355_1789	CP000239.1:252521-252956|CDS|CYA_0248	88.276	435	51	0	1	435	1	435	1.82e-158	555
Ga0393493_07_1906_2667	CP000240.1:1760502-1761384|CDS|CYB_1685	97.113	762	22	0	1	762	121	882	0.0	1276
Ga0393493_07_1906_2667	CP000239.1:252952-253825|CDS|CYA_0249	82.152	762	127	2	1	762	121	873	0.0	761
Ga0393493_07_3045_3761	CP000240.1:1761443-1762382|CDS|CYB_1687	94.811	713	37	0	4	716	226	938	0.0	1120
Ga0393493_07_3045_3761	CP000239.1:317852-318755|CDS|CYA_0310	87.377	713	90	0	4	716	190	902	0.0	881
Ga0393493_07_3758_4543	CP000240.1:1762378-1763188|CDS|CYB_1686	96.056	786	31	0	1	786	25	810	0.0	1278
Ga0393493_07_4948_6129	CP000240.1:1764691-1766560|CDS|CYB_1689	96.701	1182	38	1	1	1182	151	1331	0.0	1953
Ga0393493_07_4948_6129	CP000239.1:318964-320803|CDS|CYA_0311	85.279	1182	153	6	2	1182	140	1301	0.0	1340
Ga0393493_07_6083_6667	CP000240.1:1764691-1766560|CDS|CYB_1689	99.658	585	2	0	1	585	1285	1869	0.0	1047
Ga0393493_07_6083_6667	CP000239.1:318964-320803|CDS|CYA_0311	86.082	582	81	0	4	585	1258	1839	0.0	685
Ga0393493_07_7074_7445	CP000240.1:1766987-1767338|CDS|CYB_1690	100.000	351	0	0	22	372	1	351	0.0	634
Ga0393493_07_7074_7445	CP000239.1:321182-321554|CDS|CYA_0312	84.097	371	59	0	1	371	1	371	6.16e-113	404
Ga0393493_07_7662_9173	CP000240.1:1767536-1769048|CDS|CYB_1691	98.810	1512	18	0	1	1512	1	1512	0.0	2646
Ga0393493_07_7662_9173	CP000239.1:321744-323256|CDS|CYA_0313	88.426	1512	175	0	1	1512	1	1512	0.0	1939
Ga0393493_07_9298_9648	CP000240.1:1769172-1769523|CDS|CYB_1692	98.860	351	4	0	1	351	1	351	5.06e-177	616
Ga0393493_07_9298_9648	CP000239.1:323387-323738|CDS|CYA_0314	92.877	351	25	0	1	351	1	351	2.99e-148	521
Ga0393493_08_41_2206	CP000240.1:809622-811788|CDS|CYB_0785	97.784	2166	48	0	1	2166	1	2166	0.0	3690
Ga0393493_08_41_2206	CP000239.1:275782-277948|CDS|CYA_0269	85.794	2161	307	0	1	2161	1	2161	0.0	2514
Ga0393493_08_2366_4129	CP000240.1:807711-809478|CDS|CYB_0784	95.303	1767	80	1	1	1764	1	1767	0.0	2811
Ga0393493_08_2366_4129	CP000239.1:273999-275781|CDS|CYA_0268	88.145	1763	206	1	1	1760	1	1763	0.0	2236
Ga0393493_08_4397_4906	CP000240.1:807055-807529|CDS|CYB_0783	84.648	469	72	0	1	469	1	469	1.27e-148	522
Ga0393493_08_4397_4906	CP000239.1:273343-273817|CDS|CYA_0267	84.648	469	72	0	1	469	1	469	1.27e-148	522
Ga0393493_08_5747_6145	CP000240.1:805865-806264|CDS|CYB_0781	87.970	399	48	0	1	399	1	399	2.64e-143	504
Ga0393493_08_5747_6145	CP000239.1:272213-272795|CDS|CYA_0265	82.169	415	57	5	1	399	169	582	1.56e-114	408
Ga0393493_08_6232_7281	CP000240.1:804483-805785|CDS|CYB_0780	95.134	1048	51	0	1	1048	253	1300	0.0	1661
Ga0393493_08_8160_9512	CP000240.1:802517-803870|CDS|CYB_0779	95.861	1353	56	0	1	1353	1	1353	0.0	2188
Ga0393493_08_8160_9512	CP000239.1:270707-272060|CDS|CYA_0264	88.174	1353	160	0	1	1353	1	1353	0.0	1719
Ga0393493_09_64_1092	CP000240.1:1509936-1510965|CDS|CYB_1441	98.251	1029	18	0	1	1029	1	1029	0.0	1775
Ga0393493_09_64_1092	CP000239.1:2240055-2241087|CDS|CYA_2224	84.946	1023	151	1	1	1020	1	1023	0.0	1150
Ga0393493_09_1226_1477	CP000240.1:1509599-1509803|CDS|CYB_1440	100.000	204	0	0	49	252	1	204	8.37e-103	369
Ga0393493_09_1226_1477	CP000239.1:2241219-2241423|CDS|CYA_2225	93.137	204	14	0	49	252	1	204	8.38e-84	306
Ga0393493_09_1596_2081	CP000240.1:1508947-1509433|CDS|CYB_1439	99.588	486	2	0	1	486	1	486	0.0	868
Ga0393493_09_1596_2081	CP000239.1:2241563-2242049|CDS|CYA_2226	90.741	486	45	0	1	486	1	486	0.0	674
Ga0393493_09_2145_2630	CP000240.1:1508398-1508884|CDS|CYB_1438	99.175	485	4	0	1	485	1	485	0.0	857
Ga0393493_09_2145_2630	CP000239.1:2242109-2242595|CDS|CYA_2227	90.103	485	48	0	1	485	1	485	0.0	659
Ga0393493_09_2937_4091	CP000240.1:95175-96330|CDS|CYB_0081	97.489	1155	29	0	1	1155	1	1155	0.0	1953
Ga0393493_09_2937_4091	CP000240.1:269596-270751|CDS|CYB_0258	96.623	1155	39	0	1	1155	1	1155	0.0	1908
Ga0393493_09_2937_4091	CP000240.1:2789871-2791026|CDS|CYB_2701	96.017	1155	46	0	1	1155	1	1155	0.0	1876
Ga0393493_09_2937_4091	CP000240.1:1824951-1826106|CDS|CYB_1742	95.671	1155	50	0	1	1155	1	1155	0.0	1858
Ga0393493_09_2937_4091	CP000240.1:1235562-1236717|CDS|CYB_1195	95.584	1155	51	0	1	1155	1	1155	0.0	1854
Ga0393493_09_2937_4091	CP000240.1:2745261-2746416|CDS|CYB_2657	95.498	1155	52	0	1	1155	1	1155	0.0	1849
Ga0393493_09_2937_4091	CP000240.1:559712-560867|CDS|CYB_0548	95.152	1155	56	0	1	1155	1	1155	0.0	1831
Ga0393493_09_4180_5139	CP000240.1:1507120-1508080|CDS|CYB_1437	99.374	958	6	0	1	958	1	958	0.0	1701
Ga0393493_09_4180_5139	CP000239.1:2477558-2478521|CDS|CYA_2467	87.942	962	113	1	1	959	1	962	0.0	1211
Ga0393493_09_5187_6191	CP000240.1:1506068-1507049|CDS|CYB_1435	98.777	981	12	0	25	1005	1	981	0.0	1716
Ga0393493_09_5187_6191	CP000239.1:2476486-2477509|CDS|CYA_2466	86.495	933	126	0	37	969	31	963	0.0	1115
Ga0393493_09_6183_7445	CP000240.1:1504814-1506077|CDS|CYB_1436	99.525	1263	6	0	1	1263	1	1263	0.0	2251
Ga0393493_09_6183_7445	CP000239.1:2475225-2476479|CDS|CYA_2465	82.514	1058	180	3	159	1212	147	1203	0.0	1066
Ga0393493_09_7555_8790	CP000240.1:1190675-1191869|CDS|CYB_1151	93.683	1219	51	3	19	1236	1	1194	0.0	1862
Ga0393493_09_7555_8790	CP000240.1:52430-53648|CDS|CYB_0041	93.596	1218	78	0	19	1236	1	1218	0.0	1846
Ga0393493_09_7555_8790	CP000240.1:2796782-2798000|CDS|CYB_2707	93.432	1218	80	0	19	1236	1	1218	0.0	1837
Ga0393493_09_7555_8790	CP000240.1:2644164-2645358|CDS|CYB_2538	93.103	1218	60	1	19	1236	1	1194	0.0	1836
Ga0393493_09_7555_8790	CP000240.1:1803089-1804283|CDS|CYB_1722	92.775	1218	64	1	19	1236	1	1194	0.0	1818
Ga0393493_09_7555_8790	CP000240.1:3008652-3009870|CDS|CYB_2910	91.546	1242	57	2	19	1236	1	1218	0.0	1801
Ga0393493_09_7555_8790	CP000240.1:1064975-1066169|CDS|CYB_1023	91.708	1218	77	1	19	1236	1	1194	0.0	1759
Ga0393493_09_7555_8790	CP000240.1:638632-639850|CDS|CYB_0630	90.741	1242	67	2	19	1236	1	1218	0.0	1756
Ga0393493_09_7555_8790	CP000240.1:1521392-1522610|CDS|CYB_1450	90.580	1242	69	2	19	1236	1	1218	0.0	1747
Ga0393493_09_7555_8790	CP000240.1:1358129-1359347|CDS|CYB_1297	90.338	1242	72	2	19	1236	1	1218	0.0	1734
Ga0393493_09_7555_8790	CP000240.1:1083184-1084426|CDS|CYB_1042	90.580	1242	93	1	19	1236	1	1242	0.0	1730
Ga0393493_09_7555_8790	CP000240.1:2830275-2831565|CDS|CYB_2735	90.161	1240	81	2	19	1234	1	1223	0.0	1715
Ga0393493_09_7555_8790	CP000240.1:1954838-1956056|CDS|CYB_1872	91.133	1218	108	0	19	1236	1	1218	0.0	1710
Ga0393493_09_7555_8790	CP000239.1:2170714-2171908|CDS|CYA_2158	89.901	1218	99	1	19	1236	1	1194	0.0	1660
Ga0393493_09_7555_8790	CP000240.1:2210858-2212052|CDS|CYB_2117	88.752	1218	113	1	19	1236	1	1194	0.0	1597
Ga0393493_09_7555_8790	CP000240.1:102811-104029|CDS|CYB_0087	89.228	1179	79	2	19	1173	1	1155	0.0	1589
Ga0393493_09_7555_8790	CP000240.1:2168360-2169515|CDS|CYB_2071	90.130	1155	90	1	19	1173	1	1131	0.0	1587
Ga0393493_09_7555_8790	CP000239.1:712444-713638|CDS|CYA_0704	88.342	1218	118	1	19	1236	1	1194	0.0	1574
Ga0393493_09_7555_8790	CP000239.1:774779-775973|CDS|CYA_0767	88.177	1218	120	1	19	1236	1	1194	0.0	1565
Ga0393493_09_7555_8790	CP000240.1:481588-482800|CDS|CYB_0472	87.675	1217	124	3	19	1234	1	1192	0.0	1529
Ga0393493_09_7555_8790	CP000240.1:2661652-2662870|CDS|CYB_2557	87.438	1218	153	0	19	1236	1	1218	0.0	1508
Ga0393493_09_7555_8790	CP000240.1:2247371-2248565|CDS|CYB_2147	88.398	1155	110	1	19	1173	1	1131	0.0	1497
Ga0393493_09_7555_8790	CP000240.1:2553363-2554557|CDS|CYB_2454	86.617	1218	139	1	19	1236	1	1194	0.0	1480
Ga0393493_09_7555_8790	CP000240.1:1316312-1317548|CDS|CYB_1259	85.565	1240	131	2	19	1234	1	1216	0.0	1464
Ga0393493_09_7555_8790	CP000239.1:1594889-1596107|CDS|CYA_1585	87.706	1155	118	1	19	1173	1	1131	0.0	1461
Ga0393493_09_7555_8790	CP000239.1:629980-631174|CDS|CYA_0620	86.125	1218	145	1	19	1236	1	1194	0.0	1452
Ga0393493_09_7555_8790	CP000240.1:2619921-2621115|CDS|CYB_2521	85.562	1219	150	3	19	1236	1	1194	0.0	1416
Ga0393493_09_7555_8790	CP000240.1:1842322-1843549|CDS|CYB_1759	85.821	1206	167	2	19	1222	1	1204	0.0	1399
Ga0393493_09_7555_8790	CP000240.1:1244785-1246021|CDS|CYB_1201	84.032	1240	150	2	19	1234	1	1216	0.0	1379
Ga0393493_09_7555_8790	CP000240.1:629484-630702|CDS|CYB_0620	83.897	1242	152	2	19	1236	1	1218	0.0	1373
Ga0393493_09_7555_8790	CP000239.1:994256-995468|CDS|CYA_0981	84.704	1216	162	1	19	1234	1	1192	0.0	1372
Ga0393493_09_7555_8790	CP000240.1:1015074-1016268|CDS|CYB_0979	85.887	1155	139	1	19	1173	1	1131	0.0	1366
Ga0393493_09_7555_8790	CP000239.1:698055-699204|CDS|CYA_0690	86.300	1146	157	0	19	1164	1	1146	0.0	1360
Ga0393493_09_7555_8790	CP000240.1:241642-242836|CDS|CYB_0233	85.467	1156	142	3	19	1173	1	1131	0.0	1338
Ga0393493_09_7555_8790	CP000240.1:1267756-1268992|CDS|CYB_1227	83.400	1241	156	4	19	1234	1	1216	0.0	1337
Ga0393493_09_7555_8790	CP000240.1:2933473-2934709|CDS|CYB_2835	82.623	1243	162	6	19	1234	1	1216	0.0	1290
Ga0393493_09_7555_8790	CP000240.1:605550-606744|CDS|CYB_0598	83.087	1218	182	1	19	1236	1	1194	0.0	1286
Ga0393493_09_7555_8790	CP000240.1:1384265-1385459|CDS|CYB_1322	83.983	1155	161	1	19	1173	1	1131	0.0	1267
Ga0393493_09_7555_8790	CP000239.1:893439-894633|CDS|CYA_0887	83.755	1145	162	1	19	1163	1	1121	0.0	1244
Ga0393493_09_7555_8790	CP000240.1:2565689-2566883|CDS|CYB_2468	83.463	1155	167	1	19	1173	1	1131	0.0	1240
Ga0393493_09_7555_8790	CP000240.1:345730-346924|CDS|CYB_0329	83.290	1155	169	1	19	1173	1	1131	0.0	1231
Ga0393493_09_7555_8790	CP000240.1:2506708-2507857|CDS|CYB_2410	79.031	1135	140	5	19	1056	1	1134	0.0	1040
Ga0393493_09_7555_8790	CP000239.1:693322-694534|CDS|CYA_0687	78.706	1221	226	6	19	1234	1	1192	0.0	1034
Ga0393493_09_7555_8790	CP000240.1:2219258-2220470|CDS|CYB_2126	78.823	1223	221	10	19	1234	1	1192	0.0	1028
Ga0393493_09_7555_8790	CP000240.1:2128026-2129220|CDS|CYB_2026	79.414	1161	203	8	19	1173	1	1131	0.0	1013
Ga0393493_09_7555_8790	CP000240.1:1763450-1764623|CDS|CYB_1688	78.534	1160	215	10	19	1173	1	1131	0.0	956
Ga0393493_09_7555_8790	CP000240.1:1917270-1918464|CDS|CYB_1826	77.845	1160	223	10	19	1173	1	1131	0.0	920
Ga0393493_09_7555_8790	CP000239.1:88305-89487|CDS|CYA_0091	74.649	1140	241	4	24	1157	6	1103	0.0	779
Ga0393493_09_9021_9572	CP000240.1:1503975-1504527|CDS|CYB_1434	97.464	552	14	0	1	552	1	552	0.0	933
Ga0393493_09_9021_9572	CP000239.1:2474425-2474977|CDS|CYA_2464	87.319	552	70	0	1	552	1	552	0.0	681
Ga0393493_09_9021_9572	CP000239.1:1835352-1835898|CDS|CYA_1831	70.492	427	120	4	111	534	111	534	1.07e-48	190
Ga0393493_09_9021_9572	CP000240.1:423915-424461|CDS|CYB_0414	70.258	427	121	4	111	534	111	534	4.55e-47	186
Ga0393493_10_188_1309	CP000240.1:2487937-2489140|CDS|CYB_2385	96.970	1122	34	0	1	1122	82	1203	0.0	1871
Ga0393493_10_188_1309	CP000239.1:1221033-1222236|CDS|CYA_1211	84.333	1117	175	0	1	1117	82	1198	0.0	1226
Ga0393493_10_1352_1534	CP000240.1:2489176-2489350|CDS|CYB_2386	93.333	165	10	1	13	177	11	174	1.68e-65	245
Ga0393493_10_1610_2317	CP000240.1:2489432-2489963|CDS|CYB_2387	94.350	531	30	0	178	708	1	531	0.0	823
Ga0393493_10_1610_2317	CP000239.1:1807061-1807631|CDS|CYA_1805	77.526	574	121	3	139	708	1	570	3.25e-126	448
Ga0393493_10_2304_3188	CP000240.1:2490126-2491011|CDS|CYB_2388	98.418	885	14	0	1	885	1	885	0.0	1534
Ga0393493_10_2304_3188	CP000239.1:1806028-1806937|CDS|CYA_1804	80.066	908	157	1	1	884	1	908	0.0	839
Ga0393493_10_3459_4031	CP000240.1:2491281-2491971|CDS|CYB_2389	94.066	573	34	0	1	573	118	690	0.0	881
Ga0393493_10_3459_4031	CP000239.1:1805068-1805722|CDS|CYA_1803	83.066	561	95	0	3	563	90	650	5.02e-167	584
Ga0393493_10_4630_5706	CP000240.1:2492542-2493619|CDS|CYB_2391	97.864	1077	23	0	1	1077	1	1077	0.0	1839
Ga0393493_10_4630_5706	CP000239.1:954668-955745|CDS|CYA_0944	82.084	1027	184	0	43	1069	43	1069	0.0	1023
Ga0393493_10_5903_6055	CP000240.1:2493815-2493974|CDS|CYB_2392	99.346	153	1	0	1	153	7	159	9.90e-74	272
Ga0393493_10_6294_7391	CP000240.1:2494155-2495304|CDS|CYB_2393	90.984	1098	99	0	1	1098	52	1149	0.0	1535
Ga0393493_10_6294_7391	CP000239.1:1073889-1075026|CDS|CYA_1058	86.794	1098	145	0	1	1098	40	1137	0.0	1327
Ga0393493_10_7379_7576	CP000240.1:2495291-2495489|CDS|CYB_2394	95.960	198	8	0	1	198	1	198	8.33e-89	322
Ga0393493_10_7379_7576	CP000239.1:1073704-1073902|CDS|CYA_1057	86.869	198	26	0	1	198	1	198	2.24e-64	241
Ga0393493_10_7609_8436	CP000240.1:2495572-2496349|CDS|CYB_2395	96.911	777	24	0	52	828	1	777	0.0	1294
Ga0393493_10_7609_8436	CP000239.1:1072831-1073605|CDS|CYA_1056	88.571	770	88	0	55	824	1	770	0.0	993
Ga0393493_10_8459_9091	CP000240.1:2496371-2497004|CDS|CYB_2396	94.471	633	35	0	1	633	1	633	0.0	985
Ga0393493_10_8459_9091	CP000239.1:1072186-1072819|CDS|CYA_1055	84.810	632	96	0	2	633	2	633	0.0	708
Ga0393493_11_671_1069	CP000240.1:956126-956597|CDS|CYB_0919	98.246	399	7	0	1	399	73	471	0.0	689
Ga0393493_11_671_1069	CP000239.1:1308992-1309463|CDS|CYA_1300	86.466	399	54	0	1	399	73	471	3.67e-135	477
Ga0393493_11_1225_1632	CP000240.1:955635-956043|CDS|CYB_0918	97.304	408	11	0	1	408	1	408	0.0	687
Ga0393493_11_1225_1632	CP000239.1:1308541-1308949|CDS|CYA_1299	87.745	408	50	0	1	408	1	408	1.82e-145	511
Ga0393493_11_1932_2534	CP000240.1:954733-955426|CDS|CYB_0916	96.849	603	19	0	1	603	91	693	0.0	1003
Ga0393493_11_1932_2534	CP000239.1:1307639-1308344|CDS|CYA_1298	81.607	560	77	2	2	536	83	641	6.04e-160	561
Ga0393493_11_2512_3537	CP000240.1:953730-954756|CDS|CYB_0917	99.610	1026	4	0	1	1026	1	1026	0.0	1833
Ga0393493_11_2512_3537	CP000239.1:2341358-2342393|CDS|CYA_2336	73.282	902	225	8	76	969	94	987	3.19e-147	519
Ga0393493_11_2512_3537	CP000240.1:1167879-1168899|CDS|CYB_1130	70.197	916	255	10	63	969	66	972	3.20e-109	393
Ga0393493_11_3732_4670	CP000240.1:952598-953537|CDS|CYB_0915	98.083	939	18	0	1	939	1	939	0.0	1613
Ga0393493_11_3732_4670	CP000239.1:1306700-1307639|CDS|CYA_1297	90.076	927	92	0	1	927	1	927	0.0	1258
Ga0393493_11_4756_5559	CP000239.1:1305856-1306660|CDS|CYA_1296	97.139	804	23	0	1	804	1	804	0.0	1347
Ga0393493_11_4756_5559	CP000240.1:951714-952518|CDS|CYB_0914	95.392	803	37	0	1	803	1	803	0.0	1282
Ga0393493_11_5808_6083	CP000239.1:1305332-1305617|CDS|CYA_1295	96.014	276	11	0	1	276	10	285	1.20e-126	449
Ga0393493_11_5808_6083	CP000240.1:951190-951475|CDS|CYB_0913	92.748	262	19	0	15	276	24	285	3.45e-108	388
Ga0393493_11_6103_6735	CP000239.1:1304680-1305313|CDS|CYA_1294	87.204	633	81	0	1	633	1	633	0.0	777
Ga0393493_11_6906_9182	CP000240.1:948731-951008|CDS|CYB_0912	97.140	2273	65	0	1	2273	1	2273	0.0	3807
Ga0393493_11_6906_9182	CP000239.1:1326863-1329119|CDS|CYA_1316	85.922	2273	296	1	1	2273	1	2249	0.0	2674
Ga0393493_12_606_812	CP000239.1:333688-333895|CDS|CYA_0320	100.000	207	0	0	1	207	1	207	1.58e-104	374
Ga0393493_12_606_812	CP000240.1:1780158-1780362|CDS|CYB_1699	82.741	197	25	1	1	197	1	188	4.85e-54	206
Ga0393493_12_905_5953	CP000240.1:1774440-1779645|CDS|CYB_1696	87.594	5054	620	3	1	5049	154	5205	0.0	6281
Ga0393493_12_905_5953	CP000239.1:328538-333596|CDS|CYA_0318	84.881	5060	750	6	1	5048	1	5057	0.0	5663
Ga0393493_12_5950_6765	CP000240.1:1773628-1774444|CDS|CYB_1697	96.201	816	31	0	1	816	1	816	0.0	1333
Ga0393493_12_5950_6765	CP000239.1:327726-328542|CDS|CYA_0319	87.065	804	104	0	13	816	13	816	0.0	982
Ga0393493_12_6841_7728	CP000240.1:1772667-1773546|CDS|CYB_1695	96.059	888	26	1	1	888	1	879	0.0	1448
Ga0393493_12_6841_7728	CP000239.1:326767-327703|CDS|CYA_0317	90.090	888	88	0	1	888	49	936	0.0	1205
Ga0393493_13_231_857	CP000240.1:234764-235391|CDS|CYB_0225	98.884	627	7	0	1	627	1	627	0.0	1100
Ga0393493_13_231_857	CP000239.1:476310-476940|CDS|CYA_0461	80.099	608	121	0	20	627	23	630	3.26e-157	552
Ga0393493_13_1281_2090	CP000240.1:233531-234650|CDS|CYB_0224	98.642	810	11	0	1	810	310	1119	0.0	1412
Ga0393493_13_1281_2090	CP000239.1:474746-475817|CDS|CYA_0459	86.785	787	104	0	1	787	262	1048	0.0	951
Ga0393493_13_2215_2814	CP000240.1:232757-233405|CDS|CYB_0223	100.000	600	0	0	1	600	49	648	0.0	1083
Ga0393493_13_2215_2814	CP000239.1:473957-474605|CDS|CYA_0458	85.497	593	86	0	1	593	49	641	0.0	682
Ga0393493_13_3029_3568	CP000240.1:232120-232591|CDS|CYB_0221	99.788	471	1	0	70	540	1	471	0.0	846
Ga0393493_13_3029_3568	CP000239.1:1748696-1749167|CDS|CYA_1743	85.350	471	69	0	70	540	1	471	1.76e-153	539
Ga0393493_13_4093_4335	CP000240.1:231284-231545|CDS|CYB_0220	99.177	243	2	0	1	243	19	261	2.80e-121	430
Ga0393493_13_4093_4335	CP000239.1:1749394-1749670|CDS|CYA_1744	84.685	222	34	0	1	222	22	243	1.89e-66	248
Ga0393493_13_4614_6149	CP000240.1:229470-231006|CDS|CYB_0218	99.089	1536	14	0	1	1536	1	1536	0.0	2708
Ga0393493_13_4614_6149	CP000239.1:1749935-1751471|CDS|CYA_1746	84.685	1541	226	8	1	1536	1	1536	0.0	1689
Ga0393493_13_6194_8044	CP000240.1:227575-229426|CDS|CYB_0217	97.839	1851	40	0	1	1851	1	1851	0.0	3158
Ga0393493_13_6194_8044	CP000239.1:1751515-1753342|CDS|CYA_1747	80.524	1833	304	10	13	1832	13	1805	0.0	1700
Ga0393493_13_8051_8683	CP000240.1:226513-227569|CDS|CYB_0216	99.684	633	2	0	1	633	424	1056	0.0	1133
Ga0393493_13_8051_8683	CP000239.1:1753540-1754599|CDS|CYA_1748	91.814	623	51	0	1	623	424	1046	0.0	894
Ga0393493_13_8051_8683	CP000240.1:443946-445011|CDS|CYB_0433	71.986	589	156	5	1	586	415	997	7.77e-83	305
Ga0393493_13_8051_8683	CP000240.1:384572-385637|CDS|CYB_0371	71.986	589	156	5	1	586	415	997	7.77e-83	305
Ga0393493_13_8051_8683	CP000239.1:1850153-1851218|CDS|CYA_1849	71.065	629	167	8	1	623	415	1034	4.90e-79	292
Ga0393493_13_8051_8683	CP000239.1:1814549-1815614|CDS|CYA_1811	71.065	629	167	8	1	623	415	1034	4.90e-79	292
Ga0393493_13_8051_8683	CP000239.1:1288197-1289262|CDS|CYA_1274	71.065	629	167	8	1	623	415	1034	4.90e-79	292
Ga0393493_14_7_405	CP000240.1:2506239-2506704|CDS|CYB_2409	98.246	399	7	0	1	399	67	465	0.0	689
Ga0393493_14_7_405	CP000239.1:2258237-2258726|CDS|CYA_2248	83.742	326	51	2	1	325	160	484	1.90e-94	343
Ga0393493_14_417_872	CP000240.1:2505024-2505474|CDS|CYB_2406	99.528	424	2	0	1	424	1	424	0.0	756
Ga0393493_14_893_2353	CP000240.1:2503543-2505004|CDS|CYB_2405	97.399	1461	38	0	1	1461	1	1461	0.0	2464
Ga0393493_14_893_2353	CP000239.1:2261007-2262468|CDS|CYA_2252	85.890	1460	206	0	1	1460	1	1460	0.0	1705
Ga0393493_14_2514_3254	CP000240.1:2502642-2503263|CDS|CYB_2404	97.101	621	18	0	121	741	1	621	0.0	1040
Ga0393493_14_2514_3254	CP000239.1:2262758-2263379|CDS|CYA_2253	86.634	621	83	0	121	741	1	621	0.0	746
Ga0393493_14_3302_4159	CP000240.1:2501737-2502595|CDS|CYB_2403	95.216	857	41	0	2	858	2	858	0.0	1361
Ga0393493_14_3302_4159	CP000239.1:2263459-2264308|CDS|CYA_2254	85.731	841	120	0	1	841	1	841	0.0	976
Ga0393493_14_4541_5200	CP000240.1:2500951-2501611|CDS|CYB_2402	97.273	660	18	0	1	660	1	660	0.0	1110
Ga0393493_14_5631_6614	CP000240.1:2499534-2500518|CDS|CYB_2400	99.289	984	7	0	1	984	1	984	0.0	1744
Ga0393493_14_5631_6614	CP000239.1:1068747-1069734|CDS|CYA_1050	86.929	941	123	0	43	983	46	986	0.0	1143
Ga0393493_14_6689_7804	CP000240.1:2498323-2499439|CDS|CYB_2399	97.120	1111	32	0	1	1111	1	1111	0.0	1860
Ga0393493_14_6689_7804	CP000239.1:1069763-1070897|CDS|CYA_1051	87.906	1108	134	0	1	1108	1	1108	0.0	1395
Ga0393493_14_7944_8084	CP000240.1:2498043-2498184|CDS|CYB_2398	98.582	141	2	0	1	141	1	141	3.58e-66	246
Ga0393493_14_8216_8548	CP000240.1:2497102-2497912|CDS|CYB_2397	90.390	333	32	0	1	333	478	810	2.84e-129	457
Ga0393493_14_8216_8548	CP000239.1:1071254-1071986|CDS|CYA_1053	83.784	333	54	0	1	333	400	732	2.05e-99	358
Ga0393493_15_376_1704	CP000240.1:773670-774939|CDS|CYB_0750	98.109	1269	24	0	61	1329	1	1269	0.0	2181
Ga0393493_15_376_1704	CP000239.1:2078860-2080132|CDS|CYA_2060	83.478	1265	209	0	61	1325	1	1265	0.0	1340
Ga0393493_15_2206_2343	CP000240.1:775172-775310|CDS|CYB_0751	98.551	138	2	0	1	138	1	138	1.48e-64	241
Ga0393493_15_2327_3502	CP000240.1:775404-776481|CDS|CYB_0752	97.356	1059	28	0	112	1170	1	1059	0.0	1784
Ga0393493_15_2327_3502	CP000239.1:820042-821119|CDS|CYA_0809	84.057	1060	169	0	103	1162	1	1060	0.0	1150
Ga0393493_15_3603_3878	CP000240.1:776568-776844|CDS|CYB_0753	98.551	276	4	0	1	276	1	276	2.03e-136	480
Ga0393493_15_3603_3878	CP000239.1:817917-818223|CDS|CYA_0806	83.643	269	44	0	1	269	31	299	2.48e-78	288
Ga0393493_15_3936_4112	CP000240.1:776907-777240|CDS|CYB_0754	96.000	175	6	1	4	177	159	333	2.24e-76	281
Ga0393493_15_3936_4112	CP000239.1:817527-817860|CDS|CYA_0805	76.875	160	36	1	4	162	159	318	1.62e-27	119
Ga0393493_15_4374_4535	CP000240.1:776907-777240|CDS|CYB_0754	100.000	160	0	0	1	160	1	160	3.94e-79	289
Ga0393493_15_4374_4535	CP000239.1:817527-817860|CDS|CYA_0805	83.212	137	23	0	24	160	24	160	3.70e-35	144
Ga0393493_15_4689_5411	CP000240.1:777393-778116|CDS|CYB_0755	97.095	723	21	0	1	723	1	723	0.0	1210
Ga0393493_15_4689_5411	CP000239.1:816710-817436|CDS|CYA_0804	82.773	714	123	0	1	714	1	714	0.0	734
Ga0393493_15_5408_5635	CP000240.1:778112-778340|CDS|CYB_0756	95.614	228	10	0	1	228	1	228	2.62e-102	367
Ga0393493_15_5708_6961	CP000240.1:778411-779665|CDS|CYB_0757	98.006	1254	25	0	1	1254	1	1254	0.0	2150
Ga0393493_15_5708_6961	CP000239.1:1266980-1268219|CDS|CYA_1254	88.104	1118	130	1	1	1118	1	1115	0.0	1416
Ga0393493_15_7107_8051	CP000240.1:779824-780937|CDS|CYB_0758	95.026	945	47	0	1	945	169	1113	0.0	1493
Ga0393493_17_106_2775	CP000240.1:249358-252145|CDS|CYB_0240	98.705	2626	34	0	1	2626	118	2743	0.0	4583
Ga0393493_17_106_2775	CP000239.1:486235-489031|CDS|CYA_0472	85.062	2671	350	4	1	2670	118	2740	0.0	3045
Ga0393493_17_2903_5533	CP000240.1:252155-254786|CDS|CYB_0241	98.366	2631	43	0	1	2631	1	2631	0.0	4552
Ga0393493_17_2903_5533	CP000239.1:489056-491687|CDS|CYA_0473	87.262	2630	335	0	1	2630	1	2630	0.0	3233
Ga0393493_17_5626_6036	CP000240.1:254878-255289|CDS|CYB_0242	95.864	411	17	0	1	411	1	411	0.0	665
Ga0393493_17_5626_6036	CP000239.1:491777-492188|CDS|CYA_0474	82.927	410	70	0	2	411	2	411	2.10e-119	425
Ga0393493_18_52_543	CP000240.1:304467-305910|CDS|CYB_0292	95.935	492	20	0	1	492	952	1443	0.0	798
Ga0393493_18_52_543	CP000239.1:972526-973936|CDS|CYA_0960	84.959	492	65	2	1	492	928	1410	7.25e-158	554
Ga0393493_18_479_1612	CP000240.1:305818-306979|CDS|CYB_0293	96.737	1134	37	0	1	1134	28	1161	0.0	1879
Ga0393493_18_479_1612	CP000239.1:973844-975005|CDS|CYA_0961	82.295	1124	199	0	1	1124	28	1151	0.0	1131
Ga0393493_18_1761_1979	CP000240.1:307127-307346|CDS|CYB_0295	100.000	219	0	0	1	219	1	219	5.16e-111	396
Ga0393493_18_2070_2681	CP000240.1:307436-308048|CDS|CYB_0296	99.510	612	3	0	1	612	1	612	0.0	1091
Ga0393493_18_2070_2681	CP000239.1:100417-101038|CDS|CYA_0104	85.075	603	89	1	10	612	20	621	0.0	679
Ga0393493_18_3013_3192	CP000240.1:308379-308559|CDS|CYB_0297	97.778	180	4	0	1	180	1	180	1.65e-84	307
Ga0393493_18_3013_3192	CP000239.1:538112-538292|CDS|CYA_0521	84.444	180	28	0	1	180	1	180	6.15e-52	199
Ga0393493_18_3384_4970	CP000240.1:308750-310337|CDS|CYB_0298	98.299	1587	27	0	1	1587	1	1587	0.0	2741
Ga0393493_18_3384_4970	CP000239.1:536337-537918|CDS|CYA_0520	87.357	1574	193	1	1	1574	1	1568	0.0	1943
Ga0393493_18_5227_5952	CP000240.1:310590-311592|CDS|CYB_0299	97.245	726	20	0	1	726	277	1002	0.0	1220
Ga0393493_18_5227_5952	CP000239.1:535115-536117|CDS|CYA_0519	87.052	726	94	0	1	726	277	1002	0.0	886
Ga0393493_19_358_2067	CP000240.1:2008417-2010232|CDS|CYB_1923	99.474	1710	9	0	1	1710	106	1815	0.0	3044
Ga0393493_19_358_2067	CP000239.1:1727721-1729503|CDS|CYA_1724	79.555	1663	316	1	2	1664	95	1733	0.0	1484
Ga0393493_19_2045_3304	CP000240.1:2007300-2008440|CDS|CYB_1924	95.965	1140	46	0	121	1260	1	1140	0.0	1849
Ga0393493_19_2045_3304	CP000239.1:1729477-1730680|CDS|CYA_1723	84.224	1179	186	0	67	1245	10	1188	0.0	1288
Ga0393493_19_3577_4113	CP000240.1:2219258-2220470|CDS|CYB_2126	93.902	492	4	2	1	492	1	466	0.0	767
Ga0393493_19_3577_4113	CP000240.1:2128026-2129220|CDS|CYB_2026	92.946	482	10	1	1	482	1	458	0.0	734
Ga0393493_19_3577_4113	CP000240.1:1917270-1918464|CDS|CYB_1826	92.276	492	12	2	1	492	1	466	0.0	731
Ga0393493_19_3577_4113	CP000239.1:693322-694534|CDS|CYA_0687	97.418	426	11	0	1	426	1	426	0.0	719
Ga0393493_19_3577_4113	CP000240.1:1763450-1764623|CDS|CYB_1688	95.540	426	19	0	1	426	1	426	0.0	683
Ga0393493_19_3577_4113	CP000240.1:2247371-2248565|CDS|CYB_2147	92.254	426	33	0	1	426	1	426	6.52e-178	620
Ga0393493_19_3577_4113	CP000240.1:2168360-2169515|CDS|CYB_2071	90.141	426	42	0	1	426	1	426	5.72e-166	580
Ga0393493_19_3577_4113	CP000239.1:1594889-1596107|CDS|CYA_1585	90.141	426	42	0	1	426	1	426	5.72e-166	580
Ga0393493_19_3577_4113	CP000240.1:1384265-1385459|CDS|CYB_1322	89.437	426	45	0	1	426	1	426	1.26e-161	566
Ga0393493_19_3577_4113	CP000240.1:2565689-2566883|CDS|CYB_2468	88.967	426	47	0	1	426	1	426	6.52e-159	557
Ga0393493_19_3577_4113	CP000239.1:2170714-2171908|CDS|CYA_2158	88.967	426	47	0	1	426	1	426	6.52e-159	557
Ga0393493_19_3577_4113	CP000239.1:712444-713638|CDS|CYA_0704	88.967	426	47	0	1	426	1	426	6.52e-159	557
Ga0393493_19_3577_4113	CP000240.1:1954838-1956056|CDS|CYB_1872	84.647	482	50	1	1	482	1	458	7.95e-158	554
Ga0393493_19_3577_4113	CP000240.1:2796782-2798000|CDS|CYB_2707	88.498	426	49	0	1	426	1	426	3.38e-156	548
Ga0393493_19_3577_4113	CP000240.1:2553363-2554557|CDS|CYB_2454	88.498	426	49	0	1	426	1	426	3.38e-156	548
Ga0393493_19_3577_4113	CP000240.1:345730-346924|CDS|CYB_0329	88.498	426	49	0	1	426	1	426	3.38e-156	548
Ga0393493_19_3577_4113	CP000240.1:2210858-2212052|CDS|CYB_2117	87.793	426	52	0	1	426	1	426	2.13e-152	535
Ga0393493_19_3577_4113	CP000239.1:994256-995468|CDS|CYA_0981	87.793	426	52	0	1	426	1	426	2.13e-152	535
Ga0393493_19_3577_4113	CP000239.1:774779-775973|CDS|CYA_0767	87.793	426	52	0	1	426	1	426	2.13e-152	535
Ga0393493_19_3577_4113	CP000240.1:241642-242836|CDS|CYB_0233	87.559	426	53	0	1	426	1	426	9.07e-151	530
Ga0393493_19_3577_4113	CP000239.1:629980-631174|CDS|CYA_0620	86.854	426	56	0	1	426	1	426	5.72e-147	517
Ga0393493_19_3577_4113	CP000240.1:1015074-1016268|CDS|CYB_0979	86.620	426	57	0	1	426	1	426	2.43e-145	512
Ga0393493_19_3577_4113	CP000240.1:1083184-1084426|CDS|CYB_1042	83.778	450	49	1	1	426	1	450	4.40e-142	500
Ga0393493_19_3577_4113	CP000240.1:1190675-1191869|CDS|CYB_1151	84.977	426	64	0	1	426	1	426	4.12e-136	480
Ga0393493_19_3577_4113	CP000240.1:1064975-1066169|CDS|CYB_1023	84.507	426	66	0	1	426	1	426	2.13e-133	471
Ga0393493_19_3577_4113	CP000240.1:3008652-3009870|CDS|CYB_2910	81.556	450	59	1	1	426	1	450	1.64e-128	455
Ga0393493_19_3577_4113	CP000240.1:1842322-1843549|CDS|CYB_1759	83.568	426	70	0	1	426	1	426	5.73e-128	453
Ga0393493_19_3577_4113	CP000240.1:1803089-1804283|CDS|CYB_1722	83.099	426	72	0	1	426	1	426	2.97e-125	444
Ga0393493_19_3577_4113	CP000240.1:102811-104029|CDS|CYB_0087	80.667	450	63	1	1	426	1	450	4.40e-123	437
Ga0393493_19_3577_4113	CP000240.1:605550-606744|CDS|CYB_0598	82.394	426	75	0	1	426	1	426	6.53e-121	431
Ga0393493_19_3577_4113	CP000240.1:2644164-2645358|CDS|CYB_2538	82.160	426	76	0	1	426	1	426	7.96e-120	426
Ga0393493_19_3577_4113	CP000240.1:52430-53648|CDS|CYB_0041	81.925	426	77	0	1	426	1	426	3.38e-118	422
Ga0393493_19_3577_4113	CP000240.1:1316312-1317548|CDS|CYB_1259	81.455	426	79	0	1	426	1	426	1.75e-115	413
Ga0393493_19_3577_4113	CP000239.1:893439-894633|CDS|CYA_0887	80.986	426	81	0	1	426	1	426	9.08e-113	404
Ga0393493_19_3577_4113	CP000240.1:2830275-2831565|CDS|CYB_2735	78.889	450	71	1	1	426	1	450	3.17e-112	401
Ga0393493_19_3577_4113	CP000240.1:2661652-2662870|CDS|CYB_2557	80.751	426	82	0	1	426	1	426	1.11e-111	399
Ga0393493_19_3577_4113	CP000240.1:481588-482800|CDS|CYB_0472	80.751	426	82	0	1	426	1	426	1.11e-111	399
Ga0393493_19_3577_4113	CP000240.1:2619921-2621115|CDS|CYB_2521	80.516	426	83	0	1	426	1	426	4.70e-110	395
Ga0393493_19_3577_4113	CP000240.1:2933473-2934709|CDS|CYB_2835	78.000	450	75	1	1	426	1	450	8.51e-107	383
Ga0393493_19_3577_4113	CP000240.1:638632-639850|CDS|CYB_0630	78.000	450	75	1	1	426	1	450	8.51e-107	383
Ga0393493_19_3577_4113	CP000239.1:698055-699204|CDS|CYA_0690	79.812	426	86	0	1	426	1	426	2.97e-106	381
Ga0393493_19_3577_4113	CP000240.1:1521392-1522610|CDS|CYB_1450	77.778	450	76	1	1	426	1	450	3.62e-105	379
Ga0393493_19_3577_4113	CP000240.1:629484-630702|CDS|CYB_0620	77.556	450	77	1	1	426	1	450	4.41e-104	374
Ga0393493_19_3577_4113	CP000240.1:2506708-2507857|CDS|CYB_2410	72.566	565	79	5	1	492	1	562	6.54e-102	367
Ga0393493_19_3577_4113	CP000240.1:1358129-1359347|CDS|CYB_1297	77.111	450	79	1	1	426	1	450	2.28e-101	365
Ga0393493_19_3577_4113	CP000240.1:1267756-1268992|CDS|CYB_1227	77.111	450	79	1	1	426	1	450	2.28e-101	365
Ga0393493_19_3577_4113	CP000240.1:1244785-1246021|CDS|CYB_1201	76.000	450	84	1	1	426	1	450	2.60e-94	343
Ga0393493_19_3577_4113	CP000239.1:88305-89487|CDS|CYA_0091	76.761	426	99	0	1	426	1	426	2.44e-88	323
Ga0393493_19_4493_4825	CP000240.1:2005222-2005771|CDS|CYB_1920	98.799	333	4	0	1	333	217	549	2.84e-167	583
Ga0393493_19_4493_4825	CP000239.1:1732068-1732401|CDS|CYA_1726	96.697	333	11	0	1	333	1	333	1.68e-157	552
Ga0393493_19_4886_5653	CP000240.1:2005831-2006620|CDS|CYB_1921	92.588	769	55	2	1	768	22	789	0.0	1123
Ga0393493_19_4886_5653	CP000239.1:1731289-1732072|CDS|CYA_1727	82.483	725	99	5	9	707	33	755	0.0	738
Ga0393493_19_5688_5903	CP000240.1:2006633-2006954|CDS|CYB_1922	100.000	216	0	0	1	216	106	321	2.16e-109	390
Ga0393493_19_5688_5903	CP000239.1:1730943-1731276|CDS|CYA_1725	83.092	207	35	0	1	207	106	312	9.83e-57	216
Ga0393493_20_351_755	CP000240.1:2724876-2725314|CDS|CYB_2634	96.742	399	13	0	3	401	36	434	0.0	662
Ga0393493_20_351_755	CP000239.1:1176172-1176601|CDS|CYA_1152	85.250	400	59	0	4	403	28	427	1.22e-128	456
Ga0393493_20_918_2768	CP000240.1:2725443-2727342|CDS|CYB_2635	97.961	1815	37	0	1	1815	1	1815	0.0	3107
Ga0393493_20_918_2768	CP000239.1:1174188-1176054|CDS|CYA_1151	86.197	1804	243	2	1	1804	1	1798	0.0	2128
Ga0393493_20_3195_3692	CP000240.1:2729687-2730170|CDS|CYB_2641	98.758	483	6	0	16	498	1	483	0.0	845
Ga0393493_20_3195_3692	CP000239.1:1173594-1174071|CDS|CYA_1150	90.433	439	42	0	52	490	1	439	4.63e-173	603
Ga0393493_20_3745_4020	CP000240.1:2730221-2730497|CDS|CYB_2642	99.270	274	2	0	1	274	1	274	4.78e-138	486
Ga0393493_20_3745_4020	CP000239.1:1173296-1173572|CDS|CYA_1149	86.567	268	36	0	1	268	1	268	1.20e-88	322
Ga0393493_20_4218_5477	CP000240.1:2730694-2731954|CDS|CYB_2643	97.143	1260	36	0	1	1260	1	1260	0.0	2111
Ga0393493_20_4218_5477	CP000239.1:1171868-1173149|CDS|CYA_1148	89.806	1236	126	0	1	1236	1	1236	0.0	1662
Ga0393493_21_394_1773	CP000240.1:2771312-2772692|CDS|CYB_2687	98.043	1380	27	0	1	1380	1	1380	0.0	2368
Ga0393493_21_394_1773	CP000239.1:2139798-2141178|CDS|CYA_2126	85.870	1380	195	0	1	1380	1	1380	0.0	1610
Ga0393493_21_1924_4524	CP000240.1:2772842-2775443|CDS|CYB_2688	98.847	2601	30	0	1	2601	1	2601	0.0	4556
Ga0393493_21_1924_4524	CP000239.1:2141367-2143968|CDS|CYA_2127	89.064	2597	284	0	1	2597	1	2597	0.0	3404
Ga0393493_23_403_672	CP000240.1:2723862-2724132|CDS|CYB_2632	97.407	270	7	0	1	270	1	270	7.91e-129	456
Ga0393493_23_403_672	CP000239.1:1042529-1042799|CDS|CYA_1023	85.660	265	34	2	1	263	1	263	1.10e-82	302
Ga0393493_23_709_1389	CP000240.1:2723145-2723826|CDS|CYB_2631	97.651	681	16	0	1	681	1	681	0.0	1157
Ga0393493_23_709_1389	CP000239.1:1042832-1043561|CDS|CYA_1024	85.671	663	95	0	12	674	54	716	0.0	768
Ga0393493_23_2100_2903	CP000240.1:2721473-2722277|CDS|CYB_2629	98.259	804	14	0	1	804	1	804	0.0	1388
Ga0393493_23_2100_2903	CP000239.1:1044009-1044813|CDS|CYA_1026	84.577	804	124	0	1	804	1	804	0.0	892
Ga0393493_23_2953_3456	CP000240.1:2720920-2721424|CDS|CYB_2628	98.016	504	10	0	1	504	1	504	0.0	865
Ga0393493_23_2953_3456	CP000239.1:1044862-1045273|CDS|CYA_1027	88.753	409	46	0	94	502	1	409	2.43e-151	531
Ga0393493_23_3720_4163	CP000240.1:2720213-2720657|CDS|CYB_2627	97.973	444	9	0	1	444	1	444	0.0	761
Ga0393493_23_3720_4163	CP000239.1:1045717-1046161|CDS|CYA_1028	88.288	444	52	0	1	444	1	444	2.95e-162	567
Ga0393493_23_4258_5292	CP000240.1:2719084-2720125|CDS|CYB_2626	97.198	1035	29	0	1	1035	7	1041	0.0	1737
Ga0393493_23_4258_5292	CP000239.1:1046249-1047260|CDS|CYA_1029	80.598	1036	169	7	1	1035	7	1011	0.0	960
Ga0393493_25_732_926	CP000240.1:2451752-2451947|CDS|CYB_2345	97.436	195	5	0	1	195	1	195	5.52e-91	330
Ga0393493_25_732_926	CP000239.1:2380762-2380957|CDS|CYA_2371	82.051	195	35	0	1	195	1	195	2.86e-50	195
Ga0393493_25_986_1225	CP000240.1:2451441-2451693|CDS|CYB_2344	100.000	240	0	0	1	240	13	252	2.27e-122	434
Ga0393493_25_986_1225	CP000239.1:2380458-2380698|CDS|CYA_2370	90.000	240	24	0	1	240	1	240	8.48e-90	325
Ga0393493_25_1289_2209	CP000240.1:2450469-2451390|CDS|CYB_2343	97.937	921	19	0	1	921	1	921	0.0	1576
Ga0393493_25_1289_2209	CP000239.1:2379497-2380418|CDS|CYA_2369	86.942	919	120	0	1	919	1	919	0.0	1117
Ga0393493_25_2473_4200	CP000240.1:2448478-2450206|CDS|CYB_2342	99.769	1728	4	0	1	1728	1	1728	0.0	3099
Ga0393493_25_2473_4200	CP000239.1:2377351-2379085|CDS|CYA_2368	85.243	1728	249	1	1	1722	1	1728	0.0	1968
Ga0393493_26_63_479	CP000240.1:800976-802446|CDS|CYB_0778	99.281	417	3	0	1	417	1054	1470	0.0	739
Ga0393493_26_63_479	CP000239.1:267159-268629|CDS|CYA_0262	92.086	417	33	0	1	417	1054	1470	3.84e-173	604
Ga0393493_26_714_1748	CP000240.1:799725-800742|CDS|CYB_0777	95.266	1035	31	2	1	1035	1	1017	0.0	1654
Ga0393493_26_714_1748	CP000239.1:265864-266866|CDS|CYA_0261	84.511	1033	127	3	1	1033	1	1000	0.0	1159
Ga0393493_26_1944_3650	CP000240.1:797823-799530|CDS|CYB_0776	97.774	1707	38	0	1	1707	1	1707	0.0	2908
Ga0393493_26_1944_3650	CP000239.1:2641478-2643185|CDS|CYA_2624	81.994	1705	307	0	1	1705	1	1705	0.0	1691
Ga0393493_26_3697_4404	CP000240.1:797070-797778|CDS|CYB_0775	98.164	708	13	0	1	708	1	708	0.0	1219
Ga0393493_26_3697_4404	CP000239.1:2640744-2641452|CDS|CYA_2623	85.169	708	105	0	1	708	1	708	0.0	804
Ga0393493_26_4401_4985	CP000240.1:796255-797074|CDS|CYB_0774	98.462	585	9	0	1	585	235	819	0.0	1015
Ga0393493_26_4401_4985	CP000239.1:2639929-2640748|CDS|CYA_2622	82.718	515	89	0	1	515	235	749	3.46e-150	528
Ga0393493_27_498_947	CP000240.1:1988655-1989891|CDS|CYB_1903	96.000	450	18	0	1	450	787	1236	0.0	731
Ga0393493_27_498_947	CP000239.1:1383292-1384507|CDS|CYA_1372	77.014	422	97	0	1	422	790	1211	5.80e-89	324
Ga0393493_27_962_1738	CP000240.1:1988655-1989891|CDS|CYB_1903	97.697	608	14	0	1	608	76	683	0.0	1034
Ga0393493_27_962_1738	CP000239.1:1383292-1384507|CDS|CYA_1372	86.116	605	84	0	1	605	79	683	0.0	713
Ga0393493_27_2114_3040	CP000240.1:1987413-1988340|CDS|CYB_1902	99.137	927	8	0	1	927	1	927	0.0	1636
Ga0393493_27_2114_3040	CP000239.1:1625730-1626651|CDS|CYA_1622	84.136	914	145	0	1	914	1	914	0.0	995
Ga0393493_27_3065_3451	CP000240.1:1986963-1987389|CDS|CYB_1901	100.000	387	0	0	1	387	40	426	0.0	699
Ga0393493_27_3065_3451	CP000239.1:1626879-1627374|CDS|CYA_1623	82.370	346	61	0	19	364	145	490	1.24e-96	350
Ga0393493_27_3594_4085	CP000240.1:1986368-1986860|CDS|CYB_1900	98.374	492	8	0	1	492	1	492	0.0	852
Ga0393493_27_3594_4085	CP000239.1:1627405-1628002|CDS|CYA_1624	80.691	492	95	0	1	492	106	597	1.23e-129	460
Ga0393493_27_4111_4824	CP000240.1:1985629-1986343|CDS|CYB_1899	96.078	714	28	0	1	714	1	714	0.0	1162
Ga0393493_27_4111_4824	CP000239.1:1628282-1629023|CDS|CYA_1625	86.762	559	74	0	45	603	45	603	0.0	675
Ga0393493_28_660_1097	CP000240.1:2915855-2916293|CDS|CYB_2814	99.543	438	2	0	1	438	1	438	0.0	782
Ga0393493_28_660_1097	CP000239.1:2035203-2035641|CDS|CYA_2019	85.616	438	63	0	1	438	1	438	8.35e-144	507
Ga0393493_28_1143_2888	CP000240.1:2916338-2918288|CDS|CYB_2815	98.339	1746	29	0	1	1746	205	1950	0.0	3019
Ga0393493_28_1143_2888	CP000239.1:308635-310549|CDS|CYA_0304	79.519	1704	301	5	1	1701	211	1869	0.0	1521
Ga0393493_28_3415_4341	CP000240.1:2918610-2919879|CDS|CYB_2816	99.245	927	7	0	1	927	343	1269	0.0	1641
Ga0393493_28_3415_4341	CP000239.1:307007-308276|CDS|CYA_0302	83.077	910	130	2	2	911	368	1253	0.0	960
Ga0393493_29_1462_2136	CP000240.1:527703-528363|CDS|CYB_0515	97.121	660	19	0	16	675	1	660	0.0	1105
Ga0393493_29_1462_2136	CP000239.1:1163148-1163808|CDS|CYA_1139	87.727	660	81	0	16	675	1	660	0.0	826
Ga0393493_29_2159_2455	CP000240.1:527384-527681|CDS|CYB_0514	95.623	297	13	0	1	297	1	297	2.68e-135	478
Ga0393493_29_2159_2455	CP000239.1:2862133-2862430|CDS|CYA_2844	80.919	283	52	2	1	282	1	282	3.74e-70	260
Ga0393493_29_2462_3727	CP000240.1:526112-527378|CDS|CYB_0513	96.998	1266	38	0	1	1266	1	1266	0.0	2113
Ga0393493_29_2462_3727	CP000239.1:2860885-2862127|CDS|CYA_2843	82.181	1229	219	0	1	1229	1	1229	0.0	1230
Ga0393493_30_799_1002	CP000240.1:981445-983149|CDS|CYB_0946	98.182	165	2	1	40	204	1	164	2.64e-76	281
Ga0393493_30_799_1002	CP000239.1:220039-221776|CDS|CYA_0213	82.323	198	28	2	1	198	1	191	2.47e-51	197
Ga0393493_30_999_1310	CP000240.1:981104-981416|CDS|CYB_0945	95.513	312	14	0	1	312	1	312	2.48e-142	500
Ga0393493_30_999_1310	CP000239.1:221772-222084|CDS|CYA_0214	86.538	312	42	0	1	312	1	312	2.48e-104	374
Ga0393493_30_1453_2178	CP000240.1:980237-980963|CDS|CYB_0944	99.311	726	5	0	1	726	1	726	0.0	1287
Ga0393493_30_1453_2178	CP000239.1:222223-222949|CDS|CYA_0215	87.431	724	91	0	1	724	1	724	0.0	896
Ga0393493_30_2237_2878	CP000240.1:979489-980179|CDS|CYB_0943	95.327	642	30	0	1	642	49	690	0.0	1023
Ga0393493_30_2237_2878	CP000239.1:222991-223708|CDS|CYA_0216	80.967	641	122	0	1	641	76	716	4.95e-174	607
Ga0393493_30_2943_3737	CP000240.1:978720-979473|CDS|CYB_0942	99.734	753	2	0	43	795	1	753	0.0	1350
Ga0393493_30_2943_3737	CP000239.1:223720-224473|CDS|CYA_0217	84.861	753	114	0	43	795	1	753	0.0	845
Ga0393493_30_3787_4056	CP000240.1:978359-978629|CDS|CYB_0941	100.000	270	0	0	1	270	1	270	1.34e-138	488
Ga0393493_30_3787_4056	CP000239.1:224563-224824|CDS|CYA_0218	83.209	268	36	1	1	268	1	259	2.95e-77	285
Ga0393493_31_10_576	CP000240.1:2418299-2418983|CDS|CYB_2307	100.000	567	0	0	1	567	118	684	0.0	1023
Ga0393493_31_10_576	CP000239.1:824514-825198|CDS|CYA_0813	86.949	567	74	0	1	567	118	684	0.0	690
Ga0393493_31_819_1058	CP000240.1:2419212-2419452|CDS|CYB_2308	98.750	240	3	0	1	240	1	240	5.00e-118	420
Ga0393493_31_819_1058	CP000239.1:151960-152200|CDS|CYA_0155	88.263	213	25	0	28	240	28	240	1.64e-73	272
Ga0393493_31_1155_2063	CP000240.1:2419548-2421423|CDS|CYB_2309	96.480	767	27	0	143	909	1109	1875	0.0	1262
Ga0393493_31_2048_3085	CP000240.1:2419548-2421423|CDS|CYB_2309	97.306	928	19	1	1	928	187	1108	0.0	1563
Ga0393493_31_3310_3819	CP000240.1:2421461-2422580|CDS|CYB_2310	98.235	510	9	0	1	510	610	1119	0.0	880
Ga0393493_31_3310_3819	CP000239.1:154881-156000|CDS|CYA_0159	88.824	510	57	0	1	510	610	1119	0.0	664
Ga0393493_32_1704_2621	CP000240.1:983879-984797|CDS|CYB_0948	96.405	918	33	0	1	918	1	918	0.0	1508
Ga0393493_32_1704_2621	CP000239.1:218391-219309|CDS|CYA_0211	87.473	918	115	0	1	918	1	918	0.0	1138
Ga0393493_32_2633_3352	CP000240.1:983148-983868|CDS|CYB_0947	98.750	720	9	0	1	720	1	720	0.0	1259
Ga0393493_32_2633_3352	CP000239.1:219320-220040|CDS|CYA_0212	82.361	720	127	0	1	720	1	720	0.0	727
Ga0393493_32_3352_3750	CP000240.1:981445-983149|CDS|CYB_0946	97.995	399	8	0	1	399	1306	1704	0.0	684
Ga0393493_32_3352_3750	CP000239.1:220039-221776|CDS|CYA_0213	79.703	404	70	2	2	399	1340	1737	2.03e-100	361
Ga0393493_33_6_2222	CP000240.1:317060-319277|CDS|CYB_0304	94.768	2217	116	0	1	2217	1	2217	0.0	3476
Ga0393493_33_6_2222	CP000239.1:527197-529402|CDS|CYA_0510	80.957	2195	412	1	1	2195	1	2189	0.0	2076
Ga0393493_34_53_283	CP000240.1:491705-491966|CDS|CYB_0480	98.268	231	4	0	1	231	31	261	4.49e-112	399
Ga0393493_34_53_283	CP000239.1:1018221-1018578|CDS|CYA_1004	87.685	203	25	0	27	229	117	319	4.21e-68	254
Ga0393493_34_690_1610	CP000240.1:490116-491037|CDS|CYB_0479	96.200	921	35	0	1	921	1	921	0.0	1504
Ga0393493_34_690_1610	CP000239.1:1018843-1019764|CDS|CYA_1005	88.491	921	106	0	1	921	1	921	0.0	1184
Ga0393493_34_1676_2194	CP000240.1:489532-490051|CDS|CYB_0478	97.297	518	14	0	1	518	1	518	0.0	872
Ga0393493_34_1676_2194	CP000239.1:1019841-1020354|CDS|CYA_1006	87.645	518	58	1	1	518	1	512	0.0	647
Ga0393493_35_361_1095	CP000240.1:2098002-2098731|CDS|CYB_1992	96.571	729	25	0	7	735	1	729	0.0	1203
Ga0393493_35_1393_2145	CP000240.1:2098811-2099780|CDS|CYB_1993	93.386	756	44	2	1	753	217	969	0.0	1135
Ga0393493_35_1393_2145	CP000239.1:1690554-1691523|CDS|CYA_1691	85.007	747	112	0	1	747	217	963	0.0	843
Ga0393493_35_2250_2981	CP000240.1:2099887-2100607|CDS|CYB_1994	90.417	720	69	0	13	732	1	720	0.0	988
Ga0393493_35_2250_2981	CP000239.1:1689738-1690470|CDS|CYA_1690	88.934	732	81	0	1	732	1	732	0.0	956
Ga0393493_35_2989_3384	CP000240.1:2100626-2102354|CDS|CYB_1995	100.000	396	0	0	1	396	1333	1728	0.0	715
Ga0393493_35_2989_3384	CP000239.1:1688039-1689731|CDS|CYA_1689	77.604	384	58	6	1	382	1333	1690	4.75e-83	304
Ga0393493_36_248_1066	CP000240.1:2514925-2515690|CDS|CYB_2418	99.085	765	7	0	55	819	1	765	0.0	1349
Ga0393493_36_248_1066	CP000239.1:2671899-2672670|CDS|CYA_2655	87.215	657	84	0	163	819	115	771	0.0	807
Ga0393493_36_1063_1737	CP000240.1:2514221-2514875|CDS|CYB_2417	99.388	654	4	0	22	675	1	654	0.0	1162
Ga0393493_36_1063_1737	CP000239.1:2671273-2671909|CDS|CYA_2654	85.561	561	81	0	22	582	1	561	0.0	647
Ga0393493_38_224_451	CP000239.1:1293306-1294479|CDS|CYA_1283	99.123	228	2	0	1	228	946	1173	3.63e-113	403
Ga0393493_38_224_451	CP000240.1:969538-970711|CDS|CYB_0931	97.807	228	5	0	1	228	946	1173	8.00e-109	389
Ga0393493_38_554_1261	CP000240.1:968326-969535|CDS|CYB_0930	97.875	706	15	0	2	707	503	1208	0.0	1206
Ga0393493_38_554_1261	CP000239.1:1292097-1293303|CDS|CYA_1282	97.025	706	21	0	2	707	500	1205	0.0	1179
Ga0393493_38_1414_2196	CP000240.1:967381-968164|CDS|CYB_0929	98.595	783	11	0	1	783	1	783	0.0	1363
Ga0393493_38_1414_2196	CP000239.1:1319890-1320673|CDS|CYA_1310	88.506	783	90	0	1	783	1	783	0.0	1007
Ga0393493_38_2186_2800	CP000240.1:966777-967392|CDS|CYB_0928	99.350	615	4	0	1	615	1	615	0.0	1092
Ga0393493_39_130_723	CP000240.1:2064931-2065525|CDS|CYB_1968	96.801	594	19	0	1	594	1	594	0.0	986
Ga0393493_39_130_723	CP000239.1:2529895-2530489|CDS|CYA_2517	85.304	592	87	0	1	592	1	592	0.0	676
Ga0393493_39_723_2429	CP000240.1:2063225-2064932|CDS|CYB_1967	97.774	1707	38	0	1	1707	1	1707	0.0	2908
Ga0393493_39_723_2429	CP000239.1:2528171-2529896|CDS|CYA_2516	84.111	1693	261	4	19	1707	37	1725	0.0	1830
Ga0393493_40_12_671	CP000240.1:2617456-2618620|CDS|CYB_2519	100.000	660	0	0	1	660	505	1164	0.0	1191
Ga0393493_40_12_671	CP000239.1:2452832-2454146|CDS|CYA_2444	75.909	660	155	3	1	658	655	1312	3.93e-131	464
Ga0393493_40_1318_2250	CP000240.1:2615877-2616801|CDS|CYB_2518	100.000	924	0	0	10	933	1	924	0.0	1667
Ga0393493_40_1318_2250	CP000239.1:2881408-2882332|CDS|CYA_2863	81.926	924	163	4	10	931	1	922	0.0	900
Ga0393493_40_2323_2790	CP000240.1:2613612-2615805|CDS|CYB_2517	100.000	468	0	0	1	468	1726	2193	0.0	845
Ga0393493_40_2323_2790	CP000239.1:2879173-2881366|CDS|CYA_2862	84.061	458	73	0	3	460	1728	2185	4.64e-141	498
Ga0393493_41_196_792	CP000240.1:2158298-2159417|CDS|CYB_2061	98.325	597	10	0	1	597	523	1119	0.0	1032
Ga0393493_41_196_792	CP000239.1:91261-92380|CDS|CYA_0094	86.935	597	78	0	1	597	523	1119	0.0	726
Ga0393493_41_825_1289	CP000240.1:2158298-2159417|CDS|CYB_2061	99.326	445	3	0	1	445	1	445	0.0	790
Ga0393493_41_825_1289	CP000239.1:91261-92380|CDS|CYA_0094	83.973	443	71	0	1	443	1	443	1.24e-135	480
Ga0393493_41_1545_2003	CP000240.1:2157386-2158043|CDS|CYB_2060	91.822	428	35	0	1	428	1	428	2.35e-176	615
Ga0393493_41_1545_2003	CP000239.1:90366-91023|CDS|CYA_0093	86.998	423	55	0	1	423	1	423	1.69e-146	516
Ga0393493_41_2018_2194	CP000239.1:90366-91023|CDS|CYA_0093	85.976	164	23	0	1	164	487	650	8.95e-50	193
Ga0393493_41_2018_2194	CP000240.1:2157386-2158043|CDS|CYB_2060	74.839	155	39	0	1	155	487	641	3.57e-23	104
Ga0393493_42_45_2096	CP000240.1:313554-316293|CDS|CYB_0301	98.587	2052	29	0	1	2052	688	2739	0.0	3571
Ga0393493_42_45_2096	CP000239.1:530062-532801|CDS|CYA_0512	85.958	2051	286	2	1	2050	688	2737	0.0	2394
Ga0393493_42_2343_2642	CP000240.1:316539-316863|CDS|CYB_0302	90.741	324	6	2	1	300	1	324	5.98e-131	462
Ga0393493_42_2343_2642	CP000239.1:529493-529808|CDS|CYA_0511	84.345	313	34	1	1	298	1	313	7.79e-98	353
Ga0393493_42_2343_2642	CP000239.1:1677193-1677484|CDS|CYA_1677	67.532	231	73	2	1	230	1	230	3.79e-13	72.5
Ga0393493_43_919_1851	CP000240.1:243544-244477|CDS|CYB_0234	98.499	933	14	0	1	933	1	933	0.0	1620
Ga0393493_43_1933_2601	CP000240.1:244558-245227|CDS|CYB_0235	99.094	662	6	0	1	662	1	662	0.0	1168
Ga0393493_43_1933_2601	CP000239.1:481553-482228|CDS|CYA_0467	84.498	658	100	2	1	657	1	657	0.0	720
Ga0393493_44_255_1292	CP000239.1:1294587-1295625|CDS|CYA_1284	99.324	1036	7	0	1	1036	1	1036	0.0	1838
Ga0393493_44_255_1292	CP000240.1:970809-971847|CDS|CYB_0932	99.133	1038	9	0	1	1038	1	1038	0.0	1832
Ga0393493_44_1886_2245	CP000240.1:972110-972899|CDS|CYB_0933	100.000	360	0	0	1	360	430	789	0.0	650
Ga0393493_44_1886_2245	CP000239.1:1295888-1296677|CDS|CYA_1285	100.000	360	0	0	1	360	430	789	0.0	650
Ga0393493_44_1886_2245	CP000239.1:231450-231828|CDS|CYA_0228	92.758	359	26	0	1	359	19	377	1.70e-151	531
Ga0393493_45_155_685	CP000240.1:782479-783010|CDS|CYB_0761	100.000	531	0	0	1	531	1	531	0.0	958
Ga0393493_45_155_685	CP000239.1:2223209-2223746|CDS|CYA_2208	80.897	513	98	0	1	513	1	513	3.34e-137	484
Ga0393493_45_789_992	CP000239.1:1362668-1362881|CDS|CYA_1351	86.275	204	25	1	1	204	13	213	2.31e-64	241
Ga0393493_46_95_272	CP000239.1:2621610-2623191|CDS|CYA_2604	100.000	177	0	0	2	178	594	418	2.58e-88	320
Ga0393493_46_95_272	CP000240.1:2371216-2372797|CDS|CYB_2266	90.960	177	16	0	2	178	594	418	1.34e-66	248
Ga0393493_46_583_816	CP000240.1:2377500-2378175|CDS|CYB_2270	100.000	234	0	0	1	234	442	675	3.99e-119	423
Ga0393493_46_583_816	CP000239.1:2628152-2628827|CDS|CYA_2611	100.000	234	0	0	1	234	442	675	3.99e-119	423
Ga0393493_46_813_1748	CP000240.1:2376130-2377504|CDS|CYB_2271	100.000	936	0	0	1	936	439	1374	0.0	1689
Ga0393493_46_813_1748	CP000239.1:2627220-2628156|CDS|CYA_2612	98.397	936	15	0	1	936	1	936	0.0	1621
