Ga0374838_01_3103_4422	CP000239.1:2569517-2570837|CDS|CYA_2548	99.091	1320	12	0	1	1320	1	1320	0.0	2327
Ga0374838_01_3103_4422	CP000240.1:877088-878468|CDS|CYB_0843	80.225	1335	249	2	1	1320	46	1380	0.0	1223
Ga0374838_01_4601_5185	CP000239.1:2571015-2571600|CDS|CYA_2550	99.316	585	4	0	1	585	1	585	0.0	1038
Ga0374838_01_4601_5185	CP000240.1:878589-879339|CDS|CYB_0845	71.031	611	140	13	1	585	151	750	2.85e-75	279
Ga0374838_01_5213_5821	CP000239.1:2571627-2572236|CDS|CYA_2551	95.895	609	25	0	1	609	1	609	0.0	986
Ga0374838_01_5213_5821	CP000240.1:1861120-1861735|CDS|CYB_1775	81.239	581	109	0	29	609	35	615	7.44e-159	557
Ga0374838_01_5898_6464	CP000239.1:2572192-2572879|CDS|CYA_2552	99.824	567	1	0	1	567	121	687	0.0	1019
Ga0374838_01_5898_6464	CP000240.1:1860439-1861027|CDS|CYB_1774	74.638	552	126	4	7	557	7	545	1.03e-99	360
Ga0374838_01_6618_10334	CP000239.1:2573293-2576749|CDS|CYA_2553	90.552	3461	317	7	262	3717	1	3456	0.0	4745
Ga0374838_01_10655_12706	CP000239.1:2577069-2579121|CDS|CYA_2555	99.951	2052	1	0	1	2052	1	2052	0.0	3697
Ga0374838_01_10655_12706	CP000240.1:2634101-2636165|CDS|CYB_2532	89.417	2041	216	0	1	2041	1	2041	0.0	2708
Ga0374838_01_12703_14001	CP000239.1:2579117-2580416|CDS|CYA_2554	97.768	1299	29	0	1	1299	1	1299	0.0	2213
Ga0374838_01_12703_14001	CP000240.1:2636161-2637445|CDS|CYB_2531	87.363	1274	161	0	1	1274	1	1274	0.0	1572
Ga0374838_01_14700_15095	CP000240.1:2370235-2370979|CDS|CYB_2265	93.401	394	26	0	2	395	350	743	1.88e-170	594
Ga0374838_01_14700_15095	CP000239.1:2620695-2621439|CDS|CYA_2603	92.112	393	31	0	2	394	350	742	7.49e-163	570
Ga0374838_01_15306_15710	CP000239.1:2580598-2581003|CDS|CYA_2556	94.363	408	17	2	1	405	1	405	0.0	629
Ga0374838_01_15306_15710	CP000240.1:2369615-2370020|CDS|CYB_2264	83.704	405	66	0	1	405	1	405	3.98e-122	434
Ga0374838_01_16023_16376	CP000239.1:2581159-2581519|CDS|CYA_2557	93.143	350	24	0	5	354	11	360	2.48e-149	524
Ga0374838_01_16023_16376	CP000239.1:2619424-2619778|CDS|CYA_2601	92.635	353	26	0	1	353	1	353	3.02e-148	520
Ga0374838_01_16023_16376	CP000240.1:841876-842233|CDS|CYB_0813	88.761	347	39	0	1	347	1	347	4.49e-127	451
Ga0374838_01_16490_16606	CP000239.1:2581636-2581753|CDS|CYA_2558	100.000	117	0	0	1	117	1	117	5.90e-56	212
Ga0374838_01_16490_16606	CP000239.1:2619211-2619328|CDS|CYA_2600	98.291	117	2	0	1	117	1	117	3.06e-53	203
Ga0374838_01_16490_16606	CP000240.1:841655-841772|CDS|CYB_0812	86.325	117	16	0	1	117	1	117	3.06e-34	140
Ga0374838_01_16689_18092	CP000239.1:2581835-2583239|CDS|CYA_2559	99.929	1404	1	0	1	1404	1	1404	0.0	2528
Ga0374838_01_16689_18092	CP000240.1:839995-841399|CDS|CYB_0811	85.755	1404	200	0	1	1404	1	1404	0.0	1631
Ga0374838_01_18238_19620	CP000239.1:2583384-2584767|CDS|CYA_2560	99.855	1383	2	0	1	1383	1	1383	0.0	2486
Ga0374838_01_18238_19620	CP000240.1:838432-839815|CDS|CYB_0810	77.857	1400	272	10	1	1381	1	1381	0.0	1117
Ga0374838_01_19793_20380	CP000239.1:2584939-2585527|CDS|CYA_2562	100.000	588	0	0	1	588	1	588	0.0	1061
Ga0374838_01_19793_20380	CP000240.1:837678-838269|CDS|CYB_0809	79.695	591	117	2	1	588	1	591	1.80e-147	519
Ga0374838_01_20389_22002	CP000239.1:2585535-2587392|CDS|CYA_2563	99.690	1614	5	0	1	1614	244	1857	0.0	2889
Ga0374838_01_20389_22002	CP000240.1:835785-837645|CDS|CYB_0808	86.849	1612	212	0	1	1612	247	1858	0.0	1952
Ga0374838_02_643_774	CP000239.1:1070998-1071130|CDS|CYA_1052	100.000	132	0	0	1	132	1	132	4.91e-64	239
Ga0374838_02_899_1576	CP000239.1:1071254-1071986|CDS|CYA_1053	100.000	678	0	0	1	678	55	732	0.0	1223
Ga0374838_02_899_1576	CP000240.1:2497102-2497912|CDS|CYB_2397	86.263	677	93	0	2	678	134	810	0.0	802
Ga0374838_02_1831_2463	CP000239.1:1072186-1072819|CDS|CYA_1055	100.000	633	0	0	1	633	1	633	0.0	1142
Ga0374838_02_1831_2463	CP000240.1:2496371-2497004|CDS|CYB_2396	84.810	632	96	0	2	633	2	633	0.0	708
Ga0374838_02_2476_3252	CP000239.1:1072831-1073605|CDS|CYA_1056	99.742	774	2	0	4	777	1	774	0.0	1388
Ga0374838_02_2476_3252	CP000240.1:2495572-2496349|CDS|CYB_2395	89.392	773	82	0	1	773	1	773	0.0	1025
Ga0374838_02_3349_3546	CP000239.1:1073704-1073902|CDS|CYA_1057	100.000	198	0	0	1	198	1	198	1.16e-99	358
Ga0374838_02_3349_3546	CP000240.1:2495291-2495489|CDS|CYB_2394	89.394	198	21	0	1	198	1	198	6.84e-71	263
Ga0374838_02_3534_4520	CP000239.1:1073889-1075026|CDS|CYA_1058	99.899	987	1	0	1	987	151	1137	0.0	1776
Ga0374838_02_3534_4520	CP000240.1:2494155-2495304|CDS|CYB_2393	96.454	987	35	0	1	987	163	1149	0.0	1623
Ga0374838_02_4876_6825	CP000239.1:1075231-1077295|CDS|CYA_1059	97.900	1952	38	1	2	1950	113	2064	0.0	3334
Ga0374838_02_4876_6825	CP000240.1:288322-290380|CDS|CYB_0274	86.708	1956	251	2	1	1950	106	2058	0.0	2355
Ga0374838_02_7038_7304	CP000240.1:287861-288215|CDS|CYB_0273	91.386	267	23	0	1	267	88	354	1.72e-105	379
Ga0374838_02_7038_7304	CP000239.1:1077376-1077709|CDS|CYA_1060	87.640	267	33	0	1	267	67	333	6.42e-92	334
Ga0374838_02_7453_7965	CP000240.1:287287-287800|CDS|CYB_0272	93.177	513	35	0	1	513	1	513	0.0	768
Ga0374838_02_7453_7965	CP000239.1:1077737-1078295|CDS|CYA_1061	90.945	508	46	0	1	508	46	553	0.0	710
Ga0374838_02_8216_8686	CP000239.1:1078416-1079034|CDS|CYA_1062	91.880	468	38	0	4	471	151	618	0.0	673
Ga0374838_02_8216_8686	CP000240.1:286565-287237|CDS|CYB_0271	85.129	464	69	0	1	464	202	665	9.62e-150	526
Ga0374838_02_8761_9210	CP000239.1:1079108-1079558|CDS|CYA_1063	100.000	450	0	0	1	450	1	450	0.0	812
Ga0374838_02_8761_9210	CP000240.1:286028-286478|CDS|CYB_0270	88.889	450	50	0	1	450	1	450	3.20e-168	587
Ga0374838_02_9473_10846	CP000239.1:1079820-1081194|CDS|CYA_1064	99.272	1374	10	0	1	1374	1	1374	0.0	2434
Ga0374838_02_9473_10846	CP000240.1:283432-284806|CDS|CYB_0268	87.865	1368	164	2	1	1367	1	1367	0.0	1712
Ga0374838_02_10865_12592	CP000239.1:1081212-1082940|CDS|CYA_1065	100.000	1728	0	0	1	1728	1	1728	0.0	3117
Ga0374838_02_10865_12592	CP000240.1:281682-283410|CDS|CYB_0267	88.535	1727	198	0	1	1727	1	1727	0.0	2223
Ga0374838_02_12679_12963	CP000239.1:1083026-1083311|CDS|CYA_1066	100.000	285	0	0	1	285	1	285	1.02e-146	515
Ga0374838_02_12679_12963	CP000240.1:281336-281615|CDS|CYB_0266	84.155	284	39	2	2	285	2	279	9.59e-84	306
Ga0374838_02_13047_13796	CP000239.1:1083394-1084351|CDS|CYA_1067	100.000	750	0	0	1	750	208	957	0.0	1353
Ga0374838_02_13047_13796	CP000240.1:280291-281254|CDS|CYB_0265	81.166	669	102	4	1	663	235	885	0.0	643
Ga0374838_02_14378_15826	CP000239.1:1084725-1086174|CDS|CYA_1068	99.931	1449	1	0	1	1449	1	1449	0.0	2609
Ga0374838_02_14378_15826	CP000240.1:278268-279717|CDS|CYB_0263	82.672	1437	249	0	1	1437	1	1437	0.0	1470
Ga0374838_02_15993_17444	CP000239.1:1086340-1087792|CDS|CYA_1069	99.931	1452	1	0	1	1452	1	1452	0.0	2615
Ga0374838_02_15993_17444	CP000240.1:276638-278102|CDS|CYB_0262	86.942	1455	176	5	1	1442	1	1454	0.0	1758
Ga0374838_02_17454_17909	CP000239.1:1087801-1088257|CDS|CYA_1071	100.000	456	0	0	1	456	1	456	0.0	823
Ga0374838_02_17454_17909	CP000240.1:276170-276629|CDS|CYB_0261	88.235	442	52	0	1	442	1	442	3.70e-161	563
Ga0374838_02_18176_19870	CP000239.1:1088472-1090218|CDS|CYA_1072	100.000	1695	0	0	1	1695	52	1746	0.0	3057
Ga0374838_02_18176_19870	CP000240.1:1033029-1034934|CDS|CYB_0996	82.567	1652	288	0	37	1688	247	1898	0.0	1682
Ga0374838_02_20010_21233	CP000239.1:1090357-1091581|CDS|CYA_1073	99.918	1224	1	0	1	1224	1	1224	0.0	2204
Ga0374838_02_20010_21233	CP000240.1:1035045-1036269|CDS|CYB_0997	84.314	1224	192	0	1	1224	1	1224	0.0	1342
Ga0374838_03_857_2008	CP000239.1:996508-997660|CDS|CYA_0983	98.090	1152	22	0	1	1152	1	1152	0.0	1979
Ga0374838_03_857_2008	CP000240.1:347946-349098|CDS|CYB_0331	98.003	1152	23	0	1	1152	1	1152	0.0	1975
Ga0374838_03_2133_3098	CP000240.1:349222-350188|CDS|CYB_0332	98.033	966	19	0	1	966	1	966	0.0	1657
Ga0374838_03_2133_3098	CP000239.1:997797-998757|CDS|CYA_0984	97.412	966	19	1	1	966	1	960	0.0	1631
Ga0374838_03_3212_4252	CP000239.1:998870-999911|CDS|CYA_0985	99.039	1041	10	0	1	1041	1	1041	0.0	1833
Ga0374838_03_3212_4252	CP000240.1:350301-351342|CDS|CYB_0333	98.463	1041	16	0	1	1041	1	1041	0.0	1806
Ga0374838_03_4625_5908	CP000239.1:1000283-1001570|CDS|CYA_0986	93.939	1287	75	1	1	1284	1	1287	0.0	1968
Ga0374838_03_4625_5908	CP000240.1:351714-352995|CDS|CYB_0334	89.355	1287	128	2	1	1284	1	1281	0.0	1703
Ga0374838_03_6851_7159	CP000239.1:1001744-1002821|CDS|CYA_0989	100.000	309	0	0	1	309	769	1077	1.04e-159	558
Ga0374838_03_6851_7159	CP000240.1:353346-354255|CDS|CYB_0335	85.333	300	42	2	1	299	601	899	6.18e-93	336
Ga0374838_03_7272_8390	CP000239.1:1002933-1004052|CDS|CYA_0990	100.000	1119	0	0	1	1119	1	1119	0.0	2019
Ga0374838_03_7272_8390	CP000240.1:354382-355504|CDS|CYB_0336	87.166	1122	141	1	1	1119	1	1122	0.0	1373
Ga0374838_03_8670_9578	CP000239.1:1004331-1005240|CDS|CYA_0991	95.930	909	37	0	1	909	1	909	0.0	1473
Ga0374838_03_8670_9578	CP000240.1:355764-356694|CDS|CYB_0337	86.734	897	117	2	11	906	29	924	0.0	1075
Ga0374838_03_9599_10720	CP000239.1:1005260-1006382|CDS|CYA_0992	99.643	1122	4	0	1	1122	1	1122	0.0	2006
Ga0374838_03_9599_10720	CP000240.1:356718-357846|CDS|CYB_0338	86.185	1093	151	0	11	1103	17	1109	0.0	1291
Ga0374838_03_10968_12086	CP000239.1:1006631-1007750|CDS|CYA_0993	99.821	1119	2	0	1	1119	1	1119	0.0	2010
Ga0374838_03_10968_12086	CP000240.1:499935-501054|CDS|CYB_0487	84.361	1119	175	0	1	1119	1	1119	0.0	1230
Ga0374838_03_12150_12854	CP000239.1:1007813-1008518|CDS|CYA_0994	100.000	705	0	0	1	705	1	705	0.0	1272
Ga0374838_03_12150_12854	CP000240.1:499167-499875|CDS|CYB_0486	81.294	711	124	2	1	705	1	708	0.0	682
Ga0374838_03_12854_13576	CP000239.1:1008517-1009240|CDS|CYA_0995	100.000	723	0	0	1	723	1	723	0.0	1305
Ga0374838_03_12854_13576	CP000240.1:498466-499168|CDS|CYB_0485	79.539	694	142	0	1	694	1	694	1.32e-175	612
Ga0374838_03_13864_15978	CP000240.1:496113-498204|CDS|CYB_0484	90.128	2117	181	11	1	2115	1	2091	0.0	2852
Ga0374838_03_16172_16738	CP000240.1:495353-495920|CDS|CYB_0483	99.471	567	3	0	1	567	1	567	0.0	1010
Ga0374838_03_16172_16738	CP000239.1:1014351-1014918|CDS|CYA_1001	86.772	567	75	0	1	567	1	567	0.0	685
Ga0374838_03_16816_18540	CP000239.1:1015045-1016581|CDS|CYA_1002	89.323	1536	163	1	47	1582	2	1536	0.0	2028
Ga0374838_03_16816_18540	CP000240.1:493689-495231|CDS|CYB_0482	86.115	1534	206	3	46	1576	1	1530	0.0	1800
Ga0374838_03_18402_19685	CP000239.1:1016585-1018019|CDS|CYA_1003	86.449	1284	174	0	1	1284	151	1434	0.0	1532
Ga0374838_03_18402_19685	CP000240.1:492231-493674|CDS|CYB_0481	83.320	1271	212	0	1	1271	160	1430	0.0	1337
Ga0374838_03_19684_19875	CP000239.1:1016585-1018019|CDS|CYA_1003	92.105	152	12	0	1	152	152	1	2.02e-58	221
Ga0374838_03_19684_19875	CP000240.1:492231-493674|CDS|CYB_0481	79.503	161	24	1	1	152	161	1	1.28e-35	146
Ga0374838_03_19998_20912	CP000239.1:1018843-1019764|CDS|CYA_1005	92.536	911	68	0	1	911	1	911	0.0	1337
Ga0374838_03_19998_20912	CP000240.1:490116-491037|CDS|CYB_0479	87.706	911	112	0	1	911	1	911	0.0	1139
Ga0374838_04_151_840	CP000239.1:1712347-1713088|CDS|CYA_1704	98.116	690	10	1	1	690	55	741	0.0	1191
Ga0374838_04_151_840	CP000240.1:1066520-1067435|CDS|CYB_1024	79.595	642	127	2	2	641	188	827	1.99e-160	563
Ga0374838_04_1130_1543	CP000239.1:1713323-1713767|CDS|CYA_1705	100.000	398	0	0	1	398	1	398	0.0	719
Ga0374838_04_1130_1543	CP000240.1:1067555-1067930|CDS|CYB_1025	85.205	365	54	0	1	365	1	365	1.09e-116	416
Ga0374838_04_1720_3522	CP000239.1:1713943-1715746|CDS|CYA_1706	99.778	1803	4	0	1	1803	1	1803	0.0	3234
Ga0374838_04_1720_3522	CP000240.1:1068087-1069890|CDS|CYB_1026	85.579	1796	256	1	1	1793	1	1796	0.0	2070
Ga0374838_04_3611_4036	CP000239.1:1715834-1716260|CDS|CYA_1707	100.000	426	0	0	1	426	1	426	0.0	769
Ga0374838_04_5777_6853	CP000239.1:1717993-1719319|CDS|CYA_1709	100.000	1077	0	0	1	1077	250	1326	0.0	1943
Ga0374838_04_5777_6853	CP000240.1:358766-360056|CDS|CYB_0340	87.864	1030	125	0	48	1077	42	1071	0.0	1295
Ga0374838_04_6835_7785	CP000239.1:1719051-1720002|CDS|CYA_1710	99.895	951	1	0	1	951	1	951	0.0	1711
Ga0374838_04_6835_7785	CP000240.1:360078-361053|CDS|CYB_0341	73.948	998	186	6	1	949	1	973	0.0	668
Ga0374838_04_7929_8453	CP000239.1:1720145-1720778|CDS|CYA_1711	100.000	525	0	0	1	525	109	633	0.0	948
Ga0374838_04_7929_8453	CP000240.1:361400-362072|CDS|CYB_0342	74.227	485	88	4	61	516	187	663	5.60e-90	327
Ga0374838_04_8573_9271	CP000239.1:1720789-1721488|CDS|CYA_1712	100.000	699	0	0	1	699	1	699	0.0	1261
Ga0374838_04_8573_9271	CP000240.1:362119-362827|CDS|CYB_0343	78.134	686	141	2	1	677	1	686	7.04e-160	561
Ga0374838_04_9292_9723	CP000239.1:1721508-1722021|CDS|CYA_1713	99.537	432	2	0	1	432	82	513	0.0	771
Ga0374838_04_9292_9723	CP000240.1:362823-363420|CDS|CYB_0344	80.048	416	74	2	1	410	169	581	1.00e-104	376
Ga0374838_04_9779_10120	CP000239.1:1721995-1722337|CDS|CYA_1714	100.000	342	0	0	1	342	1	342	1.42e-177	618
Ga0374838_04_10185_10577	CP000239.1:1722401-1723214|CDS|CYA_1715	100.000	393	0	0	1	393	421	813	0.0	710
Ga0374838_04_10185_10577	CP000240.1:364016-364817|CDS|CYB_0345	75.881	369	85	2	1	367	427	793	1.76e-69	260
Ga0374838_04_10994_11536	CP000239.1:1723210-1723624|CDS|CYA_1716	100.000	414	0	0	130	543	1	414	0.0	747
Ga0374838_04_11558_12706	CP000239.1:1723768-1724923|CDS|CYA_1717	99.913	1149	1	0	1	1149	7	1155	0.0	2068
Ga0374838_04_12723_13139	CP000239.1:1724939-1725356|CDS|CYA_1719	100.000	417	0	0	1	417	1	417	0.0	753
Ga0374838_04_13106_13513	CP000239.1:1725322-1725685|CDS|CYA_1718	99.449	363	2	0	46	408	1	363	0.0	646
Ga0374838_04_13106_13513	CP000240.1:2012260-2012626|CDS|CYB_1928	85.366	328	46	2	52	378	22	348	1.40e-102	369
Ga0374838_04_13626_14345	CP000239.1:1725842-1726559|CDS|CYA_1720	96.389	720	23	1	1	720	1	717	0.0	1180
Ga0374838_04_13626_14345	CP000240.1:2011394-2012111|CDS|CYB_1927	88.750	720	78	1	1	720	1	717	0.0	932
Ga0374838_04_14410_14877	CP000239.1:1726656-1727124|CDS|CYA_1721	97.009	468	14	0	1	468	1	468	0.0	782
Ga0374838_04_14410_14877	CP000240.1:2010829-2011297|CDS|CYB_1926	94.444	468	26	0	1	468	1	468	0.0	728
Ga0374838_04_14897_15478	CP000239.1:1727143-1727725|CDS|CYA_1722	91.065	582	52	0	1	582	1	582	0.0	816
Ga0374838_04_14897_15478	CP000240.1:2010228-2010810|CDS|CYB_1925	86.942	582	76	0	1	582	1	582	0.0	708
Ga0374838_04_15475_17271	CP000239.1:1727721-1729503|CDS|CYA_1724	95.230	1761	84	0	37	1797	22	1782	0.0	2798
Ga0374838_04_15475_17271	CP000240.1:2008417-2010232|CDS|CYB_1923	79.977	1738	322	4	36	1748	33	1769	0.0	1572
Ga0374838_04_17246_18502	CP000239.1:1729477-1730680|CDS|CYA_1723	98.504	1203	18	0	55	1257	1	1203	0.0	2089
Ga0374838_04_17246_18502	CP000240.1:2007300-2008440|CDS|CYB_1924	84.178	1125	178	0	118	1242	1	1125	0.0	1227
Ga0374838_04_18712_19044	CP000239.1:1730943-1731276|CDS|CYA_1725	100.000	333	0	0	1	333	1	333	1.06e-172	601
Ga0374838_04_18712_19044	CP000240.1:2006633-2006954|CDS|CYB_1922	83.333	312	52	0	1	312	1	312	9.94e-91	329
Ga0374838_04_19169_19840	CP000239.1:1731289-1732072|CDS|CYA_1727	97.768	672	15	0	1	672	112	783	0.0	1145
Ga0374838_04_19169_19840	CP000240.1:2005831-2006620|CDS|CYB_1921	81.677	644	94	2	1	644	109	728	0.0	643
Ga0374838_04_19837_20250	CP000240.1:2005222-2005771|CDS|CYB_1920	94.444	414	23	0	1	414	136	549	0.0	644
Ga0374838_04_19837_20250	CP000239.1:1732068-1732401|CDS|CYA_1726	96.697	333	11	0	82	414	1	333	2.11e-157	552
Ga0374838_05_742_1761	CP000239.1:1036397-1037417|CDS|CYA_1019	98.431	1020	16	0	1	1020	1	1020	0.0	1768
Ga0374838_05_1784_2479	CP000239.1:1037439-1038135|CDS|CYA_1020	97.414	696	18	0	1	696	1	696	0.0	1175
Ga0374838_05_2482_5730	CP000239.1:1038332-1041368|CDS|CYA_1021	94.259	3048	156	3	196	3243	1	3029	0.0	4712
Ga0374838_05_5985_6731	CP000239.1:1041546-1042437|CDS|CYA_1022	93.708	747	47	0	1	747	145	891	0.0	1136
Ga0374838_05_5985_6731	CP000240.1:1490935-1491823|CDS|CYB_1422	81.302	722	135	0	2	723	128	849	0.0	694
Ga0374838_05_6824_7093	CP000239.1:1042529-1042799|CDS|CYA_1023	100.000	270	0	0	1	270	1	270	1.34e-138	488
Ga0374838_05_6824_7093	CP000240.1:2723862-2724132|CDS|CYB_2632	85.283	265	35	2	1	263	1	263	4.68e-81	297
Ga0374838_05_7190_7858	CP000239.1:1042832-1043561|CDS|CYA_1024	98.494	664	10	0	1	664	64	727	0.0	1153
Ga0374838_05_7190_7858	CP000240.1:2723145-2723826|CDS|CYB_2631	86.474	658	89	0	1	658	22	679	0.0	786
Ga0374838_05_8103_8315	CP000239.1:1043738-1043951|CDS|CYA_1025	95.775	213	9	0	1	213	1	213	2.77e-95	344
Ga0374838_05_8103_8315	CP000240.1:2722675-2722888|CDS|CYB_2630	88.263	213	25	0	1	213	1	213	1.43e-73	272
Ga0374838_05_8590_9393	CP000239.1:1044009-1044813|CDS|CYA_1026	98.881	804	9	0	1	804	1	804	0.0	1410
Ga0374838_05_8590_9393	CP000240.1:2721473-2722277|CDS|CYB_2629	84.826	804	122	0	1	804	1	804	0.0	901
Ga0374838_05_9443_9853	CP000239.1:1044862-1045273|CDS|CYA_1027	99.757	411	1	0	1	411	1	411	0.0	737
Ga0374838_05_9443_9853	CP000240.1:2720920-2721424|CDS|CYB_2628	88.020	409	49	0	1	409	94	502	4.32e-147	517
Ga0374838_05_10298_10741	CP000239.1:1045717-1046161|CDS|CYA_1028	100.000	444	0	0	1	444	1	444	0.0	801
Ga0374838_05_10298_10741	CP000240.1:2720213-2720657|CDS|CYB_2627	87.162	444	57	0	1	444	1	444	3.37e-155	545
Ga0374838_05_10836_11840	CP000239.1:1046249-1047260|CDS|CYA_1029	99.801	1005	2	0	1	1005	7	1011	0.0	1804
Ga0374838_05_10836_11840	CP000240.1:2719084-2720125|CDS|CYB_2626	81.467	1036	160	7	1	1005	7	1041	0.0	1001
Ga0374838_05_11856_13757	CP000239.1:1047275-1049177|CDS|CYA_1030	99.895	1902	2	0	1	1902	1	1902	0.0	3422
Ga0374838_05_11856_13757	CP000240.1:2717149-2719069|CDS|CYB_2625	82.927	1927	297	4	1	1902	1	1920	0.0	2003
Ga0374838_05_13774_14676	CP000239.1:1049193-1050096|CDS|CYA_1031	100.000	903	0	0	1	903	1	903	0.0	1629
Ga0374838_05_13774_14676	CP000240.1:2951359-2952262|CDS|CYB_2854	84.828	903	137	0	1	903	1	903	0.0	1012
Ga0374838_06_972_1472	CP000239.1:51169-51670|CDS|CYA_0052	100.000	501	0	0	1	501	1	501	0.0	904
Ga0374838_06_972_1472	CP000239.1:50662-51715|CDS|CYA_0054	100.000	501	0	0	1	501	1008	508	0.0	904
Ga0374838_06_972_1472	CP000240.1:1223347-1223845|CDS|CYB_1185	87.026	501	62	1	1	501	1	498	1.10e-174	609
Ga0374838_06_1585_2643	CP000239.1:52801-53860|CDS|CYA_0055	99.906	1059	1	0	1	1059	1	1059	0.0	1906
Ga0374838_06_1585_2643	CP000240.1:1222136-1223204|CDS|CYB_1184	83.760	1016	165	0	1	1016	1	1016	0.0	1089
Ga0374838_06_2762_6247	CP000239.1:53978-57464|CDS|CYA_0057	99.828	3486	6	0	1	3486	1	3486	0.0	6260
Ga0374838_06_2762_6247	CP000240.1:1218521-1222019|CDS|CYB_1183	86.482	3499	459	3	1	3486	1	3498	0.0	4177
Ga0374838_06_6233_6508	CP000239.1:57449-57725|CDS|CYA_0056	98.188	276	5	0	1	276	1	276	8.65e-135	476
Ga0374838_06_6233_6508	CP000240.1:1218223-1218484|CDS|CYB_1182	81.081	259	49	0	2	260	2	260	7.61e-66	247
Ga0374838_06_6519_7331	CP000239.1:57734-58562|CDS|CYA_0058	98.030	812	16	0	1	812	1	812	0.0	1393
Ga0374838_06_6519_7331	CP000240.1:1217386-1218214|CDS|CYB_1181	84.360	812	127	0	1	812	1	812	0.0	893
Ga0374838_06_7362_7583	CP000239.1:58598-58820|CDS|CYA_0059	100.000	222	0	0	1	222	1	222	1.23e-112	401
Ga0374838_06_7362_7583	CP000240.1:1217124-1217346|CDS|CYB_1180	85.586	222	32	0	1	222	1	222	3.31e-69	257
Ga0374838_06_7815_8558	CP000239.1:59051-59795|CDS|CYA_0060	100.000	744	0	0	1	744	1	744	0.0	1342
Ga0374838_06_7815_8558	CP000240.1:1216235-1216991|CDS|CYB_1179	82.275	756	122	3	1	744	1	756	0.0	757
Ga0374838_06_8555_9244	CP000240.1:1215657-1216239|CDS|CYB_1178	96.913	583	16	2	109	690	1	582	0.0	964
Ga0374838_06_8555_9244	CP000239.1:59791-60373|CDS|CYA_0061	87.629	582	72	0	109	690	1	582	0.0	726
Ga0374838_06_9435_10148	CP000240.1:1214558-1215359|CDS|CYB_1177	96.218	714	27	0	1	714	88	801	0.0	1167
Ga0374838_06_9435_10148	CP000239.1:60602-61409|CDS|CYA_0062	86.835	714	94	0	1	714	94	807	0.0	865
Ga0374838_06_10490_11272	CP000239.1:61713-62496|CDS|CYA_0064	98.978	783	8	0	1	783	1	783	0.0	1377
Ga0374838_06_10490_11272	CP000240.1:1213521-1214304|CDS|CYB_1176	86.845	783	103	0	1	783	1	783	0.0	948
Ga0374838_06_11290_12033	CP000239.1:62513-63257|CDS|CYA_0065	99.866	744	1	0	1	744	1	744	0.0	1338
Ga0374838_06_11290_12033	CP000240.1:1212760-1213504|CDS|CYB_1175	85.618	744	107	0	1	744	1	744	0.0	860
Ga0374838_06_12082_12507	CP000239.1:63305-63791|CDS|CYA_0066	100.000	426	0	0	1	426	61	486	0.0	769
Ga0374838_07_1725_2201	CP000239.1:1173594-1174071|CDS|CYA_1150	100.000	477	0	0	1	477	1	477	0.0	861
Ga0374838_07_1725_2201	CP000240.1:2729687-2730170|CDS|CYB_2641	90.433	439	42	0	1	439	37	475	4.42e-173	603
Ga0374838_07_2224_2499	CP000239.1:1173296-1173572|CDS|CYA_1149	100.000	276	0	0	1	276	1	276	7.58e-142	499
Ga0374838_07_2224_2499	CP000240.1:2730221-2730497|CDS|CYB_2642	86.567	268	36	0	1	268	1	268	1.20e-88	322
Ga0374838_07_2647_3927	CP000239.1:1171868-1173149|CDS|CYA_1148	97.658	1281	30	0	1	1281	1	1281	0.0	2176
Ga0374838_07_2647_3927	CP000240.1:2730694-2731954|CDS|CYB_2643	89.482	1236	130	0	1	1236	1	1236	0.0	1644
Ga0374838_07_4140_4895	CP000239.1:1170900-1171863|CDS|CYA_1146	92.593	756	56	0	1	756	208	963	0.0	1112
Ga0374838_07_4140_4895	CP000240.1:2731980-2732931|CDS|CYB_2645	73.351	758	182	9	2	755	209	950	7.63e-122	434
Ga0374838_07_4892_5086	CP000239.1:1170709-1170904|CDS|CYA_1147	82.564	195	34	0	1	195	1	195	6.73e-52	199
Ga0374838_07_4892_5086	CP000240.1:2732927-2733122|CDS|CYB_2644	81.538	195	36	0	1	195	1	195	3.49e-49	190
Ga0374838_07_5217_6761	CP000239.1:1169040-1170579|CDS|CYA_1145	94.635	1547	73	4	1	1545	1	1539	0.0	2407
Ga0374838_07_5217_6761	CP000240.1:2733292-2734828|CDS|CYB_2646	88.997	1545	161	2	1	1545	1	1536	0.0	2020
Ga0374838_07_6949_7848	CP000240.1:2734922-2735891|CDS|CYB_2647	97.222	900	25	0	1	900	70	969	0.0	1511
Ga0374838_07_6949_7848	CP000239.1:1167977-1168946|CDS|CYA_1144	94.543	898	49	0	1	898	70	967	0.0	1399
Ga0374838_07_7925_8137	CP000240.1:2735955-2736210|CDS|CYB_2648	100.000	213	0	0	1	213	243	31	9.04e-108	385
Ga0374838_07_7925_8137	CP000239.1:1167657-1167912|CDS|CYA_1143	98.122	213	4	0	1	213	243	31	2.42e-102	367
Ga0374838_07_9399_9809	CP000239.1:1166504-1166915|CDS|CYA_1142	98.540	411	6	0	1	411	1	411	0.0	715
Ga0374838_07_9399_9809	CP000240.1:2737441-2737852|CDS|CYB_2649	98.297	411	7	0	1	411	1	411	0.0	710
Ga0374838_07_9857_12391	CP000239.1:1163922-1166457|CDS|CYA_1140	99.448	2535	14	0	1	2535	1	2535	0.0	4509
Ga0374838_07_9857_12391	CP000240.1:2737899-2740434|CDS|CYB_2650	96.647	2535	85	0	1	2535	1	2535	0.0	4189
Ga0374838_07_12506_13165	CP000239.1:1163148-1163808|CDS|CYA_1139	99.697	660	2	0	1	660	1	660	0.0	1182
Ga0374838_07_12506_13165	CP000240.1:527703-528363|CDS|CYB_0515	88.485	660	76	0	1	660	1	660	0.0	848
Ga0374838_08_696_956	CP000240.1:1025762-1026860|CDS|CYB_0990	98.326	239	4	0	23	261	860	1098	2.33e-116	414
Ga0374838_08_696_956	CP000239.1:922064-923165|CDS|CYA_0913	89.121	239	26	0	23	261	863	1101	1.68e-86	315
Ga0374838_08_1338_3095	CP000240.1:1033029-1034934|CDS|CYB_0996	97.481	1747	43	1	1	1747	160	1905	0.0	2949
Ga0374838_08_1338_3095	CP000239.1:1088472-1090218|CDS|CYA_1072	81.552	1740	320	1	1	1740	1	1739	0.0	1688
Ga0374838_08_3196_4419	CP000240.1:1035045-1036269|CDS|CYB_0997	99.265	1224	9	0	1	1224	1	1224	0.0	2168
Ga0374838_08_3196_4419	CP000239.1:1090357-1091581|CDS|CYA_1073	84.232	1224	193	0	1	1224	1	1224	0.0	1338
Ga0374838_08_4594_7086	CP000240.1:1036443-1038936|CDS|CYB_0998	97.874	2493	53	0	1	2493	1	2493	0.0	4258
Ga0374838_08_4594_7086	CP000239.1:1091761-1094227|CDS|CYA_1074	86.596	2447	305	6	57	2493	33	2466	0.0	2929
Ga0374838_08_7153_7548	CP000240.1:1039002-1039398|CDS|CYB_0999	93.687	396	25	0	1	396	1	396	1.27e-172	602
Ga0374838_08_7153_7548	CP000239.1:1094295-1094745|CDS|CYA_1075	86.885	366	48	0	27	392	81	446	2.15e-125	444
Ga0374838_08_7708_7905	CP000240.1:1039633-1040269|CDS|CYB_1000	96.970	198	6	0	1	198	439	636	1.61e-91	331
Ga0374838_08_7708_7905	CP000239.1:1094788-1095538|CDS|CYA_1076	69.101	178	55	0	2	179	542	719	6.86e-14	74.3
Ga0374838_08_7906_8106	CP000240.1:1039633-1040269|CDS|CYB_1000	95.025	201	10	0	1	201	438	238	1.03e-87	318
Ga0374838_08_7906_8106	CP000239.1:1094788-1095538|CDS|CYA_1076	77.540	187	38	2	17	201	524	340	4.70e-35	143
Ga0374838_08_8528_9913	CP000240.1:1040369-1041839|CDS|CYB_1001	96.825	1386	44	0	1	1386	85	1470	0.0	2302
Ga0374838_08_8528_9913	CP000239.1:1095620-1096982|CDS|CYA_1077	88.940	1311	145	0	1	1311	1	1311	0.0	1711
Ga0374838_08_10021_11880	CP000240.1:1041946-1043806|CDS|CYB_1003	98.817	1860	22	0	1	1860	1	1860	0.0	3256
Ga0374838_08_10021_11880	CP000239.1:1097086-1098946|CDS|CYA_1079	85.860	1860	263	0	1	1860	1	1860	0.0	2169
Ga0374838_08_11874_12458	CP000240.1:1043799-1044384|CDS|CYB_1002	98.462	585	9	0	1	585	1	585	0.0	1015
Ga0374838_08_11874_12458	CP000239.1:1098939-1099530|CDS|CYA_1078	85.179	560	79	2	1	558	1	558	0.0	631
Ga0374838_09_65_478	CP000239.1:1621687-1622101|CDS|CYA_1617	99.758	414	1	0	1	414	1	414	0.0	743
Ga0374838_09_65_478	CP000240.1:1879608-1880013|CDS|CYB_1791	81.425	393	73	0	1	393	1	393	7.88e-106	380
Ga0374838_09_875_1258	CP000239.1:1622497-1622881|CDS|CYA_1619	100.000	384	0	0	1	384	1	384	0.0	693
Ga0374838_09_875_1258	CP000240.1:2987532-2987910|CDS|CYB_2889	86.236	356	49	0	1	356	1	356	2.37e-118	422
Ga0374838_09_1568_2827	CP000239.1:1623052-1624450|CDS|CYA_1620	99.921	1260	1	0	1	1260	139	1398	0.0	2269
Ga0374838_09_1568_2827	CP000240.1:2988076-2989450|CDS|CYB_2890	83.665	1206	197	0	3	1208	144	1349	0.0	1287
Ga0374838_09_2848_4035	CP000239.1:1624446-1625658|CDS|CYA_1621	100.000	1188	0	0	1	1188	25	1212	0.0	2143
Ga0374838_09_2848_4035	CP000240.1:2989446-2990658|CDS|CYB_2892	85.497	1186	172	0	1	1186	25	1210	0.0	1364
Ga0374838_09_4129_5028	CP000239.1:1625730-1626651|CDS|CYA_1622	99.778	900	2	0	1	900	22	921	0.0	1615
Ga0374838_09_4129_5028	CP000240.1:1987413-1988340|CDS|CYB_1902	84.658	893	137	0	1	893	22	914	0.0	994
Ga0374838_09_5257_5625	CP000239.1:1626879-1627374|CDS|CYA_1623	100.000	369	0	0	1	369	127	495	0.0	666
Ga0374838_09_5257_5625	CP000240.1:1986963-1987389|CDS|CYB_1901	82.370	346	61	0	19	364	58	403	1.18e-96	350
Ga0374838_09_5783_6274	CP000239.1:1627405-1628002|CDS|CYA_1624	100.000	492	0	0	1	492	106	597	0.0	888
Ga0374838_09_5783_6274	CP000240.1:1986368-1986860|CDS|CYB_1900	80.285	492	97	0	1	492	1	492	6.36e-127	451
Ga0374838_09_6660_7400	CP000239.1:1628282-1629023|CDS|CYA_1625	100.000	741	0	0	1	741	1	741	0.0	1337
Ga0374838_09_6660_7400	CP000240.1:1985629-1986343|CDS|CYB_1899	84.245	603	95	0	1	603	1	603	0.0	660
Ga0374838_09_8210_9343	CP000239.1:1629792-1630971|CDS|CYA_1627	100.000	1134	0	0	1	1134	46	1179	0.0	2046
Ga0374838_09_8210_9343	CP000240.1:1983818-1984997|CDS|CYB_1897	88.496	1130	130	0	5	1134	50	1179	0.0	1452
Ga0374838_09_9334_9984	CP000239.1:1630961-1631612|CDS|CYA_1626	100.000	651	0	0	1	651	1	651	0.0	1175
Ga0374838_09_9334_9984	CP000240.1:1983177-1983828|CDS|CYB_1898	85.407	651	95	0	1	651	1	651	0.0	746
Ga0374838_09_10043_10291	CP000239.1:1631670-1631919|CDS|CYA_1628	100.000	249	0	0	1	249	1	249	3.08e-127	450
Ga0374838_09_10419_10943	CP000239.1:1632070-1632571|CDS|CYA_1629	99.800	501	1	0	25	525	1	501	0.0	900
Ga0374838_09_10419_10943	CP000240.1:935938-936439|CDS|CYB_0906	82.209	489	87	0	25	513	1	489	7.77e-139	490
Ga0374838_09_10966_11274	CP000239.1:1632593-1632902|CDS|CYA_1630	100.000	309	0	0	1	309	1	309	1.04e-159	558
Ga0374838_09_10966_11274	CP000240.1:1333696-1334005|CDS|CYB_1278	88.997	309	34	0	1	309	1	309	1.45e-113	405
Ga0374838_09_11351_11746	CP000239.1:1632978-1633587|CDS|CYA_1631	100.000	396	0	0	1	396	214	609	0.0	715
Ga0374838_09_11351_11746	CP000240.1:1334082-1334691|CDS|CYB_1279	84.596	396	61	0	1	396	214	609	9.15e-124	440
Ga0374838_10_1625_1921	CP000239.1:653708-654005|CDS|CYA_0643	99.663	297	1	0	1	297	1	297	1.39e-151	532
Ga0374838_10_1625_1921	CP000240.1:295073-295370|CDS|CYB_0280	90.572	297	28	0	1	297	1	297	3.27e-115	410
Ga0374838_10_2356_3816	CP000239.1:654367-655900|CDS|CYA_0644	99.863	1461	2	0	1	1461	73	1533	0.0	2626
Ga0374838_10_2356_3816	CP000240.1:295731-297264|CDS|CYB_0281	89.726	1460	150	0	1	1460	73	1532	0.0	1957
Ga0374838_10_3930_4028	CP000239.1:656013-656112|CDS|CYA_0645	100.000	99	0	0	1	99	1	99	2.83e-46	179
Ga0374838_10_3930_4028	CP000240.1:297370-297469|CDS|CYB_0282	89.899	99	10	0	1	99	1	99	1.05e-32	134
Ga0374838_10_4416_4823	CP000239.1:656509-656917|CDS|CYA_0647	99.755	408	1	0	1	408	1	408	0.0	732
Ga0374838_10_4416_4823	CP000240.1:297868-298279|CDS|CYB_0283	86.732	407	51	2	1	404	1	407	2.53e-137	485
Ga0374838_10_4820_5497	CP000239.1:656913-657591|CDS|CYA_0646	99.558	678	3	0	1	678	1	678	0.0	1210
Ga0374838_10_4820_5497	CP000240.1:298296-298974|CDS|CYB_0284	86.111	648	90	0	10	657	10	657	0.0	764
Ga0374838_10_5550_5807	CP000239.1:657643-657901|CDS|CYA_0648	99.612	258	1	0	1	258	1	258	1.77e-130	462
Ga0374838_10_5550_5807	CP000240.1:299089-299347|CDS|CYB_0285	84.647	241	37	0	1	241	1	241	2.16e-72	269
Ga0374838_10_5867_6640	CP000239.1:657960-658734|CDS|CYA_0649	99.354	774	5	0	1	774	1	774	0.0	1374
Ga0374838_10_5867_6640	CP000240.1:299409-300183|CDS|CYB_0286	83.679	772	126	0	1	772	1	772	0.0	825
Ga0374838_10_6750_7415	CP000239.1:658780-659509|CDS|CYA_0651	95.495	666	30	0	1	666	64	729	0.0	1067
Ga0374838_10_6750_7415	CP000240.1:300199-300928|CDS|CYB_0287	82.569	654	114	0	1	654	64	717	0.0	666
Ga0374838_10_7412_7696	CP000239.1:659505-659844|CDS|CYA_0650	96.140	285	11	0	1	285	55	339	1.62e-131	465
Ga0374838_10_7412_7696	CP000240.1:301064-301349|CDS|CYB_0288	83.813	278	45	0	1	278	1	278	1.42e-81	299
Ga0374838_10_7992_8564	CP000239.1:659996-661103|CDS|CYA_0652	94.580	572	30	1	1	571	82	653	0.0	889
Ga0374838_10_7992_8564	CP000240.1:301581-302688|CDS|CYB_0289	86.364	572	77	1	1	571	82	653	0.0	677
Ga0374838_10_8684_9016	CP000239.1:659996-661103|CDS|CYA_0652	97.297	333	9	0	1	333	775	1107	3.24e-160	561
Ga0374838_10_8684_9016	CP000240.1:301581-302688|CDS|CYB_0289	87.387	333	42	0	1	333	775	1107	1.06e-115	412
Ga0374838_10_9013_9351	CP000239.1:662802-663885|CDS|CYA_0654	99.684	316	1	0	1	316	1	316	7.76e-162	566
Ga0374838_10_9013_9351	CP000239.1:903530-904487|CDS|CYA_0896	91.857	307	25	0	10	316	25	331	2.23e-124	442
Ga0374838_10_9013_9351	CP000240.1:616166-617264|CDS|CYB_0605	83.062	307	52	0	10	316	25	331	5.25e-88	320
Ga0374838_10_9577_10680	CP000239.1:661036-662572|CDS|CYA_0653	99.638	1104	4	0	1	1104	433	1536	0.0	1974
Ga0374838_10_9577_10680	CP000240.1:302621-304169|CDS|CYB_0290	83.909	1100	177	0	1	1100	445	1544	0.0	1187
Ga0374838_11_186_1715	CP000239.1:1907092-1908622|CDS|CYA_1897	100.000	1530	0	0	1	1530	1	1530	0.0	2760
Ga0374838_11_186_1715	CP000240.1:1948150-1949674|CDS|CYB_1865	85.017	1515	225	2	1	1514	1	1514	0.0	1702
Ga0374838_11_1739_3259	CP000239.1:1905548-1907069|CDS|CYA_1896	100.000	1521	0	0	1	1521	1	1521	0.0	2744
Ga0374838_11_1739_3259	CP000240.1:1909094-1910672|CDS|CYB_1821	79.497	1590	225	17	7	1514	1	1571	0.0	1413
Ga0374838_11_3965_5251	CP000239.1:1903556-1905149|CDS|CYA_1895	99.845	1287	2	0	1	1287	307	1593	0.0	2313
Ga0374838_11_3965_5251	CP000240.1:1907065-1908685|CDS|CYB_1820	80.643	1307	194	14	1	1285	349	1618	0.0	1207
Ga0374838_11_5345_6685	CP000239.1:1902122-1903463|CDS|CYA_1894	99.851	1341	2	0	1	1341	1	1341	0.0	2410
Ga0374838_11_5345_6685	CP000240.1:1905647-1906973|CDS|CYB_1819	86.418	1340	167	1	1	1340	1	1325	0.0	1606
Ga0374838_11_6836_8614	CP000239.1:1900193-1901972|CDS|CYA_1893	99.888	1779	2	0	1	1779	1	1779	0.0	3200
Ga0374838_11_6836_8614	CP000240.1:262490-264302|CDS|CYB_0248	86.316	1732	202	3	27	1733	27	1748	0.0	2074
Ga0374838_12_87_1523	CP000239.1:759188-760703|CDS|CYA_0754	99.861	1437	2	0	1	1437	79	1515	0.0	2583
Ga0374838_12_87_1523	CP000240.1:907214-908729|CDS|CYB_0879	87.447	1426	179	0	1	1426	79	1504	0.0	1765
Ga0374838_12_1639_2442	CP000239.1:758347-759151|CDS|CYA_0753	99.876	804	1	0	1	804	1	804	0.0	1446
Ga0374838_12_1639_2442	CP000240.1:906380-907163|CDS|CYB_0878	85.623	786	107	3	22	804	1	783	0.0	901
Ga0374838_12_2439_2645	CP000240.1:905700-906363|CDS|CYB_0877	88.406	207	24	0	1	207	457	663	5.91e-72	266
Ga0374838_12_2709_2942	CP000240.1:905700-906363|CDS|CYB_0877	89.286	224	24	0	1	224	169	392	4.00e-81	297
Ga0374838_12_3163_3414	CP000239.1:757385-757637|CDS|CYA_0750	100.000	252	0	0	1	252	1	252	7.33e-129	455
Ga0374838_12_3163_3414	CP000240.1:905386-905614|CDS|CYB_0875	88.288	222	26	0	28	249	1	222	2.74e-77	284
Ga0374838_12_3488_4045	CP000239.1:756754-757312|CDS|CYA_0749	100.000	558	0	0	1	558	1	558	0.0	1007
Ga0374838_12_3488_4045	CP000240.1:904685-905243|CDS|CYB_0874	90.328	548	53	0	1	548	1	548	0.0	750
Ga0374838_12_4137_4454	CP000239.1:756345-756663|CDS|CYA_0748	100.000	318	0	0	1	318	1	318	1.40e-164	574
Ga0374838_12_4137_4454	CP000240.1:904304-904628|CDS|CYB_0873	86.149	296	41	0	23	318	29	324	1.01e-96	350
Ga0374838_12_4526_5806	CP000239.1:754993-756178|CDS|CYA_0747	99.747	1185	3	0	97	1281	1	1185	0.0	2124
Ga0374838_12_4526_5806	CP000240.1:902950-904129|CDS|CYB_0872	90.925	1179	107	0	103	1281	1	1179	0.0	1645
Ga0374838_12_5837_6040	CP000239.1:754759-754963|CDS|CYA_0746	100.000	204	0	0	1	204	1	204	6.62e-103	369
Ga0374838_12_5837_6040	CP000240.1:902717-902921|CDS|CYB_0871	87.317	205	24	2	1	204	1	204	5.44e-66	246
Ga0374838_12_6105_7226	CP000239.1:753576-754698|CDS|CYA_0745	98.839	1120	13	0	1	1120	1	1120	0.0	1962
Ga0374838_12_6105_7226	CP000240.1:901539-902601|CDS|CYB_0870	86.269	1056	143	2	68	1122	8	1062	0.0	1244
Ga0374838_12_7266_7889	CP000239.1:752908-753541|CDS|CYA_0744	90.500	600	57	0	1	600	1	600	0.0	826
Ga0374838_12_7266_7889	CP000240.1:900868-901501|CDS|CYB_0869	84.044	633	92	1	1	624	1	633	0.0	691
Ga0374838_13_853_1446	CP000239.1:1202371-1203058|CDS|CYA_1188	100.000	594	0	0	1	594	94	687	0.0	1072
Ga0374838_13_853_1446	CP000240.1:2689153-2689921|CDS|CYB_2588	85.497	593	86	0	1	593	175	767	0.0	682
Ga0374838_13_1729_2097	CP000239.1:1201813-1202182|CDS|CYA_1187	100.000	369	0	0	1	369	1	369	0.0	666
Ga0374838_13_1729_2097	CP000240.1:2690053-2690422|CDS|CYB_2589	78.049	369	81	0	1	369	1	369	5.36e-82	301
Ga0374838_13_2579_3838	CP000239.1:1200072-1201317|CDS|CYA_1186	100.000	1245	0	0	16	1260	1	1245	0.0	2246
Ga0374838_13_2579_3838	CP000240.1:2690914-2692159|CDS|CYB_2590	89.309	1244	133	0	16	1259	1	1244	0.0	1645
Ga0374838_13_4123_4674	CP000239.1:1199236-1199788|CDS|CYA_1184	99.638	552	2	0	1	552	1	552	0.0	987
Ga0374838_13_4123_4674	CP000240.1:2693555-2694083|CDS|CYB_2594	77.830	424	73	5	1	421	1	406	3.27e-93	338
Ga0374838_13_4842_5279	CP000239.1:1198400-1199069|CDS|CYA_1183	100.000	438	0	0	1	438	232	669	0.0	791
Ga0374838_13_5507_5911	CP000239.1:1198071-1198404|CDS|CYA_1182	99.700	333	1	0	73	405	1	333	5.52e-171	597
Ga0374838_13_6950_8062	CP000239.1:1193691-1195644|CDS|CYA_1179	99.910	1113	1	0	1	1113	841	1953	0.0	2003
Ga0374838_14_980_3031	CP000239.1:1223353-1225405|CDS|CYA_1213	97.953	2052	42	0	1	2052	1	2052	0.0	3512
Ga0374838_14_980_3031	CP000240.1:2656485-2658546|CDS|CYB_2552	85.091	2039	302	2	1	2038	1	2038	0.0	2300
Ga0374838_14_3124_4137	CP000239.1:1222247-1223261|CDS|CYA_1212	100.000	1014	0	0	1	1014	1	1014	0.0	1829
Ga0374838_14_3124_4137	CP000240.1:2655374-2656382|CDS|CYB_2551	85.897	1014	137	1	1	1014	1	1008	0.0	1186
Ga0374838_14_4149_5270	CP000239.1:1221033-1222236|CDS|CYA_1211	99.822	1122	2	0	1	1122	82	1203	0.0	2015
Ga0374838_14_4149_5270	CP000240.1:2487937-2489140|CDS|CYB_2385	84.512	1117	173	0	1	1117	82	1198	0.0	1235
Ga0374838_14_5676_6989	CP000239.1:1219395-1220859|CDS|CYA_1210	95.358	1314	61	0	1	1314	151	1464	0.0	2095
Ga0374838_14_5676_6989	CP000240.1:2486294-2487725|CDS|CYB_2384	87.357	1313	166	0	2	1314	119	1431	0.0	1620
Ga0374838_15_31_549	CP000239.1:2062890-2063409|CDS|CYA_2043	100.000	519	0	0	1	519	1	519	0.0	937
Ga0374838_15_31_549	CP000240.1:2834685-2835204|CDS|CYB_2740	89.210	519	56	0	1	519	1	519	0.0	684
Ga0374838_15_737_1219	CP000239.1:2062220-2062703|CDS|CYA_2042	100.000	483	0	0	1	483	1	483	0.0	872
Ga0374838_15_737_1219	CP000240.1:2834009-2834492|CDS|CYB_2738	91.701	482	40	0	1	482	1	482	0.0	690
Ga0374838_15_737_1219	CP000240.1:977555-978044|CDS|CYB_0940	68.842	475	134	8	19	483	19	489	1.06e-41	167
Ga0374838_15_737_1219	CP000239.1:225112-225601|CDS|CYA_0220	67.992	478	133	10	18	482	18	488	3.47e-35	146
Ga0374838_15_1521_2351	CP000239.1:2061088-2061946|CDS|CYA_2041	100.000	831	0	0	1	831	28	858	0.0	1499
Ga0374838_15_1521_2351	CP000240.1:2832681-2833539|CDS|CYB_2737	87.937	829	100	0	1	829	28	856	0.0	1045
Ga0374838_15_2384_3211	CP000239.1:2060228-2061056|CDS|CYA_2040	99.879	828	1	0	1	828	1	828	0.0	1489
Ga0374838_15_2384_3211	CP000240.1:2831817-2832648|CDS|CYB_2736	80.895	827	155	2	1	824	1	827	0.0	774
Ga0374838_15_3425_3790	CP000239.1:2059649-2060015|CDS|CYA_2039	100.000	366	0	0	1	366	1	366	0.0	661
Ga0374838_15_4010_5590	CP000239.1:2057849-2059484|CDS|CYA_2038	99.937	1581	1	0	1	1581	55	1635	0.0	2847
Ga0374838_15_4010_5590	CP000240.1:2828629-2830276|CDS|CYB_2733	85.350	1529	221	2	1	1526	67	1595	0.0	1742
Ga0374838_15_5601_6566	CP000239.1:2056744-2057839|CDS|CYA_2037	100.000	906	0	0	61	966	190	1095	0.0	1635
Ga0374838_15_5601_6566	CP000240.1:2827532-2828633|CDS|CYB_2734	88.840	914	100	1	55	966	188	1101	0.0	1187
Ga0374838_17_230_958	CP000239.1:1614728-1615568|CDS|CYA_1608	100.000	729	0	0	1	729	112	840	0.0	1315
Ga0374838_17_230_958	CP000240.1:1886342-1887170|CDS|CYB_1799	81.429	700	118	1	11	710	122	809	0.0	683
Ga0374838_17_1112_1330	CP000239.1:1614467-1614686|CDS|CYA_1607	100.000	219	0	0	1	219	1	219	5.16e-111	396
Ga0374838_17_1112_1330	CP000240.1:1887227-1887446|CDS|CYB_1800	87.671	219	27	0	1	219	1	219	4.24e-74	274
Ga0374838_17_1385_1771	CP000239.1:1614026-1614413|CDS|CYA_1606	100.000	387	0	0	1	387	1	387	0.0	699
Ga0374838_17_1385_1771	CP000240.1:1887576-1887981|CDS|CYB_1801	77.696	408	67	3	1	387	1	405	2.73e-92	334
Ga0374838_17_2174_2341	CP000239.1:1613456-1613624|CDS|CYA_1605	99.405	168	1	0	1	168	1	168	7.94e-82	299
Ga0374838_17_3163_3573	CP000239.1:1610937-1611348|CDS|CYA_1602	100.000	411	0	0	1	411	1	411	0.0	742
Ga0374838_17_3163_3573	CP000240.1:1889259-1889670|CDS|CYB_1803	82.630	403	64	2	11	410	11	410	1.61e-114	408
Ga0374838_17_3725_3955	CP000239.1:1610555-1610786|CDS|CYA_1601	100.000	231	0	0	1	231	1	231	1.67e-117	417
Ga0374838_17_3725_3955	CP000240.1:1889853-1890084|CDS|CYB_1804	85.590	229	33	0	1	229	1	229	2.33e-71	265
Ga0374838_17_3995_4207	CP000239.1:1610303-1610516|CDS|CYA_1600	100.000	213	0	0	1	213	1	213	9.04e-108	385
Ga0374838_17_3995_4207	CP000240.1:1890120-1890333|CDS|CYB_1805	80.751	213	41	0	1	213	1	213	7.44e-52	200
Ga0374838_18_950_1297	CP000239.1:1205227-1205575|CDS|CYA_1190	100.000	348	0	0	1	348	1	348	0.0	628
Ga0374838_18_950_1297	CP000240.1:2685647-2685995|CDS|CYB_2585	87.464	343	43	0	1	343	1	343	1.76e-119	425
Ga0374838_18_1561_1671	CP000239.1:1205838-1206003|CDS|CYA_1192	100.000	110	0	0	1	110	55	164	3.49e-52	199
Ga0374838_18_1561_1671	CP000240.1:2685097-2685208|CDS|CYB_2582	87.059	85	11	0	1	85	1	85	2.06e-23	104
Ga0374838_18_1815_2417	CP000239.1:1206092-1206695|CDS|CYA_1193	100.000	603	0	0	1	603	1	603	0.0	1088
Ga0374838_18_1815_2417	CP000240.1:2684271-2684874|CDS|CYB_2581	90.849	601	55	0	1	601	1	601	0.0	837
Ga0374838_18_2926_4350	CP000239.1:1207203-1208628|CDS|CYA_1194	99.860	1425	2	0	1	1425	1	1425	0.0	2562
Ga0374838_18_2926_4350	CP000240.1:2682337-2683762|CDS|CYB_2579	90.386	1425	137	0	1	1425	1	1425	0.0	1953
Ga0374838_19_1407_1895	CP000239.1:1486244-1486910|CDS|CYA_1478	87.719	513	39	1	1	489	154	666	0.0	659
Ga0374838_19_1407_1895	CP000240.1:1553928-1554426|CDS|CYB_1479	84.929	491	65	2	1	482	1	491	2.51e-157	552
Ga0374838_19_2079_2657	CP000239.1:1485216-1486212|CDS|CYA_1477	92.110	507	40	0	1	507	1	507	0.0	735
Ga0374838_19_2079_2657	CP000240.1:1554621-1555617|CDS|CYB_1480	89.024	492	54	0	16	507	16	507	0.0	645
Ga0374838_19_2685_3989	CP000240.1:1044769-1046068|CDS|CYB_1005	76.579	1298	286	9	13	1304	13	1298	0.0	947
Ga0374838_20_28_666	CP000239.1:2304172-2304928|CDS|CYA_2302	100.000	639	0	0	1	639	118	756	0.0	1153
Ga0374838_20_28_666	CP000240.1:1194256-1195009|CDS|CYB_1154	80.325	615	118	1	1	615	118	729	1.84e-160	563
Ga0374838_20_714_1274	CP000239.1:2303621-2304125|CDS|CYA_2301	100.000	504	0	0	58	561	1	504	0.0	910
Ga0374838_20_714_1274	CP000240.1:1193649-1194105|CDS|CYB_1153	78.306	484	64	6	58	537	1	447	6.41e-115	410
Ga0374838_20_1445_2305	CP000239.1:2302544-2303405|CDS|CYA_2300	100.000	861	0	0	1	861	1	861	0.0	1553
Ga0374838_20_1445_2305	CP000240.1:634115-635006|CDS|CYB_0624	80.307	848	167	0	1	848	1	848	0.0	777
Ga0374838_20_2436_3179	CP000239.1:2301670-2302414|CDS|CYA_2298	99.866	744	1	0	1	744	1	744	0.0	1338
Ga0374838_20_2436_3179	CP000240.1:1422602-1423346|CDS|CYB_1354	86.425	744	101	0	1	744	1	744	0.0	887
Ga0374838_20_3176_3490	CP000239.1:2301137-2301674|CDS|CYA_2299	100.000	315	0	0	1	315	223	537	5.89e-163	569
Ga0374838_20_3817_4131	CP000239.1:2300103-2301033|CDS|CYA_2297	100.000	315	0	0	1	315	616	930	5.89e-163	569
Ga0374838_20_3817_4131	CP000240.1:1388991-1389951|CDS|CYB_1327	87.781	311	38	0	1	311	640	950	3.27e-109	390
Ga0374838_21_1677_2801	CP000239.1:992522-993647|CDS|CYA_0978	99.911	1125	1	0	1	1125	1	1125	0.0	2025
Ga0374838_21_1677_2801	CP000240.1:3024714-3025836|CDS|CYB_2926	80.018	1131	211	10	1	1125	1	1122	0.0	990
Ga0374838_21_2813_2929	CP000239.1:993658-993928|CDS|CYA_0979	99.145	117	1	0	1	117	154	270	2.51e-54	207
Ga0374838_21_2813_2929	CP000240.1:2806083-2806359|CDS|CYB_2713	80.899	89	17	0	1	89	154	242	2.06e-17	85.1
Ga0374838_21_2885_3097	CP000239.1:993658-993928|CDS|CYA_0979	100.000	198	0	0	1	198	198	1	1.26e-99	358
Ga0374838_21_2885_3097	CP000240.1:2806083-2806359|CDS|CYB_2713	81.726	197	36	0	2	198	197	1	3.16e-50	194
Ga0374838_22_391_606	CP000240.1:148417-149311|CDS|CYB_0135	72.727	187	34	3	45	214	489	303	1.05e-24	110
Ga0374838_22_1093_2868	CP000239.1:2871555-2873538|CDS|CYA_2856	97.635	1776	42	0	1	1776	208	1983	0.0	3014
Ga0374838_22_1093_2868	CP000240.1:2606113-2608132|CDS|CYB_2512	88.225	1775	209	0	2	1776	245	2019	0.0	2260
Ga0374838_22_2865_3245	CP000240.1:2608128-2608488|CDS|CYB_2513	90.551	381	15	1	1	381	1	360	3.49e-154	540
Ga0374838_22_2865_3245	CP000239.1:2873534-2873894|CDS|CYA_2857	90.551	381	15	1	1	381	1	360	3.49e-154	540
Ga0374838_23_1370_1801	CP000240.1:400346-400778|CDS|CYB_0385	99.535	430	2	0	1	430	1	430	0.0	767
Ga0374838_23_1370_1801	CP000239.1:1589129-1589561|CDS|CYA_1579	99.535	430	2	0	1	430	1	430	0.0	767
Ga0374838_23_1798_2415	CP000240.1:400774-401392|CDS|CYB_0386	99.838	618	1	0	1	618	1	618	0.0	1111
Ga0374838_23_2412_2657	CP000240.1:401388-402072|CDS|CYB_0387	100.000	246	0	0	1	246	439	684	1.29e-125	444
Ga0374838_23_2933_3121	CP000240.1:405674-406703|CDS|CYB_0391	99.468	188	1	0	1	188	259	446	1.25e-92	335
Ga0374838_23_2933_3121	CP000239.1:1593437-1594466|CDS|CYA_1584	97.872	188	4	0	1	188	259	446	7.90e-89	322
Ga0374838_24_12_1028	CP000239.1:113490-114609|CDS|CYA_0118	100.000	1017	0	0	1	1017	103	1119	0.0	1835
Ga0374838_24_12_1028	CP000240.1:2865970-2867077|CDS|CYB_2767	80.962	977	180	2	29	1002	131	1104	0.0	921
Ga0374838_26_512_2260	CP000240.1:396251-398000|CDS|CYB_0381	98.285	1749	30	0	1	1749	1	1749	0.0	3020
Ga0374838_26_512_2260	CP000239.1:1585246-1586977|CDS|CYA_1576	88.097	1697	202	0	51	1747	33	1729	0.0	2150
Ga0374838_26_2394_2813	CP000240.1:395662-396133|CDS|CYB_0380	84.926	471	20	5	1	420	1	471	6.13e-158	554
Ga0374838_27_7_561	CP000239.1:2602149-2602755|CDS|CYA_2576	99.820	555	1	0	1	555	52	606	0.0	997
Ga0374838_27_7_561	CP000240.1:2482281-2482890|CDS|CYB_2377	79.819	441	83	1	1	435	1	441	1.40e-110	396
Ga0374838_27_639_1631	CP000239.1:2600962-2602072|CDS|CYA_2575	100.000	993	0	0	1	993	118	1110	0.0	1792
Ga0374838_27_639_1631	CP000240.1:727767-728829|CDS|CYB_0712	84.476	992	152	2	1	991	70	1060	0.0	1088
Ga0374838_27_1771_2214	CP000239.1:2600433-2600940|CDS|CYA_2574	100.000	444	0	0	1	444	64	507	0.0	801
Ga0374838_27_1771_2214	CP000240.1:2586669-2587263|CDS|CYB_2491	84.876	443	67	0	1	443	151	593	4.39e-141	498
Ga0374838_28_404_1408	CP000239.1:857454-858429|CDS|CYA_0848	99.897	975	1	0	31	1005	1	975	0.0	1755
Ga0374838_28_404_1408	CP000240.1:2254437-2255439|CDS|CYB_2153	85.312	994	146	0	3	996	6	999	0.0	1135
Ga0374838_28_1408_1824	CP000240.1:2255435-2255786|CDS|CYB_2154	90.313	351	34	0	67	417	1	351	3.16e-136	480
Ga0374838_32_1523_1999	CP000239.1:1488847-1489324|CDS|CYA_1481	100.000	477	0	0	1	477	1	477	0.0	861
Ga0374838_32_1523_1999	CP000240.1:1550152-1550629|CDS|CYB_1474	87.660	470	58	0	1	470	1	470	3.40e-168	587
Ga0374838_33_88_654	CP000239.1:1496189-1496693|CDS|CYA_1489	99.802	504	1	0	64	567	1	504	0.0	905
Ga0374838_33_88_654	CP000240.1:1535307-1535922|CDS|CYB_1459	87.313	536	68	0	1	536	1	536	0.0	661
Ga0374838_33_651_1313	CP000239.1:1496752-1497415|CDS|CYA_1490	99.849	663	1	0	1	663	1	663	0.0	1192
Ga0374838_33_651_1313	CP000240.1:1534648-1535311|CDS|CYB_1458	90.649	663	62	0	1	663	1	663	0.0	917
