Ga0374725_01_147_2528	CP000239.1:746651-749111|CDS|CYA_0741	96.128	2376	92	0	7	2382	85	2460	0.0	3871
Ga0374725_01_147_2528	CP000240.1:1151414-1153880|CDS|CYB_1115	90.008	2372	235	2	2	2372	80	2450	0.0	3203
Ga0374725_01_2883_3872	CP000239.1:745385-746318|CDS|CYA_0740	99.357	933	6	0	58	990	1	933	0.0	1656
Ga0374725_01_2883_3872	CP000240.1:1150123-1151077|CDS|CYB_1113	87.002	954	124	0	37	990	1	954	0.0	1162
Ga0374725_01_4037_4210	CP000239.1:745047-745221|CDS|CYA_0738	100.000	174	0	0	1	174	1	174	1.07e-86	315
Ga0374725_01_4155_5327	CP000240.1:95175-96330|CDS|CYB_0081	94.545	1155	63	0	19	1173	1	1155	0.0	1800
Ga0374725_01_4155_5327	CP000240.1:269596-270751|CDS|CYB_0258	93.853	1155	71	0	19	1173	1	1155	0.0	1764
Ga0374725_01_4155_5327	CP000240.1:1824951-1826106|CDS|CYB_1742	93.593	1155	74	0	19	1173	1	1155	0.0	1750
Ga0374725_01_4155_5327	CP000240.1:2789871-2791026|CDS|CYB_2701	93.247	1155	78	0	19	1173	1	1155	0.0	1732
Ga0374725_01_4155_5327	CP000240.1:1235562-1236717|CDS|CYB_1195	92.987	1155	81	0	19	1173	1	1155	0.0	1718
Ga0374725_01_4155_5327	CP000240.1:2745261-2746416|CDS|CYB_2657	92.727	1155	84	0	19	1173	1	1155	0.0	1705
Ga0374725_01_4155_5327	CP000240.1:559712-560867|CDS|CYB_0548	92.727	1155	84	0	19	1173	1	1155	0.0	1705
Ga0374725_01_6546_7724	CP000239.1:730085-731264|CDS|CYA_0725	99.915	1179	1	0	1	1179	1	1179	0.0	2122
Ga0374725_01_6546_7724	CP000240.1:1148654-1149833|CDS|CYB_1112	91.179	1179	104	0	1	1179	1	1179	0.0	1658
Ga0374725_01_7742_9241	CP000239.1:728568-730068|CDS|CYA_0724	100.000	1500	0	0	1	1500	1	1500	0.0	2706
Ga0374725_01_7742_9241	CP000240.1:1147122-1148619|CDS|CYB_1111	88.541	1501	167	2	1	1500	1	1497	0.0	1928
Ga0374725_01_9291_9611	CP000239.1:728198-728519|CDS|CYA_0723	99.377	321	2	0	1	321	1	321	1.72e-163	571
Ga0374725_01_9291_9611	CP000240.1:1146760-1147090|CDS|CYB_1110	83.333	306	51	0	1	306	19	324	1.42e-88	323
Ga0374725_01_9611_9874	CP000239.1:727935-728202|CDS|CYA_0722	100.000	264	0	0	1	264	4	267	2.36e-135	477
Ga0374725_01_9611_9874	CP000240.1:1146497-1146761|CDS|CYB_1109	82.890	263	45	0	1	263	1	263	1.82e-73	272
Ga0374725_01_10167_10598	CP000239.1:727211-727643|CDS|CYA_0720	100.000	432	0	0	1	432	1	432	0.0	780
Ga0374725_01_10167_10598	CP000240.1:1146006-1146399|CDS|CYB_1108	81.039	385	73	0	19	403	7	391	1.82e-101	366
Ga0374725_01_10595_13831	CP000239.1:723924-727215|CDS|CYA_0721	99.969	3237	1	0	1	3237	55	3291	0.0	5834
Ga0374725_01_13882_14121	CP000239.1:723011-723548|CDS|CYA_0719	99.580	238	0	1	1	237	531	294	1.43e-118	422
Ga0374725_01_13882_14121	CP000240.1:3012625-3013162|CDS|CYB_2915	84.298	242	35	3	1	240	531	291	1.26e-68	255
Ga0374725_01_14371_14874	CP000239.1:722264-722768|CDS|CYA_0718	99.802	504	1	0	1	504	1	504	0.0	905
Ga0374725_01_14371_14874	CP000240.1:3010145-3010580|CDS|CYB_2912	84.670	424	65	0	65	488	2	425	2.00e-133	472
Ga0374725_01_14852_14941	CP000239.1:722155-722287|CDS|CYA_0717	100.000	90	0	0	1	90	43	132	1.95e-41	163
Ga0374725_01_14852_14941	CP000240.1:3009973-3010105|CDS|CYB_2911	87.778	90	11	0	1	90	43	132	3.09e-26	113
Ga0374725_01_15402_16616	CP000239.1:720522-721737|CDS|CYA_0713	100.000	1215	0	0	1	1215	1	1215	0.0	2192
Ga0374725_01_15402_16616	CP000239.1:699773-701018|CDS|CYA_0693	82.515	1161	201	2	1	1160	1	1160	0.0	1172
Ga0374725_01_15402_16616	CP000240.1:3004651-3005875|CDS|CYB_2904	82.115	1163	181	8	1	1160	1	1139	0.0	1149
Ga0374725_01_16613_17485	CP000239.1:719653-720526|CDS|CYA_0714	100.000	873	0	0	1	873	1	873	0.0	1575
Ga0374725_01_16613_17485	CP000240.1:3003800-3004655|CDS|CYB_2905	87.678	844	104	0	1	844	1	844	0.0	1054
Ga0374725_01_16613_17485	CP000239.1:701014-701869|CDS|CYA_0692	87.337	845	105	2	1	844	1	844	0.0	1035
Ga0374725_01_16613_17485	CP000239.1:2354506-2355397|CDS|CYA_2347	64.698	762	240	19	90	835	96	844	6.84e-22	103
Ga0374725_01_17564_18061	CP000239.1:719077-719575|CDS|CYA_0712	100.000	498	0	0	1	498	1	498	0.0	899
Ga0374725_01_17564_18061	CP000239.1:702090-702585|CDS|CYA_0694	84.114	491	78	0	7	497	4	494	1.97e-152	535
Ga0374725_01_17564_18061	CP000240.1:3003084-3003579|CDS|CYB_2903	83.707	491	80	0	7	497	4	494	1.02e-149	526
Ga0374725_01_18174_18356	CP000239.1:718782-718953|CDS|CYA_0711	100.000	171	0	0	13	183	1	171	4.81e-85	309
Ga0374725_01_18628_19839	CP000239.1:717299-718511|CDS|CYA_0710	100.000	1212	0	0	1	1212	1	1212	0.0	2186
Ga0374725_01_18628_19839	CP000240.1:1835741-1836944|CDS|CYB_1752	87.333	1200	152	0	1	1200	1	1200	0.0	1480
Ga0374725_01_19980_21260	CP000239.1:715878-717159|CDS|CYA_0709	100.000	1281	0	0	1	1281	1	1281	0.0	2311
Ga0374725_01_19980_21260	CP000240.1:1833864-1835145|CDS|CYB_1751	89.428	1277	135	0	1	1277	1	1277	0.0	1695
Ga0374725_01_21371_21850	CP000239.1:715288-715768|CDS|CYA_0707	99.792	480	1	0	1	480	1	480	0.0	862
Ga0374725_01_21371_21850	CP000240.1:1833257-1833770|CDS|CYB_1750	87.692	455	54	2	1	454	1	454	1.36e-160	562
Ga0374725_01_21817_22185	CP000239.1:714926-715322|CDS|CYA_0708	99.729	369	1	0	1	369	28	396	0.0	662
Ga0374725_01_21817_22185	CP000240.1:2213301-2213703|CDS|CYB_2119	75.504	347	81	2	13	357	49	393	5.37e-63	238
Ga0374725_01_21817_22185	CP000239.1:687318-687720|CDS|CYA_0680	74.640	347	84	2	13	357	49	393	3.39e-59	224
Ga0374725_01_22280_22402	CP000239.1:687173-687296|CDS|CYA_0679	91.870	123	10	0	1	123	1	123	1.29e-45	178
Ga0374725_01_22789_23412	CP000239.1:686138-686762|CDS|CYA_0678	99.199	624	5	0	1	624	1	624	0.0	1104
Ga0374725_01_22789_23412	CP000239.1:713714-714350|CDS|CYA_0706	91.158	622	55	0	1	622	1	622	0.0	875
Ga0374725_01_22789_23412	CP000240.1:2212140-2212764|CDS|CYB_2118	82.476	622	109	0	1	622	1	622	0.0	631
Ga0374725_01_23643_24344	CP000239.1:685206-685908|CDS|CYA_0677	98.433	702	11	0	1	702	1	702	0.0	1217
Ga0374725_01_23643_24344	CP000240.1:2210138-2210840|CDS|CYB_2116	86.895	702	92	0	1	702	1	702	0.0	852
Ga0374725_01_24379_24576	CP000239.1:684899-685172|CDS|CYA_0676	100.000	198	0	0	1	198	76	273	1.16e-99	358
Ga0374725_01_24379_24576	CP000240.1:2209865-2210111|CDS|CYB_2115	82.353	170	30	0	28	197	76	245	9.52e-44	172
Ga0374725_02_8_2203	CP000239.1:1954757-1957040|CDS|CYA_1944	99.863	2196	3	0	1	2196	88	2283	0.0	3947
Ga0374725_02_8_2203	CP000240.1:1617329-1619612|CDS|CYB_1543	85.929	2196	307	2	2	2196	89	2283	0.0	2561
Ga0374725_02_2298_2882	CP000239.1:1954078-1954609|CDS|CYA_1943	100.000	531	0	0	55	585	1	531	0.0	958
Ga0374725_02_2298_2882	CP000240.1:142154-142679|CDS|CYB_0129	85.714	525	75	0	61	585	1	525	1.29e-174	609
Ga0374725_02_3100_3894	CP000239.1:1953066-1953891|CDS|CYA_1942	100.000	795	0	0	1	795	31	825	0.0	1434
Ga0374725_02_3100_3894	CP000240.1:142994-143789|CDS|CYB_0131	84.071	791	126	0	1	791	1	791	0.0	863
Ga0374725_02_4023_5177	CP000239.1:1951777-1952932|CDS|CYA_1941	100.000	1155	0	0	1	1155	1	1155	0.0	2084
Ga0374725_02_4023_5177	CP000240.1:145665-146820|CDS|CYB_0133	87.336	1145	145	0	1	1145	1	1145	0.0	1412
Ga0374725_02_5321_5845	CP000239.1:1951109-1951634|CDS|CYA_1940	99.810	525	1	0	1	525	1	525	0.0	943
Ga0374725_02_5321_5845	CP000240.1:124059-124593|CDS|CYB_0109	84.457	534	74	1	1	525	1	534	8.85e-170	593
Ga0374725_02_5963_6571	CP000239.1:1950383-1951052|CDS|CYA_1939	100.000	609	0	0	1	609	61	669	0.0	1099
Ga0374725_02_5963_6571	CP000240.1:122952-123651|CDS|CYB_0108	81.544	596	110	0	2	597	62	657	6.52e-166	580
Ga0374725_02_6610_7668	CP000239.1:1947457-1948516|CDS|CYA_1936	99.906	1059	1	0	1	1059	1	1059	0.0	1906
Ga0374725_02_6610_7668	CP000240.1:121854-122913|CDS|CYB_0107	88.102	1059	126	0	1	1059	1	1059	0.0	1342
Ga0374725_02_8008_8421	CP000239.1:1946704-1947118|CDS|CYA_1935	100.000	414	0	0	1	414	1	414	0.0	747
Ga0374725_02_8008_8421	CP000240.1:121121-121568|CDS|CYB_0106	82.493	377	66	0	11	387	53	429	6.47e-107	383
Ga0374725_02_8545_9072	CP000239.1:1946053-1946593|CDS|CYA_1934	99.811	528	1	0	1	528	13	540	0.0	948
Ga0374725_02_8545_9072	CP000240.1:120506-121046|CDS|CYB_0105	83.650	526	86	0	1	526	13	538	1.51e-160	562
Ga0374725_02_9500_9745	CP000239.1:1945380-1945626|CDS|CYA_1932	100.000	246	0	0	1	246	1	246	1.29e-125	444
Ga0374725_02_9500_9745	CP000240.1:119663-119909|CDS|CYB_0103	82.377	244	43	0	1	244	1	244	6.70e-66	247
Ga0374725_02_10086_11060	CP000239.1:1944065-1945040|CDS|CYA_1931	99.897	975	1	0	1	975	1	975	0.0	1755
Ga0374725_02_10086_11060	CP000240.1:118334-119306|CDS|CYB_0102	87.617	961	116	1	1	961	1	958	0.0	1196
Ga0374725_02_11062_11943	CP000239.1:1943182-1944007|CDS|CYA_1930	97.212	825	23	0	58	882	1	825	0.0	1385
Ga0374725_02_11062_11943	CP000240.1:117451-118333|CDS|CYB_0101	86.621	882	118	0	1	882	1	882	0.0	1059
Ga0374725_02_12014_12871	CP000239.1:1942254-1943112|CDS|CYA_1928	91.259	858	75	0	1	858	1	858	0.0	1210
Ga0374725_02_12014_12871	CP000240.1:116511-117381|CDS|CYB_0099	88.902	856	95	0	1	856	1	856	0.0	1116
Ga0374725_02_12868_13587	CP000239.1:1941565-1942258|CDS|CYA_1929	95.238	693	33	0	28	720	1	693	0.0	1102
Ga0374725_02_12868_13587	CP000240.1:115839-116520|CDS|CYB_0100	82.265	671	115	2	52	720	13	681	0.0	669
Ga0374725_02_13635_13913	CP000239.1:1941212-1941491|CDS|CYA_1927	100.000	279	0	0	1	279	1	279	1.80e-143	504
Ga0374725_02_13635_13913	CP000240.1:115466-115760|CDS|CYB_0098	83.582	268	44	0	10	277	25	292	8.77e-78	286
Ga0374725_02_14153_16153	CP000239.1:1938846-1940973|CDS|CYA_1926	99.900	2001	2	0	1	2001	127	2127	0.0	3600
Ga0374725_02_14153_16153	CP000240.1:112531-114667|CDS|CYB_0096	85.988	1934	268	1	46	1979	184	2114	0.0	2265
Ga0374725_02_16347_18278	CP000239.1:1936844-1938779|CDS|CYA_1925	91.783	1935	156	1	1	1932	1	1935	0.0	2772
Ga0374725_02_16347_18278	CP000240.1:2121154-2123083|CDS|CYB_2016	86.359	1906	257	1	1	1903	1	1906	0.0	2264
Ga0374725_02_18423_19472	CP000239.1:1927377-1928427|CDS|CYA_1917	96.952	1050	32	0	1	1050	1	1050	0.0	1750
Ga0374725_02_18423_19472	CP000240.1:2113997-2115062|CDS|CYB_2008	87.415	1033	130	0	1	1033	1	1033	0.0	1278
Ga0374725_02_19549_20583	CP000239.1:1926266-1927301|CDS|CYA_1916	100.000	1035	0	0	1	1035	1	1035	0.0	1867
Ga0374725_02_19549_20583	CP000240.1:2111974-2113009|CDS|CYB_2006	87.562	1005	125	0	1	1005	1	1005	0.0	1250
Ga0374725_02_20953_22560	CP000239.1:1924289-1925897|CDS|CYA_1915	99.751	1608	4	0	1	1608	1	1608	0.0	2883
Ga0374725_02_20953_22560	CP000240.1:2109128-2110733|CDS|CYB_2004	89.800	1598	161	2	1	1597	1	1597	0.0	2140
Ga0374725_02_22634_23275	CP000239.1:1921738-1922380|CDS|CYA_1912	99.221	642	5	0	1	642	1	642	0.0	1136
Ga0374725_02_22634_23275	CP000240.1:2108475-2109072|CDS|CYB_2003	83.505	582	96	0	1	582	1	582	2.74e-177	618
Ga0374725_02_23326_24072	CP000239.1:1920941-1921688|CDS|CYA_1911	99.732	747	2	0	1	747	1	747	0.0	1339
Ga0374725_02_23326_24072	CP000240.1:2107663-2108410|CDS|CYB_2002	84.070	747	119	0	1	747	1	747	0.0	811
Ga0374725_03_468_2009	CP000239.1:360753-362295|CDS|CYA_0343	99.741	1542	4	0	1	1542	1	1542	0.0	2764
Ga0374725_03_468_2009	CP000240.1:1577050-1578643|CDS|CYB_1503	82.035	1592	235	3	1	1541	1	1592	0.0	1615
Ga0374725_03_2009_2569	CP000239.1:360157-360754|CDS|CYA_0342	98.930	561	6	0	1	561	37	597	0.0	985
Ga0374725_03_2009_2569	CP000240.1:1578642-1579203|CDS|CYB_1504	81.753	559	95	4	8	561	5	561	6.39e-153	537
Ga0374725_03_2618_3052	CP000239.1:359626-360145|CDS|CYA_0341	99.540	435	2	0	1	435	85	519	0.0	776
Ga0374725_03_2618_3052	CP000240.1:1579253-1579796|CDS|CYB_1505	79.556	450	68	2	10	435	94	543	4.90e-115	410
Ga0374725_03_3280_3639	CP000239.1:359123-359483|CDS|CYA_0340	100.000	360	0	0	1	360	1	360	0.0	650
Ga0374725_03_3280_3639	CP000240.1:1580055-1580415|CDS|CYB_1507	81.667	360	66	0	1	360	1	360	9.43e-98	352
Ga0374725_03_3944_5095	CP000239.1:357667-358867|CDS|CYA_0339	94.705	1152	61	0	1	1152	49	1200	0.0	1803
Ga0374725_03_3944_5095	CP000240.1:1580595-1581873|CDS|CYB_1508	88.946	1167	105	1	1	1143	106	1272	0.0	1541
Ga0374725_03_5485_5829	CP000239.1:356933-357665|CDS|CYA_0338	99.420	345	2	0	1	345	388	732	1.74e-176	614
Ga0374725_03_5485_5829	CP000240.1:1581910-1582717|CDS|CYB_1509	81.301	369	45	2	1	345	439	807	4.11e-102	368
Ga0374725_03_5819_6553	CP000239.1:356209-356944|CDS|CYA_0337	99.320	735	5	0	1	735	1	735	0.0	1304
Ga0374725_03_5819_6553	CP000240.1:1582706-1583471|CDS|CYB_1510	83.077	715	121	0	21	735	51	765	0.0	745
Ga0374725_03_6608_7744	CP000239.1:355018-356155|CDS|CYA_0336	99.912	1137	1	0	1	1137	1	1137	0.0	2047
Ga0374725_03_6608_7744	CP000240.1:1583524-1584661|CDS|CYB_1511	90.644	1133	104	1	1	1133	1	1131	0.0	1563
Ga0374725_03_7764_9215	CP000239.1:353547-354966|CDS|CYA_0335	99.859	1419	2	0	34	1452	1	1419	0.0	2551
Ga0374725_03_7764_9215	CP000240.1:1584673-1586068|CDS|CYB_1512	87.163	1410	151	3	34	1440	1	1383	0.0	1741
Ga0374725_03_9704_10492	CP000239.1:352270-353185|CDS|CYA_0334	99.747	789	2	0	1	789	127	915	0.0	1415
Ga0374725_03_9704_10492	CP000240.1:1586328-1587234|CDS|CYB_1513	74.031	851	116	6	1	767	7	836	6.12e-174	607
Ga0374725_03_10539_12065	CP000239.1:350697-352224|CDS|CYA_0333	99.935	1527	1	0	1	1527	1	1527	0.0	2750
Ga0374725_03_10539_12065	CP000240.1:1587284-1588820|CDS|CYB_1514	90.184	1518	149	0	1	1518	1	1518	0.0	2067
Ga0374725_03_12103_13731	CP000239.1:349031-350660|CDS|CYA_0332	99.877	1629	2	0	1	1629	1	1629	0.0	2929
Ga0374725_03_12103_13731	CP000240.1:1794623-1796243|CDS|CYB_1712	86.578	1587	213	0	1	1587	1	1587	0.0	1902
Ga0374725_03_12103_13731	CP000239.1:1411962-1413597|CDS|CYA_1407	70.401	1598	447	12	1	1585	1	1585	0.0	719
Ga0374725_03_12103_13731	CP000240.1:1690529-1692164|CDS|CYB_1618	69.763	1604	461	10	1	1592	1	1592	0.0	683
Ga0374725_03_13935_14273	CP000239.1:348528-348828|CDS|CYA_0331	100.000	300	0	0	40	339	1	300	8.86e-155	542
Ga0374725_03_13935_14273	CP000240.1:1794124-1794424|CDS|CYB_1711	89.333	300	32	0	40	339	1	300	2.38e-111	398
Ga0374725_03_14342_15463	CP000239.1:347317-348421|CDS|CYA_0330	93.025	1104	77	0	19	1122	1	1104	0.0	1645
Ga0374725_03_14342_15463	CP000240.1:1792910-1794008|CDS|CYB_1710	90.275	1090	106	0	19	1108	1	1090	0.0	1489
Ga0374725_03_15615_16304	CP000239.1:346458-347148|CDS|CYA_0329	100.000	690	0	0	1	690	1	690	0.0	1245
Ga0374725_03_15615_16304	CP000240.1:1791476-1792229|CDS|CYB_1708	85.512	635	92	0	1	635	1	635	0.0	731
Ga0374725_03_16486_16803	CP000239.1:782540-783770|CDS|CYA_0777	99.371	318	2	0	1	318	1062	745	7.25e-162	565
Ga0374725_03_16486_16803	CP000239.1:1966854-1968081|CDS|CYA_1956	90.221	317	31	0	1	317	1062	746	1.08e-121	433
Ga0374725_03_16486_16803	CP000239.1:2027933-2028476|CDS|CYA_2012	74.922	319	76	2	2	318	350	34	6.39e-55	210
Ga0374725_03_16486_16803	CP000240.1:544792-546037|CDS|CYB_0530	71.906	299	76	2	24	318	1036	742	1.01e-39	159
Ga0374725_03_16917_17492	CP000239.1:782540-783770|CDS|CYA_0777	97.400	577	14	1	1	576	55	631	0.0	970
Ga0374725_03_16917_17492	CP000239.1:1966854-1968081|CDS|CYA_1956	91.854	577	46	1	1	576	55	631	0.0	826
Ga0374725_03_16917_17492	CP000239.1:1368725-1369295|CDS|CYA_1359	84.742	485	74	0	1	485	55	539	1.55e-154	542
Ga0374725_03_16917_17492	CP000240.1:544792-546037|CDS|CYB_0530	78.445	566	118	2	10	574	64	626	9.76e-132	466
Ga0374725_03_16917_17492	CP000240.1:2424097-2424871|CDS|CYB_2313	76.909	563	127	1	1	563	55	614	2.45e-120	428
Ga0374725_03_16917_17492	CP000240.1:86287-87061|CDS|CYB_0074	76.148	566	131	2	10	574	64	626	8.02e-114	407
Ga0374725_03_16917_17492	CP000240.1:2581305-2582079|CDS|CYB_2484	75.812	554	131	1	10	563	64	614	5.06e-110	394
Ga0374725_03_16917_17492	CP000240.1:1126684-1127458|CDS|CYB_1091	75.311	563	136	1	1	563	55	614	7.51e-108	388
Ga0374725_03_17874_18506	CP000239.1:344558-345191|CDS|CYA_0326	99.684	633	2	0	1	633	1	633	0.0	1133
Ga0374725_03_17874_18506	CP000240.1:1790756-1791389|CDS|CYB_1706	86.256	633	87	0	1	633	1	633	0.0	750
Ga0374725_03_18494_18916	CP000239.1:344148-344571|CDS|CYA_0327	99.764	423	1	0	1	423	1	423	0.0	759
Ga0374725_03_18494_18916	CP000240.1:1790338-1790788|CDS|CYB_1707	77.778	360	80	0	52	411	70	429	1.12e-78	289
Ga0374725_03_19086_19688	CP000239.1:343376-343979|CDS|CYA_0324	100.000	603	0	0	1	603	1	603	0.0	1088
Ga0374725_03_19086_19688	CP000240.1:1789718-1790279|CDS|CYB_1705	77.555	548	123	0	1	548	1	548	6.05e-122	434
Ga0374725_03_19673_20692	CP000239.1:342372-343392|CDS|CYA_0325	99.902	1020	1	0	1	1020	1	1020	0.0	1836
Ga0374725_03_19673_20692	CP000240.1:1788664-1789684|CDS|CYB_1704	88.627	1020	116	0	1	1020	1	1020	0.0	1317
Ga0374725_03_20873_21388	CP000239.1:341672-342188|CDS|CYA_0323	99.806	516	1	0	1	516	1	516	0.0	927
Ga0374725_03_20873_21388	CP000240.1:1787992-1788508|CDS|CYB_1702	85.078	516	77	0	1	516	1	516	4.50e-167	584
Ga0374725_04_1141_1473	CP000240.1:1722667-1727377|CDS|CYB_1650	83.067	313	45	3	16	327	91	396	5.15e-88	320
Ga0374725_04_1141_1473	CP000239.1:2909516-2914181|CDS|CYA_2889	81.731	312	45	2	16	327	91	390	3.25e-84	308
Ga0374725_04_1720_2592	CP000239.1:2906452-2907451|CDS|CYA_2887	99.197	872	7	0	2	873	128	999	0.0	1542
Ga0374725_04_1720_2592	CP000240.1:1729151-1730150|CDS|CYB_1652	88.647	872	99	0	2	873	128	999	0.0	1127
Ga0374725_04_2788_5820	CP000239.1:2903224-2906293|CDS|CYA_2886	99.967	3033	1	0	1	3033	37	3069	0.0	5466
Ga0374725_04_2788_5820	CP000240.1:1730308-1733377|CDS|CYB_1653	84.860	3045	437	4	1	3033	37	3069	0.0	3417
Ga0374725_04_5832_6854	CP000239.1:2902190-2903213|CDS|CYA_2885	100.000	1023	0	0	1	1023	1	1023	0.0	1846
Ga0374725_04_5832_6854	CP000240.1:1733373-1734384|CDS|CYB_1654	82.549	1020	151	4	4	1023	19	1011	0.0	1044
Ga0374725_04_6855_7637	CP000239.1:2901086-2902190|CDS|CYA_2884	99.872	783	1	0	1	783	322	1104	0.0	1408
Ga0374725_04_6855_7637	CP000240.1:1734384-1735551|CDS|CYB_1655	81.219	804	125	7	2	783	368	1167	0.0	762
Ga0374725_04_8104_9159	CP000239.1:2899885-2900941|CDS|CYA_2883	100.000	1056	0	0	1	1056	1	1056	0.0	1905
Ga0374725_04_8104_9159	CP000240.1:1735695-1736760|CDS|CYB_1656	85.824	1044	148	0	1	1044	1	1044	0.0	1216
Ga0374725_04_9362_10372	CP000239.1:2898672-2899683|CDS|CYA_2882	99.802	1011	2	0	1	1011	1	1011	0.0	1815
Ga0374725_04_9362_10372	CP000240.1:1736975-1737986|CDS|CYB_1657	88.427	1011	117	0	1	1011	1	1011	0.0	1297
Ga0374725_04_10369_11154	CP000239.1:2897890-2898676|CDS|CYA_2881	99.873	786	1	0	1	786	1	786	0.0	1414
Ga0374725_04_10369_11154	CP000240.1:1737982-1738768|CDS|CYB_1658	89.286	784	84	0	1	784	1	784	0.0	1036
Ga0374725_04_11179_12747	CP000239.1:2896297-2897866|CDS|CYA_2880	99.936	1569	1	0	1	1569	1	1569	0.0	2826
Ga0374725_04_11179_12747	CP000240.1:1738815-1740378|CDS|CYB_1659	83.463	1548	244	3	25	1569	25	1563	0.0	1636
Ga0374725_04_12765_14186	CP000239.1:2894858-2896280|CDS|CYA_2879	99.719	1422	4	0	1	1422	1	1422	0.0	2547
Ga0374725_04_12765_14186	CP000240.1:1740396-1741881|CDS|CYB_1660	78.782	1428	252	4	1	1380	1	1425	0.0	1238
Ga0374725_04_14207_14740	CP000239.1:2894124-2894838|CDS|CYA_2878	100.000	534	0	0	1	534	181	714	0.0	964
Ga0374725_04_14207_14740	CP000240.1:1741885-1742533|CDS|CYB_1661	92.121	495	39	0	1	495	115	609	0.0	718
Ga0374725_04_14953_15582	CP000239.1:2893462-2894092|CDS|CYA_2877	99.683	630	2	0	1	630	1	630	0.0	1128
Ga0374725_04_14953_15582	CP000240.1:1742628-1743189|CDS|CYB_1662	87.104	473	61	0	145	617	1	473	2.36e-165	579
Ga0374725_04_15609_16007	CP000239.1:2893037-2893436|CDS|CYA_2876	99.248	399	3	0	1	399	1	399	0.0	707
Ga0374725_04_15609_16007	CP000240.1:1743354-1743753|CDS|CYB_1663	81.955	399	72	0	1	399	1	399	9.85e-111	396
Ga0374725_04_16095_16385	CP000239.1:2892659-2892950|CDS|CYA_2875	100.000	291	0	0	1	291	1	291	5.78e-150	526
Ga0374725_04_16095_16385	CP000240.1:1743826-1744117|CDS|CYB_1664	81.690	284	52	0	1	284	1	284	1.36e-75	279
Ga0374725_04_16617_16862	CP000239.1:2892182-2892428|CDS|CYA_2874	100.000	246	0	0	1	246	1	246	1.29e-125	444
Ga0374725_04_16617_16862	CP000240.1:1744311-1744602|CDS|CYB_1665	88.618	246	28	0	1	246	46	291	1.29e-87	318
Ga0374725_04_16960_18225	CP000239.1:2890819-2892085|CDS|CYA_2873	94.076	1266	75	0	1	1266	1	1266	0.0	1946
Ga0374725_04_16960_18225	CP000240.1:1744647-1745928|CDS|CYB_1666	85.841	1236	175	0	25	1260	40	1275	0.0	1441
Ga0374725_04_18238_18507	CP000239.1:2890537-2890807|CDS|CYA_2872	95.911	269	11	0	1	269	1	269	7.41e-123	436
Ga0374725_04_18238_18507	CP000240.1:1745940-1746210|CDS|CYB_1667	81.784	269	49	0	1	269	1	269	2.77e-71	265
Ga0374725_04_18759_21149	CP000239.1:2887937-2890445|CDS|CYA_2871	96.226	2358	89	0	1	2358	118	2475	0.0	3852
Ga0374725_04_18759_21149	CP000240.1:1555785-1558380|CDS|CYB_1481	79.151	2427	440	10	1	2361	139	2565	0.0	2111
Ga0374725_05_1175_2032	CP000239.1:365437-366295|CDS|CYA_0348	100.000	858	0	0	1	858	1	858	0.0	1548
Ga0374725_05_1175_2032	CP000240.1:2196512-2197373|CDS|CYB_2101	86.792	795	105	0	64	858	67	861	0.0	961
Ga0374725_05_2044_4203	CP000239.1:366345-368466|CDS|CYA_0349	99.953	2121	1	0	40	2160	1	2121	0.0	3821
Ga0374725_05_2044_4203	CP000240.1:2194341-2196501|CDS|CYB_2100	84.796	2131	312	3	18	2142	18	2142	0.0	2380
Ga0374725_05_4323_5189	CP000239.1:368585-369452|CDS|CYA_0350	99.885	867	1	0	1	867	1	867	0.0	1560
Ga0374725_05_4323_5189	CP000240.1:2193346-2194222|CDS|CYB_2099	84.670	848	124	1	1	842	1	848	0.0	945
Ga0374725_05_5759_6310	CP000239.1:370021-370573|CDS|CYA_0352	100.000	552	0	0	1	552	1	552	0.0	996
Ga0374725_05_5759_6310	CP000240.1:2191975-2192503|CDS|CYB_2096	80.479	543	82	1	9	551	9	527	1.69e-147	519
Ga0374725_05_6374_6793	CP000239.1:370636-371056|CDS|CYA_0353	100.000	420	0	0	1	420	1	420	0.0	758
Ga0374725_05_6374_6793	CP000240.1:718708-719137|CDS|CYB_0702	82.619	420	73	0	1	420	10	429	1.76e-120	429
Ga0374725_05_6962_8611	CP000239.1:371224-372874|CDS|CYA_0355	100.000	1650	0	0	1	1650	1	1650	0.0	2976
Ga0374725_05_6962_8611	CP000240.1:719293-720901|CDS|CYB_0704	77.102	1677	288	8	1	1650	1	1608	0.0	1344
Ga0374725_05_8605_9798	CP000239.1:372867-374061|CDS|CYA_0354	99.665	1194	4	0	1	1194	1	1194	0.0	2136
Ga0374725_05_8605_9798	CP000240.1:720894-722103|CDS|CYB_0703	83.460	1185	194	2	11	1194	26	1209	0.0	1247
Ga0374725_05_9801_10214	CP000239.1:374063-374477|CDS|CYA_0356	100.000	414	0	0	1	414	1	414	0.0	747
Ga0374725_05_9801_10214	CP000240.1:722132-722546|CDS|CYB_0705	83.632	391	64	0	1	391	1	391	3.13e-117	417
Ga0374725_05_10304_10810	CP000239.1:374566-375007|CDS|CYA_0357	98.658	447	0	1	61	507	1	441	0.0	781
Ga0374725_05_10304_10810	CP000240.1:722621-723128|CDS|CYB_0706	82.389	494	87	0	1	494	1	494	1.45e-141	499
Ga0374725_05_10833_11714	CP000239.1:375089-375971|CDS|CYA_0358	100.000	882	0	0	1	882	1	882	0.0	1591
Ga0374725_05_10833_11714	CP000240.1:723190-724006|CDS|CYB_0707	84.321	810	122	2	1	809	1	806	0.0	884
Ga0374725_05_11855_12448	CP000239.1:376111-376705|CDS|CYA_0360	95.960	594	24	0	1	594	1	594	0.0	964
Ga0374725_05_11855_12448	CP000240.1:724154-724748|CDS|CYB_0709	90.153	589	58	0	1	589	1	589	0.0	801
Ga0374725_05_12445_13917	CP000239.1:376701-378174|CDS|CYA_0359	99.593	1473	6	0	1	1473	1	1473	0.0	2630
Ga0374725_05_12445_13917	CP000240.1:724744-726217|CDS|CYB_0708	90.014	1472	147	0	1	1472	1	1472	0.0	1993
Ga0374725_05_13983_14216	CP000240.1:726364-726649|CDS|CYB_0710	82.479	234	41	0	1	234	52	285	3.29e-63	238
Ga0374725_05_14264_14455	CP000239.1:378823-379144|CDS|CYA_0363	100.000	192	0	0	1	192	130	321	2.02e-96	347
Ga0374725_05_14624_16066	CP000239.1:379183-380626|CDS|CYA_0364	99.931	1443	1	0	1	1443	1	1443	0.0	2599
Ga0374725_05_14624_16066	CP000240.1:732547-733990|CDS|CYB_0715	88.928	1436	159	0	1	1436	1	1436	0.0	1874
Ga0374725_05_16264_18210	CP000239.1:380751-382770|CDS|CYA_0365	99.949	1947	1	0	1	1947	73	2019	0.0	3507
Ga0374725_05_16264_18210	CP000240.1:730249-732268|CDS|CYB_0714	87.113	1971	230	2	1	1947	49	2019	0.0	2423
Ga0374725_05_18334_19041	CP000239.1:382851-383601|CDS|CYA_0366	99.859	708	1	0	1	708	43	750	0.0	1273
Ga0374725_05_18334_19041	CP000240.1:729395-730124|CDS|CYB_0713	76.791	698	158	4	10	705	10	705	2.66e-146	515
Ga0374725_05_19404_19847	CP000239.1:383964-384408|CDS|CYA_0367	99.550	444	2	0	1	444	1	444	0.0	792
Ga0374725_05_19404_19847	CP000240.1:2587259-2587766|CDS|CYB_2490	74.702	419	100	3	13	428	79	494	1.11e-72	270
Ga0374725_06_25_345	CP000240.1:1798789-1801870|CDS|CYB_1719	94.704	321	1	1	1	321	40	344	4.05e-146	513
Ga0374725_06_305_3082	CP000240.1:1798789-1801870|CDS|CYB_1719	99.712	2778	8	0	1	2778	304	3081	0.0	4974
Ga0374725_06_3079_3756	CP000240.1:1801932-1802544|CDS|CYB_1720	100.000	612	0	0	67	678	1	612	0.0	1104
Ga0374725_06_3789_4016	CP000240.1:1802582-1802804|CDS|CYB_1721	99.099	222	2	0	7	228	1	222	6.57e-110	392
Ga0374725_06_4276_4515	CP000240.1:1804359-1804599|CDS|CYB_1723	99.576	236	1	0	1	236	1	236	1.43e-118	422
Ga0374725_06_7415_7864	CP000240.1:1807471-1807921|CDS|CYB_1725	99.556	450	2	0	1	450	1	450	0.0	803
Ga0374725_06_8442_11153	CP000240.1:1808498-1811210|CDS|CYB_1727	99.963	2712	1	0	1	2712	1	2712	0.0	4887
Ga0374725_06_11248_11862	CP000240.1:1811304-1811919|CDS|CYB_1728	99.837	615	1	0	1	615	1	615	0.0	1105
Ga0374725_06_12057_12671	CP000240.1:1812113-1812728|CDS|CYB_1729	99.675	615	2	0	1	615	1	615	0.0	1101
Ga0374725_06_13004_13801	CP000240.1:1812916-1813852|CDS|CYB_1730	95.865	798	27	1	1	798	145	936	0.0	1292
Ga0374725_06_13004_13801	CP000239.1:2667402-2668245|CDS|CYA_2652	83.061	797	132	1	2	798	50	843	0.0	828
Ga0374725_06_13841_14728	CP000240.1:1813906-1814779|CDS|CYB_1731	96.564	873	30	0	16	888	1	873	0.0	1440
Ga0374725_06_13841_14728	CP000239.1:2666451-2667342|CDS|CYA_2651	88.794	821	92	0	49	869	49	869	0.0	1067
Ga0374725_06_14738_15289	CP000240.1:1814788-1815340|CDS|CYB_1733	98.551	552	8	0	1	552	1	552	0.0	960
Ga0374725_06_14738_15289	CP000239.1:2665894-2666446|CDS|CYA_2649	88.949	552	61	0	1	552	1	552	0.0	721
Ga0374725_06_15286_15813	CP000240.1:1815336-1815957|CDS|CYB_1732	98.106	528	10	0	1	528	94	621	0.0	908
Ga0374725_06_15286_15813	CP000239.1:2665280-2665898|CDS|CYA_2650	87.739	522	64	0	1	522	94	615	0.0	654
Ga0374725_06_15952_16398	CP000240.1:1816002-1817544|CDS|CYB_1734	99.105	447	4	0	1	447	1096	1542	0.0	789
Ga0374725_06_15952_16398	CP000239.1:2663699-2665154|CDS|CYA_2648	91.740	339	27	1	1	338	1090	1428	9.73e-137	482
Ga0374725_06_16398_17495	CP000240.1:1816002-1817544|CDS|CYB_1734	98.543	1098	14	1	1	1098	1	1096	0.0	1906
Ga0374725_06_16398_17495	CP000239.1:2663699-2665154|CDS|CYA_2648	87.306	1095	134	2	4	1098	1	1090	0.0	1344
Ga0374725_07_176_1072	CP000240.1:173746-174643|CDS|CYB_0160	99.220	897	7	0	1	897	1	897	0.0	1587
Ga0374725_07_1119_1910	CP000240.1:172908-173700|CDS|CYB_0159	100.000	792	0	0	1	792	1	792	0.0	1429
Ga0374725_07_2126_2812	CP000240.1:172006-172630|CDS|CYB_0157	95.353	624	29	0	64	687	1	624	0.0	995
Ga0374725_07_2126_2812	CP000239.1:520708-521404|CDS|CYA_0504	86.677	623	74	1	74	687	74	696	0.0	754
Ga0374725_07_3009_3461	CP000240.1:171357-171999|CDS|CYB_0156	95.364	453	21	0	1	453	190	642	0.0	723
Ga0374725_07_3009_3461	CP000239.1:520080-520668|CDS|CYA_0503	79.118	431	81	1	13	443	157	578	1.06e-104	376
Ga0374725_07_3759_5408	CP000240.1:169410-171030|CDS|CYB_0155	96.667	1620	54	0	31	1650	1	1620	0.0	2679
Ga0374725_07_3759_5408	CP000239.1:518174-519785|CDS|CYA_0502	85.044	1578	236	0	31	1608	1	1578	0.0	1783
Ga0374725_07_5461_5892	CP000240.1:168926-169358|CDS|CYB_0154	99.769	432	1	0	1	432	1	432	0.0	775
Ga0374725_07_6202_6546	CP000240.1:168272-168617|CDS|CYB_0153	100.000	345	0	0	1	345	1	345	3.36e-179	623
Ga0374725_07_6589_7755	CP000240.1:167036-168230|CDS|CYB_0152	88.755	1165	107	1	1	1141	1	1165	0.0	1528
Ga0374725_07_6589_7755	CP000239.1:1155507-1156698|CDS|CYA_1131	81.250	1184	190	4	15	1167	9	1191	0.0	1146
Ga0374725_07_7712_7999	CP000239.1:1156648-1157719|CDS|CYA_1130	85.448	268	39	0	2	269	779	1046	2.78e-84	308
Ga0374725_07_8018_8788	CP000239.1:1156648-1157719|CDS|CYA_1130	82.322	758	120	2	1	757	1	745	0.0	767
Ga0374725_07_8870_9628	CP000240.1:166155-166914|CDS|CYB_0151	97.625	758	16	2	1	757	1	757	0.0	1279
Ga0374725_07_8870_9628	CP000239.1:1157889-1158648|CDS|CYA_1132	87.335	758	96	0	1	758	1	758	0.0	935
Ga0374725_07_9636_9899	CP000240.1:165884-166148|CDS|CYB_0150	98.864	264	3	0	1	264	1	264	5.20e-131	463
Ga0374725_07_9636_9899	CP000239.1:1158654-1158912|CDS|CYA_1133	90.079	252	25	0	7	258	1	252	1.22e-94	343
Ga0374725_07_10027_10443	CP000240.1:165340-165757|CDS|CYB_0149	95.444	417	19	0	1	417	1	417	0.0	667
Ga0374725_07_10027_10443	CP000239.1:1159045-1159444|CDS|CYA_1134	81.055	417	61	1	1	417	1	399	1.64e-114	408
Ga0374725_07_10555_10734	CP000240.1:165049-165229|CDS|CYB_0148	98.889	180	2	0	1	180	1	180	3.18e-87	316
Ga0374725_07_10555_10734	CP000239.1:1159538-1159721|CDS|CYA_1135	89.831	177	18	0	1	177	1	177	7.01e-64	239
Ga0374725_07_10963_11559	CP000240.1:3023196-3024534|CDS|CYB_2925	98.658	596	8	0	1	596	1	596	0.0	1040
Ga0374725_07_10963_11559	CP000240.1:2804325-2806095|CDS|CYB_2714	98.490	596	9	0	1	596	1	596	0.0	1035
Ga0374725_07_10963_11559	CP000240.1:369858-371220|CDS|CYB_0353	98.490	596	9	0	1	596	1	596	0.0	1035
Ga0374725_07_10963_11559	CP000240.1:842717-843944|CDS|CYB_0814	97.987	596	12	0	1	596	1	596	0.0	1021
Ga0374725_07_10963_11559	CP000240.1:260888-262250|CDS|CYB_0247	97.983	595	12	0	2	596	2	596	0.0	1020
Ga0374725_07_10963_11559	CP000240.1:532981-534160|CDS|CYB_0518	96.141	596	23	0	1	596	1	596	0.0	972
Ga0374725_07_10963_11559	CP000240.1:2368187-2369462|CDS|CYB_2263	95.134	596	29	0	1	596	1	596	0.0	945
Ga0374725_07_11679_11861	CP000240.1:532981-534160|CDS|CYB_0518	98.361	183	3	0	1	183	899	717	3.24e-87	317
Ga0374725_07_11679_11861	CP000240.1:842717-843944|CDS|CYB_0814	97.814	183	4	0	1	183	899	717	3.95e-86	313
Ga0374725_07_11679_11861	CP000240.1:369858-371220|CDS|CYB_0353	97.814	183	4	0	1	183	899	717	3.95e-86	313
Ga0374725_07_11679_11861	CP000240.1:260888-262250|CDS|CYB_0247	97.814	183	4	0	1	183	899	717	3.95e-86	313
Ga0374725_07_11679_11861	CP000240.1:2368187-2369462|CDS|CYB_2263	97.268	183	5	0	1	183	899	717	1.68e-84	308
Ga0374725_07_11679_11861	CP000240.1:3023196-3024534|CDS|CYB_2925	96.721	183	6	0	1	183	899	717	2.04e-83	304
Ga0374725_07_11679_11861	CP000240.1:2804325-2806095|CDS|CYB_2714	96.721	183	6	0	1	183	899	717	2.04e-83	304
Ga0374725_07_12726_13817	CP000240.1:3021851-3022943|CDS|CYB_2924	99.817	1092	2	0	1	1092	1	1092	0.0	1961
Ga0374725_07_12726_13817	CP000239.1:22083-23175|CDS|CYA_0024	84.524	1092	169	0	1	1092	1	1092	0.0	1208
Ga0374725_07_14047_14151	CP000240.1:3021525-3021633|CDS|CYB_2923	99.048	105	1	0	1	105	4	108	7.16e-48	186
Ga0374725_07_14047_14151	CP000239.1:21787-21895|CDS|CYA_0023	92.381	105	8	0	1	105	4	108	1.21e-38	154
Ga0374725_07_14460_15236	CP000240.1:3020432-3021335|CDS|CYB_2922	97.555	777	19	0	1	777	127	903	0.0	1316
Ga0374725_07_14460_15236	CP000239.1:20576-21446|CDS|CYA_0022	83.858	762	123	0	1	762	94	855	0.0	820
Ga0374725_07_15223_15588	CP000240.1:3020062-3020446|CDS|CYB_2921	91.736	363	30	0	1	363	1	363	3.13e-148	520
Ga0374725_07_15223_15588	CP000239.1:20218-20590|CDS|CYA_0021	78.348	351	72	2	12	360	12	360	1.17e-77	286
Ga0374725_07_15585_16091	CP000240.1:3019559-3020066|CDS|CYB_2920	96.055	507	20	0	1	507	1	507	0.0	825
Ga0374725_07_15585_16091	CP000239.1:19705-20212|CDS|CYA_0019	83.333	504	82	2	1	503	1	503	3.63e-149	524
Ga0374725_08_402_1091	CP000239.1:913922-914639|CDS|CYA_0903	99.711	691	1	1	1	690	1	691	0.0	1234
Ga0374725_08_402_1091	CP000240.1:2293807-2294563|CDS|CYB_2189	85.983	692	94	3	1	690	1	691	0.0	801
Ga0374725_08_1926_2072	CP000239.1:915447-915594|CDS|CYA_0904	100.000	147	0	0	1	147	1	147	4.02e-72	266
Ga0374725_08_1926_2072	CP000240.1:2292823-2292982|CDS|CYB_2188	84.800	125	19	0	1	125	1	125	4.02e-34	141
Ga0374725_08_2397_2927	CP000239.1:915780-916449|CDS|CYA_0905	100.000	531	0	0	1	531	139	669	0.0	958
Ga0374725_08_2397_2927	CP000240.1:2292056-2292593|CDS|CYB_2187	81.055	512	97	0	20	531	26	537	9.57e-138	487
Ga0374725_08_2969_3538	CP000239.1:916526-917060|CDS|CYA_0907	100.000	534	0	0	37	570	1	534	0.0	964
Ga0374725_08_2969_3538	CP000240.1:2291355-2291877|CDS|CYB_2186	79.701	468	95	0	87	554	42	509	1.53e-116	416
Ga0374725_08_3535_3720	CP000239.1:917056-917242|CDS|CYA_0906	100.000	186	0	0	1	186	1	186	3.52e-93	336
Ga0374725_08_3535_3720	CP000240.1:2291165-2291351|CDS|CYB_2185	84.659	176	27	0	1	176	1	176	7.77e-51	196
Ga0374725_08_3719_4390	CP000239.1:917240-917993|CDS|CYA_0909	99.837	614	1	0	1	614	1	614	0.0	1104
Ga0374725_08_3719_4390	CP000240.1:2290063-2290804|CDS|CYB_2183	75.784	574	131	3	45	614	12	581	1.15e-112	403
Ga0374725_08_4408_7389	CP000239.1:908361-913500|CDS|CYA_0901	99.866	2982	4	0	1	2982	2158	5139	0.0	5360
Ga0374725_08_4408_7389	CP000240.1:2295285-2300124|CDS|CYB_2191	83.883	3003	460	2	2	2980	1835	4837	0.0	3247
Ga0374725_08_7695_7988	CP000239.1:907762-908056|CDS|CYA_0900	100.000	294	0	0	1	294	1	294	1.37e-151	531
Ga0374725_08_7978_8331	CP000239.1:907419-907773|CDS|CYA_0899	100.000	354	0	0	1	354	1	354	0.0	639
Ga0374725_08_8870_9235	CP000239.1:906578-906881|CDS|CYA_0898	100.000	303	0	0	64	366	1	303	2.25e-156	547
Ga0374725_08_8870_9235	CP000240.1:2300204-2300507|CDS|CYB_2192	80.634	284	55	0	82	365	19	302	3.83e-71	265
Ga0374725_08_9766_11298	CP000239.1:904452-905985|CDS|CYA_0895	99.739	1533	4	0	1	1533	1	1533	0.0	2747
Ga0374725_08_9766_11298	CP000240.1:2301167-2302700|CDS|CYB_2193	88.715	1533	173	0	1	1533	1	1533	0.0	1985
Ga0374725_08_11295_11927	CP000239.1:903530-904487|CDS|CYA_0896	97.068	614	17	1	1	614	926	314	0.0	1023
Ga0374725_08_11295_11927	CP000239.1:662802-663885|CDS|CYA_0654	98.172	547	9	1	68	614	844	299	0.0	939
Ga0374725_08_11295_11927	CP000240.1:616166-617264|CDS|CYB_0605	88.448	554	63	1	80	633	847	295	0.0	708
Ga0374725_08_12261_13736	CP000239.1:902015-903320|CDS|CYA_0894	96.705	1305	43	0	172	1476	1	1305	0.0	2160
Ga0374725_08_12261_13736	CP000240.1:614651-615956|CDS|CYB_0604	93.103	1305	90	0	172	1476	1	1305	0.0	1948
Ga0374725_08_14204_15031	CP000239.1:900648-901476|CDS|CYA_0893	89.493	828	87	0	1	828	1	828	0.0	1102
Ga0374725_08_14204_15031	CP000240.1:613302-614130|CDS|CYB_0603	87.363	823	104	0	1	823	1	823	0.0	1016
Ga0374725_09_102_737	CP000240.1:1031708-1032803|CDS|CYB_0995	68.196	632	168	15	1	611	448	1067	2.91e-50	196
Ga0374725_09_926_1219	CP000239.1:134067-134361|CDS|CYA_0138	100.000	294	0	0	1	294	1	294	1.37e-151	531
Ga0374725_09_1532_2104	CP000239.1:135264-135906|CDS|CYA_0140	98.424	571	9	0	2	572	71	641	0.0	990
Ga0374725_09_1532_2104	CP000239.1:134673-135246|CDS|CYA_0139	93.031	574	38	2	1	573	1	573	0.0	848
Ga0374725_09_1532_2104	CP000240.1:1099405-1099978|CDS|CYB_1061	81.724	580	90	6	1	572	1	572	6.98e-159	556
Ga0374725_09_1532_2104	CP000240.1:1100017-1100590|CDS|CYB_1062	76.552	580	122	6	1	573	1	573	1.26e-117	419
Ga0374725_09_2123_2695	CP000239.1:135264-135906|CDS|CYA_0140	99.476	573	3	0	1	573	70	642	0.0	1021
Ga0374725_09_2123_2695	CP000239.1:134673-135246|CDS|CYA_0139	91.608	572	46	2	2	572	2	572	0.0	809
Ga0374725_09_2123_2695	CP000240.1:1099405-1099978|CDS|CYB_1061	82.069	580	88	6	2	573	2	573	1.35e-161	565
Ga0374725_09_2123_2695	CP000240.1:1100017-1100590|CDS|CYB_1062	77.163	578	118	6	2	572	2	572	5.74e-122	434
Ga0374725_09_3801_4022	CP000239.1:136942-137164|CDS|CYA_0142	100.000	222	0	0	1	222	1	222	1.23e-112	401
Ga0374725_09_3801_4022	CP000240.1:1519382-1519604|CDS|CYB_1447	86.977	215	28	0	1	215	1	215	7.78e-71	262
Ga0374725_09_4098_5636	CP000239.1:137265-138777|CDS|CYA_0143	99.934	1512	0	1	1	1512	1	1511	0.0	2719
Ga0374725_09_5781_6278	CP000239.1:138936-139419|CDS|CYA_0144	100.000	483	0	0	16	498	1	483	0.0	872
Ga0374725_09_5781_6278	CP000240.1:1519800-1520283|CDS|CYB_1448	88.235	476	56	0	16	491	1	476	3.80e-174	607
Ga0374725_09_6315_7241	CP000239.1:139455-140352|CDS|CYA_0145	99.889	897	1	0	31	927	1	897	0.0	1614
Ga0374725_09_6315_7241	CP000240.1:1520350-1521286|CDS|CYB_1449	84.144	864	137	0	49	912	34	897	0.0	941
Ga0374725_09_7331_8062	CP000239.1:140471-141203|CDS|CYA_0146	99.863	732	1	0	1	732	1	732	0.0	1316
Ga0374725_09_7331_8062	CP000240.1:1975133-1975883|CDS|CYB_1888	86.017	708	99	0	23	730	23	730	0.0	831
Ga0374725_09_8573_9259	CP000239.1:141728-142415|CDS|CYA_0147	98.399	687	11	0	1	687	1	687	0.0	1190
Ga0374725_09_8573_9259	CP000240.1:1974253-1974940|CDS|CYB_1887	86.463	687	93	0	1	687	1	687	0.0	820
Ga0374725_09_9352_10269	CP000239.1:150949-151867|CDS|CYA_0154	99.129	918	8	0	1	918	1	918	0.0	1620
Ga0374725_09_9352_10269	CP000240.1:1964804-1965716|CDS|CYB_1880	86.608	911	122	0	1	911	1	911	0.0	1094
Ga0374725_09_10363_10602	CP000239.1:151960-152200|CDS|CYA_0155	100.000	240	0	0	1	240	1	240	2.27e-122	434
Ga0374725_09_10363_10602	CP000240.1:2419212-2419452|CDS|CYB_2308	87.324	213	27	0	28	240	28	240	8.49e-71	263
Ga0374725_09_10635_11438	CP000239.1:154077-154842|CDS|CYA_0157	99.865	741	1	0	1	741	1	741	0.0	1333
Ga0374725_09_11478_12674	CP000239.1:154881-156000|CDS|CYA_0159	100.000	1119	0	0	79	1197	1	1119	0.0	2019
Ga0374725_09_11478_12674	CP000240.1:2421461-2422580|CDS|CYB_2310	87.668	1119	138	0	79	1197	1	1119	0.0	1397
Ga0374725_09_12784_13542	CP000239.1:156187-156946|CDS|CYA_0160	100.000	759	0	0	1	759	1	759	0.0	1370
Ga0374725_09_12784_13542	CP000240.1:2422795-2423566|CDS|CYB_2311	86.104	770	95	1	1	758	1	770	0.0	913
Ga0374725_09_13597_14820	CP000239.1:157000-158224|CDS|CYA_0161	99.918	1224	1	0	1	1224	1	1224	0.0	2204
Ga0374725_09_13597_14820	CP000240.1:1018037-1019276|CDS|CYB_0983	84.007	1213	194	0	1	1213	1	1213	0.0	1314
Ga0374725_09_15233_15538	CP000239.1:158573-158942|CDS|CYA_0162	100.000	306	0	0	1	306	64	369	4.39e-158	553
Ga0374725_09_15233_15538	CP000240.1:1017329-1017698|CDS|CYB_0982	89.216	306	33	0	1	306	64	369	5.02e-113	404
Ga0374725_09_15855_16586	CP000239.1:159201-159990|CDS|CYA_0163	99.863	732	1	0	1	732	58	789	0.0	1316
Ga0374725_09_15855_16586	CP000240.1:1016269-1017004|CDS|CYB_0980	85.736	652	93	0	80	731	83	734	0.0	757
Ga0374725_10_187_1203	CP000239.1:399355-400294|CDS|CYA_0385	99.894	939	1	0	79	1017	1	939	0.0	1690
Ga0374725_10_187_1203	CP000240.1:1933937-1935041|CDS|CYB_1848	82.267	1032	166	3	2	1017	74	1104	0.0	1039
Ga0374725_10_1647_2645	CP000239.1:400815-401931|CDS|CYA_0386	99.199	999	8	0	1	999	118	1116	0.0	1766
Ga0374725_10_1647_2645	CP000240.1:1932556-1933669|CDS|CYB_1847	85.626	974	140	0	1	974	112	1085	0.0	1126
Ga0374725_10_2942_4540	CP000239.1:402052-403651|CDS|CYA_0387	97.811	1599	35	0	1	1599	1	1599	0.0	2727
Ga0374725_10_2942_4540	CP000240.1:3017914-3019513|CDS|CYB_2919	86.036	1597	216	3	1	1593	1	1594	0.0	1868
Ga0374725_10_4660_5811	CP000239.1:403770-404922|CDS|CYA_0388	99.740	1152	3	0	1	1152	1	1152	0.0	2065
Ga0374725_10_4660_5811	CP000240.1:3016644-3017784|CDS|CYB_2918	86.044	1125	155	2	1	1124	1	1124	0.0	1315
Ga0374725_10_5989_6297	CP000239.1:405099-405408|CDS|CYA_0389	100.000	309	0	0	1	309	1	309	1.04e-159	558
Ga0374725_10_5989_6297	CP000240.1:2105207-2105576|CDS|CYB_1999	80.906	309	59	0	1	309	61	369	2.31e-79	292
Ga0374725_10_6408_6581	CP000239.1:405518-405737|CDS|CYA_0390	100.000	174	0	0	1	174	46	219	1.07e-86	315
Ga0374725_10_6408_6581	CP000240.1:2104908-2105127|CDS|CYB_1998	87.861	173	21	0	1	173	46	218	2.20e-57	218
Ga0374725_10_6795_8084	CP000239.1:405905-407195|CDS|CYA_0391	98.682	1290	17	0	1	1290	1	1290	0.0	2250
Ga0374725_10_6795_8084	CP000240.1:2103446-2104724|CDS|CYB_1997	82.704	1272	208	2	1	1272	1	1260	0.0	1305
Ga0374725_10_8094_9209	CP000239.1:407195-408311|CDS|CYA_0392	97.133	1116	32	0	1	1116	1	1116	0.0	1869
Ga0374725_10_8094_9209	CP000240.1:1851487-1852603|CDS|CYB_1767	82.014	1112	200	0	1	1112	1	1112	0.0	1104
Ga0374725_10_9302_9685	CP000239.1:408403-408787|CDS|CYA_0393	100.000	384	0	0	1	384	1	384	0.0	693
Ga0374725_10_9302_9685	CP000240.1:135203-135632|CDS|CYB_0122	81.844	358	65	0	27	384	72	429	1.01e-97	353
Ga0374725_10_9809_10486	CP000239.1:408910-409588|CDS|CYA_0394	100.000	678	0	0	1	678	1	678	0.0	1223
Ga0374725_10_9809_10486	CP000240.1:135719-136391|CDS|CYB_0123	87.711	651	78	2	1	650	1	650	0.0	807
Ga0374725_10_10590_11213	CP000239.1:409595-410339|CDS|CYA_0396	100.000	594	0	0	1	594	97	690	0.0	1072
Ga0374725_10_11306_12073	CP000239.1:412217-412985|CDS|CYA_0398	100.000	768	0	0	1	768	1	768	0.0	1386
Ga0374725_10_11306_12073	CP000240.1:2256714-2257467|CDS|CYB_2157	83.489	751	122	2	1	750	1	750	0.0	789
Ga0374725_11_5_148	CP000239.1:1972841-1973888|CDS|CYA_1962	100.000	144	0	0	1	144	904	1047	1.67e-70	260
Ga0374725_11_5_148	CP000240.1:2246230-2247292|CDS|CYB_2146	84.615	143	22	0	1	143	919	1061	4.19e-40	159
Ga0374725_11_151_1341	CP000239.1:1971648-1972839|CDS|CYA_1961	99.916	1191	1	0	1	1191	1	1191	0.0	2144
Ga0374725_11_151_1341	CP000240.1:2884123-2885332|CDS|CYB_2789	79.767	1201	228	3	1	1189	1	1198	0.0	1071
Ga0374725_11_2734_3813	CP000239.1:1973892-1974942|CDS|CYA_1963	93.905	1050	64	0	31	1080	1	1050	0.0	1606
Ga0374725_11_2734_3813	CP000240.1:2245178-2246231|CDS|CYB_2145	87.393	1047	132	0	31	1077	1	1047	0.0	1294
Ga0374725_11_4241_6307	CP000239.1:1976914-1978981|CDS|CYA_1965	96.864	2073	53	4	1	2067	1	2067	0.0	3439
Ga0374725_11_4241_6307	CP000240.1:2241124-2243206|CDS|CYB_2143	91.931	2082	153	3	1	2067	1	2082	0.0	2998
Ga0374725_11_6480_7610	CP000239.1:1979153-1980284|CDS|CYA_1966	99.912	1131	1	0	1	1131	1	1131	0.0	2036
Ga0374725_11_6480_7610	CP000240.1:2239850-2240981|CDS|CYB_2142	89.441	1127	119	0	1	1127	1	1127	0.0	1497
Ga0374725_11_7771_8997	CP000239.1:1980444-1981671|CDS|CYA_1967	99.022	1227	12	0	1	1227	1	1227	0.0	2159
Ga0374725_11_7771_8997	CP000240.1:2238426-2239653|CDS|CYB_2141	91.606	1227	103	0	1	1227	1	1227	0.0	1749
Ga0374725_11_9049_13758	CP000239.1:1981722-1986432|CDS|CYA_1968	98.684	4710	62	0	1	4710	1	4710	0.0	8215
Ga0374725_11_9049_13758	CP000240.1:2233526-2238314|CDS|CYB_2140	83.299	4790	718	16	1	4710	1	4788	0.0	5034
Ga0374725_12_10_1158	CP000239.1:111442-113350|CDS|CYA_0117	100.000	1149	0	0	1	1149	760	1908	0.0	2073
Ga0374725_12_1299_2417	CP000239.1:113490-114609|CDS|CYA_0118	100.000	1119	0	0	1	1119	1	1119	0.0	2019
Ga0374725_12_1299_2417	CP000240.1:2865970-2867077|CDS|CYB_2767	79.765	1107	218	2	1	1104	1	1104	0.0	984
Ga0374725_12_2641_2994	CP000239.1:114832-115186|CDS|CYA_0119	99.718	354	1	0	1	354	1	354	0.0	635
Ga0374725_12_2641_2994	CP000240.1:2867276-2867630|CDS|CYB_2768	86.127	346	48	0	1	346	1	346	1.37e-114	408
Ga0374725_12_2996_3592	CP000239.1:115187-115784|CDS|CYA_0120	99.832	597	1	0	1	597	1	597	0.0	1073
Ga0374725_12_2996_3592	CP000240.1:2867668-2868259|CDS|CYB_2769	87.411	564	65	1	1	558	1	564	0.0	699
Ga0374725_12_4052_4363	CP000239.1:116243-116555|CDS|CYA_0121	99.679	312	1	0	1	312	1	312	1.05e-159	559
Ga0374725_12_4052_4363	CP000240.1:2868401-2868716|CDS|CYB_2770	85.240	271	40	0	1	271	1	271	8.68e-85	309
Ga0374725_12_4367_4693	CP000239.1:116558-116885|CDS|CYA_0122	100.000	327	0	0	1	327	1	327	1.88e-169	590
Ga0374725_12_4367_4693	CP000240.1:2868719-2869046|CDS|CYB_2771	83.681	288	47	0	1	288	1	288	3.19e-84	308
Ga0374725_12_4693_4869	CP000239.1:116884-117061|CDS|CYA_0123	100.000	177	0	0	1	177	1	177	2.56e-88	320
Ga0374725_12_4693_4869	CP000240.1:2869045-2869312|CDS|CYB_2772	87.425	167	21	0	1	167	91	257	4.06e-54	207
Ga0374725_12_4967_5152	CP000239.1:117158-117344|CDS|CYA_0124	100.000	186	0	0	1	186	1	186	3.52e-93	336
Ga0374725_12_5249_5500	CP000239.1:117440-117692|CDS|CYA_0125	99.603	252	1	0	1	252	1	252	3.12e-127	451
Ga0374725_12_5249_5500	CP000240.1:2869599-2869851|CDS|CYB_2774	88.446	251	29	0	1	251	1	251	1.09e-88	323
Ga0374725_12_5619_6923	CP000239.1:117810-119115|CDS|CYA_0126	99.923	1304	1	0	1	1304	1	1304	0.0	2348
Ga0374725_12_5619_6923	CP000240.1:2869974-2871279|CDS|CYB_2775	81.581	1303	240	0	1	1303	1	1303	0.0	1269
Ga0374725_12_7189_9114	CP000239.1:119961-121887|CDS|CYA_0128	98.390	1926	31	0	1	1926	1	1926	0.0	3334
Ga0374725_12_7189_9114	CP000240.1:2872846-2874769|CDS|CYB_2779	92.135	1920	151	0	1	1920	1	1920	0.0	2782
Ga0374725_12_9606_10655	CP000239.1:122378-123428|CDS|CYA_0129	99.810	1050	2	0	1	1050	1	1050	0.0	1885
Ga0374725_12_9606_10655	CP000240.1:2875216-2876317|CDS|CYB_2780	85.106	1034	139	2	32	1050	68	1101	0.0	1176
Ga0374725_12_11019_12791	CP000239.1:123677-125564|CDS|CYA_0130	100.000	1773	0	0	1	1773	115	1887	0.0	3198
Ga0374725_12_11019_12791	CP000240.1:2876607-2878500|CDS|CYB_2781	90.827	1777	157	1	1	1771	115	1891	0.0	2471
Ga0374725_13_147_959	CP000239.1:1114733-1115546|CDS|CYA_1093	99.877	813	1	0	1	813	1	813	0.0	1462
Ga0374725_13_147_959	CP000240.1:2058014-2058827|CDS|CYB_1962	82.510	789	138	0	1	789	1	789	0.0	801
Ga0374725_13_993_2375	CP000239.1:1115579-1116926|CDS|CYA_1094	100.000	1347	0	0	37	1383	1	1347	0.0	2430
Ga0374725_13_993_2375	CP000240.1:2058907-2060281|CDS|CYB_1963	83.796	1370	198	1	37	1382	1	1370	0.0	1488
Ga0374725_13_3004_3174	CP000239.1:455920-457171|CDS|CYA_0436	83.784	185	16	2	1	171	809	625	4.79e-53	203
Ga0374725_13_3578_3997	CP000239.1:1118159-1118549|CDS|CYA_1095	98.481	395	1	1	26	420	1	390	0.0	686
Ga0374725_13_3578_3997	CP000240.1:693114-693873|CDS|CYB_0679	77.984	377	72	4	1	367	1	376	2.15e-81	298
Ga0374725_13_4008_7412	CP000239.1:1118584-1121986|CDS|CYA_1097	99.912	3402	3	0	4	3405	1	3402	0.0	6122
Ga0374725_13_4008_7412	CP000240.1:689629-693067|CDS|CYB_0677	84.580	3450	464	11	4	3401	1	3434	0.0	3836
Ga0374725_13_7657_8970	CP000239.1:1122233-1123547|CDS|CYA_1098	100.000	1314	0	0	1	1314	1	1314	0.0	2370
Ga0374725_13_7657_8970	CP000240.1:688190-689507|CDS|CYB_0676	79.261	1326	250	12	1	1312	1	1315	0.0	1121
Ga0374725_13_8954_9943	CP000239.1:1123530-1124484|CDS|CYA_1099	99.476	954	5	0	37	990	1	954	0.0	1699
Ga0374725_13_8954_9943	CP000240.1:687274-688180|CDS|CYB_0675	86.977	837	109	0	37	873	1	837	0.0	1019
Ga0374725_13_10194_11405	CP000239.1:1124635-1125982|CDS|CYA_1100	97.525	1212	30	0	1	1212	136	1347	0.0	2051
Ga0374725_13_10194_11405	CP000240.1:1494722-1496033|CDS|CYB_1425	83.333	1218	195	3	1	1211	94	1310	0.0	1276
Ga0374725_13_11493_12914	CP000239.1:1126033-1127491|CDS|CYA_1101	97.679	1422	33	0	1	1422	37	1458	0.0	2416
Ga0374725_13_11493_12914	CP000240.1:1493068-1494565|CDS|CYB_1424	77.831	1475	263	9	1	1413	13	1485	0.0	1204
Ga0374725_14_239_484	CP000240.1:1744311-1744602|CDS|CYB_1665	97.143	245	7	0	1	245	46	290	2.66e-115	411
Ga0374725_14_239_484	CP000239.1:2892182-2892428|CDS|CYA_2874	88.163	245	29	0	1	245	1	245	1.92e-85	312
Ga0374725_14_566_1798	CP000240.1:1744647-1745928|CDS|CYB_1666	98.540	1233	18	0	1	1233	49	1281	0.0	2143
Ga0374725_14_566_1798	CP000239.1:2890819-2892085|CDS|CYA_2873	85.656	1227	176	0	1	1227	34	1260	0.0	1420
Ga0374725_14_1811_2080	CP000240.1:1745940-1746210|CDS|CYB_1667	96.296	270	10	0	1	270	1	270	4.99e-125	443
Ga0374725_14_1811_2080	CP000239.1:2890537-2890807|CDS|CYA_2872	82.927	246	42	0	25	270	25	270	1.43e-68	255
Ga0374725_14_2142_2963	CP000240.1:1746271-1747084|CDS|CYB_1669	95.985	822	24	1	1	822	1	813	0.0	1338
Ga0374725_14_2142_2963	CP000239.1:1484411-1485188|CDS|CYA_1475	74.440	759	170	7	1	757	1	737	5.25e-137	485
Ga0374725_14_2960_3979	CP000240.1:1747080-1748259|CDS|CYB_1668	99.216	1020	8	0	1	1020	160	1179	0.0	1804
Ga0374725_14_2960_3979	CP000239.1:1483224-1484415|CDS|CYA_1476	78.298	1046	175	12	1	1020	172	1191	0.0	856
Ga0374725_14_4222_4803	CP000240.1:1748342-1748924|CDS|CYB_1670	97.766	582	13	0	1	582	1	582	0.0	992
Ga0374725_14_4222_4803	CP000239.1:1482539-1483133|CDS|CYA_1474	84.343	594	81	1	1	582	1	594	0.0	659
Ga0374725_14_4927_5634	CP000240.1:1749047-1749641|CDS|CYB_1671	99.495	594	3	0	115	708	1	594	0.0	1058
Ga0374725_14_4927_5634	CP000239.1:1481804-1482455|CDS|CYA_1473	84.211	589	89	2	1	587	1	587	0.0	638
Ga0374725_14_6713_7924	CP000240.1:1751646-1752858|CDS|CYB_1675	96.947	1212	37	0	1	1212	1	1212	0.0	2020
Ga0374725_14_6713_7924	CP000239.1:1477377-1478613|CDS|CYA_1470	75.450	1112	235	10	108	1194	135	1233	0.0	765
Ga0374725_14_7968_8063	CP000240.1:1752901-1752997|CDS|CYB_1676	97.917	96	2	0	1	96	1	96	5.98e-42	165
Ga0374725_14_7968_8063	CP000239.1:1477083-1477329|CDS|CYA_1469	75.789	95	23	0	1	95	151	245	1.24e-12	68.9
Ga0374725_14_8261_9187	CP000240.1:1753188-1754115|CDS|CYB_1677	96.764	927	30	0	1	927	1	927	0.0	1537
Ga0374725_14_8261_9187	CP000239.1:1476142-1477069|CDS|CYA_1468	82.201	927	165	0	1	927	1	927	0.0	929
Ga0374725_14_9244_10326	CP000240.1:1754172-1755243|CDS|CYB_1678	97.572	1071	26	0	13	1083	1	1071	0.0	1815
Ga0374725_14_9244_10326	CP000239.1:1475004-1476111|CDS|CYA_1467	86.152	1076	149	0	1	1076	1	1076	0.0	1269
Ga0374725_14_10732_11943	CP000240.1:2168360-2169515|CDS|CYB_2071	95.152	1155	56	0	19	1173	1	1155	0.0	1831
Ga0374725_14_10732_11943	CP000239.1:2170714-2171908|CDS|CYA_2158	93.899	1131	69	0	19	1149	1	1131	0.0	1729
Ga0374725_14_10732_11943	CP000240.1:2796782-2798000|CDS|CYB_2707	92.950	1149	57	1	19	1143	1	1149	0.0	1725
Ga0374725_14_10732_11943	CP000240.1:1803089-1804283|CDS|CYB_1722	92.927	1131	80	0	19	1149	1	1131	0.0	1680
Ga0374725_14_10732_11943	CP000240.1:1954838-1956056|CDS|CYB_1872	91.602	1155	73	1	19	1149	1	1155	0.0	1663
Ga0374725_14_10732_11943	CP000240.1:1083184-1084426|CDS|CYB_1042	90.500	1179	64	2	19	1149	1	1179	0.0	1656
Ga0374725_14_10732_11943	CP000240.1:2830275-2831565|CDS|CYB_2735	88.817	1243	90	3	19	1212	1	1243	0.0	1646
Ga0374725_14_10732_11943	CP000240.1:2553363-2554557|CDS|CYB_2454	92.356	1125	86	0	19	1143	1	1125	0.0	1642
Ga0374725_14_10732_11943	CP000239.1:774779-775973|CDS|CYA_0767	91.911	1125	91	0	19	1143	1	1125	0.0	1619
Ga0374725_14_10732_11943	CP000239.1:712444-713638|CDS|CYA_0704	91.600	1131	95	0	19	1149	1	1131	0.0	1612
Ga0374725_14_10732_11943	CP000240.1:2644164-2645358|CDS|CYB_2538	91.733	1125	93	0	19	1143	1	1125	0.0	1610
Ga0374725_14_10732_11943	CP000240.1:2247371-2248565|CDS|CYB_2147	89.112	1194	130	0	19	1212	1	1194	0.0	1568
Ga0374725_14_10732_11943	CP000240.1:1521392-1522610|CDS|CYB_1450	89.904	1149	92	1	19	1143	1	1149	0.0	1567
Ga0374725_14_10732_11943	CP000240.1:2210858-2212052|CDS|CYB_2117	90.756	1125	104	0	19	1143	1	1125	0.0	1561
Ga0374725_14_10732_11943	CP000239.1:629980-631174|CDS|CYA_0620	90.489	1125	107	0	19	1143	1	1125	0.0	1547
Ga0374725_14_10732_11943	CP000240.1:1064975-1066169|CDS|CYB_1023	90.311	1125	109	0	19	1143	1	1125	0.0	1538
Ga0374725_14_10732_11943	CP000240.1:1190675-1191869|CDS|CYB_1151	90.409	1126	106	2	19	1143	1	1125	0.0	1537
Ga0374725_14_10732_11943	CP000240.1:52430-53648|CDS|CYB_0041	88.918	1155	104	1	19	1149	1	1155	0.0	1524
Ga0374725_14_10732_11943	CP000240.1:638632-639850|CDS|CYB_0630	88.947	1149	103	1	19	1143	1	1149	0.0	1517
Ga0374725_14_10732_11943	CP000240.1:3008652-3009870|CDS|CYB_2910	88.658	1155	107	1	19	1149	1	1155	0.0	1510
Ga0374725_14_10732_11943	CP000240.1:1358129-1359347|CDS|CYB_1297	88.773	1149	105	1	19	1143	1	1149	0.0	1508
Ga0374725_14_10732_11943	CP000239.1:1594889-1596107|CDS|CYA_1585	87.028	1218	134	1	19	1212	1	1218	0.0	1502
Ga0374725_14_10732_11943	CP000240.1:241642-242836|CDS|CYB_0233	87.950	1195	142	2	19	1212	1	1194	0.0	1499
Ga0374725_14_10732_11943	CP000240.1:102811-104029|CDS|CYB_0087	86.371	1218	142	1	19	1212	1	1218	0.0	1466
Ga0374725_14_10732_11943	CP000239.1:893439-894633|CDS|CYA_0887	85.930	1194	168	0	19	1212	1	1194	0.0	1397
Ga0374725_14_10732_11943	CP000240.1:481588-482800|CDS|CYB_0472	87.567	1126	138	2	19	1143	1	1125	0.0	1393
Ga0374725_14_10732_11943	CP000240.1:1384265-1385459|CDS|CYB_1322	85.762	1194	170	0	19	1212	1	1194	0.0	1388
Ga0374725_14_10732_11943	CP000240.1:1015074-1016268|CDS|CYB_0979	85.762	1194	170	0	19	1212	1	1194	0.0	1388
Ga0374725_14_10732_11943	CP000240.1:1316312-1317548|CDS|CYB_1259	86.249	1149	134	1	19	1143	1	1149	0.0	1378
Ga0374725_14_10732_11943	CP000240.1:345730-346924|CDS|CYB_0329	85.511	1194	173	0	19	1212	1	1194	0.0	1374
Ga0374725_14_10732_11943	CP000240.1:2619921-2621115|CDS|CYB_2521	86.856	1126	146	2	19	1143	1	1125	0.0	1357
Ga0374725_14_10732_11943	CP000240.1:2565689-2566883|CDS|CYB_2468	85.092	1194	178	0	19	1212	1	1194	0.0	1352
Ga0374725_14_10732_11943	CP000240.1:2661652-2662870|CDS|CYB_2557	85.727	1149	140	1	19	1143	1	1149	0.0	1351
Ga0374725_14_10732_11943	CP000240.1:629484-630702|CDS|CYB_0620	85.281	1155	146	1	19	1149	1	1155	0.0	1334
Ga0374725_14_10732_11943	CP000240.1:1267756-1268992|CDS|CYB_1227	85.478	1150	141	3	19	1143	1	1149	0.0	1332
Ga0374725_14_10732_11943	CP000239.1:698055-699204|CDS|CYA_0690	84.830	1147	150	1	19	1141	1	1147	0.0	1302
Ga0374725_14_10732_11943	CP000240.1:1244785-1246021|CDS|CYB_1201	84.682	1149	152	1	19	1143	1	1149	0.0	1297
Ga0374725_14_10732_11943	CP000239.1:994256-995468|CDS|CYA_0981	85.422	1125	164	0	19	1143	1	1125	0.0	1290
Ga0374725_14_10732_11943	CP000240.1:2933473-2934709|CDS|CYB_2835	84.635	1152	147	5	19	1143	1	1149	0.0	1285
Ga0374725_14_10732_11943	CP000240.1:2128026-2129220|CDS|CYB_2026	83.890	1198	185	7	19	1212	1	1194	0.0	1267
Ga0374725_14_10732_11943	CP000240.1:1842322-1843549|CDS|CYB_1759	83.838	1157	159	3	19	1149	1	1155	0.0	1256
Ga0374725_14_10732_11943	CP000240.1:605550-606744|CDS|CYB_0598	84.615	1131	174	0	19	1149	1	1131	0.0	1256
Ga0374725_14_10732_11943	CP000240.1:1917270-1918464|CDS|CYB_1826	81.553	1198	213	7	19	1212	1	1194	0.0	1141
Ga0374725_14_10732_11943	CP000240.1:1763450-1764623|CDS|CYB_1688	81.888	1176	205	7	19	1190	1	1172	0.0	1137
Ga0374725_14_10732_11943	CP000239.1:693322-694534|CDS|CYA_0687	80.585	1128	213	5	19	1143	1	1125	0.0	1031
Ga0374725_14_10732_11943	CP000240.1:2219258-2220470|CDS|CYB_2126	80.496	1128	214	5	19	1143	1	1125	0.0	1026
Ga0374725_14_10732_11943	CP000240.1:2506708-2507857|CDS|CYB_2410	77.148	1129	138	7	19	1027	1	1129	0.0	950
Ga0374725_14_10732_11943	CP000239.1:88305-89487|CDS|CYA_0091	75.291	1117	250	5	24	1133	6	1103	0.0	772
Ga0374725_15_17_3118	CP000239.1:1891481-1895570|CDS|CYA_1886	99.903	3102	3	0	1	3102	988	4089	0.0	5581
Ga0374725_15_17_3118	CP000240.1:270932-275033|CDS|CYB_0259	75.248	3119	730	10	1	3086	967	4076	0.0	2138
Ga0374725_15_3142_4203	CP000239.1:1890396-1891458|CDS|CYA_1885	99.906	1062	1	0	1	1062	1	1062	0.0	1911
Ga0374725_15_3142_4203	CP000240.1:275060-276122|CDS|CYB_0260	85.052	1057	158	0	1	1057	1	1057	0.0	1195
Ga0374725_15_4410_4901	CP000239.1:1889698-1890190|CDS|CYA_1883	100.000	492	0	0	1	492	1	492	0.0	888
Ga0374725_15_4410_4901	CP000240.1:1602949-1603453|CDS|CYB_1523	80.579	484	88	4	1	479	1	483	4.02e-123	437
Ga0374725_15_4920_6593	CP000239.1:1888006-1889680|CDS|CYA_1882	100.000	1674	0	0	1	1674	1	1674	0.0	3020
Ga0374725_15_4920_6593	CP000240.1:1601050-1602712|CDS|CYB_1522	79.429	1682	310	5	1	1670	1	1658	0.0	1484
Ga0374725_15_6880_9531	CP000239.1:1885068-1887720|CDS|CYA_1881	99.661	2652	9	0	1	2652	1	2652	0.0	4743
Ga0374725_15_6880_9531	CP000240.1:1598111-1600766|CDS|CYB_1521	84.487	2643	398	2	1	2631	1	2643	0.0	2920
Ga0374725_15_9582_10550	CP000239.1:1884049-1885003|CDS|CYA_1879	100.000	954	0	0	16	969	1	954	0.0	1721
Ga0374725_15_9582_10550	CP000240.1:1628713-1629673|CDS|CYB_1556	89.915	942	95	0	16	957	1	942	0.0	1271
Ga0374725_15_10547_11284	CP000239.1:1883315-1884053|CDS|CYA_1880	100.000	738	0	0	1	738	1	738	0.0	1332
Ga0374725_15_10547_11284	CP000240.1:1629669-1630407|CDS|CYB_1555	87.381	737	93	0	1	737	1	737	0.0	911
Ga0374725_15_11463_11687	CP000239.1:1881952-1883137|CDS|CYA_1878	100.000	225	0	0	1	225	961	1185	2.94e-114	407
Ga0374725_15_11463_11687	CP000240.1:1630632-1631817|CDS|CYB_1557	87.946	224	27	0	1	224	961	1184	8.43e-77	283
Ga0374725_16_76_1017	CP000239.1:227550-228951|CDS|CYA_0224	99.894	943	0	1	1	942	124	1066	0.0	1693
Ga0374725_16_76_1017	CP000240.1:974139-975555|CDS|CYB_0936	84.199	943	148	1	1	942	139	1081	0.0	1026
Ga0374725_16_1256_1471	CP000239.1:229066-229282|CDS|CYA_0225	100.000	216	0	0	1	216	1	216	2.16e-109	390
Ga0374725_16_1256_1471	CP000239.1:1297562-1297778|CDS|CYA_1287	82.547	212	37	0	1	212	1	212	9.83e-57	216
Ga0374725_16_1256_1471	CP000240.1:973784-974000|CDS|CYB_0935	82.075	212	38	0	1	212	1	212	1.20e-55	212
Ga0374725_16_1500_2312	CP000239.1:230627-231440|CDS|CYA_0227	100.000	813	0	0	1	813	1	813	0.0	1467
Ga0374725_16_1500_2312	CP000240.1:972907-973756|CDS|CYB_0934	80.618	841	117	14	1	800	1	836	0.0	761
Ga0374725_16_1500_2312	CP000239.1:1296685-1297534|CDS|CYA_1286	80.143	841	121	14	1	800	1	836	0.0	743
Ga0374725_16_2323_2700	CP000239.1:231450-231828|CDS|CYA_0228	99.735	378	1	0	1	378	1	378	0.0	678
Ga0374725_16_2323_2700	CP000240.1:972110-972899|CDS|CYB_0933	91.777	377	31	0	1	377	412	788	3.46e-154	541
Ga0374725_16_2323_2700	CP000239.1:1295888-1296677|CDS|CYA_1285	91.777	377	31	0	1	377	412	788	3.46e-154	541
Ga0374725_16_3333_3578	CP000239.1:232463-232709|CDS|CYA_0230	100.000	246	0	0	1	246	1	246	1.29e-125	444
Ga0374725_16_3333_3578	CP000240.1:2230153-2230390|CDS|CYB_2136	79.545	220	45	0	1	220	1	220	3.71e-50	195
Ga0374725_16_3651_4268	CP000239.1:232781-233399|CDS|CYA_0231	100.000	618	0	0	1	618	1	618	0.0	1115
Ga0374725_16_3651_4268	CP000240.1:2230497-2231103|CDS|CYB_2138	83.882	608	92	2	1	608	1	602	0.0	652
Ga0374725_16_4488_6308	CP000239.1:233618-235439|CDS|CYA_0233	99.945	1821	1	0	1	1821	1	1821	0.0	3280
Ga0374725_16_4488_6308	CP000240.1:2231649-2233479|CDS|CYB_2139	79.190	1802	327	7	1	1754	1	1802	0.0	1572
Ga0374725_16_6295_7500	CP000239.1:235425-236730|CDS|CYA_0232	98.833	1200	14	0	7	1206	106	1305	0.0	2102
Ga0374725_16_6295_7500	CP000240.1:1861855-1863166|CDS|CYB_1776	81.894	1193	210	1	7	1193	106	1298	0.0	1179
Ga0374725_16_7985_8371	CP000239.1:236955-237525|CDS|CYA_0234	92.408	382	29	0	6	387	189	570	1.32e-159	559
Ga0374725_16_7985_8371	CP000240.1:1863391-1863958|CDS|CYB_1778	85.912	362	51	0	6	367	189	550	6.86e-119	424
Ga0374725_16_8757_9902	CP000239.1:237765-239034|CDS|CYA_0235	90.255	1139	111	0	1	1139	121	1259	0.0	1554
Ga0374725_16_8757_9902	CP000240.1:1864407-1865727|CDS|CYB_1779	86.558	1101	148	0	1	1101	121	1221	0.0	1319
Ga0374725_16_10140_10877	CP000239.1:239219-240008|CDS|CYA_0236	99.864	738	1	0	1	738	52	789	0.0	1327
Ga0374725_16_10140_10877	CP000240.1:1865922-1866687|CDS|CYB_1780	84.824	738	88	1	1	738	52	765	0.0	844
Ga0374725_17_1458_1787	CP000239.1:1648110-1648440|CDS|CYA_1649	100.000	330	0	0	1	330	1	330	4.45e-171	596
Ga0374725_17_1807_2883	CP000239.1:1648459-1649500|CDS|CYA_1650	99.808	1041	2	0	37	1077	1	1041	0.0	1869
Ga0374725_17_1807_2883	CP000240.1:1702788-1703874|CDS|CYB_1632	84.869	1031	156	0	1	1031	1	1031	0.0	1157
Ga0374725_17_2911_3126	CP000239.1:1649563-1649779|CDS|CYA_1651	99.537	216	1	0	1	216	1	216	9.18e-108	386
Ga0374725_17_2911_3126	CP000240.1:1703890-1704106|CDS|CYB_1633	84.651	215	33	0	1	215	1	215	8.61e-64	240
Ga0374725_17_3156_3350	CP000239.1:1649808-1650003|CDS|CYA_1652	100.000	195	0	0	1	195	1	195	4.83e-98	352
Ga0374725_17_3156_3350	CP000240.1:1704135-1704330|CDS|CYB_1634	91.282	195	17	0	1	195	1	195	1.07e-74	276
Ga0374725_17_3440_4294	CP000239.1:1650092-1650863|CDS|CYA_1653	99.870	771	1	0	85	855	1	771	0.0	1387
Ga0374725_17_3440_4294	CP000240.1:1704421-1705183|CDS|CYB_1635	82.171	774	123	2	85	855	1	762	0.0	779
Ga0374725_17_4342_5316	CP000239.1:1650994-1651969|CDS|CYA_1654	99.795	975	2	0	1	975	1	975	0.0	1750
Ga0374725_17_4342_5316	CP000240.1:1705314-1706301|CDS|CYB_1636	86.509	971	131	0	1	971	1	971	0.0	1161
Ga0374725_17_5439_5795	CP000239.1:1652091-1652448|CDS|CYA_1655	98.028	355	7	0	1	355	1	355	7.65e-175	609
Ga0374725_17_5439_5795	CP000240.1:1706411-1706768|CDS|CYB_1638	86.592	358	46	2	1	357	1	357	6.29e-119	423
Ga0374725_17_5831_6976	CP000240.1:1706803-1708045|CDS|CYB_1639	95.375	1146	53	0	1	1146	97	1242	0.0	1829
Ga0374725_17_5831_6976	CP000239.1:1652448-1653678|CDS|CYA_1656	76.616	1129	248	9	16	1136	97	1217	0.0	820
Ga0374725_17_7098_10847	CP000240.1:1708079-1712408|CDS|CYB_1640	97.040	3750	111	0	1	3750	580	4329	0.0	6263
Ga0374725_17_7098_10847	CP000239.1:1653664-1658044|CDS|CYA_1657	82.653	3747	547	26	17	3710	596	4292	0.0	3803
Ga0374725_18_5_1432	CP000239.1:2668682-2671094|CDS|CYA_2653	98.036	1426	28	0	3	1428	987	2412	0.0	2446
Ga0374725_18_5_1432	CP000240.1:2511617-2514026|CDS|CYB_2416	86.025	1424	199	0	3	1426	984	2407	0.0	1672
Ga0374725_18_1948_2712	CP000239.1:2667402-2668245|CDS|CYA_2652	99.869	765	1	0	1	765	79	843	0.0	1376
Ga0374725_18_1948_2712	CP000240.1:1812916-1813852|CDS|CYB_1730	82.812	768	123	2	1	765	175	936	0.0	790
Ga0374725_18_2773_3663	CP000239.1:2666451-2667342|CDS|CYA_2651	100.000	891	0	0	1	891	1	891	0.0	1608
Ga0374725_18_2773_3663	CP000240.1:1813906-1814779|CDS|CYB_1731	88.794	821	92	0	49	869	34	854	0.0	1067
Ga0374725_18_3669_4220	CP000239.1:2665894-2666446|CDS|CYA_2649	99.819	552	1	0	1	552	1	552	0.0	992
Ga0374725_18_3669_4220	CP000240.1:1814788-1815340|CDS|CYB_1733	88.949	552	61	0	1	552	1	552	0.0	721
Ga0374725_18_4217_4741	CP000239.1:2665280-2665898|CDS|CYA_2650	100.000	525	0	0	1	525	94	618	0.0	948
Ga0374725_18_4217_4741	CP000240.1:1815336-1815957|CDS|CYB_1732	87.739	522	64	0	1	522	94	615	0.0	654
Ga0374725_18_4961_6460	CP000239.1:2663699-2665154|CDS|CYA_2648	99.863	1455	2	0	46	1500	1	1455	0.0	2616
Ga0374725_18_4961_6460	CP000240.1:1816002-1817544|CDS|CYB_1734	88.006	1434	168	2	43	1473	1	1433	0.0	1806
Ga0374725_18_6597_7718	CP000239.1:2364733-2365792|CDS|CYA_2358	99.906	1059	1	0	64	1122	1	1059	0.0	1906
Ga0374725_18_6597_7718	CP000239.1:2662396-2663455|CDS|CYA_2647	99.717	1059	3	0	64	1122	1	1059	0.0	1897
Ga0374725_18_6597_7718	CP000240.1:1817799-1818858|CDS|CYB_1736	93.390	1059	70	0	64	1122	1	1059	0.0	1595
Ga0374725_18_6597_7718	CP000240.1:888122-889181|CDS|CYB_0854	93.107	1059	73	0	64	1122	1	1059	0.0	1581
Ga0374725_18_7796_8365	CP000239.1:2661749-2662319|CDS|CYA_2646	100.000	570	0	0	1	570	1	570	0.0	1029
Ga0374725_18_7796_8365	CP000240.1:1818977-1819541|CDS|CYB_1737	83.547	547	90	0	1	547	1	547	1.74e-166	581
Ga0374725_18_8392_9027	CP000239.1:2661087-2661723|CDS|CYA_2645	100.000	636	0	0	1	636	1	636	0.0	1148
Ga0374725_18_8392_9027	CP000240.1:1819552-1820191|CDS|CYB_1738	85.601	632	88	1	1	629	1	632	0.0	728
Ga0374725_18_9053_10291	CP000239.1:2659823-2661062|CDS|CYA_2644	99.758	1239	3	0	1	1239	1	1239	0.0	2222
Ga0374725_18_9053_10291	CP000240.1:1822505-1823747|CDS|CYB_1740	83.628	1130	185	0	1	1130	1	1130	0.0	1205
Ga0374725_19_207_989	CP000239.1:1765921-1766704|CDS|CYA_1761	98.084	783	15	0	1	783	1	783	0.0	1345
Ga0374725_19_207_989	CP000240.1:1248214-1248994|CDS|CYB_1205	87.093	767	99	0	17	783	14	780	0.0	938
Ga0374725_19_986_1921	CP000239.1:1766700-1767636|CDS|CYA_1762	99.893	936	1	0	1	936	1	936	0.0	1684
Ga0374725_19_986_1921	CP000240.1:1248993-1249929|CDS|CYB_1206	84.312	937	145	2	1	936	1	936	0.0	1021
Ga0374725_19_2025_5096	CP000239.1:1767739-1771210|CDS|CYA_1763	95.085	3072	148	1	1	3072	403	3471	0.0	4858
Ga0374725_19_2025_5096	CP000240.1:1250049-1253526|CDS|CYB_1207	88.759	3078	337	2	1	3072	403	3477	0.0	3991
Ga0374725_19_5867_7345	CP000239.1:1771686-1773120|CDS|CYA_1764	95.676	1434	62	0	46	1479	1	1434	0.0	2307
Ga0374725_19_5867_7345	CP000240.1:1253988-1255434|CDS|CYB_1208	87.828	1446	176	0	34	1479	1	1446	0.0	1815
Ga0374725_19_7507_8556	CP000239.1:1773201-1774251|CDS|CYA_1766	98.190	1050	19	0	1	1050	1	1050	0.0	1809
Ga0374725_19_7507_8556	CP000240.1:1255627-1256677|CDS|CYB_1209	88.857	1050	117	0	1	1050	1	1050	0.0	1367
Ga0374725_19_8666_10063	CP000239.1:1774360-1776115|CDS|CYA_1767	90.935	1401	110	6	2	1398	368	1755	0.0	1943
Ga0374725_19_8666_10063	CP000240.1:1257375-1259115|CDS|CYB_1211	83.857	1400	205	6	2	1398	359	1740	0.0	1498
Ga0374725_20_182_751	CP000239.1:1493270-1493840|CDS|CYA_1485	99.825	570	1	0	1	570	1	570	0.0	1024
Ga0374725_20_182_751	CP000240.1:1538389-1538959|CDS|CYB_1463	88.246	570	67	0	1	570	1	570	0.0	727
Ga0374725_20_918_2495	CP000239.1:1491526-1493104|CDS|CYA_1484	99.937	1578	1	0	1	1578	1	1578	0.0	2842
Ga0374725_20_918_2495	CP000240.1:1546358-1547942|CDS|CYB_1471	85.649	1526	219	0	1	1526	1	1526	0.0	1765
Ga0374725_20_2615_3886	CP000239.1:1490110-1491406|CDS|CYA_1483	99.921	1272	1	0	1	1272	25	1296	0.0	2290
Ga0374725_20_2615_3886	CP000240.1:1548066-1549365|CDS|CYB_1472	85.016	1268	187	1	1	1265	25	1292	0.0	1429
Ga0374725_20_4749_5174	CP000239.1:1488847-1489324|CDS|CYA_1481	99.531	426	1	1	1	426	1	425	0.0	756
Ga0374725_20_4749_5174	CP000240.1:1550152-1550629|CDS|CYB_1474	88.498	426	48	1	1	426	1	425	3.23e-155	545
Ga0374725_20_5426_7060	CP000239.1:1486961-1488596|CDS|CYA_1479	96.086	1635	64	0	1	1635	1	1635	0.0	2661
Ga0374725_20_5426_7060	CP000240.1:1552233-1553868|CDS|CYB_1478	88.746	1635	184	0	1	1635	1	1635	0.0	2120
Ga0374725_20_7112_7624	CP000239.1:1486244-1486910|CDS|CYA_1478	100.000	513	0	0	1	513	154	666	0.0	926
Ga0374725_20_7112_7624	CP000240.1:1553928-1554426|CDS|CYB_1479	81.336	509	74	3	1	506	1	491	1.78e-140	496
Ga0374725_20_7808_8386	CP000239.1:1485216-1486212|CDS|CYA_1477	91.716	507	42	0	1	507	1	507	0.0	726
Ga0374725_20_7808_8386	CP000240.1:1554621-1555617|CDS|CYB_1480	88.821	492	55	0	16	507	16	507	0.0	640
Ga0374725_20_8867_9670	CP000240.1:1044769-1046068|CDS|CYB_1005	76.143	809	175	9	1	803	502	1298	1.91e-161	565
Ga0374725_21_251_499	CP000239.1:1180725-1180950|CDS|CYA_1157	100.000	225	0	0	25	249	1	225	3.29e-114	407
Ga0374725_21_251_499	CP000240.1:2711789-2712014|CDS|CYB_2618	89.778	225	23	0	25	249	1	225	1.01e-82	303
Ga0374725_21_606_1379	CP000239.1:1181080-1181854|CDS|CYA_1158	100.000	774	0	0	1	774	1	774	0.0	1397
Ga0374725_21_606_1379	CP000240.1:2710885-2711659|CDS|CYB_2617	86.158	773	107	0	1	773	1	773	0.0	912
Ga0374725_21_1418_1981	CP000239.1:1181892-1182474|CDS|CYA_1159	99.823	564	1	0	1	564	19	582	0.0	1013
Ga0374725_21_1418_1981	CP000240.1:2710265-2710847|CDS|CYB_2616	85.258	563	83	0	2	564	20	582	0.0	642
Ga0374725_21_1999_3252	CP000239.1:1182473-1183772|CDS|CYA_1160	99.841	1254	2	0	1	1254	46	1299	0.0	2253
Ga0374725_21_1999_3252	CP000240.1:2708967-2710266|CDS|CYB_2615	87.560	1254	156	0	1	1254	46	1299	0.0	1559
Ga0374725_21_3406_3777	CP000239.1:1183880-1184354|CDS|CYA_1161	100.000	372	0	0	1	372	103	474	0.0	672
Ga0374725_21_3406_3777	CP000240.1:2708362-2708815|CDS|CYB_2614	83.333	348	58	0	1	348	103	450	4.44e-102	367
Ga0374725_21_3903_4439	CP000239.1:1184377-1184914|CDS|CYA_1162	100.000	537	0	0	1	537	1	537	0.0	969
Ga0374725_21_3903_4439	CP000240.1:2707788-2708325|CDS|CYB_2613	85.607	535	77	0	1	535	1	535	2.27e-177	618
Ga0374725_21_4458_4826	CP000239.1:1184932-1185301|CDS|CYA_1163	100.000	369	0	0	1	369	1	369	0.0	666
Ga0374725_21_4458_4826	CP000240.1:2707401-2707770|CDS|CYB_2612	82.656	369	64	0	1	369	1	369	2.43e-105	378
Ga0374725_21_4829_5374	CP000239.1:1185303-1185849|CDS|CYA_1164	100.000	546	0	0	1	546	1	546	0.0	985
Ga0374725_21_4829_5374	CP000240.1:2706824-2707370|CDS|CYB_2611	83.119	545	92	0	1	545	1	545	1.05e-162	569
Ga0374725_21_5401_5805	CP000239.1:1185875-1186280|CDS|CYA_1165	99.753	405	1	0	1	405	1	405	0.0	727
Ga0374725_21_5401_5805	CP000240.1:2706380-2706791|CDS|CYB_2610	88.452	407	41	1	1	401	1	407	2.86e-149	524
Ga0374725_21_5866_6408	CP000239.1:1186340-1186883|CDS|CYA_1166	100.000	543	0	0	1	543	1	543	0.0	980
Ga0374725_21_5866_6408	CP000240.1:2705791-2706334|CDS|CYB_2609	88.745	542	61	0	1	542	1	542	0.0	703
Ga0374725_21_6465_6863	CP000239.1:1186939-1187338|CDS|CYA_1167	99.749	399	1	0	1	399	1	399	0.0	716
Ga0374725_21_6465_6863	CP000240.1:2705324-2705723|CDS|CYB_2608	87.000	400	50	2	1	399	1	399	3.01e-136	480
Ga0374725_21_6863_7231	CP000239.1:1187337-1187706|CDS|CYA_1168	99.729	369	1	0	1	369	1	369	0.0	662
Ga0374725_21_6863_7231	CP000240.1:2704956-2705325|CDS|CYB_2607	90.137	365	36	0	1	365	1	365	3.60e-141	497
Ga0374725_21_7228_7479	CP000239.1:1187702-1187954|CDS|CYA_1169	100.000	252	0	0	1	252	1	252	7.33e-129	455
Ga0374725_21_7228_7479	CP000240.1:2704708-2704960|CDS|CYB_2606	88.889	252	28	0	1	252	1	252	7.34e-91	329
Ga0374725_21_7479_7709	CP000239.1:1187953-1188190|CDS|CYA_1170	100.000	231	0	0	1	231	7	237	1.67e-117	417
Ga0374725_21_7479_7709	CP000240.1:2704487-2704709|CDS|CYB_2605	87.629	194	24	0	1	194	7	200	7.62e-65	242
Ga0374725_21_7733_8209	CP000239.1:1188207-1188684|CDS|CYA_1171	99.790	477	1	0	1	477	1	477	0.0	856
Ga0374725_21_7733_8209	CP000240.1:2704006-2704474|CDS|CYB_2604	87.668	446	55	0	1	446	1	446	5.76e-159	557
Ga0374725_22_606_1952	CP000239.1:71020-72367|CDS|CYA_0074	99.926	1347	1	0	1	1347	1	1347	0.0	2425
Ga0374725_22_606_1952	CP000240.1:1840897-1842244|CDS|CYB_1758	88.716	1347	152	0	1	1347	1	1347	0.0	1745
Ga0374725_22_2346_3158	CP000239.1:69814-70660|CDS|CYA_0073	100.000	813	0	0	1	813	34	846	0.0	1467
Ga0374725_22_2346_3158	CP000240.1:1843775-1844789|CDS|CYB_1760	85.153	815	118	1	2	813	200	1014	0.0	923
Ga0374725_22_3165_4241	CP000239.1:68587-69808|CDS|CYA_0072	99.907	1077	1	0	1	1077	145	1221	0.0	1939
Ga0374725_22_3165_4241	CP000240.1:1844796-1846017|CDS|CYB_1761	90.038	1064	106	0	1	1064	145	1208	0.0	1442
Ga0374725_22_5329_6219	CP000239.1:66761-67652|CDS|CYA_0070	100.000	891	0	0	1	891	1	891	0.0	1608
Ga0374725_22_6259_6819	CP000239.1:66080-66722|CDS|CYA_0069	100.000	561	0	0	1	561	82	642	0.0	1012
Ga0374725_22_6259_6819	CP000240.1:1211145-1211790|CDS|CYB_1173	86.879	564	71	1	1	561	82	645	0.0	682
Ga0374725_22_7391_7816	CP000239.1:63305-63791|CDS|CYA_0066	100.000	426	0	0	1	426	61	486	0.0	769
Ga0374725_22_7865_8608	CP000239.1:62513-63257|CDS|CYA_0065	99.866	744	1	0	1	744	1	744	0.0	1338
Ga0374725_22_7865_8608	CP000240.1:1212760-1213504|CDS|CYB_1175	85.618	744	107	0	1	744	1	744	0.0	860
Ga0374725_23_226_1053	CP000239.1:1547899-1548724|CDS|CYA_1538	100.000	825	0	0	4	828	1	825	0.0	1489
Ga0374725_23_226_1053	CP000240.1:1488217-1489042|CDS|CYB_1420	86.545	825	111	0	4	828	1	825	0.0	988
Ga0374725_23_1334_1618	CP000239.1:1547331-1547745|CDS|CYA_1536	100.000	285	0	0	1	285	130	414	1.02e-146	515
Ga0374725_23_1334_1618	CP000240.1:1487620-1488043|CDS|CYB_1418	79.392	296	49	2	2	285	128	423	3.58e-70	261
Ga0374725_23_1615_2871	CP000239.1:1546078-1547335|CDS|CYA_1537	99.761	1257	3	0	1	1257	1	1257	0.0	2254
Ga0374725_23_1615_2871	CP000240.1:1486358-1487624|CDS|CYB_1419	85.857	1202	168	2	30	1230	36	1236	0.0	1395
Ga0374725_23_2884_3492	CP000239.1:1545457-1545988|CDS|CYA_1535	100.000	531	0	0	79	609	1	531	0.0	958
Ga0374725_23_2884_3492	CP000240.1:1485676-1486204|CDS|CYB_1417	85.827	508	72	0	84	591	6	513	1.03e-169	592
Ga0374725_23_3570_3794	CP000239.1:1545155-1545380|CDS|CYA_1534	100.000	225	0	0	1	225	1	225	2.94e-114	407
Ga0374725_23_3570_3794	CP000240.1:556996-557377|CDS|CYB_0544	88.444	225	26	0	1	225	157	381	5.68e-79	289
Ga0374725_23_4032_4502	CP000239.1:1544447-1544918|CDS|CYA_1533	99.363	471	3	0	1	471	1	471	0.0	837
Ga0374725_23_4032_4502	CP000240.1:556211-556736|CDS|CYB_0541	85.558	457	66	0	1	457	1	457	2.76e-150	527
Ga0374725_23_4508_5260	CP000239.1:1543566-1544442|CDS|CYA_1532	98.539	753	11	0	1	753	124	876	0.0	1309
Ga0374725_23_4508_5260	CP000240.1:553988-555035|CDS|CYB_0539	87.183	671	86	0	1	671	232	902	0.0	823
Ga0374725_23_5748_6551	CP000239.1:1542428-1543451|CDS|CYA_1531	90.683	805	58	4	1	804	235	1023	0.0	1112
Ga0374725_23_5748_6551	CP000240.1:552871-553828|CDS|CYB_0538	80.050	797	135	3	1	773	148	944	0.0	729
Ga0374725_23_6718_7275	CP000239.1:1541631-1542297|CDS|CYA_1530	100.000	558	0	0	1	558	109	666	0.0	1007
Ga0374725_23_6718_7275	CP000240.1:552116-552782|CDS|CYB_0537	83.303	557	93	0	2	558	110	666	1.40e-167	586
Ga0374725_23_7456_8304	CP000239.1:1540473-1541559|CDS|CYA_1529	99.764	849	2	0	1	849	238	1086	0.0	1523
Ga0374725_23_7456_8304	CP000240.1:342763-343864|CDS|CYB_0326	80.072	828	163	2	1	827	253	1079	0.0	743
Ga0374725_24_109_1119	CP000240.1:1736975-1737986|CDS|CYB_1657	99.209	1011	8	0	1	1011	1	1011	0.0	1788
Ga0374725_24_109_1119	CP000239.1:2898672-2899683|CDS|CYA_2882	88.526	1011	116	0	1	1011	1	1011	0.0	1301
Ga0374725_24_1116_1901	CP000240.1:1737982-1738768|CDS|CYB_1658	98.092	786	15	0	1	786	1	786	0.0	1351
Ga0374725_24_1116_1901	CP000239.1:2897890-2898676|CDS|CYA_2881	90.434	784	75	0	1	784	1	784	0.0	1076
Ga0374725_24_1949_3508	CP000240.1:1738815-1740378|CDS|CYB_1659	95.010	1563	75	2	1	1560	1	1563	0.0	2461
Ga0374725_24_1949_3508	CP000239.1:2896297-2897866|CDS|CYA_2880	81.812	1545	272	1	25	1560	25	1569	0.0	1524
Ga0374725_24_3527_5002	CP000240.1:1740396-1741881|CDS|CYB_1660	96.269	1474	53	2	1	1473	1	1473	0.0	2404
Ga0374725_24_3527_5002	CP000239.1:2894858-2896280|CDS|CYA_2879	78.992	1428	249	4	1	1425	1	1380	0.0	1251
Ga0374725_24_5016_5549	CP000240.1:1741885-1742533|CDS|CYB_1661	97.566	534	13	0	1	534	115	648	0.0	905
Ga0374725_24_5016_5549	CP000239.1:2894124-2894838|CDS|CYA_2878	91.919	495	40	0	1	495	181	675	0.0	713
Ga0374725_24_5759_6463	CP000240.1:1742628-1743189|CDS|CYB_1662	95.187	561	27	0	145	705	1	561	0.0	891
Ga0374725_24_5759_6463	CP000239.1:2893462-2894092|CDS|CYA_2877	85.810	599	85	0	19	617	19	617	0.0	698
Ga0374725_24_6491_6808	CP000240.1:1743354-1743753|CDS|CYB_1663	95.899	317	13	0	1	317	82	398	4.01e-146	514
Ga0374725_24_6491_6808	CP000239.1:2893037-2893436|CDS|CYA_2876	84.810	316	48	0	2	317	83	398	2.38e-98	354
Ga0374725_25_22_585	CP000240.1:1818977-1819541|CDS|CYB_1737	98.404	564	9	0	1	564	1	564	0.0	977
Ga0374725_25_22_585	CP000239.1:2661749-2662319|CDS|CYA_2646	83.912	547	88	0	1	547	1	547	3.33e-169	590
Ga0374725_25_597_1157	CP000240.1:1819552-1820191|CDS|CYB_1738	99.287	561	4	0	1	561	79	639	0.0	994
Ga0374725_25_597_1157	CP000239.1:2661087-2661723|CDS|CYA_2645	86.388	551	72	1	4	554	82	629	0.0	655
Ga0374725_25_1248_2945	CP000240.1:1820203-1821901|CDS|CYB_1739	99.588	1698	7	0	1	1698	1	1698	0.0	3031
Ga0374725_25_3550_4791	CP000240.1:1822505-1823747|CDS|CYB_1740	99.517	1242	6	0	1	1242	1	1242	0.0	2214
Ga0374725_25_3550_4791	CP000239.1:2659823-2661062|CDS|CYA_2644	83.274	1130	189	0	1	1130	1	1130	0.0	1187
Ga0374725_25_5316_6050	CP000240.1:1823993-1824728|CDS|CYB_1741	98.776	735	9	0	1	735	1	735	0.0	1286
Ga0374725_25_5316_6050	CP000239.1:2658592-2659321|CDS|CYA_2643	86.069	725	101	0	1	725	1	725	0.0	853
Ga0374725_26_1097_1510	CP000239.1:1785641-1786055|CDS|CYA_1784	99.758	414	1	0	1	414	1	414	0.0	743
Ga0374725_26_1097_1510	CP000239.1:1785658-1786702|CDS|CYA_1783	99.748	397	1	0	18	414	1044	648	0.0	712
Ga0374725_26_1097_1510	CP000240.1:1266949-1267360|CDS|CYB_1224	86.715	414	52	1	1	414	1	411	4.07e-141	498
Ga0374725_26_1584_2147	CP000239.1:1785004-1785568|CDS|CYA_1782	99.823	564	1	0	1	564	1	564	0.0	1013
Ga0374725_26_1584_2147	CP000240.1:1266320-1266884|CDS|CYB_1223	88.256	562	66	0	1	562	1	562	0.0	717
Ga0374725_26_2466_3176	CP000239.1:1783975-1784686|CDS|CYA_1780	99.719	711	2	0	1	711	1	711	0.0	1274
Ga0374725_26_2466_3176	CP000240.1:1265311-1266022|CDS|CYB_1222	88.620	703	80	0	1	703	1	703	0.0	908
Ga0374725_26_3276_3701	CP000239.1:1783450-1783876|CDS|CYA_1779	99.765	426	1	0	1	426	1	426	0.0	765
Ga0374725_26_3276_3701	CP000240.1:1264779-1265205|CDS|CYB_1221	86.854	426	56	0	1	426	1	426	4.48e-147	517
Ga0374725_26_3711_4382	CP000239.1:1782769-1783441|CDS|CYA_1778	99.851	672	1	0	1	672	1	672	0.0	1208
Ga0374725_26_3711_4382	CP000240.1:1264104-1264770|CDS|CYB_1220	87.897	661	80	0	12	672	6	666	0.0	832
Ga0374725_26_4466_4771	CP000239.1:1782419-1782686|CDS|CYA_1777	100.000	267	0	0	40	306	1	267	6.52e-137	482
Ga0374725_26_4466_4771	CP000240.1:1263769-1264042|CDS|CYB_1219	82.051	273	43	1	40	306	1	273	6.12e-74	273
Ga0374725_26_4834_5187	CP000239.1:1781964-1782318|CDS|CYA_1776	99.435	354	2	0	1	354	1	354	0.0	630
Ga0374725_26_5178_5939	CP000239.1:1781212-1781974|CDS|CYA_1775	100.000	762	0	0	1	762	1	762	0.0	1375
Ga0374725_26_5178_5939	CP000240.1:1262529-1263285|CDS|CYB_1217	88.340	729	85	0	1	729	1	729	0.0	932
Ga0374725_26_5945_6364	CP000239.1:1780607-1781207|CDS|CYA_1774	99.524	420	2	0	1	420	181	600	0.0	749
Ga0374725_26_5945_6364	CP000240.1:1262125-1262524|CDS|CYB_1216	82.785	395	62	1	1	395	1	389	5.75e-114	407
Ga0374725_27_24_938	CP000239.1:1704609-1705548|CDS|CYA_1700	97.049	915	27	0	1	915	25	939	0.0	1529
Ga0374725_27_24_938	CP000240.1:2084955-2086035|CDS|CYB_1984	84.496	903	138	2	1	902	169	1070	0.0	991
Ga0374725_27_941_2890	CP000239.1:1705550-1707500|CDS|CYA_1701	99.897	1950	2	0	1	1950	1	1950	0.0	3508
Ga0374725_27_941_2890	CP000240.1:2082995-2084942|CDS|CYB_1983	88.672	1898	215	0	1	1898	1	1898	0.0	2454
Ga0374725_27_3398_4378	CP000239.1:1708007-1708988|CDS|CYA_1702	99.898	981	1	0	1	981	1	981	0.0	1765
Ga0374725_27_3398_4378	CP000240.1:2081794-2082751|CDS|CYB_1982	87.141	941	121	0	1	941	1	941	0.0	1152
Ga0374725_28_2452_4929	CP000240.1:3013353-3015831|CDS|CYB_2916	98.668	2478	33	0	1	2478	1	2478	0.0	4321
Ga0374725_28_2452_4929	CP000239.1:315171-317649|CDS|CYA_0309	82.554	2482	423	5	1	2477	1	2477	0.0	2511
Ga0374725_28_5121_5657	CP000240.1:3012625-3013162|CDS|CYB_2915	94.786	537	28	0	1	537	1	537	0.0	843
Ga0374725_28_5121_5657	CP000239.1:723011-723548|CDS|CYA_0719	82.528	538	92	2	1	537	1	537	5.01e-154	540
Ga0374725_29_703_1482	CP000240.1:2526098-2526854|CDS|CYB_2430	99.603	756	3	0	25	780	1	756	0.0	1351
Ga0374725_29_703_1482	CP000239.1:2683754-2684510|CDS|CYA_2667	78.571	756	162	0	25	780	1	756	0.0	634
Ga0374725_29_1726_3273	CP000240.1:2521911-2523540|CDS|CYB_2425	99.096	1548	14	0	1	1548	82	1629	0.0	2729
Ga0374725_29_1726_3273	CP000239.1:2679389-2681012|CDS|CYA_2663	84.864	1546	217	6	1	1542	82	1614	0.0	1722
Ga0374725_29_3575_4612	CP000240.1:2520572-2521610|CDS|CYB_2424	97.110	1038	30	0	1	1038	1	1038	0.0	1737
Ga0374725_29_3575_4612	CP000239.1:2678155-2679193|CDS|CYA_2662	87.909	1009	122	0	1	1009	1	1009	0.0	1270
Ga0374725_29_4648_4965	CP000240.1:2520219-2520537|CDS|CYB_2423	100.000	318	0	0	1	318	1	318	1.40e-164	574
Ga0374725_29_4648_4965	CP000239.1:2677849-2678146|CDS|CYA_2661	86.071	280	37	2	1	279	1	279	1.40e-88	323
Ga0374725_29_4981_5286	CP000240.1:2519961-2520204|CDS|CYB_2422	95.885	243	9	1	65	306	1	243	3.17e-109	390
Ga0374725_29_5291_6358	CP000240.1:2517516-2519619|CDS|CYB_2421	95.962	941	38	0	112	1052	1129	2069	0.0	1526
Ga0374725_29_5291_6358	CP000239.1:2675505-2677509|CDS|CYA_2659	91.053	950	85	0	112	1061	1039	1988	0.0	1331
Ga0374725_30_15_1082	CP000239.1:1238960-1240181|CDS|CYA_1228	98.596	1068	15	0	1	1068	154	1221	0.0	1859
Ga0374725_30_15_1082	CP000240.1:1468880-1470101|CDS|CYB_1401	86.598	1067	143	0	1	1067	154	1220	0.0	1280
Ga0374725_30_1240_1881	CP000239.1:1240338-1240980|CDS|CYA_1229	100.000	642	0	0	1	642	1	642	0.0	1159
Ga0374725_30_1240_1881	CP000240.1:1468227-1468863|CDS|CYB_1400	86.625	643	78	3	1	642	1	636	0.0	766
Ga0374725_30_2445_3203	CP000239.1:1241543-1242302|CDS|CYA_1230	99.736	759	2	0	1	759	1	759	0.0	1361
Ga0374725_30_2445_3203	CP000240.1:1623298-1624045|CDS|CYB_1548	84.203	747	118	0	13	759	1	747	0.0	816
Ga0374725_30_3169_4290	CP000239.1:1242267-1243389|CDS|CYA_1231	100.000	1122	0	0	1	1122	1	1122	0.0	2024
Ga0374725_30_3169_4290	CP000240.1:1624022-1625144|CDS|CYB_1549	88.770	1122	126	0	1	1122	1	1122	0.0	1456
Ga0374725_30_4547_5302	CP000239.1:1243651-1244401|CDS|CYA_1232	99.867	750	1	0	7	756	1	750	0.0	1349
Ga0374725_30_4547_5302	CP000240.1:1625445-1626153|CDS|CYB_1550	86.187	695	96	0	53	747	11	705	0.0	821
Ga0374725_31_116_1087	CP000239.1:105409-106381|CDS|CYA_0110	99.897	972	1	0	1	972	1	972	0.0	1749
Ga0374725_31_116_1087	CP000240.1:2202564-2203542|CDS|CYB_2109	85.950	911	128	0	1	911	1	911	0.0	1067
Ga0374725_31_1107_1604	CP000239.1:106400-106871|CDS|CYA_0111	100.000	471	0	0	28	498	1	471	0.0	850
Ga0374725_31_1745_2410	CP000239.1:107038-107704|CDS|CYA_0112	99.850	666	1	0	1	666	1	666	0.0	1197
Ga0374725_31_1745_2410	CP000240.1:2201188-2201854|CDS|CYB_2107	86.937	666	87	0	1	666	1	666	0.0	810
Ga0374725_31_2462_3313	CP000239.1:107755-108475|CDS|CYA_0113	99.861	720	1	0	133	852	1	720	0.0	1295
Ga0374725_31_2462_3313	CP000240.1:2200319-2201048|CDS|CYB_2106	84.495	703	101	2	154	852	31	729	0.0	775
Ga0374725_31_3329_3901	CP000239.1:108622-109369|CDS|CYA_0114	100.000	573	0	0	1	573	175	747	0.0	1034
Ga0374725_31_3329_3901	CP000240.1:2199442-2200213|CDS|CYB_2104	85.844	551	78	0	1	551	175	725	0.0	643
Ga0374725_31_4148_4345	CP000239.1:109441-110236|CDS|CYA_0115	100.000	198	0	0	1	198	598	795	1.16e-99	358
Ga0374725_31_4148_4345	CP000240.1:2198610-2199366|CDS|CYB_2103	89.796	196	20	0	1	196	559	754	1.96e-71	264
Ga0374725_31_5004_5705	CP000239.1:110297-111221|CDS|CYA_0116	100.000	702	0	0	1	702	223	924	0.0	1267
Ga0374725_31_5004_5705	CP000240.1:2197589-2198528|CDS|CYB_2102	86.115	713	87	3	2	702	227	939	0.0	838
Ga0374725_32_847_2061	CP000239.1:161685-162930|CDS|CYA_0164	99.918	1215	1	0	1	1215	31	1245	0.0	2187
Ga0374725_32_847_2061	CP000240.1:1012023-1013241|CDS|CYB_0978	88.627	1187	135	0	1	1187	31	1217	0.0	1533
Ga0374725_32_2094_2654	CP000239.1:162932-163925|CDS|CYA_0166	99.822	561	1	0	1	561	433	993	0.0	1008
Ga0374725_32_2094_2654	CP000240.1:1011011-1012010|CDS|CYB_0976	89.273	550	59	0	1	550	442	991	0.0	727
Ga0374725_32_2611_3033	CP000239.1:162932-163925|CDS|CYA_0166	99.527	423	1	1	1	423	55	476	0.0	751
Ga0374725_32_2611_3033	CP000240.1:1011011-1012010|CDS|CYB_0976	84.161	423	66	1	1	423	64	485	3.66e-129	458
Ga0374725_32_3302_5545	CP000239.1:164139-166383|CDS|CYA_0167	99.777	2244	5	0	1	2244	1	2244	0.0	4025
Ga0374725_32_3302_5545	CP000239.1:142591-144856|CDS|CYA_0148	80.280	2211	428	7	25	2231	25	2231	0.0	1998
Ga0374725_32_3302_5545	CP000240.1:1971811-1974076|CDS|CYB_1886	80.235	2211	429	7	25	2231	25	2231	0.0	1994
Ga0374725_33_690_1022	CP000240.1:2379192-2379525|CDS|CYB_2272	100.000	333	0	0	1	333	1	333	1.06e-172	601
Ga0374725_33_2040_2714	CP000240.1:2377500-2378175|CDS|CYB_2270	99.852	675	1	0	1	675	1	675	0.0	1214
Ga0374725_33_2040_2714	CP000239.1:2628152-2628827|CDS|CYA_2611	99.852	675	1	0	1	675	1	675	0.0	1214
Ga0374725_33_2711_3646	CP000240.1:2376130-2377504|CDS|CYB_2271	100.000	936	0	0	1	936	439	1374	0.0	1689
Ga0374725_33_2711_3646	CP000239.1:2627220-2628156|CDS|CYA_2612	98.397	936	15	0	1	936	1	936	0.0	1621
Ga0374725_33_4130_5128	CP000240.1:2374852-2376085|CDS|CYB_2269	100.000	999	0	0	1	999	235	1233	0.0	1802
Ga0374725_33_4130_5128	CP000239.1:2625230-2626463|CDS|CYA_2608	100.000	999	0	0	1	999	235	1233	0.0	1802
Ga0374725_34_15_497	CP000239.1:1408486-1409005|CDS|CYA_1403	100.000	483	0	0	1	483	37	519	0.0	872
Ga0374725_34_15_497	CP000240.1:1694793-1695312|CDS|CYB_1622	90.126	476	47	0	1	476	37	512	0.0	647
Ga0374725_34_672_1655	CP000239.1:1409482-1410466|CDS|CYA_1404	100.000	984	0	0	1	984	1	984	0.0	1775
Ga0374725_34_672_1655	CP000240.1:1693687-1694671|CDS|CYB_1621	84.654	984	151	0	1	984	1	984	0.0	1095
Ga0374725_34_1717_2541	CP000239.1:1410527-1411340|CDS|CYA_1405	100.000	813	0	0	13	825	1	813	0.0	1467
Ga0374725_34_1717_2541	CP000240.1:1692810-1693674|CDS|CYB_1620	81.017	806	149	2	13	816	1	804	0.0	759
Ga0374725_34_2773_3084	CP000240.1:1692254-1692566|CDS|CYB_1619	99.359	312	2	0	1	312	1	312	1.28e-158	554
Ga0374725_34_2773_3084	CP000239.1:1411584-1411896|CDS|CYA_1406	89.103	312	34	0	1	312	1	312	3.45e-115	410
Ga0374725_34_3175_4809	CP000239.1:1411962-1413597|CDS|CYA_1407	98.716	1635	21	0	1	1635	1	1635	0.0	2855
Ga0374725_34_3175_4809	CP000240.1:1690529-1692164|CDS|CYB_1618	90.703	1635	152	0	1	1635	1	1635	0.0	2264
Ga0374725_34_3175_4809	CP000239.1:349031-350660|CDS|CYA_0332	70.526	1598	445	12	1	1585	1	1585	0.0	728
Ga0374725_34_3175_4809	CP000240.1:1794623-1796243|CDS|CYB_1712	70.113	1586	434	9	19	1584	19	1584	0.0	719
Ga0374725_35_314_1087	CP000239.1:240855-241740|CDS|CYA_0238	99.871	774	1	0	1	774	112	885	0.0	1392
Ga0374725_35_314_1087	CP000240.1:1867813-1868575|CDS|CYB_1782	77.747	728	150	6	1	722	25	746	5.26e-162	567
Ga0374725_35_1371_2696	CP000239.1:241888-243349|CDS|CYA_0239	97.134	1326	38	0	1	1326	136	1461	0.0	2221
Ga0374725_35_2706_3482	CP000239.1:243359-244130|CDS|CYA_0240	94.993	759	38	0	19	777	13	771	0.0	1198
Ga0374725_35_2706_3482	CP000240.1:1870498-1871242|CDS|CYB_1784	84.530	724	105	4	19	738	13	733	0.0	790
Ga0374725_35_3490_4899	CP000239.1:244137-245547|CDS|CYA_0241	98.227	1410	25	0	1	1410	1	1410	0.0	2431
Ga0374725_36_1541_2002	CP000239.1:285107-285635|CDS|CYA_0278	96.970	462	9	1	1	462	1	457	0.0	775
Ga0374725_36_1541_2002	CP000240.1:2226599-2227124|CDS|CYB_2132	79.565	460	89	1	1	460	1	455	5.22e-115	411
Ga0374725_36_2084_2500	CP000239.1:285645-286068|CDS|CYA_0279	86.538	416	50	1	1	410	1	416	1.18e-141	499
Ga0374725_36_2084_2500	CP000240.1:2227135-2227633|CDS|CYB_2133	81.707	410	67	3	1	403	1	409	1.03e-110	396
Ga0374725_36_2084_2500	CP000239.1:279448-279994|CDS|CYA_0273	82.385	369	65	0	1	369	1	369	1.18e-103	373
Ga0374725_37_2663_4717	CP000240.1:1355061-1357113|CDS|CYB_1295	97.859	2055	41	1	1	2055	1	2052	0.0	3507
Ga0374725_37_2663_4717	CP000240.1:476535-478557|CDS|CYB_0469	96.645	1967	66	0	1	1967	1	1967	0.0	3250
Ga0374725_37_2663_4717	CP000239.1:1027703-1029731|CDS|CYA_1011	73.881	1899	454	18	137	2014	149	2026	0.0	1146
Ga0374725_37_4747_5403	CP000240.1:478586-480641|CDS|CYB_0470	93.436	518	34	0	140	657	1538	2055	0.0	782
Ga0374725_37_4747_5403	CP000240.1:1357128-1357959|CDS|CYB_1296	89.575	518	54	0	140	657	314	831	0.0	691
Ga0374725_38_1380_3665	CP000239.1:179592-181878|CDS|CYA_0181	99.519	2286	11	0	1	2286	1	2286	0.0	4074
Ga0374725_38_1380_3665	CP000240.1:2626056-2628357|CDS|CYB_2525	85.433	2286	333	0	1	2286	16	2301	0.0	2622
Ga0374725_38_3723_4364	CP000239.1:181935-182577|CDS|CYA_0182	98.910	642	7	0	1	642	1	642	0.0	1127
Ga0374725_38_3723_4364	CP000240.1:2628409-2629051|CDS|CYB_2526	94.548	642	35	0	1	642	1	642	0.0	1001
Ga0374725_39_57_221	CP000239.1:2197594-2199466|CDS|CYA_2181	100.000	165	0	0	1	165	1708	1872	7.78e-82	298
Ga0374725_39_57_221	CP000240.1:375307-377185|CDS|CYB_0360	85.161	155	23	0	2	156	1721	1875	6.39e-45	177
Ga0374725_39_420_1250	CP000239.1:2196565-2197444|CDS|CYA_2180	99.639	831	3	0	1	831	49	879	0.0	1486
Ga0374725_39_420_1250	CP000240.1:374261-375125|CDS|CYB_0359	83.188	803	135	0	1	803	49	851	0.0	840
Ga0374725_39_1496_2506	CP000239.1:2195309-2196320|CDS|CYA_2179	100.000	1011	0	0	1	1011	1	1011	0.0	1824
Ga0374725_39_1496_2506	CP000240.1:2417062-2418073|CDS|CYB_2306	86.152	1011	140	0	1	1011	1	1011	0.0	1193
Ga0374725_39_2544_3830	CP000239.1:2193985-2195272|CDS|CYA_2178	100.000	1287	0	0	1	1287	1	1287	0.0	2322
Ga0374725_39_2544_3830	CP000240.1:2415750-2417037|CDS|CYB_2305	88.112	1287	153	0	1	1287	1	1287	0.0	1632
Ga0374725_39_3835_4950	CP000239.1:2192865-2193981|CDS|CYA_2177	95.609	1116	49	0	1	1116	1	1116	0.0	1792
Ga0374725_39_3835_4950	CP000240.1:534373-535513|CDS|CYB_0519	84.491	1109	172	0	1	1109	25	1133	0.0	1225
Ga0374725_40_1_303	CP000239.1:53978-57464|CDS|CYA_0057	100.000	303	0	0	1	303	3184	3486	1.85e-156	547
Ga0374725_40_1_303	CP000240.1:1218521-1222019|CDS|CYB_1183	82.178	303	54	0	1	303	3196	3498	3.58e-83	304
Ga0374725_40_289_564	CP000239.1:57449-57725|CDS|CYA_0056	100.000	276	0	0	1	276	1	276	7.58e-142	499
Ga0374725_40_289_564	CP000240.1:1218223-1218484|CDS|CYB_1182	81.467	259	48	0	2	260	2	260	1.79e-67	251
Ga0374725_40_574_1401	CP000239.1:57734-58562|CDS|CYA_0058	100.000	828	0	0	1	828	1	828	0.0	1494
Ga0374725_40_574_1401	CP000240.1:1217386-1218214|CDS|CYB_1181	84.300	828	130	0	1	828	1	828	0.0	908
Ga0374725_40_1438_1659	CP000239.1:58598-58820|CDS|CYA_0059	100.000	222	0	0	1	222	1	222	1.23e-112	401
Ga0374725_40_1438_1659	CP000240.1:1217124-1217346|CDS|CYB_1180	85.586	222	32	0	1	222	1	222	3.31e-69	257
Ga0374725_40_1891_2634	CP000239.1:59051-59795|CDS|CYA_0060	100.000	744	0	0	1	744	1	744	0.0	1342
Ga0374725_40_1891_2634	CP000240.1:1216235-1216991|CDS|CYB_1179	82.275	756	122	3	1	744	1	756	0.0	757
Ga0374725_40_2631_3320	CP000239.1:59791-60373|CDS|CYA_0061	100.000	582	0	0	109	690	1	582	0.0	1050
Ga0374725_40_2631_3320	CP000240.1:1215657-1216239|CDS|CYB_1178	85.592	583	82	2	109	690	1	582	0.0	666
Ga0374725_40_3442_4161	CP000239.1:60602-61409|CDS|CYA_0062	99.861	720	1	0	1	720	88	807	0.0	1295
Ga0374725_40_3442_4161	CP000240.1:1214558-1215359|CDS|CYB_1177	86.034	716	100	0	5	720	86	801	0.0	841
Ga0374725_40_4553_4756	CP000239.1:61713-62496|CDS|CYA_0064	100.000	204	0	0	1	204	580	783	6.62e-103	369
Ga0374725_40_4553_4756	CP000240.1:1213521-1214304|CDS|CYB_1176	87.255	204	26	0	1	204	580	783	1.28e-67	251
Ga0374725_41_51_845	CP000239.1:424422-427824|CDS|CYA_0409	99.748	795	2	0	1	795	2608	3402	0.0	1425
Ga0374725_41_51_845	CP000240.1:2532315-2535735|CDS|CYB_2436	88.842	717	80	0	1	717	2608	3324	0.0	933
Ga0374725_41_945_2828	CP000239.1:427923-429807|CDS|CYA_0410	100.000	1884	0	0	1	1884	1	1884	0.0	3398
Ga0374725_41_945_2828	CP000240.1:2535850-2537734|CDS|CYB_2437	90.426	1880	180	0	1	1880	1	1880	0.0	2580
Ga0374725_42_98_1423	CP000239.1:126727-128053|CDS|CYA_0131	99.849	1326	2	0	1	1326	1	1326	0.0	2383
Ga0374725_42_98_1423	CP000240.1:2278763-2280074|CDS|CYB_2175	86.518	1298	175	0	1	1298	1	1298	0.0	1553
Ga0374725_42_1659_1979	CP000239.1:128273-128594|CDS|CYA_0134	100.000	321	0	0	1	321	1	321	3.32e-166	580
Ga0374725_42_1659_1979	CP000240.1:2286472-2286817|CDS|CYB_2180	84.735	321	49	0	1	321	25	345	1.97e-99	359
Ga0374725_42_1976_3856	CP000239.1:128590-130471|CDS|CYA_0133	95.375	1881	87	0	1	1881	1	1881	0.0	3001
Ga0374725_42_1976_3856	CP000240.1:2286827-2288714|CDS|CYB_2181	87.420	1876	229	2	1	1870	1	1875	0.0	2317
Ga0374725_43_3_929	CP000239.1:1449820-1452454|CDS|CYA_1444	97.627	927	22	0	1	927	1708	2634	0.0	1573
Ga0374725_43_3_929	CP000240.1:1657683-1660308|CDS|CYB_1587	89.515	887	93	0	1	887	1708	2594	0.0	1181
Ga0374725_43_1005_1298	CP000239.1:1449433-1449745|CDS|CYA_1443	87.629	291	36	0	1	291	1	291	4.21e-101	363
Ga0374725_43_1005_1298	CP000240.1:1660375-1660687|CDS|CYB_1588	83.582	268	44	0	24	291	24	291	9.29e-78	286
Ga0374725_43_1483_1923	CP000239.1:1448814-1449255|CDS|CYA_1442	89.569	441	46	0	1	441	1	441	8.97e-169	589
Ga0374725_43_1483_1923	CP000240.1:1660865-1661306|CDS|CYB_1589	88.383	439	51	0	1	439	1	439	1.25e-160	563
Ga0374725_43_2153_3295	CP000240.1:1661585-1662707|CDS|CYB_1590	94.196	1120	65	0	1	1120	1	1120	0.0	1728
Ga0374725_43_2153_3295	CP000239.1:1447463-1448585|CDS|CYA_1441	93.661	1120	71	0	1	1120	1	1120	0.0	1700
Ga0374725_45_719_1375	CP000239.1:2671273-2671909|CDS|CYA_2654	83.784	629	96	2	22	647	1	626	0.0	672
Ga0374725_45_719_1375	CP000240.1:2514221-2514875|CDS|CYB_2417	84.492	561	87	0	22	582	1	561	8.04e-178	620
Ga0374725_45_1372_2160	CP000239.1:2671899-2672670|CDS|CYA_2655	95.184	789	14	2	1	789	7	771	0.0	1265
Ga0374725_45_1372_2160	CP000240.1:2514925-2515690|CDS|CYB_2418	87.078	681	88	0	109	789	85	765	0.0	832
Ga0374725_45_2243_2731	CP000240.1:2515694-2516261|CDS|CYB_2419	94.595	481	26	0	9	489	87	567	0.0	751
Ga0374725_45_2243_2731	CP000239.1:2672674-2673235|CDS|CYA_2656	87.662	462	57	0	1	462	79	540	6.31e-165	577
Ga0374725_45_2742_3737	CP000239.1:2673242-2674238|CDS|CYA_2657	96.084	996	39	0	1	996	1	996	0.0	1621
Ga0374725_45_2742_3737	CP000240.1:2516271-2517282|CDS|CYB_2420	93.667	979	60	2	19	996	34	1011	0.0	1480
Ga0374725_46_34_468	CP000240.1:1330655-1331201|CDS|CYB_1272	82.558	430	75	0	1	430	112	541	3.53e-123	438
Ga0374725_46_590_1912	CP000240.1:2621228-2622539|CDS|CYB_2522	94.055	1312	74	2	14	1323	2	1311	0.0	2010
Ga0374725_46_590_1912	CP000239.1:174652-175975|CDS|CYA_0178	89.645	1323	137	0	1	1323	1	1323	0.0	1769
Ga0374725_46_2182_2583	CP000239.1:176346-176748|CDS|CYA_0179	96.030	403	14	2	1	402	1	402	0.0	648
Ga0374725_46_2182_2583	CP000240.1:2622807-2623209|CDS|CYB_2523	94.444	396	22	0	1	396	1	396	5.85e-177	616
Ga0374725_46_2593_3639	CP000239.1:176757-179400|CDS|CYA_0180	100.000	1047	0	0	1	1047	1597	2643	0.0	1889
Ga0374725_46_2593_3639	CP000240.1:2623214-2625857|CDS|CYB_2524	91.109	1046	93	0	2	1047	1598	2643	0.0	1468
Ga0374725_47_240_1154	CP000239.1:1237545-1238460|CDS|CYA_1227	100.000	915	0	0	1	915	1	915	0.0	1651
Ga0374725_47_240_1154	CP000240.1:880479-881394|CDS|CYB_0847	80.022	911	182	0	1	911	1	911	0.0	823
Ga0374725_47_1308_1757	CP000239.1:1236951-1237392|CDS|CYA_1226	99.773	441	1	0	10	450	1	441	0.0	792
Ga0374725_47_1308_1757	CP000240.1:881471-881912|CDS|CYB_0848	82.540	441	77	0	10	450	1	441	2.02e-126	449
Ga0374725_47_1878_2873	CP000239.1:1235826-1236822|CDS|CYA_1224	99.900	996	1	0	1	996	1	996	0.0	1792
Ga0374725_47_1878_2873	CP000240.1:882042-883038|CDS|CYB_0849	85.141	996	148	0	1	996	1	996	0.0	1130
Ga0374725_47_2927_3352	CP000239.1:1235329-1235773|CDS|CYA_1223	92.117	444	1	2	1	410	1	444	0.0	665
Ga0374725_47_3395_3622	CP000240.1:1328937-1329297|CDS|CYB_1270	84.112	214	34	0	1	214	127	340	3.89e-62	233
Ga0374725_48_316_729	CP000239.1:415942-416356|CDS|CYA_0400	99.517	414	2	0	1	414	1	414	0.0	738
Ga0374725_48_928_1791	CP000239.1:416554-417418|CDS|CYA_0401	99.769	864	2	0	1	864	1	864	0.0	1550
Ga0374725_48_928_1791	CP000240.1:2261151-2262021|CDS|CYB_2160	85.910	802	113	0	40	841	22	823	0.0	938
Ga0374725_48_1801_2712	CP000239.1:417442-418339|CDS|CYA_0402	100.000	897	0	0	16	912	1	897	0.0	1618
Ga0374725_48_1801_2712	CP000240.1:2262300-2263200|CDS|CYB_2162	79.282	864	179	0	41	904	2	865	0.0	752
Ga0374725_49_86_1546	CP000239.1:1404261-1406232|CDS|CYA_1399	99.795	1461	3	0	1	1461	511	1971	0.0	2622
Ga0374725_49_86_1546	CP000240.1:2336730-2338602|CDS|CYB_2231	89.665	1461	151	0	1	1461	412	1872	0.0	1955
Ga0374725_49_1585_1902	CP000239.1:1406261-1406588|CDS|CYA_1400	100.000	318	0	0	1	318	10	327	1.40e-164	574
Ga0374725_49_1585_1902	CP000240.1:2338667-2338958|CDS|CYB_2232	81.404	285	53	0	34	318	7	291	1.83e-74	276
Ga0374725_49_1967_3208	CP000239.1:1406652-1407894|CDS|CYA_1401	100.000	1242	0	0	1	1242	1	1242	0.0	2241
Ga0374725_49_1967_3208	CP000240.1:2339048-2340305|CDS|CYB_2233	85.251	1234	182	0	1	1234	1	1234	0.0	1406
Ga0374725_50_1140_1490	CP000240.1:1757982-1758333|CDS|CYB_1682	98.860	351	4	0	1	351	1	351	5.06e-177	616
Ga0374725_50_1140_1490	CP000239.1:2736468-2736819|CDS|CYA_2716	85.241	332	49	0	1	332	1	332	2.31e-105	379
Ga0374725_50_1778_3112	CP000240.1:1758619-1759954|CDS|CYB_1683	97.828	1335	29	0	1	1335	1	1335	0.0	2278
Ga0374725_50_1778_3112	CP000239.1:2921617-2922979|CDS|CYA_2897	87.893	1305	158	0	1	1305	1	1305	0.0	1642
Ga0374725_51_73_387	CP000239.1:1495169-1495484|CDS|CYA_1487	100.000	315	0	0	1	315	1	315	5.89e-163	569
Ga0374725_51_73_387	CP000240.1:1536652-1536967|CDS|CYB_1461	88.571	315	36	0	1	315	1	315	4.25e-114	407
Ga0374725_51_439_753	CP000239.1:1495535-1496153|CDS|CYA_1488	100.000	315	0	0	1	315	304	618	5.89e-163	569
Ga0374725_51_439_753	CP000240.1:1535957-1536587|CDS|CYB_1460	91.746	315	26	0	1	315	316	630	1.14e-127	452
Ga0374725_51_1093_1659	CP000239.1:1496189-1496693|CDS|CYA_1489	99.802	504	1	0	64	567	1	504	0.0	905
Ga0374725_51_1093_1659	CP000240.1:1535307-1535922|CDS|CYB_1459	87.313	536	68	0	1	536	1	536	0.0	661
Ga0374725_51_1656_2318	CP000239.1:1496752-1497415|CDS|CYA_1490	100.000	663	0	0	1	663	1	663	0.0	1196
Ga0374725_51_1656_2318	CP000240.1:1534648-1535311|CDS|CYB_1458	90.799	663	61	0	1	663	1	663	0.0	921
Ga0374725_52_650_1621	CP000239.1:2388709-2389681|CDS|CYA_2379	99.691	972	3	0	1	972	1	972	0.0	1740
Ga0374725_52_650_1621	CP000240.1:2459785-2460754|CDS|CYB_2353	88.843	968	105	1	1	968	1	965	0.0	1258
Ga0374725_52_1748_3034	CP000239.1:2389807-2391094|CDS|CYA_2381	99.845	1287	2	0	1	1287	1	1287	0.0	2313
Ga0374725_52_1748_3034	CP000240.1:1056239-1057526|CDS|CYB_1017	85.370	1285	188	0	1	1285	1	1285	0.0	1471
Ga0374725_53_29_259	CP000240.1:697610-697892|CDS|CYB_0683	94.805	231	12	0	1	231	52	282	3.23e-101	363
Ga0374725_53_29_259	CP000239.1:2519671-2519953|CDS|CYA_2507	92.641	231	17	0	1	231	52	282	3.69e-94	341
Ga0374725_53_1097_1315	CP000240.1:698176-699904|CDS|CYB_0684	96.804	219	7	0	1	219	1510	1728	3.05e-101	364
Ga0374725_53_1097_1315	CP000239.1:2517679-2519407|CDS|CYA_2506	84.475	219	34	0	1	219	1510	1728	7.18e-65	242
Ga0374725_53_1550_1909	CP000240.1:700144-700504|CDS|CYB_0685	98.611	360	5	0	1	360	1	360	2.88e-180	627
Ga0374725_53_1550_1909	CP000239.1:2517065-2517425|CDS|CYA_2504	92.758	359	26	0	1	359	1	359	1.70e-151	531
Ga0374725_54_119_724	CP000239.1:1787606-1788275|CDS|CYA_1786	99.835	606	1	0	1	606	64	669	0.0	1089
Ga0374725_54_119_724	CP000240.1:2345662-2346151|CDS|CYB_2239	82.255	479	85	0	118	596	1	479	4.67e-136	481
Ga0374725_54_795_1313	CP000239.1:1788360-1788864|CDS|CYA_1787	100.000	504	0	0	16	519	1	504	0.0	910
Ga0374725_54_795_1313	CP000240.1:2345084-2345573|CDS|CYB_2238	83.636	495	72	2	16	510	1	486	3.05e-150	527
Ga0374725_54_1366_2277	CP000239.1:1788916-1789828|CDS|CYA_1788	100.000	912	0	0	1	912	1	912	0.0	1645
Ga0374725_54_1366_2277	CP000240.1:2344164-2345076|CDS|CYB_2237	83.111	900	147	4	16	911	13	911	0.0	925
Ga0374725_54_2336_2974	CP000239.1:1789886-1790675|CDS|CYA_1789	100.000	639	0	0	1	639	151	789	0.0	1153
Ga0374725_54_2336_2974	CP000240.1:2343335-2344115|CDS|CYB_2236	82.817	646	99	2	6	639	135	780	0.0	667
Ga0374725_55_72_2015	CP000239.1:2512761-2514654|CDS|CYA_2502	85.314	1893	278	0	52	1944	1	1893	0.0	2161
Ga0374725_55_72_2015	CP000240.1:702939-704877|CDS|CYB_0687	83.909	1852	294	2	95	1944	89	1938	0.0	1992
Ga0374725_56_844_1395	CP000239.1:2162125-2162611|CDS|CYA_2150	98.778	491	1	1	62	552	1	486	0.0	859
Ga0374725_56_844_1395	CP000240.1:2854865-2855417|CDS|CYB_2757	91.107	551	49	0	1	551	1	551	0.0	774
Ga0374725_57_975_1847	CP000239.1:2501427-2502273|CDS|CYA_2491	100.000	846	0	0	28	873	1	846	0.0	1526
Ga0374725_57_975_1847	CP000240.1:715472-716333|CDS|CYB_0699	89.161	775	83	1	99	872	86	860	0.0	1016
Ga0374725_57_1854_2603	CP000239.1:2500690-2501431|CDS|CYA_2492	100.000	738	0	0	1	738	1	738	0.0	1332
Ga0374725_57_1854_2603	CP000240.1:716329-717079|CDS|CYB_0698	86.667	750	100	0	1	750	1	750	0.0	902
Ga0374725_58_1174_2538	CP000239.1:1665243-1666608|CDS|CYA_1663	100.000	1365	0	0	1	1365	1	1365	0.0	2462
Ga0374725_58_1174_2538	CP000240.1:1058902-1060246|CDS|CYB_1020	82.199	1337	233	2	26	1358	2	1337	0.0	1334
Ga0374725_59_234_761	CP000239.1:1776481-1777009|CDS|CYA_1768	100.000	528	0	0	1	528	1	528	0.0	953
Ga0374725_59_234_761	CP000240.1:1259509-1260043|CDS|CYB_1212	83.333	534	83	2	1	528	1	534	1.84e-159	559
Ga0374725_59_768_1193	CP000239.1:1777015-1777441|CDS|CYA_1769	93.427	426	28	0	1	426	1	426	0.0	643
Ga0374725_59_768_1193	CP000240.1:1260049-1260499|CDS|CYB_1213	83.556	450	50	1	1	426	1	450	1.47e-140	496
Ga0374725_59_1190_2314	CP000239.1:1777437-1778568|CDS|CYA_1770	95.844	1131	41	1	1	1125	1	1131	0.0	1829
Ga0374725_59_1190_2314	CP000240.1:1260495-1261680|CDS|CYB_1214	83.640	1143	169	2	1	1125	43	1185	0.0	1226
Ga0374725_59_2477_2593	CP000239.1:1778634-1778847|CDS|CYA_1771	100.000	117	0	0	1	117	97	213	5.90e-56	212
Ga0374725_59_2477_2593	CP000240.1:1261702-1261975|CDS|CYB_1215	84.158	101	16	0	4	104	115	215	1.48e-25	111
Ga0374725_60_462_2438	CP000239.1:1499031-1501002|CDS|CYA_1493	99.848	1971	3	0	7	1977	1	1971	0.0	3542
Ga0374725_62_1840_2358	CP000239.1:433785-434304|CDS|CYA_0412	100.000	519	0	0	1	519	1	519	0.0	937
Ga0374725_62_1840_2358	CP000240.1:2541682-2542405|CDS|CYB_2440	84.584	493	73	1	1	493	1	490	1.14e-155	545
Ga0374725_63_976_1989	CP000240.1:2785260-2786232|CDS|CYB_2697	83.067	939	150	4	34	966	1	936	0.0	967
Ga0374725_63_976_1989	CP000239.1:1522832-1523861|CDS|CYA_1514	81.331	1007	178	5	1	997	1	1007	0.0	956
Ga0374725_64_863_1261	CP000239.1:1551103-1551511|CDS|CYA_1542	100.000	399	0	0	1	399	10	408	0.0	720
Ga0374725_64_863_1261	CP000240.1:2326544-2326958|CDS|CYB_2222	89.147	387	42	0	1	387	10	396	6.21e-145	509
Ga0374725_64_1344_1850	CP000239.1:1551632-1552100|CDS|CYA_1544	99.786	468	1	0	40	507	1	468	0.0	840
Ga0374725_64_1344_1850	CP000240.1:1125635-1126115|CDS|CYB_1088	77.895	475	99	2	36	507	9	480	9.76e-106	380
Ga0374725_65_958_2043	CP000239.1:1452528-1453614|CDS|CYA_1445	100.000	1086	0	0	1	1086	1	1086	0.0	1959
Ga0374725_65_958_2043	CP000240.1:1656498-1657581|CDS|CYB_1586	89.576	1084	110	1	1	1084	1	1081	0.0	1444
