Ga0374799_01_416_3640	CP000239.1:1754922-1758147|CDS|CYA_1749	94.946	3225	163	0	1	3225	1	3225	0.0	5082
Ga0374799_01_416_3640	CP000240.1:222908-226157|CDS|CYB_0215	86.985	3204	417	0	1	3204	1	3204	0.0	3899
Ga0374799_01_3964_5022	CP000239.1:1753540-1754599|CDS|CYA_1748	90.566	1060	98	2	1	1059	1	1059	0.0	1454
Ga0374799_01_3964_5022	CP000240.1:226513-227569|CDS|CYB_0216	85.578	1047	149	2	1	1046	1	1046	0.0	1201
Ga0374799_01_3964_5022	CP000239.1:1850153-1851218|CDS|CYA_1849	72.188	978	267	4	58	1034	49	1022	7.76e-149	525
Ga0374799_01_3964_5022	CP000239.1:1814549-1815614|CDS|CYA_1811	72.086	978	268	4	58	1034	49	1022	9.45e-148	520
Ga0374799_01_3964_5022	CP000239.1:1288197-1289262|CDS|CYA_1274	71.984	978	269	4	58	1034	49	1022	4.02e-146	516
Ga0374799_01_3964_5022	CP000240.1:384572-385637|CDS|CYB_0371	72.053	984	258	8	58	1034	49	1022	4.02e-146	515
Ga0374799_01_3964_5022	CP000240.1:443946-445011|CDS|CYB_0433	71.951	984	259	8	58	1034	49	1022	1.71e-144	510
Ga0374799_01_5019_6842	CP000239.1:1751515-1753342|CDS|CYA_1747	89.307	1805	193	0	1	1805	1	1805	0.0	2386
Ga0374799_01_5019_6842	CP000240.1:227575-229426|CDS|CYB_0217	84.045	1849	248	7	13	1824	13	1851	0.0	2016
Ga0374799_01_6887_8422	CP000239.1:1749935-1751471|CDS|CYA_1746	94.990	1537	75	2	1	1536	1	1536	0.0	2418
Ga0374799_01_6887_8422	CP000240.1:229470-231006|CDS|CYB_0218	86.104	1540	206	6	1	1536	1	1536	0.0	1793
Ga0374799_01_8506_8676	CP000239.1:1749681-1749852|CDS|CYA_1745	100.000	171	0	0	1	171	1	171	4.48e-85	309
Ga0374799_01_8688_8942	CP000239.1:1749394-1749670|CDS|CYA_1744	100.000	255	0	0	1	255	22	276	1.75e-130	461
Ga0374799_01_8688_8942	CP000240.1:231284-231545|CDS|CYB_0220	84.685	222	34	0	1	222	19	240	2.00e-66	248
Ga0374799_01_9122_9661	CP000239.1:1748696-1749167|CDS|CYA_1743	100.000	471	0	0	70	540	1	471	0.0	850
Ga0374799_01_9122_9661	CP000240.1:232120-232591|CDS|CYB_0221	85.138	471	70	0	70	540	1	471	2.14e-152	535
Ga0374799_01_10033_10416	CP000239.1:1747941-1748325|CDS|CYA_1742	100.000	384	0	0	1	384	1	384	0.0	693
Ga0374799_01_10033_10416	CP000240.1:633207-633606|CDS|CYB_0622	85.632	348	48	2	1	347	1	347	9.46e-111	396
Ga0374799_01_10659_12551	CP000239.1:1745845-1747699|CDS|CYA_1741	99.892	1854	2	0	40	1893	1	1854	0.0	3335
Ga0374799_01_10659_12551	CP000240.1:631291-633211|CDS|CYB_0623	86.651	1723	227	1	98	1817	98	1820	0.0	2069
Ga0374799_01_12914_13456	CP000239.1:1744901-1745444|CDS|CYA_1740	99.632	543	2	0	1	543	1	543	0.0	971
Ga0374799_01_12914_13456	CP000240.1:2214226-2214769|CDS|CYB_2120	82.143	532	89	2	6	534	6	534	3.20e-150	528
Ga0374799_01_12914_13456	CP000239.1:688252-688795|CDS|CYA_0681	82.042	529	95	0	6	534	6	534	1.12e-149	526
Ga0374799_01_13650_14786	CP000239.1:1743571-1744708|CDS|CYA_1739	98.153	1137	21	0	1	1137	1	1137	0.0	1957
Ga0374799_01_13650_14786	CP000240.1:1992539-1993676|CDS|CYB_1908	91.029	1137	102	0	1	1137	1	1137	0.0	1591
Ga0374799_01_14856_15914	CP000239.1:1742437-1743493|CDS|CYA_1738	87.879	1056	122	1	10	1059	1	1056	0.0	1329
Ga0374799_01_14856_15914	CP000240.1:1993755-1994811|CDS|CYB_1909	86.269	1056	139	1	10	1059	1	1056	0.0	1252
Ga0374799_01_16083_16550	CP000240.1:1995166-1995601|CDS|CYB_1910	84.434	424	66	0	2	425	2	425	2.25e-132	468
Ga0374799_01_16083_16550	CP000239.1:1741647-1742082|CDS|CYA_1737	83.726	424	69	0	2	425	2	425	4.96e-128	454
Ga0374799_01_16573_17940	CP000239.1:1740121-1741489|CDS|CYA_1736	91.155	1368	121	0	1	1368	1	1368	0.0	1922
Ga0374799_01_16573_17940	CP000240.1:1995759-1997127|CDS|CYB_1911	89.547	1368	143	0	1	1368	1	1368	0.0	1823
Ga0374799_01_18053_18850	CP000240.1:1997239-1998037|CDS|CYB_1912	95.614	798	35	0	1	798	1	798	0.0	1282
Ga0374799_01_18053_18850	CP000239.1:1739211-1740009|CDS|CYA_1735	95.489	798	36	0	1	798	1	798	0.0	1278
Ga0374799_01_18053_18850	CP000240.1:1111281-1112109|CDS|CYB_1074	72.231	623	167	4	57	676	84	703	7.09e-91	332
Ga0374799_01_18053_18850	CP000239.1:1564881-1565709|CDS|CYA_1555	70.400	625	185	0	52	676	79	703	1.78e-79	294
Ga0374799_01_18921_19814	CP000240.1:1998107-1999001|CDS|CYB_1913	99.329	894	6	0	1	894	1	894	0.0	1586
Ga0374799_01_18921_19814	CP000239.1:1738247-1739141|CDS|CYA_1734	99.105	894	8	0	1	894	1	894	0.0	1577
Ga0374799_01_19853_20836	CP000239.1:1737225-1738209|CDS|CYA_1733	98.984	984	10	0	1	984	1	984	0.0	1730
Ga0374799_01_19853_20836	CP000240.1:1999039-2000023|CDS|CYB_1914	98.882	984	11	0	1	984	1	984	0.0	1726
Ga0374799_01_20985_22046	CP000239.1:1736015-1737077|CDS|CYA_1732	99.341	1062	7	0	1	1062	1	1062	0.0	1884
Ga0374799_01_20985_22046	CP000240.1:2000171-2001233|CDS|CYB_1915	99.058	1062	10	0	1	1062	1	1062	0.0	1871
Ga0374799_01_22567_23547	CP000239.1:1734517-1735498|CDS|CYA_1730	97.350	981	26	0	1	981	1	981	0.0	1653
Ga0374799_01_22567_23547	CP000240.1:2001750-2002731|CDS|CYB_1917	97.044	981	29	0	1	981	1	981	0.0	1639
Ga0374799_01_23558_24853	CP000239.1:1733212-1734508|CDS|CYA_1729	95.370	1296	60	0	1	1296	1	1296	0.0	2067
Ga0374799_01_23558_24853	CP000240.1:2002740-2004036|CDS|CYB_1918	94.985	1296	65	0	1	1296	1	1296	0.0	2045
Ga0374799_01_24987_25568	CP000240.1:2004169-2004751|CDS|CYB_1919	99.828	582	1	0	1	582	1	582	0.0	1046
Ga0374799_01_24987_25568	CP000239.1:1732497-1733079|CDS|CYA_1728	99.828	582	1	0	1	582	1	582	0.0	1046
Ga0374799_01_25685_26896	CP000240.1:1803089-1804283|CDS|CYB_1722	93.103	1131	78	0	19	1149	1	1131	0.0	1689
Ga0374799_01_25685_26896	CP000240.1:2830275-2831565|CDS|CYB_2735	88.978	1243	88	3	19	1212	1	1243	0.0	1655
Ga0374799_01_25685_26896	CP000240.1:102811-104029|CDS|CYB_0087	89.737	1218	101	1	19	1212	1	1218	0.0	1651
Ga0374799_01_25685_26896	CP000240.1:2644164-2645358|CDS|CYB_2538	92.267	1125	87	0	19	1143	1	1125	0.0	1637
Ga0374799_01_25685_26896	CP000240.1:52430-53648|CDS|CYB_0041	90.996	1155	80	1	19	1149	1	1155	0.0	1632
Ga0374799_01_25685_26896	CP000240.1:1064975-1066169|CDS|CYB_1023	91.733	1125	93	0	19	1143	1	1125	0.0	1610
Ga0374799_01_25685_26896	CP000240.1:1521392-1522610|CDS|CYB_1450	90.339	1149	87	1	19	1143	1	1149	0.0	1590
Ga0374799_01_25685_26896	CP000240.1:638632-639850|CDS|CYB_0630	90.252	1149	88	1	19	1143	1	1149	0.0	1585
Ga0374799_01_25685_26896	CP000240.1:1190675-1191869|CDS|CYB_1151	91.208	1126	97	2	19	1143	1	1125	0.0	1578
Ga0374799_01_25685_26896	CP000240.1:2168360-2169515|CDS|CYB_2071	90.130	1155	114	0	19	1173	1	1155	0.0	1570
Ga0374799_01_25685_26896	CP000240.1:3008652-3009870|CDS|CYB_2910	89.524	1155	97	1	19	1149	1	1155	0.0	1555
Ga0374799_01_25685_26896	CP000240.1:1358129-1359347|CDS|CYB_1297	89.382	1149	98	1	19	1143	1	1149	0.0	1540
Ga0374799_01_25685_26896	CP000240.1:2796782-2798000|CDS|CYB_2707	89.034	1149	102	1	19	1143	1	1149	0.0	1522
Ga0374799_01_25685_26896	CP000240.1:2247371-2248565|CDS|CYB_2147	87.856	1194	145	0	19	1212	1	1194	0.0	1500
Ga0374799_01_25685_26896	CP000239.1:2170714-2171908|CDS|CYA_2158	89.390	1131	120	0	19	1149	1	1131	0.0	1499
Ga0374799_01_25685_26896	CP000239.1:774779-775973|CDS|CYA_0767	88.978	1125	124	0	19	1143	1	1125	0.0	1471
Ga0374799_01_25685_26896	CP000240.1:1083184-1084426|CDS|CYB_1042	86.853	1179	107	2	19	1149	1	1179	0.0	1462
Ga0374799_01_25685_26896	CP000240.1:1015074-1016268|CDS|CYB_0979	87.051	1197	149	2	19	1212	1	1194	0.0	1457
Ga0374799_01_25685_26896	CP000240.1:1954838-1956056|CDS|CYB_1872	87.532	1155	120	1	19	1149	1	1155	0.0	1452
Ga0374799_01_25685_26896	CP000239.1:712444-713638|CDS|CYA_0704	88.417	1131	131	0	19	1149	1	1131	0.0	1450
Ga0374799_01_25685_26896	CP000240.1:2210858-2212052|CDS|CYB_2117	88.533	1125	129	0	19	1143	1	1125	0.0	1448
Ga0374799_01_25685_26896	CP000240.1:2553363-2554557|CDS|CYB_2454	88.089	1125	134	0	19	1143	1	1125	0.0	1425
Ga0374799_01_25685_26896	CP000240.1:481588-482800|CDS|CYB_0472	86.068	1213	149	5	19	1212	1	1212	0.0	1422
Ga0374799_01_25685_26896	CP000239.1:1594889-1596107|CDS|CYA_1585	85.468	1218	153	1	19	1212	1	1218	0.0	1416
Ga0374799_01_25685_26896	CP000240.1:241642-242836|CDS|CYB_0233	85.774	1195	168	2	19	1212	1	1194	0.0	1382
Ga0374799_01_25685_26896	CP000239.1:893439-894633|CDS|CYA_0887	85.547	1197	167	2	19	1212	1	1194	0.0	1376
Ga0374799_01_25685_26896	CP000240.1:2565689-2566883|CDS|CYB_2468	85.511	1194	173	0	19	1212	1	1194	0.0	1374
Ga0374799_01_25685_26896	CP000240.1:1316312-1317548|CDS|CYB_1259	84.223	1236	153	4	19	1212	1	1236	0.0	1370
Ga0374799_01_25685_26896	CP000239.1:629980-631174|CDS|CYA_0620	86.311	1125	154	0	19	1143	1	1125	0.0	1335
Ga0374799_01_25685_26896	CP000240.1:345730-346924|CDS|CYB_0329	84.461	1197	180	2	19	1212	1	1194	0.0	1317
Ga0374799_01_25685_26896	CP000240.1:1384265-1385459|CDS|CYB_1322	84.255	1194	188	0	19	1212	1	1194	0.0	1306
Ga0374799_01_25685_26896	CP000240.1:2619921-2621115|CDS|CYB_2521	84.902	1126	168	2	19	1143	1	1125	0.0	1258
Ga0374799_01_25685_26896	CP000240.1:2661652-2662870|CDS|CYB_2557	83.464	1149	166	1	19	1143	1	1149	0.0	1233
Ga0374799_01_25685_26896	CP000239.1:994256-995468|CDS|CYA_0981	82.343	1212	196	2	19	1212	1	1212	0.0	1229
Ga0374799_01_25685_26896	CP000240.1:1244785-1246021|CDS|CYB_1201	81.553	1236	186	3	19	1212	1	1236	0.0	1226
Ga0374799_01_25685_26896	CP000240.1:1267756-1268992|CDS|CYB_1227	81.487	1237	185	5	19	1212	1	1236	0.0	1216
Ga0374799_01_25685_26896	CP000240.1:629484-630702|CDS|CYB_0620	82.470	1158	173	3	19	1149	1	1155	0.0	1187
Ga0374799_01_25685_26896	CP000239.1:698055-699204|CDS|CYA_0690	82.548	1146	176	1	19	1140	1	1146	0.0	1183
Ga0374799_01_25685_26896	CP000240.1:2933473-2934709|CDS|CYB_2835	80.772	1243	183	9	19	1212	1	1236	0.0	1175
Ga0374799_01_25685_26896	CP000240.1:605550-606744|CDS|CYB_0598	83.024	1131	192	0	19	1149	1	1131	0.0	1175
Ga0374799_01_25685_26896	CP000240.1:1842322-1843549|CDS|CYB_1759	81.952	1158	179	3	19	1149	1	1155	0.0	1160
Ga0374799_01_25685_26896	CP000240.1:2128026-2129220|CDS|CYB_2026	81.621	1197	214	5	19	1212	1	1194	0.0	1150
Ga0374799_01_25685_26896	CP000240.1:1917270-1918464|CDS|CYB_1826	79.616	1197	238	5	19	1212	1	1194	0.0	1042
Ga0374799_01_25685_26896	CP000240.1:1763450-1764623|CDS|CYB_1688	79.745	1175	232	5	19	1190	1	1172	0.0	1030
Ga0374799_01_25685_26896	CP000240.1:2506708-2507857|CDS|CYB_2410	77.533	1135	133	8	19	1032	1	1134	0.0	972
Ga0374799_01_25685_26896	CP000240.1:2219258-2220470|CDS|CYB_2126	77.348	1214	253	5	19	1212	1	1212	0.0	948
Ga0374799_01_25685_26896	CP000239.1:693322-694534|CDS|CYA_0687	77.348	1214	253	5	19	1212	1	1212	0.0	948
Ga0374799_01_25685_26896	CP000239.1:88305-89487|CDS|CYA_0091	79.137	973	201	2	24	995	6	977	0.0	833
Ga0374799_01_27407_27856	CP000240.1:2005222-2005771|CDS|CYB_1920	94.000	450	27	0	1	450	100	549	0.0	691
Ga0374799_01_27853_28524	CP000239.1:1731289-1732072|CDS|CYA_1727	97.321	672	18	0	1	672	112	783	0.0	1131
Ga0374799_01_27853_28524	CP000240.1:2005831-2006620|CDS|CYB_1921	82.453	644	89	2	1	644	109	728	0.0	665
Ga0374799_01_28649_28981	CP000239.1:1730943-1731276|CDS|CYA_1725	100.000	333	0	0	1	333	1	333	1.06e-172	601
Ga0374799_01_28649_28981	CP000240.1:2006633-2006954|CDS|CYB_1922	83.333	312	52	0	1	312	1	312	9.94e-91	329
Ga0374799_01_29191_30447	CP000239.1:1729477-1730680|CDS|CYA_1723	98.421	1203	19	0	55	1257	1	1203	0.0	2085
Ga0374799_01_29191_30447	CP000240.1:2007300-2008440|CDS|CYB_1924	84.089	1125	179	0	118	1242	1	1125	0.0	1223
Ga0374799_01_30422_32218	CP000239.1:1727721-1729503|CDS|CYA_1724	94.946	1761	89	0	37	1797	22	1782	0.0	2775
Ga0374799_01_30422_32218	CP000240.1:2008417-2010232|CDS|CYB_1923	80.150	1738	319	4	36	1748	33	1769	0.0	1585
Ga0374799_01_32215_32796	CP000239.1:1727143-1727725|CDS|CYA_1722	90.893	582	53	0	1	582	1	582	0.0	811
Ga0374799_01_32215_32796	CP000240.1:2010228-2010810|CDS|CYB_1925	86.770	582	77	0	1	582	1	582	0.0	703
Ga0374799_01_32816_33298	CP000239.1:1726656-1727124|CDS|CYA_1721	98.504	468	7	0	16	483	1	468	0.0	813
Ga0374799_01_32816_33298	CP000240.1:2010829-2011297|CDS|CYB_1926	96.368	468	17	0	16	483	1	468	0.0	768
Ga0374799_01_33381_34097	CP000239.1:1725842-1726559|CDS|CYA_1720	97.071	717	21	0	1	717	1	717	0.0	1199
Ga0374799_01_33381_34097	CP000240.1:2011394-2012111|CDS|CYB_1927	89.121	717	78	0	1	717	1	717	0.0	942
Ga0374799_01_34210_34617	CP000239.1:1725322-1725685|CDS|CYA_1718	98.623	363	5	0	46	408	1	363	0.0	633
Ga0374799_01_34210_34617	CP000240.1:2012260-2012626|CDS|CYB_1928	85.671	328	45	2	52	378	22	348	1.15e-103	373
Ga0374799_01_34584_35000	CP000239.1:1724939-1725356|CDS|CYA_1719	100.000	417	0	0	1	417	1	417	0.0	753
Ga0374799_01_35017_36165	CP000239.1:1723768-1724923|CDS|CYA_1717	99.826	1149	2	0	1	1149	7	1155	0.0	2064
Ga0374799_01_36187_36729	CP000239.1:1723210-1723624|CDS|CYA_1716	100.000	414	0	0	130	543	1	414	0.0	747
Ga0374799_01_37146_37538	CP000239.1:1722401-1723214|CDS|CYA_1715	100.000	393	0	0	1	393	421	813	0.0	710
Ga0374799_01_37146_37538	CP000240.1:364016-364817|CDS|CYB_0345	75.881	369	85	2	1	367	427	793	1.76e-69	260
Ga0374799_01_37603_37944	CP000239.1:1721995-1722337|CDS|CYA_1714	100.000	342	0	0	1	342	1	342	1.42e-177	618
Ga0374799_01_38000_38431	CP000239.1:1721508-1722021|CDS|CYA_1713	99.537	432	2	0	1	432	82	513	0.0	771
Ga0374799_01_38000_38431	CP000240.1:362823-363420|CDS|CYB_0344	80.048	416	74	2	1	410	169	581	1.00e-104	376
Ga0374799_01_38452_39150	CP000239.1:1720789-1721488|CDS|CYA_1712	100.000	699	0	0	1	699	1	699	0.0	1261
Ga0374799_01_38452_39150	CP000240.1:362119-362827|CDS|CYB_0343	78.134	686	141	2	1	677	1	686	7.04e-160	561
Ga0374799_01_39270_39794	CP000239.1:1720145-1720778|CDS|CYA_1711	100.000	525	0	0	1	525	109	633	0.0	948
Ga0374799_01_39270_39794	CP000240.1:361400-362072|CDS|CYB_0342	74.227	485	88	4	61	516	187	663	5.60e-90	327
Ga0374799_01_40232_40888	CP000239.1:1719051-1720002|CDS|CYA_1710	100.000	657	0	0	1	657	295	951	0.0	1186
Ga0374799_01_40232_40888	CP000240.1:360078-361053|CDS|CYB_0341	73.490	679	132	4	1	655	319	973	1.56e-123	439
Ga0374799_01_40870_41946	CP000239.1:1717993-1719319|CDS|CYA_1709	100.000	1077	0	0	1	1077	250	1326	0.0	1943
Ga0374799_01_40870_41946	CP000240.1:358766-360056|CDS|CYB_0340	87.864	1030	125	0	48	1077	42	1071	0.0	1295
Ga0374799_01_43687_44112	CP000239.1:1715834-1716260|CDS|CYA_1707	100.000	426	0	0	1	426	1	426	0.0	769
Ga0374799_01_44201_45439	CP000239.1:1713943-1715746|CDS|CYA_1706	99.839	1239	2	0	1	1239	565	1803	0.0	2226
Ga0374799_01_44201_45439	CP000240.1:1068087-1069890|CDS|CYB_1026	86.574	1229	165	0	1	1229	568	1796	0.0	1473
Ga0374799_01_45375_46004	CP000239.1:1713943-1715746|CDS|CYA_1706	99.365	630	3	1	1	630	1	629	0.0	1115
Ga0374799_01_45375_46004	CP000240.1:1068087-1069890|CDS|CYB_1026	84.543	634	92	3	1	630	1	632	0.0	694
Ga0374799_01_46181_46594	CP000239.1:1713323-1713767|CDS|CYA_1705	100.000	398	0	0	1	398	1	398	0.0	719
Ga0374799_01_46181_46594	CP000240.1:1067555-1067930|CDS|CYB_1025	85.205	365	54	0	1	365	1	365	1.09e-116	416
Ga0374799_01_46884_47570	CP000239.1:1712347-1713088|CDS|CYA_1704	99.709	687	2	0	1	687	55	741	0.0	1231
Ga0374799_01_46884_47570	CP000240.1:1066520-1067435|CDS|CYB_1024	79.751	642	126	2	2	641	188	827	4.66e-162	567
Ga0374799_01_48090_50900	CP000239.1:1709017-1711828|CDS|CYA_1703	99.822	2811	5	0	1	2811	1	2811	0.0	5048
Ga0374799_01_48090_50900	CP000240.1:1061683-1064512|CDS|CYB_1022	86.208	2835	361	5	1	2811	1	2829	0.0	3355
Ga0374799_01_50930_51910	CP000239.1:1708007-1708988|CDS|CYA_1702	100.000	981	0	0	1	981	1	981	0.0	1770
Ga0374799_01_50930_51910	CP000240.1:2081794-2082751|CDS|CYB_1982	87.248	941	120	0	1	941	1	941	0.0	1157
Ga0374799_01_52418_54367	CP000239.1:1705550-1707500|CDS|CYA_1701	99.949	1950	1	0	1	1950	1	1950	0.0	3513
Ga0374799_01_52418_54367	CP000240.1:2082995-2084942|CDS|CYB_1983	88.830	1898	212	0	1	1898	1	1898	0.0	2468
Ga0374799_01_54370_55314	CP000239.1:1704609-1705548|CDS|CYA_1700	97.231	939	26	0	7	945	1	939	0.0	1577
Ga0374799_01_54370_55314	CP000240.1:2084955-2086035|CDS|CYB_1984	84.904	934	138	3	1	932	138	1070	0.0	1039
Ga0374799_01_55461_57011	CP000239.1:1702906-1704457|CDS|CYA_1699	97.872	1551	33	0	1	1551	1	1551	0.0	2649
Ga0374799_01_55461_57011	CP000240.1:2086060-2087614|CDS|CYB_1985	86.920	1552	200	1	1	1549	1	1552	0.0	1883
Ga0374799_01_57053_58102	CP000239.1:1701866-1702865|CDS|CYA_1698	100.000	999	0	0	52	1050	1	999	0.0	1802
Ga0374799_01_57053_58102	CP000240.1:2087651-2088650|CDS|CYB_1986	88.028	994	119	0	57	1050	6	999	0.0	1257
Ga0374799_01_58305_60005	CP000239.1:1699912-1701610|CDS|CYA_1697	99.234	1698	13	0	4	1701	1	1698	0.0	3004
Ga0374799_01_58305_60005	CP000240.1:2089023-2090721|CDS|CYB_1987	89.458	1698	179	0	4	1701	1	1698	0.0	2256
Ga0374799_01_60181_62289	CP000239.1:1697728-1699789|CDS|CYA_1696	94.566	2061	97	2	64	2109	1	2061	0.0	3217
Ga0374799_01_60181_62289	CP000240.1:2090887-2092936|CDS|CYB_1988	90.723	2048	187	1	64	2108	1	2048	0.0	2836
Ga0374799_01_62470_63918	CP000239.1:1696036-1697485|CDS|CYA_1695	99.862	1449	2	0	1	1449	1	1449	0.0	2605
Ga0374799_01_62470_63918	CP000240.1:2093237-2094686|CDS|CYB_1989	78.469	1398	288	10	52	1443	52	1442	0.0	1131
Ga0374799_01_64210_65700	CP000239.1:1694020-1695745|CDS|CYA_1694	94.039	1342	80	0	1	1342	1	1342	0.0	2060
Ga0374799_01_64210_65700	CP000240.1:2096112-2097837|CDS|CYB_1991	86.119	1340	186	0	1	1340	1	1340	0.0	1579
Ga0374799_01_65697_66029	CP000239.1:1694020-1695745|CDS|CYA_1694	99.099	333	3	0	1	333	1393	1725	2.33e-168	588
Ga0374799_01_65697_66029	CP000240.1:2096112-2097837|CDS|CYB_1991	87.688	333	41	0	1	333	1393	1725	8.71e-117	416
Ga0374799_02_297_2156	CP000239.1:1602097-1603957|CDS|CYA_1593	99.946	1860	1	0	1	1860	1	1860	0.0	3351
Ga0374799_02_297_2156	CP000240.1:1896358-1898188|CDS|CYB_1812	85.003	1827	274	0	34	1860	4	1830	0.0	2060
Ga0374799_02_2170_3687	CP000239.1:1603970-1605488|CDS|CYA_1594	99.934	1518	1	0	1	1518	1	1518	0.0	2734
Ga0374799_02_2170_3687	CP000240.1:1894837-1896346|CDS|CYB_1811	85.017	1455	200	6	1	1446	1	1446	0.0	1631
Ga0374799_02_2170_3687	CP000240.1:2973825-2975361|CDS|CYB_2876	65.915	1153	364	19	148	1284	130	1269	1.28e-65	249
Ga0374799_02_3855_5000	CP000239.1:1605541-1606801|CDS|CYA_1595	100.000	1146	0	0	1	1146	115	1260	0.0	2067
Ga0374799_02_3855_5000	CP000240.1:1893619-1894801|CDS|CYB_1810	87.179	1053	135	0	1	1053	115	1167	0.0	1291
Ga0374799_02_5375_6535	CP000239.1:1607175-1608336|CDS|CYA_1597	99.914	1161	1	0	1	1161	1	1161	0.0	2090
Ga0374799_02_5375_6535	CP000240.1:1892267-1893431|CDS|CYB_1808	85.663	1123	161	0	1	1123	1	1123	0.0	1300
Ga0374799_02_6677_7345	CP000239.1:1608478-1609147|CDS|CYA_1598	100.000	669	0	0	1	669	1	669	0.0	1207
Ga0374799_02_6677_7345	CP000240.1:1891500-1892169|CDS|CYB_1807	81.532	666	121	2	1	665	1	665	0.0	640
Ga0374799_02_7364_8413	CP000239.1:1609165-1610215|CDS|CYA_1599	99.905	1050	1	0	1	1050	1	1050	0.0	1890
Ga0374799_02_7364_8413	CP000240.1:1890421-1891471|CDS|CYB_1806	86.952	1050	137	0	1	1050	1	1050	0.0	1277
Ga0374799_02_8502_8714	CP000239.1:1610303-1610516|CDS|CYA_1600	100.000	213	0	0	1	213	1	213	9.04e-108	385
Ga0374799_02_8502_8714	CP000240.1:1890120-1890333|CDS|CYB_1805	80.751	213	41	0	1	213	1	213	7.44e-52	200
Ga0374799_02_8754_8984	CP000239.1:1610555-1610786|CDS|CYA_1601	100.000	231	0	0	1	231	1	231	1.67e-117	417
Ga0374799_02_8754_8984	CP000240.1:1889853-1890084|CDS|CYB_1804	85.590	229	33	0	1	229	1	229	2.33e-71	265
Ga0374799_02_9136_9546	CP000239.1:1610937-1611348|CDS|CYA_1602	100.000	411	0	0	1	411	1	411	0.0	742
Ga0374799_02_9136_9546	CP000240.1:1889259-1889670|CDS|CYB_1803	82.630	403	64	2	11	410	11	410	1.61e-114	408
Ga0374799_02_10368_10535	CP000239.1:1613456-1613624|CDS|CYA_1605	100.000	168	0	0	1	168	1	168	1.87e-83	304
Ga0374799_02_10938_11324	CP000239.1:1614026-1614413|CDS|CYA_1606	100.000	387	0	0	1	387	1	387	0.0	699
Ga0374799_02_10938_11324	CP000240.1:1887576-1887981|CDS|CYB_1801	77.696	408	67	3	1	387	1	405	2.73e-92	334
Ga0374799_02_11379_11597	CP000239.1:1614467-1614686|CDS|CYA_1607	100.000	219	0	0	1	219	1	219	5.16e-111	396
Ga0374799_02_11379_11597	CP000240.1:1887227-1887446|CDS|CYB_1800	87.671	219	27	0	1	219	1	219	4.24e-74	274
Ga0374799_02_11751_12479	CP000239.1:1614728-1615568|CDS|CYA_1608	100.000	729	0	0	1	729	112	840	0.0	1315
Ga0374799_02_11751_12479	CP000240.1:1886342-1887170|CDS|CYB_1799	81.429	700	118	1	11	710	122	809	0.0	683
Ga0374799_02_12501_13226	CP000239.1:1615589-1616315|CDS|CYA_1609	99.587	726	3	0	1	726	1	726	0.0	1297
Ga0374799_02_12501_13226	CP000240.1:1885609-1886335|CDS|CYB_1798	83.425	724	120	0	1	724	1	724	0.0	765
Ga0374799_02_13776_14066	CP000239.1:1616846-1617155|CDS|CYA_1611	100.000	291	0	0	1	291	19	309	5.78e-150	526
Ga0374799_02_13776_14066	CP000240.1:1884495-1884804|CDS|CYB_1797	89.310	290	31	0	1	290	19	308	4.45e-107	384
Ga0374799_02_13776_14066	CP000239.1:1617246-1617588|CDS|CYA_1612	87.324	284	36	0	1	284	19	302	2.63e-97	351
Ga0374799_02_13776_14066	CP000240.1:1884082-1884424|CDS|CYB_1796	81.690	284	52	0	1	284	19	302	1.36e-75	279
Ga0374799_02_14176_14499	CP000239.1:1617246-1617588|CDS|CYA_1612	100.000	324	0	0	1	324	19	342	7.90e-168	585
Ga0374799_02_14176_14499	CP000240.1:1884082-1884424|CDS|CYB_1796	91.615	322	27	0	1	322	19	340	7.91e-130	460
Ga0374799_02_14176_14499	CP000239.1:1616846-1617155|CDS|CYA_1611	87.324	284	36	0	1	284	19	302	2.95e-97	351
Ga0374799_02_14176_14499	CP000240.1:1884495-1884804|CDS|CYB_1797	83.509	285	47	0	1	285	19	303	1.34e-82	303
Ga0374799_02_14500_14799	CP000239.1:1617588-1617888|CDS|CYA_1613	100.000	300	0	0	1	300	1	300	7.77e-155	542
Ga0374799_02_14500_14799	CP000240.1:1883783-1884083|CDS|CYB_1795	89.000	300	33	0	1	300	1	300	8.88e-110	393
Ga0374799_02_14929_16812	CP000239.1:1617936-1619901|CDS|CYA_1614	99.788	1884	4	0	1	1884	82	1965	0.0	3380
Ga0374799_02_14929_16812	CP000240.1:1881750-1883712|CDS|CYB_1794	82.877	1898	294	12	1	1884	82	1962	0.0	1932
Ga0374799_02_16875_17582	CP000239.1:1619981-1620671|CDS|CYA_1615	99.710	690	2	0	19	708	1	690	0.0	1236
Ga0374799_02_16875_17582	CP000240.1:1881000-1881660|CDS|CYB_1793	77.496	671	119	9	40	700	4	652	2.19e-147	518
Ga0374799_02_17614_18330	CP000239.1:1620702-1621419|CDS|CYA_1616	99.861	717	1	0	1	717	1	717	0.0	1289
Ga0374799_02_17614_18330	CP000240.1:1880251-1880968|CDS|CYB_1792	87.029	717	93	0	1	717	1	717	0.0	875
Ga0374799_02_18599_19012	CP000239.1:1621687-1622101|CDS|CYA_1617	100.000	414	0	0	1	414	1	414	0.0	747
Ga0374799_02_18599_19012	CP000240.1:1879608-1880013|CDS|CYB_1791	81.170	393	74	0	1	393	1	393	9.60e-105	376
Ga0374799_02_19409_19792	CP000239.1:1622497-1622881|CDS|CYA_1619	99.740	384	1	0	1	384	1	384	0.0	689
Ga0374799_02_19409_19792	CP000240.1:2987532-2987910|CDS|CYB_2889	85.955	356	50	0	1	356	1	356	2.89e-117	417
Ga0374799_02_20102_21361	CP000239.1:1623052-1624450|CDS|CYA_1620	99.841	1260	2	0	1	1260	139	1398	0.0	2264
Ga0374799_02_20102_21361	CP000240.1:2988076-2989450|CDS|CYB_2890	83.748	1206	196	0	3	1208	144	1349	0.0	1292
Ga0374799_02_21382_22569	CP000239.1:1624446-1625658|CDS|CYA_1621	99.916	1188	1	0	1	1188	25	1212	0.0	2139
Ga0374799_02_21382_22569	CP000240.1:2989446-2990658|CDS|CYB_2892	85.582	1186	171	0	1	1186	25	1210	0.0	1369
Ga0374799_02_22663_23562	CP000239.1:1625730-1626651|CDS|CYA_1622	99.889	900	1	0	1	900	22	921	0.0	1619
Ga0374799_02_22663_23562	CP000240.1:1987413-1988340|CDS|CYB_1902	84.770	893	136	0	1	893	22	914	0.0	998
Ga0374799_02_23791_24159	CP000239.1:1626879-1627374|CDS|CYA_1623	100.000	369	0	0	1	369	127	495	0.0	666
Ga0374799_02_23791_24159	CP000240.1:1986963-1987389|CDS|CYB_1901	82.370	346	61	0	19	364	58	403	1.18e-96	350
Ga0374799_02_24317_24808	CP000239.1:1627405-1628002|CDS|CYA_1624	100.000	492	0	0	1	492	106	597	0.0	888
Ga0374799_02_24317_24808	CP000240.1:1986368-1986860|CDS|CYB_1900	80.285	492	97	0	1	492	1	492	6.36e-127	451
Ga0374799_02_25194_25934	CP000239.1:1628282-1629023|CDS|CYA_1625	100.000	741	0	0	1	741	1	741	0.0	1337
Ga0374799_02_25194_25934	CP000240.1:1985629-1986343|CDS|CYB_1899	84.245	603	95	0	1	603	1	603	0.0	660
Ga0374799_02_26749_27882	CP000239.1:1629792-1630971|CDS|CYA_1627	100.000	1134	0	0	1	1134	46	1179	0.0	2046
Ga0374799_02_26749_27882	CP000240.1:1983818-1984997|CDS|CYB_1897	88.496	1130	130	0	5	1134	50	1179	0.0	1452
Ga0374799_02_27873_28523	CP000239.1:1630961-1631612|CDS|CYA_1626	99.846	651	1	0	1	651	1	651	0.0	1170
Ga0374799_02_27873_28523	CP000240.1:1983177-1983828|CDS|CYB_1898	85.561	651	94	0	1	651	1	651	0.0	751
Ga0374799_02_28582_28830	CP000239.1:1631670-1631919|CDS|CYA_1628	100.000	249	0	0	1	249	1	249	3.08e-127	450
Ga0374799_02_28958_29482	CP000239.1:1632070-1632571|CDS|CYA_1629	99.800	501	1	0	25	525	1	501	0.0	900
Ga0374799_02_28958_29482	CP000240.1:935938-936439|CDS|CYB_0906	82.209	489	87	0	25	513	1	489	7.77e-139	490
Ga0374799_02_29505_29813	CP000239.1:1632593-1632902|CDS|CYA_1630	100.000	309	0	0	1	309	1	309	1.04e-159	558
Ga0374799_02_29505_29813	CP000240.1:1333696-1334005|CDS|CYB_1278	88.997	309	34	0	1	309	1	309	1.45e-113	405
Ga0374799_02_29890_30498	CP000239.1:1632978-1633587|CDS|CYA_1631	100.000	609	0	0	1	609	1	609	0.0	1099
Ga0374799_02_29890_30498	CP000240.1:1334082-1334691|CDS|CYB_1279	85.386	609	89	0	1	609	1	609	0.0	698
Ga0374799_02_30618_32000	CP000239.1:1633706-1634978|CDS|CYA_1632	78.686	1309	238	10	79	1383	1	1272	0.0	1095
Ga0374799_02_30618_32000	CP000240.1:1334810-1336124|CDS|CYB_1280	77.582	1365	249	13	25	1383	1	1314	0.0	1076
Ga0374799_02_32283_33014	CP000239.1:1635201-1635933|CDS|CYA_1633	98.042	715	14	0	1	715	1	715	0.0	1227
Ga0374799_02_32283_33014	CP000240.1:1336293-1337025|CDS|CYB_1281	85.035	715	107	0	1	715	1	715	0.0	808
Ga0374799_02_33014_33481	CP000239.1:1635932-1636400|CDS|CYA_1634	99.573	468	2	0	1	468	1	468	0.0	836
Ga0374799_02_33014_33481	CP000240.1:1337042-1337507|CDS|CYB_1282	82.316	475	63	2	1	466	1	463	2.40e-138	489
Ga0374799_02_33981_34733	CP000239.1:1636900-1637653|CDS|CYA_1636	98.660	746	10	0	1	746	1	746	0.0	1301
Ga0374799_02_33981_34733	CP000240.1:1337728-1338484|CDS|CYB_1283	82.423	751	130	1	1	751	1	749	0.0	757
Ga0374799_03_415_1218	CP000239.1:1638376-1639180|CDS|CYA_1638	100.000	804	0	0	1	804	1	804	0.0	1451
Ga0374799_03_415_1218	CP000240.1:1609361-1610156|CDS|CYB_1534	87.626	792	92	1	1	792	1	786	0.0	988
Ga0374799_03_1394_2242	CP000239.1:1639355-1640204|CDS|CYA_1639	100.000	849	0	0	1	849	1	849	0.0	1532
Ga0374799_03_1394_2242	CP000240.1:1610315-1611092|CDS|CYB_1535	88.152	709	84	0	1	709	1	709	0.0	901
Ga0374799_03_2449_3864	CP000239.1:1640410-1641823|CDS|CYA_1640	99.647	1416	2	1	1	1416	1	1413	0.0	2530
Ga0374799_03_2449_3864	CP000240.1:1611314-1612730|CDS|CYB_1536	85.969	1404	197	0	13	1416	13	1416	0.0	1645
Ga0374799_03_3927_4916	CP000239.1:1641846-1642875|CDS|CYA_1641	99.798	990	2	0	1	990	40	1029	0.0	1777
Ga0374799_03_3927_4916	CP000240.1:1612786-1613734|CDS|CYB_1537	86.873	937	123	0	1	937	1	937	0.0	1136
Ga0374799_03_5564_5758	CP000240.1:1613936-1615136|CDS|CYB_1538	74.227	194	50	0	1	194	352	545	1.22e-29	125
Ga0374799_03_5957_6487	CP000240.1:1613936-1615136|CDS|CYB_1538	84.977	426	64	0	8	433	770	1195	4.07e-136	480
Ga0374799_03_6484_7617	CP000239.1:1646276-1647641|CDS|CYA_1647	99.735	1134	3	0	1	1134	232	1365	0.0	2032
Ga0374799_03_6484_7617	CP000240.1:1615212-1616532|CDS|CYB_1539	82.812	1152	180	3	1	1134	169	1320	0.0	1188
Ga0374799_03_8318_8647	CP000239.1:1648110-1648440|CDS|CYA_1649	99.697	330	1	0	1	330	1	330	1.89e-169	591
Ga0374799_03_8667_9743	CP000239.1:1648459-1649500|CDS|CYA_1650	99.712	1041	3	0	37	1077	1	1041	0.0	1865
Ga0374799_03_8667_9743	CP000240.1:1702788-1703874|CDS|CYB_1632	84.869	1031	156	0	1	1031	1	1031	0.0	1157
Ga0374799_03_9771_9986	CP000239.1:1649563-1649779|CDS|CYA_1651	100.000	216	0	0	1	216	1	216	2.16e-109	390
Ga0374799_03_9771_9986	CP000240.1:1703890-1704106|CDS|CYB_1633	85.116	215	32	0	1	215	1	215	2.03e-65	244
Ga0374799_03_10016_10210	CP000239.1:1649808-1650003|CDS|CYA_1652	100.000	195	0	0	1	195	1	195	4.83e-98	352
Ga0374799_03_10016_10210	CP000240.1:1704135-1704330|CDS|CYB_1634	91.282	195	17	0	1	195	1	195	1.07e-74	276
Ga0374799_03_10300_11154	CP000239.1:1650092-1650863|CDS|CYA_1653	99.870	771	1	0	85	855	1	771	0.0	1387
Ga0374799_03_10300_11154	CP000240.1:1704421-1705183|CDS|CYB_1635	82.171	774	123	2	85	855	1	762	0.0	779
Ga0374799_03_11202_12176	CP000239.1:1650994-1651969|CDS|CYA_1654	99.897	975	1	0	1	975	1	975	0.0	1755
Ga0374799_03_11202_12176	CP000240.1:1705314-1706301|CDS|CYB_1636	86.612	971	130	0	1	971	1	971	0.0	1166
Ga0374799_03_12298_12654	CP000239.1:1652091-1652448|CDS|CYA_1655	100.000	357	0	0	1	357	1	357	0.0	645
Ga0374799_03_12298_12654	CP000240.1:1706411-1706768|CDS|CYB_1638	84.551	356	53	2	1	355	1	355	4.53e-108	388
Ga0374799_03_12987_13889	CP000239.1:1652448-1653678|CDS|CYA_1656	99.134	808	6	1	97	903	91	898	0.0	1423
Ga0374799_03_12987_13889	CP000240.1:1706803-1708045|CDS|CYB_1639	76.342	913	194	9	1	897	1	907	0.0	653
Ga0374799_03_14168_18295	CP000240.1:1708079-1712408|CDS|CYB_1640	94.917	4112	185	1	1	4112	232	4319	0.0	6491
Ga0374799_03_14168_18295	CP000239.1:1653664-1658044|CDS|CYA_1657	87.424	4135	443	23	1	4107	232	4317	0.0	5079
Ga0374799_03_18768_21446	CP000239.1:1658285-1661042|CDS|CYA_1658	99.963	2679	1	0	1	2679	79	2757	0.0	4828
Ga0374799_03_18768_21446	CP000240.1:1712649-1715439|CDS|CYB_1641	84.851	2713	376	4	1	2679	79	2790	0.0	3054
Ga0374799_03_21649_23427	CP000239.1:1661166-1662945|CDS|CYA_1659	99.888	1778	2	0	1	1778	1	1778	0.0	3198
Ga0374799_03_21649_23427	CP000240.1:1854117-1855896|CDS|CYB_1772	83.895	1782	281	3	1	1779	1	1779	0.0	1912
Ga0374799_03_23405_23977	CP000240.1:1855873-1856446|CDS|CYB_1771	97.208	573	16	0	1	573	1	573	0.0	962
Ga0374799_04_1004_2017	CP000240.1:2785260-2786232|CDS|CYB_2697	82.854	939	152	4	34	966	1	936	0.0	958
Ga0374799_04_1004_2017	CP000239.1:1522832-1523861|CDS|CYA_1514	81.132	1007	180	5	1	997	1	1007	0.0	947
Ga0374799_04_2702_3499	CP000239.1:1524407-1525343|CDS|CYA_1515	100.000	798	0	0	1	798	139	936	0.0	1440
Ga0374799_04_2702_3499	CP000240.1:674337-675297|CDS|CYB_0661	80.438	731	119	2	1	707	166	896	0.0	687
Ga0374799_04_3504_3779	CP000239.1:1525395-1526391|CDS|CYA_1517	99.561	228	0	1	49	276	1	227	4.48e-113	404
Ga0374799_04_3727_4548	CP000239.1:1525395-1526391|CDS|CYA_1517	99.635	822	3	0	1	822	175	996	0.0	1470
Ga0374799_04_3727_4548	CP000240.1:673291-674284|CDS|CYB_0660	82.532	790	138	0	1	790	199	988	0.0	803
Ga0374799_04_5015_5185	CP000239.1:455920-457171|CDS|CYA_0436	81.622	185	20	2	1	171	809	625	1.29e-47	185
Ga0374799_04_6313_7548	CP000239.1:1527846-1529391|CDS|CYA_1518	99.919	1236	1	0	1	1236	310	1545	0.0	2225
Ga0374799_04_6313_7548	CP000240.1:2328105-2329659|CDS|CYB_2225	84.142	1236	196	0	1	1236	319	1554	0.0	1346
Ga0374799_04_7791_8402	CP000239.1:1529633-1530245|CDS|CYA_1519	100.000	612	0	0	1	612	1	612	0.0	1104
Ga0374799_04_7791_8402	CP000240.1:1128615-1129227|CDS|CYB_1094	88.235	612	72	0	1	612	1	612	0.0	780
Ga0374799_04_8567_9703	CP000239.1:1530409-1531546|CDS|CYA_1520	99.912	1137	1	0	1	1137	1	1137	0.0	2047
Ga0374799_04_8567_9703	CP000240.1:1129403-1130540|CDS|CYB_1095	89.515	1135	119	0	1	1135	1	1135	0.0	1511
Ga0374799_04_9850_11211	CP000239.1:1531692-1533054|CDS|CYA_1521	100.000	1362	0	0	1	1362	1	1362	0.0	2457
Ga0374799_04_9850_11211	CP000240.1:1130672-1132055|CDS|CYB_1096	83.282	1304	218	0	13	1316	13	1316	0.0	1370
Ga0374799_04_11364_12440	CP000239.1:1533206-1534283|CDS|CYA_1522	99.814	1077	2	0	1	1077	1	1077	0.0	1934
Ga0374799_04_11364_12440	CP000240.1:1132451-1133432|CDS|CYB_1098	84.352	965	151	0	97	1061	1	965	0.0	1060
Ga0374799_04_12494_13753	CP000239.1:1534363-1535596|CDS|CYA_1524	99.189	1233	10	0	28	1260	1	1233	0.0	2179
Ga0374799_04_12494_13753	CP000240.1:1133481-1134786|CDS|CYB_1100	80.184	1196	199	6	49	1207	100	1294	0.0	1096
Ga0374799_04_13704_15632	CP000239.1:1535546-1537475|CDS|CYA_1523	100.000	1929	0	0	1	1929	1	1929	0.0	3479
Ga0374799_04_13704_15632	CP000240.1:337815-339744|CDS|CYB_0322	86.559	1927	259	0	1	1927	1	1927	0.0	2308
Ga0374799_04_15814_16374	CP000239.1:1537656-1538217|CDS|CYA_1525	100.000	561	0	0	1	561	1	561	0.0	1012
Ga0374799_04_15814_16374	CP000240.1:339945-340485|CDS|CYB_0323	82.890	526	90	0	14	539	11	536	4.31e-155	544
Ga0374799_04_16386_17354	CP000239.1:1538228-1539197|CDS|CYA_1526	99.897	969	1	0	1	969	1	969	0.0	1744
Ga0374799_04_16386_17354	CP000240.1:340497-341463|CDS|CYB_0324	86.350	967	129	1	1	967	1	964	0.0	1148
Ga0374799_04_17559_18551	CP000239.1:1539401-1540394|CDS|CYA_1528	100.000	993	0	0	1	993	1	993	0.0	1792
Ga0374799_04_17559_18551	CP000240.1:341669-342692|CDS|CYB_0325	83.923	989	159	0	1	989	1	989	0.0	1067
Ga0374799_04_18631_19764	CP000239.1:1540473-1541559|CDS|CYA_1529	99.633	1089	1	1	1	1089	1	1086	0.0	1945
Ga0374799_04_18631_19764	CP000240.1:342763-343864|CDS|CYB_0326	78.982	1061	218	3	11	1067	20	1079	0.0	900
Ga0374799_04_19900_20457	CP000239.1:1541631-1542297|CDS|CYA_1530	100.000	558	0	0	1	558	109	666	0.0	1007
Ga0374799_04_19900_20457	CP000240.1:552116-552782|CDS|CYB_0537	83.303	557	93	0	2	558	110	666	1.40e-167	586
Ga0374799_04_20624_21412	CP000239.1:1542428-1543451|CDS|CYA_1531	99.747	789	2	0	1	789	235	1023	0.0	1415
Ga0374799_04_20624_21412	CP000240.1:552871-553828|CDS|CYB_0538	80.678	797	115	1	1	758	148	944	0.0	774
Ga0374799_04_21885_22637	CP000239.1:1543566-1544442|CDS|CYA_1532	99.203	753	6	0	1	753	124	876	0.0	1332
Ga0374799_04_21885_22637	CP000240.1:553988-555035|CDS|CYB_0539	87.332	671	85	0	1	671	232	902	0.0	828
Ga0374799_04_22643_23113	CP000239.1:1544447-1544918|CDS|CYA_1533	99.788	471	1	0	1	471	1	471	0.0	846
Ga0374799_04_22643_23113	CP000240.1:556211-556736|CDS|CYB_0541	85.996	457	64	0	1	457	1	457	5.32e-153	536
Ga0374799_04_23351_23575	CP000239.1:1545155-1545380|CDS|CYA_1534	100.000	225	0	0	1	225	1	225	2.94e-114	407
Ga0374799_04_23351_23575	CP000240.1:556996-557377|CDS|CYB_0544	88.444	225	26	0	1	225	157	381	5.68e-79	289
Ga0374799_04_23653_24261	CP000239.1:1545457-1545988|CDS|CYA_1535	100.000	531	0	0	79	609	1	531	0.0	958
Ga0374799_04_23653_24261	CP000240.1:1485676-1486204|CDS|CYB_1417	85.827	508	72	0	84	591	6	513	1.03e-169	592
Ga0374799_04_24274_25530	CP000239.1:1546078-1547335|CDS|CYA_1537	99.761	1257	3	0	1	1257	1	1257	0.0	2254
Ga0374799_04_24274_25530	CP000240.1:1486358-1487624|CDS|CYB_1419	85.857	1202	168	2	30	1230	36	1236	0.0	1395
Ga0374799_04_25527_25811	CP000239.1:1547331-1547745|CDS|CYA_1536	100.000	285	0	0	1	285	130	414	1.02e-146	515
Ga0374799_04_25527_25811	CP000240.1:1487620-1488043|CDS|CYB_1418	79.392	296	49	2	2	285	128	423	3.58e-70	261
Ga0374799_05_145_396	CP000239.1:2768581-2768833|CDS|CYA_2750	100.000	252	0	0	1	252	1	252	7.33e-129	455
Ga0374799_05_145_396	CP000240.1:637686-637947|CDS|CYB_0628	87.556	225	28	0	1	225	1	225	3.34e-76	280
Ga0374799_05_393_866	CP000239.1:2768829-2769303|CDS|CYA_2749	100.000	474	0	0	1	474	1	474	0.0	856
Ga0374799_05_393_866	CP000240.1:637943-638417|CDS|CYB_0627	85.654	474	68	0	1	474	1	474	8.49e-157	549
Ga0374799_05_1096_3012	CP000239.1:2769532-2771449|CDS|CYA_2751	99.896	1917	2	0	1	1917	1	1917	0.0	3449
Ga0374799_05_1096_3012	CP000240.1:639991-641908|CDS|CYB_0631	87.011	1917	249	0	1	1917	1	1917	0.0	2335
Ga0374799_05_3185_5386	CP000239.1:2771628-2773785|CDS|CYA_2752	99.907	2157	2	0	46	2202	1	2157	0.0	3882
Ga0374799_05_3185_5386	CP000240.1:642011-644168|CDS|CYB_0632	87.191	2147	275	0	46	2192	1	2147	0.0	2633
Ga0374799_05_3185_5386	CP000239.1:2141367-2143968|CDS|CYA_2127	62.772	1703	585	28	343	2019	331	2010	3.61e-30	132
Ga0374799_05_3185_5386	CP000240.1:2772842-2775443|CDS|CYB_2688	62.420	1711	578	28	343	2019	331	2010	6.53e-27	120
Ga0374799_05_5797_6900	CP000239.1:2774240-2775344|CDS|CYA_2753	99.909	1104	1	0	1	1104	1	1104	0.0	1987
Ga0374799_05_5797_6900	CP000240.1:644666-645770|CDS|CYB_0633	85.779	1104	155	2	1	1103	1	1103	0.0	1277
Ga0374799_05_7294_7743	CP000239.1:2775737-2776262|CDS|CYA_2754	100.000	450	0	0	1	450	76	525	0.0	812
Ga0374799_05_7294_7743	CP000240.1:646124-646640|CDS|CYB_0635	90.950	442	39	1	1	441	58	499	2.30e-176	614
Ga0374799_05_8213_9238	CP000239.1:2776449-2777682|CDS|CYA_2755	98.538	1026	15	0	1	1026	208	1233	0.0	1783
Ga0374799_05_8213_9238	CP000240.1:646850-648092|CDS|CYB_0636	85.138	1016	151	0	1	1016	217	1232	0.0	1152
Ga0374799_05_8213_9238	CP000239.1:2244161-2245424|CDS|CYA_2229	71.050	867	239	4	13	870	238	1101	5.41e-119	425
Ga0374799_05_8213_9238	CP000240.1:584582-585827|CDS|CYB_0578	68.565	878	242	13	13	870	220	1083	8.60e-85	312
Ga0374799_05_9557_11140	CP000239.1:2778000-2779584|CDS|CYA_2756	99.306	1584	11	0	1	1584	1	1584	0.0	2808
Ga0374799_05_9557_11140	CP000240.1:648159-649764|CDS|CYB_0637	84.365	1599	227	7	1	1577	1	1598	0.0	1746
Ga0374799_05_11208_11570	CP000239.1:2779651-2780014|CDS|CYA_2757	99.725	363	1	0	1	363	1	363	0.0	651
Ga0374799_05_12587_13888	CP000239.1:2781030-2782305|CDS|CYA_2758	99.922	1275	1	0	28	1302	1	1275	0.0	2296
Ga0374799_05_14324_17113	CP000239.1:2782775-2785574|CDS|CYA_2759	95.507	2782	125	0	1	2782	1	2782	0.0	4454
Ga0374799_05_14324_17113	CP000240.1:786056-788822|CDS|CYB_0765	85.615	2725	382	4	1	2720	1	2720	0.0	3139
Ga0374799_05_17318_18247	CP000239.1:2785627-2786557|CDS|CYA_2760	97.849	930	20	0	1	930	1	930	0.0	1588
Ga0374799_05_17318_18247	CP000240.1:2552207-2553134|CDS|CYB_2452	83.651	893	146	0	1	893	1	893	0.0	953
Ga0374799_05_18869_19189	CP000239.1:2786899-2787499|CDS|CYA_2761	99.688	321	1	0	1	321	280	600	1.41e-164	575
Ga0374799_05_18869_19189	CP000240.1:2554732-2555314|CDS|CYB_2455	77.329	322	71	2	1	321	262	582	3.13e-65	245
Ga0374799_06_976_1302	CP000239.1:1672705-1673014|CDS|CYA_1670	100.000	309	0	0	19	327	1	309	1.11e-159	558
Ga0374799_06_976_1302	CP000240.1:1208268-1208577|CDS|CYB_1170	84.416	308	48	0	19	326	1	308	5.39e-94	340
Ga0374799_06_1305_1526	CP000239.1:1673016-1673238|CDS|CYA_1672	100.000	222	0	0	1	222	1	222	1.23e-112	401
Ga0374799_06_1305_1526	CP000240.1:1208044-1208266|CDS|CYB_1169	89.140	221	24	0	1	221	1	221	1.60e-79	291
Ga0374799_06_1579_3129	CP000239.1:1673290-1674907|CDS|CYA_1673	99.936	1551	1	0	1	1551	67	1617	0.0	2793
Ga0374799_06_1579_3129	CP000240.1:1206388-1207999|CDS|CYB_1168	89.219	1549	167	0	1	1549	61	1609	0.0	2041
Ga0374799_06_3741_4508	CP000239.1:1675215-1676220|CDS|CYA_1674	99.870	768	1	0	1	768	238	1005	0.0	1381
Ga0374799_06_3741_4508	CP000240.1:1205038-1206028|CDS|CYB_1167	84.345	741	116	0	2	742	239	979	0.0	814
Ga0374799_06_4505_5287	CP000239.1:1676216-1676999|CDS|CYA_1675	99.872	783	1	0	1	783	1	783	0.0	1408
Ga0374799_06_4505_5287	CP000240.1:1204259-1205042|CDS|CYB_1166	86.247	778	107	0	1	778	1	778	0.0	921
Ga0374799_06_5482_5772	CP000239.1:1677193-1677484|CDS|CYA_1677	100.000	291	0	0	1	291	1	291	5.78e-150	526
Ga0374799_06_5482_5772	CP000240.1:1203778-1204063|CDS|CYB_1165	86.063	287	34	1	1	287	1	281	1.66e-93	339
Ga0374799_06_5482_5772	CP000239.1:529493-529808|CDS|CYA_0511	70.563	231	66	2	1	230	1	230	6.21e-23	104
Ga0374799_06_5482_5772	CP000240.1:316539-316863|CDS|CYB_0302	67.965	231	72	2	1	230	1	230	8.63e-15	77.0
Ga0374799_06_5812_6645	CP000239.1:1677523-1678357|CDS|CYA_1678	100.000	834	0	0	1	834	1	834	0.0	1505
Ga0374799_06_5812_6645	CP000240.1:1202876-1203710|CDS|CYB_1164	87.607	815	101	0	1	815	1	815	0.0	1015
Ga0374799_06_6661_7416	CP000239.1:1678372-1679128|CDS|CYA_1679	100.000	756	0	0	1	756	1	756	0.0	1364
Ga0374799_06_6661_7416	CP000240.1:1202090-1202852|CDS|CYB_1163	84.118	743	112	1	20	756	20	762	0.0	810
Ga0374799_06_7461_8414	CP000239.1:1679190-1680126|CDS|CYA_1680	99.679	936	3	0	19	954	1	936	0.0	1675
Ga0374799_06_7461_8414	CP000240.1:1201068-1201974|CDS|CYB_1162	85.405	877	128	0	78	954	30	906	0.0	1005
Ga0374799_06_8535_10292	CP000239.1:1680198-1682004|CDS|CYA_1681	99.829	1758	3	0	1	1758	49	1806	0.0	3158
Ga0374799_06_8535_10292	CP000240.1:1199190-1200996|CDS|CYB_1161	88.453	1758	203	0	1	1758	49	1806	0.0	2256
Ga0374799_06_10352_11128	CP000239.1:1682063-1682840|CDS|CYA_1682	100.000	777	0	0	1	777	1	777	0.0	1402
Ga0374799_06_10352_11128	CP000240.1:1198194-1198971|CDS|CYB_1160	89.433	776	82	0	1	776	1	776	0.0	1031
Ga0374799_06_11150_12286	CP000239.1:1682861-1683998|CDS|CYA_1683	100.000	1137	0	0	1	1137	1	1137	0.0	2051
Ga0374799_06_11150_12286	CP000240.1:1197013-1198162|CDS|CYB_1159	86.817	1153	132	4	1	1137	1	1149	0.0	1395
Ga0374799_06_12367_13263	CP000239.1:1684078-1684966|CDS|CYA_1684	100.000	888	0	0	10	897	1	888	0.0	1602
Ga0374799_06_12367_13263	CP000240.1:1195963-1196860|CDS|CYB_1158	88.603	895	102	0	1	895	1	895	0.0	1155
Ga0374799_06_13251_13751	CP000239.1:1684962-1685463|CDS|CYA_1685	100.000	501	0	0	1	501	1	501	0.0	904
Ga0374799_06_13251_13751	CP000240.1:1195469-1195976|CDS|CYB_1157	74.899	494	82	2	16	497	40	503	2.59e-100	361
Ga0374799_06_13822_14220	CP000239.1:1685533-1686058|CDS|CYA_1686	99.749	399	1	0	1	399	127	525	0.0	716
Ga0374799_06_14346_14882	CP000239.1:1686057-1686594|CDS|CYA_1687	100.000	537	0	0	1	537	1	537	0.0	969
Ga0374799_06_14346_14882	CP000240.1:2643153-2643696|CDS|CYB_2537	81.516	541	94	1	1	535	1	541	1.10e-149	526
Ga0374799_06_15274_16335	CP000239.1:1686985-1688047|CDS|CYA_1688	100.000	1062	0	0	1	1062	1	1062	0.0	1916
Ga0374799_06_15274_16335	CP000240.1:2102346-2103408|CDS|CYB_1996	79.213	1068	208	7	1	1061	1	1061	0.0	907
Ga0374799_06_16328_18019	CP000239.1:1688039-1689731|CDS|CYA_1689	99.941	1692	1	0	1	1692	1	1692	0.0	3048
Ga0374799_06_16328_18019	CP000240.1:2100626-2102354|CDS|CYB_1995	78.588	1714	323	10	11	1690	11	1714	0.0	1432
Ga0374799_07_269_484	CP000239.1:2734802-2736242|CDS|CYA_2715	99.537	216	0	1	1	216	527	313	1.12e-106	382
Ga0374799_07_269_484	CP000240.1:1756308-1757748|CDS|CYB_1680	92.040	201	16	0	7	207	522	322	1.56e-79	291
Ga0374799_07_1023_1373	CP000239.1:2736468-2736819|CDS|CYA_2716	100.000	351	0	0	1	351	1	351	0.0	634
Ga0374799_07_1023_1373	CP000240.1:1757982-1758333|CDS|CYB_1682	84.639	332	51	0	1	332	1	332	1.19e-102	370
Ga0374799_07_1486_1710	CP000239.1:2736916-2737156|CDS|CYA_2717	100.000	225	0	0	1	225	16	240	2.94e-114	407
Ga0374799_07_1486_1710	CP000240.1:1853532-1853763|CDS|CYB_1769	80.952	231	38	1	1	225	1	231	8.44e-58	220
Ga0374799_07_1757_2023	CP000239.1:2737202-2738195|CDS|CYA_2718	100.000	267	0	0	1	267	727	993	5.62e-137	482
Ga0374799_07_1757_2023	CP000240.1:1852690-1853497|CDS|CYB_1768	81.739	230	42	0	4	233	544	773	6.87e-60	226
Ga0374799_07_2265_2609	CP000239.1:2737202-2738195|CDS|CYA_2718	97.391	345	9	0	1	345	435	91	1.03e-166	582
Ga0374799_07_2265_2609	CP000239.1:2737202-2738195|CDS|CYA_2718	97.391	345	9	0	1	345	510	166	1.03e-166	582
Ga0374799_07_2265_2609	CP000239.1:2737202-2738195|CDS|CYA_2718	97.391	345	9	0	1	345	585	241	1.03e-166	582
Ga0374799_07_2265_2609	CP000239.1:2737202-2738195|CDS|CYA_2718	97.101	345	10	0	1	345	660	316	1.25e-165	578
Ga0374799_07_2265_2609	CP000239.1:2737202-2738195|CDS|CYA_2718	96.605	324	11	0	22	345	714	391	1.34e-152	535
Ga0374799_07_2265_2609	CP000239.1:2737202-2738195|CDS|CYA_2718	94.463	307	17	0	1	307	360	54	3.15e-135	478
Ga0374799_07_2265_2609	CP000240.1:1852690-1853497|CDS|CYB_1768	76.190	336	72	8	14	345	524	193	4.70e-57	217
Ga0374799_07_2265_2609	CP000240.1:1852690-1853497|CDS|CYB_1768	75.964	337	73	8	13	345	450	118	5.72e-56	214
Ga0374799_07_2265_2609	CP000240.1:1852690-1853497|CDS|CYB_1768	76.667	270	57	6	13	279	375	109	3.38e-46	182
Ga0374799_07_2805_3080	CP000239.1:2738225-2738507|CDS|CYA_2719	100.000	276	0	0	1	276	7	282	7.58e-142	499
Ga0374799_07_2805_3080	CP000240.1:1050508-1050784|CDS|CYB_1011	86.957	276	36	0	1	276	1	276	5.47e-93	336
Ga0374799_07_3461_4231	CP000239.1:2741782-2742499|CDS|CYA_2726	89.212	723	69	3	52	771	1	717	0.0	948
Ga0374799_07_3461_4231	CP000240.1:1049216-1049963|CDS|CYB_1009	80.247	729	129	5	44	769	29	745	0.0	657
Ga0374799_07_4441_5784	CP000239.1:2742708-2744052|CDS|CYA_2727	99.777	1344	3	0	1	1344	1	1344	0.0	2411
Ga0374799_07_4441_5784	CP000240.1:1047611-1048967|CDS|CYB_1008	80.360	1222	215	7	131	1335	119	1332	0.0	1113
Ga0374799_07_5852_6355	CP000239.1:2744119-2744623|CDS|CYA_2728	99.802	504	1	0	1	504	1	504	0.0	905
Ga0374799_07_5852_6355	CP000240.1:1047060-1047564|CDS|CYB_1007	80.247	486	96	0	14	499	14	499	2.78e-125	444
Ga0374799_07_6421_7266	CP000239.1:2744658-2745534|CDS|CYA_2729	99.764	846	2	0	1	846	31	876	0.0	1517
Ga0374799_07_6421_7266	CP000240.1:1046131-1046998|CDS|CYB_1006	82.431	831	140	1	1	825	31	861	0.0	842
Ga0374799_07_7552_9207	CP000239.1:2745810-2747475|CDS|CYA_2730	99.457	1656	9	0	1	1656	10	1665	0.0	2947
Ga0374799_07_7552_9207	CP000240.1:2038634-2040356|CDS|CYB_1946	81.845	1724	239	12	1	1654	1	1720	0.0	1711
Ga0374799_07_9223_9438	CP000239.1:2747490-2747706|CDS|CYA_2731	100.000	216	0	0	1	216	1	216	2.16e-109	390
Ga0374799_07_9223_9438	CP000240.1:2038231-2038597|CDS|CYB_1945	77.523	218	46	2	1	216	1	217	4.46e-42	167
Ga0374799_07_9645_11441	CP000239.1:2747912-2749709|CDS|CYA_2732	92.487	1797	135	0	1	1797	1	1797	0.0	2633
Ga0374799_07_9645_11441	CP000240.1:2036151-2037948|CDS|CYB_1944	92.423	1795	136	0	1	1795	1	1795	0.0	2625
Ga0374799_07_11941_12855	CP000240.1:2034748-2035831|CDS|CYB_1943	94.072	911	54	0	1	911	169	1079	0.0	1400
Ga0374799_07_13335_14186	CP000239.1:2750054-2750906|CDS|CYA_2734	94.718	852	45	0	1	852	1	852	0.0	1334
Ga0374799_07_13335_14186	CP000240.1:2033502-2034327|CDS|CYB_1942	93.860	798	49	0	1	798	1	798	0.0	1219
Ga0374799_07_14324_15442	CP000239.1:2751043-2752162|CDS|CYA_2735	100.000	1119	0	0	1	1119	1	1119	0.0	2019
Ga0374799_07_14324_15442	CP000240.1:2032211-2033330|CDS|CYB_1941	87.069	1044	135	0	1	1044	1	1044	0.0	1275
Ga0374799_07_15461_15745	CP000239.1:2752180-2752465|CDS|CYA_2736	100.000	285	0	0	1	285	1	285	1.02e-146	515
Ga0374799_07_15461_15745	CP000240.1:2031904-2032189|CDS|CYB_1940	87.633	283	35	0	1	283	1	283	7.36e-98	353
Ga0374799_08_53_1057	CP000239.1:1795707-1797021|CDS|CYA_1795	100.000	1005	0	0	1	1005	310	1314	0.0	1813
Ga0374799_08_53_1057	CP000240.1:1698659-1699937|CDS|CYB_1628	83.281	957	160	0	1	957	286	1242	0.0	1005
Ga0374799_08_1146_1700	CP000239.1:1795064-1795619|CDS|CYA_1794	99.640	555	2	0	1	555	1	555	0.0	993
Ga0374799_08_1146_1700	CP000240.1:1697950-1698505|CDS|CYB_1626	85.405	555	81	0	1	555	1	555	0.0	636
Ga0374799_08_1713_2234	CP000239.1:1794530-1795040|CDS|CYA_1793	100.000	510	0	0	13	522	1	510	0.0	921
Ga0374799_08_1713_2234	CP000240.1:1697421-1697934|CDS|CYB_1625	76.331	507	113	4	21	522	9	513	2.70e-100	362
Ga0374799_08_2432_3754	CP000239.1:1793010-1794354|CDS|CYA_1792	99.924	1323	1	0	1	1323	22	1344	0.0	2382
Ga0374799_08_2432_3754	CP000240.1:1695936-1697277|CDS|CYB_1624	84.397	1269	189	3	1	1266	16	1278	0.0	1391
Ga0374799_08_3792_5837	CP000239.1:1790927-1792973|CDS|CYA_1791	98.680	2046	27	0	1	2046	1	2046	0.0	3569
Ga0374799_08_3792_5837	CP000240.1:2340848-2342864|CDS|CYB_2234	82.486	1987	342	2	56	2039	2	1985	0.0	2012
Ga0374799_08_6090_6878	CP000239.1:1789886-1790675|CDS|CYA_1789	100.000	789	0	0	1	789	1	789	0.0	1424
Ga0374799_08_6090_6878	CP000240.1:2343335-2344115|CDS|CYB_2236	82.323	775	125	2	27	789	6	780	0.0	783
Ga0374799_08_6937_7848	CP000239.1:1788916-1789828|CDS|CYA_1788	99.890	912	1	0	1	912	1	912	0.0	1641
Ga0374799_08_6937_7848	CP000240.1:2344164-2345076|CDS|CYB_2237	83.111	900	147	4	16	911	13	911	0.0	925
Ga0374799_08_7901_8419	CP000239.1:1788360-1788864|CDS|CYA_1787	100.000	504	0	0	16	519	1	504	0.0	910
Ga0374799_08_7901_8419	CP000240.1:2345084-2345573|CDS|CYB_2238	83.636	495	72	2	16	510	1	486	3.05e-150	527
Ga0374799_08_8490_9095	CP000239.1:1787606-1788275|CDS|CYA_1786	99.835	606	1	0	1	606	64	669	0.0	1089
Ga0374799_08_8490_9095	CP000240.1:2345662-2346151|CDS|CYB_2239	82.255	479	85	0	118	596	1	479	4.67e-136	481
Ga0374799_08_9202_10380	CP000239.1:1786384-1787563|CDS|CYA_1785	99.830	1179	2	0	1	1179	1	1179	0.0	2118
Ga0374799_08_9202_10380	CP000240.1:2346623-2347814|CDS|CYB_2241	86.650	1191	147	1	1	1179	1	1191	0.0	1438
Ga0374799_08_10710_11123	CP000239.1:1785641-1786055|CDS|CYA_1784	99.758	414	1	0	1	414	1	414	0.0	743
Ga0374799_08_10710_11123	CP000239.1:1785658-1786702|CDS|CYA_1783	99.748	397	1	0	18	414	1044	648	0.0	712
Ga0374799_08_10710_11123	CP000240.1:1266949-1267360|CDS|CYB_1224	86.715	414	52	1	1	414	1	411	4.07e-141	498
Ga0374799_08_11197_11760	CP000239.1:1785004-1785568|CDS|CYA_1782	99.823	564	1	0	1	564	1	564	0.0	1013
Ga0374799_08_11197_11760	CP000240.1:1266320-1266884|CDS|CYB_1223	88.256	562	66	0	1	562	1	562	0.0	717
Ga0374799_08_12079_12789	CP000239.1:1783975-1784686|CDS|CYA_1780	99.719	711	2	0	1	711	1	711	0.0	1274
Ga0374799_08_12079_12789	CP000240.1:1265311-1266022|CDS|CYB_1222	88.620	703	80	0	1	703	1	703	0.0	908
Ga0374799_08_12889_13314	CP000239.1:1783450-1783876|CDS|CYA_1779	99.765	426	1	0	1	426	1	426	0.0	765
Ga0374799_08_12889_13314	CP000240.1:1264779-1265205|CDS|CYB_1221	86.854	426	56	0	1	426	1	426	4.48e-147	517
Ga0374799_08_13324_13995	CP000239.1:1782769-1783441|CDS|CYA_1778	99.851	672	1	0	1	672	1	672	0.0	1208
Ga0374799_08_13324_13995	CP000240.1:1264104-1264770|CDS|CYB_1220	87.897	661	80	0	12	672	6	666	0.0	832
Ga0374799_08_14079_14384	CP000239.1:1782419-1782686|CDS|CYA_1777	100.000	267	0	0	40	306	1	267	6.52e-137	482
Ga0374799_08_14079_14384	CP000240.1:1263769-1264042|CDS|CYB_1219	82.051	273	43	1	40	306	1	273	6.12e-74	273
Ga0374799_08_14447_14800	CP000239.1:1781964-1782318|CDS|CYA_1776	99.718	354	1	0	1	354	1	354	0.0	635
Ga0374799_08_14791_15552	CP000239.1:1781212-1781974|CDS|CYA_1775	100.000	762	0	0	1	762	1	762	0.0	1375
Ga0374799_08_14791_15552	CP000240.1:1262529-1263285|CDS|CYB_1217	88.340	729	85	0	1	729	1	729	0.0	932
Ga0374799_08_15558_15977	CP000239.1:1780607-1781207|CDS|CYA_1774	99.762	420	1	0	1	420	181	600	0.0	754
Ga0374799_08_15558_15977	CP000240.1:1262125-1262524|CDS|CYB_1216	83.038	395	61	1	1	395	1	389	1.35e-115	412
Ga0374799_09_1907_2527	CP000239.1:1599101-1599743|CDS|CYA_1590	100.000	621	0	0	1	621	22	642	0.0	1121
Ga0374799_09_1907_2527	CP000240.1:410060-410741|CDS|CYB_0396	78.704	648	102	5	1	612	22	669	7.59e-159	557
Ga0374799_09_2586_3050	CP000239.1:1598578-1599034|CDS|CYA_1589	98.465	456	7	0	10	465	1	456	0.0	792
Ga0374799_09_2586_3050	CP000240.1:409536-410001|CDS|CYB_0395	87.312	465	59	0	1	465	1	465	7.29e-164	573
Ga0374799_09_3222_3737	CP000239.1:1597901-1598534|CDS|CYA_1588	89.899	495	50	0	22	516	139	633	0.0	668
Ga0374799_09_3222_3737	CP000240.1:408865-409492|CDS|CYB_0394	85.714	490	69	1	22	511	139	627	1.21e-161	565
Ga0374799_09_3763_4203	CP000239.1:1597435-1597876|CDS|CYA_1586	99.773	441	1	0	1	441	1	441	0.0	792
Ga0374799_09_3763_4203	CP000240.1:408375-408834|CDS|CYB_0392	97.789	407	9	0	35	441	53	459	0.0	694
Ga0374799_09_4200_5474	CP000239.1:1596164-1597439|CDS|CYA_1587	93.255	1275	86	0	1	1275	1	1275	0.0	1912
Ga0374799_09_4200_5474	CP000240.1:407104-408379|CDS|CYB_0393	92.863	1275	91	0	1	1275	1	1275	0.0	1890
Ga0374799_09_5903_7645	CP000239.1:1587091-1588858|CDS|CYA_1577	89.284	1689	181	0	55	1743	79	1767	0.0	2231
Ga0374799_09_5903_7645	CP000240.1:398115-399882|CDS|CYB_0382	84.942	1720	235	2	1	1696	1	1720	0.0	1948
Ga0374799_09_7760_9490	CP000239.1:1585246-1586977|CDS|CYA_1576	99.942	1731	1	0	1	1731	1	1731	0.0	3118
Ga0374799_09_7760_9490	CP000240.1:396251-398000|CDS|CYB_0381	88.745	1697	191	0	33	1729	51	1747	0.0	2200
Ga0374799_09_9571_9945	CP000239.1:1584647-1585166|CDS|CYA_1575	100.000	375	0	0	1	375	145	519	0.0	677
Ga0374799_09_10119_10769	CP000239.1:1583967-1584618|CDS|CYA_1574	100.000	651	0	0	1	651	1	651	0.0	1175
Ga0374799_09_10119_10769	CP000240.1:394511-395162|CDS|CYB_0379	86.207	638	88	0	1	638	1	638	0.0	755
Ga0374799_09_10851_11192	CP000239.1:1583544-1583886|CDS|CYA_1573	100.000	342	0	0	1	342	1	342	1.42e-177	618
Ga0374799_09_10851_11192	CP000240.1:394085-394427|CDS|CYB_0378	85.503	338	49	0	1	338	1	338	1.25e-108	389
Ga0374799_09_11241_11579	CP000239.1:1583157-1583496|CDS|CYA_1572	99.705	339	1	0	1	339	1	339	2.54e-174	608
Ga0374799_09_11241_11579	CP000240.1:393662-394001|CDS|CYB_0377	80.597	335	65	0	1	335	1	335	2.72e-85	312
Ga0374799_09_11981_13072	CP000239.1:1580612-1582763|CDS|CYA_1571	100.000	1092	0	0	1	1092	1060	2151	0.0	1970
Ga0374799_09_11981_13072	CP000240.1:390960-393057|CDS|CYB_0376	84.718	1047	136	3	1	1023	991	2037	0.0	1176
Ga0374799_10_344_937	CP000239.1:1446255-1446849|CDS|CYA_1439	97.643	594	14	0	1	594	1	594	0.0	1009
Ga0374799_10_344_937	CP000239.1:732513-733107|CDS|CYA_0727	97.475	594	15	0	1	594	1	594	0.0	1004
Ga0374799_10_344_937	CP000239.1:2698805-2699423|CDS|CYA_2684	95.146	618	6	1	1	594	1	618	0.0	997
Ga0374799_10_344_937	CP000239.1:819297-819891|CDS|CYA_0808	96.970	594	18	0	1	594	1	594	0.0	991
Ga0374799_10_344_937	CP000239.1:606571-607189|CDS|CYA_0595	94.822	618	8	1	1	594	1	618	0.0	988
Ga0374799_10_344_937	CP000239.1:2018987-2019605|CDS|CYA_2002	94.498	618	10	1	1	594	1	618	0.0	979
Ga0374799_10_344_937	CP000239.1:1644319-1644937|CDS|CYA_1645	94.498	618	10	1	1	594	1	618	0.0	979
Ga0374799_10_344_937	CP000239.1:1384976-1385594|CDS|CYA_1374	94.498	618	10	1	1	594	1	618	0.0	979
Ga0374799_10_344_937	CP000239.1:1479753-1480371|CDS|CYA_1472	94.337	618	11	1	1	594	1	618	0.0	975
Ga0374799_10_344_937	CP000239.1:1778901-1779495|CDS|CYA_1772	96.296	594	22	0	1	594	1	594	0.0	973
Ga0374799_10_344_937	CP000239.1:2259861-2260479|CDS|CYA_2250	94.175	618	12	1	1	594	1	618	0.0	970
Ga0374799_10_344_937	CP000239.1:1948621-1949239|CDS|CYA_1937	94.175	618	12	1	1	594	1	618	0.0	970
Ga0374799_10_344_937	CP000239.1:1898603-1899197|CDS|CYA_1891	96.128	594	23	0	1	594	1	594	0.0	968
Ga0374799_10_344_937	CP000239.1:411427-412021|CDS|CYA_0397	96.128	594	23	0	1	594	1	594	0.0	968
Ga0374799_10_344_937	CP000239.1:2709545-2710163|CDS|CYA_2694	93.851	618	14	1	1	594	1	618	0.0	961
Ga0374799_10_344_937	CP000239.1:363923-364541|CDS|CYA_0346	93.851	618	14	1	1	594	1	618	0.0	961
Ga0374799_10_344_937	CP000239.1:2434480-2435074|CDS|CYA_2425	95.791	594	25	0	1	594	1	594	0.0	959
Ga0374799_10_344_937	CP000239.1:2402867-2403461|CDS|CYA_2392	95.455	594	27	0	1	594	1	594	0.0	950
Ga0374799_10_344_937	CP000240.1:31634-32228|CDS|CYB_0025	95.286	594	28	0	1	594	1	594	0.0	946
Ga0374799_10_344_937	CP000239.1:2598423-2599041|CDS|CYA_2572	92.880	618	20	1	1	594	1	618	0.0	934
Ga0374799_10_344_937	CP000240.1:22428-23022|CDS|CYB_0019	94.781	594	31	0	1	594	1	594	0.0	932
Ga0374799_10_344_937	CP000239.1:2450192-2450786|CDS|CYA_2439	93.939	594	36	0	1	594	1	594	0.0	910
Ga0374799_10_1039_1482	CP000239.1:1774360-1776115|CDS|CYA_1767	98.874	444	5	0	1	444	1312	1755	0.0	779
Ga0374799_10_1039_1482	CP000240.1:1257375-1259115|CDS|CYB_1211	89.342	441	47	0	4	444	1300	1740	3.84e-167	584
Ga0374799_10_1592_2641	CP000239.1:1773201-1774251|CDS|CYA_1766	96.857	1050	33	0	1	1050	1	1050	0.0	1746
Ga0374799_10_1592_2641	CP000240.1:1255627-1256677|CDS|CYB_1209	88.571	1050	120	0	1	1050	1	1050	0.0	1353
Ga0374799_10_2802_4280	CP000239.1:1771686-1773120|CDS|CYA_1764	95.816	1434	60	0	46	1479	1	1434	0.0	2316
Ga0374799_10_2802_4280	CP000240.1:1253988-1255434|CDS|CYB_1208	87.967	1446	174	0	34	1479	1	1446	0.0	1824
Ga0374799_10_4647_8120	CP000239.1:1767739-1771210|CDS|CYA_1763	94.761	3474	179	1	1	3474	1	3471	0.0	5443
Ga0374799_10_4647_8120	CP000240.1:1250049-1253526|CDS|CYB_1207	88.621	3480	387	2	1	3474	1	3477	0.0	4490
Ga0374799_10_8224_9159	CP000239.1:1766700-1767636|CDS|CYA_1762	100.000	936	0	0	1	936	1	936	0.0	1689
Ga0374799_10_8224_9159	CP000240.1:1248993-1249929|CDS|CYB_1206	84.418	937	144	2	1	936	1	936	0.0	1025
Ga0374799_10_9156_9938	CP000239.1:1765921-1766704|CDS|CYA_1761	98.084	783	15	0	1	783	1	783	0.0	1345
Ga0374799_10_9156_9938	CP000240.1:1248214-1248994|CDS|CYB_1205	87.093	767	99	0	17	783	14	780	0.0	938
Ga0374799_10_9946_10473	CP000239.1:1765416-1765914|CDS|CYA_1760	100.000	471	0	0	58	528	28	498	0.0	850
Ga0374799_10_9946_10473	CP000240.1:1247662-1248196|CDS|CYB_1204	81.121	535	89	4	1	526	1	532	1.24e-142	503
Ga0374799_10_10682_10957	CP000239.1:1764599-1764986|CDS|CYA_1759	100.000	276	0	0	1	276	112	387	7.58e-142	499
Ga0374799_10_10682_10957	CP000240.1:1247140-1247623|CDS|CYB_1203	86.496	274	37	0	1	274	208	481	2.83e-90	328
Ga0374799_10_10967_11488	CP000239.1:1764134-1764590|CDS|CYA_1758	100.000	456	0	0	67	522	1	456	0.0	823
Ga0374799_10_10967_11488	CP000240.1:1244277-1244703|CDS|CYB_1200	85.308	422	62	0	68	489	2	423	1.15e-136	482
Ga0374799_11_341_928	CP000239.1:1258475-1258955|CDS|CYA_1246	100.000	480	0	0	109	588	1	480	0.0	866
Ga0374799_11_341_928	CP000240.1:1174614-1175091|CDS|CYB_1138	88.170	448	53	0	109	556	1	448	1.14e-162	570
Ga0374799_11_997_1803	CP000239.1:1258972-1259830|CDS|CYA_1247	99.876	807	1	0	1	807	52	858	0.0	1452
Ga0374799_11_997_1803	CP000240.1:1173714-1174596|CDS|CYB_1137	80.440	818	136	2	1	794	52	869	0.0	767
Ga0374799_11_2113_4849_DR1	CP000239.1:1860048-1860273|CDS|CYA_1856	97.222	36	1	0	1	36	52	87	3.97e-11	61.7
Ga0374799_11_2113_4849_DR2	CP000239.1:1860048-1860273|CDS|CYA_1856	97.222	36	1	0	1	36	52	87	3.97e-11	61.7
Ga0374799_11_2113_4849_DR3	CP000239.1:1860048-1860273|CDS|CYA_1856	97.222	36	1	0	1	36	52	87	3.97e-11	61.7
Ga0374799_11_2113_4849_DR4	CP000239.1:1860048-1860273|CDS|CYA_1856	97.222	36	1	0	1	36	52	87	3.97e-11	61.7
Ga0374799_11_2113_4849_DR5	CP000239.1:1860048-1860273|CDS|CYA_1856	97.222	36	1	0	1	36	52	87	3.97e-11	61.7
Ga0374799_11_2113_4849_DR6	CP000239.1:1860048-1860273|CDS|CYA_1856	97.222	36	1	0	1	36	52	87	3.97e-11	61.7
Ga0374799_11_2113_4849_DR7	CP000239.1:1860048-1860273|CDS|CYA_1856	97.222	36	1	0	1	36	52	87	3.97e-11	61.7
Ga0374799_11_2113_4849_DR8	CP000239.1:1860048-1860273|CDS|CYA_1856	97.222	36	1	0	1	36	52	87	3.97e-11	61.7
Ga0374799_11_2113_4849_DR9	CP000239.1:1860048-1860273|CDS|CYA_1856	97.222	36	1	0	1	36	52	87	3.97e-11	61.7
Ga0374799_11_2113_4849_DR10	CP000239.1:1860048-1860273|CDS|CYA_1856	97.222	36	1	0	1	36	52	87	3.97e-11	61.7
Ga0374799_11_2113_4849_DR11	CP000239.1:1860048-1860273|CDS|CYA_1856	97.222	36	1	0	1	36	52	87	3.97e-11	61.7
Ga0374799_11_2113_4849_DR12	CP000239.1:1860048-1860273|CDS|CYA_1856	97.222	36	1	0	1	36	52	87	3.97e-11	61.7
Ga0374799_11_2113_4849_DR13	CP000239.1:1860048-1860273|CDS|CYA_1856	97.222	36	1	0	1	36	52	87	3.97e-11	61.7
Ga0374799_11_2113_4849_DR14	CP000239.1:1860048-1860273|CDS|CYA_1856	97.222	36	1	0	1	36	52	87	3.97e-11	61.7
Ga0374799_11_2113_4849_DR15	CP000239.1:1860048-1860273|CDS|CYA_1856	97.222	36	1	0	1	36	52	87	3.97e-11	61.7
Ga0374799_11_2113_4849_DR16	CP000239.1:1860048-1860273|CDS|CYA_1856	97.222	36	1	0	1	36	52	87	3.97e-11	61.7
Ga0374799_11_2113_4849_DR17	CP000239.1:1860048-1860273|CDS|CYA_1856	97.222	36	1	0	1	36	52	87	3.97e-11	61.7
Ga0374799_11_2113_4849_DR18	CP000239.1:1860048-1860273|CDS|CYA_1856	97.222	36	1	0	1	36	52	87	3.97e-11	61.7
Ga0374799_11_2113_4849_DR19	CP000239.1:1860048-1860273|CDS|CYA_1856	97.222	36	1	0	1	36	52	87	3.97e-11	61.7
Ga0374799_11_2113_4849_DR20	CP000239.1:1860048-1860273|CDS|CYA_1856	97.222	36	1	0	1	36	52	87	3.97e-11	61.7
Ga0374799_11_2113_4849_DR21	CP000239.1:1860048-1860273|CDS|CYA_1856	97.222	36	1	0	1	36	52	87	3.97e-11	61.7
Ga0374799_11_2113_4849_DR22	CP000239.1:1860048-1860273|CDS|CYA_1856	97.222	36	1	0	1	36	52	87	3.97e-11	61.7
Ga0374799_11_2113_4849_DR23	CP000239.1:1860048-1860273|CDS|CYA_1856	97.222	36	1	0	1	36	52	87	3.97e-11	61.7
Ga0374799_11_2113_4849_DR24	CP000239.1:1860048-1860273|CDS|CYA_1856	97.222	36	1	0	1	36	52	87	3.97e-11	61.7
Ga0374799_11_2113_4849_DR26	CP000239.1:1860048-1860273|CDS|CYA_1856	97.222	36	1	0	1	36	52	87	3.97e-11	61.7
Ga0374799_11_2113_4849_DR27	CP000239.1:1860048-1860273|CDS|CYA_1856	97.222	36	1	0	1	36	52	87	3.97e-11	61.7
Ga0374799_11_2113_4849_DR28	CP000239.1:1860048-1860273|CDS|CYA_1856	97.222	36	1	0	1	36	52	87	3.97e-11	61.7
Ga0374799_11_2113_4849_DR29	CP000239.1:1860048-1860273|CDS|CYA_1856	97.222	36	1	0	1	36	52	87	3.97e-11	61.7
Ga0374799_11_2113_4849_DR30	CP000239.1:1860048-1860273|CDS|CYA_1856	97.222	36	1	0	1	36	52	87	3.97e-11	61.7
Ga0374799_11_2113_4849_DR31	CP000239.1:1860048-1860273|CDS|CYA_1856	97.222	36	1	0	1	36	52	87	3.97e-11	61.7
Ga0374799_11_2113_4849_DR32	CP000239.1:1860048-1860273|CDS|CYA_1856	97.222	36	1	0	1	36	52	87	3.97e-11	61.7
Ga0374799_11_2113_4849_DR34	CP000239.1:1860048-1860273|CDS|CYA_1856	97.222	36	1	0	1	36	52	87	3.97e-11	61.7
Ga0374799_11_2113_4849_DR35	CP000239.1:1860048-1860273|CDS|CYA_1856	97.222	36	1	0	1	36	52	87	3.97e-11	61.7
Ga0374799_11_4918_5919	CP000239.1:1260708-1261710|CDS|CYA_1249	100.000	1002	0	0	1	1002	1	1002	0.0	1808
Ga0374799_11_4918_5919	CP000240.1:749862-750927|CDS|CYB_0729	73.572	1033	237	4	6	1002	33	1065	0.0	647
Ga0374799_11_7273_7710	CP000239.1:1263139-1263502|CDS|CYA_1251	100.000	363	0	0	76	438	1	363	0.0	655
Ga0374799_11_7273_7710	CP000240.1:748010-748394|CDS|CYB_0728	83.602	372	61	0	46	417	1	372	1.09e-110	397
Ga0374799_11_7707_8828	CP000239.1:1263498-1264620|CDS|CYA_1250	94.029	1122	67	0	1	1122	1	1122	0.0	1722
Ga0374799_11_7707_8828	CP000240.1:746836-747958|CDS|CYB_0727	86.547	1115	150	0	1	1115	1	1115	0.0	1335
Ga0374799_11_9094_9714	CP000239.1:1264885-1266106|CDS|CYA_1252	98.712	621	8	0	1	621	601	1221	0.0	1085
Ga0374799_11_9094_9714	CP000240.1:745336-746554|CDS|CYB_0726	83.524	613	101	0	7	619	604	1216	0.0	651
Ga0374799_11_9786_10340	CP000239.1:1264885-1266106|CDS|CYA_1252	90.689	537	50	0	1	537	1	537	0.0	744
Ga0374799_11_9786_10340	CP000240.1:745336-746554|CDS|CYB_0726	82.724	492	85	0	46	537	43	534	3.74e-143	505
Ga0374799_11_10504_11181	CP000239.1:1266258-1266936|CDS|CYA_1253	97.788	678	15	0	1	678	1	678	0.0	1156
Ga0374799_11_10504_11181	CP000240.1:744474-745149|CDS|CYB_0725	80.906	618	118	0	1	618	1	618	5.98e-167	583
Ga0374799_11_11226_11948	CP000239.1:1266980-1268219|CDS|CYA_1254	99.585	723	3	0	1	723	517	1239	0.0	1291
Ga0374799_11_11226_11948	CP000240.1:778411-779665|CDS|CYB_0757	88.648	599	68	0	1	599	520	1118	0.0	774
Ga0374799_12_12_611	CP000239.1:1798606-1799752|CDS|CYA_1798	100.000	600	0	0	1	600	547	1146	0.0	1083
Ga0374799_12_12_611	CP000240.1:1701591-1702707|CDS|CYB_1631	85.613	563	81	0	1	563	547	1109	0.0	651
Ga0374799_12_727_1401	CP000239.1:1799867-1800542|CDS|CYA_1799	99.852	675	1	0	1	675	1	675	0.0	1214
Ga0374799_12_727_1401	CP000240.1:2637683-2638358|CDS|CYB_2533	86.963	675	88	0	1	675	1	675	0.0	821
Ga0374799_12_1734_3491	CP000239.1:1800808-1802608|CDS|CYA_1800	97.626	1727	40	1	1	1727	67	1792	0.0	2927
Ga0374799_12_1734_3491	CP000240.1:2638663-2640514|CDS|CYB_2534	84.299	1726	269	2	1	1725	67	1791	0.0	1884
Ga0374799_12_3563_4858	CP000240.1:2640597-2641905|CDS|CYB_2535	72.865	1323	300	9	1	1283	1	1304	0.0	781
Ga0374799_12_4880_5767	CP000239.1:1803821-1804709|CDS|CYA_1802	99.211	887	7	0	1	887	1	887	0.0	1569
Ga0374799_12_4880_5767	CP000240.1:2641935-2642823|CDS|CYB_2536	84.138	870	136	2	16	884	16	884	0.0	940
Ga0374799_12_6190_6780	CP000239.1:1805068-1805722|CDS|CYA_1803	99.831	591	1	0	1	591	64	654	0.0	1062
Ga0374799_12_6190_6780	CP000240.1:2491281-2491971|CDS|CYB_2389	83.305	587	98	0	1	587	94	680	2.51e-177	618
Ga0374799_12_7087_7995	CP000239.1:1806028-1806937|CDS|CYA_1804	99.890	909	1	0	1	909	1	909	0.0	1636
Ga0374799_12_7087_7995	CP000240.1:2490126-2491011|CDS|CYB_2388	79.956	908	158	2	1	908	1	884	0.0	830
Ga0374799_12_8093_8689	CP000239.1:1807061-1807631|CDS|CYA_1805	100.000	570	0	0	28	597	1	570	0.0	1029
Ga0374799_12_8093_8689	CP000240.1:2489432-2489963|CDS|CYB_2387	78.131	535	109	5	67	597	1	531	1.08e-118	423
Ga0374799_12_8882_9835	CP000239.1:1807824-1808778|CDS|CYA_1806	99.790	954	2	0	1	954	1	954	0.0	1712
Ga0374799_12_8882_9835	CP000240.1:1902973-1903831|CDS|CYB_1817	69.700	868	235	11	1	852	1	856	2.14e-98	356
Ga0374799_12_9845_10975	CP000239.1:1808787-1809849|CDS|CYA_1807	99.341	1062	7	0	70	1131	1	1062	0.0	1884
Ga0374799_13_197_1636	CP000239.1:784261-785701|CDS|CYA_0780	93.750	1440	90	0	1	1440	1	1440	0.0	2192
Ga0374799_13_197_1636	CP000240.1:212975-214439|CDS|CYB_0202	85.222	1421	208	2	1	1420	1	1420	0.0	1609
Ga0374799_13_1819_3102	CP000240.1:1242591-1243941|CDS|CYB_1198	91.183	1293	105	2	1	1284	58	1350	0.0	1818
Ga0374799_13_1819_3102	CP000239.1:785883-787233|CDS|CYA_0781	89.551	1292	126	2	2	1284	59	1350	0.0	1721
Ga0374799_13_3384_5756	CP000239.1:787480-789847|CDS|CYA_0782	95.887	2334	96	0	1	2334	1	2334	0.0	3777
Ga0374799_13_3384_5756	CP000240.1:1239977-1242344|CDS|CYB_1197	84.704	2334	357	0	1	2334	1	2334	0.0	2600
Ga0374799_13_5963_8863	CP000239.1:790053-792954|CDS|CYA_0784	95.657	2901	126	0	1	2901	1	2901	0.0	4664
Ga0374799_13_5963_8863	CP000240.1:1236890-1239794|CDS|CYB_1196	87.711	2897	353	1	1	2894	1	2897	0.0	3618
Ga0374799_13_8959_10152	CP000239.1:793049-794243|CDS|CYA_0785	98.995	1194	12	0	1	1194	1	1194	0.0	2100
Ga0374799_13_8959_10152	CP000240.1:922572-923790|CDS|CYB_0890	84.956	1130	164	6	43	1169	67	1193	0.0	1251
Ga0374799_14_1650_3533	CP000239.1:427923-429807|CDS|CYA_0410	100.000	1884	0	0	1	1884	1	1884	0.0	3398
Ga0374799_14_1650_3533	CP000240.1:2535850-2537734|CDS|CYB_2437	90.426	1880	180	0	1	1880	1	1880	0.0	2580
Ga0374799_14_3633_6995	CP000239.1:424422-427824|CDS|CYA_0409	99.881	3363	4	0	1	3363	40	3402	0.0	6047
Ga0374799_14_3633_6995	CP000240.1:2532315-2535735|CDS|CYB_2436	91.020	3285	295	0	1	3285	40	3324	0.0	4595
Ga0374799_14_7557_8330	CP000239.1:423115-423829|CDS|CYA_0408	96.629	712	24	0	61	772	1	712	0.0	1177
Ga0374799_14_7557_8330	CP000240.1:2531008-2531722|CDS|CYB_2435	89.888	712	72	0	61	772	1	712	0.0	960
Ga0374799_14_8416_8946	CP000239.1:422500-423031|CDS|CYA_0407	91.493	529	45	0	1	529	1	529	0.0	752
Ga0374799_14_8416_8946	CP000240.1:2530393-2530924|CDS|CYB_2434	83.932	529	85	0	1	529	1	529	2.93e-163	572
Ga0374799_14_9087_9641	CP000239.1:421805-422360|CDS|CYA_0406	100.000	555	0	0	1	555	1	555	0.0	1002
Ga0374799_14_9087_9641	CP000240.1:2529684-2530233|CDS|CYB_2433	80.039	516	101	2	11	525	11	525	1.39e-129	460
Ga0374799_14_9699_10658	CP000239.1:420788-421748|CDS|CYA_0405	99.896	960	1	0	1	960	1	960	0.0	1728
Ga0374799_14_9699_10658	CP000240.1:2528661-2529633|CDS|CYB_2432	83.686	944	154	0	10	953	10	953	0.0	1009
Ga0374799_15_131_1243	CP000239.1:49891-51004|CDS|CYA_0051	99.910	1113	1	0	1	1113	1	1113	0.0	2003
Ga0374799_15_131_1243	CP000240.1:1223891-1225124|CDS|CYB_1186	85.664	1130	129	3	1	1097	97	1226	0.0	1324
Ga0374799_15_1298_2227	CP000239.1:48907-49837|CDS|CYA_0050	97.742	930	21	0	1	930	1	930	0.0	1583
Ga0374799_15_1298_2227	CP000240.1:1225171-1226113|CDS|CYB_1187	89.066	942	91	1	1	930	1	942	0.0	1242
Ga0374799_15_2508_3095	CP000239.1:48012-48570|CDS|CYA_0049	99.462	558	3	0	31	588	1	558	0.0	994
Ga0374799_15_2508_3095	CP000240.1:1226374-1227001|CDS|CYB_1188	84.524	588	91	0	1	588	40	627	0.0	651
Ga0374799_15_3279_4262	CP000239.1:46914-47829|CDS|CYA_0048	97.377	915	21	1	73	984	1	915	0.0	1541
Ga0374799_15_4379_5116	CP000239.1:45988-46711|CDS|CYA_0047	99.308	723	5	0	16	738	1	723	0.0	1282
Ga0374799_15_4379_5116	CP000240.1:1228691-1229426|CDS|CYB_1190	85.986	735	91	1	16	738	1	735	0.0	868
Ga0374799_15_5317_6327	CP000239.1:44777-45890|CDS|CYA_0046	99.901	1011	1	0	1	1011	103	1113	0.0	1819
Ga0374799_15_5317_6327	CP000240.1:1229528-1230635|CDS|CYB_1191	87.253	1012	127	2	1	1011	97	1107	0.0	1237
Ga0374799_15_6386_7180	CP000239.1:43924-44719|CDS|CYA_0045	100.000	795	0	0	1	795	1	795	0.0	1434
Ga0374799_15_7306_8022	CP000239.1:43127-43799|CDS|CYA_0044	98.222	675	9	1	43	717	1	672	0.0	1162
Ga0374799_15_7306_8022	CP000239.1:43924-44719|CDS|CYA_0045	73.381	556	126	5	1	539	1	551	1.82e-91	334
Ga0374799_15_7306_8022	CP000240.1:1230693-1231359|CDS|CYB_1192	70.475	674	181	9	43	710	1	662	4.58e-80	295
Ga0374799_15_8068_9366	CP000239.1:41741-43040|CDS|CYA_0043	97.844	1299	28	0	1	1299	1	1299	0.0	2217
Ga0374799_15_8068_9366	CP000240.1:1231466-1232786|CDS|CYB_1193	83.991	1318	187	1	1	1294	1	1318	0.0	1443
Ga0374799_15_9416_10423	CP000239.1:39583-41692|CDS|CYA_0042	100.000	1007	0	0	2	1008	1103	2109	0.0	1817
Ga0374799_15_9416_10423	CP000240.1:1233136-1235416|CDS|CYB_1194	79.882	1019	151	9	3	967	1242	2260	0.0	922
Ga0374799_16_1568_4066	CP000239.1:257306-260417|CDS|CYA_0253	99.920	2499	2	0	1	2499	613	3111	0.0	4498
Ga0374799_16_4063_5499	CP000239.1:255873-257310|CDS|CYA_0254	100.000	1437	0	0	1	1437	1	1437	0.0	2592
Ga0374799_16_4063_5499	CP000240.1:635935-637345|CDS|CYB_0626	83.027	1361	221	4	1	1353	1	1359	0.0	1405
Ga0374799_16_5576_6325	CP000239.1:255047-255797|CDS|CYA_0252	99.867	750	1	0	1	750	1	750	0.0	1349
Ga0374799_16_5576_6325	CP000240.1:635074-635824|CDS|CYB_0625	79.212	736	153	0	15	750	15	750	0.0	638
Ga0374799_16_6424_6945	CP000239.1:254427-254949|CDS|CYA_0251	100.000	522	0	0	1	522	1	522	0.0	942
Ga0374799_16_6424_6945	CP000240.1:2348390-2348912|CDS|CYB_2243	87.305	512	65	0	1	512	1	512	0.0	631
Ga0374799_16_7548_8405	CP000239.1:252952-253825|CDS|CYA_0249	99.883	858	1	0	1	858	16	873	0.0	1544
Ga0374799_16_7548_8405	CP000240.1:1760502-1761384|CDS|CYB_1685	81.661	867	150	2	1	858	16	882	0.0	847
Ga0374799_16_8417_8851	CP000239.1:252521-252956|CDS|CYA_0248	99.770	435	1	0	1	435	1	435	0.0	781
Ga0374799_16_8417_8851	CP000240.1:1760071-1760506|CDS|CYB_1684	88.046	435	52	0	1	435	1	435	2.22e-157	551
Ga0374799_16_8943_10250	CP000239.1:251122-252430|CDS|CYA_0247	95.183	1308	63	0	1	1308	1	1308	0.0	2076
Ga0374799_16_8943_10250	CP000240.1:1877967-1879275|CDS|CYB_1790	86.547	1286	173	0	1	1286	1	1286	0.0	1540
Ga0374799_17_3147_3713	CP000239.1:2572192-2572879|CDS|CYA_2552	99.647	567	2	0	1	567	121	687	0.0	1014
Ga0374799_17_3147_3713	CP000240.1:1860439-1861027|CDS|CYB_1774	74.457	552	127	4	7	557	7	545	4.37e-98	355
Ga0374799_17_3790_4398	CP000239.1:2571627-2572236|CDS|CYA_2551	95.895	609	25	0	1	609	1	609	0.0	986
Ga0374799_17_3790_4398	CP000240.1:1861120-1861735|CDS|CYB_1775	81.239	581	109	0	29	609	35	615	7.44e-159	557
Ga0374799_17_4426_5010	CP000239.1:2571015-2571600|CDS|CYA_2550	99.316	585	4	0	1	585	1	585	0.0	1038
Ga0374799_17_4426_5010	CP000240.1:878589-879339|CDS|CYB_0845	71.031	611	140	13	1	585	151	750	2.85e-75	279
Ga0374799_17_5189_6496	CP000239.1:2569517-2570837|CDS|CYA_2548	98.277	1277	22	0	1	1277	1	1277	0.0	2205
Ga0374799_17_5189_6496	CP000240.1:877088-878468|CDS|CYB_0843	80.217	1289	240	2	1	1274	46	1334	0.0	1180
Ga0374799_17_6721_9711	CP000239.1:2566277-2569103|CDS|CYA_2547	97.240	2826	78	0	166	2991	1	2826	0.0	4745
Ga0374799_17_6721_9711	CP000240.1:873898-876886|CDS|CYB_0842	80.381	2992	565	9	11	2991	8	2988	0.0	2729
Ga0374799_18_312_1085	CP000239.1:240855-241740|CDS|CYA_0238	99.871	774	1	0	1	774	112	885	0.0	1392
Ga0374799_18_312_1085	CP000240.1:1867813-1868575|CDS|CYB_1782	77.747	728	150	6	1	722	25	746	5.26e-162	567
Ga0374799_18_1369_2694	CP000239.1:241888-243349|CDS|CYA_0239	97.134	1326	38	0	1	1326	136	1461	0.0	2221
Ga0374799_18_2704_3480	CP000239.1:243359-244130|CDS|CYA_0240	94.993	759	38	0	19	777	13	771	0.0	1198
Ga0374799_18_2704_3480	CP000240.1:1870498-1871242|CDS|CYB_1784	84.530	724	105	4	19	738	13	733	0.0	790
Ga0374799_18_3550_4902	CP000239.1:244137-245547|CDS|CYA_0241	93.942	1337	81	0	1	1337	61	1397	0.0	2047
Ga0374799_18_5271_5759	CP000239.1:245743-246574|CDS|CYA_0242	74.899	494	108	7	6	485	336	827	3.28e-86	315
Ga0374799_18_5862_6872	CP000239.1:246675-247608|CDS|CYA_0243	95.386	932	43	0	79	1010	1	932	0.0	1488
Ga0374799_18_5862_6872	CP000240.1:1873482-1874415|CDS|CYB_1786	86.266	932	128	0	79	1010	1	932	0.0	1104
Ga0374799_18_7124_7585	CP000239.1:247937-248399|CDS|CYA_0244	100.000	462	0	0	1	462	1	462	0.0	834
Ga0374799_18_7124_7585	CP000240.1:1874747-1875209|CDS|CYB_1787	90.672	461	43	0	1	461	1	461	0.0	638
Ga0374799_18_7723_9219	CP000239.1:248587-250033|CDS|CYA_0245	99.931	1446	1	0	52	1497	1	1446	0.0	2604
Ga0374799_18_7723_9219	CP000240.1:1875396-1876878|CDS|CYB_1788	80.554	1481	242	17	52	1491	1	1476	0.0	1338
Ga0374799_19_418_615	CP000239.1:1570545-1571832|CDS|CYA_1562	75.429	175	43	0	14	188	14	188	1.51e-28	123
Ga0374799_19_418_615	CP000240.1:1104957-1106244|CDS|CYB_1067	73.143	175	47	0	14	188	14	188	4.05e-23	104
Ga0374799_19_1247_1927	CP000239.1:1475004-1476111|CDS|CYA_1467	100.000	681	0	0	1	681	427	1107	0.0	1229
Ga0374799_19_1247_1927	CP000240.1:1754172-1755243|CDS|CYB_1678	88.272	648	76	0	1	648	415	1062	0.0	827
Ga0374799_19_1959_2885	CP000239.1:1476142-1477069|CDS|CYA_1468	100.000	927	0	0	1	927	1	927	0.0	1673
Ga0374799_19_1959_2885	CP000240.1:1753188-1754115|CDS|CYB_1677	82.201	927	165	0	1	927	1	927	0.0	929
Ga0374799_19_3371_4444	CP000239.1:1477377-1478613|CDS|CYA_1470	100.000	1057	0	0	1	1057	178	1234	0.0	1907
Ga0374799_19_3371_4444	CP000240.1:1751646-1752858|CDS|CYB_1675	75.778	1061	221	8	22	1070	172	1208	0.0	752
Ga0374799_19_5797_6447	CP000239.1:1481804-1482455|CDS|CYA_1473	99.846	651	1	0	1	651	1	651	0.0	1170
Ga0374799_19_6532_7125	CP000239.1:1482539-1483133|CDS|CYA_1474	100.000	594	0	0	1	594	1	594	0.0	1072
Ga0374799_19_6532_7125	CP000240.1:1748342-1748924|CDS|CYB_1670	84.007	594	83	1	1	594	1	582	0.0	650
Ga0374799_19_7388_8407	CP000239.1:1483224-1484415|CDS|CYA_1476	99.902	1020	1	0	1	1020	172	1191	0.0	1836
Ga0374799_19_7388_8407	CP000240.1:1747080-1748259|CDS|CYB_1668	78.489	1046	173	12	1	1020	160	1179	0.0	866
Ga0374799_20_86_985	CP000239.1:1563945-1564845|CDS|CYA_1554	99.222	900	7	0	1	900	1	900	0.0	1592
Ga0374799_20_86_985	CP000240.1:1112191-1113082|CDS|CYB_1075	81.266	790	148	0	109	898	100	889	0.0	758
Ga0374799_20_1022_1849	CP000239.1:1564881-1565709|CDS|CYA_1555	99.517	828	4	0	1	828	1	828	0.0	1476
Ga0374799_20_1022_1849	CP000240.1:1111281-1112109|CDS|CYB_1074	84.358	748	115	2	82	828	82	828	0.0	815
Ga0374799_20_1022_1849	CP000239.1:1739211-1740009|CDS|CYA_1735	70.240	625	186	0	79	703	52	676	2.25e-78	289
Ga0374799_20_1022_1849	CP000240.1:1997239-1998037|CDS|CYB_1912	69.649	626	188	2	79	703	52	676	2.57e-71	266
Ga0374799_20_1915_2742	CP000239.1:1565774-1566602|CDS|CYA_1556	97.222	828	23	0	1	828	1	828	0.0	1390
Ga0374799_20_1915_2742	CP000240.1:1110358-1111186|CDS|CYB_1073	80.653	827	160	0	1	827	1	827	0.0	771
Ga0374799_20_2786_3220	CP000239.1:1566645-1567080|CDS|CYA_1557	99.770	435	1	0	1	435	1	435	0.0	781
Ga0374799_20_2786_3220	CP000240.1:1109889-1110315|CDS|CYB_1072	85.122	410	61	0	13	422	13	422	2.54e-131	465
Ga0374799_20_3991_5172	CP000239.1:1567850-1569032|CDS|CYA_1559	98.223	1182	21	0	1	1182	1	1182	0.0	2038
Ga0374799_20_3991_5172	CP000240.1:1107830-1109021|CDS|CYB_1070	87.575	1159	144	0	11	1169	29	1187	0.0	1442
Ga0374799_20_5286_5657	CP000239.1:1569145-1569517|CDS|CYA_1560	100.000	372	0	0	1	372	1	372	0.0	672
Ga0374799_20_5286_5657	CP000240.1:1107298-1107664|CDS|CYB_1069	83.696	368	54	2	1	368	1	362	3.89e-109	390
Ga0374799_20_5786_6568	CP000239.1:1569645-1570428|CDS|CYA_1561	100.000	783	0	0	1	783	1	783	0.0	1413
Ga0374799_20_5786_6568	CP000240.1:1106375-1107158|CDS|CYB_1068	87.739	783	96	0	1	783	1	783	0.0	980
Ga0374799_20_6686_7972	CP000239.1:1570545-1571832|CDS|CYA_1562	99.922	1287	1	0	1	1287	1	1287	0.0	2317
Ga0374799_20_6686_7972	CP000240.1:1104957-1106244|CDS|CYB_1067	90.909	1287	117	0	1	1287	1	1287	0.0	1794
Ga0374799_21_602_1114	CP000239.1:1486244-1486910|CDS|CYA_1478	99.805	513	1	0	1	513	154	666	0.0	921
Ga0374799_21_602_1114	CP000240.1:1553928-1554426|CDS|CYB_1479	81.139	509	75	3	1	506	1	491	2.17e-139	491
Ga0374799_21_1166_2800	CP000239.1:1486961-1488596|CDS|CYA_1479	98.226	1635	29	0	1	1635	1	1635	0.0	2819
Ga0374799_21_1166_2800	CP000240.1:1552233-1553868|CDS|CYB_1478	88.807	1635	183	0	1	1635	1	1635	0.0	2124
Ga0374799_21_3052_3528	CP000239.1:1488847-1489324|CDS|CYA_1481	99.790	477	1	0	1	477	1	477	0.0	856
Ga0374799_21_3052_3528	CP000240.1:1550152-1550629|CDS|CYB_1474	87.447	470	59	0	1	470	1	470	1.45e-166	582
Ga0374799_21_4339_5610	CP000239.1:1490110-1491406|CDS|CYA_1483	99.921	1272	1	0	1	1272	25	1296	0.0	2290
Ga0374799_21_4339_5610	CP000240.1:1548066-1549365|CDS|CYB_1472	85.016	1268	187	1	1	1265	25	1292	0.0	1429
Ga0374799_21_5730_6395	CP000239.1:1491526-1493104|CDS|CYA_1484	99.850	666	0	1	1	666	1	665	0.0	1194
Ga0374799_21_5730_6395	CP000240.1:1546358-1547942|CDS|CYB_1471	85.736	666	94	1	1	666	1	665	0.0	770
Ga0374799_21_6310_7308	CP000239.1:1491526-1493104|CDS|CYA_1484	99.900	999	1	0	1	999	580	1578	0.0	1798
Ga0374799_21_6310_7308	CP000240.1:1546358-1547942|CDS|CYB_1471	84.875	919	139	0	29	947	608	1526	0.0	1031
Ga0374799_21_7475_8044	CP000239.1:1493270-1493840|CDS|CYA_1485	99.825	570	1	0	1	570	1	570	0.0	1024
Ga0374799_21_7475_8044	CP000240.1:1538389-1538959|CDS|CYB_1463	88.246	570	67	0	1	570	1	570	0.0	727
Ga0374799_21_8265_8858	CP000239.1:1494060-1495182|CDS|CYA_1486	100.000	594	0	0	1	594	529	1122	0.0	1072
Ga0374799_21_8265_8858	CP000240.1:1536991-1538086|CDS|CYB_1462	83.297	455	68	4	4	454	487	937	2.89e-132	468
Ga0374799_22_275_1102	CP000239.1:782540-783770|CDS|CYA_0777	97.705	828	19	0	1	828	403	1230	0.0	1408
Ga0374799_22_275_1102	CP000239.1:1966854-1968081|CDS|CYA_1956	92.115	799	63	0	1	799	403	1201	0.0	1158
Ga0374799_22_275_1102	CP000240.1:544792-546037|CDS|CYB_0530	73.839	818	200	3	1	814	400	1207	1.33e-144	510
Ga0374799_22_1296_1745	CP000239.1:781897-782347|CDS|CYA_0776	100.000	450	0	0	1	450	1	450	0.0	812
Ga0374799_22_1296_1745	CP000240.1:212011-212446|CDS|CYB_0200	85.548	429	50	2	1	429	1	417	4.45e-141	497
Ga0374799_22_2105_2614	CP000239.1:781028-781538|CDS|CYA_0774	100.000	510	0	0	1	510	1	510	0.0	921
Ga0374799_22_2105_2614	CP000240.1:211181-211715|CDS|CYB_0199	88.115	488	58	0	1	488	1	488	6.17e-178	619
Ga0374799_22_2659_3477	CP000239.1:780165-780984|CDS|CYA_0773	99.878	819	1	0	1	819	1	819	0.0	1473
Ga0374799_22_2659_3477	CP000240.1:209502-210327|CDS|CYB_0196	84.494	761	115	1	1	758	1	761	0.0	839
Ga0374799_22_3587_4417	CP000239.1:779225-780056|CDS|CYA_0772	99.759	831	2	0	1	831	1	831	0.0	1490
Ga0374799_22_3587_4417	CP000240.1:208564-209434|CDS|CYB_0195	79.023	839	149	5	1	812	22	860	0.0	722
Ga0374799_22_4440_5120	CP000239.1:778522-779203|CDS|CYA_0771	99.853	681	1	0	1	681	1	681	0.0	1224
Ga0374799_22_4440_5120	CP000240.1:207846-208548|CDS|CYB_0194	79.822	674	121	3	1	659	1	674	6.42e-173	603
Ga0374799_22_5143_6213	CP000239.1:777429-778500|CDS|CYA_0770	100.000	1071	0	0	1	1071	1	1071	0.0	1932
Ga0374799_22_5143_6213	CP000240.1:206713-207784|CDS|CYB_0193	86.181	1071	148	0	1	1071	1	1071	0.0	1265
Ga0374799_22_6344_6685	CP000239.1:776957-777299|CDS|CYA_0769	99.708	342	1	0	1	342	1	342	6.02e-176	613
Ga0374799_22_6344_6685	CP000240.1:206257-206599|CDS|CYB_0192	87.761	335	41	0	1	335	1	335	7.35e-118	420
Ga0374799_22_6876_7439	CP000239.1:776203-776698|CDS|CYA_0768	100.000	495	0	0	70	564	1	495	0.0	893
Ga0374799_22_6876_7439	CP000240.1:114810-115398|CDS|CYB_0097	81.614	533	98	0	32	564	56	588	4.94e-148	520
Ga0374799_22_7533_7724	CP000240.1:1004568-1004760|CDS|CYB_0968	88.889	180	20	0	1	180	1	180	9.19e-63	235
Ga0374799_23_8_1159	CP000239.1:2879173-2881366|CDS|CYA_2862	97.656	1152	27	0	1	1152	1042	2193	0.0	1957
Ga0374799_23_8_1159	CP000240.1:2613612-2615805|CDS|CYB_2517	84.703	1144	175	0	1	1144	1042	2185	0.0	1275
Ga0374799_23_1202_2125	CP000239.1:2881408-2882332|CDS|CYA_2863	99.892	924	1	0	1	924	1	924	0.0	1663
Ga0374799_23_1202_2125	CP000240.1:2615877-2616801|CDS|CYB_2518	82.035	924	162	4	1	922	1	922	0.0	904
Ga0374799_23_2133_2585	CP000239.1:2882339-2882792|CDS|CYA_2864	100.000	453	0	0	1	453	1	453	0.0	818
Ga0374799_23_2133_2585	CP000240.1:1331509-1331944|CDS|CYB_1274	79.808	416	82	2	39	453	21	435	1.91e-101	365
Ga0374799_23_2698_3237	CP000239.1:2882904-2883444|CDS|CYA_2865	99.815	540	1	0	1	540	1	540	0.0	970
Ga0374799_23_2698_3237	CP000240.1:1562118-1562664|CDS|CYB_1486	81.356	531	93	1	16	540	16	546	7.01e-146	513
Ga0374799_23_3294_3848	CP000239.1:2883500-2884055|CDS|CYA_2866	100.000	555	0	0	1	555	1	555	0.0	1002
Ga0374799_23_3294_3848	CP000240.1:1561334-1561886|CDS|CYB_1485	83.549	541	89	0	1	541	1	541	2.52e-164	575
Ga0374799_23_3902_4270	CP000239.1:2884108-2884477|CDS|CYA_2867	100.000	369	0	0	1	369	1	369	0.0	666
Ga0374799_23_3902_4270	CP000240.1:1560911-1561280|CDS|CYB_1484	81.793	368	67	0	1	368	1	368	1.87e-100	362
Ga0374799_23_4395_5300	CP000239.1:2884601-2885483|CDS|CYA_2868	84.896	821	124	0	86	906	62	882	0.0	922
Ga0374799_23_5277_6542	CP000239.1:2890819-2892085|CDS|CYA_2873	96.445	1266	45	0	1	1266	1	1266	0.0	2081
Ga0374799_23_5277_6542	CP000240.1:1744647-1745928|CDS|CYB_1666	84.951	1236	186	0	25	1260	40	1275	0.0	1391
Ga0374799_23_6555_6824	CP000239.1:2890537-2890807|CDS|CYA_2872	95.911	269	11	0	1	269	1	269	7.41e-123	436
Ga0374799_23_6555_6824	CP000240.1:1745940-1746210|CDS|CYB_1667	81.784	269	49	0	1	269	1	269	2.77e-71	265
Ga0374799_24_20_1039	CP000239.1:270707-272060|CDS|CYA_0264	99.706	1020	3	0	1	1020	334	1353	0.0	1827
Ga0374799_24_20_1039	CP000240.1:802517-803870|CDS|CYB_0779	89.314	1020	109	0	1	1020	334	1353	0.0	1349
Ga0374799_24_1113_3062	CP000239.1:268684-270631|CDS|CYA_0263	99.949	1947	1	0	4	1950	1	1947	0.0	3507
Ga0374799_24_3118_4587	CP000239.1:267159-268629|CDS|CYA_0262	99.524	1470	7	0	1	1470	1	1470	0.0	2620
Ga0374799_24_3118_4587	CP000240.1:800976-802446|CDS|CYB_0778	85.374	1470	215	0	1	1470	1	1470	0.0	1682
Ga0374799_24_4881_5882	CP000239.1:265864-266866|CDS|CYA_0261	100.000	1002	0	0	1	1002	1	1002	0.0	1808
Ga0374799_24_4881_5882	CP000240.1:799725-800742|CDS|CYB_0777	86.700	1015	120	1	1	1000	1	1015	0.0	1232
Ga0374799_24_6312_6464	CP000239.1:265282-265435|CDS|CYA_0259	100.000	153	0	0	1	153	1	153	2.33e-75	277
Ga0374799_24_6312_6464	CP000240.1:685809-685962|CDS|CYB_0673	89.542	153	16	0	1	153	1	153	1.21e-53	205
Ga0374799_25_864_2384	CP000239.1:800171-801692|CDS|CYA_0791	99.869	1521	2	0	1	1521	1	1521	0.0	2735
Ga0374799_25_864_2384	CP000240.1:1415905-1417561|CDS|CYB_1347	76.938	1561	319	10	1	1521	97	1656	0.0	1185
Ga0374799_25_2519_3553	CP000239.1:798945-800037|CDS|CYA_0790	100.000	1035	0	0	1	1035	58	1092	0.0	1867
Ga0374799_25_2519_3553	CP000240.1:3039612-3040641|CDS|CYB_2937	81.542	921	164	6	1	918	43	960	0.0	874
Ga0374799_25_3595_3858	CP000239.1:798685-798949|CDS|CYA_0789	98.485	264	4	0	1	264	1	264	6.33e-130	459
Ga0374799_25_3595_3858	CP000240.1:3039346-3039616|CDS|CYB_2936	76.494	251	59	0	1	251	1	251	5.95e-48	187
Ga0374799_25_3855_4214	CP000239.1:797504-798689|CDS|CYA_0788	100.000	360	0	0	1	360	826	1185	0.0	650
Ga0374799_25_3855_4214	CP000240.1:3038165-3039350|CDS|CYB_2935	88.611	360	41	0	1	360	826	1185	2.07e-131	465
Ga0374799_25_4205_5038	CP000239.1:797504-798689|CDS|CYA_0788	99.880	835	0	1	1	834	1	835	0.0	1498
Ga0374799_25_4205_5038	CP000240.1:3038165-3039350|CDS|CYB_2935	84.514	833	128	1	1	832	1	833	0.0	918
Ga0374799_25_5155_6963	CP000239.1:795579-797388|CDS|CYA_0787	100.000	1809	0	0	1	1809	1	1809	0.0	3263
Ga0374799_25_5155_6963	CP000240.1:3036226-3038035|CDS|CYB_2934	89.945	1810	180	2	1	1809	1	1809	0.0	2437
Ga0374799_25_5155_6963	CP000240.1:2876607-2878500|CDS|CYB_2781	69.781	1509	417	18	1	1488	1	1491	2.26e-177	620
Ga0374799_25_5155_6963	CP000239.1:123677-125564|CDS|CYA_0130	69.159	1498	425	20	1	1478	1	1481	5.32e-160	563
Ga0374799_27_321_1910	CP000239.1:283489-285079|CDS|CYA_0277	97.799	1590	35	0	1	1590	1	1590	0.0	2710
Ga0374799_27_321_1910	CP000240.1:2224918-2226547|CDS|CYB_2131	87.079	1486	192	0	78	1563	117	1602	0.0	1815
Ga0374799_27_1953_2495	CP000239.1:285107-285635|CDS|CYA_0278	99.242	528	4	0	16	543	1	528	0.0	935
Ga0374799_27_1953_2495	CP000240.1:2226599-2227124|CDS|CYB_2132	80.344	524	102	1	16	538	1	524	5.08e-135	478
Ga0374799_27_2506_2922	CP000239.1:285645-286068|CDS|CYA_0279	86.538	416	50	1	1	410	1	416	1.18e-141	499
Ga0374799_27_2506_2922	CP000240.1:2227135-2227633|CDS|CYB_2133	81.707	410	67	3	1	403	1	409	1.03e-110	396
Ga0374799_27_2506_2922	CP000239.1:279448-279994|CDS|CYA_0273	82.385	369	65	0	1	369	1	369	1.18e-103	373
Ga0374799_28_232_1695	CP000239.1:2693305-2694793|CDS|CYA_2678	98.566	1464	21	0	1	1464	25	1488	0.0	2546
Ga0374799_28_232_1695	CP000240.1:2275712-2277212|CDS|CYB_2173	83.756	1459	224	4	1	1446	25	1483	0.0	1557
Ga0374799_28_2023_2625	CP000239.1:2692423-2693002|CDS|CYA_2676	100.000	579	0	0	25	603	1	579	0.0	1045
Ga0374799_28_2023_2625	CP000240.1:2274846-2275374|CDS|CYB_2171	83.366	511	76	4	25	532	1	505	1.02e-150	529
Ga0374799_28_2923_3795	CP000239.1:2691229-2692081|CDS|CYA_2675	98.592	852	12	0	22	873	1	852	0.0	1483
Ga0374799_28_2923_3795	CP000240.1:2273703-2274516|CDS|CYB_2170	88.294	803	92	2	31	832	1	802	0.0	1018
Ga0374799_28_3837_4763	CP000239.1:2690261-2691098|CDS|CYA_2674	99.881	837	1	0	91	927	1	837	0.0	1506
Ga0374799_28_3837_4763	CP000240.1:2272658-2273516|CDS|CYB_2169	87.531	794	87	1	146	927	65	858	0.0	993
Ga0374799_30_3063_4598	CP000240.1:1409783-1411427|CDS|CYB_1342	98.106	1531	29	0	1	1531	109	1639	0.0	2631
Ga0374799_30_3063_4598	CP000239.1:806398-808078|CDS|CYA_0797	85.640	1539	218	2	1	1536	142	1680	0.0	1773
Ga0374799_31_277_393	CP000239.1:1778634-1778847|CDS|CYA_1771	100.000	117	0	0	1	117	97	213	5.90e-56	212
Ga0374799_31_277_393	CP000240.1:1261702-1261975|CDS|CYB_1215	84.158	101	16	0	4	104	115	215	1.48e-25	111
Ga0374799_31_556_1680	CP000239.1:1777437-1778568|CDS|CYA_1770	95.844	1131	41	1	1	1125	1	1131	0.0	1829
Ga0374799_31_556_1680	CP000240.1:1260495-1261680|CDS|CYB_1214	83.640	1143	169	2	1	1125	43	1185	0.0	1226
Ga0374799_31_1677_2102	CP000239.1:1777015-1777441|CDS|CYA_1769	93.427	426	28	0	1	426	1	426	0.0	643
Ga0374799_31_1677_2102	CP000240.1:1260049-1260499|CDS|CYB_1213	83.556	450	50	1	1	426	1	450	1.47e-140	496
Ga0374799_31_2109_2636	CP000239.1:1776481-1777009|CDS|CYA_1768	94.497	527	29	0	1	527	1	527	0.0	820
Ga0374799_31_2109_2636	CP000240.1:1259509-1260043|CDS|CYB_1212	84.053	533	79	2	1	527	1	533	2.39e-164	575
Ga0374799_32_1_1491	CP000239.1:273999-275781|CDS|CYA_0268	99.933	1491	1	0	1	1491	292	1782	0.0	2685
Ga0374799_32_1_1491	CP000240.1:807711-809478|CDS|CYB_0784	88.655	1472	167	0	1	1472	292	1763	0.0	1902
Ga0374799_33_362_1015	CP000239.1:804795-805575|CDS|CYA_0795	100.000	654	0	0	1	654	127	780	0.0	1180
Ga0374799_33_362_1015	CP000240.1:1412286-1413045|CDS|CYB_1344	84.211	646	83	5	1	644	124	752	0.0	700
Ga0374799_33_1237_2538	CP000239.1:803158-804700|CDS|CYA_0794	99.693	1302	4	0	1	1302	241	1542	0.0	2331
Ga0374799_33_1237_2538	CP000240.1:1413154-1414633|CDS|CYB_1345	79.654	1273	208	9	32	1301	254	1478	0.0	1134
Ga0374799_34_366_743	CP000239.1:1762155-1762494|CDS|CYA_1756	100.000	339	0	0	40	378	1	339	6.67e-176	612
Ga0374799_34_366_743	CP000240.1:218004-218367|CDS|CYB_0207	86.129	310	43	0	59	368	20	329	1.57e-101	366
Ga0374799_34_736_2226	CP000239.1:1760672-1762163|CDS|CYA_1755	99.866	1491	2	0	1	1491	1	1491	0.0	2681
Ga0374799_34_736_2226	CP000240.1:218359-219832|CDS|CYB_0208	82.273	1478	254	3	15	1491	3	1473	0.0	1479
Ga0374799_34_2210_2614	CP000239.1:1760284-1760671|CDS|CYA_1754	100.000	387	0	0	19	405	1	387	0.0	699
Ga0374799_34_2210_2614	CP000240.1:219833-220220|CDS|CYB_0209	85.146	377	56	0	29	405	11	387	1.69e-120	428
Ga0374799_34_2611_2862	CP000239.1:1760036-1760288|CDS|CYA_1753	100.000	252	0	0	1	252	1	252	7.33e-129	455
Ga0374799_34_2611_2862	CP000240.1:220216-220468|CDS|CYB_0210	86.853	251	33	0	1	251	1	251	2.92e-83	305
Ga0374799_35_253_474	CP000239.1:2603362-2603584|CDS|CYA_2578	99.550	222	1	0	1	222	1	222	5.23e-111	397
Ga0374799_35_253_474	CP000240.1:2481465-2481687|CDS|CYB_2375	83.582	201	31	2	22	221	22	221	5.25e-54	207
Ga0374799_35_583_975	CP000239.1:2603692-2604097|CDS|CYA_2579	100.000	393	0	0	1	393	13	405	0.0	710
Ga0374799_35_583_975	CP000240.1:2480948-2481353|CDS|CYB_2374	84.772	394	58	2	1	393	13	405	3.86e-122	434
Ga0374799_36_425_760	CP000239.1:2695943-2696279|CDS|CYA_2680	95.238	336	16	0	1	336	1	336	1.30e-152	535
Ga0374799_36_425_760	CP000240.1:2303822-2304158|CDS|CYB_2195	84.337	332	52	0	1	332	1	332	1.39e-101	365
Ga0374799_36_783_1262	CP000239.1:2696301-2696781|CDS|CYA_2681	93.333	480	32	0	1	480	1	480	0.0	722
Ga0374799_36_783_1262	CP000240.1:2304178-2304658|CDS|CYB_2196	84.355	473	74	0	1	473	1	473	4.17e-148	520
Ga0374799_36_1279_1677	CP000239.1:2696797-2697196|CDS|CYA_2682	96.742	399	13	0	1	399	1	399	0.0	662
Ga0374799_36_1279_1677	CP000240.1:1172962-1173361|CDS|CYB_1136	83.459	399	66	0	1	399	1	399	7.09e-119	423
Ga0374799_37_1274_2332	CP000239.1:52801-53860|CDS|CYA_0055	99.528	1059	5	0	1	1059	1	1059	0.0	1888
Ga0374799_37_1274_2332	CP000240.1:1222136-1223204|CDS|CYB_1184	83.760	1016	165	0	1	1016	1	1016	0.0	1089
Ga0374799_38_138_452	CP000239.1:1495169-1495484|CDS|CYA_1487	100.000	315	0	0	1	315	1	315	5.89e-163	569
Ga0374799_38_138_452	CP000240.1:1536652-1536967|CDS|CYB_1461	88.571	315	36	0	1	315	1	315	4.25e-114	407
Ga0374799_38_504_818	CP000239.1:1495535-1496153|CDS|CYA_1488	100.000	315	0	0	1	315	304	618	5.89e-163	569
Ga0374799_38_504_818	CP000240.1:1535957-1536587|CDS|CYB_1460	91.746	315	26	0	1	315	316	630	1.14e-127	452
Ga0374799_38_1158_1724	CP000239.1:1496189-1496693|CDS|CYA_1489	99.802	504	1	0	64	567	1	504	0.0	905
Ga0374799_38_1158_1724	CP000240.1:1535307-1535922|CDS|CYB_1459	87.313	536	68	0	1	536	1	536	0.0	661
Ga0374799_38_1721_2392	CP000239.1:1496752-1497415|CDS|CYA_1490	100.000	658	0	0	15	672	6	663	0.0	1187
Ga0374799_38_1721_2392	CP000240.1:1534648-1535311|CDS|CYB_1458	90.729	658	61	0	15	672	6	663	0.0	912
Ga0374799_39_8_109	CP000239.1:1257124-1258216|CDS|CYA_1245	99.020	102	1	0	1	102	991	1092	2.94e-46	180
Ga0374799_39_8_109	CP000240.1:1175390-1176530|CDS|CYB_1139	88.000	100	12	0	2	101	1040	1139	1.63e-30	127
Ga0374799_39_134_568	CP000239.1:1256665-1257100|CDS|CYA_1244	100.000	435	0	0	1	435	1	435	0.0	785
Ga0374799_39_635_1771	CP000239.1:1255462-1256599|CDS|CYA_1242	99.824	1137	2	0	1	1137	1	1137	0.0	2042
Ga0374799_39_635_1771	CP000240.1:1177668-1178793|CDS|CYB_1141	83.633	1112	173	2	1	1106	1	1109	0.0	1185
Ga0374799_40_238_681	CP000239.1:2600433-2600940|CDS|CYA_2574	100.000	444	0	0	1	444	64	507	0.0	801
Ga0374799_40_238_681	CP000240.1:2586669-2587263|CDS|CYB_2491	84.876	443	67	0	1	443	151	593	4.39e-141	498
Ga0374799_40_821_1813	CP000239.1:2600962-2602072|CDS|CYA_2575	100.000	993	0	0	1	993	118	1110	0.0	1792
Ga0374799_40_821_1813	CP000240.1:727767-728829|CDS|CYB_0712	84.476	992	152	2	1	991	70	1060	0.0	1088
Ga0374799_41_35_1486	CP000239.1:2130467-2131988|CDS|CYA_2113	99.793	1452	3	0	1	1452	70	1521	0.0	2606
Ga0374799_41_35_1486	CP000240.1:2761694-2763215|CDS|CYB_2673	88.705	1452	164	0	1	1452	70	1521	0.0	1880
Ga0374799_41_1656_2174	CP000239.1:2132047-2132596|CDS|CYA_2114	100.000	519	0	0	1	519	31	549	0.0	937
Ga0374799_41_1656_2174	CP000240.1:2763259-2763808|CDS|CYB_2674	81.467	518	96	0	1	518	31	548	1.22e-142	502
