Ga0393518_01_8_322	CP000239.1:343376-343979|CDS|CYA_0324	100.000	315	0	0	1	315	513	199	5.89e-163	569
Ga0393518_01_8_322	CP000240.1:1789718-1790279|CDS|CYB_1705	73.567	314	83	0	2	315	512	199	1.70e-49	193
Ga0393518_01_397_1416	CP000239.1:342372-343392|CDS|CYA_0325	99.706	1020	3	0	1	1020	1	1020	0.0	1827
Ga0393518_01_397_1416	CP000240.1:1788664-1789684|CDS|CYB_1704	88.431	1020	118	0	1	1020	1	1020	0.0	1308
Ga0393518_01_1601_2116	CP000239.1:341672-342188|CDS|CYA_0323	99.806	516	1	0	1	516	1	516	0.0	927
Ga0393518_01_1601_2116	CP000240.1:1787992-1788508|CDS|CYB_1702	85.078	516	77	0	1	516	1	516	4.50e-167	584
Ga0393518_01_2409_2627	CP000239.1:338497-341392|CDS|CYA_0322	100.000	219	0	0	1	219	231	13	5.16e-111	396
Ga0393518_01_2409_2627	CP000240.1:1784955-1787850|CDS|CYB_1701	86.585	164	22	0	56	219	176	13	2.68e-51	197
Ga0393518_01_2736_5291	CP000239.1:338497-341392|CDS|CYA_0322	99.883	2556	3	0	1	2556	340	2895	0.0	4597
Ga0393518_01_2736_5291	CP000240.1:1784955-1787850|CDS|CYB_1701	78.736	2563	531	5	1	2556	340	2895	0.0	2156
Ga0393518_01_5288_9820	CP000240.1:1780405-1784920|CDS|CYB_1700	87.324	4536	496	25	40	4531	1	4501	0.0	5547
Ga0393518_01_5288_9820	CP000239.1:333923-338501|CDS|CYA_0321	87.341	3847	429	10	1	3794	1	3842	0.0	4750
Ga0393518_01_9851_10057	CP000239.1:333688-333895|CDS|CYA_0320	100.000	207	0	0	1	207	1	207	1.58e-104	374
Ga0393518_01_9851_10057	CP000240.1:1780158-1780362|CDS|CYB_1699	82.741	197	25	1	1	197	1	188	4.85e-54	206
Ga0393518_01_10150_15198	CP000239.1:328538-333596|CDS|CYA_0318	88.544	5063	561	7	1	5049	1	5058	0.0	6502
Ga0393518_01_10150_15198	CP000240.1:1774440-1779645|CDS|CYB_1696	84.437	5057	772	6	1	5048	154	5204	0.0	5559
Ga0393518_01_15195_16010	CP000239.1:327726-328542|CDS|CYA_0319	91.915	804	65	0	13	816	13	816	0.0	1158
Ga0393518_01_15195_16010	CP000240.1:1773628-1774444|CDS|CYB_1697	88.235	816	96	0	1	816	1	816	0.0	1040
Ga0393518_01_16061_16948	CP000239.1:326767-327703|CDS|CYA_0317	98.986	888	9	0	1	888	49	936	0.0	1562
Ga0393518_01_16061_16948	CP000240.1:1772667-1773546|CDS|CYB_1695	88.739	888	91	1	1	888	1	879	0.0	1155
Ga0393518_01_17073_18506	CP000239.1:325272-326691|CDS|CYA_0316	99.718	1419	4	0	16	1434	1	1419	0.0	2542
Ga0393518_01_17073_18506	CP000240.1:1771092-1772511|CDS|CYB_1694	88.656	1384	157	0	16	1399	1	1384	0.0	1789
Ga0393518_01_18669_19925	CP000239.1:323856-325095|CDS|CYA_0315	99.839	1239	2	0	1	1239	1	1239	0.0	2226
Ga0393518_01_18669_19925	CP000240.1:1769646-1770885|CDS|CYB_1693	87.651	1239	153	0	1	1239	1	1239	0.0	1545
Ga0393518_01_20026_20376	CP000239.1:323387-323738|CDS|CYA_0314	99.715	351	1	0	1	351	1	351	0.0	629
Ga0393518_01_20026_20376	CP000240.1:1769172-1769523|CDS|CYB_1692	93.732	351	22	0	1	351	1	351	1.36e-152	535
Ga0393518_01_20508_20948	CP000239.1:321744-323256|CDS|CYA_0313	100.000	441	0	0	1	441	1072	1512	0.0	796
Ga0393518_01_20508_20948	CP000240.1:1767536-1769048|CDS|CYB_1691	94.331	441	25	0	1	441	1072	1512	0.0	683
Ga0393518_02_14_544	CP000239.1:739626-742308|CDS|CYA_0735	99.812	531	1	0	1	531	2152	2682	0.0	954
Ga0393518_02_561_2135	CP000239.1:738035-739610|CDS|CYA_0734	99.746	1575	4	0	1	1575	1	1575	0.0	2823
Ga0393518_02_2147_2746	CP000239.1:737424-738024|CDS|CYA_0733	99.333	600	4	0	1	600	1	600	0.0	1065
Ga0393518_02_2813_3955	CP000239.1:736215-737358|CDS|CYA_0732	99.913	1143	1	0	1	1143	1	1143	0.0	2058
Ga0393518_02_3992_4582	CP000239.1:735588-736212|CDS|CYA_0731	99.831	591	1	0	1	591	34	624	0.0	1062
Ga0393518_02_4564_5196	CP000239.1:734974-735607|CDS|CYA_0730	99.842	633	1	0	1	633	1	633	0.0	1138
Ga0393518_02_5391_6170	CP000239.1:734000-734948|CDS|CYA_0729	99.872	780	1	0	1	780	169	948	0.0	1403
Ga0393518_02_6170_6442	CP000239.1:733728-734001|CDS|CYA_0728	100.000	273	0	0	1	273	1	273	3.18e-140	493
Ga0393518_02_8097_9275	CP000239.1:730085-731264|CDS|CYA_0725	99.830	1179	2	0	1	1179	1	1179	0.0	2118
Ga0393518_02_8097_9275	CP000240.1:1148654-1149833|CDS|CYB_1112	91.094	1179	105	0	1	1179	1	1179	0.0	1654
Ga0393518_02_9293_10792	CP000239.1:728568-730068|CDS|CYA_0724	100.000	1500	0	0	1	1500	1	1500	0.0	2706
Ga0393518_02_9293_10792	CP000240.1:1147122-1148619|CDS|CYB_1111	88.541	1501	167	2	1	1500	1	1497	0.0	1928
Ga0393518_02_10842_11162	CP000239.1:728198-728519|CDS|CYA_0723	99.065	321	3	0	1	321	1	321	7.32e-162	566
Ga0393518_02_10842_11162	CP000240.1:1146760-1147090|CDS|CYB_1110	82.680	306	53	0	1	306	19	324	7.35e-86	314
Ga0393518_02_11162_11425	CP000239.1:727935-728202|CDS|CYA_0722	100.000	264	0	0	1	264	4	267	2.36e-135	477
Ga0393518_02_11162_11425	CP000240.1:1146497-1146761|CDS|CYB_1109	82.890	263	45	0	1	263	1	263	1.82e-73	272
Ga0393518_02_11718_12149	CP000239.1:727211-727643|CDS|CYA_0720	100.000	432	0	0	1	432	1	432	0.0	780
Ga0393518_02_11718_12149	CP000240.1:1146006-1146399|CDS|CYB_1108	81.039	385	73	0	19	403	7	391	1.82e-101	366
Ga0393518_02_12146_15382	CP000239.1:723924-727215|CDS|CYA_0721	99.876	3237	4	0	1	3237	55	3291	0.0	5820
Ga0393518_02_15813_16349	CP000239.1:723011-723548|CDS|CYA_0719	100.000	537	0	0	1	537	1	537	0.0	969
Ga0393518_02_15813_16349	CP000240.1:3012625-3013162|CDS|CYB_2915	82.342	538	93	2	1	537	1	537	2.13e-152	535
Ga0393518_02_16593_17096	CP000239.1:722264-722768|CDS|CYA_0718	99.802	504	1	0	1	504	1	504	0.0	905
Ga0393518_02_16593_17096	CP000240.1:3010145-3010580|CDS|CYB_2912	84.434	424	66	0	65	488	2	425	2.43e-132	468
Ga0393518_02_17074_17163	CP000239.1:722155-722287|CDS|CYA_0717	100.000	90	0	0	1	90	43	132	1.95e-41	163
Ga0393518_02_17074_17163	CP000240.1:3009973-3010105|CDS|CYB_2911	87.778	90	11	0	1	90	43	132	3.09e-26	113
Ga0393518_02_17624_18838	CP000239.1:720522-721737|CDS|CYA_0713	99.835	1215	2	0	1	1215	1	1215	0.0	2183
Ga0393518_02_17624_18838	CP000239.1:699773-701018|CDS|CYA_0693	82.571	1159	200	2	1	1158	1	1158	0.0	1173
Ga0393518_02_17624_18838	CP000240.1:3004651-3005875|CDS|CYB_2904	81.998	1161	182	8	1	1158	1	1137	0.0	1141
Ga0393518_02_18835_19707	CP000239.1:719653-720526|CDS|CYA_0714	99.885	873	1	0	1	873	1	873	0.0	1571
Ga0393518_02_18835_19707	CP000240.1:3003800-3004655|CDS|CYB_2905	87.559	844	105	0	1	844	1	844	0.0	1049
Ga0393518_02_18835_19707	CP000239.1:701014-701869|CDS|CYA_0692	87.219	845	106	2	1	844	1	844	0.0	1031
Ga0393518_02_18835_19707	CP000239.1:2354506-2355397|CDS|CYA_2347	64.698	762	240	19	90	835	96	844	6.84e-22	103
Ga0393518_03_193_3006	CP000239.1:1301517-1304331|CDS|CYA_1293	99.716	2814	8	0	1	2814	1	2814	0.0	5039
Ga0393518_03_3356_3988	CP000239.1:1304680-1305313|CDS|CYA_1294	97.946	633	13	0	1	633	1	633	0.0	1084
Ga0393518_03_4008_4283	CP000239.1:1305332-1305617|CDS|CYA_1295	99.638	276	1	0	1	276	10	285	3.22e-140	494
Ga0393518_03_4008_4283	CP000240.1:951190-951475|CDS|CYB_0913	96.565	262	9	0	15	276	24	285	9.24e-122	433
Ga0393518_03_4616_5335	CP000239.1:1305856-1306660|CDS|CYA_1296	98.889	720	8	0	1	720	85	804	0.0	1263
Ga0393518_03_4616_5335	CP000240.1:951714-952518|CDS|CYB_0914	96.523	719	25	0	1	719	85	803	0.0	1185
Ga0393518_03_5505_6314	CP000240.1:952598-953537|CDS|CYB_0915	98.642	810	11	0	1	810	130	939	0.0	1412
Ga0393518_03_5505_6314	CP000239.1:1306700-1307639|CDS|CYA_1297	89.348	798	85	0	1	798	130	927	0.0	1057
Ga0393518_03_6502_7527	CP000240.1:953730-954756|CDS|CYB_0917	98.051	1026	20	0	1	1026	1	1026	0.0	1761
Ga0393518_03_6502_7527	CP000239.1:2341358-2342393|CDS|CYA_2336	73.060	902	227	8	76	969	94	987	1.65e-144	510
Ga0393518_03_6502_7527	CP000240.1:1167879-1168899|CDS|CYB_1130	70.563	924	254	10	55	969	58	972	3.42e-115	412
Ga0393518_03_7505_8221	CP000239.1:1307639-1308344|CDS|CYA_1298	98.326	657	11	0	10	666	1	657	0.0	1136
Ga0393518_03_7505_8221	CP000240.1:954733-955426|CDS|CYB_0916	82.173	718	102	2	1	717	1	693	0.0	733
Ga0393518_03_8410_8817	CP000239.1:1308541-1308949|CDS|CYA_1299	100.000	408	0	0	1	408	1	408	0.0	737
Ga0393518_03_8410_8817	CP000240.1:955635-956043|CDS|CYB_0918	86.765	408	54	0	1	408	1	408	4.89e-140	493
Ga0393518_03_8933_9331	CP000239.1:1308992-1309463|CDS|CYA_1300	100.000	399	0	0	1	399	73	471	0.0	720
Ga0393518_03_8933_9331	CP000240.1:956126-956597|CDS|CYB_0919	86.466	399	54	0	1	399	73	471	3.67e-135	477
Ga0393518_03_9449_11620	CP000239.1:1309619-1311752|CDS|CYA_1301	99.953	2133	1	0	40	2172	1	2133	0.0	3843
Ga0393518_03_9449_11620	CP000240.1:956749-958873|CDS|CYB_0920	87.994	2124	254	1	40	2163	1	2123	0.0	2678
Ga0393518_03_11643_12872	CP000239.1:1311774-1313004|CDS|CYA_1302	99.837	1230	2	0	1	1230	1	1230	0.0	2210
Ga0393518_03_11643_12872	CP000240.1:958904-960134|CDS|CYB_0921	86.748	1230	163	0	1	1230	1	1230	0.0	1484
Ga0393518_03_12966_13283	CP000239.1:1313097-1313415|CDS|CYA_1303	100.000	318	0	0	1	318	1	318	1.40e-164	574
Ga0393518_03_12966_13283	CP000240.1:960258-960576|CDS|CYB_0922	88.994	318	35	0	1	318	1	318	8.28e-117	416
Ga0393518_03_13327_14211	CP000239.1:1313461-1314343|CDS|CYA_1305	100.000	882	0	0	4	885	1	882	0.0	1591
Ga0393518_03_13327_14211	CP000240.1:960697-961558|CDS|CYB_0924	85.012	834	101	2	76	885	28	861	0.0	954
Ga0393518_03_14208_15119	CP000239.1:1314339-1315251|CDS|CYA_1304	100.000	912	0	0	1	912	1	912	0.0	1645
Ga0393518_03_14208_15119	CP000240.1:961554-962472|CDS|CYB_0923	87.473	918	109	1	1	912	1	918	0.0	1139
Ga0393518_04_753_1196	CP000239.1:1045717-1046161|CDS|CYA_1028	100.000	444	0	0	1	444	1	444	0.0	801
Ga0393518_04_753_1196	CP000240.1:2720213-2720657|CDS|CYB_2627	87.162	444	57	0	1	444	1	444	3.37e-155	545
Ga0393518_04_1291_2295	CP000239.1:1046249-1047260|CDS|CYA_1029	99.900	1005	1	0	1	1005	7	1011	0.0	1809
Ga0393518_04_1291_2295	CP000240.1:2719084-2720125|CDS|CYB_2626	81.371	1036	161	7	1	1005	7	1041	0.0	996
Ga0393518_04_2311_4212	CP000239.1:1047275-1049177|CDS|CYA_1030	99.895	1902	2	0	1	1902	1	1902	0.0	3422
Ga0393518_04_2311_4212	CP000240.1:2717149-2719069|CDS|CYB_2625	82.875	1927	298	4	1	1902	1	1920	0.0	1999
Ga0393518_04_4229_5131	CP000239.1:1049193-1050096|CDS|CYA_1031	100.000	903	0	0	1	903	1	903	0.0	1629
Ga0393518_04_4229_5131	CP000240.1:2951359-2952262|CDS|CYB_2854	84.828	903	137	0	1	903	1	903	0.0	1012
Ga0393518_04_5389_6138	CP000239.1:1050353-1051103|CDS|CYA_1033	99.867	750	1	0	1	750	1	750	0.0	1349
Ga0393518_04_5389_6138	CP000240.1:2952636-2953380|CDS|CYB_2856	86.800	750	93	1	1	750	1	744	0.0	908
Ga0393518_04_6135_7472	CP000239.1:1051099-1052437|CDS|CYA_1032	99.851	1338	2	0	1	1338	1	1338	0.0	2405
Ga0393518_04_6135_7472	CP000240.1:2953376-2954759|CDS|CYB_2855	76.235	1376	243	8	3	1318	15	1366	0.0	1048
Ga0393518_04_7642_8667	CP000239.1:1052606-1053632|CDS|CYA_1034	99.805	1026	2	0	1	1026	1	1026	0.0	1842
Ga0393518_04_7642_8667	CP000240.1:2954904-2955939|CDS|CYB_2857	86.087	1035	135	1	1	1026	1	1035	0.0	1222
Ga0393518_04_9102_9560	CP000239.1:88305-89487|CDS|CYA_0091	77.458	417	87	3	3	413	184	599	2.07e-88	322
Ga0393518_04_9102_9560	CP000240.1:2796782-2798000|CDS|CYB_2707	73.263	475	100	4	3	451	184	657	3.50e-79	291
Ga0393518_04_9102_9560	CP000239.1:1594889-1596107|CDS|CYA_1585	75.904	415	93	3	1	409	182	595	3.50e-79	291
Ga0393518_04_9102_9560	CP000240.1:1842322-1843549|CDS|CYB_1759	72.996	474	101	4	3	450	184	656	5.20e-77	285
Ga0393518_04_9102_9560	CP000240.1:1384265-1385459|CDS|CYB_1322	72.899	476	102	4	1	450	182	656	5.20e-77	284
Ga0393518_04_9102_9560	CP000240.1:2247371-2248565|CDS|CYB_2147	75.422	415	95	3	1	409	182	595	1.81e-76	282
Ga0393518_04_9102_9560	CP000240.1:1316312-1317548|CDS|CYB_1259	72.842	475	102	4	3	451	184	657	1.81e-76	282
Ga0393518_04_9102_9560	CP000240.1:1190675-1191869|CDS|CYB_1151	75.422	415	95	3	1	409	182	595	1.81e-76	282
Ga0393518_04_9102_9560	CP000239.1:2170714-2171908|CDS|CYA_2158	72.632	475	103	4	3	451	184	657	7.71e-75	278
Ga0393518_04_9102_9560	CP000240.1:2644164-2645358|CDS|CYB_2538	75.000	412	96	3	1	406	182	592	3.28e-73	272
Ga0393518_04_9102_9560	CP000240.1:241642-242836|CDS|CYB_0233	72.211	475	105	4	3	451	184	657	4.00e-72	269
Ga0393518_04_9102_9560	CP000240.1:2565689-2566883|CDS|CYB_2468	74.818	413	95	4	1	406	182	592	1.39e-71	267
Ga0393518_04_9102_9560	CP000240.1:2661652-2662870|CDS|CYB_2557	74.576	413	98	3	3	409	184	595	4.87e-71	265
Ga0393518_04_9102_9560	CP000239.1:893439-894633|CDS|CYA_0887	74.576	413	98	3	3	409	184	595	4.87e-71	265
Ga0393518_04_9102_9560	CP000240.1:2619921-2621115|CDS|CYB_2521	72.000	475	106	4	3	451	184	657	4.87e-71	264
Ga0393518_04_9102_9560	CP000240.1:1803089-1804283|CDS|CYB_1722	71.908	477	107	4	1	451	182	657	1.70e-70	263
Ga0393518_04_9102_9560	CP000240.1:629484-630702|CDS|CYB_0620	75.255	392	90	3	24	409	229	619	1.70e-70	263
Ga0393518_04_9102_9560	CP000240.1:345730-346924|CDS|CYB_0329	74.515	412	98	3	1	406	182	592	1.70e-70	263
Ga0393518_04_9102_9560	CP000240.1:1521392-1522610|CDS|CYB_1450	72.467	454	98	4	24	451	229	681	1.70e-70	262
Ga0393518_04_9102_9560	CP000240.1:1064975-1066169|CDS|CYB_1023	71.698	477	108	4	1	451	182	657	2.07e-69	259
Ga0393518_04_9102_9560	CP000239.1:994256-995468|CDS|CYA_0981	74.272	412	99	3	1	406	182	592	2.07e-69	259
Ga0393518_04_9102_9560	CP000239.1:712444-713638|CDS|CYA_0704	74.092	413	100	3	3	409	184	595	2.52e-68	256
Ga0393518_04_9102_9560	CP000240.1:2128026-2129220|CDS|CYB_2026	74.146	410	99	3	1	404	182	590	2.52e-68	255
Ga0393518_04_9102_9560	CP000240.1:52430-53648|CDS|CYB_0041	74.146	410	99	3	3	406	184	592	2.52e-68	255
Ga0393518_04_9102_9560	CP000240.1:2933473-2934709|CDS|CYB_2835	74.745	392	92	3	24	409	229	619	8.80e-68	254
Ga0393518_04_9102_9560	CP000240.1:3008652-3009870|CDS|CYB_2910	72.026	454	100	4	24	451	229	681	8.80e-68	253
Ga0393518_04_9102_9560	CP000240.1:1267756-1268992|CDS|CYB_1227	72.026	454	100	4	24	451	229	681	8.80e-68	253
Ga0393518_04_9102_9560	CP000239.1:774779-775973|CDS|CYA_0767	71.519	474	108	4	3	450	184	656	8.80e-68	253
Ga0393518_04_9102_9560	CP000240.1:1954838-1956056|CDS|CYB_1872	73.850	413	101	3	3	409	184	595	3.07e-67	251
Ga0393518_04_9102_9560	CP000239.1:698055-699204|CDS|CYA_0690	73.902	410	100	3	3	406	184	592	1.07e-66	251
Ga0393518_04_9102_9560	CP000240.1:102811-104029|CDS|CYB_0087	71.806	454	101	4	24	451	229	681	3.74e-66	249
Ga0393518_04_9102_9560	CP000240.1:2168360-2169515|CDS|CYB_2071	71.339	478	104	6	3	451	184	657	3.74e-66	248
Ga0393518_04_9102_9560	CP000240.1:2210858-2212052|CDS|CYB_2117	73.608	413	102	3	3	409	184	595	1.31e-65	247
Ga0393518_04_9102_9560	CP000239.1:629980-631174|CDS|CYA_0620	73.608	413	102	3	3	409	184	595	1.31e-65	247
Ga0393518_04_9102_9560	CP000240.1:2219258-2220470|CDS|CYB_2126	73.544	412	102	3	1	406	182	592	4.56e-65	245
Ga0393518_04_9102_9560	CP000240.1:481588-482800|CDS|CYB_0472	71.069	477	111	4	1	451	182	657	4.56e-65	245
Ga0393518_04_9102_9560	CP000240.1:1358129-1359347|CDS|CYB_1297	71.586	454	102	4	24	451	229	681	4.56e-65	244
Ga0393518_04_9102_9560	CP000240.1:638632-639850|CDS|CYB_0630	71.586	454	102	4	24	451	229	681	4.56e-65	244
Ga0393518_04_9102_9560	CP000240.1:605550-606744|CDS|CYB_0598	70.947	475	111	4	3	451	184	657	5.55e-64	242
Ga0393518_04_9102_9560	CP000240.1:1917270-1918464|CDS|CYB_1826	73.301	412	103	3	1	406	182	592	5.55e-64	241
Ga0393518_04_9102_9560	CP000240.1:1015074-1016268|CDS|CYB_0979	70.860	477	112	4	1	451	182	657	5.55e-64	241
Ga0393518_04_9102_9560	CP000239.1:693322-694534|CDS|CYA_0687	73.301	412	103	3	1	406	182	592	5.55e-64	241
Ga0393518_04_9102_9560	CP000240.1:1083184-1084426|CDS|CYB_1042	71.366	454	103	4	24	451	229	681	1.94e-63	240
Ga0393518_04_9102_9560	CP000240.1:2830275-2831565|CDS|CYB_2735	71.082	453	104	4	24	450	229	680	8.24e-62	233
Ga0393518_04_9102_9560	CP000240.1:1763450-1764623|CDS|CYB_1688	72.816	412	105	3	1	406	182	592	2.88e-61	232
Ga0393518_04_9102_9560	CP000240.1:2553363-2554557|CDS|CYB_2454	72.340	423	109	4	3	419	184	604	4.27e-59	225
Ga0393518_04_9102_9560	CP000240.1:1244785-1246021|CDS|CYB_1201	68.737	499	105	5	3	451	184	681	5.20e-58	221
Ga0393518_04_9102_9560	CP000240.1:2506708-2507857|CDS|CYB_2410	66.534	502	93	6	24	451	253	753	3.07e-48	189
Ga0393518_04_9613_10107	CP000239.1:88305-89487|CDS|CYA_0091	76.497	451	75	2	1	444	718	1144	3.79e-98	355
Ga0393518_04_10075_10530	CP000239.1:1055039-1055432|CDS|CYA_1035	99.491	393	2	0	64	456	1	393	0.0	700
Ga0393518_04_10075_10530	CP000240.1:2956211-2956679|CDS|CYB_2858	79.618	471	78	3	1	456	1	468	9.95e-118	420
Ga0393518_04_10780_11268	CP000239.1:1055744-1056233|CDS|CYA_1037	99.796	489	1	0	1	489	1	489	0.0	878
Ga0393518_04_10780_11268	CP000240.1:2956991-2957483|CDS|CYB_2859	87.169	491	60	1	1	488	1	491	5.53e-172	600
Ga0393518_04_11315_13171	CP000239.1:1056279-1058187|CDS|CYA_1038	82.338	1908	286	9	1	1857	1	1908	0.0	1928
Ga0393518_04_11315_13171	CP000240.1:2958120-2960031|CDS|CYB_2861	80.867	1845	302	8	64	1857	67	1911	0.0	1746
Ga0393518_04_13165_14160	CP000239.1:1058180-1059176|CDS|CYA_1039	98.394	996	16	0	1	996	1	996	0.0	1725
Ga0393518_04_13165_14160	CP000240.1:2960024-2961029|CDS|CYB_2862	97.328	973	26	0	1	973	1	973	0.0	1638
Ga0393518_04_14426_14920	CP000239.1:1059441-1059936|CDS|CYA_1040	100.000	495	0	0	1	495	1	495	0.0	893
Ga0393518_04_14426_14920	CP000240.1:2961045-2961606|CDS|CYB_2863	94.366	426	24	0	34	459	34	459	0.0	661
Ga0393518_04_15144_15254	CP000240.1:2961045-2961606|CDS|CYB_2863	99.038	104	1	0	8	111	458	561	2.68e-47	184
Ga0393518_05_1166_2221	CP000239.1:2899885-2900941|CDS|CYA_2883	100.000	1056	0	0	1	1056	1	1056	0.0	1905
Ga0393518_05_1166_2221	CP000240.1:1735695-1736760|CDS|CYB_1656	85.824	1044	148	0	1	1044	1	1044	0.0	1216
Ga0393518_05_2424_3434	CP000239.1:2898672-2899683|CDS|CYA_2882	99.802	1011	2	0	1	1011	1	1011	0.0	1815
Ga0393518_05_2424_3434	CP000240.1:1736975-1737986|CDS|CYB_1657	88.427	1011	117	0	1	1011	1	1011	0.0	1297
Ga0393518_05_3431_4216	CP000239.1:2897890-2898676|CDS|CYA_2881	99.364	786	5	0	1	786	1	786	0.0	1396
Ga0393518_05_3431_4216	CP000240.1:1737982-1738768|CDS|CYB_1658	88.776	784	88	0	1	784	1	784	0.0	1018
Ga0393518_05_4241_5809	CP000239.1:2896297-2897866|CDS|CYA_2880	99.873	1569	2	0	1	1569	1	1569	0.0	2821
Ga0393518_05_4241_5809	CP000240.1:1738815-1740378|CDS|CYB_1659	83.527	1548	243	3	25	1569	25	1563	0.0	1640
Ga0393518_05_5827_7248	CP000239.1:2894858-2896280|CDS|CYA_2879	99.930	1422	1	0	1	1422	1	1422	0.0	2561
Ga0393518_05_5827_7248	CP000240.1:1740396-1741881|CDS|CYB_1660	78.992	1428	249	4	1	1380	1	1425	0.0	1251
Ga0393518_05_7269_7802	CP000239.1:2894124-2894838|CDS|CYA_2878	100.000	534	0	0	1	534	181	714	0.0	964
Ga0393518_05_7269_7802	CP000240.1:1741885-1742533|CDS|CYB_1661	92.121	495	39	0	1	495	115	609	0.0	718
Ga0393518_05_8015_8245	CP000239.1:2893462-2894092|CDS|CYA_2877	100.000	231	0	0	1	231	400	630	1.67e-117	417
Ga0393518_05_8015_8245	CP000240.1:1742628-1743189|CDS|CYB_1662	84.862	218	33	0	1	218	256	473	2.18e-65	245
Ga0393518_05_8327_8644	CP000239.1:2893462-2894092|CDS|CYA_2877	100.000	317	0	0	1	317	1	317	4.88e-164	572
Ga0393518_05_8671_9069	CP000239.1:2893037-2893436|CDS|CYA_2876	99.248	399	3	0	1	399	1	399	0.0	707
Ga0393518_05_8671_9069	CP000240.1:1743354-1743753|CDS|CYB_1663	81.955	399	72	0	1	399	1	399	9.85e-111	396
Ga0393518_05_9157_9447	CP000239.1:2892659-2892950|CDS|CYA_2875	100.000	291	0	0	1	291	1	291	5.78e-150	526
Ga0393518_05_9157_9447	CP000240.1:1743826-1744117|CDS|CYB_1664	81.690	284	52	0	1	284	1	284	1.36e-75	279
Ga0393518_05_9679_9924	CP000239.1:2892182-2892428|CDS|CYA_2874	99.593	246	1	0	1	246	1	246	5.49e-124	440
Ga0393518_05_9679_9924	CP000240.1:1744311-1744602|CDS|CYB_1665	89.024	246	27	0	1	246	46	291	1.06e-88	323
Ga0393518_05_10022_11287	CP000239.1:2890819-2892085|CDS|CYA_2873	92.812	1266	91	0	1	1266	1	1266	0.0	1874
Ga0393518_05_10022_11287	CP000240.1:1744647-1745928|CDS|CYB_1666	85.841	1236	175	0	25	1260	40	1275	0.0	1441
Ga0393518_05_11300_11569	CP000239.1:2890537-2890807|CDS|CYA_2872	96.283	269	10	0	1	269	1	269	1.74e-124	441
Ga0393518_05_11300_11569	CP000240.1:1745940-1746210|CDS|CYB_1667	81.784	269	49	0	1	269	1	269	2.77e-71	265
Ga0393518_05_11821_14211	CP000239.1:2887937-2890445|CDS|CYA_2871	96.056	2358	93	0	1	2358	118	2475	0.0	3834
Ga0393518_05_11821_14211	CP000240.1:1555785-1558380|CDS|CYB_1481	79.192	2427	439	10	1	2361	139	2565	0.0	2115
Ga0393518_05_14490_14852	CP000240.1:1558658-1559549|CDS|CYB_1482	76.791	349	74	4	1	347	1	344	6.86e-68	253
Ga0393518_05_14490_14852	CP000239.1:2884601-2885483|CDS|CYA_2868	74.425	348	89	0	1	348	1	348	9.53e-60	227
Ga0393518_05_14490_14852	CP000239.1:2886812-2887649|CDS|CYA_2870	73.864	352	79	6	1	347	1	344	3.12e-53	205
Ga0393518_05_14490_14852	CP000240.1:1559946-1560831|CDS|CYB_1483	71.470	347	99	0	1	347	1	347	1.24e-45	180
Ga0393518_05_14490_14852	CP000239.1:2885817-2886651|CDS|CYA_2869	70.605	347	102	0	1	347	1	347	7.83e-42	167
Ga0393518_05_14844_15335	CP000239.1:1949093-1950374|CDS|CYA_1938	99.187	492	4	0	1	492	790	1281	0.0	870
Ga0393518_05_14844_15335	CP000239.1:1644791-1646072|CDS|CYA_1646	99.187	492	4	0	1	492	790	1281	0.0	870
Ga0393518_05_14844_15335	CP000239.1:1478618-1479899|CDS|CYA_1471	99.187	492	4	0	1	492	790	1281	0.0	870
Ga0393518_05_14844_15335	CP000239.1:410292-411573|CDS|CYA_0395	99.187	492	4	0	1	492	790	1281	0.0	870
Ga0393518_05_14844_15335	CP000239.1:2017852-2019133|CDS|CYA_2001	98.984	492	5	0	1	492	790	1281	0.0	866
Ga0393518_05_14844_15335	CP000239.1:1897468-1898749|CDS|CYA_1890	98.984	492	5	0	1	492	790	1281	0.0	866
Ga0393518_05_14844_15335	CP000239.1:731378-732659|CDS|CYA_0726	98.984	492	5	0	1	492	790	1281	0.0	866
Ga0393518_05_14844_15335	CP000239.1:2433345-2434626|CDS|CYA_2424	98.780	492	6	0	1	492	790	1281	0.0	861
Ga0393518_05_14844_15335	CP000239.1:2403315-2404596|CDS|CYA_2393	98.780	492	6	0	1	492	790	1281	0.0	861
Ga0393518_05_14844_15335	CP000239.1:1779349-1780630|CDS|CYA_1773	98.780	492	6	0	1	492	790	1281	0.0	861
Ga0393518_05_14844_15335	CP000239.1:2598895-2600176|CDS|CYA_2573	98.577	492	7	0	1	492	790	1281	0.0	856
Ga0393518_05_14844_15335	CP000239.1:2450640-2451921|CDS|CYA_2440	98.374	492	8	0	1	492	790	1281	0.0	852
Ga0393518_05_14844_15335	CP000239.1:1385448-1386729|CDS|CYA_1375	98.374	492	8	0	1	492	790	1281	0.0	852
Ga0393518_05_14844_15335	CP000239.1:2258726-2260007|CDS|CYA_2249	98.171	492	9	0	1	492	790	1281	0.0	847
Ga0393518_05_14844_15335	CP000239.1:2699277-2700558|CDS|CYA_2685	97.967	492	10	0	1	492	790	1281	0.0	843
Ga0393518_05_14844_15335	CP000239.1:362788-364069|CDS|CYA_0345	97.561	492	12	0	1	492	790	1281	0.0	834
Ga0393518_05_14844_15335	CP000239.1:2710017-2711283|CDS|CYA_2695	98.323	477	8	0	1	477	790	1266	0.0	825
Ga0393518_05_14844_15335	CP000240.1:21293-22574|CDS|CYB_0018	94.919	492	25	0	1	492	790	1281	0.0	775
Ga0393518_05_14844_15335	CP000240.1:32082-33315|CDS|CYB_0026	88.211	492	10	1	1	492	790	1233	0.0	665
Ga0393518_05_14844_15335	CP000240.1:1256770-1257394|CDS|CYB_1210	87.602	492	13	1	1	492	181	624	0.0	652
Ga0393518_05_14844_15335	CP000239.1:818225-819443|CDS|CYA_0807	97.895	380	8	0	1	380	790	1169	0.0	650
Ga0393518_05_14844_15335	CP000239.1:607043-608261|CDS|CYA_0596	97.895	380	8	0	1	380	790	1169	0.0	650
Ga0393518_05_14844_15335	CP000239.1:1445168-1446401|CDS|CYA_1438	94.211	380	22	0	1	380	790	1169	3.51e-168	587
Ga0393518_06_712_1902	CP000239.1:268684-270631|CDS|CYA_0263	100.000	1191	0	0	1	1191	757	1947	0.0	2149
Ga0393518_06_1883_2662	CP000239.1:268684-270631|CDS|CYA_0263	99.743	777	1	1	4	780	1	776	0.0	1389
Ga0393518_06_2737_2991	CP000239.1:270707-272060|CDS|CYA_0264	100.000	255	0	0	1	255	1099	1353	1.75e-130	461
Ga0393518_06_2737_2991	CP000240.1:802517-803870|CDS|CYB_0779	88.235	255	30	0	1	255	1099	1353	9.06e-90	325
Ga0393518_06_3082_3699	CP000240.1:800976-802446|CDS|CYB_0778	92.395	618	47	0	1	618	853	1470	0.0	903
Ga0393518_06_3082_3699	CP000239.1:267159-268629|CDS|CYA_0262	91.748	618	51	0	1	618	853	1470	0.0	885
Ga0393518_06_3934_4935	CP000240.1:799725-800742|CDS|CYB_0777	91.724	1015	69	1	1	1000	1	1015	0.0	1462
Ga0393518_06_3934_4935	CP000239.1:265864-266866|CDS|CYA_0261	92.216	1002	78	0	1	1002	1	1002	0.0	1456
Ga0393518_06_5365_5517	CP000239.1:265282-265435|CDS|CYA_0259	100.000	153	0	0	1	153	1	153	2.33e-75	277
Ga0393518_06_5365_5517	CP000240.1:685809-685962|CDS|CYB_0673	89.542	153	16	0	1	153	1	153	1.21e-53	205
Ga0393518_06_5551_6663	CP000239.1:264136-265249|CDS|CYA_0258	99.910	1113	1	0	1	1113	1	1113	0.0	2003
Ga0393518_06_5551_6663	CP000240.1:685996-687097|CDS|CYB_0674	80.385	1040	192	4	52	1088	58	1088	0.0	949
Ga0393518_06_6695_7849	CP000239.1:261101-262256|CDS|CYA_0255	99.827	1155	2	0	1	1155	1	1155	0.0	2075
Ga0393518_06_6695_7849	CP000240.1:2782183-2783338|CDS|CYB_2695	77.708	1108	231	6	55	1154	55	1154	0.0	873
Ga0393518_06_8534_9214	CP000239.1:257306-260417|CDS|CYA_0253	99.413	682	3	1	1	681	1	682	0.0	1209
Ga0393518_06_9145_11643	CP000239.1:257306-260417|CDS|CYA_0253	99.840	2499	4	0	1	2499	613	3111	0.0	4489
Ga0393518_06_11640_13076	CP000239.1:255873-257310|CDS|CYA_0254	100.000	1437	0	0	1	1437	1	1437	0.0	2592
Ga0393518_06_11640_13076	CP000240.1:635935-637345|CDS|CYB_0626	83.027	1361	221	4	1	1353	1	1359	0.0	1405
Ga0393518_06_13153_13902	CP000239.1:255047-255797|CDS|CYA_0252	99.600	750	3	0	1	750	1	750	0.0	1340
Ga0393518_06_13153_13902	CP000240.1:635074-635824|CDS|CYB_0625	79.076	736	154	0	15	750	15	750	0.0	634
Ga0393518_06_14001_14522	CP000239.1:254427-254949|CDS|CYA_0251	97.318	522	14	0	1	522	1	522	0.0	879
Ga0393518_06_14001_14522	CP000240.1:2348390-2348912|CDS|CYB_2243	86.328	512	70	0	1	512	1	512	1.14e-174	609
Ga0393518_07_310_1176	CP000239.1:971754-972450|CDS|CYA_0959	93.966	696	42	0	172	867	1	696	0.0	1067
Ga0393518_07_1252_2661	CP000239.1:972526-973936|CDS|CYA_0960	94.823	1410	73	0	1	1410	1	1410	0.0	2214
Ga0393518_07_1252_2661	CP000240.1:304467-305910|CDS|CYB_0292	80.264	1439	247	8	7	1410	7	1443	0.0	1313
Ga0393518_07_2639_3730	CP000239.1:973844-975005|CDS|CYA_0961	99.634	1092	4	0	1	1092	70	1161	0.0	1952
Ga0393518_07_2639_3730	CP000240.1:305818-306979|CDS|CYB_0293	82.206	1079	190	2	5	1082	74	1151	0.0	1074
Ga0393518_07_3745_3885	CP000239.1:975019-975553|CDS|CYA_0962	98.582	141	2	0	1	141	394	534	3.58e-66	246
Ga0393518_07_3829_4179	CP000239.1:975019-975553|CDS|CYA_0962	98.559	347	5	0	1	347	450	104	3.19e-173	604
Ga0393518_07_5651_6253	CP000239.1:976928-977528|CDS|CYA_0965	97.500	600	15	0	4	603	1	600	0.0	1015
Ga0393518_07_5651_6253	CP000240.1:909071-909683|CDS|CYB_0882	86.447	546	74	0	4	549	1	546	0.0	652
Ga0393518_07_6193_7062	CP000239.1:977467-978337|CDS|CYA_0964	95.862	870	36	0	1	870	1	870	0.0	1407
Ga0393518_07_6193_7062	CP000240.1:909610-910528|CDS|CYB_0881	84.727	825	125	1	1	825	37	860	0.0	917
Ga0393518_07_7066_7731	CP000239.1:978379-979045|CDS|CYA_0966	88.705	664	75	0	1	664	1	664	0.0	860
Ga0393518_07_7066_7731	CP000240.1:910558-911224|CDS|CYB_0883	87.988	666	80	0	1	666	1	666	0.0	841
Ga0393518_07_8148_8945	CP000240.1:911640-912438|CDS|CYB_0884	99.499	798	4	0	1	798	1	798	0.0	1422
Ga0393518_07_8148_8945	CP000239.1:979417-980197|CDS|CYA_0967	88.387	775	90	0	1	775	1	775	0.0	993
Ga0393518_07_9115_14619	CP000240.1:912607-918244|CDS|CYB_0885	93.958	5511	288	12	7	5505	160	5637	0.0	8424
Ga0393518_08_19_963	CP000239.1:2129477-2130422|CDS|CYA_2112	99.788	945	2	0	1	945	1	945	0.0	1696
Ga0393518_08_19_963	CP000240.1:2760688-2761633|CDS|CYB_2672	85.487	944	137	0	1	944	1	944	0.0	1086
Ga0393518_08_1079_2812	CP000239.1:2127640-2129362|CDS|CYA_2111	100.000	1722	0	0	13	1734	1	1722	0.0	3106
Ga0393518_08_1079_2812	CP000240.1:2758982-2760683|CDS|CYB_2671	87.129	1686	217	0	13	1698	1	1686	0.0	2063
Ga0393518_08_2968_3252	CP000239.1:2127005-2127473|CDS|CYA_2110	100.000	285	0	0	1	285	184	468	1.02e-146	515
Ga0393518_08_2968_3252	CP000240.1:2758340-2758889|CDS|CYB_2670	98.246	285	5	0	1	285	184	468	1.16e-139	492
Ga0393518_08_3426_4418	CP000239.1:2125968-2127015|CDS|CYA_2109	98.489	993	15	0	1	993	55	1047	0.0	1724
Ga0393518_08_3426_4418	CP000240.1:2757303-2758350|CDS|CYB_2669	89.415	992	105	0	2	993	56	1047	0.0	1316
Ga0393518_08_4664_4825	CP000239.1:2125624-2125777|CDS|CYA_2108	100.000	152	0	0	1	152	1	152	8.69e-75	275
Ga0393518_08_4880_7072	CP000239.1:2123363-2125556|CDS|CYA_2106	99.909	2193	2	0	1	2193	1	2193	0.0	3947
Ga0393518_08_4880_7072	CP000240.1:2754665-2756882|CDS|CYB_2668	84.004	2163	340	2	1	2160	1	2160	0.0	2338
Ga0393518_08_7069_7767	CP000239.1:2122668-2123367|CDS|CYA_2107	99.857	699	1	0	1	699	1	699	0.0	1257
Ga0393518_08_7069_7767	CP000240.1:2753885-2754590|CDS|CYB_2667	82.446	695	122	0	1	695	1	695	0.0	704
Ga0393518_08_7850_8224	CP000239.1:2122211-2122586|CDS|CYA_2105	99.733	375	1	0	1	375	1	375	0.0	673
Ga0393518_08_7850_8224	CP000240.1:2753409-2753784|CDS|CYB_2666	83.467	375	62	0	1	375	1	375	2.64e-111	398
Ga0393518_08_8504_9448	CP000239.1:2120987-2121932|CDS|CYA_2104	100.000	945	0	0	1	945	1	945	0.0	1705
Ga0393518_08_8504_9448	CP000240.1:2752204-2753149|CDS|CYB_2665	86.645	906	121	0	1	906	1	906	0.0	1089
Ga0393518_08_9586_10458	CP000239.1:2119977-2120823|CDS|CYA_2103	100.000	846	0	0	28	873	1	846	0.0	1526
Ga0393518_08_9586_10458	CP000240.1:2751213-2752080|CDS|CYB_2664	84.838	864	131	0	10	873	4	867	0.0	968
Ga0393518_08_10704_11015	CP000239.1:2119222-2119831|CDS|CYA_2102	100.000	312	0	0	1	312	411	100	2.48e-161	563
Ga0393518_08_10704_11015	CP000240.1:2749613-2750246|CDS|CYB_2661	87.500	312	39	0	1	312	435	124	3.94e-108	388
Ga0393518_08_10959_11207	CP000239.1:2119222-2119831|CDS|CYA_2102	79.608	255	46	2	1	249	355	609	7.75e-59	223
Ga0393518_08_10959_11207	CP000240.1:2749613-2750246|CDS|CYB_2661	77.253	233	47	2	1	227	379	611	2.89e-45	178
Ga0393518_08_11308_11469	CP000240.1:2749353-2749542|CDS|CYB_2660	79.874	159	20	1	1	147	1	159	8.70e-37	150
Ga0393518_08_11308_11469	CP000239.1:2118940-2119129|CDS|CYA_2101	79.874	159	20	1	1	147	1	159	8.70e-37	150
Ga0393518_08_11932_12714	CP000239.1:2116443-2117259|CDS|CYA_2099	99.872	783	1	0	1	783	34	816	0.0	1408
Ga0393518_08_11932_12714	CP000240.1:2746710-2747625|CDS|CYB_2658	73.019	593	130	4	1	584	1	572	5.00e-99	358
Ga0393518_08_12723_13673	CP000239.1:2113504-2116435|CDS|CYA_2098	98.528	951	14	0	1	951	1981	2931	0.0	1653
Ga0393518_08_12723_13673	CP000240.1:149925-152892|CDS|CYB_0137	90.148	944	93	0	1	944	2017	2960	0.0	1284
Ga0393518_09_281_508	CP000239.1:1966854-1968081|CDS|CYA_1956	95.633	229	9	1	1	228	403	631	9.13e-102	365
Ga0393518_09_281_508	CP000239.1:782540-783770|CDS|CYA_0777	93.013	229	15	1	1	228	403	631	1.27e-93	338
Ga0393518_09_281_508	CP000240.1:2424097-2424871|CDS|CYB_2313	81.395	215	40	0	1	215	400	614	1.55e-54	208
Ga0393518_09_281_508	CP000240.1:86287-87061|CDS|CYB_0074	80.176	227	44	1	1	226	400	626	6.59e-53	204
Ga0393518_09_281_508	CP000240.1:544792-546037|CDS|CYB_0530	79.295	227	46	1	1	226	400	626	3.41e-50	195
Ga0393518_09_281_508	CP000240.1:2581305-2582079|CDS|CYB_2484	79.070	215	45	0	1	215	400	614	1.77e-47	186
Ga0393518_09_281_508	CP000240.1:1126684-1127458|CDS|CYB_1091	78.140	215	47	0	1	215	400	614	9.16e-45	177
Ga0393518_09_622_897	CP000239.1:782540-783770|CDS|CYA_0777	98.913	276	3	0	1	276	1020	745	1.67e-137	485
Ga0393518_09_622_897	CP000239.1:1966854-1968081|CDS|CYA_1956	88.364	275	32	0	1	275	1020	746	7.11e-98	352
Ga0393518_09_622_897	CP000239.1:2027933-2028476|CDS|CYA_2012	74.101	278	68	2	1	276	309	34	1.38e-43	172
Ga0393518_09_622_897	CP000240.1:544792-546037|CDS|CYB_0530	71.786	280	71	2	1	276	1017	742	5.48e-36	148
Ga0393518_09_1121_1810	CP000239.1:346458-347148|CDS|CYA_0329	100.000	690	0	0	1	690	1	690	0.0	1245
Ga0393518_09_1121_1810	CP000240.1:1791476-1792229|CDS|CYB_1708	85.512	635	92	0	1	635	1	635	0.0	731
Ga0393518_09_1962_3083	CP000239.1:347317-348421|CDS|CYA_0330	100.000	1104	0	0	19	1122	1	1104	0.0	1992
Ga0393518_09_1962_3083	CP000240.1:1792910-1794008|CDS|CYB_1710	83.761	1090	177	0	19	1108	1	1090	0.0	1168
Ga0393518_09_3191_3490	CP000239.1:348528-348828|CDS|CYA_0331	100.000	300	0	0	1	300	1	300	7.77e-155	542
Ga0393518_09_3191_3490	CP000240.1:1794124-1794424|CDS|CYB_1711	89.333	300	32	0	1	300	1	300	2.09e-111	398
Ga0393518_09_3694_5322	CP000239.1:349031-350660|CDS|CYA_0332	99.877	1629	2	0	1	1629	1	1629	0.0	2929
Ga0393518_09_3694_5322	CP000240.1:1794623-1796243|CDS|CYB_1712	86.578	1587	213	0	1	1587	1	1587	0.0	1902
Ga0393518_09_3694_5322	CP000239.1:1411962-1413597|CDS|CYA_1407	70.401	1598	447	12	1	1585	1	1585	0.0	719
Ga0393518_09_3694_5322	CP000240.1:1690529-1692164|CDS|CYB_1618	69.763	1604	461	10	1	1592	1	1592	0.0	683
Ga0393518_09_5360_6886	CP000239.1:350697-352224|CDS|CYA_0333	100.000	1527	0	0	1	1527	1	1527	0.0	2755
Ga0393518_09_5360_6886	CP000240.1:1587284-1588820|CDS|CYB_1514	90.184	1518	149	0	1	1518	1	1518	0.0	2067
Ga0393518_09_6933_7721	CP000239.1:352270-353185|CDS|CYA_0334	99.747	789	2	0	1	789	127	915	0.0	1415
Ga0393518_09_6933_7721	CP000240.1:1586328-1587234|CDS|CYB_1513	74.031	851	116	6	1	767	7	836	6.12e-174	607
Ga0393518_09_8210_9661	CP000239.1:353547-354966|CDS|CYA_0335	99.859	1419	2	0	34	1452	1	1419	0.0	2551
Ga0393518_09_8210_9661	CP000240.1:1584673-1586068|CDS|CYB_1512	87.305	1410	149	3	34	1440	1	1383	0.0	1750
Ga0393518_09_9681_10817	CP000239.1:355018-356155|CDS|CYA_0336	99.560	1137	5	0	1	1137	1	1137	0.0	2029
Ga0393518_09_9681_10817	CP000240.1:1583524-1584661|CDS|CYB_1511	90.997	1133	100	1	1	1133	1	1131	0.0	1581
Ga0393518_09_10872_11606	CP000239.1:356209-356944|CDS|CYA_0337	99.184	735	6	0	1	735	1	735	0.0	1299
Ga0393518_09_10872_11606	CP000240.1:1582706-1583471|CDS|CYB_1510	82.937	715	122	0	21	735	51	765	0.0	740
Ga0393518_09_11596_11940	CP000239.1:356933-357665|CDS|CYA_0338	99.710	345	1	0	1	345	388	732	1.43e-177	618
Ga0393518_09_11596_11940	CP000240.1:1581910-1582717|CDS|CYB_1509	81.030	369	46	2	1	345	439	807	5.01e-101	363
Ga0393518_09_12330_13481	CP000239.1:357667-358867|CDS|CYA_0339	97.656	1152	27	0	1	1152	49	1200	0.0	1957
Ga0393518_09_12330_13481	CP000240.1:1580595-1581873|CDS|CYB_1508	88.946	1167	105	1	1	1143	106	1272	0.0	1541
Ga0393518_09_13786_14145	CP000239.1:359123-359483|CDS|CYA_0340	99.722	360	1	0	1	360	1	360	0.0	645
Ga0393518_09_13786_14145	CP000240.1:1580055-1580415|CDS|CYB_1507	81.389	360	67	0	1	360	1	360	4.01e-96	348
Ga0393518_11_422_739	CP000239.1:2342431-2342749|CDS|CYA_2337	99.686	318	1	0	1	318	1	318	5.95e-163	570
Ga0393518_11_778_1719	CP000239.1:2341358-2342393|CDS|CYA_2336	99.894	942	1	0	1	942	94	1035	0.0	1695
Ga0393518_11_778_1719	CP000240.1:1167879-1168899|CDS|CYB_1130	86.200	942	130	0	1	942	79	1020	0.0	1113
Ga0393518_11_778_1719	CP000240.1:953730-954756|CDS|CYB_0917	73.282	902	225	8	1	894	76	969	2.93e-147	519
Ga0393518_11_2051_2449	CP000239.1:2340707-2341106|CDS|CYA_2335	99.499	399	2	0	1	399	1	399	0.0	711
Ga0393518_11_2051_2449	CP000240.1:1796273-1796669|CDS|CYB_1713	79.793	386	78	0	12	397	9	394	1.56e-95	345
Ga0393518_11_2534_5383	CP000239.1:2337764-2340623|CDS|CYA_2333	89.128	2833	284	4	1	2809	1	2833	0.0	3725
Ga0393518_11_2534_5383	CP000240.1:1588913-1592726|CDS|CYB_1515	79.938	2248	419	5	1	2226	1	2238	0.0	2028
Ga0393518_11_5235_6935	CP000239.1:2336151-2337768|CDS|CYA_2334	83.694	1570	197	9	3	1550	57	1589	0.0	1691
Ga0393518_11_5235_6935	CP000240.1:1592884-1594510|CDS|CYB_1516	80.013	1576	274	10	1	1554	55	1611	0.0	1415
Ga0393518_11_7007_7573	CP000239.1:2335567-2336134|CDS|CYA_2332	99.824	567	1	0	1	567	1	567	0.0	1019
Ga0393518_11_7007_7573	CP000240.1:1594527-1595121|CDS|CYB_1517	89.693	553	57	0	5	557	8	560	0.0	741
Ga0393518_11_7618_7965	CP000239.1:2335175-2335523|CDS|CYA_2331	99.713	348	1	0	1	348	1	348	3.39e-179	624
Ga0393518_11_7618_7965	CP000240.1:1595183-1595483|CDS|CYB_1518	84.722	288	44	0	59	346	11	298	1.55e-88	322
Ga0393518_11_7965_8345	CP000239.1:2334828-2335176|CDS|CYA_2330	100.000	348	0	0	34	381	1	348	0.0	628
Ga0393518_11_7965_8345	CP000240.1:1595530-1595872|CDS|CYB_1519	85.050	301	45	0	79	379	40	340	6.33e-94	341
Ga0393518_11_8458_10353	CP000239.1:2332787-2334683|CDS|CYA_2329	99.736	1896	5	0	1	1896	1	1896	0.0	3397
Ga0393518_11_8458_10353	CP000240.1:1596007-1597948|CDS|CYB_1520	83.686	1937	268	9	1	1892	1	1934	0.0	2072
Ga0393518_11_10368_11567	CP000239.1:2331573-2332773|CDS|CYA_2328	99.833	1200	2	0	1	1200	1	1200	0.0	2156
Ga0393518_11_10368_11567	CP000240.1:1627419-1628604|CDS|CYB_1554	82.067	1171	206	2	1	1169	1	1169	0.0	1160
Ga0393518_11_10368_11567	CP000240.1:1627638-1628709|CDS|CYB_1553	81.618	952	171	2	220	1169	1071	122	0.0	923
Ga0393518_12_1138_1428	CP000239.1:299331-299808|CDS|CYA_0293	99.267	273	2	0	19	291	205	477	1.77e-137	484
Ga0393518_12_1138_1428	CP000240.1:2927709-2928189|CDS|CYB_2826	86.000	250	35	0	20	269	212	461	6.19e-80	294
Ga0393518_12_1773_2204	CP000239.1:298515-298947|CDS|CYA_0292	100.000	432	0	0	1	432	1	432	0.0	780
Ga0393518_12_1773_2204	CP000240.1:2928603-2929035|CDS|CYB_2828	80.510	431	84	0	1	431	1	431	8.80e-112	399
Ga0393518_12_2267_2539	CP000239.1:297418-298483|CDS|CYA_0291	100.000	273	0	0	1	273	303	31	3.18e-140	493
Ga0393518_12_2582_3301	CP000239.1:297418-298483|CDS|CYA_0291	100.000	720	0	0	1	720	346	1065	0.0	1299
Ga0393518_12_2582_3301	CP000240.1:2929068-2930205|CDS|CYB_2829	83.287	724	107	1	11	720	389	1112	0.0	769
Ga0393518_12_3348_3605	CP000239.1:297114-297372|CDS|CYA_0290	100.000	258	0	0	1	258	1	258	4.16e-132	466
Ga0393518_12_3348_3605	CP000240.1:2930227-2930485|CDS|CYB_2830	79.457	258	53	0	1	258	1	258	6.62e-60	227
Ga0393518_12_3605_3922	CP000239.1:296797-297106|CDS|CYA_0289	99.676	309	1	0	10	318	1	309	4.57e-158	554
Ga0393518_12_3605_3922	CP000240.1:2930484-2930802|CDS|CYB_2831	81.646	316	58	0	1	316	1	316	8.86e-85	309
Ga0393518_12_3992_4192	CP000239.1:296527-296728|CDS|CYA_0288	100.000	201	0	0	1	201	1	201	2.77e-101	363
Ga0393518_12_3992_4192	CP000240.1:2931330-2931537|CDS|CYB_2832	74.874	199	50	0	1	199	1	199	2.43e-32	134
Ga0393518_12_4425_5237	CP000239.1:295482-296295|CDS|CYA_0287	100.000	813	0	0	1	813	1	813	0.0	1467
Ga0393518_12_4425_5237	CP000240.1:2931710-2932577|CDS|CYB_2833	83.666	802	131	0	2	803	38	839	0.0	856
Ga0393518_12_5299_6702	CP000239.1:294017-295421|CDS|CYA_0286	99.288	1404	10	0	1	1404	1	1404	0.0	2488
Ga0393518_12_5299_6702	CP000240.1:344053-345457|CDS|CYB_0327	87.883	1403	170	0	1	1403	1	1403	0.0	1764
Ga0393518_12_7156_8085	CP000239.1:292937-293867|CDS|CYA_0285	97.742	930	21	0	1	930	1	930	0.0	1583
Ga0393518_12_7156_8085	CP000240.1:1461828-1462764|CDS|CYB_1390	78.633	922	177	5	1	909	1	915	0.0	771
Ga0393518_12_8445_9368	CP000239.1:291654-292578|CDS|CYA_0282	100.000	924	0	0	1	924	1	924	0.0	1667
Ga0393518_12_8445_9368	CP000240.1:2483163-2484087|CDS|CYB_2378	85.374	923	135	0	1	923	1	923	0.0	1057
Ga0393518_12_9365_10993	CP000239.1:290260-291658|CDS|CYA_0283	91.006	1401	123	1	229	1629	1	1398	0.0	1957
Ga0393518_13_361_894	CP000239.1:2145308-2145833|CDS|CYA_2130	100.000	525	0	0	10	534	1	525	0.0	948
Ga0393518_13_361_894	CP000240.1:1007583-1008108|CDS|CYB_0971	87.843	510	62	0	10	519	1	510	0.0	641
Ga0393518_13_1003_2169	CP000239.1:2144129-2145191|CDS|CYA_2128	100.000	1062	0	0	106	1167	1	1062	0.0	1916
Ga0393518_13_1003_2169	CP000240.1:2775855-2776917|CDS|CYB_2690	79.512	1025	210	0	106	1130	1	1025	0.0	902
Ga0393518_13_2226_4826	CP000239.1:2141367-2143968|CDS|CYA_2127	99.346	2601	17	0	1	2601	1	2601	0.0	4615
Ga0393518_13_2226_4826	CP000240.1:2772842-2775443|CDS|CYB_2688	88.987	2597	286	0	1	2597	1	2597	0.0	3395
Ga0393518_13_5016_6395	CP000239.1:2139798-2141178|CDS|CYA_2126	97.319	1380	37	0	1	1380	1	1380	0.0	2323
Ga0393518_13_5016_6395	CP000240.1:2771312-2772692|CDS|CYB_2687	86.884	1380	181	0	1	1380	1	1380	0.0	1673
Ga0393518_13_6514_7014	CP000239.1:2139179-2139680|CDS|CYA_2125	100.000	501	0	0	1	501	1	501	0.0	904
Ga0393518_13_6514_7014	CP000240.1:2770701-2771202|CDS|CYB_2686	89.379	499	53	0	1	499	1	499	0.0	662
Ga0393518_13_7057_7581	CP000239.1:2138612-2139137|CDS|CYA_2124	99.810	525	1	0	1	525	1	525	0.0	943
Ga0393518_13_7057_7581	CP000240.1:2770143-2770662|CDS|CYB_2685	87.984	516	62	0	1	516	1	516	0.0	652
Ga0393518_13_7789_9381	CP000239.1:2136812-2138405|CDS|CYA_2123	99.749	1593	4	0	1	1593	1	1593	0.0	2856
Ga0393518_13_7789_9381	CP000240.1:2768335-2769928|CDS|CYB_2684	86.997	1592	207	0	1	1592	1	1592	0.0	1939
Ga0393518_13_9395_9709	CP000239.1:2136484-2136799|CDS|CYA_2122	91.429	315	27	0	1	315	1	315	4.84e-126	447
Ga0393518_13_9395_9709	CP000240.1:2768006-2768321|CDS|CYB_2683	81.270	315	59	0	1	315	1	315	1.30e-82	303
Ga0393518_13_9706_10290	CP000239.1:2135900-2136488|CDS|CYA_2121	92.998	557	39	0	1	557	1	557	0.0	829
Ga0393518_13_9706_10290	CP000240.1:2767422-2768010|CDS|CYB_2682	83.831	569	92	0	12	580	12	580	1.06e-175	612
Ga0393518_13_10774_11187	CP000239.1:2135003-2135384|CDS|CYA_2120	99.738	381	1	0	34	414	1	381	0.0	683
Ga0393518_13_10774_11187	CP000240.1:2766221-2766614|CDS|CYB_2680	87.819	353	43	0	62	414	41	393	7.87e-125	444
Ga0393518_13_11187_11939	CP000239.1:2134251-2134998|CDS|CYA_2119	99.866	747	1	0	7	753	1	747	0.0	1343
Ga0393518_13_11187_11939	CP000240.1:2765469-2766216|CDS|CYB_2679	90.094	747	74	0	7	753	1	747	0.0	1014
Ga0393518_14_19_297	CP000239.1:1427567-1427882|CDS|CYA_1418	100.000	279	0	0	1	279	37	315	1.80e-143	504
Ga0393518_14_19_297	CP000240.1:1677844-1678159|CDS|CYB_1606	88.889	279	31	0	1	279	37	315	3.98e-101	364
Ga0393518_14_303_1832	CP000239.1:1427887-1429417|CDS|CYA_1419	97.255	1530	42	0	1	1530	1	1530	0.0	2571
Ga0393518_14_303_1832	CP000240.1:1676294-1677827|CDS|CYB_1605	87.802	1533	184	1	1	1530	1	1533	0.0	1920
Ga0393518_14_1990_2295	CP000239.1:1429597-1429915|CDS|CYA_1420	86.469	303	20	2	1	282	1	303	8.49e-104	372
Ga0393518_14_1990_2295	CP000240.1:1675852-1676128|CDS|CYB_1604	86.525	282	17	1	1	282	1	261	7.95e-98	352
Ga0393518_14_1990_2295	CP000240.1:1674114-1674432|CDS|CYB_1600	82.838	303	31	1	1	282	1	303	3.17e-90	327
Ga0393518_14_1990_2295	CP000240.1:1673579-1674017|CDS|CYB_1599	86.420	243	33	0	40	282	181	423	7.96e-79	290
Ga0393518_14_1990_2295	CP000239.1:1430022-1430361|CDS|CYA_1421	79.424	243	29	1	40	282	103	324	2.28e-60	228
Ga0393518_14_1990_2295	CP000239.1:1431241-1431622|CDS|CYA_1424	79.918	244	41	3	43	282	127	366	5.03e-56	214
Ga0393518_14_1990_2295	CP000240.1:1675241-1675745|CDS|CYB_1603	77.366	243	34	1	40	282	268	489	2.60e-53	205
Ga0393518_14_2403_2741	CP000239.1:1430022-1430361|CDS|CYA_1421	95.858	338	14	0	1	338	1	338	2.08e-156	547
Ga0393518_14_2403_2741	CP000240.1:1675241-1675745|CDS|CYB_1603	95.192	312	12	1	31	339	193	504	4.03e-140	494
Ga0393518_14_2403_2741	CP000240.1:1673579-1674017|CDS|CYB_1599	84.444	360	35	1	1	339	79	438	1.08e-115	412
Ga0393518_14_2403_2741	CP000240.1:1674114-1674432|CDS|CYB_1600	85.401	274	19	1	83	335	41	314	1.01e-90	329
Ga0393518_14_2403_2741	CP000239.1:1431241-1431622|CDS|CYA_1424	69.634	382	72	5	1	339	1	381	9.51e-47	184
Ga0393518_14_2881_3555	CP000239.1:1430500-1431175|CDS|CYA_1423	100.000	675	0	0	1	675	1	675	0.0	1218
Ga0393518_14_2881_3555	CP000240.1:1674491-1675178|CDS|CYB_1601	84.783	644	92	2	32	675	50	687	0.0	717
Ga0393518_14_3622_4002	CP000239.1:1431241-1431622|CDS|CYA_1424	100.000	381	0	0	1	381	1	381	0.0	688
Ga0393518_14_3622_4002	CP000239.1:1430022-1430361|CDS|CYA_1421	71.391	381	65	6	1	380	1	338	2.69e-54	209
Ga0393518_14_3622_4002	CP000240.1:1675241-1675745|CDS|CYB_1603	69.208	341	38	7	43	381	229	504	6.77e-43	171
Ga0393518_14_4231_4530	CP000239.1:1431850-1432150|CDS|CYA_1426	94.667	300	16	0	1	300	1	300	4.03e-133	470
Ga0393518_14_4231_4530	CP000240.1:1672892-1673192|CDS|CYB_1598	92.806	278	20	0	23	300	23	300	9.48e-116	412
Ga0393518_14_4965_5243	CP000240.1:1670947-1672387|CDS|CYB_1596	67.411	224	67	2	10	230	221	1	3.50e-13	72.5
Ga0393518_15_28_882	CP000239.1:1743571-1744708|CDS|CYA_1739	99.064	855	8	0	1	855	283	1137	0.0	1507
Ga0393518_15_28_882	CP000240.1:1992539-1993676|CDS|CYB_1908	92.398	855	65	0	1	855	283	1137	0.0	1250
Ga0393518_15_952_2016	CP000239.1:1742437-1743493|CDS|CYA_1738	95.265	1056	50	0	10	1065	1	1056	0.0	1680
Ga0393518_15_952_2016	CP000240.1:1993755-1994811|CDS|CYB_1909	93.182	1056	72	0	10	1065	1	1056	0.0	1581
Ga0393518_15_2185_2652	CP000240.1:1995166-1995601|CDS|CYB_1910	84.434	424	66	0	2	425	2	425	2.25e-132	468
Ga0393518_15_2185_2652	CP000239.1:1741647-1742082|CDS|CYA_1737	83.726	424	69	0	2	425	2	425	4.96e-128	454
Ga0393518_15_2675_4054	CP000239.1:1740121-1741489|CDS|CYA_1736	86.633	1369	181	2	13	1380	1	1368	0.0	1637
Ga0393518_15_2675_4054	CP000240.1:1995759-1997127|CDS|CYB_1911	84.942	1368	206	0	13	1380	1	1368	0.0	1539
Ga0393518_15_4141_4938	CP000240.1:1997239-1998037|CDS|CYB_1912	96.992	798	24	0	1	798	1	798	0.0	1332
Ga0393518_15_4141_4938	CP000239.1:1739211-1740009|CDS|CYA_1735	96.617	798	27	0	1	798	1	798	0.0	1318
Ga0393518_15_4141_4938	CP000240.1:1111281-1112109|CDS|CYB_1074	72.652	607	158	6	57	659	84	686	8.63e-90	327
Ga0393518_15_5008_5901	CP000240.1:1998107-1999001|CDS|CYB_1913	99.553	894	4	0	1	894	1	894	0.0	1595
Ga0393518_15_5008_5901	CP000239.1:1738247-1739141|CDS|CYA_1734	98.881	894	10	0	1	894	1	894	0.0	1568
Ga0393518_15_5940_6923	CP000240.1:1999039-2000023|CDS|CYB_1914	98.780	984	12	0	1	984	1	984	0.0	1721
Ga0393518_15_5940_6923	CP000239.1:1737225-1738209|CDS|CYA_1733	98.679	984	13	0	1	984	1	984	0.0	1717
Ga0393518_15_7072_8133	CP000239.1:1736015-1737077|CDS|CYA_1732	99.341	1062	7	0	1	1062	1	1062	0.0	1884
Ga0393518_15_7072_8133	CP000240.1:2000171-2001233|CDS|CYB_1915	98.870	1062	12	0	1	1062	1	1062	0.0	1862
Ga0393518_15_8642_9622	CP000240.1:2001750-2002731|CDS|CYB_1917	97.554	981	24	0	1	981	1	981	0.0	1662
Ga0393518_15_8642_9622	CP000239.1:1734517-1735498|CDS|CYA_1730	97.248	981	27	0	1	981	1	981	0.0	1648
Ga0393518_15_9632_10927	CP000239.1:1733212-1734508|CDS|CYA_1729	91.821	1296	106	0	1	1296	1	1296	0.0	1860
Ga0393518_15_9632_10927	CP000240.1:2002740-2004036|CDS|CYB_1918	91.204	1296	114	0	1	1296	1	1296	0.0	1824
Ga0393518_15_11061_11642	CP000240.1:2004169-2004751|CDS|CYB_1919	99.828	582	1	0	1	582	1	582	0.0	1046
Ga0393518_15_11061_11642	CP000239.1:1732497-1733079|CDS|CYA_1728	99.828	582	1	0	1	582	1	582	0.0	1046
Ga0393518_16_17_1819	CP000239.1:1713943-1715746|CDS|CYA_1706	99.723	1803	5	0	1	1803	1	1803	0.0	3230
Ga0393518_16_17_1819	CP000240.1:1068087-1069890|CDS|CYB_1026	85.523	1796	257	1	1	1793	1	1796	0.0	2066
Ga0393518_16_1908_2333	CP000239.1:1715834-1716260|CDS|CYA_1707	100.000	426	0	0	1	426	1	426	0.0	769
Ga0393518_16_4061_5137	CP000239.1:1717993-1719319|CDS|CYA_1709	100.000	1077	0	0	1	1077	250	1326	0.0	1943
Ga0393518_16_4061_5137	CP000240.1:358766-360056|CDS|CYB_0340	87.864	1030	125	0	48	1077	42	1071	0.0	1295
Ga0393518_16_5119_6069	CP000239.1:1719051-1720002|CDS|CYA_1710	99.895	951	1	0	1	951	1	951	0.0	1711
Ga0393518_16_5119_6069	CP000240.1:360078-361053|CDS|CYB_0341	74.048	998	185	6	1	949	1	973	0.0	673
Ga0393518_16_6213_6755	CP000239.1:1720145-1720778|CDS|CYA_1711	99.632	543	2	0	1	543	91	633	0.0	971
Ga0393518_16_6213_6755	CP000240.1:361400-362072|CDS|CYB_0342	74.021	485	89	4	79	534	187	663	2.47e-88	323
Ga0393518_16_6857_7555	CP000239.1:1720789-1721488|CDS|CYA_1712	99.857	699	1	0	1	699	1	699	0.0	1257
Ga0393518_16_6857_7555	CP000240.1:362119-362827|CDS|CYB_0343	78.134	686	141	2	1	677	1	686	7.04e-160	561
Ga0393518_16_7576_8007	CP000239.1:1721508-1722021|CDS|CYA_1713	99.074	432	4	0	1	432	82	513	0.0	762
Ga0393518_16_7576_8007	CP000240.1:362823-363420|CDS|CYB_0344	80.048	416	74	2	1	410	169	581	1.00e-104	376
Ga0393518_16_8063_8404	CP000239.1:1721995-1722337|CDS|CYA_1714	100.000	342	0	0	1	342	1	342	1.42e-177	618
Ga0393518_16_8469_8861	CP000239.1:1722401-1723214|CDS|CYA_1715	99.746	393	1	0	1	393	421	813	0.0	705
Ga0393518_16_8469_8861	CP000240.1:364016-364817|CDS|CYB_0345	75.610	369	86	2	1	367	427	793	2.14e-68	255
Ga0393518_16_9278_9820	CP000239.1:1723210-1723624|CDS|CYA_1716	100.000	414	0	0	130	543	1	414	0.0	747
Ga0393518_16_9842_10990	CP000239.1:1723768-1724923|CDS|CYA_1717	99.913	1149	1	0	1	1149	7	1155	0.0	2068
Ga0393518_17_1355_2158	CP000239.1:758347-759151|CDS|CYA_0753	99.876	804	1	0	1	804	1	804	0.0	1446
Ga0393518_17_1355_2158	CP000240.1:906380-907163|CDS|CYB_0878	85.623	786	107	3	22	804	1	783	0.0	901
Ga0393518_17_2155_2361	CP000240.1:905700-906363|CDS|CYB_0877	88.406	207	24	0	1	207	457	663	5.91e-72	266
Ga0393518_17_2358_2648	CP000240.1:905700-906363|CDS|CYB_0877	90.411	292	27	1	1	291	169	460	2.02e-111	398
Ga0393518_17_2358_2648	CP000239.1:614687-615296|CDS|CYA_0606	69.874	239	72	0	28	266	172	410	5.09e-24	107
Ga0393518_17_2869_3120	CP000239.1:757385-757637|CDS|CYA_0750	100.000	252	0	0	1	252	1	252	7.33e-129	455
Ga0393518_17_2869_3120	CP000240.1:905386-905614|CDS|CYB_0875	88.288	222	26	0	28	249	1	222	2.74e-77	284
Ga0393518_17_3194_3751	CP000239.1:756754-757312|CDS|CYA_0749	100.000	558	0	0	1	558	1	558	0.0	1007
Ga0393518_17_3194_3751	CP000240.1:904685-905243|CDS|CYB_0874	90.328	548	53	0	1	548	1	548	0.0	750
Ga0393518_17_3843_4160	CP000239.1:756345-756663|CDS|CYA_0748	100.000	318	0	0	1	318	1	318	1.40e-164	574
Ga0393518_17_3843_4160	CP000240.1:904304-904628|CDS|CYB_0873	86.149	296	41	0	23	318	29	324	1.01e-96	350
Ga0393518_17_4232_5512	CP000239.1:754993-756178|CDS|CYA_0747	99.662	1185	4	0	97	1281	1	1185	0.0	2120
Ga0393518_17_4232_5512	CP000240.1:902950-904129|CDS|CYB_0872	90.840	1179	108	0	103	1281	1	1179	0.0	1640
Ga0393518_17_5543_5746	CP000239.1:754759-754963|CDS|CYA_0746	100.000	204	0	0	1	204	1	204	6.62e-103	369
Ga0393518_17_5543_5746	CP000240.1:902717-902921|CDS|CYB_0871	87.317	205	24	2	1	204	1	204	5.44e-66	246
Ga0393518_17_5808_6929	CP000239.1:753576-754698|CDS|CYA_0745	99.465	1122	6	0	1	1122	1	1122	0.0	1997
Ga0393518_17_5808_6929	CP000240.1:901539-902601|CDS|CYB_0870	86.717	1054	138	2	68	1120	8	1060	0.0	1263
Ga0393518_17_6965_7597	CP000239.1:752908-753541|CDS|CYA_0744	93.164	629	34	1	1	629	1	620	0.0	945
Ga0393518_17_6965_7597	CP000240.1:900868-901501|CDS|CYB_0869	84.834	633	96	0	1	633	1	633	0.0	710
Ga0393518_17_7913_9295	CP000240.1:898963-900535|CDS|CYB_0868	86.634	1429	144	4	1	1383	145	1572	0.0	1741
Ga0393518_17_10000_10647	CP000239.1:749180-750440|CDS|CYA_0742	94.907	648	33	0	1	648	613	1260	0.0	1021
Ga0393518_17_10000_10647	CP000240.1:1153961-1155236|CDS|CYB_1116	87.037	648	84	0	1	648	628	1275	0.0	791
Ga0393518_18_422_529	CP000240.1:2300204-2300507|CDS|CYB_2192	76.923	91	21	0	1	91	202	292	4.11e-13	70.7
Ga0393518_18_422_529	CP000239.1:906578-906881|CDS|CYA_0898	76.923	91	21	0	1	91	202	292	4.11e-13	70.7
Ga0393518_18_963_1229	CP000239.1:455920-457171|CDS|CYA_0436	81.229	293	29	3	1	267	917	625	1.97e-79	291
Ga0393518_18_1282_1563	CP000239.1:455920-457171|CDS|CYA_0436	95.035	282	14	0	1	282	970	1251	4.30e-126	446
Ga0393518_18_1724_3136	CP000239.1:2656898-2658311|CDS|CYA_2642	98.655	1413	19	0	1	1413	1	1413	0.0	2463
Ga0393518_18_1724_3136	CP000240.1:1192104-1193532|CDS|CYB_1152	83.635	1381	211	1	1	1366	1	1381	0.0	1481
Ga0393518_18_3418_4146	CP000239.1:2658592-2659321|CDS|CYA_2643	100.000	729	0	0	1	729	1	729	0.0	1315
Ga0393518_18_3418_4146	CP000240.1:1823993-1824728|CDS|CYB_1741	86.207	725	100	0	1	725	1	725	0.0	857
Ga0393518_18_4640_5878	CP000239.1:2659823-2661062|CDS|CYA_2644	99.839	1239	2	0	1	1239	1	1239	0.0	2226
Ga0393518_18_4640_5878	CP000240.1:1822505-1823747|CDS|CYB_1740	83.805	1130	183	0	1	1130	1	1130	0.0	1214
Ga0393518_18_5904_6539	CP000239.1:2661087-2661723|CDS|CYA_2645	100.000	636	0	0	1	636	1	636	0.0	1148
Ga0393518_18_5904_6539	CP000240.1:1819552-1820191|CDS|CYB_1738	85.601	632	88	1	1	629	1	632	0.0	728
Ga0393518_18_6566_7135	CP000239.1:2661749-2662319|CDS|CYA_2646	100.000	570	0	0	1	570	1	570	0.0	1029
Ga0393518_18_6566_7135	CP000240.1:1818977-1819541|CDS|CYB_1737	83.547	547	90	0	1	547	1	547	1.74e-166	581
Ga0393518_18_7213_8271	CP000239.1:2662396-2663455|CDS|CYA_2647	99.906	1059	1	0	1	1059	1	1059	0.0	1906
Ga0393518_18_7213_8271	CP000239.1:2364733-2365792|CDS|CYA_2358	99.717	1059	3	0	1	1059	1	1059	0.0	1897
Ga0393518_18_7213_8271	CP000240.1:1817799-1818858|CDS|CYB_1736	93.201	1059	72	0	1	1059	1	1059	0.0	1586
Ga0393518_18_7213_8271	CP000240.1:888122-889181|CDS|CYB_0854	92.918	1059	75	0	1	1059	1	1059	0.0	1572
Ga0393518_18_8765_8872	CP000239.1:2364132-2364240|CDS|CYA_2357	100.000	108	0	0	1	108	1	108	4.11e-51	196
Ga0393518_18_8765_8872	CP000240.1:889658-889766|CDS|CYB_0855	82.243	107	19	0	1	107	1	107	1.64e-24	108
Ga0393518_19_311_1381	CP000239.1:2375777-2376869|CDS|CYA_2367	99.813	1071	2	0	1	1071	22	1092	0.0	1923
Ga0393518_19_311_1381	CP000240.1:2447145-2448270|CDS|CYB_2341	87.241	964	123	0	1	964	22	985	0.0	1185
Ga0393518_19_1387_2394	CP000239.1:2374764-2375772|CDS|CYA_2366	99.901	1008	1	0	1	1008	1	1008	0.0	1814
Ga0393518_19_1387_2394	CP000240.1:2446157-2447159|CDS|CYB_2340	84.471	1011	145	2	1	1008	1	1002	0.0	1118
Ga0393518_19_2396_3283	CP000239.1:2373875-2374745|CDS|CYA_2365	99.770	870	2	0	19	888	1	870	0.0	1561
Ga0393518_19_2396_3283	CP000240.1:2445286-2446153|CDS|CYB_2339	86.311	862	118	0	19	880	1	862	0.0	1023
Ga0393518_19_3408_3623	CP000239.1:2373010-2373751|CDS|CYA_2364	99.500	200	1	0	1	200	1	200	4.45e-99	357
Ga0393518_19_3408_3623	CP000240.1:2442008-2442875|CDS|CYB_2337	77.604	192	42	1	9	200	61	251	1.20e-36	150
Ga0393518_19_3900_4451	CP000239.1:2373010-2373751|CDS|CYA_2364	100.000	545	0	0	8	552	197	741	0.0	984
Ga0393518_19_4511_6574	CP000239.1:2370849-2373006|CDS|CYA_2363	99.952	2064	0	1	1	2064	40	2102	0.0	3715
Ga0393518_19_6651_7610	CP000239.1:2369786-2370812|CDS|CYA_2362	99.896	960	1	0	1	960	67	1026	0.0	1728
Ga0393518_19_6651_7610	CP000240.1:883062-884091|CDS|CYB_0850	92.083	960	76	0	1	960	70	1029	0.0	1389
Ga0393518_20_137_307	CP000239.1:1749681-1749852|CDS|CYA_1745	100.000	171	0	0	1	171	1	171	4.48e-85	309
Ga0393518_20_522_1880	CP000239.1:1749935-1751471|CDS|CYA_1746	94.338	1360	75	2	1	1359	178	1536	0.0	2099
Ga0393518_20_522_1880	CP000240.1:229470-231006|CDS|CYB_0218	85.033	1363	196	6	1	1359	178	1536	0.0	1519
Ga0393518_20_1926_3749	CP000239.1:1751515-1753342|CDS|CYA_1747	89.197	1805	195	0	1	1805	1	1805	0.0	2377
Ga0393518_20_1926_3749	CP000240.1:227575-229426|CDS|CYB_0217	84.045	1849	248	7	13	1824	13	1851	0.0	2016
Ga0393518_20_3746_4804	CP000239.1:1753540-1754599|CDS|CYA_1748	90.652	1059	99	0	1	1059	1	1059	0.0	1464
Ga0393518_20_3746_4804	CP000240.1:226513-227569|CDS|CYB_0216	85.660	1046	150	0	1	1046	1	1046	0.0	1211
Ga0393518_20_3746_4804	CP000239.1:1850153-1851218|CDS|CYA_1849	73.245	983	248	6	58	1034	49	1022	4.89e-164	574
Ga0393518_20_3746_4804	CP000239.1:1814549-1815614|CDS|CYA_1811	73.245	983	248	6	58	1034	49	1022	4.89e-164	574
Ga0393518_20_3746_4804	CP000239.1:1288197-1289262|CDS|CYA_1274	73.143	983	249	6	58	1034	49	1022	2.08e-162	570
Ga0393518_20_3746_4804	CP000240.1:443946-445011|CDS|CYB_0433	72.533	983	255	6	58	1034	49	1022	2.89e-154	543
Ga0393518_20_3746_4804	CP000240.1:384572-385637|CDS|CYB_0371	72.431	983	256	6	58	1034	49	1022	3.52e-153	538
Ga0393518_20_5128_8352	CP000239.1:1754922-1758147|CDS|CYA_1749	97.023	3225	96	0	1	3225	1	3225	0.0	5384
Ga0393518_20_5128_8352	CP000240.1:222908-226157|CDS|CYB_0215	86.298	3204	439	0	1	3204	1	3204	0.0	3800
Ga0393518_21_1031_2434	CP000239.1:2581835-2583239|CDS|CYA_2559	99.929	1404	1	0	1	1404	1	1404	0.0	2528
Ga0393518_21_1031_2434	CP000240.1:839995-841399|CDS|CYB_0811	85.755	1404	200	0	1	1404	1	1404	0.0	1631
Ga0393518_21_2517_2633	CP000239.1:2581636-2581753|CDS|CYA_2558	100.000	117	0	0	1	117	1	117	5.90e-56	212
Ga0393518_21_2517_2633	CP000239.1:2619211-2619328|CDS|CYA_2600	98.291	117	2	0	1	117	1	117	3.06e-53	203
Ga0393518_21_2517_2633	CP000240.1:841655-841772|CDS|CYB_0812	86.325	117	16	0	1	117	1	117	3.06e-34	140
Ga0393518_21_2747_3106	CP000239.1:2581159-2581519|CDS|CYA_2557	94.167	360	21	0	1	360	1	360	1.49e-158	555
Ga0393518_21_2747_3106	CP000239.1:2619424-2619778|CDS|CYA_2601	91.117	349	31	0	11	359	5	353	5.21e-139	490
Ga0393518_21_2747_3106	CP000240.1:841876-842233|CDS|CYB_0813	87.755	343	42	0	11	353	5	347	4.28e-121	430
Ga0393518_21_3263_3667	CP000239.1:2580598-2581003|CDS|CYA_2556	98.519	405	6	0	1	405	1	405	0.0	704
Ga0393518_21_3263_3667	CP000240.1:2369615-2370020|CDS|CYB_2264	80.247	405	80	0	1	405	1	405	3.99e-103	370
Ga0393518_21_3850_5148	CP000239.1:2579117-2580416|CDS|CYA_2554	99.615	1299	5	0	1	1299	1	1299	0.0	2321
Ga0393518_21_3850_5148	CP000240.1:2636161-2637445|CDS|CYB_2531	87.834	1274	155	0	1	1274	1	1274	0.0	1599
Ga0393518_21_5145_7196	CP000239.1:2577069-2579121|CDS|CYA_2555	99.708	2052	6	0	1	2052	1	2052	0.0	3674
Ga0393518_21_5145_7196	CP000240.1:2634101-2636165|CDS|CYB_2532	89.221	2041	220	0	1	2041	1	2041	0.0	2690
Ga0393518_21_7517_8620	CP000239.1:2573293-2576749|CDS|CYA_2553	91.953	1106	82	4	1	1104	2356	3456	0.0	1582
Ga0393518_21_7517_8620	CP000240.1:1856513-1860257|CDS|CYB_1773	75.000	1120	248	13	2	1102	2636	3742	0.0	728
Ga0393518_22_584_1489	CP000239.1:1400047-1400953|CDS|CYA_1394	98.013	906	18	0	1	906	1	906	0.0	1553
Ga0393518_22_584_1489	CP000240.1:2663675-2664533|CDS|CYB_2559	78.113	795	169	3	1	794	1	791	0.0	641
Ga0393518_22_1486_2187	CP000239.1:1400949-1401651|CDS|CYA_1395	99.715	702	2	0	1	702	1	702	0.0	1258
Ga0393518_22_1486_2187	CP000240.1:2662983-2663679|CDS|CYB_2558	86.957	690	90	0	1	690	1	690	0.0	839
Ga0393518_22_2371_2742	CP000239.1:1401834-1402206|CDS|CYA_1396	100.000	372	0	0	1	372	1	372	0.0	672
Ga0393518_22_2371_2742	CP000240.1:2334172-2334544|CDS|CYB_2228	85.215	372	55	0	1	372	1	372	6.58e-119	424
Ga0393518_22_2739_3266	CP000239.1:1402202-1402730|CDS|CYA_1397	100.000	528	0	0	1	528	1	528	0.0	953
Ga0393518_22_2739_3266	CP000240.1:2334540-2335089|CDS|CYB_2230	81.423	506	85	2	1	497	1	506	2.73e-138	489
Ga0393518_22_3270_4820	CP000239.1:1402733-1404284|CDS|CYA_1398	99.742	1551	4	0	1	1551	1	1551	0.0	2780
Ga0393518_22_3270_4820	CP000240.1:2335085-2336642|CDS|CYB_2229	88.882	1538	169	2	1	1537	1	1537	0.0	1996
Ga0393518_22_4897_6768	CP000239.1:1404261-1406232|CDS|CYA_1399	99.733	1872	5	0	1	1872	100	1971	0.0	3354
Ga0393518_22_4897_6768	CP000240.1:2336730-2338602|CDS|CYB_2231	88.847	1874	205	2	1	1872	1	1872	0.0	2433
Ga0393518_22_6807_7124	CP000239.1:1406261-1406588|CDS|CYA_1400	100.000	318	0	0	1	318	10	327	1.40e-164	574
Ga0393518_22_6807_7124	CP000240.1:2338667-2338958|CDS|CYB_2232	81.404	285	53	0	34	318	7	291	1.83e-74	276
Ga0393518_23_1040_2884	CP000239.1:651332-653168|CDS|CYA_0640	90.468	1836	174	1	1	1835	1	1836	0.0	2519
Ga0393518_23_1040_2884	CP000240.1:2971939-2973775|CDS|CYB_2875	86.547	1836	246	1	1	1835	1	1836	0.0	2195
Ga0393518_23_3425_3721	CP000239.1:653708-654005|CDS|CYA_0643	99.327	297	2	0	1	297	1	297	1.69e-150	527
Ga0393518_23_3425_3721	CP000240.1:295073-295370|CDS|CYB_0280	90.236	297	29	0	1	297	1	297	1.39e-113	406
Ga0393518_23_4156_5616	CP000239.1:654367-655900|CDS|CYA_0644	99.932	1461	1	0	1	1461	73	1533	0.0	2631
Ga0393518_23_4156_5616	CP000240.1:295731-297264|CDS|CYB_0281	89.795	1460	149	0	1	1460	73	1532	0.0	1962
Ga0393518_23_5730_5828	CP000239.1:656013-656112|CDS|CYA_0645	100.000	99	0	0	1	99	1	99	2.83e-46	179
Ga0393518_23_5730_5828	CP000240.1:297370-297469|CDS|CYB_0282	89.899	99	10	0	1	99	1	99	1.05e-32	134
Ga0393518_23_6226_6633	CP000239.1:656509-656917|CDS|CYA_0647	99.755	408	1	0	1	408	1	408	0.0	732
Ga0393518_23_6226_6633	CP000240.1:297868-298279|CDS|CYB_0283	86.732	407	51	2	1	404	1	407	2.53e-137	485
Ga0393518_23_6630_7307	CP000239.1:656913-657591|CDS|CYA_0646	99.705	678	2	0	1	678	1	678	0.0	1214
Ga0393518_23_6630_7307	CP000240.1:298296-298974|CDS|CYB_0284	85.693	664	95	0	10	673	10	673	0.0	770
Ga0393518_23_7360_7617	CP000239.1:657643-657901|CDS|CYA_0648	99.612	258	1	0	1	258	1	258	1.77e-130	462
Ga0393518_23_7360_7617	CP000240.1:299089-299347|CDS|CYB_0285	84.647	241	37	0	1	241	1	241	2.16e-72	269
Ga0393518_24_165_1034	CP000239.1:1957238-1958108|CDS|CYA_1945	98.507	871	11	2	1	870	1	870	0.0	1506
Ga0393518_24_165_1034	CP000240.1:652536-653388|CDS|CYB_0642	82.360	839	148	0	1	839	1	839	0.0	847
Ga0393518_24_1252_3534	CP000239.1:1954757-1957040|CDS|CYA_1944	98.248	2283	40	0	1	2283	1	2283	0.0	3938
Ga0393518_24_1252_3534	CP000240.1:1617329-1619612|CDS|CYB_1543	84.915	2287	337	4	1	2283	1	2283	0.0	2559
Ga0393518_24_3629_4213	CP000239.1:1954078-1954609|CDS|CYA_1943	100.000	531	0	0	55	585	1	531	0.0	958
Ga0393518_24_3629_4213	CP000240.1:142154-142679|CDS|CYB_0129	85.714	525	75	0	61	585	1	525	1.29e-174	609
Ga0393518_24_4431_5225	CP000239.1:1953066-1953891|CDS|CYA_1942	100.000	795	0	0	1	795	31	825	0.0	1434
Ga0393518_24_4431_5225	CP000240.1:142994-143789|CDS|CYB_0131	84.071	791	126	0	1	791	1	791	0.0	863
Ga0393518_24_5360_6514	CP000239.1:1951777-1952932|CDS|CYA_1941	100.000	1155	0	0	1	1155	1	1155	0.0	2084
Ga0393518_24_5360_6514	CP000240.1:145665-146820|CDS|CYB_0133	87.336	1145	145	0	1	1145	1	1145	0.0	1412
Ga0393518_24_6658_7182	CP000239.1:1951109-1951634|CDS|CYA_1940	99.619	525	2	0	1	525	1	525	0.0	939
Ga0393518_24_6658_7182	CP000240.1:124059-124593|CDS|CYB_0109	84.270	534	75	1	1	525	1	534	1.08e-168	589
Ga0393518_25_1779_2768	CP000239.1:289016-289997|CDS|CYA_0281	89.426	993	60	5	1	972	1	969	0.0	1336
Ga0393518_25_2989_3219	CP000239.1:290260-291658|CDS|CYA_0283	100.000	210	0	0	1	210	1	210	4.21e-106	379
Ga0393518_25_3255_4277	CP000239.1:290260-291658|CDS|CYA_0283	88.004	992	115	2	14	1004	391	1379	0.0	1248
Ga0393518_25_3255_4277	CP000239.1:1578941-1580483|CDS|CYA_1570	74.317	915	223	6	24	927	584	1497	4.72e-164	575
Ga0393518_25_3255_4277	CP000240.1:1901328-1902870|CDS|CYB_1816	73.210	922	221	14	24	927	584	1497	1.65e-144	510
Ga0393518_25_4373_5944	CP000239.1:283489-285079|CDS|CYA_0277	94.906	1590	63	3	1	1572	1	1590	0.0	2506
Ga0393518_25_4373_5944	CP000240.1:2224918-2226547|CDS|CYB_2131	84.579	1485	211	3	78	1544	117	1601	0.0	1649
Ga0393518_25_5973_6500	CP000239.1:285107-285635|CDS|CYA_0278	100.000	528	0	0	1	528	1	528	0.0	953
Ga0393518_25_5973_6500	CP000240.1:2226599-2227124|CDS|CYB_2132	80.534	524	101	1	1	523	1	524	1.16e-136	482
Ga0393518_25_6511_6927	CP000239.1:285645-286068|CDS|CYA_0279	86.538	416	50	1	1	410	1	416	1.18e-141	499
Ga0393518_25_6511_6927	CP000240.1:2227135-2227633|CDS|CYB_2133	81.707	410	67	3	1	403	1	409	1.03e-110	396
Ga0393518_25_6511_6927	CP000239.1:279448-279994|CDS|CYA_0273	82.385	369	65	0	1	369	1	369	1.18e-103	373
Ga0393518_26_782_1402	CP000239.1:1111861-1112482|CDS|CYA_1090	99.678	621	2	0	1	621	1	621	0.0	1112
Ga0393518_26_782_1402	CP000240.1:2055174-2055810|CDS|CYB_1959	78.594	640	114	8	1	621	1	636	1.57e-148	522
Ga0393518_27_27_1787	CP000239.1:767498-770363|CDS|CYA_0762	97.470	1739	44	0	23	1761	1127	2865	0.0	2938
Ga0393518_27_27_1787	CP000240.1:2549044-2551918|CDS|CYB_2451	86.067	1744	234	1	26	1760	1130	2873	0.0	2054
Ga0393518_27_1870_2628	CP000239.1:770445-771204|CDS|CYA_0763	88.274	759	89	0	1	759	1	759	0.0	968
Ga0393518_27_1870_2628	CP000240.1:141132-141891|CDS|CYB_0128	83.267	759	127	0	1	759	1	759	0.0	797
Ga0393518_27_2663_3373	CP000239.1:771238-771949|CDS|CYA_0764	99.156	711	6	0	1	711	1	711	0.0	1256
Ga0393518_27_2663_3373	CP000240.1:140384-141068|CDS|CYB_0127	77.473	657	148	0	18	674	18	674	2.19e-147	518
Ga0393518_27_3383_5101	CP000239.1:771958-774466|CDS|CYA_0765	95.723	1707	73	0	13	1719	802	2508	0.0	2750
Ga0393518_27_3383_5101	CP000240.1:1004905-1007419|CDS|CYB_0970	81.653	1706	311	2	13	1717	808	2512	0.0	1659
Ga0393518_27_5589_5714	CP000239.1:774622-774748|CDS|CYA_0766	100.000	126	0	0	1	126	1	126	8.40e-61	228
Ga0393518_27_5589_5714	CP000240.1:1004568-1004760|CDS|CYB_0968	86.842	114	15	0	1	114	67	180	1.17e-33	139
Ga0393518_28_325_810	CP000239.1:541606-542092|CDS|CYA_0526	99.588	486	2	0	1	486	1	486	0.0	868
Ga0393518_28_325_810	CP000240.1:579741-580272|CDS|CYB_0571	89.429	473	50	0	1	473	46	518	1.13e-180	628
Ga0393518_28_1028_1666	CP000239.1:540750-541434|CDS|CYA_0525	100.000	639	0	0	1	639	46	684	0.0	1153
Ga0393518_28_1028_1666	CP000240.1:580503-581184|CDS|CYB_0572	88.106	639	76	0	1	639	43	681	0.0	810
Ga0393518_28_1028_1666	CP000240.1:1924054-1924738|CDS|CYB_1835	71.550	587	167	0	28	614	55	641	2.25e-83	306
Ga0393518_28_1721_2599	CP000239.1:539817-540696|CDS|CYA_0524	99.886	879	1	0	1	879	1	879	0.0	1581
Ga0393518_28_2622_3101	CP000239.1:539315-539795|CDS|CYA_0523	99.583	480	2	0	1	480	1	480	0.0	857
Ga0393518_28_2622_3101	CP000240.1:582204-582675|CDS|CYB_0575	86.200	471	65	0	10	480	1	471	5.80e-159	557
Ga0393518_28_3118_3807	CP000239.1:538609-539299|CDS|CYA_0522	100.000	690	0	0	1	690	1	690	0.0	1245
Ga0393518_28_3118_3807	CP000240.1:582863-583553|CDS|CYB_0576	86.957	690	90	0	1	690	1	690	0.0	839
Ga0393518_28_4118_4297	CP000239.1:538112-538292|CDS|CYA_0521	100.000	180	0	0	1	180	1	180	6.13e-90	325
Ga0393518_28_4118_4297	CP000240.1:308379-308559|CDS|CYB_0297	83.333	180	30	0	1	180	1	180	3.18e-49	190
Ga0393518_28_4492_6072	CP000239.1:536337-537918|CDS|CYA_0520	92.030	1581	126	0	1	1581	1	1581	0.0	2284
Ga0393518_28_4492_6072	CP000240.1:308750-310337|CDS|CYB_0298	86.404	1574	208	1	1	1568	1	1574	0.0	1875
Ga0393518_29_554_922	CP000239.1:2884108-2884477|CDS|CYA_2867	100.000	369	0	0	1	369	1	369	0.0	666
Ga0393518_29_554_922	CP000240.1:1560911-1561280|CDS|CYB_1484	81.793	368	67	0	1	368	1	368	1.87e-100	362
Ga0393518_29_976_1530	CP000239.1:2883500-2884055|CDS|CYA_2866	100.000	555	0	0	1	555	1	555	0.0	1002
Ga0393518_29_976_1530	CP000240.1:1561334-1561886|CDS|CYB_1485	83.549	541	89	0	1	541	1	541	2.52e-164	575
Ga0393518_29_1587_2126	CP000239.1:2882904-2883444|CDS|CYA_2865	100.000	540	0	0	1	540	1	540	0.0	975
Ga0393518_29_1587_2126	CP000240.1:1562118-1562664|CDS|CYB_1486	81.544	531	92	1	16	540	16	546	5.75e-147	517
Ga0393518_29_2239_2691	CP000239.1:2882339-2882792|CDS|CYA_2864	100.000	453	0	0	1	453	1	453	0.0	818
Ga0393518_29_2239_2691	CP000240.1:1331509-1331944|CDS|CYB_1274	79.808	416	82	2	39	453	21	435	1.91e-101	365
Ga0393518_29_2699_3622	CP000239.1:2881408-2882332|CDS|CYA_2863	97.944	924	19	0	1	924	1	924	0.0	1581
Ga0393518_29_2699_3622	CP000240.1:2615877-2616801|CDS|CYB_2518	81.818	924	164	4	1	922	1	922	0.0	895
Ga0393518_29_3665_5857	CP000239.1:2879173-2881366|CDS|CYA_2862	96.033	2193	87	0	1	2193	1	2193	0.0	3563
Ga0393518_29_3665_5857	CP000240.1:2613612-2615805|CDS|CYB_2517	87.231	2185	279	0	1	2185	1	2185	0.0	2683
Ga0393518_30_2_250	CP000239.1:1622497-1622881|CDS|CYA_1619	100.000	249	0	0	1	249	136	384	3.08e-127	450
Ga0393518_30_2_250	CP000240.1:2987532-2987910|CDS|CYB_2889	85.068	221	33	0	1	221	136	356	5.58e-67	251
Ga0393518_30_647_772	CP000239.1:1621687-1622101|CDS|CYA_1617	100.000	126	0	0	1	126	289	414	8.40e-61	228
Ga0393518_30_777_1061	CP000239.1:1621687-1622101|CDS|CYA_1617	99.649	285	0	1	1	285	1	284	5.29e-144	507
Ga0393518_30_777_1061	CP000240.1:1879608-1880013|CDS|CYB_1791	82.807	285	48	1	1	285	1	284	7.37e-79	290
Ga0393518_30_1330_2046	CP000239.1:1620702-1621419|CDS|CYA_1616	99.721	717	2	0	1	717	1	717	0.0	1285
Ga0393518_30_1330_2046	CP000240.1:1880251-1880968|CDS|CYB_1792	87.169	717	92	0	1	717	1	717	0.0	879
Ga0393518_30_2078_2785	CP000239.1:1619981-1620671|CDS|CYA_1615	99.855	690	1	0	19	708	1	690	0.0	1241
Ga0393518_30_2078_2785	CP000240.1:1881000-1881660|CDS|CYB_1793	77.347	671	120	9	40	700	4	652	9.29e-146	514
Ga0393518_30_2848_4731	CP000239.1:1617936-1619901|CDS|CYA_1614	99.735	1884	5	0	1	1884	82	1965	0.0	3376
Ga0393518_30_2848_4731	CP000240.1:1881750-1883712|CDS|CYB_1794	82.773	1904	285	12	1	1884	82	1962	0.0	1940
Ga0393518_30_4861_5160	CP000239.1:1617588-1617888|CDS|CYA_1613	100.000	300	0	0	1	300	1	300	7.77e-155	542
Ga0393518_30_4861_5160	CP000240.1:1883783-1884083|CDS|CYB_1795	89.000	300	33	0	1	300	1	300	8.88e-110	393
Ga0393518_30_5161_5484	CP000239.1:1617246-1617588|CDS|CYA_1612	100.000	324	0	0	1	324	19	342	7.90e-168	585
Ga0393518_30_5161_5484	CP000240.1:1884082-1884424|CDS|CYB_1796	91.615	322	27	0	1	322	19	340	7.91e-130	460
Ga0393518_30_5161_5484	CP000239.1:1616846-1617155|CDS|CYA_1611	87.324	284	36	0	1	284	19	302	2.95e-97	351
Ga0393518_30_5161_5484	CP000240.1:1884495-1884804|CDS|CYB_1797	83.509	285	47	0	1	285	19	303	1.34e-82	303
Ga0393518_30_5594_5854	CP000239.1:1616846-1617155|CDS|CYA_1611	100.000	261	0	0	1	261	49	309	9.91e-134	471
Ga0393518_30_5594_5854	CP000240.1:1884495-1884804|CDS|CYB_1797	88.462	260	30	0	1	260	49	308	1.80e-92	334
Ga0393518_30_5594_5854	CP000239.1:1617246-1617588|CDS|CYA_1612	87.402	254	32	0	1	254	49	302	1.68e-86	315
Ga0393518_30_5594_5854	CP000240.1:1884082-1884424|CDS|CYB_1796	81.102	254	48	0	1	254	49	302	8.72e-65	242
Ga0393518_31_17_1108	CP000239.1:2651107-2652193|CDS|CYA_2635	99.908	1086	1	0	7	1092	1	1086	0.0	1955
Ga0393518_31_17_1108	CP000240.1:675946-677032|CDS|CYB_0662	85.557	1087	155	2	7	1092	1	1086	0.0	1246
Ga0393518_31_1466_1726	CP000239.1:2650476-2650803|CDS|CYA_2633	100.000	261	0	0	1	261	67	327	9.91e-134	471
Ga0393518_31_1466_1726	CP000240.1:677241-677640|CDS|CYB_0663	89.272	261	25	1	1	261	142	399	3.47e-95	343
Ga0393518_31_2059_2424	CP000239.1:2649784-2650144|CDS|CYA_2632	98.087	366	1	1	1	366	1	360	0.0	630
Ga0393518_31_2059_2424	CP000240.1:677970-678336|CDS|CYB_0664	78.371	356	59	4	1	347	7	353	7.89e-80	294
Ga0393518_31_2468_3145	CP000239.1:2649063-2649741|CDS|CYA_2631	100.000	678	0	0	1	678	1	678	0.0	1223
Ga0393518_31_2468_3145	CP000240.1:679815-680487|CDS|CYB_0666	87.309	654	83	0	1	654	1	654	0.0	806
Ga0393518_31_3155_3520	CP000239.1:2648736-2649054|CDS|CYA_2630	100.000	318	0	0	49	366	1	318	1.62e-164	574
Ga0393518_31_3155_3520	CP000240.1:680496-680868|CDS|CYB_0667	83.987	306	49	0	61	366	67	372	3.14e-91	332
Ga0393518_31_3737_5563	CP000239.1:2646699-2648472|CDS|CYA_2629	97.466	1776	42	1	52	1827	1	1773	0.0	2999
Ga0393518_31_3737_5563	CP000240.1:681089-682925|CDS|CYB_0668	75.665	1804	336	25	52	1778	1	1778	0.0	1255
Ga0393518_32_54_1034	CP000239.1:1179715-1180696|CDS|CYA_1156	99.898	981	1	0	1	981	1	981	0.0	1765
Ga0393518_32_1207_2100	CP000239.1:1178650-1179544|CDS|CYA_1155	99.888	894	1	0	1	894	1	894	0.0	1608
Ga0393518_32_1207_2100	CP000240.1:2713441-2714329|CDS|CYB_2621	79.444	900	167	3	1	894	1	888	0.0	792
Ga0393518_32_2170_3393	CP000239.1:1174188-1176054|CDS|CYA_1151	98.096	1208	23	0	1	1208	1	1208	0.0	2076
Ga0393518_32_2170_3393	CP000240.1:2725443-2727342|CDS|CYB_2635	86.352	1209	165	0	1	1209	1	1209	0.0	1437
Ga0393518_32_3512_3940	CP000239.1:1176172-1176601|CDS|CYA_1152	99.534	429	2	0	1	429	1	429	0.0	765
Ga0393518_32_3512_3940	CP000240.1:2724876-2725314|CDS|CYB_2634	83.916	429	69	0	1	429	10	438	8.73e-131	463
Ga0393518_32_4249_4710	CP000239.1:1176915-1177371|CDS|CYA_1153	99.561	456	2	0	7	462	1	456	0.0	814
Ga0393518_32_4249_4710	CP000240.1:2715649-2716102|CDS|CYB_2623	83.700	454	68	1	7	460	1	448	8.27e-138	487
Ga0393518_33_24_884	CP000239.1:2589763-2590624|CDS|CYA_2565	99.768	861	2	0	1	861	1	861	0.0	1544
Ga0393518_33_24_884	CP000240.1:2461084-2461969|CDS|CYB_2354	74.695	901	172	17	1	861	1	885	4.82e-163	572
Ga0393518_33_1086_3173	CP000239.1:2587474-2589562|CDS|CYA_2564	100.000	2088	0	0	1	2088	1	2088	0.0	3766
Ga0393518_33_1086_3173	CP000240.1:833612-835700|CDS|CYB_0807	87.140	2084	266	2	1	2083	1	2083	0.0	2544
Ga0393518_33_3499_5112	CP000239.1:2585535-2587392|CDS|CYA_2563	99.752	1614	4	0	1	1614	244	1857	0.0	2893
Ga0393518_33_3499_5112	CP000240.1:835785-837645|CDS|CYB_0808	86.849	1612	212	0	1	1612	247	1858	0.0	1952
Ga0393518_34_127_1440	CP000239.1:1122233-1123547|CDS|CYA_1098	99.848	1314	2	0	1	1314	1	1314	0.0	2361
Ga0393518_34_127_1440	CP000240.1:688190-689507|CDS|CYB_0676	79.443	1328	244	15	1	1312	1	1315	0.0	1123
Ga0393518_34_1685_4669	CP000239.1:1118584-1121986|CDS|CYA_1097	99.894	2837	3	0	4	2840	1	2837	0.0	5103
Ga0393518_34_1685_4669	CP000240.1:689629-693067|CDS|CYB_0677	84.922	2832	383	9	4	2807	1	2816	0.0	3182
Ga0393518_35_2491_3924	CP000239.1:1771686-1773120|CDS|CYA_1764	97.280	1434	39	0	1	1434	1	1434	0.0	2411
Ga0393518_35_2491_3924	CP000240.1:1253988-1255434|CDS|CYB_1208	91.074	1434	128	0	1	1434	13	1446	0.0	2010
Ga0393518_35_4085_5134	CP000239.1:1773201-1774251|CDS|CYA_1766	94.571	1050	57	0	1	1050	1	1050	0.0	1637
Ga0393518_35_4085_5134	CP000240.1:1255627-1256677|CDS|CYB_1209	91.048	1050	94	0	1	1050	1	1050	0.0	1471
Ga0393518_35_5244_5447	CP000239.1:1774360-1776115|CDS|CYA_1767	99.507	203	1	0	2	204	1553	1755	9.82e-101	362
Ga0393518_35_5244_5447	CP000240.1:1257375-1259115|CDS|CYB_1211	88.060	201	24	0	4	204	1540	1740	1.05e-68	255
Ga0393518_37_657_1808	CP000239.1:887771-888923|CDS|CYA_0883	95.139	1152	56	0	1	1152	1	1152	0.0	1826
Ga0393518_37_657_1808	CP000240.1:603174-604356|CDS|CYB_0596	92.186	1139	89	0	14	1152	44	1182	0.0	1654
Ga0393518_37_4337_4615	CP000239.1:892608-892887|CDS|CYA_0885	86.477	281	34	3	1	279	1	279	1.00e-89	326
Ga0393518_37_4337_4615	CP000239.1:130864-131179|CDS|CYA_0135	82.079	279	34	3	3	279	51	315	1.30e-75	279
Ga0393518_38_1285_1506	CP000239.1:77337-77559|CDS|CYA_0078	99.550	222	1	0	1	222	1	222	5.23e-111	397
Ga0393518_38_1285_1506	CP000240.1:2142258-2142483|CDS|CYB_2040	84.793	217	31	2	6	221	9	224	1.08e-62	236
Ga0393518_38_1860_2396	CP000239.1:77912-78449|CDS|CYA_0079	100.000	537	0	0	1	537	1	537	0.0	969
Ga0393518_38_2504_2746	CP000239.1:78556-79003|CDS|CYA_0080	100.000	243	0	0	1	243	205	447	5.41e-124	439
Ga0393518_38_2504_2746	CP000240.1:2143236-2143479|CDS|CYB_2042	91.770	243	20	0	1	243	1	243	7.53e-97	349
Ga0393518_38_3059_4477	CP000239.1:79111-80905|CDS|CYA_0082	97.686	1426	26	1	1	1419	1	1426	0.0	2425
Ga0393518_38_3059_4477	CP000240.1:2144572-2146399|CDS|CYB_2045	81.562	1421	229	14	25	1419	31	1444	0.0	1349
Ga0393518_38_4468_4845	CP000239.1:79111-80905|CDS|CYA_0082	98.148	378	7	0	1	378	1417	1794	0.0	651
Ga0393518_38_4468_4845	CP000240.1:2144572-2146399|CDS|CYB_2045	81.491	389	57	1	1	374	1435	1823	4.82e-108	387
Ga0393518_38_4769_5149	CP000239.1:80828-81851|CDS|CYA_0081	99.738	381	1	0	1	381	643	1023	0.0	683
Ga0393518_38_4769_5149	CP000240.1:2146322-2147387|CDS|CYB_2044	75.926	432	53	1	1	381	634	1065	1.00e-97	352
Ga0393518_39_928_1251	CP000239.1:1390973-1391297|CDS|CYA_1384	100.000	324	0	0	1	324	1	324	7.90e-168	585
Ga0393518_39_928_1251	CP000240.1:2673673-2673997|CDS|CYB_2569	91.250	320	28	0	1	320	1	320	1.17e-127	452
Ga0393518_39_1286_1735	CP000239.1:1390489-1390939|CDS|CYA_1383	99.778	450	1	0	1	450	1	450	0.0	808
Ga0393518_39_1286_1735	CP000240.1:2674025-2674475|CDS|CYB_2570	82.705	451	76	2	1	450	1	450	1.36e-128	455
Ga0393518_39_1732_2235	CP000239.1:1389989-1390490|CDS|CYA_1382	99.800	501	1	0	4	504	1	501	0.0	900
Ga0393518_39_1732_2235	CP000240.1:2674474-2674975|CDS|CYB_2571	88.024	501	60	0	4	504	1	501	0.0	634
Ga0393518_39_2483_2878	CP000239.1:1394952-1395348|CDS|CYA_1388	98.724	392	5	0	1	392	1	392	0.0	685
Ga0393518_39_2483_2878	CP000240.1:2669586-2669982|CDS|CYB_2565	85.459	392	57	0	1	392	1	392	5.06e-127	451
Ga0393518_39_3024_4790	CP000239.1:1393033-1394890|CDS|CYA_1387	97.644	1740	41	0	28	1767	118	1857	0.0	2954
Ga0393518_40_399_959	CP000239.1:1670798-1671482|CDS|CYA_1668	99.822	561	1	0	1	561	124	684	0.0	1008
Ga0393518_40_399_959	CP000240.1:1074735-1075494|CDS|CYB_1032	80.370	540	100	1	1	540	220	753	5.61e-141	498
Ga0393518_40_960_2084	CP000239.1:1671617-1672607|CDS|CYA_1669	99.798	990	2	0	136	1125	1	990	0.0	1777
Ga0393518_40_960_2084	CP000240.1:1208686-1209706|CDS|CYB_1171	85.685	985	141	0	121	1105	1	985	0.0	1141
Ga0393518_40_2165_2491	CP000239.1:1672705-1673014|CDS|CYA_1670	100.000	309	0	0	19	327	1	309	1.11e-159	558
Ga0393518_40_2165_2491	CP000240.1:1208268-1208577|CDS|CYB_1170	84.416	308	48	0	19	326	1	308	5.39e-94	340
Ga0393518_40_2494_2715	CP000239.1:1673016-1673238|CDS|CYA_1672	100.000	222	0	0	1	222	1	222	1.23e-112	401
Ga0393518_40_2494_2715	CP000240.1:1208044-1208266|CDS|CYB_1169	89.140	221	24	0	1	221	1	221	1.60e-79	291
Ga0393518_40_2768_3655	CP000239.1:1673290-1674907|CDS|CYA_1673	100.000	888	0	0	1	888	730	1617	0.0	1602
Ga0393518_40_2768_3655	CP000240.1:1206388-1207999|CDS|CYB_1168	89.616	886	92	0	1	886	724	1609	0.0	1184
Ga0393518_40_4932_5096	CP000239.1:1675215-1676220|CDS|CYA_1674	100.000	135	0	0	1	135	238	372	1.50e-65	244
Ga0393518_40_4932_5096	CP000240.1:1205038-1206028|CDS|CYB_1167	90.226	133	13	0	2	134	239	371	1.50e-46	182
Ga0393518_41_274_504	CP000239.1:2727384-2728404|CDS|CYA_2708	100.000	231	0	0	1	231	790	1020	1.67e-117	417
Ga0393518_41_274_504	CP000240.1:1953692-1954718|CDS|CYB_1871	90.909	231	21	0	1	231	796	1026	9.90e-89	323
Ga0393518_41_498_1286	CP000239.1:2727384-2728404|CDS|CYA_2708	99.873	790	0	1	1	789	7	796	0.0	1417
Ga0393518_41_498_1286	CP000240.1:1953692-1954718|CDS|CYB_1871	87.975	790	94	1	1	789	13	802	0.0	994
Ga0393518_41_1650_2636	CP000239.1:2726040-2726886|CDS|CYA_2706	99.882	846	1	0	142	987	1	846	0.0	1522
Ga0393518_41_1650_2636	CP000240.1:1956263-1957358|CDS|CYB_1873	83.469	986	163	0	1	986	109	1094	0.0	1044
Ga0393518_41_2710_2844	CP000239.1:2725832-2725967|CDS|CYA_2705	100.000	135	0	0	1	135	1	135	1.19e-65	244
Ga0393518_42_669_1418	CP000239.1:2500690-2501431|CDS|CYA_2492	100.000	738	0	0	1	738	1	738	0.0	1332
Ga0393518_42_669_1418	CP000240.1:716329-717079|CDS|CYB_0698	86.667	750	100	0	1	750	1	750	0.0	902
Ga0393518_42_1899_2684	CP000239.1:2499424-2500210|CDS|CYA_2489	99.873	786	1	0	1	786	1	786	0.0	1414
Ga0393518_42_1899_2684	CP000240.1:717482-718268|CDS|CYB_0701	85.385	780	114	0	1	780	1	780	0.0	893
Ga0393518_42_3522_3761	CP000239.1:2498349-2498589|CDS|CYA_2487	100.000	240	0	0	1	240	1	240	2.27e-122	434
Ga0393518_42_3522_3761	CP000240.1:2190369-2190609|CDS|CYB_2094	88.333	240	28	0	1	240	1	240	2.28e-84	307
Ga0393518_42_3776_4438	CP000239.1:2497672-2498335|CDS|CYA_2486	91.785	633	52	0	1	633	1	633	0.0	908
Ga0393518_42_3776_4438	CP000240.1:2189703-2190357|CDS|CYB_2093	82.532	624	109	0	10	633	10	633	0.0	635
Ga0393518_43_329_1354	CP000239.1:2593698-2594769|CDS|CYA_2570	98.148	1026	19	0	1	1026	46	1071	0.0	1765
Ga0393518_43_329_1354	CP000240.1:1069917-1070976|CDS|CYB_1027	84.359	991	155	0	2	992	47	1037	0.0	1089
Ga0393518_43_1351_4266	CP000239.1:2594765-2597696|CDS|CYA_2569	92.494	2931	205	2	1	2916	1	2931	0.0	4299
Ga0393518_43_1351_4266	CP000240.1:34637-37646|CDS|CYB_0028	76.730	2875	583	28	52	2856	49	2907	0.0	2121
Ga0393518_44_1024_1188	CP000239.1:2359085-2360345|CDS|CYA_2352	100.000	165	0	0	1	165	1038	874	7.78e-82	298
Ga0393518_44_1024_1188	CP000240.1:891887-893147|CDS|CYB_0858	80.921	152	29	0	2	153	1037	886	3.78e-35	144
Ga0393518_44_1187_1966	CP000239.1:2368607-2369564|CDS|CYA_2361	99.837	614	1	0	167	780	344	957	0.0	1104
Ga0393518_44_1187_1966	CP000240.1:884300-885257|CDS|CYB_0851	86.319	614	84	0	167	780	344	957	0.0	729
Ga0393518_44_2028_3086	CP000239.1:2367487-2368546|CDS|CYA_2360	100.000	1059	0	0	1	1059	1	1059	0.0	1911
Ga0393518_44_2028_3086	CP000240.1:885360-886419|CDS|CYB_0852	86.969	1059	138	0	1	1059	1	1059	0.0	1288
Ga0393518_44_3219_3962	CP000239.1:2365934-2367356|CDS|CYA_2359	99.731	744	2	0	1	744	679	1422	0.0	1333
Ga0393518_44_3219_3962	CP000240.1:886555-887974|CDS|CYB_0853	92.608	744	55	0	1	744	676	1419	0.0	1095
Ga0393518_44_4004_4190	CP000239.1:2365934-2367356|CDS|CYA_2359	100.000	187	0	0	1	187	637	451	1.02e-93	338
Ga0393518_44_4004_4190	CP000240.1:886555-887974|CDS|CYB_0853	91.935	186	15	0	2	187	633	448	1.51e-72	269
Ga0393518_45_736_3768	CP000239.1:2903224-2906293|CDS|CYA_2886	99.934	3033	2	0	1	3033	37	3069	0.0	5461
Ga0393518_45_736_3768	CP000240.1:1730308-1733377|CDS|CYB_1653	84.893	3045	436	4	1	3033	37	3069	0.0	3422
Ga0393518_46_255_740	CP000239.1:167116-167602|CDS|CYA_0169	100.000	486	0	0	1	486	1	486	0.0	877
Ga0393518_46_741_1004	CP000239.1:167602-167866|CDS|CYA_0170	100.000	264	0	0	1	264	1	264	2.36e-135	477
Ga0393518_46_979_2073	CP000239.1:167840-168935|CDS|CYA_0171	99.635	1095	4	0	1	1095	1	1095	0.0	1957
Ga0393518_46_2078_2929	CP000239.1:168939-169878|CDS|CYA_0172	99.531	852	4	0	1	852	88	939	0.0	1519
Ga0393518_46_3018_4181	CP000239.1:169879-171043|CDS|CYA_0173	99.828	1164	2	0	1	1164	1	1164	0.0	2091
Ga0393518_47_17_949	CP000239.1:1458691-1460623|CDS|CYA_1455	100.000	933	0	0	1	933	1000	1932	0.0	1683
Ga0393518_47_17_949	CP000240.1:1649445-1651422|CDS|CYB_1576	87.580	942	108	1	1	933	1036	1977	0.0	1176
Ga0393518_47_1008_2045	CP000239.1:1460681-1461719|CDS|CYA_1456	99.904	1038	1	0	1	1038	1	1038	0.0	1868
Ga0393518_47_1008_2045	CP000240.1:1648295-1649357|CDS|CYB_1575	83.936	996	154	2	46	1038	70	1062	0.0	1072
Ga0393518_47_2385_3884	CP000239.1:1461998-1463558|CDS|CYA_1457	100.000	1500	0	0	1	1500	61	1560	0.0	2706
Ga0393518_47_2385_3884	CP000240.1:661654-663232|CDS|CYB_0649	84.824	1476	224	0	21	1496	99	1574	0.0	1653
Ga0393518_48_572_1336	CP000239.1:570095-570899|CDS|CYA_0556	99.869	765	1	0	1	765	40	804	0.0	1376
Ga0393518_48_572_1336	CP000240.1:2948745-2949525|CDS|CYB_2852	84.342	760	107	2	3	762	18	765	0.0	837
Ga0393518_48_1559_1900	CP000239.1:571082-571424|CDS|CYA_0558	99.708	342	1	0	1	342	1	342	6.02e-176	613
Ga0393518_48_1559_1900	CP000240.1:2470725-2471067|CDS|CYB_2364	88.304	342	40	0	1	342	1	342	2.74e-123	437
Ga0393518_48_1909_2211	CP000239.1:571432-571714|CDS|CYA_0559	100.000	264	0	0	1	264	1	264	2.74e-135	477
Ga0393518_48_1909_2211	CP000240.1:2470405-2470696|CDS|CYB_2363	77.444	266	51	3	1	266	1	257	2.58e-53	205
Ga0393518_48_2251_2601	CP000240.1:2470004-2470361|CDS|CYB_2362	84.548	343	53	0	1	343	1	343	6.60e-106	380
Ga0393518_48_2251_2601	CP000239.1:572077-572428|CDS|CYA_0560	82.849	344	59	0	1	344	1	344	2.63e-98	355
Ga0393518_48_3011_4009	CP000239.1:572481-575142|CDS|CYA_0561	99.740	770	2	0	1	770	1768	2537	0.0	1380
Ga0393518_48_3011_4009	CP000240.1:2463812-2466614|CDS|CYB_2358	86.919	818	97	3	1	810	1774	2589	0.0	989
Ga0393518_49_536_1084	CP000240.1:49090-49687|CDS|CYB_0039	90.710	549	51	0	1	549	1	549	0.0	761
Ga0393518_49_536_1084	CP000239.1:626715-627132|CDS|CYA_0618	98.082	417	7	1	17	432	1	417	0.0	713
Ga0393518_49_1181_3328	CP000239.1:627357-629493|CDS|CYA_0619	97.191	2136	60	0	13	2148	1	2136	0.0	3582
Ga0393518_49_1181_3328	CP000240.1:49773-51909|CDS|CYB_0040	96.442	2136	76	0	13	2148	1	2136	0.0	3510
Ga0393518_49_3353_3841	CP000240.1:51933-52434|CDS|CYB_0042	99.789	475	1	0	1	475	1	475	0.0	853
Ga0393518_49_3353_3841	CP000239.1:629517-630009|CDS|CYA_0621	99.773	441	1	0	1	441	1	441	0.0	792
Ga0393518_50_396_1058	CP000239.1:643785-644448|CDS|CYA_0632	100.000	663	0	0	1	663	1	663	0.0	1196
Ga0393518_50_396_1058	CP000240.1:933677-934340|CDS|CYB_0901	81.599	663	122	0	1	663	1	663	0.0	646
Ga0393518_50_1518_1988	CP000239.1:645186-645657|CDS|CYA_0633	100.000	471	0	0	1	471	1	471	0.0	850
Ga0393518_50_1518_1988	CP000240.1:934707-935205|CDS|CYB_0904	87.339	387	49	0	85	471	112	498	4.37e-135	478
Ga0393518_50_2005_2583	CP000239.1:645673-646252|CDS|CYA_0634	100.000	579	0	0	1	579	1	579	0.0	1045
Ga0393518_50_2005_2583	CP000240.1:935222-935801|CDS|CYB_0905	84.266	572	90	0	1	572	1	572	4.75e-180	627
Ga0393518_50_2675_2857	CP000239.1:646343-646526|CDS|CYA_0635	100.000	183	0	0	1	183	1	183	1.47e-91	331
Ga0393518_50_2675_2857	CP000240.1:1982808-1983009|CDS|CYB_1896	83.688	141	17	1	41	181	65	199	8.15e-38	152
Ga0393518_51_13_351	CP000239.1:512910-514188|CDS|CYA_0498	100.000	339	0	0	1	339	940	1278	5.96e-176	612
Ga0393518_51_13_351	CP000240.1:564998-566426|CDS|CYB_0555	77.918	317	70	0	23	339	1112	1428	5.25e-69	257
Ga0393518_51_520_861	CP000239.1:512400-512853|CDS|CYA_0497	100.000	342	0	0	1	342	112	453	1.42e-177	618
Ga0393518_51_520_861	CP000240.1:564488-564941|CDS|CYB_0554	84.503	342	53	0	1	342	112	453	2.25e-105	379
Ga0393518_51_979_2280	CP000239.1:510981-512283|CDS|CYA_0496	99.923	1302	1	0	1	1302	1	1302	0.0	2344
Ga0393518_51_979_2280	CP000240.1:563049-564351|CDS|CYB_0553	89.094	1302	142	0	1	1302	1	1302	0.0	1709
Ga0393518_51_2413_3054	CP000239.1:510207-510849|CDS|CYA_0495	100.000	642	0	0	1	642	1	642	0.0	1159
Ga0393518_51_2413_3054	CP000240.1:562272-562914|CDS|CYB_0552	89.252	642	69	0	1	642	1	642	0.0	847
Ga0393518_51_3135_3431	CP000239.1:509830-510205|CDS|CYA_0494	100.000	297	0	0	1	297	79	375	3.27e-153	536
Ga0393518_51_3135_3431	CP000240.1:561906-562269|CDS|CYB_0551	82.890	263	45	0	1	263	70	332	2.07e-73	272
Ga0393518_51_3451_3783	CP000239.1:509433-509811|CDS|CYA_0493	99.700	333	1	0	1	333	46	378	4.50e-171	597
Ga0393518_52_5_607	CP000239.1:2829693-2830884|CDS|CYA_2810	99.834	603	1	0	1	603	589	1191	0.0	1084
Ga0393518_52_5_607	CP000240.1:2943651-2944884|CDS|CYB_2847	85.959	584	82	0	1	584	631	1214	0.0	684
Ga0393518_52_730_930	CP000239.1:2831006-2831207|CDS|CYA_2811	100.000	201	0	0	1	201	1	201	2.77e-101	363
Ga0393518_52_730_930	CP000240.1:2945012-2945213|CDS|CYB_2848	88.557	201	23	0	1	201	1	201	8.48e-70	260
Ga0393518_52_1053_1409	CP000239.1:2831329-2831686|CDS|CYA_2812	99.440	357	2	0	1	357	1	357	0.0	636
Ga0393518_52_1053_1409	CP000240.1:2945346-2945703|CDS|CYB_2849	90.704	355	33	0	1	355	1	355	1.48e-139	492
Ga0393518_52_1546_2214	CP000239.1:2831690-2832491|CDS|CYA_2814	99.851	669	1	0	1	669	133	801	0.0	1203
Ga0393518_52_1546_2214	CP000240.1:2945584-2946514|CDS|CYB_2850	80.463	691	111	1	2	668	239	929	0.0	655
Ga0393518_53_12_1037	CP000239.1:2407303-2408917|CDS|CYA_2396	99.805	1026	2	0	1	1026	589	1614	0.0	1842
Ga0393518_53_12_1037	CP000240.1:2779283-2780882|CDS|CYB_2692	83.284	1023	169	2	1	1022	574	1595	0.0	1067
Ga0393518_53_1298_2374	CP000239.1:2405867-2407043|CDS|CYA_2395	100.000	1077	0	0	1	1077	100	1176	0.0	1943
Ga0393518_53_1298_2374	CP000240.1:2777872-2779012|CDS|CYB_2691	84.171	1055	167	0	1	1055	82	1136	0.0	1150
Ga0393518_53_2472_3251	CP000239.1:2405089-2405869|CDS|CYA_2394	99.872	780	1	0	1	780	1	780	0.0	1403
Ga0393518_53_2472_3251	CP000240.1:2776913-2777723|CDS|CYB_2689	81.371	671	125	0	1	671	1	671	0.0	647
Ga0393518_54_1524_2051	CP000239.1:15512-16040|CDS|CYA_0015	100.000	528	0	0	1	528	1	528	0.0	953
Ga0393518_54_1524_2051	CP000240.1:290737-291265|CDS|CYB_0275	87.311	528	67	0	1	528	1	528	0.0	651
Ga0393518_54_2102_2566	CP000239.1:14997-15462|CDS|CYA_0014	100.000	465	0	0	1	465	1	465	0.0	839
Ga0393518_54_2102_2566	CP000240.1:291316-291781|CDS|CYB_0276	91.398	465	40	0	1	465	1	465	0.0	659
Ga0393518_54_2607_3347	CP000239.1:14216-14957|CDS|CYA_0013	99.865	741	1	0	1	741	1	741	0.0	1333
Ga0393518_54_2607_3347	CP000240.1:291857-292559|CDS|CYB_0277	86.686	691	92	0	38	728	2	692	0.0	832
Ga0393518_55_649_1398	CP000239.1:2614375-2615212|CDS|CYA_2592	99.867	750	1	0	1	750	88	837	0.0	1349
Ga0393518_55_649_1398	CP000240.1:571690-572527|CDS|CYB_0562	84.400	750	117	0	1	750	88	837	0.0	826
Ga0393518_55_1572_2558	CP000239.1:2613191-2614202|CDS|CYA_2591	100.000	987	0	0	1	987	25	1011	0.0	1781
Ga0393518_55_1572_2558	CP000240.1:2474159-2475143|CDS|CYB_2368	83.562	949	156	0	2	950	26	974	0.0	1009
Ga0393518_55_2623_3570	CP000239.1:2611972-2613151|CDS|CYA_2590	100.000	948	0	0	1	948	232	1179	0.0	1710
Ga0393518_55_2623_3570	CP000240.1:2475196-2476366|CDS|CYB_2369	79.557	949	179	6	1	946	232	1168	0.0	824
Ga0393518_56_1579_2523	CP000240.1:608338-609307|CDS|CYB_0599	96.801	969	7	1	1	945	1	969	0.0	1626
Ga0393518_56_1579_2523	CP000239.1:896417-897338|CDS|CYA_0890	94.662	843	45	0	103	945	79	921	0.0	1318
Ga0393518_56_2739_3491	CP000239.1:897553-898417|CDS|CYA_0891	97.344	753	20	0	1	753	112	864	0.0	1269
Ga0393518_56_2739_3491	CP000240.1:610277-611165|CDS|CYB_0601	91.248	777	44	1	1	753	112	888	0.0	1113
Ga0393518_57_11_457	CP000239.1:1765921-1766704|CDS|CYA_1761	96.644	447	15	0	1	447	337	783	0.0	739
Ga0393518_57_11_457	CP000240.1:1248214-1248994|CDS|CYB_1205	84.340	447	70	0	1	447	334	780	1.88e-139	491
Ga0393518_57_465_938	CP000239.1:1765416-1765914|CDS|CYA_1760	100.000	474	0	0	1	474	25	498	0.0	856
Ga0393518_57_465_938	CP000240.1:1247662-1248196|CDS|CYB_1204	80.503	477	81	4	5	472	59	532	4.70e-122	434
Ga0393518_57_1504_1779	CP000239.1:1764599-1764986|CDS|CYA_1759	99.638	276	1	0	1	276	112	387	3.22e-140	494
Ga0393518_57_1504_1779	CP000240.1:1247140-1247623|CDS|CYB_1203	86.496	274	37	0	1	274	208	481	2.83e-90	328
Ga0393518_57_1789_2310	CP000239.1:1764134-1764590|CDS|CYA_1758	99.781	456	1	0	67	522	1	456	0.0	819
Ga0393518_57_1789_2310	CP000240.1:1244277-1244703|CDS|CYB_1200	85.071	422	63	0	68	489	2	423	4.87e-135	478
Ga0393518_57_2734_3087	CP000239.1:88305-89487|CDS|CYA_0091	80.968	310	59	0	4	313	631	940	7.61e-80	294
Ga0393518_57_2734_3087	CP000240.1:1316312-1317548|CDS|CYB_1259	80.405	296	58	0	4	299	631	926	7.13e-74	273
Ga0393518_57_2734_3087	CP000240.1:629484-630702|CDS|CYB_0620	80.851	282	54	0	4	285	655	936	1.06e-71	266
Ga0393518_57_2734_3087	CP000240.1:2553363-2554557|CDS|CYB_2454	78.710	310	66	0	4	313	631	940	1.29e-70	262
Ga0393518_57_2734_3087	CP000240.1:481588-482800|CDS|CYB_0472	80.496	282	55	0	4	285	631	912	4.50e-70	261
Ga0393518_57_2734_3087	CP000240.1:1190675-1191869|CDS|CYB_1151	79.787	282	57	0	4	285	631	912	2.33e-67	252
Ga0393518_57_2734_3087	CP000240.1:638632-639850|CDS|CYB_0630	79.787	282	57	0	4	285	655	936	2.33e-67	252
Ga0393518_57_2734_3087	CP000240.1:2210858-2212052|CDS|CYB_2117	78.716	296	63	0	4	299	631	926	8.13e-67	251
Ga0393518_57_2734_3087	CP000239.1:893439-894633|CDS|CYA_0887	78.716	296	63	0	4	299	631	926	8.13e-67	251
Ga0393518_57_2734_3087	CP000240.1:2644164-2645358|CDS|CYB_2538	79.433	282	58	0	4	285	631	912	2.84e-66	248
Ga0393518_57_2734_3087	CP000240.1:2619921-2621115|CDS|CYB_2521	79.433	282	58	0	4	285	631	912	2.84e-66	248
Ga0393518_57_2734_3087	CP000240.1:1521392-1522610|CDS|CYB_1450	79.433	282	58	0	4	285	655	936	2.84e-66	248
Ga0393518_57_2734_3087	CP000240.1:1244785-1246021|CDS|CYB_1201	79.433	282	58	0	4	285	655	936	2.84e-66	248
Ga0393518_57_2734_3087	CP000240.1:1064975-1066169|CDS|CYB_1023	79.359	281	58	0	4	284	631	911	9.91e-66	246
Ga0393518_57_2734_3087	CP000239.1:994256-995468|CDS|CYA_0981	78.378	296	64	0	4	299	631	926	9.91e-66	246
Ga0393518_57_2734_3087	CP000240.1:1803089-1804283|CDS|CYB_1722	79.078	282	59	0	4	285	631	912	1.21e-64	243
Ga0393518_57_2734_3087	CP000240.1:1267756-1268992|CDS|CYB_1227	79.078	282	59	0	4	285	655	936	1.21e-64	243
Ga0393518_57_2734_3087	CP000239.1:2170714-2171908|CDS|CYA_2158	79.078	282	59	0	4	285	631	912	1.21e-64	243
Ga0393518_57_2734_3087	CP000240.1:2247371-2248565|CDS|CYB_2147	78.041	296	65	0	4	299	631	926	4.21e-64	242
Ga0393518_57_2734_3087	CP000239.1:712444-713638|CDS|CYA_0704	78.041	296	65	0	4	299	631	926	4.21e-64	242
Ga0393518_57_2734_3087	CP000240.1:2933473-2934709|CDS|CYB_2835	78.723	282	60	0	4	285	655	936	1.47e-63	239
Ga0393518_57_2734_3087	CP000240.1:241642-242836|CDS|CYB_0233	78.723	282	60	0	4	285	631	912	1.47e-63	239
Ga0393518_57_2734_3087	CP000239.1:629980-631174|CDS|CYA_0620	78.723	282	60	0	4	285	631	912	1.47e-63	239
Ga0393518_57_2734_3087	CP000240.1:1015074-1016268|CDS|CYB_0979	77.703	296	66	0	4	299	631	926	5.13e-63	237
Ga0393518_57_2734_3087	CP000240.1:102811-104029|CDS|CYB_0087	78.648	281	60	0	4	284	655	935	5.13e-63	237
Ga0393518_57_2734_3087	CP000239.1:1594889-1596107|CDS|CYA_1585	77.703	296	66	0	4	299	631	926	5.13e-63	237
Ga0393518_57_2734_3087	CP000240.1:2168360-2169515|CDS|CYB_2071	78.369	282	61	0	4	285	631	912	6.25e-62	234
Ga0393518_57_2734_3087	CP000240.1:1358129-1359347|CDS|CYB_1297	78.369	282	61	0	4	285	655	936	6.25e-62	234
Ga0393518_57_2734_3087	CP000240.1:3008652-3009870|CDS|CYB_2910	78.014	282	62	0	4	285	655	936	7.62e-61	230
Ga0393518_57_2734_3087	CP000240.1:2506708-2507857|CDS|CYB_2410	75.163	306	52	1	4	285	727	1032	9.28e-60	227
Ga0393518_57_2734_3087	CP000240.1:52430-53648|CDS|CYB_0041	74.375	320	58	1	4	299	631	950	3.24e-59	225
Ga0393518_57_2734_3087	CP000239.1:774779-775973|CDS|CYA_0767	77.660	282	63	0	4	285	631	912	3.24e-59	225
Ga0393518_57_2734_3087	CP000240.1:605550-606744|CDS|CYB_0598	77.224	281	64	0	4	284	631	911	1.38e-57	219
Ga0393518_57_2734_3087	CP000240.1:2565689-2566883|CDS|CYB_2468	76.868	281	65	0	4	284	631	911	5.86e-56	214
Ga0393518_57_2734_3087	CP000240.1:1384265-1385459|CDS|CYB_1322	76.868	281	65	0	4	284	631	911	5.86e-56	214
Ga0393518_57_2734_3087	CP000239.1:698055-699204|CDS|CYA_0690	74.183	306	55	1	4	285	631	936	5.86e-56	214
Ga0393518_57_2734_3087	CP000240.1:1954838-1956056|CDS|CYB_1872	73.856	306	56	1	4	285	631	936	2.49e-54	209
Ga0393518_57_2734_3087	CP000240.1:345730-346924|CDS|CYB_0329	76.157	281	67	0	4	284	631	911	3.03e-53	205
Ga0393518_57_2734_3087	CP000240.1:2830275-2831565|CDS|CYB_2735	73.529	306	57	1	4	285	655	960	3.03e-53	205
Ga0393518_57_2734_3087	CP000240.1:1083184-1084426|CDS|CYB_1042	73.529	306	57	1	4	285	655	960	3.03e-53	205
Ga0393518_57_2734_3087	CP000240.1:1842322-1843549|CDS|CYB_1759	72.500	320	64	1	4	299	631	950	4.50e-51	198
Ga0393518_57_2734_3087	CP000240.1:2796782-2798000|CDS|CYB_2707	72.549	306	60	1	4	285	631	936	6.68e-49	191
Ga0393518_57_2734_3087	CP000240.1:2661652-2662870|CDS|CYB_2557	72.549	306	60	1	4	285	631	936	6.68e-49	191
Ga0393518_57_2734_3087	CP000240.1:2128026-2129220|CDS|CYB_2026	68.525	305	96	0	4	308	631	935	3.47e-27	118
Ga0393518_57_2734_3087	CP000239.1:693322-694534|CDS|CYA_0687	67.893	299	96	0	13	311	640	938	6.26e-24	107
Ga0393518_57_2734_3087	CP000240.1:2219258-2220470|CDS|CYB_2126	67.905	296	95	0	13	308	640	935	2.19e-23	106
Ga0393518_57_2734_3087	CP000240.1:1917270-1918464|CDS|CYB_1826	67.905	296	95	0	13	308	640	935	2.19e-23	106
Ga0393518_57_2734_3087	CP000240.1:1763450-1764623|CDS|CYB_1688	67.450	298	93	2	13	308	640	935	3.95e-20	96.0
Ga0393518_58_172_1071	CP000239.1:1705550-1707500|CDS|CYA_1701	99.333	900	6	0	1	900	1051	1950	0.0	1597
Ga0393518_58_172_1071	CP000240.1:2082995-2084942|CDS|CYB_1983	87.854	848	103	0	1	848	1051	1898	0.0	1066
Ga0393518_58_1074_2018	CP000239.1:1704609-1705548|CDS|CYA_1700	95.421	939	43	0	7	945	1	939	0.0	1500
Ga0393518_58_1074_2018	CP000240.1:2084955-2086035|CDS|CYB_1984	84.368	934	143	3	1	932	138	1070	0.0	1016
Ga0393518_58_2165_3538	CP000239.1:1702906-1704457|CDS|CYA_1699	97.744	1374	31	0	1	1374	178	1551	0.0	2339
Ga0393518_58_2165_3538	CP000240.1:2086060-2087614|CDS|CYB_1985	86.764	1375	179	1	1	1372	178	1552	0.0	1658
Ga0393518_59_115_375	CP000239.1:2358243-2358513|CDS|CYA_2350	100.000	261	0	0	1	261	10	270	9.91e-134	471
Ga0393518_59_115_375	CP000240.1:893828-894107|CDS|CYB_0860	79.693	261	53	0	1	261	19	279	1.58e-61	233
Ga0393518_59_543_746	CP000239.1:2357018-2357912|CDS|CYA_2349	100.000	156	0	0	1	156	1	156	7.56e-77	282
Ga0393518_59_1066_1734	CP000239.1:2356030-2356699|CDS|CYA_2348	99.701	669	2	0	1	669	1	669	0.0	1198
Ga0393518_59_1066_1734	CP000240.1:895381-896095|CDS|CYB_0862	75.235	533	132	0	1	533	1	533	8.22e-102	367
Ga0393518_59_2368_3165	CP000239.1:2354506-2355397|CDS|CYA_2347	100.000	798	0	0	1	798	94	891	0.0	1440
Ga0393518_59_2368_3165	CP000240.1:1155327-1156215|CDS|CYB_1117	87.340	782	99	0	1	782	91	872	0.0	965
Ga0393518_59_2368_3165	CP000239.1:719653-720526|CDS|CYA_0714	64.698	762	240	19	3	751	90	835	6.23e-22	103
Ga0393518_59_2368_3165	CP000240.1:3003800-3004655|CDS|CYB_2905	65.000	680	211	17	3	670	90	754	6.23e-22	102
Ga0393518_61_418_1752	CP000239.1:2203377-2204712|CDS|CYA_2184	99.850	1335	2	0	1	1335	1	1335	0.0	2399
Ga0393518_61_418_1752	CP000240.1:1478036-1479386|CDS|CYB_1410	85.299	1340	182	3	1	1325	1	1340	0.0	1529
Ga0393518_61_1778_2383	CP000239.1:2204737-2205343|CDS|CYA_2185	100.000	606	0	0	1	606	1	606	0.0	1094
Ga0393518_61_1778_2383	CP000240.1:1477420-1478002|CDS|CYB_1409	83.392	572	95	0	34	605	10	581	5.68e-173	604
Ga0393518_61_2585_3391	CP000239.1:2205544-2206615|CDS|CYA_2186	100.000	807	0	0	1	807	265	1071	0.0	1456
Ga0393518_61_2585_3391	CP000240.1:1475731-1476802|CDS|CYB_1407	90.458	807	77	0	1	807	265	1071	0.0	1109
Ga0393518_63_17_1153	CP000239.1:515749-516856|CDS|CYA_0500	99.819	1107	2	0	31	1137	1	1107	0.0	1988
Ga0393518_63_17_1153	CP000240.1:566646-567753|CDS|CYB_0556	87.353	1107	140	0	31	1137	1	1107	0.0	1366
Ga0393518_63_1291_2688	CP000239.1:514184-515624|CDS|CYA_0499	93.205	1398	95	0	1	1398	43	1440	0.0	2094
Ga0393518_64_1483_1695	CP000239.1:993658-993928|CDS|CYA_0979	100.000	198	0	0	1	198	198	1	1.26e-99	358
Ga0393518_64_1483_1695	CP000240.1:2806083-2806359|CDS|CYB_2713	81.726	197	36	0	2	198	197	1	3.16e-50	194
Ga0393518_64_1651_1767	CP000239.1:993658-993928|CDS|CYA_0979	99.145	117	1	0	1	117	154	270	2.51e-54	207
Ga0393518_64_1651_1767	CP000240.1:2806083-2806359|CDS|CYB_2713	80.899	89	17	0	1	89	154	242	2.06e-17	85.1
Ga0393518_64_1764_1892	CP000239.1:992522-993647|CDS|CYA_0978	100.000	114	0	0	16	129	1125	1012	2.83e-54	206
Ga0393518_64_2002_2904	CP000239.1:992522-993647|CDS|CYA_0978	99.779	903	1	1	1	903	1	902	0.0	1617
Ga0393518_64_2002_2904	CP000240.1:3024714-3025836|CDS|CYB_2926	83.690	889	136	6	1	888	1	881	0.0	931
Ga0393518_65_760_1302	CP000239.1:586288-586831|CDS|CYA_0573	100.000	543	0	0	1	543	1	543	0.0	980
Ga0393518_65_760_1302	CP000240.1:1377267-1377837|CDS|CYB_1314	81.682	535	98	0	1	535	28	562	3.90e-149	524
Ga0393518_65_1784_2242	CP000239.1:587312-587771|CDS|CYA_0574	99.782	459	1	0	1	459	1	459	0.0	824
Ga0393518_65_1784_2242	CP000240.1:69558-70017|CDS|CYB_0057	85.403	459	67	0	1	459	1	459	9.36e-150	526
Ga0393518_65_2271_3209	CP000239.1:587799-588738|CDS|CYA_0575	99.894	939	1	0	1	939	1	939	0.0	1690
Ga0393518_65_2271_3209	CP000240.1:70136-71075|CDS|CYB_0058	84.698	928	142	0	1	928	1	928	0.0	1034
Ga0393518_66_848_1861	CP000240.1:2785260-2786232|CDS|CYB_2697	82.665	923	151	4	50	966	17	936	0.0	934
Ga0393518_66_848_1861	CP000239.1:1522832-1523861|CDS|CYA_1514	80.448	982	183	4	1	973	1	982	0.0	896
Ga0393518_66_2439_3236	CP000239.1:1524407-1525343|CDS|CYA_1515	99.875	798	1	0	1	798	139	936	0.0	1435
Ga0393518_66_2439_3236	CP000240.1:674337-675297|CDS|CYB_0661	80.438	731	119	2	1	707	166	896	0.0	687
Ga0393518_67_49_330	CP000239.1:584809-585091|CDS|CYA_0570	100.000	282	0	0	1	282	1	282	4.29e-145	509
Ga0393518_67_49_330	CP000240.1:1375773-1376055|CDS|CYB_1311	91.103	281	25	0	1	281	1	281	2.38e-110	395
Ga0393518_67_611_2437	CP000239.1:582702-584529|CDS|CYA_0569	100.000	1827	0	0	1	1827	1	1827	0.0	3296
Ga0393518_67_611_2437	CP000240.1:1373767-1375492|CDS|CYB_1310	85.607	1723	248	0	105	1827	3	1725	0.0	1990
Ga0393518_67_2485_3264	CP000239.1:581830-582655|CDS|CYA_0568	99.872	780	1	0	1	780	46	825	0.0	1403
Ga0393518_67_2485_3264	CP000240.1:1372686-1373607|CDS|CYB_1309	84.585	759	113	2	1	757	142	898	0.0	837
Ga0393518_68_99_476	CP000239.1:1762155-1762494|CDS|CYA_1756	100.000	339	0	0	40	378	1	339	6.67e-176	612
Ga0393518_68_99_476	CP000240.1:218004-218367|CDS|CYB_0207	86.129	310	43	0	59	368	20	329	1.57e-101	366
Ga0393518_68_469_1959	CP000239.1:1760672-1762163|CDS|CYA_1755	99.732	1491	4	0	1	1491	1	1491	0.0	2672
Ga0393518_68_469_1959	CP000240.1:218359-219832|CDS|CYB_0208	82.273	1478	254	3	15	1491	3	1473	0.0	1479
Ga0393518_68_1943_2347	CP000239.1:1760284-1760671|CDS|CYA_1754	100.000	387	0	0	19	405	1	387	0.0	699
Ga0393518_68_1943_2347	CP000240.1:219833-220220|CDS|CYB_0209	85.146	377	56	0	29	405	11	387	1.69e-120	428
Ga0393518_68_2344_2595	CP000239.1:1760036-1760288|CDS|CYA_1753	100.000	252	0	0	1	252	1	252	7.33e-129	455
Ga0393518_68_2344_2595	CP000240.1:220216-220468|CDS|CYB_0210	86.853	251	33	0	1	251	1	251	2.92e-83	305
Ga0393518_68_2607_2888	CP000239.1:1759743-1760025|CDS|CYA_1752	100.000	282	0	0	1	282	1	282	4.29e-145	509
Ga0393518_68_2607_2888	CP000240.1:220487-220769|CDS|CYB_0211	90.071	282	28	0	1	282	1	282	4.30e-107	383
Ga0393518_69_1326_2384	CP000240.1:55506-56598|CDS|CYB_0044	91.547	1041	73	1	1	1041	64	1089	0.0	1490
Ga0393518_69_1326_2384	CP000239.1:633055-634186|CDS|CYA_0623	92.105	1026	81	0	1	1026	88	1113	0.0	1486
Ga0393518_69_2615_3160	CP000240.1:56765-58055|CDS|CYB_0045	96.337	546	20	0	1	546	745	1290	0.0	895
Ga0393518_69_2615_3160	CP000239.1:634312-635602|CDS|CYA_0624	84.672	548	80	2	1	546	745	1290	1.46e-173	605
Ga0393518_70_712_1314	CP000239.1:1104813-1105416|CDS|CYA_1083	100.000	603	0	0	1	603	1	603	0.0	1088
Ga0393518_70_712_1314	CP000240.1:2045912-2046455|CDS|CYB_1950	83.942	548	78	2	1	547	1	539	1.02e-169	592
Ga0393518_71_226_441	CP000239.1:703720-704017|CDS|CYA_0696	87.838	222	21	1	1	216	76	297	2.81e-76	280
Ga0393518_71_422_1516	CP000239.1:2025295-2026390|CDS|CYA_2009	99.909	1095	1	0	1	1095	1	1095	0.0	1971
Ga0393518_71_422_1516	CP000240.1:3000587-3001670|CDS|CYB_2901	80.731	1095	197	4	1	1094	1	1082	0.0	1019
Ga0393518_71_422_1516	CP000239.1:703997-704966|CDS|CYA_0697	81.818	924	157	3	1	923	1	914	0.0	906
Ga0393518_72_1769_2020	CP000239.1:2608813-2609137|CDS|CYA_2584	100.000	252	0	0	1	252	73	324	7.33e-129	455
Ga0393518_72_1769_2020	CP000240.1:2477689-2477944|CDS|CYB_2372	82.353	255	42	1	1	252	1	255	1.33e-68	256
Ga0393518_72_2157_2366	CP000239.1:2609201-2609414|CDS|CYA_2585	100.000	210	0	0	1	210	4	213	3.78e-106	379
Ga0393518_74_233_1819	CP000239.1:2028490-2030812|CDS|CYA_2013	97.290	1587	43	0	1	1587	736	2322	0.0	2669
Ga0393518_74_233_1819	CP000240.1:2908803-2911317|CDS|CYB_2808	89.071	1583	173	0	1	1583	928	2510	0.0	2076
Ga0393518_75_450_1493	CP000239.1:554248-555292|CDS|CYA_0542	99.808	1044	2	0	1	1044	1	1044	0.0	1874
Ga0393518_75_450_1493	CP000240.1:2358883-2359927|CDS|CYB_2257	90.307	1042	101	0	1	1042	1	1042	0.0	1425
Ga0393518_76_1_378	CP000239.1:555610-556906|CDS|CYA_0543	99.735	378	1	0	1	378	919	1296	0.0	678
Ga0393518_76_1_378	CP000240.1:2360254-2361550|CDS|CYB_2258	87.831	378	46	0	1	378	919	1296	1.21e-134	475
Ga0393518_76_491_598	CP000239.1:557018-557126|CDS|CYA_0544	100.000	108	0	0	1	108	1	108	4.11e-51	196
Ga0393518_76_491_598	CP000240.1:2361657-2361765|CDS|CYB_2259	87.963	108	13	0	1	108	1	108	3.37e-33	137
Ga0393518_77_477_2252	CP000239.1:2675505-2677509|CDS|CYA_2659	99.944	1776	1	0	1	1776	229	2004	0.0	3199
Ga0393518_77_477_2252	CP000240.1:2517516-2519619|CDS|CYB_2421	90.280	1749	170	0	1	1749	319	2067	0.0	2388
Ga0393518_78_537_797	CP000239.1:604691-604997|CDS|CYA_0593	100.000	261	0	0	1	261	46	306	9.91e-134	471
Ga0393518_78_537_797	CP000240.1:2583458-2583764|CDS|CYB_2487	90.038	261	26	0	1	261	46	306	1.92e-98	354
Ga0393518_78_822_2012	CP000239.1:605021-606212|CDS|CYA_0594	100.000	1191	0	0	1	1191	1	1191	0.0	2149
Ga0393518_78_822_2012	CP000240.1:2583791-2584970|CDS|CYB_2488	85.588	1131	163	0	1	1131	1	1131	0.0	1306
Ga0393518_79_1185_1958	CP000240.1:1471669-1472485|CDS|CYB_1403	87.203	758	97	0	1	758	1	758	0.0	930
Ga0393518_79_1185_1958	CP000239.1:2211841-2212657|CDS|CYA_2193	85.752	758	108	0	1	758	1	758	0.0	881
Ga0393518_81_23_1015	CP000239.1:2685874-2686795|CDS|CYA_2670	100.000	921	0	0	73	993	1	921	0.0	1662
Ga0393518_81_23_1015	CP000240.1:2268251-2269172|CDS|CYB_2165	88.491	921	106	0	73	993	1	921	0.0	1184
Ga0393518_81_1226_1576	CP000239.1:2685241-2685592|CDS|CYA_2668	99.715	351	1	0	1	351	1	351	0.0	629
Ga0393518_81_1226_1576	CP000240.1:2267645-2268005|CDS|CYB_2164	82.778	360	53	2	1	351	1	360	1.19e-102	370
