Ga0393488_01_406_795	CP000240.1:1293728-1294613|CDS|CYB_1246	98.974	390	4	0	1	390	496	885	0.0	686
Ga0393488_01_1164_2318	CP000240.1:95175-96330|CDS|CYB_0081	97.662	1155	27	0	1	1155	1	1155	0.0	1962
Ga0393488_01_1164_2318	CP000240.1:269596-270751|CDS|CYB_0258	96.623	1155	39	0	1	1155	1	1155	0.0	1908
Ga0393488_01_1164_2318	CP000240.1:1235562-1236717|CDS|CYB_1195	96.277	1155	43	0	1	1155	1	1155	0.0	1890
Ga0393488_01_1164_2318	CP000240.1:559712-560867|CDS|CYB_0548	96.190	1155	44	0	1	1155	1	1155	0.0	1885
Ga0393488_01_1164_2318	CP000240.1:2789871-2791026|CDS|CYB_2701	95.844	1155	48	0	1	1155	1	1155	0.0	1867
Ga0393488_01_1164_2318	CP000240.1:2745261-2746416|CDS|CYB_2657	95.844	1155	48	0	1	1155	1	1155	0.0	1867
Ga0393488_01_1164_2318	CP000240.1:1824951-1826106|CDS|CYB_1742	95.325	1155	54	0	1	1155	1	1155	0.0	1840
Ga0393488_01_2453_4141	CP000240.1:1295152-1296829|CDS|CYB_1248	97.069	1672	49	0	13	1684	1	1672	0.0	2795
Ga0393488_01_2453_4141	CP000239.1:210132-211803|CDS|CYA_0206	84.707	1674	246	2	13	1684	1	1666	0.0	1865
Ga0393488_01_4179_5027	CP000240.1:1296878-1297727|CDS|CYB_1249	99.058	849	8	0	1	849	1	849	0.0	1496
Ga0393488_01_5212_7656	CP000240.1:1297935-1300380|CDS|CYB_1250	96.973	2445	74	0	1	2445	1	2445	0.0	4076
Ga0393488_01_7867_9738	CP000240.1:1300590-1302462|CDS|CYB_1251	97.597	1873	43	2	1	1872	1	1872	0.0	3168
Ga0393488_01_7867_9738	CP000239.1:211883-213749|CDS|CYA_0207	84.288	1833	288	0	1	1833	1	1833	0.0	2008
Ga0393488_01_10857_15464	CP000240.1:1303585-1308193|CDS|CYB_1253	99.087	4600	39	1	1	4597	1	4600	0.0	8105
Ga0393488_01_10857_15464	CP000239.1:2721144-2725752|CDS|CYA_2704	86.871	4608	605	0	1	4608	1	4608	0.0	5583
Ga0393488_01_15567_16658	CP000240.1:1308297-1309389|CDS|CYB_1254	96.703	1092	36	0	1	1092	1	1092	0.0	1808
Ga0393488_01_15567_16658	CP000239.1:2719953-2721045|CDS|CYA_2703	88.828	1092	122	0	1	1092	1	1092	0.0	1420
Ga0393488_01_16706_18181	CP000240.1:1309436-1310912|CDS|CYB_1255	99.187	1476	12	0	1	1476	1	1476	0.0	2608
Ga0393488_01_16706_18181	CP000239.1:2718425-2719907|CDS|CYA_2702	85.637	1483	201	5	1	1474	1	1480	0.0	1703
Ga0393488_01_18295_20184	CP000240.1:1310953-1312915|CDS|CYB_1256	97.937	1890	39	0	1	1890	73	1962	0.0	3233
Ga0393488_01_20287_21705	CP000240.1:1313017-1314289|CDS|CYB_1257	99.686	1274	2	1	1	1274	1	1272	0.0	2278
Ga0393488_01_21635_22807	CP000240.1:1314363-1315503|CDS|CYB_1258	97.632	1140	27	0	34	1173	1	1140	0.0	1935
Ga0393488_01_21635_22807	CP000239.1:2715284-2716424|CDS|CYA_2700	84.035	1140	182	0	34	1173	1	1140	0.0	1236
Ga0393488_01_23784_24992	CP000240.1:1317827-1319036|CDS|CYB_1261	98.346	1209	20	0	1	1209	1	1209	0.0	2091
Ga0393488_01_23784_24992	CP000239.1:1226616-1227825|CDS|CYA_1215	87.083	1200	155	0	1	1200	1	1200	0.0	1466
Ga0393488_01_25272_26468	CP000240.1:1319039-1320236|CDS|CYB_1262	98.997	1197	12	0	1	1197	1	1197	0.0	2105
Ga0393488_01_25272_26468	CP000239.1:1227847-1229044|CDS|CYA_1216	87.719	1197	147	0	1	1197	1	1197	0.0	1497
Ga0393488_01_26695_28008	CP000240.1:1320402-1321782|CDS|CYB_1263	98.174	1314	24	0	1	1314	67	1380	0.0	2262
Ga0393488_01_26695_28008	CP000239.1:1229209-1230589|CDS|CYA_1217	85.910	1313	185	0	2	1314	68	1380	0.0	1535
Ga0393488_01_28032_28496	CP000240.1:1321805-1322270|CDS|CYB_1264	100.000	465	0	0	1	465	1	465	0.0	839
Ga0393488_01_28032_28496	CP000239.1:1230624-1231089|CDS|CYA_1218	87.965	457	55	0	1	457	1	457	5.99e-165	577
Ga0393488_01_28585_29841	CP000240.1:1322409-1323615|CDS|CYB_1265	97.678	1206	28	0	52	1257	1	1206	0.0	2049
Ga0393488_01_29853_30455	CP000240.1:1323626-1324229|CDS|CYB_1266	99.337	603	4	0	1	603	1	603	0.0	1070
Ga0393488_01_29853_30455	CP000239.1:1231274-1231877|CDS|CYA_1219	86.258	604	81	2	1	603	1	603	0.0	709
Ga0393488_01_30554_31813	CP000240.1:1324327-1325515|CDS|CYB_1267	97.643	1188	28	0	73	1260	1	1188	0.0	2017
Ga0393488_01_31922_32797	CP000240.1:1325695-1326781|CDS|CYB_1268	98.737	871	11	0	6	876	216	1086	0.0	1522
Ga0393488_01_31922_32797	CP000239.1:1231948-1233025|CDS|CYA_1220	87.836	855	104	0	3	857	207	1061	0.0	1074
Ga0393488_02_641_1420	CP000240.1:761606-762362|CDS|CYB_0738	99.471	756	4	0	25	780	1	756	0.0	1346
Ga0393488_02_641_1420	CP000239.1:2067061-2067805|CDS|CYA_2048	86.285	751	91	3	25	775	1	739	0.0	888
Ga0393488_02_1451_2860	CP000240.1:762416-764204|CDS|CYB_0739	99.078	1410	13	0	1	1410	379	1788	0.0	2485
Ga0393488_02_1451_2860	CP000239.1:2067864-2069631|CDS|CYA_2049	85.957	1410	177	4	1	1410	379	1767	0.0	1652
Ga0393488_02_3495_4967	CP000240.1:764460-765933|CDS|CYB_0740	97.488	1473	37	0	1	1473	1	1473	0.0	2490
Ga0393488_02_3495_4967	CP000239.1:2069889-2071383|CDS|CYA_2050	83.553	1441	237	0	7	1447	22	1462	0.0	1531
Ga0393488_02_5212_5481	CP000240.1:766177-766447|CDS|CYB_0741	100.000	270	0	0	1	270	1	270	1.34e-138	488
Ga0393488_02_5212_5481	CP000239.1:2071509-2071779|CDS|CYA_2051	88.148	270	32	0	1	270	1	270	3.60e-95	343
Ga0393488_02_5558_5983	CP000240.1:766523-766949|CDS|CYB_0742	98.592	426	6	0	1	426	1	426	0.0	742
Ga0393488_02_5558_5983	CP000239.1:2071839-2072247|CDS|CYA_2052	81.657	338	62	0	1	338	1	338	3.69e-91	331
Ga0393488_02_6269_6634	CP000240.1:767235-767994|CDS|CYB_0743	99.454	366	2	0	1	366	394	759	0.0	652
Ga0393488_02_6269_6634	CP000239.1:2072404-2073154|CDS|CYA_2053	85.714	364	52	0	1	364	385	748	6.46e-119	423
Ga0393488_02_6639_7019	CP000240.1:767235-767994|CDS|CYB_0743	97.638	381	8	1	1	381	10	389	0.0	644
Ga0393488_02_6639_7019	CP000239.1:2072404-2073154|CDS|CYA_2053	82.940	381	64	1	1	381	1	380	3.99e-109	391
Ga0393488_02_7063_7344	CP000240.1:768030-768312|CDS|CYB_0744	98.227	282	5	0	1	282	1	282	4.90e-138	487
Ga0393488_02_7063_7344	CP000239.1:2073206-2073488|CDS|CYA_2054	81.522	276	51	0	1	276	1	276	2.38e-72	269
Ga0393488_02_7341_8276	CP000240.1:768308-769244|CDS|CYB_0745	98.504	936	14	0	1	936	1	936	0.0	1626
Ga0393488_02_7341_8276	CP000239.1:2073484-2074417|CDS|CYA_2055	87.927	936	110	1	1	936	1	933	0.0	1177
Ga0393488_02_8443_9204	CP000240.1:769400-770162|CDS|CYB_0746	99.081	762	7	0	1	762	1	762	0.0	1343
Ga0393488_02_8443_9204	CP000239.1:2074538-2075300|CDS|CYA_2056	82.869	753	129	0	10	762	10	762	0.0	777
Ga0393488_02_9449_10303	CP000240.1:770420-771275|CDS|CYB_0747	94.971	855	43	0	1	855	1	855	0.0	1349
Ga0393488_02_9449_10303	CP000239.1:2075576-2076425|CDS|CYA_2057	81.740	816	148	1	25	840	19	833	0.0	797
Ga0393488_02_10300_11082	CP000240.1:771271-772054|CDS|CYB_0748	95.785	783	33	0	1	783	1	783	0.0	1264
Ga0393488_02_10300_11082	CP000239.1:2076421-2077198|CDS|CYA_2058	85.676	754	108	0	1	754	1	754	0.0	874
Ga0393488_02_11181_12590	CP000240.1:772179-773562|CDS|CYB_0749	95.083	1383	68	0	28	1410	1	1383	0.0	2188
Ga0393488_02_11181_12590	CP000239.1:2077342-2078725|CDS|CYA_2059	86.608	1359	180	2	28	1385	1	1358	0.0	1624
Ga0393488_02_12754_14082	CP000240.1:773670-774939|CDS|CYB_0750	98.109	1269	24	0	61	1329	1	1269	0.0	2181
Ga0393488_02_12754_14082	CP000239.1:2078860-2080132|CDS|CYA_2060	83.874	1265	204	0	61	1325	1	1265	0.0	1362
Ga0393488_02_14316_14453	CP000240.1:775172-775310|CDS|CYB_0751	99.275	138	1	0	1	138	1	138	1.22e-65	245
Ga0393488_02_14644_15612	CP000240.1:775404-776481|CDS|CYB_0752	97.404	963	25	0	1	963	97	1059	0.0	1625
Ga0393488_02_14644_15612	CP000239.1:820042-821119|CDS|CYA_0809	83.403	958	153	2	1	955	106	1060	0.0	1008
Ga0393488_02_15713_15988	CP000240.1:776568-776844|CDS|CYB_0753	99.638	276	1	0	1	276	1	276	3.22e-140	494
Ga0393488_02_15713_15988	CP000239.1:817917-818223|CDS|CYA_0806	83.643	269	44	0	1	269	31	299	2.48e-78	288
Ga0393488_02_16052_16384	CP000240.1:776907-777240|CDS|CYB_0754	100.000	333	0	0	1	333	1	333	1.06e-172	601
Ga0393488_02_16052_16384	CP000239.1:817527-817860|CDS|CYA_0805	80.000	295	59	0	24	318	24	318	9.95e-72	267
Ga0393488_02_16538_17260	CP000240.1:777393-778116|CDS|CYB_0755	98.340	723	12	0	1	723	1	723	0.0	1251
Ga0393488_02_16538_17260	CP000239.1:816710-817436|CDS|CYA_0804	83.193	714	120	0	1	714	1	714	0.0	747
Ga0393488_02_17257_17484	CP000240.1:778112-778340|CDS|CYB_0756	98.684	228	3	0	1	228	1	228	1.54e-111	398
Ga0393488_02_17738_18811	CP000240.1:778411-779665|CDS|CYB_0757	97.577	1073	26	0	1	1073	1	1073	0.0	1819
Ga0393488_02_17738_18811	CP000239.1:1266980-1268219|CDS|CYA_1254	87.873	1072	127	1	1	1072	1	1069	0.0	1346
Ga0393488_02_18971_20083	CP000240.1:779824-780937|CDS|CYB_0758	92.902	1113	79	0	1	1113	1	1113	0.0	1652
Ga0393488_03_504_1223	CP000240.1:2046847-2047522|CDS|CYB_1951	99.852	675	1	0	46	720	1	675	0.0	1214
Ga0393488_03_504_1223	CP000239.1:1105628-1106477|CDS|CYA_1084	69.323	753	141	13	4	705	112	825	1.23e-93	340
Ga0393488_03_7650_8117	CP000240.1:1446804-1447272|CDS|CYB_1376	99.573	468	2	0	1	468	1	468	0.0	836
Ga0393488_03_7650_8117	CP000239.1:2309628-2310096|CDS|CYA_2305	86.463	458	62	0	1	458	1	458	2.92e-156	547
Ga0393488_03_8341_10581	CP000240.1:1444118-1446581|CDS|CYB_1375	99.777	2241	5	0	1	2241	223	2463	0.0	4020
Ga0393488_03_8341_10581	CP000239.1:2307196-2309632|CDS|CYA_2306	85.618	2232	314	5	2	2229	200	2428	0.0	2562
Ga0393488_03_11273_12109	CP000240.1:1442815-1443910|CDS|CYB_1374	90.323	837	81	0	1	837	259	1095	0.0	1145
Ga0393488_03_11273_12109	CP000239.1:2305895-2306984|CDS|CYA_2304	87.198	828	106	0	1	828	253	1080	0.0	1016
Ga0393488_03_12203_12406	CP000240.1:1442517-1442721|CDS|CYB_1373	94.608	204	11	0	1	204	1	204	1.05e-87	319
Ga0393488_03_12203_12406	CP000239.1:1341405-1341609|CDS|CYA_1326	90.594	202	19	0	1	202	1	202	9.21e-76	279
Ga0393488_03_12617_12748	CP000240.1:1442183-1442315|CDS|CYB_1372	99.242	132	1	0	1	132	1	132	2.09e-62	234
Ga0393488_03_12617_12748	CP000239.1:1341083-1341215|CDS|CYA_1325	90.000	130	13	0	1	130	1	130	4.92e-45	177
Ga0393488_03_12775_13644	CP000240.1:1441287-1442145|CDS|CYB_1371	98.601	858	12	0	13	870	1	858	0.0	1494
Ga0393488_03_12775_13644	CP000239.1:1340187-1341045|CDS|CYA_1324	85.246	854	124	2	13	865	1	853	0.0	966
Ga0393488_03_13648_14292	CP000240.1:1440738-1441284|CDS|CYB_1370	99.634	546	2	0	100	645	1	546	0.0	976
Ga0393488_03_13648_14292	CP000239.1:1339536-1340181|CDS|CYA_1323	90.824	643	59	0	1	643	1	643	0.0	894
Ga0393488_03_14424_14987	CP000240.1:1439944-1440508|CDS|CYB_1369	97.872	564	12	0	1	564	1	564	0.0	964
Ga0393488_03_14424_14987	CP000239.1:1338792-1339422|CDS|CYA_1322	89.408	557	59	0	1	557	70	626	0.0	739
Ga0393488_03_15189_17549	CP000240.1:1437379-1439743|CDS|CYB_1368	98.393	2364	35	1	1	2361	1	2364	0.0	4091
Ga0393488_03_15189_17549	CP000239.1:1336314-1338645|CDS|CYA_1321	84.327	2348	349	6	16	2361	1	2331	0.0	2566
Ga0393488_03_17801_18115	CP000240.1:1436813-1437128|CDS|CYB_1367	99.683	315	1	0	1	315	1	315	2.50e-161	564
Ga0393488_03_17801_18115	CP000239.1:1146147-1146600|CDS|CYA_1119	82.918	281	48	0	25	305	163	443	2.35e-79	291
Ga0393488_03_18700_19128	CP000240.1:1435802-1436294|CDS|CYB_1365	97.430	428	11	0	2	429	65	492	0.0	723
Ga0393488_03_18700_19128	CP000239.1:1145281-1145773|CDS|CYA_1118	84.461	399	56	1	2	394	65	463	2.85e-124	442
Ga0393488_04_691_1977	CP000240.1:319736-321023|CDS|CYB_0306	99.223	1287	10	0	1	1287	1	1287	0.0	2277
Ga0393488_04_2473_4626	CP000240.1:317060-319277|CDS|CYB_0304	94.239	2135	123	0	1	2135	61	2195	0.0	3296
Ga0393488_04_2473_4626	CP000239.1:527197-529402|CDS|CYA_0510	81.780	2146	385	1	2	2147	62	2201	0.0	2109
Ga0393488_04_4858_5181	CP000240.1:316539-316863|CDS|CYB_0302	97.840	324	7	0	1	324	1	324	4.67e-158	554
Ga0393488_04_4858_5181	CP000239.1:529493-529808|CDS|CYA_0511	88.509	322	28	1	1	322	1	313	2.42e-117	418
Ga0393488_04_5428_8166	CP000240.1:313554-316293|CDS|CYB_0301	96.933	2739	84	0	1	2739	1	2739	0.0	4562
Ga0393488_04_5428_8166	CP000239.1:530062-532801|CDS|CYA_0512	86.189	2737	378	0	1	2737	1	2737	0.0	3232
Ga0393488_04_8337_8762	CP000239.1:532954-533377|CDS|CYA_0513	90.610	426	37	1	1	426	1	423	3.02e-168	587
Ga0393488_04_8759_9268	CP000239.1:533421-533835|CDS|CYA_0515	82.160	426	61	1	49	474	1	411	1.46e-122	435
Ga0393488_04_9258_10079	CP000240.1:311918-312731|CDS|CYB_0300	95.322	791	37	0	1	791	1	791	0.0	1260
Ga0393488_04_9258_10079	CP000239.1:533974-534796|CDS|CYA_0516	87.961	814	98	0	1	814	1	814	0.0	1027
Ga0393488_04_10406_10960	CP000240.1:310590-311592|CDS|CYB_0299	99.640	555	1	1	1	555	1	554	0.0	989
Ga0393488_04_10406_10960	CP000239.1:535115-536117|CDS|CYA_0519	87.207	555	70	1	1	555	1	554	0.0	678
Ga0393488_04_10914_11408	CP000240.1:310590-311592|CDS|CYB_0299	98.182	495	9	0	1	495	508	1002	0.0	853
Ga0393488_04_10914_11408	CP000239.1:535115-536117|CDS|CYA_0519	86.869	495	65	0	1	495	508	1002	5.60e-172	600
Ga0393488_04_11665_13251	CP000240.1:308750-310337|CDS|CYB_0298	97.858	1587	34	0	1	1587	1	1587	0.0	2709
Ga0393488_04_11665_13251	CP000239.1:536337-537918|CDS|CYA_0520	88.183	1574	180	1	1	1574	1	1568	0.0	2002
Ga0393488_04_13443_13622	CP000240.1:308379-308559|CDS|CYB_0297	100.000	180	0	0	1	180	1	180	6.13e-90	325
Ga0393488_04_13443_13622	CP000239.1:538112-538292|CDS|CYA_0521	83.333	180	30	0	1	180	1	180	3.18e-49	190
Ga0393488_05_252_476	CP000240.1:2711789-2712014|CDS|CYB_2618	100.000	225	0	0	1	225	1	225	2.94e-114	407
Ga0393488_05_252_476	CP000239.1:1180725-1180950|CDS|CYA_1157	89.778	225	23	0	1	225	1	225	9.01e-83	303
Ga0393488_05_500_1480	CP000239.1:1179715-1180696|CDS|CYA_1156	84.908	974	147	0	1	974	1	974	0.0	1095
Ga0393488_05_1638_2582	CP000240.1:2713441-2714329|CDS|CYB_2621	98.311	888	15	0	58	945	1	888	0.0	1535
Ga0393488_05_1638_2582	CP000239.1:1178650-1179544|CDS|CYA_1155	79.556	900	166	3	58	945	1	894	0.0	797
Ga0393488_05_2604_3596	CP000240.1:2714416-2715556|CDS|CYB_2622	99.288	983	7	0	1	983	157	1139	0.0	1742
Ga0393488_05_2604_3596	CP000239.1:1177431-1178553|CDS|CYA_1154	83.958	960	154	0	7	966	163	1122	0.0	1038
Ga0393488_05_3846_4298	CP000240.1:2715649-2716102|CDS|CYB_2623	98.455	453	7	0	1	453	1	453	0.0	786
Ga0393488_05_3846_4298	CP000239.1:1176915-1177371|CDS|CYA_1153	83.700	454	68	1	1	448	1	454	8.10e-138	487
Ga0393488_05_4512_5081	CP000240.1:2716342-2716912|CDS|CYB_2624	99.121	569	5	0	1	569	1	569	0.0	1004
Ga0393488_05_5319_7205	CP000240.1:2717149-2719069|CDS|CYB_2625	97.401	1885	49	0	3	1887	36	1920	0.0	3179
Ga0393488_05_5319_7205	CP000239.1:1047275-1049177|CDS|CYA_1030	82.717	1892	295	4	3	1887	36	1902	0.0	1949
Ga0393488_05_7260_8288	CP000240.1:2719084-2720125|CDS|CYB_2626	97.182	1029	29	0	1	1029	13	1041	0.0	1726
Ga0393488_05_7260_8288	CP000239.1:1046249-1047260|CDS|CYA_1029	80.388	1030	170	4	1	1029	13	1011	0.0	958
Ga0393488_05_8389_8832	CP000240.1:2720213-2720657|CDS|CYB_2627	99.099	444	4	0	1	444	1	444	0.0	783
Ga0393488_05_8389_8832	CP000239.1:1045717-1046161|CDS|CYA_1028	87.613	444	55	0	1	444	1	444	6.50e-158	554
Ga0393488_05_9112_9615	CP000240.1:2720920-2721424|CDS|CYB_2628	97.619	504	12	0	1	504	1	504	0.0	856
Ga0393488_05_9112_9615	CP000239.1:1044862-1045273|CDS|CYA_1027	88.452	407	47	0	94	500	1	407	1.26e-148	523
Ga0393488_05_9665_10468	CP000240.1:2721473-2722277|CDS|CYB_2629	98.383	804	13	0	1	804	1	804	0.0	1392
Ga0393488_05_9665_10468	CP000239.1:1044009-1044813|CDS|CYA_1026	84.328	804	126	0	1	804	1	804	0.0	883
Ga0393488_05_11337_12017	CP000240.1:2723145-2723826|CDS|CYB_2631	97.504	681	17	0	1	681	1	681	0.0	1152
Ga0393488_05_11337_12017	CP000239.1:1042832-1043561|CDS|CYA_1024	85.544	671	96	1	12	681	54	724	0.0	770
Ga0393488_05_12054_12323	CP000240.1:2723862-2724132|CDS|CYB_2632	97.778	270	6	0	1	270	1	270	1.86e-130	461
Ga0393488_05_12054_12323	CP000239.1:1042529-1042799|CDS|CYA_1023	86.038	265	33	2	1	263	1	263	9.04e-84	306
Ga0393488_06_486_1859	CP000240.1:2350828-2352202|CDS|CYB_2245	99.563	1374	6	0	1	1374	1	1374	0.0	2452
Ga0393488_06_486_1859	CP000239.1:472534-473902|CDS|CYA_0457	89.116	1369	143	2	1	1369	1	1363	0.0	1794
Ga0393488_06_2069_3769	CP000240.1:2348918-2350535|CDS|CYB_2244	97.588	1617	39	0	85	1701	1	1617	0.0	2741
Ga0393488_06_2069_3769	CP000239.1:2264430-2266038|CDS|CYA_2256	83.614	1605	261	2	85	1688	1	1604	0.0	1702
Ga0393488_06_3776_4306	CP000240.1:2348390-2348912|CDS|CYB_2243	97.701	522	12	0	10	531	1	522	0.0	888
Ga0393488_06_3776_4306	CP000239.1:254427-254949|CDS|CYA_0251	88.086	512	61	0	10	521	1	512	0.0	649
Ga0393488_06_4874_6064	CP000240.1:2346623-2347814|CDS|CYB_2241	99.076	1191	11	0	1	1191	1	1191	0.0	2099
Ga0393488_06_4874_6064	CP000239.1:1786384-1787563|CDS|CYA_1785	86.734	1191	146	1	1	1191	1	1179	0.0	1443
Ga0393488_06_6135_6746	CP000240.1:2345662-2346151|CDS|CYB_2239	98.364	489	8	0	124	612	1	489	0.0	847
Ga0393488_06_6135_6746	CP000239.1:1787606-1788275|CDS|CYA_1786	80.776	567	105	2	38	602	95	659	1.27e-149	526
Ga0393488_06_6836_7324	CP000240.1:2345084-2345573|CDS|CYB_2238	98.364	489	8	0	1	489	1	489	0.0	847
Ga0393488_06_6836_7324	CP000239.1:1788360-1788864|CDS|CYA_1787	84.646	495	67	2	1	486	1	495	8.77e-157	550
Ga0393488_06_7333_8244	CP000240.1:2344164-2345076|CDS|CYB_2237	98.465	912	14	0	1	912	1	912	0.0	1582
Ga0393488_06_7333_8244	CP000239.1:1788916-1789828|CDS|CYA_1788	83.556	900	143	4	13	911	16	911	0.0	943
Ga0393488_06_8454_9254	CP000240.1:2343335-2344115|CDS|CYB_2236	96.923	780	24	0	22	801	1	780	0.0	1299
Ga0393488_06_8454_9254	CP000239.1:1789886-1790675|CDS|CYA_1789	82.522	801	128	3	1	801	1	789	0.0	811
Ga0393488_06_9763_11799	CP000240.1:2340848-2342864|CDS|CYB_2234	97.295	1959	52	1	79	2037	1	1958	0.0	3291
Ga0393488_06_9763_11799	CP000239.1:1790927-1792973|CDS|CYA_1791	82.455	1955	336	3	77	2028	53	2003	0.0	1973
Ga0393488_07_4196_5422	CP000240.1:2238426-2239653|CDS|CYB_2141	99.919	1227	1	0	1	1227	1	1227	0.0	2209
Ga0393488_07_4196_5422	CP000239.1:1980444-1981671|CDS|CYA_1967	92.502	1227	92	0	1	1227	1	1227	0.0	1799
Ga0393488_07_5620_6762	CP000240.1:2239850-2240981|CDS|CYB_2142	98.939	1131	12	0	13	1143	1	1131	0.0	1986
Ga0393488_07_5620_6762	CP000239.1:1979153-1980284|CDS|CYA_1966	89.175	1127	122	0	13	1139	1	1127	0.0	1483
Ga0393488_07_6894_8957	CP000240.1:2241124-2243206|CDS|CYB_2143	97.022	2082	44	1	1	2064	1	2082	0.0	3488
Ga0393488_07_6894_8957	CP000239.1:1976914-1978981|CDS|CYA_1965	91.195	2067	179	1	1	2064	1	2067	0.0	2906
Ga0393488_07_9114_10541	CP000240.1:2243362-2245000|CDS|CYB_2144	98.249	1428	25	0	1	1428	211	1638	0.0	2463
Ga0393488_07_9114_10541	CP000239.1:1975120-1976758|CDS|CYA_1964	97.059	1428	42	0	1	1428	211	1638	0.0	2387
Ga0393488_08_482_820	CP000240.1:1420707-1421019|CDS|CYB_1351	100.000	312	0	0	28	339	1	312	2.71e-161	563
Ga0393488_08_482_820	CP000239.1:2267108-2267420|CDS|CYA_2258	98.065	310	6	0	28	337	1	310	4.59e-152	533
Ga0393488_08_874_1623	CP000240.1:1419904-1420654|CDS|CYB_1350	100.000	750	0	0	1	750	1	750	0.0	1353
Ga0393488_08_874_1623	CP000239.1:2267425-2268175|CDS|CYA_2259	85.027	748	112	0	1	748	1	748	0.0	845
Ga0393488_08_1796_2548	CP000240.1:1419041-1419602|CDS|CYB_1349	98.039	561	11	0	193	753	1	561	0.0	963
Ga0393488_08_1796_2548	CP000239.1:2268270-2269023|CDS|CYA_2260	76.184	739	161	3	18	753	27	753	7.11e-154	540
Ga0393488_08_2799_3785	CP000240.1:1417612-1418506|CDS|CYB_1348	96.980	894	27	0	94	987	1	894	0.0	1491
Ga0393488_08_3933_5492	CP000240.1:1415905-1417561|CDS|CYB_1347	94.295	1560	89	0	1	1560	97	1656	0.0	2413
Ga0393488_08_3933_5492	CP000239.1:800171-801692|CDS|CYA_0791	76.682	1561	323	10	1	1560	1	1521	0.0	1167
Ga0393488_08_5633_6619	CP000240.1:1414777-1415764|CDS|CYB_1346	96.555	987	34	0	1	987	1	987	0.0	1627
Ga0393488_08_5633_6619	CP000239.1:802084-803077|CDS|CYA_0793	83.704	988	159	2	1	987	7	993	0.0	1049
Ga0393488_08_6791_8242	CP000240.1:1413154-1414633|CDS|CYB_1345	99.656	1452	5	0	1	1452	28	1479	0.0	2597
Ga0393488_08_6791_8242	CP000239.1:803158-804700|CDS|CYA_0794	80.267	1500	243	11	1	1451	46	1541	0.0	1370
Ga0393488_08_8352_9110	CP000240.1:1412286-1413045|CDS|CYB_1344	99.078	759	7	0	1	759	1	759	0.0	1338
Ga0393488_08_8352_9110	CP000239.1:804795-805575|CDS|CYA_0795	83.117	770	112	4	1	752	1	770	0.0	801
Ga0393488_09_334_2262	CP000240.1:2121154-2123083|CDS|CYB_2016	97.875	1929	41	0	1	1929	1	1929	0.0	3295
Ga0393488_09_334_2262	CP000239.1:1936844-1938779|CDS|CYA_1925	90.189	1906	187	0	1	1906	1	1906	0.0	2595
Ga0393488_09_2440_3144	CP000240.1:2123137-2123965|CDS|CYB_2017	98.582	705	10	0	1	705	124	828	0.0	1227
Ga0393488_09_3188_3664	CP000240.1:2124008-2124485|CDS|CYB_2018	96.646	477	16	0	1	477	1	477	0.0	789
Ga0393488_09_3661_3999	CP000240.1:2124481-2124820|CDS|CYB_2019	99.705	339	1	0	1	339	1	339	2.54e-174	608
Ga0393488_09_3661_3999	CP000239.1:2220164-2220512|CDS|CYA_2204	77.054	353	62	5	1	339	1	348	1.01e-71	267
Ga0393488_09_4042_4368	CP000240.1:2124862-2125189|CDS|CYB_2020	99.388	327	2	0	1	327	1	327	9.72e-167	581
Ga0393488_09_4042_4368	CP000239.1:2219796-2220123|CDS|CYA_2202	89.297	327	35	0	1	327	1	327	1.11e-121	433
Ga0393488_09_4476_5078	CP000240.1:2125296-2125899|CDS|CYB_2021	99.005	603	6	0	1	603	1	603	0.0	1061
Ga0393488_09_4476_5078	CP000239.1:2219055-2219643|CDS|CYA_2201	85.492	579	82	2	16	593	1	578	0.0	659
Ga0393488_09_5075_6151	CP000240.1:2126003-2126951|CDS|CYB_2023	96.941	948	29	0	109	1056	1	948	0.0	1580
Ga0393488_09_5075_6151	CP000239.1:2217988-2219059|CDS|CYA_2199	81.161	1051	178	5	34	1077	34	1071	0.0	999
Ga0393488_09_6127_6321	CP000240.1:2126947-2127142|CDS|CYB_2022	100.000	193	0	0	1	193	1	193	5.89e-97	349
Ga0393488_09_6127_6321	CP000239.1:2217818-2218007|CDS|CYA_2200	85.246	183	27	0	1	183	1	183	1.30e-54	209
Ga0393488_09_6581_6700	CP000240.1:2127281-2127521|CDS|CYB_2024	99.160	119	1	0	1	119	121	239	2.12e-55	211
Ga0393488_09_6581_6700	CP000239.1:2217436-2217676|CDS|CYA_2198	87.500	120	15	0	1	120	121	240	6.09e-37	150
Ga0393488_09_6786_7199	CP000240.1:2127611-2128025|CDS|CYB_2025	98.293	410	7	0	1	410	1	410	0.0	709
Ga0393488_09_6786_7199	CP000239.1:2216927-2217353|CDS|CYA_2197	73.239	426	102	1	1	414	1	426	5.32e-70	261
Ga0393488_09_7933_9147	CP000240.1:2130060-2131608|CDS|CYB_2028	99.588	1215	5	0	1	1215	334	1548	0.0	2169
Ga0393488_09_7933_9147	CP000239.1:2315835-2317419|CDS|CYA_2313	88.462	1196	138	0	1	1196	334	1529	0.0	1535
Ga0393488_10_97_522	CP000240.1:655132-655558|CDS|CYB_0645	99.531	426	2	0	1	426	1	426	0.0	760
Ga0393488_10_97_522	CP000239.1:2089021-2089474|CDS|CYA_2070	83.476	351	58	0	76	426	103	453	1.21e-103	372
Ga0393488_10_1074_2549	CP000240.1:656103-657579|CDS|CYB_0646	99.322	1476	10	0	1	1476	1	1476	0.0	2617
Ga0393488_10_1074_2549	CP000239.1:2089671-2091147|CDS|CYA_2071	87.534	1476	184	0	1	1476	1	1476	0.0	1833
Ga0393488_10_2709_4316	CP000240.1:657738-659346|CDS|CYB_0647	98.881	1608	18	0	1	1608	1	1608	0.0	2819
Ga0393488_10_2709_4316	CP000239.1:2091299-2092907|CDS|CYA_2072	91.719	1606	133	0	1	1606	1	1606	0.0	2297
Ga0393488_10_4435_6207	CP000240.1:659643-661440|CDS|CYB_0648	91.258	1773	155	0	1	1773	25	1797	0.0	2499
Ga0393488_10_4435_6207	CP000239.1:2093189-2094986|CDS|CYA_2073	87.986	1773	213	0	1	1773	25	1797	0.0	2238
Ga0393488_10_6542_8023	CP000240.1:661654-663232|CDS|CYB_0649	98.448	1482	23	0	1	1482	97	1578	0.0	2570
Ga0393488_10_6542_8023	CP000239.1:1461998-1463558|CDS|CYA_1457	84.485	1476	229	0	3	1478	81	1556	0.0	1630
Ga0393488_11_867_1760	CP000239.1:2801730-2802735|CDS|CYA_2782	91.834	894	73	0	1	894	112	1005	0.0	1284
Ga0393488_11_1915_3462	CP000239.1:2802735-2804442|CDS|CYA_2783	89.360	1532	163	0	1	1532	160	1691	0.0	2029
Ga0393488_11_3485_4177	CP000240.1:2571798-2572497|CDS|CYB_2476	97.547	693	17	0	1	693	7	699	0.0	1174
Ga0393488_11_4344_5714	CP000240.1:2572675-2574028|CDS|CYB_2477	98.373	1352	22	0	19	1370	1	1352	0.0	2340
Ga0393488_11_4344_5714	CP000239.1:2804597-2805950|CDS|CYA_2785	91.057	1353	121	0	19	1371	1	1353	0.0	1895
Ga0393488_11_5778_7028	CP000240.1:2574289-2575342|CDS|CYB_2478	97.531	1053	26	0	199	1251	1	1053	0.0	1783
Ga0393488_11_5778_7028	CP000239.1:2806201-2807254|CDS|CYA_2786	88.319	1053	123	0	199	1251	1	1053	0.0	1345
Ga0393488_11_7120_7641	CP000240.1:2575433-2575955|CDS|CYB_2479	99.808	522	1	0	1	522	1	522	0.0	938
Ga0393488_11_7120_7641	CP000239.1:960751-961249|CDS|CYA_0949	81.435	474	88	0	49	522	25	498	1.31e-129	459
Ga0393488_12_223_846	CP000240.1:355764-356694|CDS|CYB_0337	100.000	521	0	0	104	624	410	930	0.0	940
Ga0393488_12_223_846	CP000239.1:1004331-1005240|CDS|CYA_0991	84.854	515	78	0	104	618	392	906	2.33e-165	578
Ga0393488_12_871_1998	CP000240.1:356718-357846|CDS|CYB_0338	95.124	1128	55	0	1	1128	1	1128	0.0	1787
Ga0393488_12_871_1998	CP000239.1:1005260-1006382|CDS|CYA_0992	86.661	1087	145	0	23	1109	17	1103	0.0	1307
Ga0393488_12_2645_2896	CP000239.1:1715834-1716260|CDS|CYA_1707	88.571	245	28	0	1	245	169	413	4.63e-87	316
Ga0393488_12_2920_4080	CP000240.1:358766-360056|CDS|CYB_0340	98.105	1161	22	0	1	1161	130	1290	0.0	1995
Ga0393488_12_2920_4080	CP000239.1:1717993-1719319|CDS|CYA_1709	89.384	942	100	0	1	942	385	1326	0.0	1249
Ga0393488_12_4232_4654	CP000240.1:360078-361053|CDS|CYB_0341	95.745	423	18	0	1	423	553	975	0.0	682
Ga0393488_12_4232_4654	CP000239.1:1719051-1720002|CDS|CYA_1710	81.034	348	66	0	74	421	602	949	3.66e-91	331
Ga0393488_12_5554_6018	CP000240.1:361400-362072|CDS|CYB_0342	94.861	467	17	4	1	465	211	672	0.0	723
Ga0393488_12_5554_6018	CP000239.1:1720145-1720778|CDS|CYA_1711	75.599	459	82	4	1	456	193	624	1.16e-91	333
Ga0393488_12_6270_6977	CP000240.1:362119-362827|CDS|CYB_0343	96.434	701	25	0	1	701	1	701	0.0	1152
Ga0393488_12_6270_6977	CP000239.1:1720789-1721488|CDS|CYA_1712	79.009	686	135	2	1	686	1	677	5.14e-168	588
Ga0393488_12_6974_7402	CP000240.1:362823-363420|CDS|CYB_0344	99.534	429	2	0	1	429	169	597	0.0	765
Ga0393488_12_6974_7402	CP000239.1:1721508-1722021|CDS|CYA_1713	79.808	416	75	2	1	413	82	491	4.24e-103	371
Ga0393488_12_7456_7797	CP000239.1:1721995-1722337|CDS|CYA_1714	76.489	319	75	0	23	341	23	341	4.97e-63	238
Ga0393488_12_7888_8271	CP000240.1:364016-364817|CDS|CYB_0345	96.875	384	12	0	1	384	418	801	0.0	639
Ga0393488_12_7888_8271	CP000239.1:1722401-1723214|CDS|CYA_1715	76.757	370	86	0	7	376	418	787	5.24e-76	280
Ga0393488_13_1212_1565	CP000240.1:897783-898137|CDS|CYB_0864	98.588	354	5	0	1	354	1	354	5.11e-177	617
Ga0393488_13_2542_3900	CP000239.1:750970-752635|CDS|CYA_0743	76.493	1072	233	9	1	1067	163	1220	0.0	774
Ga0393488_13_4484_5107	CP000240.1:900868-901501|CDS|CYB_0869	93.997	633	29	1	1	624	1	633	0.0	975
Ga0393488_13_4484_5107	CP000239.1:752908-753541|CDS|CYA_0744	83.225	614	103	0	1	614	1	614	0.0	644
Ga0393488_13_5146_6528	CP000240.1:901539-902601|CDS|CYB_0870	94.821	1062	55	0	322	1383	1	1062	0.0	1668
Ga0393488_13_5146_6528	CP000239.1:753576-754698|CDS|CYA_0745	87.143	1120	144	0	262	1381	1	1120	0.0	1371
Ga0393488_13_6568_7848	CP000240.1:902950-904129|CDS|CYB_0872	97.878	1178	25	0	103	1280	1	1178	0.0	2012
Ga0393488_13_6568_7848	CP000239.1:754993-756178|CDS|CYA_0747	91.047	1184	106	0	97	1280	1	1184	0.0	1658
Ga0393488_14_1274_2344	CP000240.1:1132451-1133432|CDS|CYB_1098	96.942	981	30	0	91	1071	1	981	0.0	1635
Ga0393488_14_1274_2344	CP000239.1:1533206-1534283|CDS|CYA_1522	83.223	1061	172	2	1	1055	1	1061	0.0	1108
Ga0393488_14_2660_4042	CP000240.1:1130672-1132055|CDS|CYB_1096	98.988	1383	14	0	1	1383	1	1383	0.0	2432
Ga0393488_14_2660_4042	CP000239.1:1531692-1533054|CDS|CYA_1521	83.512	1304	215	0	13	1316	13	1316	0.0	1383
Ga0393488_14_4175_5311	CP000240.1:1129403-1130540|CDS|CYB_1095	99.472	1137	6	0	1	1137	1	1137	0.0	2024
Ga0393488_14_4175_5311	CP000239.1:1530409-1531546|CDS|CYA_1520	89.339	1135	121	0	1	1135	1	1135	0.0	1502
Ga0393488_14_5488_6099	CP000240.1:1128615-1129227|CDS|CYB_1094	99.510	612	3	0	1	612	1	612	0.0	1091
Ga0393488_14_5488_6099	CP000239.1:1529633-1530245|CDS|CYA_1519	87.745	612	75	0	1	612	1	612	0.0	766
Ga0393488_14_6498_7217	CP000240.1:1126684-1127458|CDS|CYB_1091	96.250	720	27	0	1	720	55	774	0.0	1177
Ga0393488_14_6498_7217	CP000240.1:2581305-2582079|CDS|CYB_2484	95.518	714	26	2	10	720	64	774	0.0	1141
Ga0393488_14_6498_7217	CP000240.1:86287-87061|CDS|CYB_0074	95.218	711	34	0	10	720	64	774	0.0	1130
Ga0393488_14_6498_7217	CP000240.1:2424097-2424871|CDS|CYB_2313	93.499	723	41	2	1	720	55	774	0.0	1089
Ga0393488_14_6498_7217	CP000240.1:544792-546037|CDS|CYB_0530	82.489	691	115	2	10	697	64	751	0.0	698
Ga0393488_14_6498_7217	CP000239.1:782540-783770|CDS|CYA_0777	76.496	702	156	3	1	696	55	753	7.76e-147	517
Ga0393488_14_6498_7217	CP000239.1:1966854-1968081|CDS|CYA_1956	76.211	702	158	3	1	696	55	753	4.02e-144	508
Ga0393488_15_165_1178	CP000240.1:2100626-2102354|CDS|CYB_1995	99.408	1014	6	0	1	1014	715	1728	0.0	1802
Ga0393488_15_165_1178	CP000239.1:1688039-1689731|CDS|CYA_1689	77.651	962	177	9	49	1000	757	1690	0.0	760
Ga0393488_15_1186_1917	CP000240.1:2099887-2100607|CDS|CYB_1994	91.655	719	60	0	13	731	1	719	0.0	1027
Ga0393488_15_1186_1917	CP000239.1:1689738-1690470|CDS|CYA_1690	89.330	731	78	0	1	731	1	731	0.0	967
Ga0393488_15_2046_2798	CP000240.1:2098811-2099780|CDS|CYB_1993	93.915	756	40	2	1	753	217	969	0.0	1153
Ga0393488_15_2046_2798	CP000239.1:1690554-1691523|CDS|CYA_1691	85.034	735	110	0	1	735	217	951	0.0	830
Ga0393488_15_3040_3750	CP000240.1:2098002-2098731|CDS|CYB_1992	94.796	711	30	2	7	711	1	710	0.0	1113
Ga0393488_15_3905_5629	CP000240.1:2096112-2097837|CDS|CYB_1991	97.855	1725	37	0	1	1725	1	1725	0.0	2945
Ga0393488_15_3905_5629	CP000239.1:1694020-1695745|CDS|CYA_1694	84.928	1725	260	0	1	1725	1	1725	0.0	1939
Ga0393488_15_5740_6873	CP000240.1:2094867-2096001|CDS|CYB_1990	98.060	1134	22	0	1	1134	1	1134	0.0	1947
Ga0393488_16_5144_5908	CP000239.1:198730-199495|CDS|CYA_0199	94.379	765	43	0	1	765	1	765	0.0	1187
Ga0393488_16_5144_5908	CP000240.1:1282594-1283350|CDS|CYB_1239	72.052	687	165	3	1	684	1	663	3.51e-107	385
Ga0393488_16_5965_7098	CP000239.1:197546-198674|CDS|CYA_0198	97.266	1134	25	1	1	1134	1	1128	0.0	1907
Ga0393488_16_5965_7098	CP000240.1:1281431-1282544|CDS|CYB_1238	75.348	1148	208	19	7	1124	4	1106	0.0	777
Ga0393488_17_345_941	CP000240.1:3023196-3024534|CDS|CYB_2925	93.300	597	38	2	1	596	1	596	0.0	890
Ga0393488_17_345_941	CP000240.1:2804325-2806095|CDS|CYB_2714	93.132	597	39	2	1	596	1	596	0.0	885
Ga0393488_17_345_941	CP000240.1:842717-843944|CDS|CYB_0814	92.965	597	40	2	1	596	1	596	0.0	881
Ga0393488_17_345_941	CP000240.1:260888-262250|CDS|CYB_0247	92.953	596	40	2	2	596	2	596	0.0	879
Ga0393488_17_345_941	CP000240.1:369858-371220|CDS|CYB_0353	92.797	597	41	2	1	596	1	596	0.0	876
Ga0393488_17_345_941	CP000240.1:532981-534160|CDS|CYB_0518	90.452	597	55	2	1	596	1	596	0.0	813
Ga0393488_17_345_941	CP000240.1:2368187-2369462|CDS|CYB_2263	89.950	597	58	2	1	596	1	596	0.0	800
Ga0393488_17_1155_2270	CP000240.1:534373-535513|CDS|CYB_0519	99.821	1116	2	0	1	1116	25	1140	0.0	2004
Ga0393488_17_1155_2270	CP000239.1:2192865-2193981|CDS|CYA_2177	84.491	1109	172	0	1	1109	1	1109	0.0	1225
Ga0393488_17_2357_3460	CP000240.1:535599-536703|CDS|CYB_0520	99.366	1104	7	0	1	1104	1	1104	0.0	1960
Ga0393488_17_2357_3460	CP000239.1:929251-930337|CDS|CYA_0920	81.633	1078	192	1	14	1091	2	1073	0.0	1053
Ga0393488_17_3625_5451	CP000240.1:536867-538766|CDS|CYB_0522	97.865	1827	39	0	1	1827	73	1899	0.0	3120
Ga0393488_17_3625_5451	CP000239.1:2158112-2160044|CDS|CYA_2146	81.000	1800	298	7	1	1790	139	1904	0.0	1713
Ga0393488_17_5698_6162	CP000240.1:538940-539405|CDS|CYB_0523	99.570	465	2	0	1	465	1	465	0.0	830
Ga0393488_17_5698_6162	CP000239.1:2157521-2157986|CDS|CYA_2145	87.931	464	56	0	1	464	1	464	1.16e-167	585
Ga0393488_17_6178_6735	CP000240.1:539420-539978|CDS|CYB_0524	99.821	558	1	0	1	558	1	558	0.0	1003
Ga0393488_17_6178_6735	CP000239.1:2156948-2157506|CDS|CYA_2144	93.466	551	36	0	1	551	1	551	0.0	832
Ga0393488_18_475_2019	CP000240.1:807711-809478|CDS|CYB_0784	98.287	1518	26	0	28	1545	250	1767	0.0	2621
Ga0393488_18_475_2019	CP000239.1:273999-275781|CDS|CYA_0268	88.639	1514	172	0	28	1541	250	1763	0.0	1956
Ga0393488_18_2179_4344	CP000240.1:809622-811788|CDS|CYB_0785	98.199	2166	39	0	1	2166	1	2166	0.0	3731
Ga0393488_18_2179_4344	CP000239.1:275782-277948|CDS|CYA_0269	85.979	2161	303	0	1	2161	1	2161	0.0	2532
Ga0393488_18_4476_5546	CP000240.1:811919-812990|CDS|CYB_0786	99.627	1071	4	0	1	1071	1	1071	0.0	1914
Ga0393488_18_4476_5546	CP000239.1:278034-279093|CDS|CYA_0270	90.104	1061	103	1	1	1061	1	1059	0.0	1438
Ga0393488_18_5863_6498	CP000240.1:813090-813960|CDS|CYB_0787	96.384	636	23	0	1	636	654	19	0.0	1044
Ga0393488_18_5863_6498	CP000239.1:457779-458628|CDS|CYA_0438	87.736	636	78	0	1	636	214	849	0.0	796
Ga0393488_18_6635_6823	CP000240.1:814083-815385|CDS|CYB_0788	98.734	158	2	0	1	158	1105	1262	2.95e-75	277
Ga0393488_18_6635_6823	CP000239.1:458676-459972|CDS|CYA_0439	82.249	169	24	2	1	166	1105	1270	3.84e-42	167
Ga0393488_19_10_576	CP000240.1:2767422-2768010|CDS|CYB_2682	100.000	567	0	0	1	567	22	588	0.0	1023
Ga0393488_19_10_576	CP000239.1:2135900-2136488|CDS|CYA_2121	81.462	561	104	0	7	567	28	588	4.36e-155	544
Ga0393488_19_600_887	CP000240.1:2768006-2768321|CDS|CYB_2683	99.306	288	2	0	1	288	28	315	1.26e-145	511
Ga0393488_19_600_887	CP000239.1:2136484-2136799|CDS|CYA_2122	81.754	285	52	0	4	288	31	315	3.86e-76	280
Ga0393488_19_902_2494	CP000240.1:2768335-2769928|CDS|CYB_2684	99.435	1593	9	0	1	1593	1	1593	0.0	2833
Ga0393488_19_902_2494	CP000239.1:2136812-2138405|CDS|CYA_2123	87.186	1592	204	0	1	1592	1	1592	0.0	1952
Ga0393488_19_2710_3228	CP000240.1:2770143-2770662|CDS|CYB_2685	99.615	519	2	0	1	519	1	519	0.0	928
Ga0393488_19_2710_3228	CP000239.1:2138612-2139137|CDS|CYA_2124	88.178	516	61	0	1	516	1	516	0.0	656
Ga0393488_19_3268_3768	CP000240.1:2770701-2771202|CDS|CYB_2686	98.204	501	9	0	1	501	1	501	0.0	864
Ga0393488_19_3268_3768	CP000239.1:2139179-2139680|CDS|CYA_2125	89.379	499	53	0	1	499	1	499	0.0	662
Ga0393488_19_3868_5247	CP000240.1:2771312-2772692|CDS|CYB_2687	97.462	1379	35	0	1	1379	1	1379	0.0	2330
Ga0393488_19_3868_5247	CP000239.1:2139798-2141178|CDS|CYA_2126	85.787	1379	196	0	1	1379	1	1379	0.0	1604
Ga0393488_20_7_1101	CP000239.1:1935172-1936447|CDS|CYA_1924	98.447	1095	17	0	1	1095	181	1275	0.0	1899
Ga0393488_20_7_1101	CP000240.1:2119496-2120771|CDS|CYB_2015	96.438	1095	39	0	1	1095	181	1275	0.0	1800
Ga0393488_20_1206_2363	CP000240.1:2118234-2119392|CDS|CYB_2014	95.941	1158	47	0	1	1158	1	1158	0.0	1877
Ga0393488_20_1206_2363	CP000239.1:1933910-1935068|CDS|CYA_1923	94.905	1158	59	0	1	1158	1	1158	0.0	1823
Ga0393488_20_2430_3575	CP000239.1:1932698-1933907|CDS|CYA_1922	97.906	1146	24	0	1	1146	64	1209	0.0	1959
Ga0393488_20_2430_3575	CP000240.1:2117022-2118231|CDS|CYB_2013	97.469	1146	29	0	1	1146	64	1209	0.0	1937
Ga0393488_20_3746_4513	CP000239.1:1931760-1932528|CDS|CYA_1921	97.917	768	16	0	1	768	1	768	0.0	1314
Ga0393488_20_3746_4513	CP000240.1:2116080-2116848|CDS|CYB_2012	97.266	768	21	0	1	768	1	768	0.0	1291
Ga0393488_20_4560_5312	CP000240.1:2115281-2116046|CDS|CYB_2011	99.336	753	5	0	1	753	13	765	0.0	1336
Ga0393488_20_4560_5312	CP000239.1:1930961-1931726|CDS|CYA_1920	97.477	753	19	0	1	753	13	765	0.0	1273
Ga0393488_21_489_845	CP000240.1:2945346-2945703|CDS|CYB_2849	100.000	357	0	0	1	357	1	357	0.0	645
Ga0393488_21_489_845	CP000239.1:2831329-2831686|CDS|CYA_2812	90.423	355	34	0	1	355	1	355	1.80e-138	488
Ga0393488_21_979_1179	CP000240.1:2945012-2945213|CDS|CYB_2848	99.502	201	1	0	1	201	1	201	1.18e-99	359
Ga0393488_21_979_1179	CP000239.1:2831006-2831207|CDS|CYA_2811	88.060	201	24	0	1	201	1	201	1.03e-68	255
Ga0393488_21_1308_2540	CP000240.1:2943651-2944884|CDS|CYB_2847	98.297	1233	21	0	1	1233	1	1233	0.0	2130
Ga0393488_21_1308_2540	CP000239.1:2829693-2830884|CDS|CYA_2810	86.092	1172	163	0	43	1214	1	1172	0.0	1379
Ga0393488_21_2613_4124	CP000240.1:2942058-2943564|CDS|CYB_2846	98.871	1506	17	0	7	1512	1	1506	0.0	2640
Ga0393488_21_2613_4124	CP000239.1:2828097-2829564|CDS|CYA_2808	89.261	1462	157	0	47	1508	2	1463	0.0	1929
Ga0393488_21_4186_6072	CP000240.1:2940110-2941997|CDS|CYB_2845	99.099	1887	17	0	1	1887	1	1887	0.0	3327
Ga0393488_21_4186_6072	CP000239.1:2826211-2828101|CDS|CYA_2809	86.251	1891	241	6	2	1881	2	1884	0.0	2229
Ga0393488_22_490_1659	CP000240.1:2171191-2172361|CDS|CYB_2075	98.291	1170	20	0	1	1170	1	1170	0.0	2021
Ga0393488_22_490_1659	CP000239.1:2480446-2481610|CDS|CYA_2471	89.555	1168	116	1	1	1168	1	1162	0.0	1558
Ga0393488_22_1662_1943	CP000240.1:2170907-2171189|CDS|CYB_2074	97.518	282	7	0	1	282	1	282	2.54e-135	478
Ga0393488_22_1662_1943	CP000239.1:2480162-2480444|CDS|CYA_2470	90.942	276	25	0	1	276	1	276	1.23e-107	386
Ga0393488_22_2191_2679	CP000240.1:2170172-2170661|CDS|CYB_2073	98.773	489	6	0	1	489	1	489	0.0	856
Ga0393488_22_2191_2679	CP000239.1:2479463-2479952|CDS|CYA_2469	87.885	454	55	0	1	454	1	454	2.68e-163	572
Ga0393488_22_2841_3137	CP000240.1:2169714-2170011|CDS|CYB_2072	97.980	297	6	0	1	297	1	297	4.54e-145	509
Ga0393488_22_2841_3137	CP000239.1:2478894-2479182|CDS|CYA_2468	88.017	242	29	0	1	242	1	242	1.00e-83	306
Ga0393488_22_3258_4691	CP000240.1:2166881-2168315|CDS|CYB_2070	99.024	1434	14	0	1	1434	1	1434	0.0	2524
Ga0393488_22_3258_4691	CP000239.1:98856-100326|CDS|CYA_0103	85.704	1420	201	2	1	1419	1	1419	0.0	1639
Ga0393488_22_4845_5063	CP000240.1:2166532-2166751|CDS|CYB_2069	98.174	219	4	0	1	219	1	219	1.38e-105	378
Ga0393488_22_4845_5063	CP000239.1:98506-98725|CDS|CYA_0102	84.862	218	33	0	1	218	1	218	2.06e-65	245
Ga0393488_22_5535_6206	CP000240.1:2163802-2165248|CDS|CYB_2066	99.554	672	3	0	1	672	775	1446	0.0	1199
Ga0393488_22_5535_6206	CP000239.1:96916-98413|CDS|CYA_0100	85.246	671	99	0	2	672	827	1497	0.0	765
Ga0393488_23_134_1528	CP000240.1:1756308-1757748|CDS|CYB_1680	95.627	1395	37	2	1	1395	70	1440	0.0	2254
Ga0393488_23_134_1528	CP000239.1:2734802-2736242|CDS|CYA_2715	84.521	1389	188	5	1	1386	70	1434	0.0	1538
Ga0393488_23_1608_2402	CP000240.1:1755422-1756076|CDS|CYB_1679	97.183	639	18	0	154	792	1	639	0.0	1072
Ga0393488_23_2581_3663	CP000240.1:1754172-1755243|CDS|CYB_1678	97.666	1071	25	0	13	1083	1	1071	0.0	1819
Ga0393488_23_2581_3663	CP000239.1:1475004-1476111|CDS|CYA_1467	86.617	1076	144	0	1	1076	1	1076	0.0	1292
Ga0393488_23_3721_4647	CP000240.1:1753188-1754115|CDS|CYB_1677	97.087	927	27	0	1	927	1	927	0.0	1551
Ga0393488_23_3721_4647	CP000239.1:1476142-1477069|CDS|CYA_1468	81.877	927	168	0	1	927	1	927	0.0	915
Ga0393488_23_4845_4940	CP000240.1:1752901-1752997|CDS|CYB_1676	97.917	96	2	0	1	96	1	96	5.98e-42	165
Ga0393488_23_4845_4940	CP000239.1:1477083-1477329|CDS|CYA_1469	75.789	95	23	0	1	95	151	245	1.24e-12	68.9
Ga0393488_24_11_316	CP000240.1:1638082-1638856|CDS|CYB_1565	99.346	306	2	0	1	306	469	774	2.27e-155	544
Ga0393488_24_11_316	CP000239.1:1874379-1875156|CDS|CYA_1869	87.541	305	38	0	1	305	472	776	5.72e-106	379
Ga0393488_24_366_1172	CP000240.1:1637234-1638041|CDS|CYB_1563	96.902	807	25	0	1	807	1	807	0.0	1343
Ga0393488_24_366_1172	CP000239.1:1875185-1875968|CDS|CYA_1871	83.395	807	110	1	1	807	1	783	0.0	869
Ga0393488_24_1138_1947	CP000240.1:1636486-1637269|CDS|CYB_1564	90.775	813	42	3	1	810	1	783	0.0	1145
Ga0393488_24_1138_1947	CP000239.1:1875933-1876707|CDS|CYA_1870	86.420	810	74	4	1	810	1	774	0.0	980
Ga0393488_24_2000_2362	CP000239.1:1876802-1877120|CDS|CYA_1872	83.648	318	52	0	46	363	1	318	6.01e-94	340
Ga0393488_24_3067_3351	CP000240.1:1635816-1636182|CDS|CYB_1561	100.000	278	0	0	8	285	89	366	6.44e-143	502
Ga0393488_24_3438_4265	CP000240.1:1634809-1635796|CDS|CYB_1560	96.618	828	28	0	1	828	160	987	0.0	1368
Ga0393488_24_3438_4265	CP000239.1:1878065-1879004|CDS|CYA_1875	84.848	825	125	0	1	825	100	924	0.0	925
Ga0393488_24_4486_5871	CP000240.1:1633311-1634748|CDS|CYB_1559	98.268	1386	24	0	1	1386	52	1437	0.0	2392
Ga0393488_24_4486_5871	CP000239.1:1879000-1880533|CDS|CYA_1876	86.012	1344	188	0	13	1356	106	1449	0.0	1577
Ga0393488_25_544_756	CP000240.1:1890120-1890333|CDS|CYB_1805	98.592	213	3	0	1	213	1	213	1.99e-103	371
Ga0393488_25_544_756	CP000239.1:1610303-1610516|CDS|CYA_1600	80.282	213	42	0	1	213	1	213	9.06e-51	196
Ga0393488_25_793_1023	CP000240.1:1889853-1890084|CDS|CYB_1804	100.000	231	0	0	1	231	1	231	1.67e-117	417
Ga0393488_25_793_1023	CP000239.1:1610555-1610786|CDS|CYA_1601	85.590	229	33	0	1	229	1	229	2.33e-71	265
Ga0393488_25_1207_1617	CP000240.1:1889259-1889670|CDS|CYB_1803	95.864	411	17	0	1	411	1	411	0.0	665
Ga0393488_25_1207_1617	CP000239.1:1610937-1611348|CDS|CYA_1602	82.750	400	69	0	11	410	11	410	4.62e-115	411
Ga0393488_25_2893_3297	CP000240.1:1887576-1887981|CDS|CYB_1801	96.790	405	13	0	1	405	1	405	0.0	673
Ga0393488_25_2893_3297	CP000239.1:1614026-1614413|CDS|CYA_1606	78.186	408	65	4	1	405	1	387	2.36e-93	339
Ga0393488_25_3429_3647	CP000240.1:1887227-1887446|CDS|CYB_1800	94.521	219	12	0	1	219	1	219	9.96e-95	342
Ga0393488_25_3429_3647	CP000239.1:1614467-1614686|CDS|CYA_1607	85.388	219	32	0	1	219	1	219	1.39e-67	251
Ga0393488_25_3705_4532	CP000240.1:1886342-1887170|CDS|CYB_1799	97.826	828	18	0	1	828	1	828	0.0	1413
Ga0393488_25_3705_4532	CP000239.1:1614728-1615568|CDS|CYA_1608	81.242	821	142	1	1	809	1	821	0.0	793
Ga0393488_25_4540_5265	CP000240.1:1885609-1886335|CDS|CYB_1798	97.238	724	20	0	1	724	1	724	0.0	1216
Ga0393488_25_4540_5265	CP000239.1:1615589-1616315|CDS|CYA_1609	83.058	726	123	0	1	726	1	726	0.0	755
Ga0393488_26_221_3817	CP000240.1:2066704-2070322|CDS|CYB_1970	98.916	3597	39	0	1	3597	22	3618	0.0	6312
Ga0393488_26_221_3817	CP000239.1:2531668-2535265|CDS|CYA_2519	79.022	3599	751	2	1	3597	1	3597	0.0	3082
Ga0393488_26_3807_5000	CP000240.1:2065521-2066715|CDS|CYB_1969	98.157	1194	22	0	1	1194	1	1194	0.0	2055
Ga0393488_26_3807_5000	CP000239.1:2530485-2531679|CDS|CYA_2518	82.747	1194	206	0	1	1194	1	1194	0.0	1225
Ga0393488_26_4997_5590	CP000240.1:2064931-2065525|CDS|CYB_1968	99.832	594	1	0	1	594	1	594	0.0	1067
Ga0393488_26_4997_5590	CP000239.1:2529895-2530489|CDS|CYA_2517	85.135	592	88	0	1	592	1	592	0.0	672
Ga0393488_26_5587_5778	CP000240.1:2063225-2064932|CDS|CYB_1967	99.471	189	1	0	1	189	189	1	3.65e-93	337
Ga0393488_26_5587_5778	CP000239.1:2528171-2529896|CDS|CYA_2516	78.947	171	34	2	2	171	206	37	5.43e-34	140
Ga0393488_27_594_1562	CP000240.1:349222-350188|CDS|CYB_0332	97.420	969	22	1	1	969	1	966	0.0	1634
Ga0393488_27_594_1562	CP000239.1:997797-998757|CDS|CYA_0984	96.388	969	26	2	1	969	1	960	0.0	1590
Ga0393488_27_1677_2606	CP000240.1:350301-351342|CDS|CYB_0333	97.433	896	23	0	1	896	1	896	0.0	1513
Ga0393488_27_1677_2606	CP000239.1:998870-999911|CDS|CYA_0985	96.763	896	29	0	1	896	1	896	0.0	1486
Ga0393488_27_2603_2821	CP000240.1:342763-343864|CDS|CYB_0326	97.260	219	6	0	1	219	883	1101	7.17e-103	369
Ga0393488_27_2603_2821	CP000239.1:1540473-1541559|CDS|CYA_1529	81.915	188	34	0	10	197	877	1064	4.84e-48	187
Ga0393488_27_2987_4390	CP000240.1:344053-345457|CDS|CYB_0327	99.288	1404	10	0	1	1404	1	1404	0.0	2488
Ga0393488_27_2987_4390	CP000239.1:294017-295421|CDS|CYA_0286	87.527	1403	175	0	1	1403	1	1403	0.0	1742
Ga0393488_27_4531_5265	CP000240.1:346994-347858|CDS|CYB_0330	97.268	549	15	0	34	582	1	549	0.0	923
Ga0393488_28_277_717	CP000240.1:2558092-2558593|CDS|CYB_2459	96.599	441	15	0	1	441	61	501	0.0	728
Ga0393488_28_277_717	CP000239.1:2790057-2790498|CDS|CYA_2766	77.221	439	100	0	1	439	1	439	2.12e-94	342
Ga0393488_28_898_1542	CP000240.1:2558713-2559358|CDS|CYB_2460	97.519	645	16	0	1	645	1	645	0.0	1092
Ga0393488_28_898_1542	CP000239.1:2790650-2791283|CDS|CYA_2767	78.019	646	120	6	1	641	1	629	1.98e-147	518
Ga0393488_28_1605_2414	CP000240.1:2559381-2560230|CDS|CYB_2462	97.654	810	19	0	1	810	40	849	0.0	1376
Ga0393488_28_1605_2414	CP000239.1:2791339-2792134|CDS|CYA_2769	83.825	779	126	0	1	779	1	779	0.0	838
Ga0393488_28_2399_2965	CP000240.1:2560214-2560835|CDS|CYB_2461	99.647	567	2	0	1	567	55	621	0.0	1014
Ga0393488_28_2399_2965	CP000239.1:2800622-2801213|CDS|CYA_2781	92.652	558	41	0	1	558	22	579	0.0	822
Ga0393488_28_3161_3973	CP000240.1:2561277-2562057|CDS|CYB_2464	96.923	780	24	0	34	813	1	780	0.0	1299
Ga0393488_28_3161_3973	CP000239.1:2799666-2800452|CDS|CYA_2780	85.492	772	112	0	34	805	1	772	0.0	888
Ga0393488_29_155_748	CP000240.1:724154-724748|CDS|CYB_0709	98.148	594	11	0	1	594	1	594	0.0	1022
Ga0393488_29_155_748	CP000239.1:376111-376705|CDS|CYA_0360	88.964	589	65	0	1	589	1	589	0.0	770
Ga0393488_29_837_1724	CP000240.1:723190-724006|CDS|CYB_0707	96.646	805	27	0	84	888	12	816	0.0	1331
Ga0393488_29_837_1724	CP000239.1:375089-375971|CDS|CYA_0358	84.841	818	115	2	61	878	1	809	0.0	916
Ga0393488_29_1787_2293	CP000240.1:722621-723128|CDS|CYB_0706	99.803	507	1	0	1	507	1	507	0.0	911
Ga0393488_29_1787_2293	CP000239.1:374566-375007|CDS|CYA_0357	82.258	434	71	1	61	494	1	428	4.14e-123	437
Ga0393488_29_2300_2782	CP000240.1:722132-722546|CDS|CYB_0705	98.792	414	5	0	70	483	1	414	0.0	725
Ga0393488_29_2300_2782	CP000239.1:374063-374477|CDS|CYA_0356	83.120	391	66	0	70	460	1	391	1.91e-114	408
Ga0393488_29_2869_4020	CP000240.1:720894-722103|CDS|CYB_0703	99.132	1152	10	0	1	1152	58	1209	0.0	2033
Ga0393488_29_2869_4020	CP000239.1:372867-374061|CDS|CYA_0354	83.261	1153	191	2	1	1152	43	1194	0.0	1203
Ga0393488_30_1311_1829	CP000240.1:1368868-1369348|CDS|CYB_1305	95.732	492	9	1	28	519	1	480	0.0	800
Ga0393488_30_1311_1829	CP000239.1:578156-578693|CDS|CYA_0564	81.917	459	75	3	1	452	1	458	2.35e-126	448
Ga0393488_30_1859_2569	CP000240.1:1369404-1370121|CDS|CYB_1306	93.445	717	41	1	1	711	1	717	0.0	1083
Ga0393488_30_1859_2569	CP000239.1:578721-579414|CDS|CYA_0565	73.574	719	149	9	1	704	1	693	5.90e-123	437
Ga0393488_30_2644_4338	CP000240.1:1370138-1371857|CDS|CYB_1307	96.209	1662	63	0	1	1662	1	1662	0.0	2714
Ga0393488_30_2644_4338	CP000239.1:579513-581181|CDS|CYA_0566	88.035	1588	190	0	29	1616	29	1616	0.0	2008
Ga0393488_30_4328_4699	CP000240.1:1371846-1372218|CDS|CYB_1308	96.505	372	13	0	1	372	1	372	6.56e-176	613
Ga0393488_30_4328_4699	CP000239.1:581170-581542|CDS|CYA_0567	83.065	372	63	0	1	372	1	372	4.74e-108	388
Ga0393488_31_8_295	CP000240.1:1125635-1126115|CDS|CYB_1088	92.361	288	22	0	1	288	193	480	1.75e-118	421
Ga0393488_31_8_295	CP000239.1:1551632-1552100|CDS|CYA_1544	78.694	291	56	2	1	288	181	468	9.71e-65	242
Ga0393488_31_256_2103	CP000240.1:1123827-1125675|CDS|CYB_1089	98.106	1848	35	0	1	1848	1	1848	0.0	3176
Ga0393488_31_256_2103	CP000239.1:1552060-1553908|CDS|CYA_1543	85.652	1847	265	0	1	1847	1	1847	0.0	2137
Ga0393488_31_2280_3473	CP000240.1:1122427-1123651|CDS|CYB_1087	97.906	1194	25	0	1	1194	31	1224	0.0	2041
Ga0393488_31_2280_3473	CP000239.1:1553981-1555208|CDS|CYA_1545	80.055	1098	196	3	1	1097	31	1106	0.0	1001
Ga0393488_31_3503_4309	CP000240.1:1121621-1122428|CDS|CYB_1086	98.761	807	10	0	1	807	1	807	0.0	1411
Ga0393488_31_4514_4777	CP000240.1:1120529-1121417|CDS|CYB_1084	99.621	264	1	0	1	264	625	888	1.00e-133	472
Ga0393488_32_18_248	CP000240.1:1629669-1630407|CDS|CYB_1555	96.522	230	8	0	1	230	508	737	4.21e-106	379
Ga0393488_32_18_248	CP000239.1:1883315-1884053|CDS|CYA_1880	89.177	231	25	0	1	231	508	738	2.66e-83	305
Ga0393488_32_245_1216	CP000240.1:1628713-1629673|CDS|CYB_1556	99.062	960	9	0	13	972	1	960	0.0	1691
Ga0393488_32_245_1216	CP000239.1:1884049-1885003|CDS|CYA_1879	90.552	942	89	0	13	954	1	942	0.0	1298
Ga0393488_32_1314_2498	CP000240.1:1627419-1628604|CDS|CYB_1554	99.325	1185	8	0	1	1185	1	1185	0.0	2102
Ga0393488_32_1314_2498	CP000240.1:1627638-1628709|CDS|CYB_1553	99.275	966	7	0	220	1185	1071	106	0.0	1711
Ga0393488_32_1314_2498	CP000239.1:2331573-2332773|CDS|CYA_2328	82.323	1171	203	2	1	1169	1	1169	0.0	1174
Ga0393488_32_2862_3656	CP000240.1:1626261-1627056|CDS|CYB_1551	99.371	795	5	0	1	795	1	795	0.0	1412
Ga0393488_32_2862_3656	CP000239.1:1244600-1245395|CDS|CYA_1233	87.673	795	98	0	1	795	1	795	0.0	993
Ga0393488_32_3765_4472	CP000240.1:1625445-1626153|CDS|CYB_1550	100.000	708	0	0	1	708	1	708	0.0	1278
Ga0393488_32_3765_4472	CP000239.1:1243651-1244401|CDS|CYA_1232	86.187	695	96	0	11	705	47	741	0.0	821
Ga0393488_33_353_1735	CP000240.1:838432-839815|CDS|CYB_0810	95.517	1383	62	0	1	1383	1	1383	0.0	2215
Ga0393488_33_353_1735	CP000239.1:2583384-2584767|CDS|CYA_2560	77.960	1402	267	14	1	1381	1	1381	0.0	1111
Ga0393488_33_2390_4003	CP000240.1:835785-837645|CDS|CYB_0808	98.203	1614	29	0	1	1614	247	1860	0.0	2781
Ga0393488_33_2390_4003	CP000239.1:2585535-2587392|CDS|CYA_2563	86.663	1612	215	0	1	1612	244	1855	0.0	1939
Ga0393488_33_4344_5048	CP000240.1:833612-835700|CDS|CYB_0807	98.298	705	12	0	1	705	1384	2088	0.0	1218
Ga0393488_33_4344_5048	CP000239.1:2587474-2589562|CDS|CYA_2564	85.127	706	103	2	1	705	1384	2088	0.0	793
Ga0393488_34_468_1310	CP000240.1:2968340-2969051|CDS|CYB_2870	99.859	711	1	0	133	843	1	711	0.0	1278
Ga0393488_34_1521_1679	CP000240.1:2969370-2969529|CDS|CYB_2871	100.000	159	0	0	1	159	1	159	1.35e-78	288
Ga0393488_34_1521_1679	CP000239.1:1066354-1066525|CDS|CYA_1046	84.028	144	23	0	1	144	1	144	5.74e-39	157
Ga0393488_34_1682_2200	CP000240.1:2969531-2970068|CDS|CYB_2872	91.909	482	39	0	1	482	1	482	0.0	694
Ga0393488_34_1682_2200	CP000239.1:1066527-1067049|CDS|CYA_1047	87.356	522	63	2	1	519	1	522	0.0	638
Ga0393488_34_2097_3197	CP000240.1:2971939-2973775|CDS|CYB_2875	98.091	943	18	0	1	943	1	943	0.0	1620
Ga0393488_34_2097_3197	CP000239.1:651332-653168|CDS|CYA_0640	88.017	943	113	0	1	943	1	943	0.0	1192
Ga0393488_34_3720_4676	CP000240.1:2970577-2971534|CDS|CYB_2874	97.699	956	22	0	1	956	1	956	0.0	1626
Ga0393488_34_3720_4676	CP000239.1:1067687-1068644|CDS|CYA_1049	86.611	956	128	0	1	956	1	956	0.0	1148
Ga0393488_35_208_486	CP000239.1:2252018-2252297|CDS|CYA_2238	78.495	279	60	0	1	279	1	279	4.86e-62	233
Ga0393488_35_588_1211	CP000239.1:2252344-2252968|CDS|CYA_2239	77.670	618	138	0	1	618	1	618	7.63e-140	493
Ga0393488_35_1314_1871	CP000240.1:382540-383098|CDS|CYB_0367	97.849	558	12	0	1	558	1	558	0.0	953
Ga0393488_35_1314_1871	CP000239.1:2253147-2253711|CDS|CYA_2240	78.545	536	115	0	1	536	1	536	2.53e-126	449
Ga0393488_35_1909_2388	CP000240.1:383135-383615|CDS|CYB_0368	99.583	480	2	0	1	480	1	480	0.0	857
Ga0393488_35_1909_2388	CP000239.1:2253780-2254269|CDS|CYA_2241	84.810	474	72	0	1	474	1	474	2.31e-151	531
Ga0393488_35_2385_2927	CP000240.1:383611-384154|CDS|CYB_0370	96.685	543	18	0	1	543	1	543	0.0	899
Ga0393488_35_2385_2927	CP000239.1:1289331-1289757|CDS|CYA_1275	85.258	407	54	1	103	509	1	401	3.20e-131	465
Ga0393488_35_3078_4142	CP000240.1:443946-445011|CDS|CYB_0433	99.249	1065	8	0	1	1065	1	1065	0.0	1885
Ga0393488_35_3078_4142	CP000240.1:384572-385637|CDS|CYB_0371	99.249	1065	8	0	1	1065	1	1065	0.0	1885
Ga0393488_35_3078_4142	CP000239.1:1814549-1815614|CDS|CYA_1811	93.333	1065	71	0	1	1065	1	1065	0.0	1601
Ga0393488_35_3078_4142	CP000239.1:1850153-1851218|CDS|CYA_1849	93.133	1063	73	0	1	1063	1	1063	0.0	1589
Ga0393488_35_3078_4142	CP000239.1:1288197-1289262|CDS|CYA_1274	92.756	1063	77	0	1	1063	1	1063	0.0	1571
Ga0393488_35_3078_4142	CP000240.1:226513-227569|CDS|CYB_0216	73.996	946	237	5	58	997	67	1009	9.50e-167	583
Ga0393488_35_3078_4142	CP000239.1:1753540-1754599|CDS|CYA_1748	72.414	986	257	8	58	1034	67	1046	1.84e-150	530
Ga0393488_36_1154_1513	CP000240.1:2267645-2268005|CDS|CYB_2164	99.722	360	1	0	1	360	1	360	0.0	645
Ga0393488_36_1154_1513	CP000239.1:2685241-2685592|CDS|CYA_2668	83.333	360	51	2	1	360	1	351	2.37e-105	379
Ga0393488_36_2177_4192	CP000240.1:2264954-2266970|CDS|CYB_2163	98.512	2016	30	0	1	2016	1	2016	0.0	3501
Ga0393488_38_18_1394	CP000240.1:1615212-1616532|CDS|CYB_1539	96.894	1320	41	0	58	1377	1	1320	0.0	2196
Ga0393488_38_18_1394	CP000239.1:1646276-1647641|CDS|CYA_1647	79.971	1383	253	6	1	1377	1	1365	0.0	1241
Ga0393488_39_195_437	CP000240.1:2143236-2143479|CDS|CYB_2042	100.000	243	0	0	1	243	1	243	5.41e-124	439
Ga0393488_39_195_437	CP000239.1:78556-79003|CDS|CYA_0080	91.770	243	20	0	1	243	205	447	7.53e-97	349
Ga0393488_39_626_1534	CP000240.1:2143769-2144576|CDS|CYB_2043	98.141	807	15	0	103	909	1	807	0.0	1388
Ga0393488_39_1531_3336	CP000240.1:2144572-2146399|CDS|CYB_2045	92.123	1828	121	3	1	1806	1	1827	0.0	2655
Ga0393488_39_1531_3336	CP000239.1:79111-80905|CDS|CYA_0082	82.028	1775	305	8	31	1801	25	1789	0.0	1740
Ga0393488_39_3260_4180	CP000240.1:2146322-2147387|CDS|CYB_2044	96.308	921	34	0	1	921	145	1065	0.0	1508
Ga0393488_39_3260_4180	CP000239.1:80828-81851|CDS|CYA_0081	78.913	920	143	1	2	921	155	1023	0.0	827
Ga0393488_40_858_1649	CP000240.1:2317632-2318424|CDS|CYB_2209	96.086	792	31	0	1	792	1	792	0.0	1289
Ga0393488_40_858_1649	CP000239.1:2424055-2424829|CDS|CYA_2412	83.491	739	122	0	34	772	1	739	0.0	783
Ga0393488_40_1980_4154	CP000240.1:2313603-2317278|CDS|CYB_2208	97.011	2175	65	0	1	2175	1501	3675	0.0	3630
Ga0393488_40_1980_4154	CP000239.1:2420391-2424051|CDS|CYA_2411	86.310	2184	260	8	2	2173	1502	3658	0.0	2590
Ga0393488_42_2750_3751	CP000240.1:759277-760279|CDS|CYB_0735	99.900	1002	1	0	1	1002	1	1002	0.0	1803
Ga0393488_42_2750_3751	CP000239.1:2064895-2065897|CDS|CYA_2045	88.024	1002	120	0	1	1002	1	1002	0.0	1267
Ga0393488_42_3819_3959	CP000240.1:760346-760643|CDS|CYB_0736	100.000	141	0	0	1	141	157	297	6.91e-69	255
Ga0393488_42_3819_3959	CP000239.1:2065898-2066192|CDS|CYA_2046	78.571	140	30	0	2	141	155	294	1.25e-27	118
Ga0393488_43_546_980	CP000240.1:1330655-1331201|CDS|CYB_1272	94.943	435	22	0	1	435	112	546	0.0	686
Ga0393488_43_1290_1724	CP000240.1:1331509-1331944|CDS|CYB_1274	99.540	435	2	0	1	435	1	435	0.0	776
Ga0393488_43_1290_1724	CP000239.1:2882339-2882792|CDS|CYA_2864	80.288	416	80	2	21	435	39	453	3.53e-104	374
Ga0393488_43_2177_2500	CP000240.1:1333696-1334005|CDS|CYB_1278	96.764	309	10	0	16	324	1	309	4.09e-146	513
Ga0393488_43_2177_2500	CP000239.1:1632593-1632902|CDS|CYA_1630	88.350	309	36	0	16	324	1	309	7.92e-111	396
Ga0393488_43_2564_3172	CP000240.1:1334082-1334691|CDS|CYB_1279	91.626	609	51	0	1	609	1	609	0.0	869
Ga0393488_43_2564_3172	CP000239.1:1632978-1633587|CDS|CYA_1631	87.028	609	79	0	1	609	1	609	0.0	743
Ga0393488_44_10_1236	CP000240.1:295731-297264|CDS|CYB_0281	97.474	1227	31	0	1	1227	307	1533	0.0	2074
Ga0393488_44_10_1236	CP000239.1:654367-655900|CDS|CYA_0644	88.581	1226	140	0	1	1226	307	1532	0.0	1581
Ga0393488_44_1343_1441	CP000240.1:297370-297469|CDS|CYB_0282	100.000	99	0	0	1	99	1	99	2.83e-46	179
Ga0393488_44_1343_1441	CP000239.1:656013-656112|CDS|CYA_0645	89.899	99	10	0	1	99	1	99	1.05e-32	134
Ga0393488_44_1841_2251	CP000240.1:297868-298279|CDS|CYB_0283	99.757	411	1	0	1	411	1	411	0.0	737
Ga0393488_44_1841_2251	CP000239.1:656509-656917|CDS|CYA_0647	86.453	406	52	2	1	406	1	403	1.08e-135	479
Ga0393488_44_2282_2878	CP000240.1:298296-298974|CDS|CYB_0284	96.315	597	22	0	1	597	82	678	0.0	978
Ga0393488_44_2282_2878	CP000239.1:656913-657591|CDS|CYA_0646	84.122	592	94	0	1	592	82	673	0.0	645
Ga0393488_44_3075_3332	CP000240.1:299089-299347|CDS|CYB_0285	100.000	258	0	0	1	258	1	258	4.16e-132	466
Ga0393488_44_3075_3332	CP000239.1:657643-657901|CDS|CYA_0648	84.232	241	38	0	1	241	1	241	2.63e-71	264
Ga0393488_45_201_485	CP000240.1:2323573-2323858|CDS|CYB_2215	98.587	283	4	0	1	283	1	283	3.34e-140	493
Ga0393488_45_201_485	CP000239.1:1354153-1354489|CDS|CYA_1341	89.888	267	27	0	6	272	36	302	4.96e-100	361
Ga0393488_45_679_1200	CP000240.1:2324030-2324552|CDS|CYB_2216	99.234	522	4	0	1	522	1	522	0.0	924
Ga0393488_45_679_1200	CP000239.1:1354566-1355088|CDS|CYA_1342	89.464	522	55	0	1	522	1	522	0.0	694
Ga0393488_45_1298_1591	CP000240.1:2324649-2324943|CDS|CYB_2217	95.238	294	14	0	1	294	1	294	1.37e-132	468
Ga0393488_45_1298_1591	CP000239.1:1355155-1355449|CDS|CYA_1343	86.054	294	41	0	1	294	1	294	1.13e-95	346
Ga0393488_45_2248_2886	CP000240.1:2325599-2326238|CDS|CYB_2220	99.061	639	6	0	1	639	1	639	0.0	1126
Ga0393488_45_2248_2886	CP000239.1:1550207-1550846|CDS|CYA_1541	88.553	629	72	0	1	629	1	629	0.0	810
Ga0393488_45_3200_3604	CP000240.1:2326544-2326958|CDS|CYB_2222	100.000	405	0	0	1	405	10	414	0.0	731
Ga0393488_45_3200_3604	CP000239.1:1551103-1551511|CDS|CYA_1542	89.147	387	42	0	1	387	10	396	6.31e-145	509
Ga0393488_46_884_1717	CP000240.1:1961104-1961839|CDS|CYB_1876	99.728	735	2	0	100	834	1	735	0.0	1317
Ga0393488_46_1719_2519	CP000240.1:1961939-1962740|CDS|CYB_1877	98.876	801	9	0	1	801	1	801	0.0	1405
Ga0393488_46_2678_3625	CP000240.1:1962898-1964065|CDS|CYB_1878	99.473	948	5	0	1	948	220	1167	0.0	1688
Ga0393488_46_2678_3625	CP000239.1:825881-827066|CDS|CYA_0815	87.975	948	114	0	1	948	238	1185	0.0	1196
Ga0393488_47_14_136	CP000240.1:1434171-1435719|CDS|CYB_1363	99.187	123	1	0	1	123	1426	1548	1.47e-57	218
Ga0393488_47_133_447	CP000240.1:1433860-1434175|CDS|CYB_1364	99.365	315	2	0	1	315	1	315	3.05e-160	560
Ga0393488_47_133_447	CP000239.1:1143360-1143684|CDS|CYA_1117	78.595	299	64	0	1	299	1	299	2.06e-67	251
Ga0393488_47_659_949	CP000240.1:1433358-1433664|CDS|CYB_1362	97.595	291	7	0	1	291	16	306	3.41e-140	494
Ga0393488_47_659_949	CP000239.1:1142910-1143216|CDS|CYA_1114	93.127	291	20	0	1	291	16	306	8.04e-123	435
Ga0393488_47_1007_1639	CP000240.1:1432668-1433301|CDS|CYB_1361	97.630	633	15	0	1	633	1	633	0.0	1075
Ga0393488_47_1007_1639	CP000239.1:1142038-1142671|CDS|CYA_1113	83.254	633	106	0	1	633	1	633	0.0	664
Ga0393488_47_1890_2750	CP000240.1:1431557-1432418|CDS|CYB_1360	100.000	861	0	0	1	861	1	861	0.0	1553
Ga0393488_48_151_1380	CP000240.1:2409409-2410498|CDS|CYB_2302	99.174	1089	9	0	142	1230	1	1089	0.0	1924
Ga0393488_48_151_1380	CP000239.1:2466504-2467683|CDS|CYA_2458	88.034	1170	140	0	61	1230	10	1179	0.0	1480
Ga0393488_48_1407_3200	CP000240.1:2407448-2409242|CDS|CYB_2301	97.324	1794	48	0	1	1794	1	1794	0.0	3020
Ga0393488_48_1407_3200	CP000239.1:2464588-2466427|CDS|CYA_2457	84.282	1845	233	5	1	1794	1	1839	0.0	2049
Ga0393488_49_104_454	CP000240.1:2105207-2105576|CDS|CYB_1999	95.702	349	12	1	6	351	21	369	3.41e-160	561
Ga0393488_49_104_454	CP000239.1:405099-405408|CDS|CYA_0389	81.877	309	56	0	43	351	1	309	1.20e-83	306
Ga0393488_49_550_768	CP000240.1:2104908-2105127|CDS|CYB_1998	98.174	219	4	0	1	219	1	219	1.38e-105	378
Ga0393488_49_550_768	CP000239.1:405518-405737|CDS|CYA_0390	87.156	218	28	0	1	218	1	218	1.80e-72	268
Ga0393488_49_953_2230	CP000240.1:2103446-2104724|CDS|CYB_1997	98.983	1278	13	0	1	1278	1	1278	0.0	2247
Ga0393488_49_953_2230	CP000239.1:405905-407195|CDS|CYA_0391	82.713	1290	211	2	1	1278	1	1290	0.0	1324
Ga0393488_50_63_1673	CP000240.1:2044259-2045837|CDS|CYB_1949	98.045	1483	29	0	129	1611	96	1578	0.0	2544
Ga0393488_50_63_1673	CP000239.1:1103203-1104745|CDS|CYA_1082	85.664	1423	204	0	134	1556	101	1523	0.0	1647
Ga0393488_51_201_539	CP000240.1:393662-394001|CDS|CYB_0377	98.525	339	5	0	1	339	1	339	6.80e-169	590
Ga0393488_51_201_539	CP000239.1:1583157-1583496|CDS|CYA_1572	80.299	335	66	0	1	335	1	335	3.31e-84	307
Ga0393488_51_624_965	CP000240.1:394085-394427|CDS|CYB_0378	98.817	338	4	0	1	338	1	338	5.64e-170	592
Ga0393488_51_624_965	CP000239.1:1583544-1583886|CDS|CYA_1573	85.337	341	50	0	1	341	1	341	3.57e-109	390
Ga0393488_51_1051_1701	CP000240.1:394511-395162|CDS|CYB_0379	97.542	651	16	0	1	651	1	651	0.0	1103
Ga0393488_51_1051_1701	CP000239.1:1583967-1584618|CDS|CYA_1574	86.677	638	85	0	1	638	1	638	0.0	768
Ga0393488_51_1938_2408	CP000240.1:395662-396133|CDS|CYB_0380	97.240	471	13	0	1	471	1	471	0.0	792
Ga0393488_51_2516_3160	CP000240.1:396251-398000|CDS|CYB_0381	97.984	645	13	0	1	645	1105	1749	0.0	1105
Ga0393488_51_2516_3160	CP000239.1:1585246-1586977|CDS|CYA_1576	87.869	643	78	0	1	643	1087	1729	0.0	809
Ga0393488_52_72_1259	CP000240.1:1279278-1280466|CDS|CYB_1236	92.967	1166	82	0	23	1188	23	1188	0.0	1734
Ga0393488_52_72_1259	CP000239.1:195696-196884|CDS|CYA_0195	89.394	1188	126	0	1	1188	1	1188	0.0	1575
Ga0393488_52_1262_2647	CP000240.1:1277743-1279276|CDS|CYB_1235	95.382	1386	64	0	1	1386	148	1533	0.0	2212
Ga0393488_52_1262_2647	CP000239.1:194110-195700|CDS|CYA_0196	85.432	1366	195	4	1	1364	172	1535	0.0	1553
Ga0393488_52_2855_3154	CP000240.1:1275919-1277683|CDS|CYB_1234	97.667	300	7	0	1	300	1465	1764	4.59e-145	510
Ga0393488_52_2855_3154	CP000239.1:192253-194020|CDS|CYA_0194	88.294	299	35	0	1	299	1468	1766	1.60e-106	382
Ga0393488_53_321_1754	CP000240.1:2596452-2597886|CDS|CYB_2502	98.675	1434	19	0	1	1434	1	1434	0.0	2501
Ga0393488_53_321_1754	CP000239.1:438980-440414|CDS|CYA_0420	89.176	1432	155	0	1	1432	1	1432	0.0	1884
Ga0393488_53_1939_2640	CP000240.1:2595566-2596268|CDS|CYB_2501	97.578	702	17	0	1	702	1	702	0.0	1190
Ga0393488_53_1939_2640	CP000239.1:440424-441165|CDS|CYA_0421	84.957	698	105	0	1	698	1	698	0.0	786
Ga0393488_53_2612_3115	CP000240.1:2594548-2595538|CDS|CYB_2500	98.526	475	7	0	1	475	457	931	0.0	826
Ga0393488_53_2612_3115	CP000239.1:441168-442080|CDS|CYA_0422	76.906	446	62	5	2	446	458	863	3.86e-98	355
Ga0393488_54_1553_2194	CP000240.1:870886-871528|CDS|CYB_0838	95.320	641	30	0	1	641	1	641	0.0	1021
Ga0393488_54_1553_2194	CP000239.1:2563293-2563935|CDS|CYA_2543	85.803	641	91	0	1	641	1	641	0.0	746
Ga0393488_54_2194_2586	CP000240.1:871527-871920|CDS|CYB_0839	93.639	393	25	0	1	393	1	393	5.35e-171	597
Ga0393488_54_2194_2586	CP000239.1:2563934-2564327|CDS|CYA_2544	81.510	384	71	0	10	393	10	393	1.11e-103	373
Ga0393488_54_2611_2859	CP000240.1:871944-872715|CDS|CYB_0840	93.574	249	16	0	1	249	523	771	1.60e-105	378
Ga0393488_54_2611_2859	CP000239.1:2564340-2565111|CDS|CYA_2545	80.321	249	49	0	1	249	523	771	1.82e-60	229
Ga0393488_55_27_776	CP000240.1:1026866-1027571|CDS|CYB_0991	97.068	648	19	0	1	648	1	648	0.0	1084
Ga0393488_55_27_776	CP000239.1:921362-922058|CDS|CYA_0912	85.156	640	95	0	8	647	8	647	0.0	727
Ga0393488_55_783_1880	CP000240.1:1025762-1026860|CDS|CYB_0990	98.998	1098	11	0	1	1098	1	1098	0.0	1931
Ga0393488_55_783_1880	CP000239.1:922064-923165|CDS|CYA_0913	85.831	1101	153	1	1	1098	1	1101	0.0	1281
Ga0393488_55_2054_2296	CP000240.1:1025387-1025630|CDS|CYB_0989	96.296	243	9	0	1	243	1	243	1.66e-111	398
Ga0393488_55_2054_2296	CP000239.1:923277-923520|CDS|CYA_0914	83.128	243	41	0	1	243	1	243	4.46e-68	254
Ga0393488_56_121_2082	CP000240.1:1881750-1883712|CDS|CYB_1794	98.165	1962	36	0	1	1962	1	1962	0.0	3377
Ga0393488_56_121_2082	CP000239.1:1617936-1619901|CDS|CYA_1614	83.342	1981	295	13	1	1962	1	1965	0.0	2058
Ga0393488_56_2154_2453	CP000240.1:1883783-1884083|CDS|CYB_1795	97.667	300	7	0	1	300	1	300	4.59e-145	510
Ga0393488_56_2154_2453	CP000239.1:1617588-1617888|CDS|CYA_1613	88.000	300	36	0	1	300	1	300	5.60e-106	379
Ga0393488_56_2453_2665	CP000240.1:1884082-1884424|CDS|CYB_1796	100.000	213	0	0	1	213	130	342	9.04e-108	385
Ga0393488_56_2453_2665	CP000239.1:1617246-1617588|CDS|CYA_1612	91.469	211	18	0	1	211	130	340	2.96e-82	300
Ga0393488_56_2453_2665	CP000240.1:1884495-1884804|CDS|CYB_1797	82.759	174	30	0	1	174	130	303	6.97e-46	179
Ga0393488_56_2453_2665	CP000239.1:1616846-1617155|CDS|CYA_1611	78.613	173	37	0	1	173	130	302	1.44e-35	146
Ga0393488_57_66_1601	CP000240.1:1409783-1411427|CDS|CYB_1342	98.112	1536	29	0	1	1536	109	1644	0.0	2640
Ga0393488_57_66_1601	CP000239.1:806398-808078|CDS|CYA_0797	85.202	1534	224	2	1	1531	142	1675	0.0	1737
Ga0393488_57_1805_2314	CP000240.1:1405599-1406109|CDS|CYB_1340	91.494	482	40	1	28	508	1	482	0.0	682
Ga0393488_57_1805_2314	CP000239.1:808141-808642|CDS|CYA_0798	88.235	442	48	3	70	509	61	500	7.53e-158	554
Ga0393488_58_20_271	CP000240.1:1624022-1625144|CDS|CYB_1549	97.619	252	6	0	1	252	871	1122	1.02e-120	428
Ga0393488_58_20_271	CP000239.1:1242267-1243389|CDS|CYA_1231	90.837	251	23	0	2	252	872	1122	7.84e-97	350
Ga0393488_58_249_995	CP000240.1:1623298-1624045|CDS|CYB_1548	99.197	747	6	0	1	747	1	747	0.0	1321
Ga0393488_58_249_995	CP000239.1:1241543-1242302|CDS|CYA_1230	84.873	747	113	0	1	747	13	759	0.0	838
Ga0393488_58_1139_1801	CP000240.1:1622492-1623155|CDS|CYB_1547	97.888	663	14	0	1	663	1	663	0.0	1133
Ga0393488_58_1890_2132	CP000240.1:1622161-1622404|CDS|CYB_1546	96.708	243	8	0	1	243	1	243	3.90e-113	403
Ga0393488_58_1890_2132	CP000239.1:1384523-1384889|CDS|CYA_1373	82.158	241	43	0	1	241	124	364	2.81e-64	242
Ga0393488_59_878_1894	CP000240.1:2321458-2322427|CDS|CYB_2213	96.904	969	30	0	49	1017	1	969	0.0	1613
Ga0393488_59_878_1894	CP000239.1:1352021-1353053|CDS|CYA_1339	86.601	1015	121	1	1	1015	31	1030	0.0	1227
Ga0393488_59_1917_2540	CP000240.1:2322454-2323450|CDS|CYB_2214	97.596	624	15	0	1	624	373	996	0.0	1058
Ga0393488_59_1917_2540	CP000239.1:1353065-1354061|CDS|CYA_1340	85.829	621	88	0	2	622	374	994	0.0	724
Ga0393488_60_505_1278	CP000240.1:2355469-2356333|CDS|CYB_2252	97.674	774	18	0	1	774	91	864	0.0	1315
Ga0393488_60_505_1278	CP000239.1:550815-551700|CDS|CYA_0535	87.297	740	94	0	2	741	92	831	0.0	911
Ga0393488_60_1320_1967	CP000240.1:2354502-2355138|CDS|CYB_2251	92.926	622	44	0	7	628	4	625	0.0	924
Ga0393488_60_2010_2525	CP000240.1:2353109-2353625|CDS|CYB_2248	99.612	516	2	0	1	516	1	516	0.0	922
Ga0393488_60_2010_2525	CP000239.1:471064-471580|CDS|CYA_0454	85.078	516	77	0	1	516	1	516	4.50e-167	584
Ga0393488_61_143_1411	CP000240.1:1664147-1665416|CDS|CYB_1592	99.606	1269	5	0	1	1269	1	1269	0.0	2267
Ga0393488_61_143_1411	CP000239.1:1443424-1444693|CDS|CYA_1437	93.617	1269	81	0	1	1269	1	1269	0.0	1924
Ga0393488_61_1756_2307	CP000240.1:1662795-1663902|CDS|CYB_1591	100.000	505	0	0	1	505	1	505	0.0	911
Ga0393488_61_1756_2307	CP000239.1:1446916-1447375|CDS|CYA_1440	99.563	458	2	0	1	458	1	458	0.0	818
Ga0393488_61_2396_2509	CP000239.1:1447463-1448585|CDS|CYA_1441	99.099	111	1	0	4	114	1012	1122	4.39e-51	196
Ga0393488_61_2396_2509	CP000240.1:1661585-1662707|CDS|CYB_1590	91.228	114	10	0	1	114	1009	1122	9.06e-41	161
Ga0393488_62_5_340	CP000240.1:816610-817510|CDS|CYB_0790	97.024	336	10	0	1	336	565	900	9.37e-161	562
Ga0393488_62_5_340	CP000239.1:461089-461983|CDS|CYA_0441	79.641	334	62	1	1	334	565	892	5.93e-81	297
Ga0393488_62_351_1460	CP000240.1:815415-816528|CDS|CYB_0789	98.524	1016	15	0	1	1016	1	1016	0.0	1765
Ga0393488_62_351_1460	CP000239.1:460002-461085|CDS|CYA_0440	79.072	1013	188	1	2	1014	8	996	0.0	889
Ga0393488_63_125_1099	CP000240.1:2402263-2403088|CDS|CYB_2297	94.424	825	46	0	151	975	1	825	0.0	1281
Ga0393488_63_125_1099	CP000239.1:2425127-2425949|CDS|CYA_2413	81.501	773	140	2	175	944	25	797	0.0	744
Ga0393488_63_1224_2174	CP000240.1:2401038-2401989|CDS|CYB_2296	97.266	951	26	0	1	951	1	951	0.0	1599
Ga0393488_63_1224_2174	CP000239.1:2427960-2428911|CDS|CYA_2417	86.575	946	127	0	1	946	1	946	0.0	1134
Ga0393488_64_153_389	CP000240.1:3002382-3002619|CDS|CYB_2902	99.578	237	1	0	1	237	1	237	4.05e-119	424
Ga0393488_64_153_389	CP000239.1:703050-703287|CDS|CYA_0695	99.156	237	2	0	1	237	1	237	4.93e-118	419
Ga0393488_64_153_389	CP000239.1:1366454-1366745|CDS|CYA_1355	87.336	229	29	0	1	229	55	283	8.94e-77	283
Ga0393488_64_898_1119	CP000239.1:703720-704017|CDS|CYA_0696	99.099	222	2	0	1	222	76	297	6.38e-110	392
Ga0393488_65_264_575	CP000240.1:2149331-2149643|CDS|CYB_2048	97.756	312	7	0	1	312	1	312	1.46e-151	532
Ga0393488_65_264_575	CP000240.1:2149241-2149673|CDS|CYB_2049	97.756	312	7	0	1	312	402	91	1.46e-151	532
Ga0393488_65_669_1379	CP000240.1:2148515-2149226|CDS|CYB_2047	98.025	709	14	0	1	709	1	709	0.0	1216
Ga0393488_65_669_1379	CP000239.1:82981-83692|CDS|CYA_0084	88.051	703	84	0	7	709	7	709	0.0	890
Ga0393488_65_1467_2054	CP000240.1:2147547-2148366|CDS|CYB_2046	95.400	587	27	0	1	587	232	818	0.0	938
Ga0393488_65_1467_2054	CP000239.1:82002-82824|CDS|CYA_0083	82.137	571	89	7	1	566	238	800	3.05e-157	551
Ga0393488_66_192_644	CP000240.1:831481-833314|CDS|CYB_0806	94.105	475	4	1	1	451	1357	1831	0.0	748
Ga0393488_66_192_644	CP000239.1:313287-315018|CDS|CYA_0308	71.930	456	92	3	4	447	1294	1725	4.80e-71	265
Ga0393488_66_648_1091	CP000240.1:831034-831478|CDS|CYB_0805	98.198	444	8	0	1	444	1	444	0.0	765
Ga0393488_66_648_1091	CP000239.1:312833-313277|CDS|CYA_0307	83.559	444	73	0	1	444	1	444	1.75e-133	472
Ga0393488_66_1233_1430	CP000240.1:830328-830916|CDS|CYB_0804	100.000	198	0	0	1	198	24	221	1.16e-99	358
Ga0393488_66_1233_1430	CP000239.1:312457-312718|CDS|CYA_0306	78.947	190	40	0	1	190	34	223	4.93e-41	163
Ga0393488_66_1513_1797	CP000240.1:830328-830916|CDS|CYB_0804	99.298	285	2	0	1	285	304	588	5.29e-144	506
Ga0393488_66_1513_1797	CP000239.1:312013-312340|CDS|CYA_0305	85.837	233	33	0	1	233	43	275	1.98e-73	272
Ga0393488_67_162_1016	CP000240.1:818330-819434|CDS|CYB_0793	96.564	844	29	0	3	846	258	1101	0.0	1392
Ga0393488_67_162_1016	CP000239.1:462768-463866|CDS|CYA_0444	82.109	844	151	0	3	846	252	1095	0.0	842
Ga0393488_67_1159_1440	CP000240.1:817934-818216|CDS|CYB_0792	99.291	282	2	0	1	282	1	282	2.22e-142	500
Ga0393488_67_1159_1440	CP000239.1:462385-462718|CDS|CYA_0443	81.633	294	36	5	1	282	46	333	3.77e-76	281
Ga0393488_67_1501_1848	CP000240.1:817509-817875|CDS|CYB_0791	96.970	330	10	0	1	330	1	330	1.76e-157	551
Ga0393488_67_1501_1848	CP000239.1:461982-462321|CDS|CYA_0442	83.333	348	49	1	1	348	1	339	3.40e-103	370
Ga0393488_67_1877_2041	CP000240.1:816610-817510|CDS|CYB_0790	96.970	165	5	0	1	165	194	30	8.87e-75	276
Ga0393488_67_1877_2041	CP000239.1:461089-461983|CDS|CYA_0441	82.550	149	26	0	16	164	179	31	7.29e-38	152
