Ga0393489_02_101_619	CP000240.1:380442-381219|CDS|CYB_0364	99.037	519	5	0	1	519	259	777	0.0	914
Ga0393489_02_101_619	CP000239.1:2250413-2251124|CDS|CYA_2236	81.637	452	78	3	1	450	259	707	1.81e-121	433
Ga0393489_02_983_2197	CP000240.1:2644164-2645358|CDS|CYB_2538	95.896	1194	49	0	22	1215	1	1194	0.0	1933
Ga0393489_02_983_2197	CP000240.1:638632-639850|CDS|CYB_0630	94.499	1218	43	1	22	1215	1	1218	0.0	1912
Ga0393489_02_983_2197	CP000240.1:1521392-1522610|CDS|CYB_1450	93.924	1218	50	1	22	1215	1	1218	0.0	1881
Ga0393489_02_983_2197	CP000240.1:1190675-1191869|CDS|CYB_1151	94.812	1195	60	2	22	1215	1	1194	0.0	1869
Ga0393489_02_983_2197	CP000240.1:1803089-1804283|CDS|CYB_1722	94.556	1194	65	0	22	1215	1	1194	0.0	1861
Ga0393489_02_983_2197	CP000240.1:1358129-1359347|CDS|CYB_1297	93.021	1218	61	1	22	1215	1	1218	0.0	1831
Ga0393489_02_983_2197	CP000240.1:52430-53648|CDS|CYB_0041	93.021	1218	61	1	22	1215	1	1218	0.0	1831
Ga0393489_02_983_2197	CP000240.1:2796782-2798000|CDS|CYB_2707	92.036	1218	73	1	22	1215	1	1218	0.0	1777
Ga0393489_02_983_2197	CP000239.1:2170714-2171908|CDS|CYA_2158	92.881	1194	85	0	22	1215	1	1194	0.0	1771
Ga0393489_02_983_2197	CP000240.1:3008652-3009870|CDS|CYB_2910	91.790	1218	76	1	22	1215	1	1218	0.0	1764
Ga0393489_02_983_2197	CP000240.1:1064975-1066169|CDS|CYB_1023	92.714	1194	87	0	22	1215	1	1194	0.0	1762
Ga0393489_02_983_2197	CP000239.1:774779-775973|CDS|CYA_0767	92.379	1194	91	0	22	1215	1	1194	0.0	1744
Ga0393489_02_983_2197	CP000240.1:1083184-1084426|CDS|CYB_1042	90.258	1242	73	2	22	1215	1	1242	0.0	1729
Ga0393489_02_983_2197	CP000240.1:1954838-1956056|CDS|CYB_1872	90.558	1218	91	1	22	1215	1	1218	0.0	1696
Ga0393489_02_983_2197	CP000240.1:2830275-2831565|CDS|CYB_2735	89.032	1240	71	3	22	1213	1	1223	0.0	1669
Ga0393489_02_983_2197	CP000240.1:481588-482800|CDS|CYB_0472	90.780	1193	108	2	22	1213	1	1192	0.0	1649
Ga0393489_02_983_2197	CP000239.1:712444-713638|CDS|CYA_0704	90.226	1197	111	2	22	1215	1	1194	0.0	1628
Ga0393489_02_983_2197	CP000240.1:2168360-2169515|CDS|CYB_2071	91.512	1131	96	0	22	1152	1	1131	0.0	1608
Ga0393489_02_983_2197	CP000240.1:2210858-2212052|CDS|CYB_2117	89.307	1197	122	2	22	1215	1	1194	0.0	1579
Ga0393489_02_983_2197	CP000239.1:629980-631174|CDS|CYA_0620	89.028	1194	131	0	22	1215	1	1194	0.0	1563
Ga0393489_02_983_2197	CP000240.1:2619921-2621115|CDS|CYB_2521	88.787	1195	132	2	22	1215	1	1194	0.0	1544
Ga0393489_02_983_2197	CP000240.1:2661652-2662870|CDS|CYB_2557	87.603	1218	127	1	22	1215	1	1218	0.0	1534
Ga0393489_02_983_2197	CP000240.1:2553363-2554557|CDS|CYB_2454	88.471	1197	132	2	22	1215	1	1194	0.0	1534
Ga0393489_02_983_2197	CP000240.1:1244785-1246021|CDS|CYB_1201	87.007	1216	134	1	22	1213	1	1216	0.0	1498
Ga0393489_02_983_2197	CP000240.1:1316312-1317548|CDS|CYB_1259	86.842	1216	136	1	22	1213	1	1216	0.0	1489
Ga0393489_02_983_2197	CP000240.1:102811-104029|CDS|CYB_0087	88.225	1155	112	1	22	1152	1	1155	0.0	1488
Ga0393489_02_983_2197	CP000240.1:2247371-2248565|CDS|CYB_2147	88.771	1131	127	0	22	1152	1	1131	0.0	1468
Ga0393489_02_983_2197	CP000240.1:1267756-1268992|CDS|CYB_1227	86.442	1217	139	3	22	1213	1	1216	0.0	1462
Ga0393489_02_983_2197	CP000239.1:1594889-1596107|CDS|CYA_1585	88.506	1131	130	0	22	1152	1	1131	0.0	1454
Ga0393489_02_983_2197	CP000240.1:629484-630702|CDS|CYB_0620	85.632	1218	151	1	22	1215	1	1218	0.0	1425
Ga0393489_02_983_2197	CP000240.1:2933473-2934709|CDS|CYB_2835	85.480	1219	147	5	22	1213	1	1216	0.0	1406
Ga0393489_02_983_2197	CP000239.1:994256-995468|CDS|CYA_0981	86.109	1195	160	2	22	1213	1	1192	0.0	1404
Ga0393489_02_983_2197	CP000240.1:241642-242836|CDS|CYB_0233	87.544	1132	139	2	22	1152	1	1131	0.0	1399
Ga0393489_02_983_2197	CP000240.1:605550-606744|CDS|CYB_0598	85.798	1197	164	2	22	1215	1	1194	0.0	1389
Ga0393489_02_983_2197	CP000240.1:1015074-1016268|CDS|CYB_0979	86.826	1131	149	0	22	1152	1	1131	0.0	1369
Ga0393489_02_983_2197	CP000239.1:893439-894633|CDS|CYA_0887	86.976	1121	146	0	22	1142	1	1121	0.0	1364
Ga0393489_02_983_2197	CP000239.1:698055-699204|CDS|CYA_0690	85.777	1146	139	1	22	1143	1	1146	0.0	1350
Ga0393489_02_983_2197	CP000240.1:1842322-1843549|CDS|CYB_1759	83.934	1220	168	3	22	1215	1	1218	0.0	1329
Ga0393489_02_983_2197	CP000240.1:1384265-1385459|CDS|CYB_1322	84.881	1131	171	0	22	1152	1	1131	0.0	1269
Ga0393489_02_983_2197	CP000240.1:345730-346924|CDS|CYB_0329	84.704	1131	173	0	22	1152	1	1131	0.0	1260
Ga0393489_02_983_2197	CP000240.1:2565689-2566883|CDS|CYB_2468	84.085	1131	180	0	22	1152	1	1131	0.0	1229
Ga0393489_02_983_2197	CP000240.1:2128026-2129220|CDS|CYB_2026	81.322	1135	204	7	22	1152	1	1131	0.0	1067
Ga0393489_02_983_2197	CP000240.1:2219258-2220470|CDS|CYB_2126	79.079	1195	244	5	22	1213	1	1192	0.0	1012
Ga0393489_02_983_2197	CP000239.1:693322-694534|CDS|CYA_0687	79.079	1195	244	5	22	1213	1	1192	0.0	1012
Ga0393489_02_983_2197	CP000240.1:2506708-2507857|CDS|CYB_2410	77.857	1129	130	5	22	1030	1	1129	0.0	995
Ga0393489_02_983_2197	CP000240.1:1763450-1764623|CDS|CYB_1688	78.767	1135	233	7	22	1152	1	1131	0.0	937
Ga0393489_02_983_2197	CP000240.1:1917270-1918464|CDS|CYB_1826	78.150	1135	240	7	22	1152	1	1131	0.0	905
Ga0393489_02_983_2197	CP000239.1:88305-89487|CDS|CYA_0091	75.668	1122	247	5	22	1136	1	1103	0.0	794
Ga0393489_02_2372_2740	CP000240.1:1102632-1103001|CDS|CYB_1065	98.645	369	5	0	1	369	1	369	0.0	644
Ga0393489_02_2372_2740	CP000239.1:1573799-1574174|CDS|CYA_1564	83.378	373	56	1	1	367	1	373	3.16e-110	395
Ga0393489_02_2789_4531	CP000240.1:1103049-1104822|CDS|CYB_1066	99.082	1743	16	0	1	1743	31	1773	0.0	3072
Ga0393489_02_2789_4531	CP000239.1:1571984-1573757|CDS|CYA_1563	86.601	1739	233	0	4	1742	34	1772	0.0	2086
Ga0393489_02_4697_5983	CP000240.1:1104957-1106244|CDS|CYB_1067	98.135	1287	24	0	1	1287	1	1287	0.0	2214
Ga0393489_02_4697_5983	CP000239.1:1570545-1571832|CDS|CYA_1562	90.598	1287	121	0	1	1287	1	1287	0.0	1776
Ga0393489_02_6108_6890	CP000240.1:1106375-1107158|CDS|CYB_1068	97.063	783	23	0	1	783	1	783	0.0	1309
Ga0393489_02_6108_6890	CP000239.1:1569645-1570428|CDS|CYA_1561	88.123	783	93	0	1	783	1	783	0.0	994
Ga0393489_02_7076_7396	CP000240.1:1107298-1107664|CDS|CYB_1069	98.131	321	6	0	1	321	46	366	4.62e-158	553
Ga0393489_02_7076_7396	CP000239.1:1569145-1569517|CDS|CYA_1560	83.438	320	47	2	4	317	49	368	2.25e-92	335
Ga0393489_03_802_3078	CP000240.1:600443-602654|CDS|CYB_0595	99.819	2211	4	0	67	2277	1	2211	0.0	3970
Ga0393489_03_802_3078	CP000239.1:885046-887242|CDS|CYA_0882	86.676	2214	274	5	67	2277	1	2196	0.0	2660
Ga0393489_03_3078_3800	CP000240.1:599721-600444|CDS|CYB_0594	100.000	723	0	0	1	723	1	723	0.0	1305
Ga0393489_03_3078_3800	CP000239.1:884333-885047|CDS|CYA_0881	85.201	723	98	1	1	723	1	714	0.0	826
Ga0393489_03_3800_5032	CP000240.1:598489-599722|CDS|CYB_0593	98.540	1233	18	0	1	1233	1	1233	0.0	2143
Ga0393489_03_3800_5032	CP000239.1:883110-884334|CDS|CYA_0880	84.996	1233	176	1	1	1233	1	1224	0.0	1394
Ga0393489_03_5029_5469	CP000240.1:598052-598493|CDS|CYB_0592	100.000	441	0	0	1	441	1	441	0.0	796
Ga0393489_03_5029_5469	CP000239.1:882667-883114|CDS|CYA_0879	85.202	446	60	1	1	440	1	446	2.41e-144	508
Ga0393489_03_5473_6120	CP000240.1:597401-598049|CDS|CYB_0591	99.846	648	1	0	1	648	1	648	0.0	1165
Ga0393489_03_6140_6991	CP000240.1:596530-597382|CDS|CYB_0590	100.000	852	0	0	1	852	1	852	0.0	1537
Ga0393489_03_6140_6991	CP000239.1:881676-882519|CDS|CYA_0877	87.089	852	101	1	1	852	1	843	0.0	1045
Ga0393489_04_584_787	CP000240.1:902717-902921|CDS|CYB_0871	98.529	204	3	0	1	204	1	204	1.46e-98	355
Ga0393489_04_584_787	CP000239.1:754759-754963|CDS|CYA_0746	86.829	205	25	2	1	204	1	204	2.31e-64	242
Ga0393489_04_827_2107	CP000240.1:902950-904129|CDS|CYB_0872	97.623	1178	28	0	103	1280	1	1178	0.0	1999
Ga0393489_04_827_2107	CP000239.1:754993-756178|CDS|CYA_0747	90.878	1184	108	0	97	1280	1	1184	0.0	1649
Ga0393489_04_2181_2504	CP000240.1:904304-904628|CDS|CYB_0873	99.074	324	3	0	1	324	1	324	1.74e-163	572
Ga0393489_04_2181_2504	CP000239.1:756345-756663|CDS|CYA_0748	86.149	296	41	0	29	324	23	318	1.03e-96	350
Ga0393489_04_2562_3143	CP000240.1:904685-905243|CDS|CYB_0874	99.283	558	4	0	25	582	1	558	0.0	989
Ga0393489_04_2562_3143	CP000239.1:756754-757312|CDS|CYA_0749	90.328	548	53	0	25	572	1	548	0.0	750
Ga0393489_04_3284_3538	CP000240.1:905386-905614|CDS|CYB_0875	96.930	228	7	0	28	255	1	228	4.69e-106	380
Ga0393489_04_3284_3538	CP000239.1:757385-757637|CDS|CYA_0750	88.353	249	29	0	1	249	1	249	1.35e-87	319
Ga0393489_04_3598_4260	CP000240.1:905700-906363|CDS|CYB_0877	99.698	663	2	0	1	663	1	663	0.0	1187
Ga0393489_04_4368_5060	CP000240.1:906380-907163|CDS|CYB_0878	99.423	693	4	0	1	693	91	783	0.0	1232
Ga0393489_04_4368_5060	CP000239.1:758347-759151|CDS|CYA_0753	85.570	693	94	3	4	693	115	804	0.0	792
Ga0393489_04_5190_6626	CP000240.1:907214-908729|CDS|CYB_0879	98.887	1437	16	0	1	1437	79	1515	0.0	2520
Ga0393489_04_5190_6626	CP000239.1:759188-760703|CDS|CYA_0754	87.352	1431	181	0	1	1431	79	1509	0.0	1765
Ga0393489_05_11_1069	CP000240.1:885360-886419|CDS|CYB_0852	94.145	1059	62	0	1	1059	1	1059	0.0	1631
Ga0393489_05_11_1069	CP000239.1:2367487-2368546|CDS|CYA_2360	86.686	1059	141	0	1	1059	1	1059	0.0	1275
Ga0393489_05_1173_2078	CP000240.1:884300-885257|CDS|CYB_0851	93.929	906	55	0	1	906	52	957	0.0	1387
Ga0393489_05_1173_2078	CP000239.1:2368607-2369564|CDS|CYA_2361	87.335	908	111	4	1	906	52	957	0.0	1105
Ga0393489_05_2403_3368	CP000240.1:883062-884091|CDS|CYB_0850	99.275	966	7	0	1	966	64	1029	0.0	1711
Ga0393489_05_2403_3368	CP000239.1:2369786-2370812|CDS|CYA_2362	91.381	963	83	0	4	966	64	1026	0.0	1363
Ga0393489_05_3393_4388	CP000240.1:882042-883038|CDS|CYB_0849	97.992	996	20	0	1	996	1	996	0.0	1707
Ga0393489_05_3393_4388	CP000239.1:1235826-1236822|CDS|CYA_1224	84.639	996	153	0	1	996	1	996	0.0	1107
Ga0393489_05_4510_4959	CP000240.1:881471-881912|CDS|CYB_0848	99.320	441	3	0	10	450	1	441	0.0	783
Ga0393489_05_4510_4959	CP000239.1:1236951-1237392|CDS|CYA_1226	82.540	441	77	0	10	450	1	441	2.02e-126	449
Ga0393489_05_5037_5951	CP000240.1:880479-881394|CDS|CYB_0847	99.563	915	4	0	1	915	1	915	0.0	1633
Ga0393489_05_5037_5951	CP000239.1:1237545-1238460|CDS|CYA_1227	80.241	911	180	0	1	911	1	911	0.0	832
Ga0393489_05_6323_6883	CP000240.1:879471-879990|CDS|CYB_0846	99.037	519	5	0	43	561	1	519	0.0	914
Ga0393489_05_7011_7484	CP000240.1:878589-879339|CDS|CYB_0845	95.148	474	23	0	1	474	277	750	0.0	752
Ga0393489_06_461_1372	CP000240.1:1827308-1828232|CDS|CYB_1744	99.452	912	5	0	1	912	13	924	0.0	1623
Ga0393489_06_461_1372	CP000239.1:866402-867308|CDS|CYA_0859	87.281	912	110	1	1	912	1	906	0.0	1123
Ga0393489_06_1589_2341	CP000240.1:1826361-1827114|CDS|CYB_1743	99.867	753	1	0	1	753	1	753	0.0	1354
Ga0393489_06_1589_2341	CP000239.1:865477-866230|CDS|CYA_0858	86.515	749	101	0	1	749	1	749	0.0	896
Ga0393489_06_2599_3753	CP000240.1:95175-96330|CDS|CYB_0081	98.182	1155	21	0	1	1155	1	1155	0.0	1989
Ga0393489_06_2599_3753	CP000240.1:269596-270751|CDS|CYB_0258	97.143	1155	33	0	1	1155	1	1155	0.0	1935
Ga0393489_06_2599_3753	CP000240.1:1235562-1236717|CDS|CYB_1195	96.797	1155	37	0	1	1155	1	1155	0.0	1917
Ga0393489_06_2599_3753	CP000240.1:2789871-2791026|CDS|CYB_2701	96.710	1155	38	0	1	1155	1	1155	0.0	1912
Ga0393489_06_2599_3753	CP000240.1:2745261-2746416|CDS|CYB_2657	96.364	1155	42	0	1	1155	1	1155	0.0	1894
Ga0393489_06_2599_3753	CP000240.1:559712-560867|CDS|CYB_0548	96.190	1155	44	0	1	1155	1	1155	0.0	1885
Ga0393489_06_2599_3753	CP000240.1:1824951-1826106|CDS|CYB_1742	96.017	1155	46	0	1	1155	1	1155	0.0	1876
Ga0393489_06_3977_4711	CP000240.1:1823993-1824728|CDS|CYB_1741	99.592	735	3	0	1	735	1	735	0.0	1313
Ga0393489_06_3977_4711	CP000239.1:2658592-2659321|CDS|CYA_2643	86.345	725	99	0	1	725	1	725	0.0	862
Ga0393489_06_4958_6199	CP000240.1:1822505-1823747|CDS|CYB_1740	99.678	1242	4	0	1	1242	1	1242	0.0	2223
Ga0393489_06_4958_6199	CP000239.1:2659823-2661062|CDS|CYA_2644	83.717	1130	184	0	1	1130	1	1130	0.0	1209
Ga0393489_07_369_1058	CP000240.1:1401744-1402434|CDS|CYB_1337	99.420	690	4	0	1	690	1	690	0.0	1227
Ga0393489_07_369_1058	CP000239.1:811826-812486|CDS|CYA_0801	88.685	654	74	0	36	689	6	659	0.0	847
Ga0393489_07_1129_2475	CP000240.1:1400327-1401674|CDS|CYB_1336	98.293	1347	23	0	1	1347	1	1347	0.0	2326
Ga0393489_07_1129_2475	CP000239.1:812562-813909|CDS|CYA_0802	87.825	1347	164	0	1	1347	1	1347	0.0	1691
Ga0393489_07_3305_5365	CP000240.1:1397454-1399515|CDS|CYB_1335	97.525	2061	51	0	1	2061	1	2061	0.0	3488
Ga0393489_07_3305_5365	CP000239.1:814451-816473|CDS|CYA_0803	83.547	2030	319	3	1	2030	1	2015	0.0	2156
Ga0393489_07_5398_6006	CP000240.1:1395355-1397422|CDS|CYB_1334	97.647	595	14	0	15	609	1473	2067	0.0	1011
Ga0393489_07_5398_6006	CP000239.1:1129062-1131117|CDS|CYA_1104	82.051	585	104	1	15	598	1440	2024	2.28e-165	579
Ga0393489_08_1246_3546	CP000240.1:1479695-1481996|CDS|CYB_1412	96.871	2301	72	0	1	2301	1	2301	0.0	3826
Ga0393489_08_1246_3546	CP000239.1:2200784-2203076|CDS|CYA_2183	79.339	2299	453	11	1	2294	1	2282	0.0	1975
Ga0393489_08_3823_5433	CP000240.1:1482256-1483867|CDS|CYB_1414	98.759	1611	20	0	1	1611	1	1611	0.0	2816
Ga0393489_08_3823_5433	CP000239.1:2764602-2766219|CDS|CYA_2744	80.854	1546	272	8	68	1610	68	1592	0.0	1440
Ga0393489_09_644_1165	CP000240.1:2496371-2497004|CDS|CYB_2396	95.211	522	25	0	1	522	112	633	0.0	829
Ga0393489_09_644_1165	CP000239.1:1072186-1072819|CDS|CYA_1055	83.430	519	86	0	4	522	115	633	9.40e-157	549
Ga0393489_09_1188_2015	CP000240.1:2495572-2496349|CDS|CYB_2395	96.782	777	25	0	52	828	1	777	0.0	1289
Ga0393489_09_1188_2015	CP000239.1:1072831-1073605|CDS|CYA_1056	88.312	770	90	0	55	824	1	770	0.0	984
Ga0393489_09_2048_2245	CP000240.1:2495291-2495489|CDS|CYB_2394	96.970	198	6	0	1	198	1	198	1.61e-91	331
Ga0393489_09_2048_2245	CP000239.1:1073704-1073902|CDS|CYA_1057	88.889	198	22	0	1	198	1	198	8.34e-70	259
Ga0393489_09_2233_3330	CP000240.1:2494155-2495304|CDS|CYB_2393	91.629	1099	90	2	1	1098	52	1149	0.0	1561
Ga0393489_09_2233_3330	CP000239.1:1073889-1075026|CDS|CYA_1058	87.887	1098	133	0	1	1098	40	1137	0.0	1381
Ga0393489_09_3569_3721	CP000240.1:2493815-2493974|CDS|CYB_2392	98.693	153	2	0	1	153	7	159	1.21e-72	268
Ga0393489_09_3918_4994	CP000240.1:2492542-2493619|CDS|CYB_2391	98.886	1077	12	0	1	1077	1	1077	0.0	1889
Ga0393489_09_3918_4994	CP000239.1:954668-955745|CDS|CYA_0944	82.376	1027	181	0	43	1069	43	1069	0.0	1037
Ga0393489_10_948_2048	CP000240.1:2875216-2876317|CDS|CYB_2780	98.728	1101	14	0	1	1101	1	1101	0.0	1923
Ga0393489_10_948_2048	CP000239.1:122378-123428|CDS|CYA_0129	85.783	1034	132	2	68	1101	32	1050	0.0	1207
Ga0393489_10_2488_4410	CP000240.1:2872846-2874769|CDS|CYB_2779	97.296	1923	52	0	1	1923	1	1923	0.0	3234
Ga0393489_10_2488_4410	CP000239.1:119961-121887|CDS|CYA_0128	90.729	1920	178	0	1	1920	1	1920	0.0	2661
Ga0393489_10_4524_4763	CP000240.1:2872502-2872742|CDS|CYB_2778	95.798	238	10	0	1	238	1	238	1.03e-107	385
Ga0393489_10_4524_4763	CP000239.1:1908706-1909300|CDS|CYA_1898	68.778	221	61	2	5	221	359	575	1.35e-17	86.9
Ga0393489_11_4_1323	CP000240.1:1013237-1014965|CDS|CYB_0977	97.727	1320	30	0	1	1320	409	1728	0.0	2246
Ga0393489_11_4_1323	CP000239.1:159946-161716|CDS|CYA_0165	89.318	1320	141	0	1	1320	451	1770	0.0	1746
Ga0393489_11_1293_2507	CP000240.1:1012023-1013241|CDS|CYB_0978	99.916	1187	1	0	1	1187	31	1217	0.0	2137
Ga0393489_11_1293_2507	CP000239.1:161685-162930|CDS|CYA_0164	88.724	1215	137	0	1	1215	31	1245	0.0	1574
Ga0393489_11_2551_3549	CP000240.1:1011011-1012010|CDS|CYB_0976	99.399	999	6	0	1	999	1	999	0.0	1775
Ga0393489_11_2551_3549	CP000239.1:162932-163925|CDS|CYA_0166	85.743	982	137	1	13	991	1	982	0.0	1139
Ga0393489_11_3802_3897	CP000240.1:1009688-1010732|CDS|CYB_0974	97.872	94	2	0	1	94	949	1042	7.29e-41	161
Ga0393489_11_3802_3897	CP000239.1:2147593-2148640|CDS|CYA_2134	82.609	92	14	1	1	92	952	1041	1.08e-19	92.4
Ga0393489_12_311_1540	CP000240.1:133904-135134|CDS|CYB_0121	98.293	1230	21	0	1	1230	1	1230	0.0	2124
Ga0393489_12_311_1540	CP000239.1:2396574-2397813|CDS|CYA_2387	87.757	1217	149	0	1	1217	1	1217	0.0	1524
Ga0393489_12_1610_2002	CP000240.1:135203-135632|CDS|CYB_0122	98.728	393	5	0	1	393	37	429	0.0	687
Ga0393489_12_1610_2002	CP000239.1:408403-408787|CDS|CYA_0393	82.123	358	64	0	36	393	27	384	2.44e-99	358
Ga0393489_12_2126_2797	CP000240.1:135719-136391|CDS|CYB_0123	98.512	672	10	0	1	672	1	672	0.0	1168
Ga0393489_12_2126_2797	CP000239.1:408910-409588|CDS|CYA_0394	87.097	651	82	2	1	650	1	650	0.0	789
Ga0393489_12_3003_3299	CP000240.1:136596-136893|CDS|CYB_0124	100.000	297	0	0	1	297	1	297	3.27e-153	536
Ga0393489_12_3003_3299	CP000239.1:549833-550130|CDS|CYA_0533	81.818	275	50	0	1	275	1	275	2.07e-73	271
Ga0393489_12_3319_3453	CP000240.1:136912-137173|CDS|CYB_0125	100.000	135	0	0	1	135	127	261	1.19e-65	244
Ga0393489_12_3319_3453	CP000239.1:549521-549782|CDS|CYA_0532	86.567	134	18	0	1	134	127	260	1.11e-40	161
Ga0393489_14_198_884	CP000240.1:1951690-1952341|CDS|CYB_1868	99.078	651	6	0	37	687	1	651	0.0	1148
Ga0393489_14_198_884	CP000239.1:2730797-2731442|CDS|CYA_2713	84.109	623	93	1	37	659	1	617	0.0	679
Ga0393489_14_999_2021	CP000240.1:1950553-1951576|CDS|CYB_1867	97.849	1023	22	0	1	1023	1	1023	0.0	1746
Ga0393489_14_999_2021	CP000239.1:1909496-1910519|CDS|CYA_1899	86.742	973	129	0	47	1019	47	1019	0.0	1174
Ga0393489_14_2228_2821	CP000240.1:1949758-1950352|CDS|CYB_1866	96.801	594	19	0	1	594	1	594	0.0	986
Ga0393489_14_2228_2821	CP000239.1:1908706-1909300|CDS|CYA_1898	85.690	587	84	0	1	587	1	587	0.0	681
Ga0393489_15_1535_2599	CP000240.1:749862-750927|CDS|CYB_0729	95.587	1065	47	0	1	1065	1	1065	0.0	1709
Ga0393489_15_1535_2599	CP000239.1:1260708-1261710|CDS|CYA_1249	74.056	1033	232	4	33	1065	6	1002	0.0	670
Ga0393489_17_103_1038	CP000240.1:504358-505294|CDS|CYB_0491	98.077	936	18	0	1	936	1	936	0.0	1608
Ga0393489_17_103_1038	CP000239.1:1913691-1914624|CDS|CYA_1903	84.715	929	139	1	1	929	1	926	0.0	1034
Ga0393489_17_1160_2164	CP000240.1:503232-504237|CDS|CYB_0490	99.001	1001	10	0	1	1001	1	1001	0.0	1761
Ga0393489_17_1160_2164	CP000239.1:1912538-1913453|CDS|CYA_1902	76.688	918	199	7	94	1005	7	915	0.0	673
Ga0393489_18_1617_2165	CP000240.1:1819552-1820191|CDS|CYB_1738	99.454	549	3	0	1	549	91	639	0.0	977
Ga0393489_18_1617_2165	CP000239.1:2661087-2661723|CDS|CYA_2645	86.531	542	70	1	1	542	91	629	0.0	647
Ga0393489_20_1548_2276	CP000240.1:1414777-1415764|CDS|CYB_1346	97.805	729	16	0	1	729	259	987	0.0	1243
Ga0393489_20_1548_2276	CP000239.1:802084-803077|CDS|CYA_0793	83.562	730	118	2	1	729	265	993	0.0	769
Ga0393489_21_29_1429	CP000240.1:2511617-2514026|CDS|CYB_2416	95.218	1401	67	0	1	1401	1009	2409	0.0	2225
Ga0393489_21_29_1429	CP000239.1:2668682-2671094|CDS|CYA_2653	85.408	1398	204	0	2	1399	1013	2410	0.0	1602
Ga0393489_21_1470_1808	CP000240.1:2511196-2511577|CDS|CYB_2415	88.714	381	1	1	1	339	1	381	1.95e-150	527
Ga0393489_23_54_578	CP000240.1:2828629-2830276|CDS|CYB_2733	96.381	525	19	0	1	525	1123	1647	0.0	862
Ga0393489_23_54_578	CP000239.1:2057849-2059484|CDS|CYA_2038	84.534	472	73	0	1	472	1108	1579	1.31e-148	523
Ga0393489_23_575_1675	CP000240.1:2827532-2828633|CDS|CYB_2734	98.093	1101	21	0	1	1101	1	1101	0.0	1892
Ga0393489_23_575_1675	CP000239.1:2056744-2057839|CDS|CYA_2037	88.465	1101	121	1	1	1101	1	1095	0.0	1415
