Ga0393512_01_1414_1848	CP000240.1:2267645-2268005|CDS|CYB_2164	96.944	360	11	0	76	435	1	360	4.89e-172	600
Ga0393512_01_1414_1848	CP000239.1:2685241-2685592|CDS|CYA_2668	82.778	360	53	2	76	435	1	351	1.50e-102	370
Ga0393512_01_2026_3018	CP000240.1:2268251-2269172|CDS|CYB_2165	98.371	921	15	0	73	993	1	921	0.0	1594
Ga0393512_01_2026_3018	CP000239.1:2685874-2686795|CDS|CYA_2670	88.708	921	104	0	73	993	1	921	0.0	1193
Ga0393512_01_3111_3833	CP000240.1:2269264-2269984|CDS|CYB_2166	96.957	723	19	1	1	723	1	720	0.0	1204
Ga0393512_01_3111_3833	CP000239.1:2686874-2687585|CDS|CYA_2671	84.488	722	100	2	2	723	2	711	0.0	800
Ga0393512_01_3932_5515	CP000240.1:2270082-2271666|CDS|CYB_2167	96.970	1584	48	0	1	1584	1	1584	0.0	2641
Ga0393512_01_3932_5515	CP000239.1:2687652-2689266|CDS|CYA_2672	84.132	1607	225	6	1	1577	1	1607	0.0	1749
Ga0393512_01_5532_6485	CP000240.1:2271678-2272701|CDS|CYB_2168	90.041	984	29	3	1	954	79	1023	0.0	1382
Ga0393512_01_5532_6485	CP000239.1:2689278-2690304|CDS|CYA_2673	81.562	960	159	2	1	954	79	1026	0.0	941
Ga0393512_01_6521_7378	CP000240.1:2272658-2273516|CDS|CYB_2169	96.154	858	33	0	1	858	1	858	0.0	1399
Ga0393512_01_6521_7378	CP000239.1:2690261-2691098|CDS|CYA_2674	87.909	794	84	1	65	858	56	837	0.0	1006
Ga0393512_01_7566_8402	CP000240.1:2273703-2274516|CDS|CYB_2170	97.417	813	21	0	25	837	1	813	0.0	1372
Ga0393512_01_7566_8402	CP000239.1:2691229-2692081|CDS|CYA_2675	87.407	810	102	0	17	826	2	811	0.0	1002
Ga0393512_01_8672_9229	CP000240.1:2274846-2275374|CDS|CYB_2171	99.242	528	4	0	31	558	1	528	0.0	935
Ga0393512_01_8672_9229	CP000239.1:2692423-2693002|CDS|CYA_2676	83.366	511	76	4	31	535	1	508	9.44e-151	529
Ga0393512_01_9591_11066	CP000240.1:2275712-2277212|CDS|CYB_2173	98.509	1476	22	0	1	1476	25	1500	0.0	2563
Ga0393512_01_9591_11066	CP000239.1:2693305-2694793|CDS|CYA_2678	83.700	1454	225	3	1	1454	25	1466	0.0	1552
Ga0393512_01_11207_12436	CP000240.1:2277226-2278432|CDS|CYB_2174	90.008	1231	97	3	1	1230	1	1206	0.0	1676
Ga0393512_01_11207_12436	CP000239.1:1196823-1198029|CDS|CYA_1181	89.350	1230	107	1	1	1230	1	1206	0.0	1645
Ga0393512_01_11207_12436	CP000239.1:229316-230522|CDS|CYA_0226	89.350	1230	107	1	1	1230	1	1206	0.0	1645
Ga0393512_01_11207_12436	CP000239.1:1995329-1996559|CDS|CYA_1977	89.187	1230	109	1	1	1230	25	1230	0.0	1636
Ga0393512_01_12552_13862	CP000240.1:2278763-2280074|CDS|CYB_2175	95.782	1304	55	0	8	1311	8	1311	0.0	2104
Ga0393512_01_12552_13862	CP000239.1:126727-128053|CDS|CYA_0131	85.901	1298	183	0	1	1298	1	1298	0.0	1517
Ga0393512_01_14001_15236	CP000239.1:2170714-2171908|CDS|CYA_2158	94.007	1218	49	1	19	1236	1	1194	0.0	1885
Ga0393512_01_14001_15236	CP000240.1:1954838-1956056|CDS|CYB_1872	92.754	1242	42	3	19	1236	1	1218	0.0	1865
Ga0393512_01_14001_15236	CP000240.1:1083184-1084426|CDS|CYB_1042	91.627	1266	34	4	19	1236	1	1242	0.0	1853
Ga0393512_01_14001_15236	CP000239.1:774779-775973|CDS|CYA_0767	92.200	1218	71	2	19	1236	1	1194	0.0	1782
Ga0393512_01_14001_15236	CP000240.1:2168360-2169515|CDS|CYB_2071	93.680	1155	49	1	19	1173	1	1131	0.0	1772
Ga0393512_01_14001_15236	CP000240.1:1803089-1804283|CDS|CYB_1722	91.708	1218	77	1	19	1236	1	1194	0.0	1759
Ga0393512_01_14001_15236	CP000240.1:2644164-2645358|CDS|CYB_2538	91.544	1218	79	1	19	1236	1	1194	0.0	1750
Ga0393512_01_14001_15236	CP000239.1:712444-713638|CDS|CYA_0704	91.297	1218	82	1	19	1236	1	1194	0.0	1737
Ga0393512_01_14001_15236	CP000240.1:2796782-2798000|CDS|CYB_2707	90.258	1242	73	3	19	1236	1	1218	0.0	1725
Ga0393512_01_14001_15236	CP000240.1:52430-53648|CDS|CYB_0041	89.372	1242	84	3	19	1236	1	1218	0.0	1675
Ga0393512_01_14001_15236	CP000240.1:2210858-2212052|CDS|CYB_2117	89.984	1218	98	1	19	1236	1	1194	0.0	1664
Ga0393512_01_14001_15236	CP000240.1:3008652-3009870|CDS|CYB_2910	88.889	1242	90	2	19	1236	1	1218	0.0	1653
Ga0393512_01_14001_15236	CP000240.1:638632-639850|CDS|CYB_0630	88.567	1242	94	2	19	1236	1	1218	0.0	1635
Ga0393512_01_14001_15236	CP000240.1:2830275-2831565|CDS|CYB_2735	87.579	1264	68	5	19	1234	1	1223	0.0	1630
Ga0393512_01_14001_15236	CP000240.1:1190675-1191869|CDS|CYB_1151	89.418	1219	103	3	19	1236	1	1194	0.0	1627
Ga0393512_01_14001_15236	CP000239.1:629980-631174|CDS|CYA_0620	89.245	1218	107	1	19	1236	1	1194	0.0	1624
Ga0393512_01_14001_15236	CP000240.1:2553363-2554557|CDS|CYB_2454	89.163	1218	108	1	19	1236	1	1194	0.0	1619
Ga0393512_01_14001_15236	CP000240.1:1521392-1522610|CDS|CYB_1450	87.762	1242	104	2	19	1236	1	1218	0.0	1590
Ga0393512_01_14001_15236	CP000240.1:1358129-1359347|CDS|CYB_1297	87.681	1242	105	2	19	1236	1	1218	0.0	1585
Ga0393512_01_14001_15236	CP000240.1:1064975-1066169|CDS|CYB_1023	87.438	1218	129	2	19	1236	1	1194	0.0	1520
Ga0393512_01_14001_15236	CP000240.1:481588-482800|CDS|CYB_0472	87.099	1217	131	3	19	1234	1	1192	0.0	1498
Ga0393512_01_14001_15236	CP000240.1:2619921-2621115|CDS|CYB_2521	86.382	1219	140	3	19	1236	1	1194	0.0	1461
Ga0393512_01_14001_15236	CP000240.1:1316312-1317548|CDS|CYB_1259	85.323	1240	134	2	19	1234	1	1216	0.0	1451
Ga0393512_01_14001_15236	CP000240.1:2247371-2248565|CDS|CYB_2147	87.446	1155	121	1	19	1173	1	1131	0.0	1447
Ga0393512_01_14001_15236	CP000240.1:2661652-2662870|CDS|CYB_2557	84.944	1242	139	3	19	1236	1	1218	0.0	1427
Ga0393512_01_14001_15236	CP000240.1:1267756-1268992|CDS|CYB_1227	84.932	1241	137	4	19	1234	1	1216	0.0	1423
Ga0393512_01_14001_15236	CP000239.1:1594889-1596107|CDS|CYA_1585	86.840	1155	128	1	19	1173	1	1131	0.0	1416
Ga0393512_01_14001_15236	CP000240.1:629484-630702|CDS|CYB_0620	84.461	1242	145	2	19	1236	1	1218	0.0	1405
Ga0393512_01_14001_15236	CP000240.1:1244785-1246021|CDS|CYB_1201	84.274	1240	147	2	19	1234	1	1216	0.0	1392
Ga0393512_01_14001_15236	CP000240.1:2933473-2934709|CDS|CYB_2835	83.669	1243	149	6	19	1234	1	1216	0.0	1349
Ga0393512_01_14001_15236	CP000240.1:605550-606744|CDS|CYB_0598	84.319	1218	167	2	19	1236	1	1194	0.0	1349
Ga0393512_01_14001_15236	CP000239.1:994256-995468|CDS|CYA_0981	83.717	1216	174	1	19	1234	1	1192	0.0	1318
Ga0393512_01_14001_15236	CP000240.1:102811-104029|CDS|CYB_0087	83.885	1179	142	2	19	1173	1	1155	0.0	1305
Ga0393512_01_14001_15236	CP000239.1:893439-894633|CDS|CYA_0887	84.675	1155	153	1	19	1173	1	1131	0.0	1303
Ga0393512_01_14001_15236	CP000240.1:241642-242836|CDS|CYB_0233	84.516	1156	153	3	19	1173	1	1131	0.0	1288
Ga0393512_01_14001_15236	CP000239.1:698055-699204|CDS|CYA_0690	83.518	1171	145	3	19	1165	1	1147	0.0	1272
Ga0393512_01_14001_15236	CP000240.1:1842322-1843549|CDS|CYB_1759	82.358	1230	165	5	19	1222	1	1204	0.0	1265
Ga0393512_01_14001_15236	CP000240.1:1384265-1385459|CDS|CYB_1322	83.117	1155	171	2	19	1173	1	1131	0.0	1217
Ga0393512_01_14001_15236	CP000240.1:1015074-1016268|CDS|CYB_0979	82.771	1155	175	1	19	1173	1	1131	0.0	1204
Ga0393512_01_14001_15236	CP000240.1:345730-346924|CDS|CYB_0329	82.771	1155	175	1	19	1173	1	1131	0.0	1204
Ga0393512_01_14001_15236	CP000240.1:2565689-2566883|CDS|CYB_2468	81.732	1155	187	1	19	1173	1	1131	0.0	1150
Ga0393512_01_14001_15236	CP000239.1:693322-694534|CDS|CYA_0687	80.753	1221	201	6	19	1234	1	1192	0.0	1147
Ga0393512_01_14001_15236	CP000240.1:2128026-2129220|CDS|CYB_2026	81.912	1161	174	8	19	1173	1	1131	0.0	1144
Ga0393512_01_14001_15236	CP000240.1:2219258-2220470|CDS|CYB_2126	80.344	1221	206	6	19	1234	1	1192	0.0	1124
Ga0393512_01_14001_15236	CP000240.1:1763450-1764623|CDS|CYB_1688	80.276	1161	193	8	19	1173	1	1131	0.0	1058
Ga0393512_01_14001_15236	CP000240.1:2506708-2507857|CDS|CYB_2410	79.012	1134	142	4	19	1056	1	1134	0.0	1041
Ga0393512_01_14001_15236	CP000240.1:1917270-1918464|CDS|CYB_1826	79.414	1161	203	8	19	1173	1	1131	0.0	1013
Ga0393512_01_14001_15236	CP000239.1:88305-89487|CDS|CYA_0091	73.094	1141	257	6	24	1157	6	1103	0.0	692
Ga0393512_01_15391_15711	CP000239.1:128273-128594|CDS|CYA_0134	86.293	321	44	0	1	321	1	321	1.73e-106	381
Ga0393512_01_15391_15711	CP000240.1:2286472-2286817|CDS|CYB_2180	86.335	322	42	2	1	321	25	345	7.34e-105	376
Ga0393512_01_15725_16579	CP000240.1:2286827-2288714|CDS|CYB_2181	97.041	845	25	0	1	845	1027	1871	0.0	1412
Ga0393512_01_15725_16579	CP000239.1:128590-130471|CDS|CYA_0133	88.561	848	97	0	2	849	1022	1869	0.0	1093
Ga0393512_02_717_1088	CP000240.1:1766987-1767338|CDS|CYB_1690	99.715	351	1	0	22	372	1	351	0.0	629
Ga0393512_02_717_1088	CP000239.1:321182-321554|CDS|CYA_0312	84.097	371	59	0	1	371	1	371	6.16e-113	404
Ga0393512_02_1495_3243	CP000240.1:1764691-1766560|CDS|CYB_1689	97.827	1749	38	0	1	1749	121	1869	0.0	2984
Ga0393512_02_1495_3243	CP000239.1:318964-320803|CDS|CYA_0311	86.106	1749	223	5	2	1749	110	1839	0.0	2055
Ga0393512_02_3651_4403	CP000240.1:1762378-1763188|CDS|CYB_1686	96.946	753	23	0	1	753	58	810	0.0	1255
Ga0393512_02_4400_5338	CP000240.1:1761443-1762382|CDS|CYB_1687	95.736	938	40	0	1	938	1	938	0.0	1512
Ga0393512_02_4400_5338	CP000239.1:317852-318755|CDS|CYA_0310	87.444	900	113	0	39	938	3	902	0.0	1114
Ga0393512_02_5492_6187	CP000240.1:1760502-1761384|CDS|CYB_1685	96.695	696	23	0	1	696	187	882	0.0	1152
Ga0393512_02_5492_6187	CP000239.1:252952-253825|CDS|CYA_0249	82.184	696	115	2	1	696	187	873	0.0	696
Ga0393512_02_6370_6804	CP000240.1:1760071-1760506|CDS|CYB_1684	98.851	435	5	0	1	435	1	435	0.0	763
Ga0393512_02_6370_6804	CP000239.1:252521-252956|CDS|CYA_0248	88.276	435	51	0	1	435	1	435	1.82e-158	555
Ga0393512_02_6926_8260	CP000240.1:1758619-1759954|CDS|CYB_1683	97.978	1335	27	0	1	1335	1	1335	0.0	2287
Ga0393512_02_6926_8260	CP000239.1:2921617-2922979|CDS|CYA_2897	88.123	1305	155	0	1	1305	1	1305	0.0	1655
Ga0393512_02_8547_8897	CP000240.1:1757982-1758333|CDS|CYB_1682	99.715	351	1	0	1	351	1	351	0.0	629
Ga0393512_02_8547_8897	CP000239.1:2736468-2736819|CDS|CYA_2716	84.337	332	52	0	1	332	1	332	1.45e-101	365
Ga0393512_02_9201_10571	CP000240.1:1756308-1757748|CDS|CYB_1680	97.155	1371	39	0	1	1371	70	1440	0.0	2297
Ga0393512_02_9201_10571	CP000239.1:2734802-2736242|CDS|CYA_2715	87.061	1368	168	3	1	1362	70	1434	0.0	1664
Ga0393512_02_10651_11445	CP000240.1:1755422-1756076|CDS|CYB_1679	96.557	639	22	0	154	792	1	639	0.0	1054
Ga0393512_02_11623_12705	CP000240.1:1754172-1755243|CDS|CYB_1678	98.786	1071	13	0	13	1083	1	1071	0.0	1874
Ga0393512_02_11623_12705	CP000239.1:1475004-1476111|CDS|CYA_1467	86.896	1076	141	0	1	1076	1	1076	0.0	1306
Ga0393512_02_12763_13689	CP000240.1:1753188-1754115|CDS|CYB_1677	98.166	927	17	0	1	927	1	927	0.0	1596
Ga0393512_02_12763_13689	CP000239.1:1476142-1477069|CDS|CYA_1468	81.985	927	167	0	1	927	1	927	0.0	920
Ga0393512_02_13887_13982	CP000240.1:1752901-1752997|CDS|CYB_1676	97.917	96	2	0	1	96	1	96	5.98e-42	165
Ga0393512_02_13887_13982	CP000239.1:1477083-1477329|CDS|CYA_1469	75.789	95	23	0	1	95	151	245	1.24e-12	68.9
Ga0393512_02_14026_15237	CP000240.1:1751646-1752858|CDS|CYB_1675	97.772	1212	27	0	1	1212	1	1212	0.0	2065
Ga0393512_02_14026_15237	CP000239.1:1477377-1478613|CDS|CYA_1470	75.946	1110	233	9	108	1194	135	1233	0.0	789
Ga0393512_03_118_741	CP000240.1:1452737-1454039|CDS|CYB_1382	96.629	623	21	0	2	624	680	1302	0.0	1030
Ga0393512_03_118_741	CP000239.1:1363310-1364600|CDS|CYA_1353	78.010	623	137	0	2	624	668	1290	1.21e-143	507
Ga0393512_03_6254_6952	CP000240.1:2054275-2054974|CDS|CYB_1958	97.711	699	16	0	1	699	1	699	0.0	1189
Ga0393512_03_7153_7788	CP000240.1:2055174-2055810|CDS|CYB_1959	99.843	636	1	0	1	636	1	636	0.0	1143
Ga0393512_03_7153_7788	CP000239.1:1111861-1112482|CDS|CYA_1090	78.404	639	117	6	1	636	1	621	1.61e-148	523
Ga0393512_03_7792_8616	CP000240.1:2055813-2056638|CDS|CYB_1960	99.758	825	2	0	1	825	1	825	0.0	1480
Ga0393512_03_7792_8616	CP000239.1:1112485-1113340|CDS|CYA_1091	83.203	768	129	0	8	775	14	781	0.0	804
Ga0393512_03_8852_9976	CP000240.1:2056921-2057998|CDS|CYB_1961	98.422	1077	17	0	49	1125	1	1077	0.0	1866
Ga0393512_03_8852_9976	CP000239.1:1113641-1114718|CDS|CYA_1092	88.301	1077	126	0	49	1125	1	1077	0.0	1375
Ga0393512_03_9993_10805	CP000240.1:2058014-2058827|CDS|CYB_1962	97.171	813	23	0	1	813	1	813	0.0	1363
Ga0393512_03_9993_10805	CP000239.1:1114733-1115546|CDS|CYA_1093	83.143	789	133	0	1	789	1	789	0.0	824
Ga0393512_03_10886_12268	CP000240.1:2058907-2060281|CDS|CYB_1963	95.592	1384	50	6	1	1383	1	1374	0.0	2205
Ga0393512_03_10886_12268	CP000239.1:1115579-1116926|CDS|CYA_1094	82.161	1379	213	2	1	1379	1	1346	0.0	1399
Ga0393512_03_12396_13181	CP000240.1:2060408-2061194|CDS|CYB_1964	91.603	786	66	0	1	786	1	786	0.0	1121
Ga0393512_03_12396_13181	CP000239.1:2524850-2525636|CDS|CYA_2513	84.097	786	125	0	1	786	1	786	0.0	855
Ga0393512_03_13253_14509	CP000240.1:2061327-2062518|CDS|CYB_1965	93.871	1191	73	0	67	1257	1	1191	0.0	1819
Ga0393512_03_13253_14509	CP000239.1:2526050-2527241|CDS|CYA_2514	88.195	1169	138	0	73	1241	7	1175	0.0	1487
Ga0393512_04_399_872	CP000240.1:807055-807529|CDS|CYB_0783	85.225	467	69	0	1	467	1	467	2.28e-151	532
Ga0393512_04_399_872	CP000239.1:273343-273817|CDS|CYA_0267	85.225	467	69	0	1	467	1	467	2.28e-151	532
Ga0393512_04_1681_2079	CP000240.1:805865-806264|CDS|CYB_0781	98.997	399	4	0	1	399	1	399	0.0	702
Ga0393512_04_1681_2079	CP000239.1:272213-272795|CDS|CYA_0265	78.795	415	71	3	1	399	169	582	3.02e-98	354
Ga0393512_04_2160_3374	CP000240.1:804483-805785|CDS|CYB_0780	97.531	1215	27	1	1	1215	91	1302	0.0	2055
Ga0393512_04_3827_5179	CP000240.1:802517-803870|CDS|CYB_0779	97.044	1353	40	0	1	1353	1	1353	0.0	2260
Ga0393512_04_3827_5179	CP000239.1:270707-272060|CDS|CYA_0264	89.061	1353	148	0	1	1353	1	1353	0.0	1773
Ga0393512_04_5251_6720	CP000240.1:800976-802446|CDS|CYB_0778	98.776	1470	18	0	1	1470	1	1470	0.0	2571
Ga0393512_04_5251_6720	CP000239.1:267159-268629|CDS|CYA_0262	85.588	1471	210	2	1	1470	1	1470	0.0	1691
Ga0393512_04_6930_7946	CP000240.1:799725-800742|CDS|CYB_0777	97.443	1017	26	0	1	1017	1	1017	0.0	1718
Ga0393512_04_6930_7946	CP000239.1:265864-266866|CDS|CYA_0261	85.813	1015	129	1	1	1015	1	1000	0.0	1191
Ga0393512_04_8141_9847	CP000240.1:797823-799530|CDS|CYB_0776	98.184	1707	31	0	1	1707	1	1707	0.0	2939
Ga0393512_04_8141_9847	CP000239.1:2641478-2643185|CDS|CYA_2624	81.534	1695	313	0	1	1695	1	1695	0.0	1646
Ga0393512_04_9883_10590	CP000240.1:797070-797778|CDS|CYB_0775	98.164	708	13	0	1	708	1	708	0.0	1219
Ga0393512_04_9883_10590	CP000239.1:2640744-2641452|CDS|CYA_2623	84.767	709	106	2	1	708	1	708	0.0	785
Ga0393512_04_10587_11405	CP000240.1:796255-797074|CDS|CYB_0774	98.291	819	14	0	1	819	1	819	0.0	1415
Ga0393512_04_10587_11405	CP000239.1:2639929-2640748|CDS|CYA_2622	83.178	749	126	0	1	749	1	749	0.0	783
Ga0393512_05_211_1071	CP000240.1:2196512-2197373|CDS|CYB_2101	98.258	861	15	0	1	861	1	861	0.0	1486
Ga0393512_05_211_1071	CP000239.1:365437-366295|CDS|CYA_0348	87.044	795	103	0	67	861	64	858	0.0	970
Ga0393512_05_1083_3242	CP000240.1:2194341-2196501|CDS|CYB_2100	99.120	2160	19	0	1	2160	1	2160	0.0	3810
Ga0393512_05_1083_3242	CP000239.1:366345-368466|CDS|CYA_0349	84.820	2108	308	3	41	2142	2	2103	0.0	2357
Ga0393512_05_3362_4237	CP000240.1:2193346-2194222|CDS|CYB_2099	98.174	876	16	0	1	876	1	876	0.0	1508
Ga0393512_05_3362_4237	CP000239.1:368585-369452|CDS|CYA_0350	85.377	848	118	2	1	848	1	842	0.0	967
Ga0393512_05_4243_4686	CP000240.1:2192897-2193341|CDS|CYB_2098	99.775	444	1	0	1	444	1	444	0.0	797
Ga0393512_05_4243_4686	CP000240.1:827053-827497|CDS|CYB_0800	76.256	438	104	0	7	444	7	444	2.00e-88	322
Ga0393512_05_5081_5608	CP000240.1:2191975-2192503|CDS|CYB_2096	99.621	528	2	0	1	528	1	528	0.0	944
Ga0393512_05_5081_5608	CP000239.1:370021-370573|CDS|CYA_0352	80.847	543	80	1	9	527	9	551	3.11e-150	528
Ga0393512_05_6467_6706	CP000240.1:2190369-2190609|CDS|CYB_2094	99.583	240	1	0	1	240	1	240	9.66e-121	429
Ga0393512_05_6467_6706	CP000239.1:2498349-2498589|CDS|CYA_2487	87.917	240	29	0	1	240	1	240	9.67e-83	303
Ga0393512_05_6719_7372	CP000240.1:2189703-2190357|CDS|CYB_2093	96.636	654	22	0	1	654	1	654	0.0	1081
Ga0393512_05_6719_7372	CP000239.1:2497672-2498335|CDS|CYA_2486	90.528	644	61	0	10	653	10	653	0.0	887
Ga0393512_05_7439_8173	CP000240.1:2188901-2189771|CDS|CYB_2092	99.320	735	5	0	1	735	136	870	0.0	1304
Ga0393512_05_7439_8173	CP000239.1:2496880-2497573|CDS|CYA_2485	99.423	693	4	0	43	735	1	693	0.0	1232
Ga0393512_05_8211_9854	CP000240.1:2187220-2188864|CDS|CYB_2091	99.148	1644	14	0	1	1644	1	1644	0.0	2902
Ga0393512_05_8211_9854	CP000239.1:2495196-2496843|CDS|CYA_2484	98.781	1641	11	1	4	1644	16	1647	0.0	2874
Ga0393512_05_9860_10621	CP000240.1:2186453-2187215|CDS|CYB_2090	98.688	762	10	0	1	762	1	762	0.0	1330
Ga0393512_05_9860_10621	CP000239.1:2494429-2495191|CDS|CYA_2483	91.076	762	68	0	1	762	1	762	0.0	1068
Ga0393512_05_11162_11674	CP000240.1:2185414-2185909|CDS|CYB_2089	98.384	495	8	0	19	513	1	495	0.0	857
Ga0393512_05_11162_11674	CP000239.1:2493527-2494016|CDS|CYA_2482	86.667	495	60	2	19	513	1	489	8.63e-170	592
Ga0393512_05_11687_12418	CP000240.1:2183650-2185402|CDS|CYB_2088	99.127	573	4	1	160	732	1181	1752	0.0	1008
Ga0393512_06_83_1312	CP000240.1:958904-960134|CDS|CYB_0921	97.480	1230	31	0	1	1230	1	1230	0.0	2079
Ga0393512_06_83_1312	CP000239.1:1311774-1313004|CDS|CYA_1302	87.805	1230	150	0	1	1230	1	1230	0.0	1543
Ga0393512_06_1344_3506	CP000240.1:956749-958873|CDS|CYB_0920	99.058	2124	20	0	40	2163	1	2124	0.0	3741
Ga0393512_06_1344_3506	CP000239.1:1309619-1311752|CDS|CYA_1301	87.853	2124	257	1	40	2162	1	2124	0.0	2664
Ga0393512_06_3621_4019	CP000240.1:956126-956597|CDS|CYB_0919	99.248	399	3	0	1	399	73	471	0.0	707
Ga0393512_06_3621_4019	CP000239.1:1308992-1309463|CDS|CYA_1300	85.714	399	57	0	1	399	73	471	8.08e-131	463
Ga0393512_06_4175_4582	CP000240.1:955635-956043|CDS|CYB_0918	99.265	408	3	0	1	408	1	408	0.0	723
Ga0393512_06_4175_4582	CP000239.1:1308541-1308949|CDS|CYA_1299	86.520	408	55	0	1	408	1	408	2.08e-138	489
Ga0393512_06_5020_5484	CP000240.1:954733-955426|CDS|CYB_0916	95.699	465	20	0	1	465	229	693	0.0	749
Ga0393512_06_5462_6487	CP000240.1:953730-954756|CDS|CYB_0917	97.563	1026	25	0	1	1026	1	1026	0.0	1738
Ga0393512_06_5462_6487	CP000239.1:2341358-2342393|CDS|CYA_2336	72.727	902	230	7	76	969	94	987	8.57e-142	501
Ga0393512_06_5462_6487	CP000240.1:1167879-1168899|CDS|CYB_1130	70.415	916	253	10	63	969	66	972	6.18e-112	402
Ga0393512_06_6681_7619	CP000240.1:952598-953537|CDS|CYB_0915	95.527	939	42	0	1	939	1	939	0.0	1505
Ga0393512_06_6681_7619	CP000239.1:1306700-1307639|CDS|CYA_1297	89.644	927	96	0	1	927	1	927	0.0	1240
Ga0393512_06_7700_8503	CP000240.1:951714-952518|CDS|CYB_0914	97.264	804	22	0	1	804	1	804	0.0	1352
Ga0393512_06_7700_8503	CP000239.1:1305856-1306660|CDS|CYA_1296	95.641	803	35	0	1	803	1	803	0.0	1291
Ga0393512_06_8752_9027	CP000239.1:1305332-1305617|CDS|CYA_1295	96.014	276	11	0	1	276	10	285	1.20e-126	449
Ga0393512_06_8752_9027	CP000240.1:951190-951475|CDS|CYB_0913	92.748	262	19	0	15	276	24	285	3.45e-108	388
Ga0393512_06_9047_9679	CP000239.1:1304680-1305313|CDS|CYA_1294	87.204	633	81	0	1	633	1	633	0.0	777
Ga0393512_06_9850_11646	CP000240.1:948731-951008|CDS|CYB_0912	98.885	1793	20	0	1	1793	481	2273	0.0	3144
Ga0393512_06_9850_11646	CP000239.1:1326863-1329119|CDS|CYA_1316	85.499	1793	236	1	1	1793	481	2249	0.0	2079
Ga0393512_07_15_173	CP000240.1:2708362-2708815|CDS|CYB_2614	95.597	159	7	0	1	159	295	453	7.96e-69	256
Ga0393512_07_15_173	CP000239.1:1183880-1184354|CDS|CYA_1161	88.435	147	17	0	10	156	304	450	9.71e-49	189
Ga0393512_07_371_1624	CP000240.1:2708967-2710266|CDS|CYB_2615	99.681	1254	4	0	1	1254	46	1299	0.0	2244
Ga0393512_07_371_1624	CP000239.1:1182473-1183772|CDS|CYA_1160	87.719	1254	154	0	1	1254	46	1299	0.0	1568
Ga0393512_07_1633_2205	CP000240.1:2710265-2710847|CDS|CYB_2616	97.906	573	12	0	1	573	10	582	0.0	980
Ga0393512_07_1633_2205	CP000239.1:1181892-1182474|CDS|CYA_1159	85.166	573	85	0	1	573	10	582	0.0	651
Ga0393512_07_2244_3017	CP000240.1:2710885-2711659|CDS|CYB_2617	97.158	774	22	0	1	774	1	774	0.0	1297
Ga0393512_07_2244_3017	CP000239.1:1181080-1181854|CDS|CYA_1158	86.287	773	106	0	1	773	1	773	0.0	917
Ga0393512_07_3148_3372	CP000240.1:2711789-2712014|CDS|CYB_2618	100.000	225	0	0	1	225	1	225	2.94e-114	407
Ga0393512_07_3148_3372	CP000239.1:1180725-1180950|CDS|CYA_1157	89.778	225	23	0	1	225	1	225	9.01e-83	303
Ga0393512_07_3396_4376	CP000239.1:1179715-1180696|CDS|CYA_1156	84.702	974	149	0	1	974	1	974	0.0	1086
Ga0393512_07_4534_5478	CP000240.1:2713441-2714329|CDS|CYB_2621	98.086	888	17	0	58	945	1	888	0.0	1526
Ga0393512_07_4534_5478	CP000239.1:1178650-1179544|CDS|CYA_1155	79.667	900	165	3	58	945	1	894	0.0	801
Ga0393512_07_5500_6492	CP000240.1:2714416-2715556|CDS|CYB_2622	98.983	983	10	0	1	983	157	1139	0.0	1728
Ga0393512_07_5500_6492	CP000239.1:1177431-1178553|CDS|CYA_1154	83.854	960	155	0	7	966	163	1122	0.0	1033
Ga0393512_07_6742_7194	CP000240.1:2715649-2716102|CDS|CYB_2623	97.792	453	10	0	1	453	1	453	0.0	773
Ga0393512_07_6742_7194	CP000239.1:1176915-1177371|CDS|CYA_1153	83.040	454	71	1	1	448	1	454	5.11e-134	473
Ga0393512_07_7430_7999	CP000240.1:2716342-2716912|CDS|CYB_2624	98.596	570	8	0	1	570	1	570	0.0	993
Ga0393512_07_8237_8839	CP000240.1:2717149-2719069|CDS|CYB_2625	97.844	603	13	0	1	603	1318	1920	0.0	1030
Ga0393512_07_8237_8839	CP000239.1:1047275-1049177|CDS|CYA_1030	85.349	587	81	2	21	603	1317	1902	0.0	667
Ga0393512_08_286_1725	CP000240.1:1097610-1099053|CDS|CYB_1060	98.260	1437	25	0	1	1437	1	1437	0.0	2480
Ga0393512_08_286_1725	CP000239.1:678142-679594|CDS|CYA_0668	88.239	1437	163	1	1	1437	1	1431	0.0	1831
Ga0393512_08_2056_2883	CP000240.1:1096452-1097280|CDS|CYB_1058	98.792	828	10	0	1	828	1	828	0.0	1449
Ga0393512_08_2056_2883	CP000239.1:679853-680588|CDS|CYA_0671	82.289	734	120	4	1	732	1	726	0.0	729
Ga0393512_08_2932_3369	CP000240.1:1095966-1096404|CDS|CYB_1057	99.772	438	1	0	1	438	1	438	0.0	786
Ga0393512_08_2932_3369	CP000239.1:680627-681065|CDS|CYA_0672	90.160	437	43	0	1	437	1	437	2.09e-170	595
Ga0393512_08_3440_4057	CP000240.1:1095278-1095896|CDS|CYB_1056	99.838	618	1	0	1	618	1	618	0.0	1111
Ga0393512_08_3440_4057	CP000239.1:681135-681759|CDS|CYA_0673	82.910	591	101	0	1	591	1	591	3.91e-175	611
Ga0393512_08_4282_5418	CP000240.1:1093774-1094923|CDS|CYB_1055	99.736	1135	3	0	1	1135	13	1147	0.0	2034
Ga0393512_08_5865_7130	CP000240.1:1316312-1317548|CDS|CYB_1259	92.606	1136	36	2	1	1136	1	1088	0.0	1705
Ga0393512_08_5865_7130	CP000239.1:1594889-1596107|CDS|CYA_1585	85.894	1269	125	4	1	1266	1	1218	0.0	1513
Ga0393512_08_5865_7130	CP000240.1:1267756-1268992|CDS|CYB_1227	88.291	1170	111	3	1	1169	1	1145	0.0	1503
Ga0393512_08_5865_7130	CP000240.1:1244785-1246021|CDS|CYB_1201	87.254	1169	125	1	1	1169	1	1145	0.0	1454
Ga0393512_08_5865_7130	CP000240.1:102811-104029|CDS|CYB_0087	84.439	1266	149	2	1	1266	1	1218	0.0	1430
Ga0393512_08_5865_7130	CP000240.1:3008652-3009870|CDS|CYB_2910	86.429	1179	136	1	1	1179	1	1155	0.0	1423
Ga0393512_08_5865_7130	CP000240.1:2933473-2934709|CDS|CYB_2835	86.809	1175	119	7	1	1169	1	1145	0.0	1422
Ga0393512_08_5865_7130	CP000240.1:2830275-2831565|CDS|CYB_2735	84.992	1226	136	2	1	1202	1	1202	0.0	1416
Ga0393512_08_5865_7130	CP000240.1:629484-630702|CDS|CYB_0620	86.175	1179	139	1	1	1179	1	1155	0.0	1409
Ga0393512_08_5865_7130	CP000239.1:893439-894633|CDS|CYA_0887	83.767	1269	128	5	1	1266	1	1194	0.0	1408
Ga0393512_08_5865_7130	CP000240.1:2247371-2248565|CDS|CYB_2147	83.609	1269	130	6	1	1266	1	1194	0.0	1395
Ga0393512_08_5865_7130	CP000240.1:2168360-2169515|CDS|CYB_2071	85.083	1200	131	2	1	1200	1	1152	0.0	1392
Ga0393512_08_5865_7130	CP000240.1:1083184-1084426|CDS|CYB_1042	84.871	1203	134	2	1	1179	1	1179	0.0	1384
Ga0393512_08_5865_7130	CP000240.1:638632-639850|CDS|CYB_0630	85.763	1173	143	1	1	1173	1	1149	0.0	1380
Ga0393512_08_5865_7130	CP000240.1:1521392-1522610|CDS|CYB_1450	85.800	1169	142	1	1	1169	1	1145	0.0	1378
Ga0393512_08_5865_7130	CP000240.1:241642-242836|CDS|CYB_0233	83.071	1270	135	7	1	1266	1	1194	0.0	1362
Ga0393512_08_5865_7130	CP000240.1:2565689-2566883|CDS|CYB_2468	82.938	1266	144	3	1	1266	1	1194	0.0	1361
Ga0393512_08_5865_7130	CP000240.1:1384265-1385459|CDS|CYB_1322	82.821	1269	140	5	1	1266	1	1194	0.0	1354
Ga0393512_08_5865_7130	CP000240.1:1842322-1843549|CDS|CYB_1759	84.224	1198	107	7	1	1169	1	1145	0.0	1352
Ga0393512_08_5865_7130	CP000240.1:1358129-1359347|CDS|CYB_1297	85.287	1169	148	1	1	1169	1	1145	0.0	1351
Ga0393512_08_5865_7130	CP000240.1:2619921-2621115|CDS|CYB_2521	85.043	1170	125	4	1	1169	1	1121	0.0	1349
Ga0393512_08_5865_7130	CP000239.1:2170714-2171908|CDS|CYA_2158	84.563	1179	134	2	1	1179	1	1131	0.0	1341
Ga0393512_08_5865_7130	CP000240.1:1803089-1804283|CDS|CYB_1722	84.478	1179	135	2	1	1179	1	1131	0.0	1336
Ga0393512_08_5865_7130	CP000239.1:774779-775973|CDS|CYA_0767	84.471	1172	128	4	1	1169	1	1121	0.0	1324
Ga0393512_08_5865_7130	CP000240.1:345730-346924|CDS|CYB_0329	82.270	1269	147	5	1	1266	1	1194	0.0	1323
Ga0393512_08_5865_7130	CP000240.1:2661652-2662870|CDS|CYB_2557	83.487	1193	125	3	1	1169	1	1145	0.0	1315
Ga0393512_08_5865_7130	CP000240.1:2644164-2645358|CDS|CYB_2538	84.260	1169	136	2	1	1169	1	1121	0.0	1314
Ga0393512_08_5865_7130	CP000240.1:52430-53648|CDS|CYB_0041	83.209	1203	130	3	1	1179	1	1155	0.0	1311
Ga0393512_08_5865_7130	CP000240.1:2796782-2798000|CDS|CYB_2707	83.236	1193	128	3	1	1169	1	1145	0.0	1302
Ga0393512_08_5865_7130	CP000240.1:1015074-1016268|CDS|CYB_0979	81.797	1269	153	5	1	1266	1	1194	0.0	1296
Ga0393512_08_5865_7130	CP000240.1:605550-606744|CDS|CYB_0598	83.715	1179	144	2	1	1179	1	1131	0.0	1296
Ga0393512_08_5865_7130	CP000239.1:994256-995468|CDS|CYA_0981	83.874	1172	135	4	1	1169	1	1121	0.0	1293
Ga0393512_08_5865_7130	CP000239.1:698055-699204|CDS|CYA_0690	82.943	1196	126	5	1	1169	1	1145	0.0	1286
Ga0393512_08_5865_7130	CP000240.1:1190675-1191869|CDS|CYB_1151	83.461	1173	138	6	1	1169	1	1121	0.0	1265
Ga0393512_08_5865_7130	CP000239.1:629980-631174|CDS|CYA_0620	83.276	1172	142	4	1	1169	1	1121	0.0	1261
Ga0393512_08_5865_7130	CP000240.1:1954838-1956056|CDS|CYB_1872	82.128	1203	143	3	1	1179	1	1155	0.0	1252
Ga0393512_08_5865_7130	CP000240.1:2553363-2554557|CDS|CYB_2454	82.935	1172	146	4	1	1169	1	1121	0.0	1243
Ga0393512_08_5865_7130	CP000239.1:712444-713638|CDS|CYA_0704	82.765	1172	148	4	1	1169	1	1121	0.0	1234
Ga0393512_08_5865_7130	CP000240.1:2506708-2507857|CDS|CYB_2410	82.996	1135	119	4	1	1062	1	1134	0.0	1226
Ga0393512_08_5865_7130	CP000240.1:481588-482800|CDS|CYB_0472	82.694	1173	147	6	1	1169	1	1121	0.0	1224
Ga0393512_08_5865_7130	CP000240.1:2210858-2212052|CDS|CYB_2117	82.438	1173	158	2	1	1173	1	1125	0.0	1222
Ga0393512_08_5865_7130	CP000240.1:1064975-1066169|CDS|CYB_1023	82.207	1169	160	2	1	1169	1	1121	0.0	1205
Ga0393512_08_5865_7130	CP000240.1:2128026-2129220|CDS|CYB_2026	76.808	1272	211	10	1	1266	1	1194	0.0	995
Ga0393512_08_5865_7130	CP000240.1:1917270-1918464|CDS|CYB_1826	74.135	1272	245	10	1	1266	1	1194	0.0	842
Ga0393512_08_5865_7130	CP000240.1:1763450-1764623|CDS|CYB_1688	75.000	1208	242	9	1	1202	1	1154	0.0	831
Ga0393512_08_5865_7130	CP000240.1:2219258-2220470|CDS|CYB_2126	74.446	1174	242	7	1	1169	1	1121	0.0	786
Ga0393512_08_5865_7130	CP000239.1:693322-694534|CDS|CYA_0687	74.106	1174	246	7	1	1169	1	1121	0.0	768
Ga0393512_08_5865_7130	CP000239.1:88305-89487|CDS|CYA_0091	74.269	1026	214	4	1	1025	1	977	0.0	688
Ga0393512_08_7132_8175	CP000240.1:1090988-1092098|CDS|CYB_1054	95.191	1019	49	0	1	1019	70	1088	0.0	1618
Ga0393512_08_7132_8175	CP000239.1:2226776-2227883|CDS|CYA_2212	84.276	1043	158	1	2	1044	71	1107	0.0	1143
Ga0393512_08_8440_8772	CP000240.1:1090460-1090823|CDS|CYB_1052	99.099	333	3	0	1	333	31	363	2.33e-168	588
Ga0393512_08_8440_8772	CP000239.1:2228070-2228433|CDS|CYA_2213	85.843	332	47	0	2	333	32	363	4.22e-108	388
Ga0393512_08_8797_9033	CP000240.1:1090199-1090436|CDS|CYB_1051	98.734	237	3	0	1	237	1	237	2.10e-116	415
Ga0393512_08_8797_9033	CP000239.1:2228457-2228694|CDS|CYA_2214	88.608	237	27	0	1	237	1	237	7.83e-84	306
Ga0393512_09_2_2656	CP000240.1:1598111-1600766|CDS|CYB_1521	98.192	2655	48	0	1	2655	1	2655	0.0	4572
Ga0393512_09_2_2656	CP000239.1:1885068-1887720|CDS|CYA_1881	84.828	2643	389	3	1	2643	1	2631	0.0	2957
Ga0393512_09_2974_4602	CP000240.1:1601050-1602712|CDS|CYB_1522	97.851	1629	35	0	1	1629	34	1662	0.0	2781
Ga0393512_09_2974_4602	CP000239.1:1888006-1889680|CDS|CYA_1882	79.380	1644	301	8	7	1625	40	1670	0.0	1435
Ga0393512_09_4850_5353	CP000240.1:1602949-1603453|CDS|CYB_1523	96.230	504	19	0	1	504	1	504	0.0	824
Ga0393512_09_4850_5353	CP000239.1:1889698-1890190|CDS|CYA_1883	79.796	490	91	5	1	489	1	483	9.07e-119	423
Ga0393512_09_5714_6835	CP000240.1:1603735-1604917|CDS|CYB_1525	99.465	1122	6	0	1	1122	61	1182	0.0	1997
Ga0393512_09_7086_7238	CP000240.1:1605051-1605321|CDS|CYB_1526	99.346	153	1	0	1	153	118	270	9.90e-74	272
Ga0393512_09_7235_7489	CP000240.1:1605317-1605572|CDS|CYB_1527	100.000	255	0	0	1	255	1	255	1.75e-130	461
Ga0393512_09_7788_8246	CP000240.1:1605870-1606329|CDS|CYB_1529	99.782	459	1	0	1	459	1	459	0.0	824
Ga0393512_10_188_334	CP000240.1:1261702-1261975|CDS|CYB_1215	95.862	145	6	0	1	145	127	271	6.80e-63	235
Ga0393512_10_483_1667	CP000240.1:1260495-1261680|CDS|CYB_1214	98.312	1185	20	0	1	1185	1	1185	0.0	2048
Ga0393512_10_483_1667	CP000239.1:1777437-1778568|CDS|CYA_1770	86.439	1143	143	2	43	1185	1	1131	0.0	1365
Ga0393512_10_1664_2113	CP000240.1:1260049-1260499|CDS|CYB_1213	96.444	450	16	0	1	450	1	450	0.0	740
Ga0393512_10_1664_2113	CP000239.1:1777015-1777441|CDS|CYA_1769	86.222	450	38	1	1	450	1	426	8.04e-157	550
Ga0393512_10_2120_2653	CP000240.1:1259509-1260043|CDS|CYB_1212	97.004	534	16	0	1	534	1	534	0.0	892
Ga0393512_10_2120_2653	CP000239.1:1776481-1777009|CDS|CYA_1768	83.146	534	84	2	1	534	1	528	2.26e-158	554
Ga0393512_10_3202_4788	CP000240.1:1257375-1259115|CDS|CYB_1211	99.559	1587	7	0	1	1587	154	1740	0.0	2831
Ga0393512_10_3202_4788	CP000239.1:1774360-1776115|CDS|CYA_1767	89.339	1604	143	5	1	1587	163	1755	0.0	2125
Ga0393512_10_4905_5417	CP000240.1:21293-22574|CDS|CYB_0018	93.110	537	13	1	1	513	745	1281	0.0	820
Ga0393512_10_4905_5417	CP000239.1:1644791-1646072|CDS|CYA_1646	93.296	537	12	2	1	513	745	1281	0.0	820
Ga0393512_10_4905_5417	CP000239.1:1478618-1479899|CDS|CYA_1471	93.296	537	12	2	1	513	745	1281	0.0	820
Ga0393512_10_4905_5417	CP000239.1:2699277-2700558|CDS|CYA_2685	92.924	537	14	1	1	513	745	1281	0.0	815
Ga0393512_10_4905_5417	CP000239.1:2433345-2434626|CDS|CYA_2424	93.110	537	13	2	1	513	745	1281	0.0	815
Ga0393512_10_4905_5417	CP000239.1:1949093-1950374|CDS|CYA_1938	93.110	537	13	2	1	513	745	1281	0.0	815
Ga0393512_10_4905_5417	CP000239.1:1779349-1780630|CDS|CYA_1773	93.110	537	13	2	1	513	745	1281	0.0	815
Ga0393512_10_4905_5417	CP000239.1:410292-411573|CDS|CYA_0395	93.110	537	13	2	1	513	745	1281	0.0	815
Ga0393512_10_4905_5417	CP000239.1:2403315-2404596|CDS|CYA_2393	92.924	537	14	2	1	513	745	1281	0.0	810
Ga0393512_10_4905_5417	CP000239.1:1897468-1898749|CDS|CYA_1890	92.924	537	14	2	1	513	745	1281	0.0	810
Ga0393512_10_4905_5417	CP000239.1:731378-732659|CDS|CYA_0726	92.924	537	14	2	1	513	745	1281	0.0	810
Ga0393512_10_4905_5417	CP000239.1:362788-364069|CDS|CYA_0345	92.737	537	15	1	1	513	745	1281	0.0	810
Ga0393512_10_4905_5417	CP000239.1:2598895-2600176|CDS|CYA_2573	92.737	537	15	2	1	513	745	1281	0.0	806
Ga0393512_10_4905_5417	CP000239.1:1385448-1386729|CDS|CYA_1375	92.737	537	15	2	1	513	745	1281	0.0	806
Ga0393512_10_4905_5417	CP000240.1:32082-33315|CDS|CYB_0026	93.957	513	7	1	1	513	745	1233	0.0	803
Ga0393512_10_4905_5417	CP000239.1:2017852-2019133|CDS|CYA_2001	92.551	537	16	2	1	513	745	1281	0.0	801
Ga0393512_10_4905_5417	CP000239.1:2450640-2451921|CDS|CYA_2440	92.365	537	17	2	1	513	745	1281	0.0	797
Ga0393512_10_4905_5417	CP000239.1:2258726-2260007|CDS|CYA_2249	92.179	537	18	2	1	513	745	1281	0.0	792
Ga0393512_10_4905_5417	CP000240.1:1256770-1257394|CDS|CYB_1210	93.372	513	10	1	1	513	136	624	0.0	790
Ga0393512_10_4905_5417	CP000239.1:2710017-2711283|CDS|CYA_2695	92.146	522	17	2	1	498	745	1266	0.0	770
Ga0393512_10_4905_5417	CP000239.1:818225-819443|CDS|CYA_0807	97.412	425	11	0	1	425	745	1169	0.0	718
Ga0393512_10_4905_5417	CP000239.1:607043-608261|CDS|CYA_0596	96.941	425	13	0	1	425	745	1169	0.0	709
Ga0393512_10_4905_5417	CP000239.1:1445168-1446401|CDS|CYA_1438	89.669	513	29	1	1	513	745	1233	0.0	704
Ga0393512_10_5511_6560	CP000240.1:1255627-1256677|CDS|CYB_1209	96.667	1050	35	0	1	1050	1	1050	0.0	1737
Ga0393512_10_5511_6560	CP000239.1:1773201-1774251|CDS|CYA_1766	88.286	1050	123	0	1	1050	1	1050	0.0	1340
Ga0393512_10_6754_8187	CP000240.1:1253988-1255434|CDS|CYB_1208	96.722	1434	47	0	1	1434	13	1446	0.0	2375
Ga0393512_10_6754_8187	CP000239.1:1771686-1773120|CDS|CYA_1764	89.052	1434	157	0	1	1434	1	1434	0.0	1879
Ga0393512_11_180_1133	CP000240.1:1735695-1736760|CDS|CYB_1656	97.379	954	25	0	1	954	112	1065	0.0	1608
Ga0393512_11_180_1133	CP000239.1:2899885-2900941|CDS|CYA_2883	86.602	933	125	0	1	933	112	1044	0.0	1120
Ga0393512_11_1369_2379	CP000240.1:1736975-1737986|CDS|CYB_1657	98.318	1011	17	0	1	1011	1	1011	0.0	1747
Ga0393512_11_1369_2379	CP000239.1:2898672-2899683|CDS|CYA_2882	87.933	1011	122	0	1	1011	1	1011	0.0	1274
Ga0393512_11_2376_3161	CP000240.1:1737982-1738768|CDS|CYB_1658	98.092	786	15	0	1	786	1	786	0.0	1351
Ga0393512_11_2376_3161	CP000239.1:2897890-2898676|CDS|CYA_2881	89.923	784	79	0	1	784	1	784	0.0	1058
Ga0393512_11_3209_4768	CP000240.1:1738815-1740378|CDS|CYB_1659	94.818	1563	78	2	1	1560	1	1563	0.0	2448
Ga0393512_11_3209_4768	CP000239.1:2896297-2897866|CDS|CYA_2880	82.136	1545	267	1	25	1560	25	1569	0.0	1546
Ga0393512_11_4783_6258	CP000240.1:1740396-1741881|CDS|CYB_1660	95.726	1474	61	2	1	1473	1	1473	0.0	2368
Ga0393512_11_4783_6258	CP000239.1:2894858-2896280|CDS|CYA_2879	79.762	1428	238	4	1	1425	1	1380	0.0	1301
Ga0393512_11_6272_6805	CP000240.1:1741885-1742533|CDS|CYB_1661	97.378	534	14	0	1	534	115	648	0.0	901
Ga0393512_11_6272_6805	CP000239.1:2894124-2894838|CDS|CYA_2878	92.121	495	39	0	1	495	181	675	0.0	718
Ga0393512_11_7015_7719	CP000240.1:1742628-1743189|CDS|CYB_1662	94.118	561	33	0	145	705	1	561	0.0	864
Ga0393512_11_7015_7719	CP000239.1:2893462-2894092|CDS|CYA_2877	85.476	599	87	0	19	617	19	617	0.0	689
Ga0393512_11_7747_8043	CP000240.1:1743354-1743753|CDS|CYB_1663	95.608	296	13	0	1	296	103	398	9.37e-135	476
Ga0393512_11_7747_8043	CP000239.1:2893037-2893436|CDS|CYA_2876	84.797	296	45	0	1	296	103	398	2.52e-91	332
Ga0393512_12_699_1859	CP000240.1:547074-547995|CDS|CYB_0533	97.503	921	23	0	241	1161	1	921	0.0	1558
Ga0393512_12_699_1859	CP000239.1:2151942-2152863|CDS|CYA_2138	89.468	921	97	0	241	1161	1	921	0.0	1224
Ga0393512_12_2033_2494	CP000240.1:546439-546901|CDS|CYB_0532	94.156	462	27	0	1	462	1	462	0.0	712
Ga0393512_12_2033_2494	CP000239.1:2153019-2153475|CDS|CYA_2140	82.468	462	75	2	1	462	1	456	2.70e-131	465
Ga0393512_12_2897_4087	CP000240.1:544792-546037|CDS|CYB_0530	98.657	1191	16	0	1	1191	55	1245	0.0	2076
Ga0393512_12_2897_4087	CP000239.1:782540-783770|CDS|CYA_0777	75.477	1154	272	4	10	1153	64	1216	0.0	798
Ga0393512_12_2897_4087	CP000239.1:1966854-1968081|CDS|CYA_1956	75.066	1139	273	4	10	1138	64	1201	0.0	766
Ga0393512_12_4199_4639	CP000240.1:544294-544735|CDS|CYB_0529	99.093	441	4	0	1	441	1	441	0.0	778
Ga0393512_12_4709_6100	CP000240.1:542836-544225|CDS|CYB_0528	99.064	1389	13	0	4	1392	1	1389	0.0	2447
Ga0393512_12_4709_6100	CP000239.1:2153497-2154880|CDS|CYA_2141	87.130	1352	174	0	4	1355	1	1352	0.0	1654
Ga0393512_12_6177_6917	CP000240.1:542016-542757|CDS|CYB_0527	99.325	741	5	0	1	741	1	741	0.0	1315
Ga0393512_13_747_1625	CP000239.1:1829087-1829966|CDS|CYA_1824	99.090	879	8	0	1	879	1	879	0.0	1550
Ga0393512_13_747_1625	CP000240.1:429844-430723|CDS|CYB_0421	98.749	879	11	0	1	879	1	879	0.0	1536
Ga0393512_13_1903_2814	CP000240.1:428628-429567|CDS|CYB_0420	94.675	939	23	1	1	912	1	939	0.0	1489
Ga0393512_13_1903_2814	CP000239.1:1830243-1831182|CDS|CYA_1825	94.569	939	24	1	1	912	1	939	0.0	1484
Ga0393512_13_2871_4070	CP000239.1:1831238-1832429|CDS|CYA_1826	98.741	1191	15	0	10	1200	1	1191	0.0	2081
Ga0393512_13_2871_4070	CP000240.1:427381-428572|CDS|CYB_0419	98.321	1191	20	0	10	1200	1	1191	0.0	2058
Ga0393512_13_4110_4208	CP000239.1:1832477-1832771|CDS|CYA_1827	100.000	99	0	0	1	99	196	294	2.83e-46	179
Ga0393512_13_4110_4208	CP000240.1:427044-427338|CDS|CYB_0418	97.980	99	2	0	1	99	196	294	1.46e-43	170
Ga0393512_13_4134_4424	CP000239.1:1832477-1832771|CDS|CYA_1827	98.148	270	5	0	1	270	270	1	1.66e-131	465
Ga0393512_13_4134_4424	CP000240.1:427044-427338|CDS|CYB_0418	97.037	270	8	0	1	270	270	1	1.05e-127	452
Ga0393512_13_4429_5709	CP000239.1:1832796-1834233|CDS|CYA_1828	98.517	1281	19	0	1	1281	157	1437	0.0	2225
Ga0393512_13_4429_5709	CP000240.1:425582-427019|CDS|CYB_0417	98.126	1281	24	0	1	1281	157	1437	0.0	2203
Ga0393512_13_6638_6931	CP000240.1:424515-424845|CDS|CYB_0415	99.320	294	2	0	1	294	37	330	7.12e-149	522
Ga0393512_13_6638_6931	CP000239.1:1835004-1835298|CDS|CYA_1830	97.959	294	6	0	1	294	1	294	1.91e-143	504
Ga0393512_13_7118_7531	CP000240.1:423915-424461|CDS|CYB_0414	99.275	414	3	0	1	414	133	546	0.0	734
Ga0393512_13_7118_7531	CP000239.1:1835352-1835898|CDS|CYA_1831	99.034	414	4	0	1	414	133	546	0.0	729
Ga0393512_13_7118_7531	CP000239.1:2474425-2474977|CDS|CYA_2464	70.720	403	116	2	1	402	133	534	2.76e-48	188
Ga0393512_13_7118_7531	CP000240.1:1503975-1504527|CDS|CYB_1434	68.889	405	120	4	1	402	133	534	6.93e-37	150
Ga0393512_13_7574_7798	CP000240.1:423648-423873|CDS|CYB_0413	99.556	225	1	0	1	225	1	225	1.25e-112	402
Ga0393512_13_7574_7798	CP000239.1:1835940-1836165|CDS|CYA_1832	96.889	225	7	0	1	225	1	225	1.74e-104	375
Ga0393512_14_346_726	CP000240.1:1976925-1977417|CDS|CYB_1890	98.163	381	7	0	1	381	112	492	0.0	656
Ga0393512_14_736_1248	CP000240.1:1977426-1977939|CDS|CYB_1891	99.220	513	4	0	1	513	1	513	0.0	908
Ga0393512_14_1254_1505	CP000240.1:1977944-1978208|CDS|CYB_1892	96.032	252	10	0	1	252	13	264	2.73e-115	410
Ga0393512_14_1254_1505	CP000239.1:823731-824013|CDS|CYA_0812	83.158	190	32	0	39	228	42	231	8.96e-52	199
Ga0393512_14_1505_2890	CP000240.1:1978195-1979581|CDS|CYB_1893	98.701	1386	18	0	1	1386	1	1386	0.0	2419
Ga0393512_14_3017_4006	CP000240.1:1979707-1980988|CDS|CYB_1894	95.309	938	44	0	1	938	298	1235	0.0	1494
Ga0393512_14_3017_4006	CP000239.1:822468-823629|CDS|CYA_0811	83.422	935	146	3	1	935	193	1118	0.0	983
Ga0393512_14_4692_5849	CP000240.1:1981376-1982510|CDS|CYB_1895	96.632	1158	15	1	1	1158	1	1134	0.0	1930
Ga0393512_14_4692_5849	CP000239.1:646672-647806|CDS|CYA_0637	83.203	1149	169	2	1	1149	1	1125	0.0	1215
Ga0393512_14_6126_6230	CP000240.1:1982808-1983009|CDS|CYB_1896	97.143	105	3	0	1	105	97	201	3.71e-45	177
Ga0393512_14_6126_6230	CP000239.1:646343-646526|CDS|CYA_0635	84.466	103	16	0	1	103	79	181	1.06e-26	114
Ga0393512_14_6477_7127	CP000240.1:1983177-1983828|CDS|CYB_1898	98.310	651	11	0	1	651	1	651	0.0	1125
Ga0393512_14_6477_7127	CP000239.1:1630961-1631612|CDS|CYA_1626	84.793	651	99	0	1	651	1	651	0.0	728
Ga0393512_14_7118_7855	CP000240.1:1983818-1984997|CDS|CYB_1897	96.612	738	25	0	1	738	442	1179	0.0	1219
Ga0393512_14_7118_7855	CP000239.1:1629792-1630971|CDS|CYA_1627	88.571	735	84	0	4	738	445	1179	0.0	948
Ga0393512_15_306_3128	CP000240.1:1712649-1715439|CDS|CYB_1641	97.742	2790	60	1	37	2823	1	2790	0.0	4755
Ga0393512_15_306_3128	CP000239.1:1658285-1661042|CDS|CYA_1658	84.078	2776	406	3	51	2823	15	2757	0.0	3042
Ga0393512_15_3601_7698	CP000240.1:1708079-1712408|CDS|CYB_1640	96.706	4098	135	0	1	4098	232	4329	0.0	6782
Ga0393512_15_3601_7698	CP000239.1:1653664-1658044|CDS|CYA_1657	83.341	4106	591	20	1	4058	232	4292	0.0	4315
Ga0393512_16_136_942	CP000240.1:1121621-1122428|CDS|CYB_1086	98.513	807	12	0	1	807	1	807	0.0	1402
Ga0393512_16_1231_2169	CP000240.1:1120529-1121417|CDS|CYB_1084	97.396	845	22	0	43	887	1	845	0.0	1425
Ga0393512_16_2276_2392	CP000240.1:1114090-1115167|CDS|CYB_1077	98.113	106	2	0	1	106	1	106	2.86e-47	183
Ga0393512_16_2276_2392	CP000239.1:1561866-1562946|CDS|CYA_1552	76.768	99	23	0	6	104	6	104	1.07e-14	76.1
Ga0393512_16_3016_3480	CP000240.1:1115957-1116407|CDS|CYB_1080	97.556	450	11	0	16	465	1	450	0.0	763
Ga0393512_16_3016_3480	CP000239.1:1561069-1561531|CDS|CYA_1551	82.921	445	76	0	17	461	14	458	3.32e-130	461
Ga0393512_16_3657_5435	CP000240.1:1116585-1118361|CDS|CYB_1081	97.410	1776	46	0	4	1779	1	1776	0.0	2996
Ga0393512_16_3657_5435	CP000239.1:1559183-1560959|CDS|CYA_1550	84.797	1776	270	0	4	1779	1	1776	0.0	1986
Ga0393512_16_5567_6463	CP000240.1:1118492-1119389|CDS|CYB_1082	98.427	890	14	0	1	890	1	890	0.0	1543
Ga0393512_16_5567_6463	CP000239.1:1558159-1559056|CDS|CYA_1549	79.888	890	179	0	1	890	1	890	0.0	799
Ga0393512_16_6510_7343	CP000240.1:1119435-1120269|CDS|CYB_1083	97.842	834	18	0	1	834	1	834	0.0	1424
Ga0393512_16_6510_7343	CP000239.1:1557329-1558139|CDS|CYA_1548	84.759	748	114	0	30	777	27	774	0.0	836
Ga0393512_17_47_205	CP000240.1:564488-564941|CDS|CYB_0554	97.484	159	4	0	1	159	295	453	3.61e-73	269
Ga0393512_17_47_205	CP000239.1:512400-512853|CDS|CYA_0497	85.535	159	23	0	1	159	295	453	4.13e-47	184
Ga0393512_17_421_1653	CP000240.1:563049-564351|CDS|CYB_0553	97.567	1233	30	0	1	1233	70	1302	0.0	2089
Ga0393512_17_421_1653	CP000239.1:510981-512283|CDS|CYA_0496	89.512	1230	129	0	4	1233	73	1302	0.0	1637
Ga0393512_17_1789_2430	CP000240.1:562272-562914|CDS|CYB_0552	99.221	642	5	0	1	642	1	642	0.0	1136
Ga0393512_17_1789_2430	CP000239.1:510207-510849|CDS|CYA_0495	88.941	642	71	0	1	642	1	642	0.0	838
Ga0393512_17_2512_2796	CP000240.1:561906-562269|CDS|CYB_0551	95.088	285	14	0	1	285	79	363	1.02e-127	452
Ga0393512_17_2512_2796	CP000239.1:509830-510205|CDS|CYA_0494	81.349	252	45	2	4	254	91	341	1.42e-62	236
Ga0393512_17_2823_3215	CP000240.1:561439-561880|CDS|CYB_0550	99.237	393	3	0	1	393	49	441	0.0	696
Ga0393512_17_2823_3215	CP000239.1:509433-509811|CDS|CYA_0493	74.522	314	66	2	25	326	1	312	7.98e-55	210
Ga0393512_17_3416_3664	CP000240.1:561038-561287|CDS|CYB_0549	100.000	249	0	0	1	249	1	249	3.08e-127	450
Ga0393512_17_3416_3664	CP000239.1:508946-509195|CDS|CYA_0492	89.879	247	25	0	1	247	1	247	5.95e-92	334
Ga0393512_17_3836_5008	CP000240.1:95175-96330|CDS|CYB_0081	98.355	1155	19	0	19	1173	1	1155	0.0	1998
Ga0393512_17_3836_5008	CP000240.1:269596-270751|CDS|CYB_0258	97.316	1155	31	0	19	1173	1	1155	0.0	1944
Ga0393512_17_3836_5008	CP000240.1:2789871-2791026|CDS|CYB_2701	96.883	1155	36	0	19	1173	1	1155	0.0	1921
Ga0393512_17_3836_5008	CP000240.1:1235562-1236717|CDS|CYB_1195	96.797	1155	37	0	19	1173	1	1155	0.0	1917
Ga0393512_17_3836_5008	CP000240.1:2745261-2746416|CDS|CYB_2657	96.364	1155	42	0	19	1173	1	1155	0.0	1894
Ga0393512_17_3836_5008	CP000240.1:1824951-1826106|CDS|CYB_1742	96.190	1155	44	0	19	1173	1	1155	0.0	1885
Ga0393512_17_3836_5008	CP000240.1:559712-560867|CDS|CYB_0548	96.190	1155	44	0	19	1173	1	1155	0.0	1885
Ga0393512_17_5139_5747	CP000240.1:558957-559566|CDS|CYB_0547	99.343	609	4	0	1	609	1	609	0.0	1081
Ga0393512_17_5139_5747	CP000239.1:508162-508786|CDS|CYA_0491	88.403	595	69	0	5	599	20	614	0.0	763
Ga0393512_17_5744_6358	CP000240.1:558346-558961|CDS|CYB_0546	98.699	615	8	0	1	615	1	615	0.0	1074
Ga0393512_17_5744_6358	CP000239.1:507551-508166|CDS|CYA_0490	89.106	615	67	0	1	615	1	615	0.0	808
Ga0393512_17_6525_7328	CP000240.1:557376-558180|CDS|CYB_0545	97.886	804	17	0	1	804	1	804	0.0	1374
Ga0393512_18_216_1448	CP000240.1:598489-599722|CDS|CYB_0593	98.459	1233	19	0	1	1233	1	1233	0.0	2139
Ga0393512_18_216_1448	CP000239.1:883110-884334|CDS|CYA_0880	84.915	1233	177	1	1	1233	1	1224	0.0	1389
Ga0393512_18_1445_1885	CP000240.1:598052-598493|CDS|CYB_0592	99.546	441	2	0	1	441	1	441	0.0	787
Ga0393512_18_1445_1885	CP000239.1:882667-883114|CDS|CYA_0879	85.202	446	60	1	1	440	1	446	2.41e-144	508
Ga0393512_18_1889_2536	CP000240.1:597401-598049|CDS|CYB_0591	99.846	648	1	0	1	648	1	648	0.0	1165
Ga0393512_18_2556_3407	CP000240.1:596530-597382|CDS|CYB_0590	99.765	852	2	0	1	852	1	852	0.0	1528
Ga0393512_18_2556_3407	CP000239.1:881676-882519|CDS|CYA_0877	87.089	852	101	1	1	852	1	843	0.0	1045
Ga0393512_18_3574_4548	CP000239.1:880647-881622|CDS|CYA_0876	93.641	975	62	0	1	975	1	975	0.0	1480
Ga0393512_18_3574_4548	CP000240.1:595383-596364|CDS|CYB_0589	91.539	981	77	1	1	975	1	981	0.0	1397
Ga0393512_18_4545_4928	CP000239.1:880192-880651|CDS|CYA_0875	85.417	384	37	2	1	384	1	365	1.71e-126	449
Ga0393512_18_4545_4928	CP000240.1:594934-595387|CDS|CYB_0588	80.161	373	55	2	1	373	1	354	4.30e-96	348
Ga0393512_18_5043_6071	CP000240.1:593852-594932|CDS|CYB_0587	95.801	1024	41	2	7	1029	58	1080	0.0	1646
Ga0393512_18_5043_6071	CP000239.1:879143-880196|CDS|CYA_0874	91.156	1029	91	0	1	1029	25	1053	0.0	1446
Ga0393512_18_6082_6834	CP000240.1:593128-593842|CDS|CYB_0586	94.951	713	36	0	1	713	1	713	0.0	1124
Ga0393512_18_6082_6834	CP000239.1:878416-879133|CDS|CYA_0873	78.404	727	132	10	1	713	1	716	2.32e-166	581
Ga0393512_19_44_205	CP000240.1:2463158-2463617|CDS|CYB_2357	99.367	158	1	0	1	158	286	443	2.04e-76	281
Ga0393512_19_44_205	CP000239.1:575342-575762|CDS|CYA_0562	89.683	126	13	0	1	126	286	411	9.29e-43	169
Ga0393512_19_368_1336	CP000240.1:2462023-2462992|CDS|CYB_2356	97.007	969	29	0	1	969	1	969	0.0	1618
Ga0393512_19_368_1336	CP000239.1:2590652-2591630|CDS|CYA_2566	84.298	968	146	1	1	962	1	968	0.0	1062
Ga0393512_19_1391_2251	CP000240.1:2461084-2461969|CDS|CYB_2354	93.672	885	32	2	1	861	1	885	0.0	1357
Ga0393512_19_1391_2251	CP000239.1:2589763-2590624|CDS|CYA_2565	75.199	879	182	17	1	861	1	861	3.04e-159	559
Ga0393512_19_2582_3550	CP000240.1:2459785-2460754|CDS|CYB_2353	98.349	969	16	0	1	969	1	969	0.0	1676
Ga0393512_19_2582_3550	CP000239.1:2388709-2389681|CDS|CYA_2379	89.360	968	100	1	1	965	1	968	0.0	1280
Ga0393512_19_3705_4823	CP000240.1:2458546-2459590|CDS|CYB_2352	97.118	1041	24	1	61	1095	1	1041	0.0	1744
Ga0393512_19_3705_4823	CP000239.1:2387351-2388509|CDS|CYA_2378	84.290	993	155	1	61	1053	1	992	0.0	1085
Ga0393512_19_4863_5237	CP000240.1:2458111-2458453|CDS|CYB_2351	100.000	342	0	0	34	375	1	342	1.56e-177	618
Ga0393512_19_4863_5237	CP000239.1:2387041-2387377|CDS|CYA_2377	82.770	296	39	2	34	329	1	284	1.28e-83	306
Ga0393512_19_5256_5969	CP000240.1:2457379-2458093|CDS|CYB_2350	97.753	712	16	0	1	712	1	712	0.0	1213
Ga0393512_19_5256_5969	CP000239.1:2386312-2387020|CDS|CYA_2376	82.711	723	101	5	1	714	1	708	0.0	740
Ga0393512_19_6025_6642	CP000240.1:2456706-2457324|CDS|CYB_2348	98.058	618	12	0	1	618	1	618	0.0	1061
Ga0393512_19_6025_6642	CP000239.1:2385639-2386257|CDS|CYA_2374	86.893	618	81	0	1	618	1	618	0.0	750
Ga0393512_20_349_867	CP000240.1:489532-490051|CDS|CYB_0478	98.069	518	10	0	1	518	1	518	0.0	890
Ga0393512_20_349_867	CP000239.1:1019841-1020354|CDS|CYA_1006	87.452	518	59	1	1	518	1	512	0.0	643
Ga0393512_20_933_1853	CP000240.1:490116-491037|CDS|CYB_0479	96.851	921	29	0	1	921	1	921	0.0	1531
Ga0393512_20_933_1853	CP000239.1:1018843-1019764|CDS|CYA_1005	89.251	921	99	0	1	921	1	921	0.0	1215
Ga0393512_20_2260_2502	CP000240.1:491705-491966|CDS|CYB_0480	86.420	243	21	1	1	243	31	261	4.17e-81	297
Ga0393512_20_2260_2502	CP000239.1:1018221-1018578|CDS|CYA_1004	79.070	215	33	1	27	241	117	319	1.28e-49	192
Ga0393512_20_2767_4209	CP000240.1:492231-493674|CDS|CYB_0481	96.050	1443	57	0	1	1443	1	1443	0.0	2346
Ga0393512_20_2767_4209	CP000239.1:1016585-1018019|CDS|CYA_1003	86.685	1427	181	1	1	1427	1	1418	0.0	1721
Ga0393512_20_4225_5811	CP000240.1:493689-495231|CDS|CYB_0482	97.017	1542	46	0	46	1587	1	1542	0.0	2574
Ga0393512_20_4225_5811	CP000239.1:1015045-1016581|CDS|CYA_1002	84.801	1533	225	3	47	1575	2	1530	0.0	1709
Ga0393512_20_5889_6455	CP000240.1:495353-495920|CDS|CYB_0483	99.471	567	3	0	1	567	1	567	0.0	1010
Ga0393512_20_5889_6455	CP000239.1:1014351-1014918|CDS|CYA_1001	86.772	567	75	0	1	567	1	567	0.0	685
Ga0393512_20_6649_6936	CP000240.1:496113-498204|CDS|CYB_0484	95.486	288	13	0	1	288	1804	2091	2.00e-130	462
Ga0393512_21_26_754	CP000240.1:2033502-2034327|CDS|CYB_1942	97.394	729	19	0	1	729	97	825	0.0	1230
Ga0393512_21_26_754	CP000239.1:2750054-2750906|CDS|CYA_2734	89.459	702	74	0	1	702	97	798	0.0	933
Ga0393512_21_1039_1767	CP000240.1:2034748-2035831|CDS|CYB_1943	98.174	657	10	1	1	655	169	825	0.0	1129
Ga0393512_21_2262_4058	CP000240.1:2036151-2037948|CDS|CYB_1944	97.329	1797	48	0	1	1797	1	1797	0.0	3025
Ga0393512_21_2262_4058	CP000239.1:2747912-2749709|CDS|CYA_2732	88.245	1795	211	0	1	1795	1	1795	0.0	2287
Ga0393512_21_4342_4707	CP000240.1:2038231-2038597|CDS|CYB_1945	100.000	366	0	0	1	366	1	366	0.0	661
Ga0393512_21_4805_5728	CP000240.1:2038634-2040356|CDS|CYB_1946	97.899	809	16	1	117	924	474	1282	0.0	1379
Ga0393512_21_5806_6168	CP000240.1:2038634-2040356|CDS|CYB_1946	100.000	363	0	0	1	363	1360	1722	0.0	655
Ga0393512_21_5806_6168	CP000239.1:2745810-2747475|CDS|CYA_2730	93.296	358	24	0	4	361	1306	1663	1.16e-153	538
Ga0393512_22_114_773	CP000240.1:2542401-2543061|CDS|CYB_2439	98.788	660	8	0	1	660	1	660	0.0	1155
Ga0393512_22_114_773	CP000239.1:434336-434996|CDS|CYA_0413	85.410	658	96	0	1	658	1	658	0.0	755
Ga0393512_22_770_1369	CP000240.1:2541682-2542405|CDS|CYB_2440	100.000	600	0	0	1	600	124	723	0.0	1083
Ga0393512_22_1473_5387	CP000240.1:2537787-2541702|CDS|CYB_2438	97.957	3915	80	0	1	3915	1	3915	0.0	6700
Ga0393512_22_1473_5387	CP000239.1:429896-433805|CDS|CYA_0411	88.177	3916	455	4	1	3915	1	3909	0.0	4965
Ga0393512_23_520_996	CP000240.1:1174614-1175091|CDS|CYB_1138	97.694	477	11	0	1	477	1	477	0.0	811
Ga0393512_23_520_996	CP000239.1:1258475-1258955|CDS|CYA_1246	87.500	448	56	0	1	448	1	448	5.76e-159	556
Ga0393512_23_1066_1896	CP000240.1:1173714-1174596|CDS|CYB_1137	99.880	831	1	0	1	831	52	882	0.0	1495
Ga0393512_23_1066_1896	CP000239.1:1258972-1259830|CDS|CYA_1247	80.440	818	136	2	1	818	52	845	0.0	767
Ga0393512_23_2258_2728	CP000240.1:1172962-1173361|CDS|CYB_1136	100.000	399	0	0	73	471	1	399	0.0	720
Ga0393512_23_2258_2728	CP000239.1:2696797-2697196|CDS|CYA_2682	83.208	399	67	0	73	471	1	399	3.59e-117	418
Ga0393512_23_2845_4023	CP000240.1:1171595-1172774|CDS|CYB_1135	98.643	1179	16	0	1	1179	1	1179	0.0	2055
Ga0393512_23_2845_4023	CP000239.1:2697359-2698538|CDS|CYA_2683	87.447	1179	148	0	1	1179	1	1179	0.0	1460
Ga0393512_23_4221_4472	CP000240.1:1170895-1171462|CDS|CYB_1134	98.122	213	3	1	40	252	1	212	3.56e-101	363
Ga0393512_23_4221_4472	CP000239.1:444196-444757|CDS|CYA_0426	79.812	213	42	1	40	252	1	212	5.66e-48	187
Ga0393512_23_4456_4827	CP000240.1:1170895-1171462|CDS|CYB_1134	100.000	372	0	0	1	372	196	567	0.0	672
Ga0393512_23_4456_4827	CP000239.1:444196-444757|CDS|CYA_0426	85.255	373	47	4	1	372	196	561	3.41e-116	415
Ga0393512_23_4824_5108	CP000239.1:443915-444200|CDS|CYA_0425	78.246	285	62	0	1	285	1	285	1.42e-62	235
Ga0393512_23_5160_6029	CP000240.1:1169693-1170557|CDS|CYB_1133	100.000	864	0	0	7	870	1	864	0.0	1559
Ga0393512_23_6287_6409	CP000240.1:1167879-1168899|CDS|CYB_1130	100.000	121	0	0	1	121	177	57	4.23e-58	219
Ga0393512_23_6287_6409	CP000239.1:2341358-2342393|CDS|CYA_2336	84.956	113	17	0	2	114	191	79	2.05e-30	128
Ga0393512_24_1502_2623	CP000240.1:2487937-2489140|CDS|CYB_2385	98.841	1122	13	0	1	1122	82	1203	0.0	1966
Ga0393512_24_1502_2623	CP000239.1:1221033-1222236|CDS|CYA_1211	84.781	1117	170	0	1	1117	82	1198	0.0	1249
Ga0393512_24_2666_2848	CP000240.1:2489176-2489350|CDS|CYB_2386	93.333	165	10	1	13	177	11	174	1.68e-65	245
Ga0393512_24_2925_3632	CP000240.1:2489432-2489963|CDS|CYB_2387	97.175	531	15	0	178	708	1	531	0.0	891
Ga0393512_24_2925_3632	CP000239.1:1807061-1807631|CDS|CYA_1805	78.920	574	113	5	139	708	1	570	2.34e-134	475
Ga0393512_24_3619_4503	CP000240.1:2490126-2491011|CDS|CYB_2388	97.624	884	21	0	1	884	1	884	0.0	1500
Ga0393512_24_3619_4503	CP000239.1:1806028-1806937|CDS|CYA_1804	80.308	909	155	1	1	885	1	909	0.0	850
Ga0393512_24_4774_5325	CP000240.1:2491281-2491971|CDS|CYB_2389	98.188	552	10	0	1	552	139	690	0.0	951
Ga0393512_24_4774_5325	CP000239.1:1805068-1805722|CDS|CYA_1803	84.045	539	86	0	4	542	112	650	1.38e-167	585
Ga0393512_24_5654_5899	CP000240.1:2492129-2492354|CDS|CYB_2390	96.135	207	8	0	1	207	207	1	1.38e-93	338
Ga0393512_25_305_1117	CP000240.1:2781227-2781923|CDS|CYB_2694	96.695	696	23	0	118	813	1	696	0.0	1152
Ga0393512_25_305_1117	CP000239.1:2409289-2409985|CDS|CYA_2399	87.356	696	88	0	118	813	1	696	0.0	859
Ga0393512_25_1482_2699	CP000240.1:52430-53648|CDS|CYB_0041	93.247	1155	78	0	1	1155	1	1155	0.0	1732
Ga0393512_25_1482_2699	CP000240.1:2830275-2831565|CDS|CYB_2735	89.783	1243	102	2	1	1218	1	1243	0.0	1683
Ga0393512_25_1482_2699	CP000240.1:2796782-2798000|CDS|CYB_2707	91.965	1145	92	0	1	1145	1	1145	0.0	1651
Ga0393512_25_1482_2699	CP000239.1:1594889-1596107|CDS|CYA_1585	88.808	1242	91	2	1	1218	1	1218	0.0	1648
Ga0393512_25_1482_2699	CP000240.1:2247371-2248565|CDS|CYB_2147	89.573	1218	103	1	1	1218	1	1194	0.0	1642
Ga0393512_25_1482_2699	CP000240.1:1190675-1191869|CDS|CYB_1151	91.449	1146	72	3	1	1145	1	1121	0.0	1636
Ga0393512_25_1482_2699	CP000240.1:2644164-2645358|CDS|CYB_2538	91.266	1145	76	1	1	1145	1	1121	0.0	1632
Ga0393512_25_1482_2699	CP000240.1:1803089-1804283|CDS|CYB_1722	90.303	1155	88	1	1	1155	1	1131	0.0	1596
Ga0393512_25_1482_2699	CP000240.1:1015074-1016268|CDS|CYB_0979	88.670	1218	114	1	1	1218	1	1194	0.0	1592
Ga0393512_25_1482_2699	CP000240.1:1064975-1066169|CDS|CYB_1023	90.480	1145	85	1	1	1145	1	1121	0.0	1591
Ga0393512_25_1482_2699	CP000240.1:3008652-3009870|CDS|CYB_2910	89.143	1179	80	2	1	1155	1	1155	0.0	1584
Ga0393512_25_1482_2699	CP000240.1:102811-104029|CDS|CYB_0087	87.601	1242	106	2	1	1218	1	1218	0.0	1581
Ga0393512_25_1482_2699	CP000240.1:1083184-1084426|CDS|CYB_1042	88.719	1179	109	1	1	1155	1	1179	0.0	1544
Ga0393512_25_1482_2699	CP000240.1:638632-639850|CDS|CYB_0630	88.235	1173	90	2	1	1149	1	1149	0.0	1528
Ga0393512_25_1482_2699	CP000239.1:712444-713638|CDS|CYA_0704	89.170	1145	100	1	1	1145	1	1121	0.0	1524
Ga0393512_25_1482_2699	CP000240.1:2210858-2212052|CDS|CYB_2117	89.034	1149	102	1	1	1149	1	1125	0.0	1522
Ga0393512_25_1482_2699	CP000240.1:2168360-2169515|CDS|CYB_2071	88.295	1179	114	1	1	1179	1	1155	0.0	1522
Ga0393512_25_1482_2699	CP000240.1:1521392-1522610|CDS|CYB_1450	88.195	1169	90	2	1	1145	1	1145	0.0	1521
Ga0393512_25_1482_2699	CP000240.1:1954838-1956056|CDS|CYB_1872	89.177	1155	125	0	1	1155	1	1155	0.0	1520
Ga0393512_25_1482_2699	CP000239.1:893439-894633|CDS|CYA_0887	86.535	1218	140	1	1	1218	1	1194	0.0	1475
Ga0393512_25_1482_2699	CP000240.1:1842322-1843549|CDS|CYB_1759	88.492	1147	128	2	1	1145	1	1145	0.0	1469
Ga0393512_25_1482_2699	CP000240.1:1358129-1359347|CDS|CYB_1297	86.826	1169	106	2	1	1145	1	1145	0.0	1449
Ga0393512_25_1482_2699	CP000240.1:241642-242836|CDS|CYB_0233	85.398	1219	152	3	1	1218	1	1194	0.0	1407
Ga0393512_25_1482_2699	CP000239.1:2170714-2171908|CDS|CYA_2158	86.667	1155	130	1	1	1155	1	1131	0.0	1407
Ga0393512_25_1482_2699	CP000240.1:1384265-1385459|CDS|CYB_1322	85.222	1218	156	1	1	1218	1	1194	0.0	1403
Ga0393512_25_1482_2699	CP000239.1:774779-775973|CDS|CYA_0767	86.812	1145	127	1	1	1145	1	1121	0.0	1402
Ga0393512_25_1482_2699	CP000239.1:994256-995468|CDS|CYA_0981	84.628	1236	148	3	1	1218	1	1212	0.0	1397
Ga0393512_25_1482_2699	CP000240.1:345730-346924|CDS|CYB_0329	84.811	1218	161	1	1	1218	1	1194	0.0	1380
Ga0393512_25_1482_2699	CP000240.1:481588-482800|CDS|CYB_0472	84.398	1237	149	6	1	1218	1	1212	0.0	1374
Ga0393512_25_1482_2699	CP000240.1:1316312-1317548|CDS|CYB_1259	86.661	1117	125	1	1	1117	1	1093	0.0	1361
Ga0393512_25_1482_2699	CP000240.1:2661652-2662870|CDS|CYB_2557	86.114	1145	159	0	1	1145	1	1145	0.0	1349
Ga0393512_25_1482_2699	CP000240.1:2553363-2554557|CDS|CYB_2454	85.677	1145	140	1	1	1145	1	1121	0.0	1343
Ga0393512_25_1482_2699	CP000239.1:629980-631174|CDS|CYA_0620	85.415	1145	143	1	1	1145	1	1121	0.0	1330
Ga0393512_25_1482_2699	CP000240.1:2565689-2566883|CDS|CYB_2468	83.662	1218	175	1	1	1218	1	1194	0.0	1317
Ga0393512_25_1482_2699	CP000239.1:698055-699204|CDS|CYA_0690	85.415	1145	167	0	1	1145	1	1145	0.0	1313
Ga0393512_25_1482_2699	CP000240.1:1244785-1246021|CDS|CYB_1201	81.111	1260	172	4	1	1218	1	1236	0.0	1242
Ga0393512_25_1482_2699	CP000240.1:2619921-2621115|CDS|CYB_2521	83.682	1146	161	3	1	1145	1	1121	0.0	1234
Ga0393512_25_1482_2699	CP000240.1:1267756-1268992|CDS|CYB_1227	80.254	1261	181	6	1	1218	1	1236	0.0	1187
Ga0393512_25_1482_2699	CP000240.1:629484-630702|CDS|CYB_0620	81.595	1179	169	2	1	1155	1	1155	0.0	1183
Ga0393512_25_1482_2699	CP000240.1:2128026-2129220|CDS|CYB_2026	81.132	1219	204	3	1	1218	1	1194	0.0	1172
Ga0393512_25_1482_2699	CP000240.1:2933473-2934709|CDS|CYB_2835	79.493	1263	187	8	1	1218	1	1236	0.0	1140
Ga0393512_25_1482_2699	CP000240.1:605550-606744|CDS|CYB_0598	81.039	1155	195	1	1	1155	1	1131	0.0	1113
Ga0393512_25_1482_2699	CP000240.1:2506708-2507857|CDS|CYB_2410	79.558	1130	133	6	1	1033	1	1129	0.0	1058
Ga0393512_25_1482_2699	CP000240.1:1763450-1764623|CDS|CYB_1688	79.000	1200	220	7	1	1196	1	1172	0.0	1026
Ga0393512_25_1482_2699	CP000240.1:1917270-1918464|CDS|CYB_1826	78.654	1218	236	5	1	1218	1	1194	0.0	1024
Ga0393512_25_1482_2699	CP000240.1:2219258-2220470|CDS|CYB_2126	76.656	1238	243	7	1	1218	1	1212	0.0	940
Ga0393512_25_1482_2699	CP000239.1:693322-694534|CDS|CYA_0687	76.375	1236	250	3	1	1218	1	1212	0.0	938
Ga0393512_25_1482_2699	CP000239.1:88305-89487|CDS|CYA_0091	75.305	1146	233	7	1	1139	1	1103	0.0	805
Ga0393512_25_2928_4358	CP000240.1:2779283-2780882|CDS|CYB_2692	96.716	1431	47	0	1	1431	169	1599	0.0	2370
Ga0393512_25_2928_4358	CP000239.1:2407303-2408917|CDS|CYA_2396	83.672	1427	233	0	1	1427	184	1610	0.0	1524
Ga0393512_25_4617_5756	CP000240.1:2777872-2779012|CDS|CYB_2691	97.632	1140	27	0	1	1140	1	1140	0.0	1935
Ga0393512_25_4617_5756	CP000239.1:2405867-2407043|CDS|CYA_2395	84.265	1055	166	0	82	1136	100	1154	0.0	1155
Ga0393512_26_800_1921	CP000240.1:3024714-3025836|CDS|CYB_2926	99.465	1122	6	0	1	1122	1	1122	0.0	1997
Ga0393512_26_800_1921	CP000239.1:992522-993647|CDS|CYA_0978	80.283	1131	208	10	1	1122	1	1125	0.0	1003
Ga0393512_26_2415_4118	CP000240.1:3026348-3028034|CDS|CYB_2927	98.339	1686	28	0	19	1704	1	1686	0.0	2915
Ga0393512_26_2415_4118	CP000239.1:990345-992028|CDS|CYA_0977	85.099	1671	249	0	16	1686	1	1671	0.0	1892
Ga0393512_26_4212_4988	CP000240.1:3028127-3029168|CDS|CYB_2928	98.842	777	8	1	1	777	1	776	0.0	1358
Ga0393512_26_4212_4988	CP000239.1:989223-990264|CDS|CYA_0976	87.130	777	99	1	1	777	1	776	0.0	948
Ga0393512_26_4975_5253	CP000240.1:3028127-3029168|CDS|CYB_2928	98.925	279	3	0	1	279	763	1041	3.97e-139	490
Ga0393512_26_4975_5253	CP000239.1:989223-990264|CDS|CYA_0976	87.814	279	34	0	1	279	763	1041	2.51e-97	351
Ga0393512_27_18_1820	CP000240.1:611236-613234|CDS|CYB_0602	98.336	1803	30	0	1	1803	196	1998	0.0	3117
Ga0393512_27_18_1820	CP000239.1:898479-900489|CDS|CYA_0892	91.295	1815	146	1	1	1803	196	2010	0.0	2568
Ga0393512_27_1994_2722	CP000239.1:897553-898417|CDS|CYA_0891	93.191	749	27	1	1	725	112	860	0.0	1139
Ga0393512_27_1994_2722	CP000240.1:610277-611165|CDS|CYB_0601	89.004	773	37	1	1	725	112	884	0.0	1050
Ga0393512_27_1994_2722	CP000239.1:625839-626682|CDS|CYA_0616	72.231	605	166	2	8	611	131	734	7.88e-90	327
Ga0393512_27_1994_2722	CP000240.1:48230-49073|CDS|CYB_0038	71.570	605	170	2	8	611	131	734	2.12e-84	309
Ga0393512_27_1994_2722	CP000240.1:46200-48192|CDS|CYB_0037	67.974	612	170	11	31	629	109	707	1.17e-49	195
Ga0393512_27_1994_2722	CP000239.1:623809-625801|CDS|CYA_0615	67.374	613	174	10	30	629	108	707	2.12e-46	183
Ga0393512_27_1994_2722	CP000239.1:898479-900489|CDS|CYA_0892	66.667	552	170	7	31	575	103	647	1.53e-35	148
Ga0393512_27_1994_2722	CP000240.1:611236-613234|CDS|CYB_0602	65.724	601	192	9	30	623	102	695	1.43e-29	128
Ga0393512_27_2792_3670	CP000240.1:609410-610202|CDS|CYB_0600	98.611	792	11	0	88	879	1	792	0.0	1379
Ga0393512_27_3687_3983	CP000240.1:608338-609307|CDS|CYB_0599	99.663	297	1	0	1	297	673	969	1.39e-151	532
Ga0393512_27_3687_3983	CP000239.1:896417-897338|CDS|CYA_0890	97.980	297	6	0	1	297	625	921	4.54e-145	509
Ga0393512_27_4067_4609	CP000240.1:608338-609307|CDS|CYB_0599	95.132	493	22	1	46	538	94	584	0.0	779
Ga0393512_27_4067_4609	CP000239.1:896417-897338|CDS|CYA_0890	86.989	538	68	1	1	538	1	536	0.0	653
Ga0393512_27_4775_6196	CP000240.1:606715-608173|CDS|CYB_0597	92.537	1407	105	0	1	1407	1	1407	0.0	2065
Ga0393512_28_131_763	CP000240.1:461524-462157|CDS|CYB_0456	99.525	631	3	0	1	631	1	631	0.0	1125
Ga0393512_28_131_763	CP000239.1:2279867-2280500|CDS|CYA_2271	88.431	631	73	0	1	631	1	631	0.0	810
Ga0393512_28_778_1497	CP000240.1:460790-461510|CDS|CYB_0455	98.194	720	13	0	1	720	1	720	0.0	1241
Ga0393512_28_778_1497	CP000239.1:2280496-2281234|CDS|CYA_2272	84.680	718	110	0	1	718	1	718	0.0	800
Ga0393512_28_1666_2712	CP000240.1:459575-460622|CDS|CYB_0454	98.949	1047	11	0	1	1047	1	1047	0.0	1839
Ga0393512_28_1666_2712	CP000239.1:2281402-2282470|CDS|CYA_2273	83.146	1068	159	3	1	1047	1	1068	0.0	1121
Ga0393512_28_2744_3100	CP000240.1:459187-459544|CDS|CYB_0453	98.599	357	5	0	1	357	1	357	1.21e-178	622
Ga0393512_28_2744_3100	CP000239.1:2282599-2282914|CDS|CYA_2274	79.603	353	30	1	1	353	1	311	1.39e-95	346
Ga0393512_28_3262_3948	CP000240.1:458339-459143|CDS|CYB_0452	99.418	687	4	0	1	687	118	804	0.0	1222
Ga0393512_28_3262_3948	CP000239.1:2283074-2283761|CDS|CYA_2275	85.145	653	96	1	1	652	1	653	0.0	737
Ga0393512_28_3977_4948	CP000240.1:457348-458311|CDS|CYB_0451	99.585	963	4	0	10	972	1	963	0.0	1719
Ga0393512_28_3977_4948	CP000239.1:2283776-2284748|CDS|CYA_2276	85.670	963	138	0	1	963	1	963	0.0	1115
Ga0393512_28_5216_5458	CP000240.1:456829-457225|CDS|CYB_0450	98.760	242	3	0	1	242	154	395	4.16e-119	424
Ga0393512_28_5216_5458	CP000239.1:2284759-2285257|CDS|CYA_2277	88.696	230	26	0	14	243	269	498	1.19e-81	298
Ga0393512_28_5692_6138	CP000240.1:456260-456707|CDS|CYB_0449	98.658	447	6	0	1	447	1	447	0.0	780
Ga0393512_28_5692_6138	CP000239.1:2285308-2285746|CDS|CYA_2278	81.862	419	76	0	1	419	1	419	4.14e-116	414
Ga0393512_29_5030_5680	CP000239.1:469077-469722|CDS|CYA_0449	86.271	641	88	0	1	641	1	641	0.0	760
Ga0393512_30_1302_1646	CP000240.1:2888077-2888569|CDS|CYB_2790	97.965	344	7	0	2	345	149	492	6.93e-169	590
Ga0393512_30_1302_1646	CP000239.1:850887-851364|CDS|CYA_0841	83.041	342	58	0	4	345	136	477	7.43e-99	356
Ga0393512_30_1636_1920	CP000240.1:2887173-2888088|CDS|CYB_2791	94.643	280	15	0	6	285	636	915	2.25e-123	438
Ga0393512_30_1636_1920	CP000239.1:851353-851761|CDS|CYA_0840	80.755	265	51	0	16	280	139	403	2.26e-66	249
Ga0393512_30_2084_3292	CP000240.1:2884123-2885332|CDS|CYB_2789	97.103	1208	35	0	1	1208	1	1208	0.0	2021
Ga0393512_30_2084_3292	CP000239.1:1971648-1972839|CDS|CYA_1961	80.183	1201	223	3	1	1198	1	1189	0.0	1094
Ga0393512_30_3319_4296	CP000240.1:2883110-2884097|CDS|CYB_2787	97.568	987	15	1	1	978	1	987	0.0	1676
Ga0393512_30_3319_4296	CP000239.1:1970740-1971652|CDS|CYA_1960	81.529	942	130	5	1	941	1	899	0.0	932
Ga0393512_30_4529_5029	CP000240.1:2882376-2882877|CDS|CYB_2786	99.002	501	5	0	1	501	1	501	0.0	882
Ga0393512_30_4529_5029	CP000239.1:1968160-1968661|CDS|CYA_1957	88.423	501	58	0	1	501	1	501	0.0	643
Ga0393512_30_5243_5899	CP000240.1:2881308-2882163|CDS|CYB_2785	99.848	657	1	0	1	657	199	855	0.0	1181
Ga0393512_30_5243_5899	CP000239.1:1965675-1966587|CDS|CYA_1955	89.482	637	67	0	4	640	202	838	0.0	847
Ga0393512_31_347_970	CP000240.1:2212140-2212764|CDS|CYB_2118	99.840	624	1	0	1	624	1	624	0.0	1122
Ga0393512_31_347_970	CP000239.1:713714-714350|CDS|CYA_0706	85.366	615	90	0	1	615	1	615	0.0	704
Ga0393512_31_347_970	CP000239.1:686138-686762|CDS|CYA_0678	82.476	622	109	0	1	622	1	622	0.0	631
Ga0393512_31_975_1676	CP000240.1:2210138-2210840|CDS|CYB_2116	97.278	698	19	0	1	698	1	698	0.0	1174
Ga0393512_31_975_1676	CP000239.1:685206-685908|CDS|CYA_0677	89.112	698	76	0	1	698	1	698	0.0	917
Ga0393512_31_1704_1907	CP000240.1:2209865-2210111|CDS|CYB_2115	100.000	204	0	0	1	204	43	246	6.62e-103	369
Ga0393512_31_1704_1907	CP000239.1:684899-685172|CDS|CYA_0676	82.353	170	30	0	34	203	103	272	9.85e-44	172
Ga0393512_31_2100_3479	CP000240.1:2208275-2209715|CDS|CYB_2114	98.261	1380	24	0	1	1380	61	1440	0.0	2381
Ga0393512_31_2100_3479	CP000239.1:683433-684870|CDS|CYA_0675	91.292	1378	120	0	1	1378	58	1435	0.0	1945
Ga0393512_31_4374_5510	CP000240.1:2206275-2207412|CDS|CYB_2112	98.681	1137	15	0	1	1137	1	1137	0.0	1984
Ga0393512_31_4374_5510	CP000239.1:101921-103049|CDS|CYA_0107	85.638	1128	162	0	1	1128	1	1128	0.0	1305
Ga0393512_32_21_455	CP000240.1:2319672-2320176|CDS|CYB_2211	98.851	435	5	0	1	435	70	504	0.0	763
Ga0393512_32_21_455	CP000239.1:1350318-1350822|CDS|CYA_1337	87.356	435	55	0	1	435	70	504	4.89e-153	537
Ga0393512_32_466_1320	CP000240.1:2318972-2319650|CDS|CYB_2210	96.439	674	24	0	178	851	1	674	0.0	1108
Ga0393512_32_466_1320	CP000239.1:1349639-1350317|CDS|CYA_1336	84.172	676	107	0	178	853	1	676	0.0	737
Ga0393512_32_1703_2494	CP000240.1:2317632-2318424|CDS|CYB_2209	99.874	792	1	0	1	792	1	792	0.0	1425
Ga0393512_32_1703_2494	CP000239.1:2424055-2424829|CDS|CYA_2412	82.544	739	129	0	34	772	1	739	0.0	752
Ga0393512_33_1032_1517	CP000240.1:1570637-1572323|CDS|CYB_1494	98.560	486	7	0	1	486	1201	1686	0.0	846
Ga0393512_33_1032_1517	CP000239.1:2438015-2439716|CDS|CYA_2431	86.515	482	65	0	1	482	1216	1697	6.27e-165	577
Ga0393512_33_1536_3263	CP000240.1:1568891-1570619|CDS|CYB_1493	97.859	1728	37	0	1	1728	1	1728	0.0	2950
Ga0393512_33_1536_3263	CP000239.1:2440021-2441761|CDS|CYA_2432	88.484	1728	187	3	1	1728	25	1740	0.0	2217
Ga0393512_33_3471_5282	CP000240.1:1566887-1568699|CDS|CYB_1492	96.854	1812	57	0	1	1812	1	1812	0.0	3012
Ga0393512_33_3471_5282	CP000239.1:2441938-2443750|CDS|CYA_2433	89.073	1812	198	0	1	1812	1	1812	0.0	2376
Ga0393512_34_3504_4328	CP000240.1:575033-575858|CDS|CYB_0565	99.758	825	2	0	1	825	1	825	0.0	1480
Ga0393512_34_3504_4328	CP000239.1:545800-546625|CDS|CYA_0530	88.000	825	99	0	1	825	1	825	0.0	1042
Ga0393512_34_4446_5543	CP000240.1:575975-577478|CDS|CYB_0566	94.991	1098	55	0	1	1098	406	1503	0.0	1733
Ga0393512_34_4446_5543	CP000239.1:544261-545764|CDS|CYA_0529	82.701	1081	176	4	1	1071	406	1485	0.0	1099
Ga0393512_36_694_1386	CP000240.1:186761-187454|CDS|CYB_0174	93.939	693	42	0	1	693	1	693	0.0	1061
Ga0393512_36_694_1386	CP000239.1:2714419-2715112|CDS|CYA_2699	86.357	689	94	0	1	689	1	689	0.0	820
Ga0393512_36_1594_2367	CP000240.1:187661-188435|CDS|CYB_0175	99.612	774	3	0	1	774	1	774	0.0	1383
Ga0393512_36_2376_3503	CP000240.1:188443-189625|CDS|CYB_0176	92.730	1128	82	0	1	1128	55	1182	0.0	1665
Ga0393512_36_2376_3503	CP000239.1:968097-969234|CDS|CYA_0955	84.819	1133	160	4	2	1128	11	1137	0.0	1261
Ga0393512_36_3711_4058	CP000240.1:189778-190126|CDS|CYB_0177	96.552	348	12	0	1	348	1	348	1.54e-164	574
Ga0393512_36_4138_4962	CP000240.1:190205-191030|CDS|CYB_0178	97.697	825	19	0	1	825	1	825	0.0	1403
Ga0393512_36_4138_4962	CP000239.1:966735-967527|CDS|CYA_0953	82.732	776	131	1	1	773	1	776	0.0	794
Ga0393512_37_5_685	CP000240.1:835785-837645|CDS|CYB_0808	98.825	681	8	0	1	681	1180	1860	0.0	1193
Ga0393512_37_5_685	CP000239.1:2585535-2587392|CDS|CYA_2563	89.233	678	73	0	2	679	1178	1855	0.0	894
Ga0393512_37_719_1324	CP000240.1:837678-838269|CDS|CYB_0809	97.770	583	13	0	1	583	1	583	0.0	994
Ga0393512_37_719_1324	CP000239.1:2584939-2585527|CDS|CYA_2562	79.932	588	115	2	1	588	1	585	1.53e-148	523
Ga0393512_37_1333_2715	CP000240.1:838432-839815|CDS|CYB_0810	99.131	1381	12	0	1	1381	1	1381	0.0	2437
Ga0393512_37_1333_2715	CP000239.1:2583384-2584767|CDS|CYA_2560	78.190	1403	266	12	1	1383	1	1383	0.0	1133
Ga0393512_37_2894_4285	CP000240.1:839995-841399|CDS|CYB_0811	99.641	1392	5	0	1	1392	13	1404	0.0	2489
Ga0393512_37_2894_4285	CP000239.1:2581835-2583239|CDS|CYA_2559	85.714	1386	198	0	7	1392	19	1404	0.0	1608
Ga0393512_37_4554_4670	CP000240.1:841655-841772|CDS|CYB_0812	100.000	117	0	0	1	117	1	117	5.90e-56	212
Ga0393512_37_4554_4670	CP000239.1:2619211-2619328|CDS|CYA_2600	86.325	117	16	0	1	117	1	117	3.06e-34	140
Ga0393512_37_4554_4670	CP000239.1:2581636-2581753|CDS|CYA_2558	86.325	117	16	0	1	117	1	117	3.06e-34	140
Ga0393512_37_4775_5131	CP000240.1:841876-842233|CDS|CYB_0813	100.000	357	0	0	1	357	1	357	0.0	645
Ga0393512_37_4775_5131	CP000239.1:2619424-2619778|CDS|CYA_2601	90.116	344	34	0	1	344	1	344	1.69e-132	468
Ga0393512_37_4775_5131	CP000239.1:2581159-2581519|CDS|CYA_2557	86.297	343	47	0	5	347	11	353	4.84e-114	407
Ga0393512_38_145_774	CP000240.1:768308-769244|CDS|CYB_0745	97.937	630	12	1	1	630	1	629	0.0	1075
Ga0393512_38_145_774	CP000239.1:2073484-2074417|CDS|CYA_2055	85.714	630	86	2	1	630	1	626	0.0	726
Ga0393512_38_824_1081	CP000240.1:768308-769244|CDS|CYB_0745	99.225	258	2	0	1	258	679	936	2.16e-129	457
Ga0393512_38_824_1081	CP000239.1:2073484-2074417|CDS|CYA_2055	87.984	258	31	0	1	258	676	933	9.18e-90	326
Ga0393512_38_1078_1359	CP000240.1:768030-768312|CDS|CYB_0744	100.000	282	0	0	1	282	1	282	4.29e-145	509
Ga0393512_38_1078_1359	CP000239.1:2073206-2073488|CDS|CYA_2054	81.159	276	52	0	1	276	1	276	2.90e-71	264
Ga0393512_38_1396_1785	CP000240.1:767235-767994|CDS|CYB_0743	98.718	390	4	1	1	390	1	389	0.0	678
Ga0393512_38_1396_1785	CP000239.1:2072404-2073154|CDS|CYA_2053	83.202	381	63	1	10	390	1	380	9.62e-111	396
Ga0393512_38_1790_2155	CP000240.1:767235-767994|CDS|CYB_0743	99.178	365	3	0	1	365	394	758	0.0	645
Ga0393512_38_1790_2155	CP000239.1:2072404-2073154|CDS|CYA_2053	86.264	364	50	0	1	364	385	748	1.25e-121	432
Ga0393512_38_2427_2852	CP000240.1:766523-766949|CDS|CYB_0742	97.887	426	9	0	1	426	1	426	0.0	728
Ga0393512_38_2427_2852	CP000239.1:2071839-2072247|CDS|CYA_2052	80.769	338	65	0	1	338	1	338	8.13e-87	317
Ga0393512_38_2929_3198	CP000240.1:766177-766447|CDS|CYB_0741	100.000	270	0	0	1	270	1	270	1.34e-138	488
Ga0393512_38_2929_3198	CP000239.1:2071509-2071779|CDS|CYA_2051	88.148	270	32	0	1	270	1	270	3.60e-95	343
Ga0393512_38_3442_4914	CP000240.1:764460-765933|CDS|CYB_0740	96.945	1473	45	0	1	1473	1	1473	0.0	2454
Ga0393512_38_3442_4914	CP000239.1:2069889-2071383|CDS|CYA_2050	83.748	1446	235	0	2	1447	17	1462	0.0	1549
Ga0393512_39_429_893	CP000240.1:538940-539405|CDS|CYB_0523	98.280	465	8	0	1	465	1	465	0.0	803
Ga0393512_39_429_893	CP000239.1:2157521-2157986|CDS|CYA_2145	87.931	464	56	0	1	464	1	464	1.16e-167	585
Ga0393512_39_1141_2967	CP000240.1:536867-538766|CDS|CYB_0522	99.343	1827	12	0	1	1827	73	1899	0.0	3241
Ga0393512_39_1141_2967	CP000239.1:2158112-2160044|CDS|CYA_2146	80.944	1800	299	7	1	1790	139	1904	0.0	1709
Ga0393512_39_3132_4235	CP000240.1:535599-536703|CDS|CYB_0520	98.641	1104	15	0	1	1104	1	1104	0.0	1924
Ga0393512_39_3132_4235	CP000239.1:929251-930337|CDS|CYA_0920	80.983	1078	199	1	14	1091	2	1073	0.0	1021
Ga0393512_39_4322_5437	CP000240.1:534373-535513|CDS|CYB_0519	100.000	1116	0	0	1	1116	25	1140	0.0	2013
Ga0393512_39_4322_5437	CP000239.1:2192865-2193981|CDS|CYA_2177	84.581	1109	171	0	1	1109	1	1109	0.0	1230
Ga0393512_40_130_1896	CP000240.1:398115-399882|CDS|CYB_0382	94.228	1767	102	0	1	1767	1	1767	0.0	2727
Ga0393512_40_130_1896	CP000239.1:1587091-1588858|CDS|CYA_1577	91.981	1721	138	0	1	1721	1	1721	0.0	2482
Ga0393512_40_2168_2599	CP000240.1:400346-400778|CDS|CYB_0385	98.837	430	5	0	1	430	1	430	0.0	754
Ga0393512_40_2168_2599	CP000239.1:1589129-1589561|CDS|CYA_1579	98.837	430	5	0	1	430	1	430	0.0	754
Ga0393512_40_2596_3213	CP000240.1:400774-401392|CDS|CYB_0386	99.515	618	3	0	1	618	1	618	0.0	1102
Ga0393512_40_3210_3455	CP000240.1:401388-402072|CDS|CYB_0387	100.000	246	0	0	1	246	439	684	1.29e-125	444
Ga0393512_40_3731_4177	CP000240.1:405674-406703|CDS|CYB_0391	97.309	446	12	0	1	446	1	446	0.0	751
Ga0393512_40_3731_4177	CP000239.1:1593437-1594466|CDS|CYA_1584	96.413	446	16	0	1	446	1	446	0.0	733
Ga0393512_41_348_1199	CP000240.1:447348-448278|CDS|CYB_0437	98.826	852	10	0	1	852	79	930	0.0	1492
Ga0393512_41_348_1199	CP000239.1:1149395-1150319|CDS|CYA_1122	85.301	830	122	0	1	830	79	908	0.0	948
Ga0393512_41_1277_2023	CP000240.1:448354-449101|CDS|CYB_0438	99.598	747	3	0	1	747	1	747	0.0	1334
Ga0393512_41_1277_2023	CP000239.1:1150394-1151141|CDS|CYA_1123	85.791	746	106	0	1	746	1	746	0.0	868
Ga0393512_41_2027_2341	CP000240.1:449104-449419|CDS|CYB_0439	99.048	315	3	0	1	315	1	315	1.30e-158	555
Ga0393512_41_2027_2341	CP000239.1:1151169-1151457|CDS|CYA_1124	85.612	278	39	1	25	302	1	277	1.69e-87	318
Ga0393512_41_2639_3580	CP000240.1:449716-450658|CDS|CYB_0441	98.195	942	17	0	1	942	1	942	0.0	1623
Ga0393512_41_4070_4837	CP000240.1:450943-451711|CDS|CYB_0442	98.047	768	15	0	1	768	1	768	0.0	1318
Ga0393512_41_4070_4837	CP000239.1:2290124-2290898|CDS|CYA_2285	85.065	770	109	2	1	764	1	770	0.0	867
Ga0393512_42_167_433	CP000240.1:986821-989176|CDS|CYB_0950	100.000	267	0	0	1	267	2089	2355	5.62e-137	482
Ga0393512_42_167_433	CP000239.1:214081-216415|CDS|CYA_0208	85.081	248	35	1	1	248	2089	2334	1.24e-75	279
Ga0393512_42_1081_2361	CP000240.1:989822-991103|CDS|CYB_0952	100.000	1281	0	0	1	1281	1	1281	0.0	2311
Ga0393512_42_1081_2361	CP000239.1:871610-872861|CDS|CYA_0864	79.259	1215	243	2	1	1212	1	1209	0.0	1055
Ga0393512_42_3024_3263	CP000240.1:2783381-2784644|CDS|CYB_2696	69.295	241	73	1	1	240	816	576	2.14e-21	98.7
Ga0393512_42_3780_4298	CP000240.1:992535-993054|CDS|CYB_0954	97.495	519	13	0	1	519	1	519	0.0	878
Ga0393512_42_3780_4298	CP000239.1:2824934-2825477|CDS|CYA_2806	87.984	516	62	0	1	516	1	516	0.0	652
Ga0393512_43_41_2593	CP000240.1:2295285-2300124|CDS|CYB_2191	98.281	2559	38	2	1	2553	2281	4839	0.0	4414
Ga0393512_43_41_2593	CP000239.1:908361-913500|CDS|CYA_0901	84.130	2552	375	3	6	2551	2610	5137	0.0	2791
Ga0393512_43_2674_2976	CP000240.1:2300204-2300507|CDS|CYB_2192	97.690	303	7	0	1	303	1	303	1.09e-146	516
Ga0393512_43_2674_2976	CP000239.1:906578-906881|CDS|CYA_0898	82.394	284	50	0	19	302	19	302	2.75e-78	288
Ga0393512_44_12_209	CP000240.1:587129-588098|CDS|CYB_0580	100.000	198	0	0	1	198	772	969	1.16e-99	358
Ga0393512_44_12_209	CP000239.1:2246496-2247465|CDS|CYA_2231	83.246	191	32	0	8	198	779	969	1.96e-52	201
Ga0393512_44_206_823	CP000240.1:588094-588712|CDS|CYB_0581	99.676	618	2	0	1	618	1	618	0.0	1106
Ga0393512_44_206_823	CP000239.1:2247461-2248079|CDS|CYA_2232	87.967	615	74	0	2	616	2	616	0.0	776
Ga0393512_44_985_1572	CP000240.1:588837-589461|CDS|CYB_0582	97.959	588	12	0	1	588	37	624	0.0	1007
Ga0393512_44_985_1572	CP000239.1:2248276-2248867|CDS|CYA_2233	74.545	550	92	4	20	569	74	575	7.68e-108	387
Ga0393512_44_1639_2493	CP000239.1:2248887-2249655|CDS|CYA_2234	74.713	696	146	3	96	776	18	698	2.83e-134	476
Ga0393512_44_2522_3181	CP000240.1:590398-591046|CDS|CYB_0584	97.994	648	13	0	13	660	1	648	0.0	1111
Ga0393512_44_2522_3181	CP000239.1:2249699-2250320|CDS|CYA_2235	82.547	636	84	2	25	660	13	621	0.0	663
Ga0393512_44_4366_4587	CP000240.1:592182-593079|CDS|CYB_0585	100.000	222	0	0	1	222	676	897	1.23e-112	401
Ga0393512_44_4366_4587	CP000240.1:624599-625292|CDS|CYB_0614	87.387	222	28	0	1	222	472	693	1.23e-74	275
Ga0393512_44_4366_4587	CP000239.1:877466-878363|CDS|CYA_0871	85.000	220	33	0	1	220	676	895	1.71e-66	249
Ga0393512_45_35_322	CP000240.1:2768006-2768321|CDS|CYB_2683	98.611	288	4	0	1	288	28	315	6.52e-143	502
Ga0393512_45_35_322	CP000239.1:2136484-2136799|CDS|CYA_2122	82.105	285	51	0	4	288	31	315	3.17e-77	285
Ga0393512_45_336_1928	CP000240.1:2768335-2769928|CDS|CYB_2684	97.803	1593	35	0	1	1593	1	1593	0.0	2716
Ga0393512_45_336_1928	CP000239.1:2136812-2138405|CDS|CYA_2123	87.249	1592	203	0	1	1592	1	1592	0.0	1957
Ga0393512_45_2144_2662	CP000240.1:2770143-2770662|CDS|CYB_2685	99.807	519	1	0	1	519	1	519	0.0	932
Ga0393512_45_2144_2662	CP000239.1:2138612-2139137|CDS|CYA_2124	88.178	516	61	0	1	516	1	516	0.0	656
Ga0393512_45_2702_3202	CP000240.1:2770701-2771202|CDS|CYB_2686	98.603	501	7	0	1	501	1	501	0.0	873
Ga0393512_45_2702_3202	CP000239.1:2139179-2139680|CDS|CYA_2125	89.579	499	52	0	1	499	1	499	0.0	666
Ga0393512_45_3303_4451	CP000240.1:2771312-2772692|CDS|CYB_2687	97.909	1148	24	0	1	1148	232	1379	0.0	1963
Ga0393512_45_3303_4451	CP000239.1:2139798-2141178|CDS|CYA_2126	86.063	1148	160	0	1	1148	232	1379	0.0	1350
Ga0393512_46_618_2099	CP000240.1:1875396-1876878|CDS|CYB_1788	98.313	1482	25	0	1	1482	1	1482	0.0	2561
Ga0393512_46_618_2099	CP000239.1:248587-250033|CDS|CYA_0245	80.689	1481	240	17	1	1476	1	1440	0.0	1347
Ga0393512_46_2287_2748	CP000240.1:1874747-1875209|CDS|CYB_1787	99.351	462	3	0	1	462	1	462	0.0	820
Ga0393512_46_2287_2748	CP000239.1:247937-248399|CDS|CYA_0244	90.456	461	44	0	1	461	1	461	0.0	634
Ga0393512_46_3006_4013	CP000240.1:1873482-1874415|CDS|CYB_1786	92.283	933	72	0	76	1008	1	933	0.0	1359
Ga0393512_46_3006_4013	CP000239.1:246675-247608|CDS|CYA_0243	87.245	933	119	0	76	1008	1	933	0.0	1147
Ga0393512_47_475_1260	CP000240.1:1490935-1491823|CDS|CYB_1422	98.728	786	10	0	1	786	103	888	0.0	1373
Ga0393512_47_475_1260	CP000239.1:1041546-1042437|CDS|CYA_1022	82.195	747	133	0	1	747	121	867	0.0	748
Ga0393512_47_1274_2452	CP000240.1:1491836-1493015|CDS|CYB_1423	97.964	1179	24	0	1	1179	1	1179	0.0	2019
Ga0393512_47_2506_4074	CP000240.1:1493068-1494565|CDS|CYB_1424	98.263	1497	26	0	73	1569	1	1497	0.0	2583
Ga0393512_47_2506_4074	CP000239.1:1126033-1127491|CDS|CYA_1101	77.448	1481	270	8	79	1557	31	1449	0.0	1187
Ga0393512_47_4160_4360	CP000240.1:1494722-1496033|CDS|CYB_1425	99.005	201	2	0	1	201	1111	1311	1.43e-98	354
Ga0393512_47_4160_4360	CP000239.1:1124635-1125982|CDS|CYA_1100	88.500	200	23	0	1	200	1147	1346	2.96e-69	258
Ga0393512_48_208_579	CP000240.1:2334172-2334544|CDS|CYB_2228	100.000	372	0	0	1	372	1	372	0.0	672
Ga0393512_48_208_579	CP000239.1:1401834-1402206|CDS|CYA_1396	85.215	372	55	0	1	372	1	372	6.58e-119	424
Ga0393512_48_676_2754	CP000240.1:2331654-2334060|CDS|CYB_2227	98.797	2079	25	0	1	2079	328	2406	0.0	3637
Ga0393512_48_676_2754	CP000239.1:1472451-1474845|CDS|CYA_1466	82.903	2053	345	1	27	2079	348	2394	0.0	2122
Ga0393512_48_3279_4058	CP000240.1:2335085-2336642|CDS|CYB_2229	95.385	780	36	0	1	780	778	1557	0.0	1245
Ga0393512_48_3279_4058	CP000239.1:1402733-1404284|CDS|CYA_1398	86.334	761	102	2	1	760	778	1537	0.0	897
Ga0393512_49_3019_3876	CP000240.1:2663675-2664533|CDS|CYB_2559	97.086	858	25	0	1	858	1	858	0.0	1435
Ga0393512_49_3019_3876	CP000239.1:1400047-1400953|CDS|CYA_1394	78.491	795	166	3	1	791	1	794	0.0	655
Ga0393512_50_796_2052	CP000240.1:2339048-2340305|CDS|CYB_2233	98.568	1257	18	0	1	1257	1	1257	0.0	2186
Ga0393512_50_796_2052	CP000239.1:1406652-1407894|CDS|CYA_1401	85.251	1234	182	0	1	1234	1	1234	0.0	1406
Ga0393512_50_2143_2382	CP000240.1:2338667-2338958|CDS|CYB_2232	100.000	240	0	0	1	240	52	291	2.27e-122	434
Ga0393512_50_2143_2382	CP000239.1:1406261-1406588|CDS|CYA_1400	82.083	240	43	0	1	240	88	327	9.68e-64	240
Ga0393512_50_2499_2882	CP000240.1:2336730-2338602|CDS|CYB_2231	95.174	373	18	0	12	384	1500	1872	6.36e-170	592
Ga0393512_50_2499_2882	CP000239.1:1404261-1406232|CDS|CYA_1399	88.204	373	44	0	12	384	1599	1971	1.23e-134	475
Ga0393512_51_243_932	CP000240.1:410817-412713|CDS|CYB_0397	98.116	690	13	0	1	690	1207	1896	0.0	1187
Ga0393512_51_243_932	CP000239.1:1847073-1848795|CDS|CYA_1847	97.206	680	19	0	1	680	1030	1709	0.0	1141
Ga0393512_51_243_932	CP000239.1:1599798-1601667|CDS|CYA_1591	82.655	663	115	0	13	675	1204	1866	0.0	678
Ga0393512_51_949_1650	CP000239.1:1845267-1847055|CDS|CYA_1846	97.863	702	15	0	1	702	1087	1788	0.0	1199
Ga0393512_51_949_1650	CP000240.1:412729-414517|CDS|CYB_0398	97.578	702	17	0	1	702	1087	1788	0.0	1190
Ga0393512_51_1556_2737	CP000240.1:412729-414517|CDS|CYB_0398	97.716	1182	26	1	1	1182	1	1181	0.0	2007
Ga0393512_51_1556_2737	CP000239.1:1845267-1847055|CDS|CYA_1846	97.208	1182	32	1	1	1182	1	1181	0.0	1980
Ga0393512_51_2775_3461	CP000239.1:1844476-1845244|CDS|CYA_1845	97.962	687	14	0	1	687	82	768	0.0	1177
Ga0393512_51_2775_3461	CP000240.1:414554-415322|CDS|CYB_0399	97.089	687	20	0	1	687	82	768	0.0	1150
Ga0393512_52_405_923	CP000240.1:2155497-2156064|CDS|CYB_2056	99.037	519	5	0	1	519	49	567	0.0	914
Ga0393512_52_405_923	CP000239.1:87208-87829|CDS|CYA_0089	85.870	460	65	0	48	507	150	609	5.89e-153	537
Ga0393512_52_1274_1459	CP000240.1:2156366-2156552|CDS|CYB_2057	97.849	186	4	0	1	186	1	186	9.45e-88	318
Ga0393512_52_1274_1459	CP000239.1:88001-88187|CDS|CYA_0090	94.086	186	11	0	1	186	1	186	5.59e-78	287
Ga0393512_52_1602_2294	CP000240.1:2156694-2157387|CDS|CYB_2059	96.165	678	26	0	16	693	16	693	0.0	1106
Ga0393512_52_1602_2294	CP000239.1:89674-90367|CDS|CYA_0092	86.885	671	88	0	16	686	16	686	0.0	814
Ga0393512_52_2287_2949	CP000240.1:2157386-2158043|CDS|CYB_2060	87.988	641	77	0	1	641	1	641	0.0	810
Ga0393512_52_2287_2949	CP000239.1:90366-91023|CDS|CYA_0093	87.077	650	84	0	1	650	1	650	0.0	794
Ga0393512_53_431_2131	CP000239.1:1193691-1195644|CDS|CYA_1179	82.724	1696	285	3	1	1695	262	1950	0.0	1732
Ga0393512_54_124_1986	CP000240.1:665041-666871|CDS|CYB_0651	99.454	1830	10	0	34	1863	1	1830	0.0	3256
Ga0393512_54_2185_3039	CP000240.1:667102-667960|CDS|CYB_0652	95.470	861	30	3	1	855	1	858	0.0	1372
Ga0393512_54_2185_3039	CP000239.1:1464768-1465722|CDS|CYA_1459	75.795	880	177	7	3	852	69	942	2.03e-180	628
Ga0393512_55_555_2402	CP000240.1:1123827-1125675|CDS|CYB_1089	98.323	1848	31	0	1	1848	1	1848	0.0	3194
Ga0393512_55_555_2402	CP000239.1:1552060-1553908|CDS|CYA_1543	86.302	1847	253	0	1	1847	1	1847	0.0	2191
Ga0393512_55_2363_2869	CP000240.1:1125635-1126115|CDS|CYB_1088	96.250	480	18	0	28	507	1	480	0.0	785
Ga0393512_55_2363_2869	CP000239.1:1551632-1552100|CDS|CYA_1544	78.829	444	88	2	67	507	28	468	4.15e-104	374
Ga0393512_55_2922_3248	CP000240.1:2424097-2424871|CDS|CYB_2313	96.308	325	12	0	3	327	481	157	4.41e-152	533
Ga0393512_55_2922_3248	CP000240.1:2581305-2582079|CDS|CYB_2484	95.370	324	15	0	3	326	481	158	3.39e-147	517
Ga0393512_55_2922_3248	CP000240.1:1126684-1127458|CDS|CYB_1091	95.077	325	16	0	3	327	481	157	1.18e-146	515
Ga0393512_55_2922_3248	CP000240.1:86287-87061|CDS|CYB_0074	94.136	324	19	0	3	326	481	158	9.11e-142	499
Ga0393512_55_2922_3248	CP000240.1:544792-546037|CDS|CYB_0530	82.132	319	57	0	8	326	476	158	1.76e-87	319
Ga0393512_55_2922_3248	CP000239.1:782540-783770|CDS|CYA_0777	81.379	290	54	0	35	324	452	163	4.43e-76	280
Ga0393512_55_2922_3248	CP000239.1:1966854-1968081|CDS|CYA_1956	79.630	324	62	3	3	324	484	163	5.40e-75	278
Ga0393512_55_2922_3248	CP000239.1:1368725-1369295|CDS|CYA_1359	74.845	322	81	0	3	324	484	163	1.55e-56	216
Ga0393512_56_873_2348	CP000240.1:614651-615956|CDS|CYB_0604	96.475	1305	46	0	172	1476	1	1305	0.0	2147
Ga0393512_56_873_2348	CP000239.1:902015-903320|CDS|CYA_0894	91.877	1305	106	0	172	1476	1	1305	0.0	1876
Ga0393512_57_1918_2181	CP000240.1:861248-861914|CDS|CYB_0829	95.833	264	11	0	1	264	403	666	3.74e-120	427
Ga0393512_57_1918_2181	CP000239.1:2846281-2846947|CDS|CYA_2827	86.822	258	34	0	2	259	404	661	5.94e-86	313
Ga0393512_57_2240_2851	CP000240.1:861972-862584|CDS|CYB_0830	99.510	612	3	0	1	612	1	612	0.0	1091
Ga0393512_57_2240_2851	CP000239.1:2846997-2847591|CDS|CYA_2828	81.897	580	103	2	1	579	1	579	1.44e-161	566
Ga0393512_58_702_1460	CP000240.1:2305534-2306647|CDS|CYB_2199	98.155	759	14	0	1	759	355	1113	0.0	1306
Ga0393512_58_1412_1849	CP000240.1:2306598-2307036|CDS|CYB_2198	96.575	438	15	0	1	438	1	438	0.0	723
Ga0393512_58_1999_3015	CP000240.1:2307178-2308195|CDS|CYB_2200	99.705	1017	3	0	1	1017	1	1017	0.0	1821
Ga0393512_58_1999_3015	CP000239.1:2414645-2415662|CDS|CYA_2405	87.021	1017	132	0	1	1017	1	1017	0.0	1240
Ga0393512_59_353_1399	CP000240.1:2904958-2906389|CDS|CYB_2806	99.034	828	8	0	220	1047	604	1431	0.0	1458
Ga0393512_59_353_1399	CP000239.1:1371801-1373232|CDS|CYA_1362	86.529	824	105	2	220	1040	604	1424	0.0	983
Ga0393512_59_1486_3303	CP000240.1:2906475-2908782|CDS|CYB_2807	98.955	1818	19	0	1	1818	490	2307	0.0	3194
Ga0393512_59_1486_3303	CP000239.1:1369434-1371735|CDS|CYA_1361	87.844	1818	209	1	1	1818	496	2301	0.0	2289
Ga0393512_60_967_1773	CP000240.1:1496237-1497014|CDS|CYB_1426	98.713	777	10	0	31	807	1	777	0.0	1357
Ga0393512_60_967_1773	CP000239.1:16200-16965|CDS|CYA_0016	83.239	710	111	4	69	774	39	744	0.0	734
Ga0393512_60_2022_2669	CP000240.1:1497272-1497911|CDS|CYB_1428	94.984	638	11	1	1	638	22	638	0.0	1021
Ga0393512_60_2022_2669	CP000239.1:17165-17786|CDS|CYA_0018	83.306	617	73	2	1	608	1	596	0.0	667
Ga0393512_61_181_756	CP000240.1:760834-761410|CDS|CYB_0737	97.917	576	12	0	1	576	1	576	0.0	985
Ga0393512_61_181_756	CP000239.1:2066389-2066974|CDS|CYA_2047	76.190	588	123	4	1	575	1	584	8.56e-120	427
Ga0393512_61_954_1733	CP000240.1:761606-762362|CDS|CYB_0738	98.810	756	9	0	25	780	1	756	0.0	1324
Ga0393512_61_954_1733	CP000239.1:2067061-2067805|CDS|CYA_2048	86.418	751	90	3	25	775	1	739	0.0	893
Ga0393512_61_1764_2792	CP000240.1:762416-764204|CDS|CYB_0739	98.445	1029	16	0	1	1029	760	1788	0.0	1784
Ga0393512_61_1764_2792	CP000239.1:2067864-2069631|CDS|CYA_2049	85.034	1029	133	4	1	1029	760	1767	0.0	1163
Ga0393512_62_380_1432	CP000240.1:531482-532535|CDS|CYB_0517	99.905	1053	1	0	1	1053	1	1053	0.0	1895
Ga0393512_62_380_1432	CP000239.1:1161809-1162904|CDS|CYA_1138	87.226	1049	134	0	3	1051	45	1093	0.0	1288
Ga0393512_62_1452_2753	CP000240.1:528508-531463|CDS|CYB_0516	98.463	1301	20	0	2	1302	1655	2955	0.0	2257
Ga0393512_63_945_1493	CP000240.1:551296-551845|CDS|CYB_0536	98.540	548	8	0	1	548	1	548	0.0	953
Ga0393512_63_945_1493	CP000239.1:2148725-2149301|CDS|CYA_2135	85.872	545	77	0	1	545	1	545	0.0	636
Ga0393512_63_1848_2417	CP000240.1:552116-552782|CDS|CYB_0537	98.421	570	9	0	1	570	97	666	0.0	988
Ga0393512_63_1848_2417	CP000239.1:1541631-1542297|CDS|CYA_1530	82.953	569	97	0	2	570	98	666	1.17e-168	590
Ga0393512_64_70_222	CP000240.1:1294729-1294882|CDS|CYB_1247	98.675	151	2	0	1	151	1	151	1.47e-71	264
Ga0393512_64_70_222	CP000239.1:209708-209861|CDS|CYA_0205	93.421	152	10	0	1	152	1	152	3.03e-61	230
Ga0393512_64_339_1223	CP000240.1:1293728-1294613|CDS|CYB_1246	96.045	885	35	0	1	885	1	885	0.0	1439
Ga0393512_64_1328_1570	CP000240.1:1293384-1293609|CDS|CYB_1245	97.368	228	3	1	16	243	1	225	3.65e-107	383
Ga0393512_64_1328_1570	CP000239.1:209207-209429|CDS|CYA_0204	94.811	212	11	0	16	227	1	212	5.79e-92	334
Ga0393512_64_1617_2456	CP000240.1:1292498-1293338|CDS|CYB_1244	99.167	840	7	0	1	840	1	840	0.0	1484
Ga0393512_64_1617_2456	CP000239.1:208310-209162|CDS|CYA_0203	83.494	830	135	2	1	829	1	829	0.0	873
Ga0393512_66_8_265	CP000240.1:83849-84548|CDS|CYB_0072	98.450	258	4	0	1	258	442	699	1.12e-126	448
Ga0393512_66_8_265	CP000239.1:601420-602164|CDS|CYA_0590	86.822	258	34	0	1	258	487	744	5.79e-86	313
Ga0393512_66_499_1812	CP000240.1:84795-86109|CDS|CYB_0073	98.630	1314	18	0	1	1314	1	1314	0.0	2289
Ga0393512_66_499_1812	CP000239.1:602407-603721|CDS|CYA_0591	87.900	1314	159	0	1	1314	1	1314	0.0	1654
Ga0393512_67_335_1531	CP000240.1:434136-435324|CDS|CYB_0424	97.138	1188	34	0	10	1197	1	1188	0.0	1990
Ga0393512_67_335_1531	CP000239.1:1824490-1825678|CDS|CYA_1820	96.886	1188	37	0	10	1197	1	1188	0.0	1976
Ga0393512_67_1521_1670	CP000240.1:435313-435463|CDS|CYB_0425	100.000	150	0	0	1	150	1	150	9.67e-74	271
Ga0393512_67_1667_1930	CP000240.1:435459-435723|CDS|CYB_0426	100.000	264	0	0	1	264	1	264	2.36e-135	477
Ga0393512_67_1667_1930	CP000239.1:1824091-1824355|CDS|CYA_1819	100.000	264	0	0	1	264	1	264	2.36e-135	477
Ga0393512_67_1927_2127	CP000240.1:435719-435920|CDS|CYB_0427	99.502	201	1	0	1	201	1	201	1.18e-99	359
Ga0393512_67_1927_2127	CP000239.1:1823894-1824095|CDS|CYA_1818	99.005	201	2	0	1	201	1	201	1.43e-98	354
Ga0393512_68_53_460	CP000240.1:2064931-2065525|CDS|CYB_1968	99.755	408	1	0	1	408	187	594	0.0	732
Ga0393512_68_53_460	CP000239.1:2529895-2530489|CDS|CYA_2517	85.856	403	57	0	4	406	190	592	5.58e-133	471
Ga0393512_68_460_2166	CP000240.1:2063225-2064932|CDS|CYB_1967	97.832	1707	37	0	1	1707	1	1707	0.0	2912
Ga0393512_68_460_2166	CP000239.1:2528171-2529896|CDS|CYA_2516	84.675	1690	257	2	19	1707	37	1725	0.0	1874
Ga0393512_69_1153_1764	CP000240.1:1128615-1129227|CDS|CYB_1094	99.510	612	3	0	1	612	1	612	0.0	1091
Ga0393512_69_1153_1764	CP000239.1:1529633-1530245|CDS|CYA_1519	88.072	612	73	0	1	612	1	612	0.0	775
Ga0393512_70_398_1039	CP000240.1:870886-871528|CDS|CYB_0838	95.327	642	30	0	1	642	1	642	0.0	1023
Ga0393512_70_398_1039	CP000239.1:2563293-2563935|CDS|CYA_2543	85.691	615	88	0	28	642	28	642	0.0	713
Ga0393512_70_1039_1437	CP000240.1:871527-871920|CDS|CYB_0839	97.243	399	5	1	1	399	1	393	0.0	672
Ga0393512_70_1039_1437	CP000239.1:2563934-2564327|CDS|CYA_2544	84.153	366	58	0	10	375	10	375	8.09e-112	399
Ga0393512_70_1462_2202	CP000240.1:871944-872715|CDS|CYB_0840	96.221	741	28	0	1	741	31	771	0.0	1211
Ga0393512_70_1462_2202	CP000239.1:2564340-2565111|CDS|CYA_2545	82.369	743	125	2	2	741	32	771	0.0	746
Ga0393512_71_5_2032	CP000240.1:1516616-1518803|CDS|CYB_1446	97.046	2031	57	1	1	2028	157	2187	0.0	3391
Ga0393512_71_5_2032	CP000239.1:2231059-2233144|CDS|CYA_2217	83.542	1835	270	7	193	2026	280	2083	0.0	1946
Ga0393512_72_83_322	CP000240.1:183571-183931|CDS|CYB_0170	98.750	240	3	0	1	240	121	360	5.00e-118	420
Ga0393512_72_83_322	CP000239.1:524216-524708|CDS|CYA_0506	85.946	185	26	0	55	239	307	491	3.17e-57	217
Ga0393512_73_645_1565	CP000240.1:2552207-2553134|CDS|CYB_2452	98.353	911	15	0	1	911	1	911	0.0	1576
Ga0393512_73_645_1565	CP000239.1:2785627-2786557|CDS|CYA_2760	83.297	916	153	0	1	916	1	916	0.0	963
Ga0393512_73_1582_2196	CP000240.1:2549044-2551918|CDS|CYB_2451	98.699	615	8	0	1	615	2260	2874	0.0	1074
Ga0393512_73_1582_2196	CP000239.1:767498-770363|CDS|CYA_0762	84.013	613	89	1	2	614	2261	2864	0.0	668
Ga0393512_74_124_1023	CP000240.1:577659-578670|CDS|CYB_0569	98.111	900	17	0	1	900	112	1011	0.0	1547
Ga0393512_74_124_1023	CP000239.1:543063-544068|CDS|CYA_0527	90.524	897	85	0	2	898	107	1003	0.0	1235
Ga0393512_74_124_1023	CP000239.1:954668-955745|CDS|CYA_0944	67.500	800	248	5	13	809	184	974	4.16e-69	260
Ga0393512_74_124_1023	CP000240.1:2492542-2493619|CDS|CYB_2391	66.667	702	222	5	13	711	184	876	3.42e-51	200
Ga0393512_74_1020_1547	CP000240.1:578666-579200|CDS|CYB_0568	98.502	534	2	1	1	528	1	534	0.0	929
Ga0393512_74_1020_1547	CP000239.1:542536-543100|CDS|CYA_0528	89.077	531	55	1	1	528	1	531	0.0	695
Ga0393512_75_494_1132	CP000240.1:2325599-2326238|CDS|CYB_2220	99.061	639	6	0	1	639	1	639	0.0	1126
Ga0393512_75_494_1132	CP000239.1:1550207-1550846|CDS|CYA_1541	88.712	629	71	0	1	629	1	629	0.0	815
Ga0393512_75_1446_1850	CP000240.1:2326544-2326958|CDS|CYB_2222	100.000	405	0	0	1	405	10	414	0.0	731
Ga0393512_75_1446_1850	CP000239.1:1551103-1551511|CDS|CYA_1542	89.147	387	42	0	1	387	10	396	6.31e-145	509
