Ga0393484_01_143_439	CP000240.1:760346-760643|CDS|CYB_0736	100.000	297	0	0	1	297	1	297	3.27e-153	536
Ga0393484_01_143_439	CP000239.1:2065898-2066192|CDS|CYA_2046	78.114	297	62	1	1	297	1	294	3.50e-64	242
Ga0393484_01_507_1508	CP000240.1:759277-760279|CDS|CYB_0735	98.902	1002	11	0	1	1002	1	1002	0.0	1758
Ga0393484_01_507_1508	CP000239.1:2064895-2065897|CDS|CYA_2045	87.625	1002	124	0	1	1002	1	1002	0.0	1249
Ga0393484_01_1642_4974	CP000240.1:755730-759144|CDS|CYB_0734	99.340	3333	22	0	1	3333	82	3414	0.0	5912
Ga0393484_01_1642_4974	CP000239.1:2181899-2185367|CDS|CYA_2169	82.186	3340	567	6	1	3314	97	3434	0.0	3340
Ga0393484_01_5435_6649	CP000240.1:754140-755355|CDS|CYB_0733	98.436	1215	19	0	1	1215	1	1215	0.0	2106
Ga0393484_01_5435_6649	CP000239.1:2185699-2186890|CDS|CYA_2170	86.484	1169	158	0	1	1169	1	1169	0.0	1397
Ga0393484_01_7009_8148	CP000240.1:752641-753946|CDS|CYB_0732	96.215	1136	43	0	1	1136	166	1301	0.0	1856
Ga0393484_01_7009_8148	CP000239.1:2187004-2188312|CDS|CYA_2171	79.965	1143	224	3	2	1140	167	1308	0.0	1021
Ga0393484_01_8209_9516	CP000240.1:751291-752581|CDS|CYB_0731	98.213	1287	23	0	1	1287	1	1287	0.0	2218
Ga0393484_01_8209_9516	CP000239.1:2188311-2189625|CDS|CYA_2172	82.055	1265	221	6	20	1281	50	1311	0.0	1237
Ga0393484_01_10119_10946	CP000240.1:749862-750927|CDS|CYB_0729	93.969	829	48	2	1	828	238	1065	0.0	1263
Ga0393484_01_10119_10946	CP000239.1:1260708-1261710|CDS|CYA_1249	72.457	806	184	6	24	828	234	1002	6.03e-130	461
Ga0393484_01_12767_13090	CP000240.1:748010-748394|CDS|CYB_0728	98.423	317	5	0	8	324	68	384	5.69e-157	550
Ga0393484_01_12767_13090	CP000239.1:1263139-1263502|CDS|CYA_1251	83.607	305	50	0	8	312	38	342	1.18e-89	325
Ga0393484_01_13151_14272	CP000240.1:746836-747958|CDS|CYB_0727	96.346	1122	41	0	1	1122	1	1122	0.0	1839
Ga0393484_01_13151_14272	CP000239.1:1263498-1264620|CDS|CYA_1250	85.027	1122	168	0	1	1122	1	1122	0.0	1267
Ga0393484_02_2037_2321	CP000240.1:476535-478557|CDS|CYB_0469	92.281	285	22	0	1	285	1738	2022	7.36e-117	416
Ga0393484_02_2037_2321	CP000240.1:478586-480641|CDS|CYB_0470	92.537	268	20	0	1	268	1750	2017	2.41e-110	394
Ga0393484_02_2037_2321	CP000240.1:1357128-1357959|CDS|CYB_1296	86.567	268	36	0	1	268	526	793	1.25e-88	322
Ga0393484_02_2037_2321	CP000240.1:1355061-1357113|CDS|CYB_1295	87.607	234	29	0	1	234	1735	1968	2.11e-79	292
Ga0393484_02_2037_2321	CP000239.1:1027703-1029731|CDS|CYA_1011	75.899	278	67	0	1	278	1750	2027	1.03e-51	200
Ga0393484_02_3095_3688	CP000240.1:478586-480641|CDS|CYB_0470	87.366	467	59	0	1	467	163	629	7.74e-165	577
Ga0393484_02_3095_3688	CP000239.1:1027703-1029731|CDS|CYA_1011	78.038	469	99	2	1	467	157	623	1.40e-104	377
Ga0393484_02_3095_3688	CP000240.1:1345864-1348027|CDS|CYB_1290	76.645	471	102	2	1	467	169	635	1.60e-97	352
Ga0393484_02_4237_4662	CP000239.1:1032527-1033253|CDS|CYA_1013	85.142	424	63	0	1	424	127	550	3.23e-136	481
Ga0393484_02_4237_4662	CP000240.1:1348754-1349453|CDS|CYB_1292	81.905	420	76	0	1	420	100	519	1.13e-116	416
Ga0393484_02_6249_6623	CP000239.1:1025027-1025978|CDS|CYA_1008	88.136	354	42	0	1	354	49	402	4.77e-127	450
Ga0393484_02_6249_6623	CP000240.1:483698-484709|CDS|CYB_0474	90.064	312	31	0	1	312	94	405	6.63e-119	424
Ga0393484_02_6657_7055	CP000239.1:2728529-2728928|CDS|CYA_2709	99.749	399	1	0	1	399	1	399	0.0	716
Ga0393484_02_6657_7055	CP000239.1:1152553-1152952|CDS|CYA_1126	99.749	399	1	0	1	399	1	399	0.0	716
Ga0393484_02_6657_7055	CP000239.1:1013062-1013461|CDS|CYA_0999	99.749	399	1	0	1	399	1	399	0.0	716
Ga0393484_02_6657_7055	CP000239.1:34556-34955|CDS|CYA_0037	99.749	399	1	0	1	399	1	399	0.0	716
Ga0393484_02_6657_7055	CP000239.1:1290362-1291310|CDS|CYA_1279	99.750	400	0	1	1	399	1	400	0.0	714
Ga0393484_02_6657_7055	CP000239.1:1663935-1664334|CDS|CYA_1661	99.499	399	2	0	1	399	1	399	0.0	711
Ga0393484_02_6657_7055	CP000239.1:1300762-1301161|CDS|CYA_1291	99.499	399	2	0	1	399	1	399	0.0	711
Ga0393484_02_6657_7055	CP000239.1:1612111-1613059|CDS|CYA_1604	99.500	400	1	1	1	399	1	400	0.0	710
Ga0393484_02_6657_7055	CP000239.1:1321049-1321982|CDS|CYA_1311	99.500	400	1	1	1	399	1	400	0.0	710
Ga0393484_02_6657_7055	CP000239.1:51699-52647|CDS|CYA_0053	99.500	400	1	1	1	399	1	400	0.0	710
Ga0393484_02_6657_7055	CP000239.1:2862566-2862965|CDS|CYA_2845	99.248	399	3	0	1	399	1	399	0.0	707
Ga0393484_02_6657_7055	CP000239.1:1367794-1368193|CDS|CYA_1358	99.248	399	3	0	1	399	1	399	0.0	707
Ga0393484_02_6657_7055	CP000239.1:2740042-2740447|CDS|CYA_2722	99.248	399	2	1	1	399	1	398	0.0	703
Ga0393484_02_6657_7055	CP000239.1:2026942-2027347|CDS|CYA_2010	99.248	399	2	1	1	399	1	398	0.0	703
Ga0393484_02_6657_7055	CP000239.1:2654240-2654639|CDS|CYA_2639	98.997	399	4	0	1	399	1	399	0.0	702
Ga0393484_02_6657_7055	CP000239.1:2101748-2102147|CDS|CYA_2082	98.747	399	5	0	1	399	1	399	0.0	698
Ga0393484_02_7037_7603	CP000239.1:1152933-1153500|CDS|CYA_1127	100.000	567	0	0	1	567	1	567	0.0	1023
Ga0393484_02_7037_7603	CP000239.1:1012514-1013081|CDS|CYA_0998	100.000	567	0	0	1	567	1	567	0.0	1023
Ga0393484_02_7037_7603	CP000239.1:2653692-2654259|CDS|CYA_2637	99.471	567	3	0	1	567	1	567	0.0	1010
Ga0393484_02_7037_7603	CP000239.1:1290362-1291310|CDS|CYA_1279	99.295	567	4	0	1	567	382	948	0.0	1005
Ga0393484_02_7037_7603	CP000239.1:2728909-2729476|CDS|CYA_2710	99.118	567	5	0	1	567	1	567	0.0	1001
Ga0393484_02_7037_7603	CP000239.1:1612111-1613059|CDS|CYA_1604	98.765	567	7	0	1	567	382	948	0.0	992
Ga0393484_02_7037_7603	CP000239.1:51699-52647|CDS|CYA_0053	98.765	567	7	0	1	567	382	948	0.0	992
Ga0393484_02_7037_7603	CP000239.1:1664315-1664882|CDS|CYA_1662	98.060	567	11	0	1	567	1	567	0.0	974
Ga0393484_02_7037_7603	CP000239.1:1368174-1368741|CDS|CYA_1360	98.060	567	11	0	1	567	1	567	0.0	974
Ga0393484_02_7037_7603	CP000239.1:1300214-1300781|CDS|CYA_1289	98.060	567	11	0	1	567	1	567	0.0	974
Ga0393484_02_7037_7603	CP000239.1:1321049-1321982|CDS|CYA_1311	97.350	566	0	1	2	567	383	933	0.0	963
Ga0393484_02_7037_7603	CP000239.1:2101215-2101767|CDS|CYA_2081	97.002	567	2	1	1	567	1	552	0.0	956
Ga0393484_02_7037_7603	CP000239.1:34936-35488|CDS|CYA_0038	96.649	567	4	1	1	567	1	552	0.0	947
Ga0393484_02_7037_7603	CP000239.1:2863003-2863513|CDS|CYA_2846	99.216	510	4	0	58	567	1	510	0.0	902
Ga0393484_02_8280_8792	CP000240.1:484804-485320|CDS|CYB_0475	91.473	516	41	1	1	513	1	516	0.0	731
Ga0393484_02_8996_12769	CP000240.1:485682-489318|CDS|CYB_0476	92.155	3633	273	3	154	3774	4	3636	0.0	5265
Ga0393484_02_8996_12769	CP000239.1:1020397-1024249|CDS|CYA_1007	76.244	3797	856	12	1	3774	79	3852	0.0	2769
Ga0393484_02_12983_13261	CP000240.1:489532-490051|CDS|CYB_0478	98.566	279	4	0	1	279	241	519	4.84e-138	486
Ga0393484_02_12983_13261	CP000239.1:1019841-1020354|CDS|CYA_1006	87.814	279	34	0	1	279	235	513	2.51e-97	351
Ga0393484_05_27_953	CP000240.1:1027681-1028665|CDS|CYB_0992	98.274	927	16	0	1	927	58	984	0.0	1600
Ga0393484_05_27_953	CP000239.1:920305-921313|CDS|CYA_0911	79.526	928	186	3	2	927	83	1008	0.0	808
Ga0393484_05_946_2310	CP000240.1:1028657-1030022|CDS|CYB_0993	97.582	1365	33	0	1	1365	1	1365	0.0	2314
Ga0393484_05_946_2310	CP000239.1:918954-920313|CDS|CYA_0910	88.127	1356	161	0	1	1356	1	1356	0.0	1720
Ga0393484_05_2335_3879	CP000240.1:1030046-1031633|CDS|CYB_0994	98.770	1545	19	0	1	1545	43	1587	0.0	2701
Ga0393484_05_2335_3879	CP000239.1:131557-133147|CDS|CYA_0137	81.676	1539	282	0	2	1540	47	1585	0.0	1505
Ga0393484_05_3997_4911	CP000240.1:1031708-1032803|CDS|CYB_0995	93.072	866	18	4	18	883	270	1093	0.0	1312
Ga0393484_05_5361_7106	CP000240.1:1033029-1034934|CDS|CYB_0996	97.652	1746	41	0	1	1746	160	1905	0.0	2965
Ga0393484_05_5361_7106	CP000239.1:1088472-1090218|CDS|CYA_1072	81.944	1739	314	0	1	1739	1	1739	0.0	1721
Ga0393484_05_7218_8441	CP000240.1:1035045-1036269|CDS|CYB_0997	99.346	1224	8	0	1	1224	1	1224	0.0	2172
Ga0393484_05_7218_8441	CP000239.1:1090357-1091581|CDS|CYA_1073	84.249	1219	192	0	6	1224	6	1224	0.0	1333
Ga0393484_05_8639_11137	CP000240.1:1036443-1038936|CDS|CYB_0998	97.639	2499	53	1	1	2499	1	2493	0.0	4242
Ga0393484_05_8639_11137	CP000239.1:1091761-1094227|CDS|CYA_1074	86.590	2446	313	4	57	2499	33	2466	0.0	2929
Ga0393484_07_1092_1580	CP000240.1:2135169-2135931|CDS|CYB_2033	95.706	489	12	1	1	489	283	762	0.0	792
Ga0393484_07_1092_1580	CP000239.1:2320812-2321619|CDS|CYA_2318	82.435	501	76	1	1	489	307	807	6.32e-146	514
Ga0393484_07_2089_2469	CP000240.1:2134562-2134943|CDS|CYB_2032	97.900	381	8	0	1	381	1	381	0.0	652
Ga0393484_07_2089_2469	CP000239.1:2320183-2320645|CDS|CYA_2317	77.500	360	81	0	9	368	99	458	4.27e-77	285
Ga0393484_07_2945_3664	CP000240.1:2133373-2134093|CDS|CYB_2031	99.583	720	3	0	1	720	1	720	0.0	1286
Ga0393484_07_2945_3664	CP000239.1:2319169-2319889|CDS|CYA_2316	86.389	720	98	0	1	720	1	720	0.0	857
Ga0393484_07_3721_4587	CP000240.1:2132468-2133317|CDS|CYB_2030	97.173	849	24	0	19	867	1	849	0.0	1424
Ga0393484_07_3721_4587	CP000239.1:2318278-2319127|CDS|CYA_2315	88.915	848	94	0	19	866	1	848	0.0	1106
Ga0393484_07_5033_5311	CP000239.1:2317557-2317836|CDS|CYA_2314	99.642	279	1	0	1	279	1	279	7.67e-142	499
Ga0393484_07_5033_5311	CP000240.1:2131746-2132025|CDS|CYB_2029	97.491	279	7	0	1	279	1	279	1.07e-133	472
Ga0393484_07_5372_6997	CP000240.1:2130060-2131608|CDS|CYB_2028	98.773	1548	19	0	79	1626	1	1548	0.0	2707
Ga0393484_07_5372_6997	CP000239.1:2315835-2317419|CDS|CYA_2313	90.582	1529	144	0	79	1607	1	1529	0.0	2109
Ga0393484_07_7739_8152	CP000240.1:2127611-2128025|CDS|CYB_2025	97.073	410	12	0	1	410	1	410	0.0	686
Ga0393484_07_7739_8152	CP000239.1:2216927-2217353|CDS|CYA_2197	73.944	426	99	1	1	414	1	426	2.41e-74	275
Ga0393484_07_8243_8362	CP000240.1:2127281-2127521|CDS|CYB_2024	100.000	120	0	0	1	120	121	240	1.43e-57	217
Ga0393484_07_8243_8362	CP000239.1:2217436-2217676|CDS|CYA_2198	86.555	119	16	0	1	119	121	239	2.59e-35	143
Ga0393484_07_8622_8816	CP000240.1:2126947-2127142|CDS|CYB_2022	100.000	193	0	0	1	193	1	193	5.89e-97	349
Ga0393484_07_8622_8816	CP000239.1:2217818-2218007|CDS|CYA_2200	85.246	183	27	0	1	183	1	183	1.30e-54	209
Ga0393484_07_8792_9868	CP000240.1:2126003-2126951|CDS|CYB_2023	96.519	948	33	0	109	1056	1	948	0.0	1562
Ga0393484_07_8792_9868	CP000239.1:2217988-2219059|CDS|CYA_2199	80.400	1051	186	5	34	1077	34	1071	0.0	963
Ga0393484_07_9865_10467	CP000240.1:2125296-2125899|CDS|CYB_2021	97.181	603	17	0	1	603	1	603	0.0	1012
Ga0393484_07_9865_10467	CP000239.1:2219055-2219643|CDS|CYA_2201	84.801	579	86	2	16	593	1	578	0.0	641
Ga0393484_08_1951_2133	CP000239.1:378823-379144|CDS|CYA_0363	72.539	193	42	3	1	183	130	321	1.06e-23	106
Ga0393484_08_2208_2414	CP000240.1:726364-726649|CDS|CYB_0710	93.237	207	14	0	1	207	79	285	1.58e-85	311
Ga0393484_08_2563_4035	CP000240.1:724744-726217|CDS|CYB_0708	97.217	1473	41	0	1	1473	1	1473	0.0	2472
Ga0393484_08_2563_4035	CP000239.1:376701-378174|CDS|CYA_0359	89.878	1472	149	0	1	1472	1	1472	0.0	1984
Ga0393484_08_4266_4895	CP000240.1:724154-724748|CDS|CYB_0709	96.447	591	21	0	1	591	1	591	0.0	972
Ga0393484_08_4266_4895	CP000239.1:376111-376705|CDS|CYA_0360	88.964	589	65	0	1	589	1	589	0.0	770
Ga0393484_08_4984_5859	CP000240.1:723190-724006|CDS|CYB_0707	93.627	816	52	0	61	876	1	816	0.0	1238
Ga0393484_08_4984_5859	CP000239.1:375089-375971|CDS|CYA_0358	86.543	810	104	2	61	866	1	809	0.0	966
Ga0393484_08_5922_6428	CP000240.1:722621-723128|CDS|CYB_0706	99.803	507	1	0	1	507	1	507	0.0	911
Ga0393484_08_5922_6428	CP000239.1:374566-375007|CDS|CYA_0357	82.258	434	71	1	61	494	1	428	4.14e-123	437
Ga0393484_08_6435_6917	CP000240.1:722132-722546|CDS|CYB_0705	98.068	414	8	0	70	483	1	414	0.0	711
Ga0393484_08_6435_6917	CP000239.1:374063-374477|CDS|CYA_0356	82.864	391	67	0	70	460	1	391	8.13e-113	404
Ga0393484_08_7004_8155	CP000240.1:720894-722103|CDS|CYB_0703	98.785	1152	14	0	1	1152	58	1209	0.0	2015
Ga0393484_08_7004_8155	CP000239.1:372867-374061|CDS|CYA_0354	83.261	1153	191	2	1	1152	43	1194	0.0	1203
Ga0393484_09_137_877	CP000240.1:1020246-1020951|CDS|CYB_0985	98.723	705	9	0	37	741	1	705	0.0	1232
Ga0393484_09_137_877	CP000239.1:927518-928223|CDS|CYA_0918	84.068	703	112	0	37	739	1	703	0.0	764
Ga0393484_09_952_1758	CP000240.1:1019365-1020172|CDS|CYB_0984	99.133	807	7	0	1	807	1	807	0.0	1425
Ga0393484_09_952_1758	CP000239.1:928297-929104|CDS|CYA_0919	84.758	807	123	0	1	807	1	807	0.0	902
Ga0393484_09_1848_3086	CP000240.1:1018037-1019276|CDS|CYB_0983	97.094	1239	36	0	1	1239	1	1239	0.0	2073
Ga0393484_09_1848_3086	CP000239.1:157000-158224|CDS|CYA_0161	84.419	1213	189	0	1	1213	1	1213	0.0	1336
Ga0393484_09_3414_3782	CP000240.1:1017329-1017698|CDS|CYB_0982	99.187	369	3	0	1	369	1	369	0.0	653
Ga0393484_09_3414_3782	CP000239.1:158573-158942|CDS|CYA_0162	89.702	369	38	0	1	369	1	369	1.26e-140	495
Ga0393484_09_4039_4842	CP000240.1:1016269-1017004|CDS|CYB_0980	98.632	731	10	0	70	800	1	731	0.0	1274
Ga0393484_09_4039_4842	CP000239.1:159201-159990|CDS|CYA_0163	81.984	766	123	1	37	802	37	787	0.0	769
Ga0393484_09_4874_6601	CP000240.1:1013237-1014965|CDS|CYB_0977	97.796	1724	38	0	1	1724	1	1724	0.0	2938
Ga0393484_09_4874_6601	CP000239.1:159946-161716|CDS|CYA_0165	88.065	1726	194	2	1	1726	55	1768	0.0	2186
Ga0393484_09_6508_7740	CP000240.1:1011011-1012010|CDS|CYB_0976	93.981	947	57	0	187	1133	1	947	0.0	1452
Ga0393484_09_6508_7740	CP000239.1:162932-163925|CDS|CYA_0166	82.942	938	157	1	199	1133	1	938	0.0	969
Ga0393484_09_7805_8848	CP000240.1:1009688-1010732|CDS|CYB_0974	98.369	1042	17	0	1	1042	1	1042	0.0	1803
Ga0393484_09_7805_8848	CP000239.1:2147593-2148640|CDS|CYA_2134	81.687	1043	186	3	1	1040	1	1041	0.0	1012
Ga0393484_10_1844_3118	CP000239.1:1935172-1936447|CDS|CYA_1924	98.275	1275	22	0	1	1275	1	1275	0.0	2201
Ga0393484_10_1844_3118	CP000240.1:2119496-2120771|CDS|CYB_2015	97.961	1275	26	0	1	1275	1	1275	0.0	2183
Ga0393484_10_3740_4381	CP000240.1:2118234-2119392|CDS|CYB_2014	98.598	642	9	0	1	642	517	1158	0.0	1118
Ga0393484_10_3740_4381	CP000239.1:1933910-1935068|CDS|CYA_1923	95.950	642	26	0	1	642	517	1158	0.0	1041
Ga0393484_10_4448_5593	CP000239.1:1932698-1933907|CDS|CYA_1922	97.906	1146	24	0	1	1146	64	1209	0.0	1959
Ga0393484_10_4448_5593	CP000240.1:2117022-2118231|CDS|CYB_2013	97.818	1146	25	0	1	1146	64	1209	0.0	1955
Ga0393484_10_5764_6531	CP000240.1:2116080-2116848|CDS|CYB_2012	98.568	768	11	0	1	768	1	768	0.0	1336
Ga0393484_10_5764_6531	CP000239.1:1931760-1932528|CDS|CYA_1921	98.438	768	12	0	1	768	1	768	0.0	1332
Ga0393484_10_6578_7330	CP000239.1:1930961-1931726|CDS|CYA_1920	98.938	753	8	0	1	753	13	765	0.0	1323
Ga0393484_10_6578_7330	CP000240.1:2115281-2116046|CDS|CYB_2011	97.875	753	16	0	1	753	13	765	0.0	1287
Ga0393484_10_7550_8614	CP000240.1:2113997-2115062|CDS|CYB_2008	98.592	1065	15	0	1	1065	1	1065	0.0	1854
Ga0393484_10_7550_8614	CP000239.1:1927377-1928427|CDS|CYA_1917	86.931	1033	135	0	1	1033	1	1033	0.0	1255
Ga0393484_10_8607_8936	CP000240.1:2113201-2114005|CDS|CYB_2009	97.273	330	9	0	1	330	475	804	1.36e-158	555
Ga0393484_11_1842_3842	CP000240.1:1617329-1619612|CDS|CYB_1543	97.351	2001	53	0	1	2001	283	2283	0.0	3370
Ga0393484_11_1842_3842	CP000239.1:1954757-1957040|CDS|CYA_1944	86.214	2002	274	2	1	2001	283	2283	0.0	2360
Ga0393484_11_3811_3942	CP000240.1:1617329-1619612|CDS|CYB_1543	96.970	132	3	1	1	132	184	314	1.61e-57	217
Ga0393484_11_3811_3942	CP000239.1:1954757-1957040|CDS|CYA_1944	82.677	127	21	1	1	127	184	309	2.23e-30	127
Ga0393484_11_3895_4098	CP000240.1:1617329-1619612|CDS|CYB_1543	99.020	204	2	0	1	204	231	28	3.43e-100	360
Ga0393484_11_3895_4098	CP000239.1:1954757-1957040|CDS|CYA_1944	83.756	197	32	0	1	197	231	35	1.12e-55	212
Ga0393484_11_4276_4506	CP000240.1:1619762-1619993|CDS|CYB_1544	99.567	231	1	0	1	231	1	231	7.12e-116	413
Ga0393484_11_4645_6504	CP000240.1:1620131-1621991|CDS|CYB_1545	98.763	1860	23	0	1	1860	1	1860	0.0	3251
Ga0393484_11_4645_6504	CP000239.1:2221070-2222912|CDS|CYA_2206	85.110	1867	244	4	1	1859	1	1841	0.0	2127
Ga0393484_11_6675_6917	CP000240.1:1622161-1622404|CDS|CYB_1546	96.708	243	8	0	1	243	1	243	3.90e-113	403
Ga0393484_11_6675_6917	CP000239.1:1384523-1384889|CDS|CYA_1373	82.158	241	43	0	1	241	124	364	2.81e-64	242
Ga0393484_11_7006_7668	CP000240.1:1622492-1623155|CDS|CYB_1547	97.888	663	14	0	1	663	1	663	0.0	1133
Ga0393484_11_7812_8558	CP000240.1:1623298-1624045|CDS|CYB_1548	99.197	747	6	0	1	747	1	747	0.0	1321
Ga0393484_11_7812_8558	CP000239.1:1241543-1242302|CDS|CYA_1230	84.873	747	113	0	1	747	13	759	0.0	838
Ga0393484_12_512_2092	CP000240.1:1454115-1455696|CDS|CYB_1383	98.798	1581	19	0	1	1581	1	1581	0.0	2766
Ga0393484_12_512_2092	CP000239.1:1364667-1366251|CDS|CYA_1354	87.911	1580	188	1	1	1577	1	1580	0.0	1987
Ga0393484_12_2154_3470	CP000240.1:1452737-1454039|CDS|CYB_1382	97.465	1302	33	0	16	1317	1	1302	0.0	2200
Ga0393484_12_2154_3470	CP000239.1:1363310-1364600|CDS|CYA_1353	80.125	1283	253	2	36	1317	9	1290	0.0	1158
Ga0393484_13_137_1066	CP000240.1:463029-463950|CDS|CYB_0458	96.634	921	31	0	10	930	1	921	0.0	1522
Ga0393484_13_137_1066	CP000239.1:2278031-2279024|CDS|CYA_2269	78.271	902	153	7	70	930	94	993	0.0	751
Ga0393484_13_1464_2471	CP000240.1:464347-465361|CDS|CYB_0460	97.337	1014	21	1	1	1008	1	1014	0.0	1709
Ga0393484_13_1464_2471	CP000240.1:2080407-2081415|CDS|CYB_1980	97.321	1008	27	0	1	1008	1	1008	0.0	1697
Ga0393484_13_1464_2471	CP000239.1:2276670-2277645|CDS|CYA_2267	83.897	975	157	0	34	1008	1	975	0.0	1051
Ga0393484_13_2636_3823	CP000240.1:2079055-2080213|CDS|CYB_1979	98.273	1158	20	0	31	1188	1	1158	0.0	1999
Ga0393484_13_2636_3823	CP000240.1:465555-466713|CDS|CYB_0461	97.755	1158	26	0	31	1188	1	1158	0.0	1972
Ga0393484_13_2636_3823	CP000239.1:2274971-2276132|CDS|CYA_2266	80.603	1160	222	1	32	1188	2	1161	0.0	1076
Ga0393484_13_3929_5131	CP000240.1:466818-468018|CDS|CYB_0462	96.841	1203	35	1	1	1203	1	1200	0.0	1997
Ga0393484_13_3929_5131	CP000239.1:2273667-2274876|CDS|CYA_2265	83.036	1120	188	2	85	1203	91	1209	0.0	1157
Ga0393484_13_5235_6194	CP000240.1:468122-469082|CDS|CYB_0463	98.854	960	11	0	1	960	1	960	0.0	1682
Ga0393484_13_6259_6897	CP000240.1:469146-469785|CDS|CYB_0464	98.592	639	9	0	1	639	1	639	0.0	1113
Ga0393484_13_6943_7788	CP000240.1:469830-470799|CDS|CYB_0465	98.582	846	12	0	1	846	124	969	0.0	1472
Ga0393484_13_6943_7788	CP000239.1:2272521-2273481|CDS|CYA_2264	84.161	846	125	2	1	846	124	960	0.0	921
Ga0393484_14_441_1568	CP000240.1:356718-357846|CDS|CYB_0338	91.800	1122	92	0	1	1122	1	1122	0.0	1609
Ga0393484_14_441_1568	CP000239.1:1005260-1006382|CDS|CYA_0992	84.749	1095	167	0	17	1111	11	1105	0.0	1223
Ga0393484_14_1604_2512	CP000240.1:355764-356694|CDS|CYB_0337	86.564	908	122	0	2	909	20	927	0.0	1088
Ga0393484_14_1604_2512	CP000239.1:1004331-1005240|CDS|CYA_0991	80.379	897	176	0	11	907	11	907	0.0	825
Ga0393484_14_2791_3912	CP000240.1:354382-355504|CDS|CYB_0336	97.237	1122	31	0	1	1122	1	1122	0.0	1884
Ga0393484_14_2791_3912	CP000239.1:1002933-1004052|CDS|CYA_0990	87.879	1122	133	1	1	1122	1	1119	0.0	1409
Ga0393484_14_4040_4348	CP000240.1:353346-354255|CDS|CYB_0335	99.676	309	1	0	1	309	601	909	4.43e-158	554
Ga0393484_14_4040_4348	CP000239.1:1001744-1002821|CDS|CYA_0989	85.667	300	41	2	1	299	769	1067	5.07e-94	341
Ga0393484_14_5301_6581	CP000240.1:351714-352995|CDS|CYB_0334	98.045	1279	25	0	1	1279	1	1279	0.0	2195
Ga0393484_14_5301_6581	CP000239.1:1000283-1001570|CDS|CYA_0986	94.872	1287	56	3	1	1279	1	1285	0.0	2020
Ga0393484_14_6684_7715	CP000240.1:350301-351342|CDS|CYB_0333	96.878	1025	32	0	1	1025	1	1025	0.0	1705
Ga0393484_14_6684_7715	CP000239.1:998870-999911|CDS|CYA_0985	96.195	1025	39	0	1	1025	1	1025	0.0	1673
Ga0393484_15_54_1250	CP000239.1:2305895-2306984|CDS|CYA_2304	87.593	1080	134	0	109	1188	1	1080	0.0	1344
Ga0393484_15_54_1250	CP000240.1:1442815-1443910|CDS|CYB_1374	87.294	1094	137	2	105	1197	3	1095	0.0	1340
Ga0393484_15_1345_1548	CP000240.1:1442517-1442721|CDS|CYB_1373	95.098	204	10	0	1	204	1	204	2.47e-89	324
Ga0393484_15_1345_1548	CP000239.1:1341405-1341609|CDS|CYA_1326	88.119	202	24	0	1	202	1	202	3.01e-69	257
Ga0393484_15_1766_1897	CP000240.1:1442183-1442315|CDS|CYB_1372	99.242	132	1	0	1	132	1	132	2.09e-62	234
Ga0393484_15_1766_1897	CP000239.1:1341083-1341215|CDS|CYA_1325	90.769	130	12	0	1	130	1	130	1.16e-46	181
Ga0393484_15_1924_2793	CP000240.1:1441287-1442145|CDS|CYB_1371	97.900	857	18	0	14	870	2	858	0.0	1465
Ga0393484_15_1924_2793	CP000239.1:1340187-1341045|CDS|CYA_1324	84.888	847	126	2	20	865	8	853	0.0	944
Ga0393484_15_2797_3441	CP000240.1:1440738-1441284|CDS|CYB_1370	99.634	546	2	0	100	645	1	546	0.0	976
Ga0393484_15_2797_3441	CP000239.1:1339536-1340181|CDS|CYA_1323	90.824	643	59	0	1	643	1	643	0.0	894
Ga0393484_15_3572_4102	CP000240.1:1439944-1440508|CDS|CYB_1369	93.905	525	32	0	7	531	40	564	0.0	803
Ga0393484_15_3572_4102	CP000239.1:1338792-1339422|CDS|CYA_1322	84.942	518	78	0	7	524	109	626	4.64e-167	583
Ga0393484_15_4337_6697	CP000240.1:1437379-1439743|CDS|CYB_1368	96.785	2364	73	1	1	2361	1	2364	0.0	3920
Ga0393484_15_4337_6697	CP000239.1:1336314-1338645|CDS|CYA_1321	82.879	2348	383	6	16	2361	1	2331	0.0	2413
Ga0393484_16_726_1955	CP000240.1:104063-105293|CDS|CYB_0088	99.187	1230	10	0	1	1230	1	1230	0.0	2174
Ga0393484_16_726_1955	CP000239.1:1994054-1995290|CDS|CYA_1976	82.710	1203	208	0	28	1230	34	1236	0.0	1232
Ga0393484_16_1936_2172	CP000240.1:105273-105510|CDS|CYB_0089	97.297	222	6	0	1	222	1	222	1.84e-104	374
Ga0393484_16_1936_2172	CP000239.1:1993837-1994074|CDS|CYA_1975	86.498	237	32	0	1	237	1	237	2.56e-77	284
Ga0393484_16_2265_3146	CP000240.1:105602-106484|CDS|CYB_0090	98.299	882	15	0	1	882	1	882	0.0	1524
Ga0393484_16_2265_3146	CP000239.1:1992866-1993736|CDS|CYA_1974	86.060	868	121	0	1	868	1	868	0.0	1021
Ga0393484_16_3689_4261	CP000240.1:107026-107731|CDS|CYB_0091	97.208	573	16	0	1	573	133	705	0.0	962
Ga0393484_16_3689_4261	CP000239.1:2003652-2004384|CDS|CYA_1984	75.315	555	98	4	28	573	208	732	3.39e-112	401
Ga0393484_16_4503_5120	CP000240.1:107840-108458|CDS|CYB_0092	98.214	616	11	0	1	616	1	616	0.0	1062
Ga0393484_16_4503_5120	CP000239.1:2004447-2005065|CDS|CYA_1985	80.944	593	111	2	26	617	26	617	9.20e-158	554
Ga0393484_16_5169_6443	CP000240.1:108514-109690|CDS|CYB_0093	98.126	1174	22	0	100	1273	1	1174	0.0	2019
Ga0393484_16_5169_6443	CP000239.1:2005092-2006355|CDS|CYA_1986	82.445	1276	210	5	1	1275	1	1263	0.0	1282
Ga0393484_17_113_1477	CP000240.1:540590-541976|CDS|CYB_0526	98.462	1365	21	0	1	1365	22	1386	0.0	2368
Ga0393484_17_113_1477	CP000239.1:2154963-2156349|CDS|CYA_2142	89.167	1357	147	0	1	1357	22	1378	0.0	1785
Ga0393484_17_1518_2258	CP000240.1:542016-542757|CDS|CYB_0527	99.865	741	1	0	1	741	1	741	0.0	1333
Ga0393484_17_2335_3726	CP000240.1:542836-544225|CDS|CYB_0528	99.208	1389	11	0	4	1392	1	1389	0.0	2456
Ga0393484_17_2335_3726	CP000239.1:2153497-2154880|CDS|CYA_2141	87.574	1352	168	0	4	1355	1	1352	0.0	1682
Ga0393484_17_3796_4236	CP000240.1:544294-544735|CDS|CYB_0529	99.773	441	1	0	1	441	1	441	0.0	792
Ga0393484_17_4348_5532	CP000240.1:544792-546037|CDS|CYB_0530	98.153	1191	16	1	1	1185	55	1245	0.0	2050
Ga0393484_17_4348_5532	CP000239.1:782540-783770|CDS|CYA_0777	75.195	1153	271	3	10	1147	64	1216	0.0	791
Ga0393484_17_4348_5532	CP000239.1:1966854-1968081|CDS|CYA_1956	74.802	1139	270	5	10	1132	64	1201	0.0	754
Ga0393484_17_5935_6396	CP000240.1:546439-546901|CDS|CYB_0532	97.835	462	10	0	1	462	1	462	0.0	789
Ga0393484_17_5935_6396	CP000239.1:2153019-2153475|CDS|CYA_2140	82.237	456	73	3	1	455	1	449	1.71e-127	452
Ga0393484_18_43_252	CP000240.1:1324327-1325515|CDS|CYB_1267	100.000	210	0	0	1	210	979	1188	3.78e-106	379
Ga0393484_18_351_953	CP000240.1:1323626-1324229|CDS|CYB_1266	96.327	599	22	0	1	599	1	599	0.0	982
Ga0393484_18_351_953	CP000239.1:1231274-1231877|CDS|CYA_1219	85.643	599	86	0	1	599	1	599	0.0	693
Ga0393484_18_965_2221	CP000240.1:1322409-1323615|CDS|CYB_1265	97.678	1206	28	0	52	1257	1	1206	0.0	2049
Ga0393484_18_2310_2774	CP000240.1:1321805-1322270|CDS|CYB_1264	99.570	465	2	0	1	465	1	465	0.0	830
Ga0393484_18_2310_2774	CP000239.1:1230624-1231089|CDS|CYA_1218	87.527	457	57	0	1	457	1	457	3.10e-162	568
Ga0393484_18_2798_4162	CP000240.1:1320402-1321782|CDS|CYB_1263	99.194	1365	11	0	1	1365	16	1380	0.0	2413
Ga0393484_18_2798_4162	CP000239.1:1229209-1230589|CDS|CYA_1217	86.447	1365	185	0	1	1365	16	1380	0.0	1628
Ga0393484_18_4338_5534	CP000240.1:1319039-1320236|CDS|CYB_1262	99.666	1197	4	0	1	1197	1	1197	0.0	2141
Ga0393484_18_4338_5534	CP000239.1:1227847-1229044|CDS|CYA_1216	88.304	1197	140	0	1	1197	1	1197	0.0	1528
Ga0393484_18_5538_6434	CP000240.1:1317827-1319036|CDS|CYB_1261	99.331	897	6	0	1	897	313	1209	0.0	1591
Ga0393484_18_5538_6434	CP000239.1:1226616-1227825|CDS|CYA_1215	87.599	887	110	0	1	887	313	1199	0.0	1104
Ga0393484_19_2_1066	CP000240.1:23827-26062|CDS|CYB_0021	97.277	1065	29	0	1	1065	1171	2235	0.0	1791
Ga0393484_19_2_1066	CP000239.1:2539235-2541473|CDS|CYA_2522	92.958	1065	75	0	1	1065	1174	2238	0.0	1583
Ga0393484_19_1174_1755	CP000240.1:23138-23720|CDS|CYB_0020	98.625	582	8	0	1	582	1	582	0.0	1014
Ga0393484_19_1804_3393	CP000240.1:19690-21247|CDS|CYB_0017	97.495	1557	39	0	34	1590	1	1557	0.0	2633
Ga0393484_19_3453_4838	CP000239.1:2541913-2543251|CDS|CYA_2523	92.446	1337	95	1	55	1385	1	1337	0.0	1957
Ga0393484_20_1267_3936	CP000240.1:249358-252145|CDS|CYB_0240	98.705	2626	34	0	1	2626	118	2743	0.0	4583
Ga0393484_20_1267_3936	CP000239.1:486235-489031|CDS|CYA_0472	85.062	2671	350	4	1	2670	118	2740	0.0	3045
Ga0393484_20_4169_5119	CP000240.1:248095-249100|CDS|CYB_0239	97.297	925	23	2	28	951	82	1005	0.0	1549
Ga0393484_20_4169_5119	CP000239.1:485107-486127|CDS|CYA_0471	86.624	927	124	0	25	951	94	1020	0.0	1113
Ga0393484_21_3119_3376	CP000240.1:739514-739772|CDS|CYB_0719	100.000	258	0	0	1	258	1	258	4.16e-132	466
Ga0393484_21_3119_3376	CP000239.1:450615-450858|CDS|CYA_0433	86.134	238	33	0	14	251	2	239	3.42e-76	281
Ga0393484_21_3572_4366	CP000240.1:739965-740760|CDS|CYB_0720	97.107	795	23	0	1	795	1	795	0.0	1331
Ga0393484_21_3572_4366	CP000239.1:449650-450451|CDS|CYA_0432	85.056	803	110	3	1	795	1	801	0.0	903
Ga0393484_21_4495_5238	CP000240.1:740888-741632|CDS|CYB_0721	99.328	744	5	0	1	744	1	744	0.0	1320
Ga0393484_21_4495_5238	CP000239.1:448794-449529|CDS|CYA_0431	86.509	593	80	0	1	593	1	593	0.0	710
Ga0393484_21_5273_5497	CP000240.1:741666-741891|CDS|CYB_0722	100.000	225	0	0	1	225	1	225	2.94e-114	407
Ga0393484_21_5273_5497	CP000239.1:448545-448764|CDS|CYA_0430	85.253	217	32	0	9	225	3	219	1.74e-66	248
Ga0393484_23_11_103	CP000240.1:2911523-2911616|CDS|CYB_2809	100.000	93	0	0	1	93	1	93	4.71e-43	168
Ga0393484_23_11_103	CP000239.1:2031073-2031172|CDS|CYA_2014	88.043	92	11	0	1	92	7	98	2.61e-27	117
Ga0393484_23_397_1686	CP000240.1:2912029-2913313|CDS|CYB_2810	94.732	1082	57	0	121	1202	1	1082	0.0	1695
Ga0393484_23_397_1686	CP000239.1:2031421-2032726|CDS|CYA_2015	88.566	1102	126	0	101	1202	2	1103	0.0	1420
Ga0393484_23_1622_2650	CP000240.1:2916338-2918288|CDS|CYB_2815	98.834	1029	12	0	1	1029	922	1950	0.0	1802
Ga0393484_23_1622_2650	CP000239.1:308635-310549|CDS|CYA_0304	78.985	985	198	3	3	984	891	1869	0.0	838
Ga0393484_23_2696_3133	CP000240.1:2915855-2916293|CDS|CYB_2814	98.630	438	6	0	1	438	1	438	0.0	764
Ga0393484_23_2696_3133	CP000239.1:2035203-2035641|CDS|CYA_2019	86.530	438	59	0	1	438	1	438	3.11e-149	525
Ga0393484_23_3344_3871	CP000240.1:2915117-2915645|CDS|CYB_2813	99.432	528	3	0	1	528	1	528	0.0	939
Ga0393484_23_3344_3871	CP000239.1:2034497-2035025|CDS|CYA_2018	85.171	526	78	0	1	526	1	526	2.09e-171	598
Ga0393484_23_3877_4443	CP000240.1:2914443-2915112|CDS|CYB_2812	99.295	567	4	0	1	567	103	669	0.0	1005
Ga0393484_23_3877_4443	CP000239.1:2033861-2034485|CDS|CYA_2017	83.238	525	82	1	1	525	58	576	2.94e-157	552
Ga0393484_23_4542_5483	CP000240.1:2913346-2914447|CDS|CYB_2811	97.771	942	21	0	1	942	160	1101	0.0	1605
Ga0393484_23_4542_5483	CP000239.1:2032759-2033854|CDS|CYA_2016	86.612	859	115	0	2	860	161	1019	0.0	1031
Ga0393484_24_37_1098	CP000240.1:553988-555035|CDS|CYB_0539	94.491	1071	26	2	1	1062	1	1047	0.0	1687
Ga0393484_24_37_1098	CP000239.1:1543566-1544442|CDS|CYA_1532	86.650	794	106	0	100	893	1	794	0.0	955
Ga0393484_24_1145_2185	CP000240.1:555081-556122|CDS|CYB_0540	97.983	1041	21	0	1	1041	1	1041	0.0	1783
Ga0393484_24_2275_2799	CP000240.1:556211-556736|CDS|CYB_0541	95.810	525	22	0	1	525	1	525	0.0	848
Ga0393484_24_2275_2799	CP000239.1:1544447-1544918|CDS|CYA_1533	85.777	457	65	0	1	457	1	457	2.54e-151	532
Ga0393484_24_3061_3216	CP000240.1:556996-557377|CDS|CYB_0544	98.077	156	3	0	1	156	226	381	1.23e-72	269
Ga0393484_24_3061_3216	CP000239.1:1545155-1545380|CDS|CYA_1534	91.613	155	13	0	2	156	71	225	1.61e-58	222
Ga0393484_24_3455_4258	CP000240.1:557376-558180|CDS|CYB_0545	96.642	804	27	0	1	804	1	804	0.0	1329
Ga0393484_24_4425_5039	CP000240.1:558346-558961|CDS|CYB_0546	98.537	615	9	0	1	615	1	615	0.0	1069
Ga0393484_24_4425_5039	CP000239.1:507551-508166|CDS|CYA_0490	89.593	615	64	0	1	615	1	615	0.0	821
Ga0393484_24_5036_5644	CP000240.1:558957-559566|CDS|CYB_0547	96.880	609	19	0	1	609	1	609	0.0	1013
Ga0393484_24_5036_5644	CP000239.1:508162-508786|CDS|CYA_0491	86.891	595	78	0	5	599	20	614	0.0	722
Ga0393484_25_162_1619	CP000240.1:3013353-3015831|CDS|CYB_2916	98.422	1458	22	1	1	1458	1	1457	0.0	2523
Ga0393484_25_162_1619	CP000239.1:315171-317649|CDS|CYA_0309	83.940	1457	223	6	1	1452	1	1451	0.0	1556
Ga0393484_25_1816_2352	CP000240.1:3012625-3013162|CDS|CYB_2915	94.972	537	27	0	1	537	1	537	0.0	847
Ga0393484_25_1816_2352	CP000239.1:723011-723548|CDS|CYA_0719	81.970	538	95	2	1	537	1	537	1.10e-149	526
Ga0393484_25_2458_3384	CP000240.1:3011593-3012520|CDS|CYB_2914	99.569	927	4	0	1	927	1	927	0.0	1654
Ga0393484_25_3381_4391	CP000240.1:3010586-3011597|CDS|CYB_2913	99.407	1011	6	0	1	1011	1	1011	0.0	1797
Ga0393484_25_4409_4906	CP000240.1:3010145-3010580|CDS|CYB_2912	98.851	435	5	0	64	498	1	435	0.0	763
Ga0393484_25_4409_4906	CP000239.1:722264-722768|CDS|CYA_0718	85.041	488	73	0	1	488	1	488	2.56e-157	552
Ga0393484_25_4884_5015	CP000240.1:3009973-3010105|CDS|CYB_2911	100.000	132	0	0	1	132	1	132	4.91e-64	239
Ga0393484_25_4884_5015	CP000239.1:722155-722287|CDS|CYA_0717	88.636	132	15	0	1	132	1	132	2.09e-43	171
Ga0393484_26_29_409	CP000240.1:767235-767994|CDS|CYB_0743	97.638	381	8	1	1	381	10	389	0.0	644
Ga0393484_26_29_409	CP000239.1:2072404-2073154|CDS|CYA_2053	82.940	381	64	1	1	381	1	380	3.99e-109	391
Ga0393484_26_455_736	CP000240.1:768030-768312|CDS|CYB_0744	100.000	282	0	0	1	282	1	282	4.29e-145	509
Ga0393484_26_455_736	CP000239.1:2073206-2073488|CDS|CYA_2054	81.159	276	52	0	1	276	1	276	2.90e-71	264
Ga0393484_26_733_1668	CP000240.1:768308-769244|CDS|CYB_0745	97.970	936	19	0	1	936	1	936	0.0	1603
Ga0393484_26_733_1668	CP000239.1:2073484-2074417|CDS|CYA_2055	87.393	936	115	1	1	936	1	933	0.0	1155
Ga0393484_26_1822_2658	CP000240.1:769400-770162|CDS|CYB_0746	99.081	762	7	0	76	837	1	762	0.0	1343
Ga0393484_26_1822_2658	CP000239.1:2074538-2075300|CDS|CYA_2056	82.869	753	129	0	85	837	10	762	0.0	777
Ga0393484_26_2829_3683	CP000240.1:770420-771275|CDS|CYB_0747	92.632	855	63	0	1	855	1	855	0.0	1259
Ga0393484_26_2829_3683	CP000239.1:2075576-2076425|CDS|CYA_2057	84.314	816	127	1	25	840	19	833	0.0	892
Ga0393484_26_3680_4462	CP000240.1:771271-772054|CDS|CYB_0748	91.571	783	66	0	1	783	1	783	0.0	1115
Ga0393484_26_3680_4462	CP000239.1:2076421-2077198|CDS|CYA_2058	85.676	754	108	0	1	754	1	754	0.0	874
Ga0393484_27_483_1613	CP000240.1:707358-708489|CDS|CYB_0690	97.259	1131	31	0	1	1131	1	1131	0.0	1901
Ga0393484_27_483_1613	CP000239.1:2509158-2510295|CDS|CYA_2499	90.476	1113	106	0	8	1120	8	1120	0.0	1530
Ga0393484_27_1708_2565	CP000240.1:708583-709441|CDS|CYB_0691	93.808	856	53	0	1	856	1	856	0.0	1306
Ga0393484_27_1708_2565	CP000239.1:2508230-2509130|CDS|CYA_2498	88.384	792	92	0	67	858	109	900	0.0	1014
Ga0393484_27_2667_3503	CP000240.1:709542-710385|CDS|CYB_0692	97.122	834	24	0	1	834	1	834	0.0	1397
Ga0393484_27_2667_3503	CP000239.1:2507292-2508129|CDS|CYA_2497	87.919	836	101	0	1	836	1	836	0.0	1053
Ga0393484_27_3528_5048	CP000240.1:710393-711914|CDS|CYB_0693	98.091	1519	29	0	1	1519	1	1519	0.0	2609
Ga0393484_27_3528_5048	CP000239.1:2505748-2507278|CDS|CYA_2496	74.058	1592	280	27	1	1521	1	1530	0.0	1008
Ga0393484_28_403_1209	CP000240.1:1497842-1498625|CDS|CYB_1427	95.291	807	14	1	1	807	1	783	0.0	1302
Ga0393484_28_403_1209	CP000239.1:17768-18500|CDS|CYA_0017	84.734	714	103	2	1	711	1	711	0.0	793
Ga0393484_28_1396_2412	CP000240.1:1498812-1499829|CDS|CYB_1429	98.132	1017	19	0	1	1017	1	1017	0.0	1749
Ga0393484_28_1396_2412	CP000239.1:18688-19720|CDS|CYA_0020	85.982	1013	139	1	1	1013	1	1010	0.0	1186
Ga0393484_28_2545_3870	CP000240.1:1499888-1501235|CDS|CYB_1430	97.066	1295	38	0	1	1295	34	1328	0.0	2165
Ga0393484_28_4459_5124	CP000240.1:1501790-1502765|CDS|CYB_1431	100.000	666	0	0	1	666	310	975	0.0	1202
Ga0393484_28_4459_5124	CP000239.1:2472468-2473437|CDS|CYA_2461	86.454	657	89	0	2	658	311	967	0.0	784
Ga0393484_29_51_1184	CP000240.1:2427163-2428297|CDS|CYB_2316	99.030	1134	11	0	1	1134	1	1134	0.0	1996
Ga0393484_29_51_1184	CP000239.1:1214994-1216128|CDS|CYA_1205	88.448	1134	131	0	1	1134	1	1134	0.0	1455
Ga0393484_29_1410_2312	CP000240.1:2426035-2426938|CDS|CYB_2315	98.782	903	11	0	1	903	1	903	0.0	1580
Ga0393484_29_1410_2312	CP000239.1:1216338-1217253|CDS|CYA_1206	87.542	899	112	0	1	899	13	911	0.0	1117
Ga0393484_29_2481_3251	CP000240.1:2422795-2423566|CDS|CYB_2311	99.092	771	7	0	1	771	1	771	0.0	1360
Ga0393484_29_2481_3251	CP000239.1:156187-156946|CDS|CYA_0160	86.104	770	95	1	1	770	1	758	0.0	913
Ga0393484_29_3462_4580	CP000240.1:2421461-2422580|CDS|CYB_2310	98.034	1119	22	0	1	1119	1	1119	0.0	1920
Ga0393484_29_3462_4580	CP000239.1:154881-156000|CDS|CYA_0159	88.382	1119	130	0	1	1119	1	1119	0.0	1433
Ga0393484_30_523_1128	CP000240.1:1718487-1719234|CDS|CYB_1646	99.605	506	2	0	101	606	242	747	0.0	904
Ga0393484_30_523_1128	CP000239.1:2917950-2918697|CDS|CYA_2893	91.833	502	41	0	101	602	242	743	0.0	721
Ga0393484_30_1346_2725	CP000240.1:1715960-1717340|CDS|CYB_1644	99.420	1380	8	0	1	1380	1	1380	0.0	2453
Ga0393484_30_1346_2725	CP000239.1:2919861-2921238|CDS|CYA_2895	82.187	1381	241	4	1	1380	1	1377	0.0	1369
Ga0393484_31_502_744	CP000240.1:1025387-1025630|CDS|CYB_0989	98.765	243	3	0	1	243	1	243	1.19e-119	425
Ga0393484_31_502_744	CP000239.1:923277-923520|CDS|CYA_0914	84.362	243	38	0	1	243	1	243	2.02e-72	268
Ga0393484_31_1234_2367	CP000240.1:1023739-1024873|CDS|CYB_0988	98.854	1134	13	0	1	1134	1	1134	0.0	1987
Ga0393484_31_1234_2367	CP000239.1:923753-924848|CDS|CYA_0915	84.523	1079	160	2	1	1078	1	1073	0.0	1191
Ga0393484_31_2436_4157	CP000240.1:1021949-1023713|CDS|CYB_0987	97.967	1722	35	0	1	1722	43	1764	0.0	2948
Ga0393484_31_2436_4157	CP000239.1:924901-926623|CDS|CYA_0916	84.719	1636	250	0	1	1636	25	1660	0.0	1824
Ga0393484_32_111_446	CP000240.1:2395869-2396205|CDS|CYB_2290	100.000	336	0	0	1	336	1	336	2.51e-174	607
Ga0393484_32_111_446	CP000239.1:2432986-2433358|CDS|CYA_2423	83.032	277	45	2	61	336	97	372	4.56e-76	281
Ga0393484_32_562_711	CP000240.1:2396320-2396470|CDS|CYB_2291	98.667	150	2	0	1	150	1	150	5.01e-71	262
Ga0393484_32_562_711	CP000239.1:2432726-2432879|CDS|CYA_2422	91.837	147	12	0	1	147	1	147	7.95e-56	212
Ga0393484_32_810_1571	CP000240.1:2396568-2397330|CDS|CYB_2292	99.738	762	2	0	1	762	1	762	0.0	1366
Ga0393484_32_810_1571	CP000239.1:2431863-2432628|CDS|CYA_2421	88.828	734	82	0	1	734	1	734	0.0	955
Ga0393484_32_2023_3075	CP000240.1:2397586-2398834|CDS|CYB_2293	98.101	1053	20	0	1	1053	196	1248	0.0	1810
Ga0393484_32_2023_3075	CP000239.1:2430621-2431743|CDS|CYA_2420	85.368	991	145	0	2	992	92	1082	0.0	1134
Ga0393484_32_3087_3560	CP000240.1:2398845-2399319|CDS|CYB_2294	98.945	474	5	0	1	474	1	474	0.0	833
Ga0393484_32_3087_3560	CP000239.1:2430089-2430578|CDS|CYA_2419	84.267	464	73	0	1	464	1	464	2.60e-144	508
Ga0393484_32_4011_4658	CP000240.1:2399769-2400417|CDS|CYB_2295	97.840	648	14	0	1	648	1	648	0.0	1106
Ga0393484_32_4011_4658	CP000239.1:2429180-2429828|CDS|CYA_2418	80.123	649	127	2	1	648	1	648	1.99e-166	582
Ga0393484_33_32_976	CP000240.1:779824-780937|CDS|CYB_0758	95.132	945	46	0	1	945	169	1113	0.0	1498
Ga0393484_33_1289_1678	CP000240.1:781056-782130|CDS|CYB_0759	96.481	341	12	0	50	390	734	1074	1.09e-160	562
Ga0393484_33_1801_2004	CP000239.1:1362668-1362881|CDS|CYA_1351	86.275	204	25	1	1	204	13	213	2.31e-64	241
Ga0393484_33_2183_3586	CP000240.1:783495-784899|CDS|CYB_0762	95.863	1402	58	0	1	1402	1	1402	0.0	2268
Ga0393484_33_2183_3586	CP000239.1:2215205-2216606|CDS|CYA_2196	82.433	1389	235	2	1	1386	1	1383	0.0	1405
Ga0393484_33_3727_4179	CP000240.1:785038-785491|CDS|CYB_0763	98.675	453	6	0	1	453	1	453	0.0	791
Ga0393484_33_3727_4179	CP000239.1:2214616-2215069|CDS|CYA_2195	86.313	453	62	0	1	453	1	453	1.46e-153	538
Ga0393484_33_4210_4344	CP000240.1:785521-785767|CDS|CYB_0764	97.037	135	4	0	1	135	112	246	3.19e-60	226
Ga0393484_34_1299_1757	CP000240.1:361400-362072|CDS|CYB_0342	95.011	461	16	4	1	459	217	672	0.0	717
Ga0393484_34_1299_1757	CP000239.1:1720145-1720778|CDS|CYA_1711	75.717	453	80	4	1	450	199	624	3.99e-91	331
Ga0393484_34_2015_2722	CP000240.1:362119-362827|CDS|CYB_0343	96.576	701	24	0	1	701	1	701	0.0	1157
Ga0393484_34_2015_2722	CP000239.1:1720789-1721488|CDS|CYA_1712	78.280	686	140	2	1	686	1	677	1.68e-161	565
Ga0393484_34_2719_3219	CP000240.1:362823-363420|CDS|CYB_0344	99.202	501	4	0	1	501	97	597	0.0	886
Ga0393484_34_2719_3219	CP000239.1:1721508-1722021|CDS|CYA_1713	79.545	484	86	5	8	485	15	491	1.34e-116	416
Ga0393484_34_3201_3542	CP000239.1:1721995-1722337|CDS|CYA_1714	75.146	342	83	2	1	341	1	341	8.98e-60	227
Ga0393484_34_3646_4029	CP000240.1:364016-364817|CDS|CYB_0345	96.354	384	14	0	1	384	418	801	0.0	630
Ga0393484_34_3646_4029	CP000239.1:1722401-1723214|CDS|CYA_1715	77.027	370	85	0	7	376	418	787	4.30e-77	285
Ga0393484_35_906_2018	CP000240.1:2403205-2404264|CDS|CYB_2298	99.811	1059	2	0	55	1113	1	1059	0.0	1902
Ga0393484_35_906_2018	CP000239.1:2460476-2461535|CDS|CYA_2454	86.686	1059	141	0	55	1113	1	1059	0.0	1275
Ga0393484_35_2136_3110	CP000240.1:2402263-2403088|CDS|CYB_2297	96.364	825	30	0	151	975	1	825	0.0	1353
Ga0393484_35_2136_3110	CP000239.1:2425127-2425949|CDS|CYA_2413	81.305	797	146	2	151	944	1	797	0.0	760
Ga0393484_35_3235_4185	CP000240.1:2401038-2401989|CDS|CYB_2296	97.161	951	27	0	1	951	1	951	0.0	1594
Ga0393484_35_3235_4185	CP000239.1:2427960-2428911|CDS|CYA_2417	86.364	946	129	0	1	946	1	946	0.0	1125
Ga0393484_36_1437_1778	CP000239.1:245743-246574|CDS|CYA_0242	88.012	342	8	3	1	342	523	831	1.52e-126	449
Ga0393484_36_2428_3843	CP000239.1:244137-245547|CDS|CYA_0241	77.871	1437	270	16	1	1416	1	1410	0.0	1130
Ga0393484_36_3936_4157	CP000240.1:1870498-1871242|CDS|CYB_1784	100.000	217	0	0	1	217	526	742	6.38e-110	392
Ga0393484_36_3936_4157	CP000239.1:243359-244130|CDS|CYA_0240	81.900	221	37	2	1	220	526	744	1.23e-55	213
Ga0393484_37_38_721	CP000240.1:1133481-1134786|CDS|CYB_1100	99.621	528	2	0	9	536	33	560	0.0	944
Ga0393484_37_771_1769	CP000240.1:1132451-1133432|CDS|CYB_1098	96.942	981	30	0	19	999	1	981	0.0	1635
Ga0393484_37_771_1769	CP000239.1:1533206-1534283|CDS|CYA_1522	85.148	983	146	0	1	983	79	1061	0.0	1115
Ga0393484_37_2161_3543	CP000240.1:1130672-1132055|CDS|CYB_1096	99.132	1383	12	0	1	1383	1	1383	0.0	2441
Ga0393484_37_2161_3543	CP000239.1:1531692-1533054|CDS|CYA_1521	83.052	1304	221	0	13	1316	13	1316	0.0	1356
Ga0393484_38_683_1054	CP000240.1:1371846-1372218|CDS|CYB_1308	98.118	372	7	0	1	372	1	372	0.0	640
Ga0393484_38_683_1054	CP000239.1:581170-581542|CDS|CYA_0567	82.796	372	64	0	1	372	1	372	5.77e-107	383
Ga0393484_38_1044_2762	CP000240.1:1370138-1371857|CDS|CYB_1307	98.255	1719	30	0	1	1719	1	1719	0.0	2966
Ga0393484_38_1044_2762	CP000239.1:579513-581181|CDS|CYA_0566	88.350	1588	185	0	29	1616	29	1616	0.0	2030
Ga0393484_38_2765_3490	CP000240.1:1369404-1370121|CDS|CYB_1306	93.584	717	40	1	16	726	1	717	0.0	1087
Ga0393484_38_2765_3490	CP000239.1:578721-579414|CDS|CYA_0565	75.905	718	134	8	16	719	1	693	2.73e-146	515
Ga0393484_38_3520_4026	CP000240.1:1368868-1369348|CDS|CYB_1305	99.583	480	2	0	28	507	1	480	0.0	857
Ga0393484_38_3520_4026	CP000239.1:578156-578693|CDS|CYA_0564	80.131	458	73	6	1	440	1	458	2.45e-113	406
Ga0393484_39_3_209	CP000240.1:371549-371756|CDS|CYB_0355	100.000	207	0	0	1	207	1	207	1.58e-104	374
Ga0393484_39_250_477	CP000240.1:371796-372024|CDS|CYB_0356	99.561	228	1	0	1	228	1	228	2.98e-114	407
Ga0393484_39_250_477	CP000239.1:1510330-1510564|CDS|CYA_1501	82.297	209	37	0	20	228	26	234	4.44e-55	211
Ga0393484_39_631_1695	CP000240.1:372177-373257|CDS|CYB_0357	99.437	1065	6	0	1	1065	16	1080	0.0	1894
Ga0393484_39_631_1695	CP000239.1:1509141-1510221|CDS|CYA_1500	90.610	1065	100	0	1	1065	16	1080	0.0	1471
Ga0393484_39_2107_2679	CP000240.1:373632-374226|CDS|CYB_0358	97.208	573	16	0	1	573	22	594	0.0	962
Ga0393484_39_2107_2679	CP000239.1:1508119-1508881|CDS|CYA_1498	85.417	576	81	1	1	573	187	762	0.0	659
Ga0393484_39_2716_3594	CP000240.1:374261-375125|CDS|CYB_0359	99.412	851	5	0	1	851	1	851	0.0	1513
Ga0393484_39_2716_3594	CP000239.1:2196565-2197444|CDS|CYA_2180	84.036	877	140	0	1	877	1	877	0.0	951
Ga0393484_39_3771_3905	CP000240.1:375307-377185|CDS|CYB_0360	98.519	135	2	0	1	135	1744	1878	6.15e-63	235
Ga0393484_39_3771_3905	CP000239.1:2197594-2199466|CDS|CYA_2181	86.364	132	18	0	1	132	1732	1863	1.36e-39	158
Ga0393484_40_63_875	CP000240.1:311918-312731|CDS|CYB_0300	98.155	813	15	0	1	813	1	813	0.0	1399
Ga0393484_40_63_875	CP000239.1:533974-534796|CDS|CYA_0516	87.863	791	96	0	1	791	1	791	0.0	994
Ga0393484_40_1202_2203	CP000240.1:310590-311592|CDS|CYB_0299	97.705	1002	23	0	1	1002	1	1002	0.0	1704
Ga0393484_40_1202_2203	CP000239.1:535115-536117|CDS|CYA_0519	87.026	1002	130	0	1	1002	1	1002	0.0	1222
Ga0393484_41_3_803	CP000240.1:1964804-1965716|CDS|CYB_1880	98.502	801	12	0	1	801	112	912	0.0	1391
Ga0393484_41_3_803	CP000239.1:150949-151867|CDS|CYA_0154	86.625	800	107	0	1	800	112	911	0.0	961
Ga0393484_41_865_1506	CP000240.1:1964140-1964701|CDS|CYB_1879	99.800	499	1	0	43	541	1	499	0.0	896
Ga0393484_41_865_1506	CP000239.1:825280-825838|CDS|CYA_0814	82.495	497	84	1	43	539	1	494	1.52e-142	503
Ga0393484_42_31_291	CP000240.1:637686-637947|CDS|CYB_0628	93.870	261	16	0	1	261	1	261	5.14e-112	399
Ga0393484_42_31_291	CP000239.1:2768581-2768833|CDS|CYA_2750	86.667	225	30	0	1	225	1	225	1.80e-73	271
Ga0393484_42_288_761	CP000240.1:637943-638417|CDS|CYB_0627	96.624	474	16	0	1	474	1	474	0.0	783
Ga0393484_42_288_761	CP000239.1:2768829-2769303|CDS|CYA_2749	86.076	474	66	0	1	474	1	474	1.64e-159	558
Ga0393484_42_1022_2938	CP000240.1:639991-641908|CDS|CYB_0631	97.548	1917	47	0	1	1917	1	1917	0.0	3246
Ga0393484_42_1022_2938	CP000239.1:2769532-2771449|CDS|CYA_2751	87.011	1917	249	0	1	1917	1	1917	0.0	2335
Ga0393484_43_34_819	CP000240.1:2196512-2197373|CDS|CYB_2101	97.710	786	18	0	1	786	76	861	0.0	1337
Ga0393484_43_34_819	CP000239.1:365437-366295|CDS|CYA_0348	87.150	786	101	0	1	786	73	858	0.0	963
Ga0393484_43_831_1226	CP000240.1:2194341-2196501|CDS|CYB_2100	99.185	368	3	0	1	368	1	368	0.0	651
Ga0393484_43_831_1226	CP000239.1:366345-368466|CDS|CYA_0349	84.756	328	50	0	41	368	2	329	4.74e-102	367
Ga0393484_43_1440_2390	CP000240.1:2197589-2198528|CDS|CYB_2102	99.468	939	2	1	16	951	1	939	0.0	1670
Ga0393484_43_1440_2390	CP000239.1:110297-111221|CDS|CYA_0116	85.470	936	124	3	16	951	1	924	0.0	1073
Ga0393484_43_2557_3228	CP000240.1:2198610-2199366|CDS|CYB_2103	98.661	672	9	0	1	672	85	756	0.0	1172
Ga0393484_44_808_1275	CP000240.1:2902367-2902820|CDS|CYB_2802	94.702	453	24	0	16	468	1	453	0.0	710
Ga0393484_44_808_1275	CP000239.1:931130-931571|CDS|CYA_0922	81.596	451	71	1	16	466	1	439	7.36e-126	446
Ga0393484_44_1524_2948	CP000240.1:2903068-2904493|CDS|CYB_2804	97.895	1425	30	0	1	1425	1	1425	0.0	2435
Ga0393484_44_1524_2948	CP000239.1:1373604-1375029|CDS|CYA_1363	88.545	1423	163	0	1	1423	1	1423	0.0	1832
Ga0393484_45_5_373	CP000240.1:2413979-2415611|CDS|CYB_2304	95.109	368	18	0	1	368	1264	1631	3.16e-167	583
Ga0393484_45_5_373	CP000239.1:1986509-1988141|CDS|CYA_1969	84.741	367	56	0	1	367	1264	1630	4.12e-115	410
Ga0393484_45_576_1787	CP000239.1:712444-713638|CDS|CYA_0704	95.491	1131	51	0	19	1149	1	1131	0.0	1810
Ga0393484_45_576_1787	CP000240.1:2168360-2169515|CDS|CYB_2071	94.113	1155	68	0	19	1173	1	1155	0.0	1777
Ga0393484_45_576_1787	CP000240.1:2210858-2212052|CDS|CYB_2117	94.844	1125	58	0	19	1143	1	1125	0.0	1768
Ga0393484_45_576_1787	CP000240.1:2247371-2248565|CDS|CYB_2147	92.211	1194	93	0	19	1212	1	1194	0.0	1735
Ga0393484_45_576_1787	CP000240.1:1954838-1956056|CDS|CYB_1872	92.381	1155	64	1	19	1149	1	1155	0.0	1704
Ga0393484_45_576_1787	CP000239.1:1594889-1596107|CDS|CYA_1585	90.558	1218	91	1	19	1212	1	1218	0.0	1696
Ga0393484_45_576_1787	CP000239.1:2170714-2171908|CDS|CYA_2158	92.838	1131	81	0	19	1149	1	1131	0.0	1675
Ga0393484_45_576_1787	CP000240.1:1803089-1804283|CDS|CYB_1722	92.308	1131	87	0	19	1149	1	1131	0.0	1648
Ga0393484_45_576_1787	CP000240.1:2796782-2798000|CDS|CYB_2707	91.210	1149	77	1	19	1143	1	1149	0.0	1635
Ga0393484_45_576_1787	CP000240.1:1083184-1084426|CDS|CYB_1042	90.076	1179	69	2	19	1149	1	1179	0.0	1634
Ga0393484_45_576_1787	CP000240.1:2644164-2645358|CDS|CYB_2538	91.822	1125	92	0	19	1143	1	1125	0.0	1615
Ga0393484_45_576_1787	CP000239.1:774779-775973|CDS|CYA_0767	91.289	1125	98	0	19	1143	1	1125	0.0	1588
Ga0393484_45_576_1787	CP000240.1:2830275-2831565|CDS|CYB_2735	87.691	1243	104	3	19	1212	1	1243	0.0	1583
Ga0393484_45_576_1787	CP000239.1:629980-631174|CDS|CYA_0620	91.297	1126	96	2	19	1143	1	1125	0.0	1582
Ga0393484_45_576_1787	CP000240.1:52430-53648|CDS|CYB_0041	89.957	1155	92	1	19	1149	1	1155	0.0	1578
Ga0393484_45_576_1787	CP000240.1:1190675-1191869|CDS|CYB_1151	90.497	1126	105	2	19	1143	1	1125	0.0	1542
Ga0393484_45_576_1787	CP000240.1:2553363-2554557|CDS|CYB_2454	90.222	1125	110	0	19	1143	1	1125	0.0	1534
Ga0393484_45_576_1787	CP000240.1:3008652-3009870|CDS|CYB_2910	89.091	1155	102	1	19	1149	1	1155	0.0	1533
Ga0393484_45_576_1787	CP000240.1:102811-104029|CDS|CYB_0087	86.289	1218	143	1	19	1212	1	1218	0.0	1462
Ga0393484_45_576_1787	CP000240.1:1064975-1066169|CDS|CYB_1023	88.711	1125	127	0	19	1143	1	1125	0.0	1457
Ga0393484_45_576_1787	CP000240.1:638632-639850|CDS|CYB_0630	87.641	1149	118	1	19	1143	1	1149	0.0	1450
Ga0393484_45_576_1787	CP000239.1:893439-894633|CDS|CYA_0887	86.851	1194	157	0	19	1212	1	1194	0.0	1446
Ga0393484_45_576_1787	CP000240.1:1521392-1522610|CDS|CYB_1450	87.380	1149	121	1	19	1143	1	1149	0.0	1436
Ga0393484_45_576_1787	CP000240.1:1358129-1359347|CDS|CYB_1297	87.206	1149	123	1	19	1143	1	1149	0.0	1427
Ga0393484_45_576_1787	CP000240.1:241642-242836|CDS|CYB_0233	86.455	1196	158	4	19	1212	1	1194	0.0	1413
Ga0393484_45_576_1787	CP000240.1:1015074-1016268|CDS|CYB_0979	86.181	1194	165	0	19	1212	1	1194	0.0	1410
Ga0393484_45_576_1787	CP000240.1:1384265-1385459|CDS|CYB_1322	86.025	1195	165	2	19	1212	1	1194	0.0	1396
Ga0393484_45_576_1787	CP000240.1:1316312-1317548|CDS|CYB_1259	84.304	1236	152	3	19	1212	1	1236	0.0	1379
Ga0393484_45_576_1787	CP000240.1:481588-482800|CDS|CYB_0472	85.255	1214	157	7	19	1212	1	1212	0.0	1371
Ga0393484_45_576_1787	CP000240.1:345730-346924|CDS|CYB_0329	85.260	1194	176	0	19	1212	1	1194	0.0	1361
Ga0393484_45_576_1787	CP000240.1:2565689-2566883|CDS|CYB_2468	84.686	1195	181	2	19	1212	1	1194	0.0	1324
Ga0393484_45_576_1787	CP000240.1:1842322-1843549|CDS|CYB_1759	84.961	1157	146	3	19	1149	1	1155	0.0	1315
Ga0393484_45_576_1787	CP000239.1:994256-995468|CDS|CYA_0981	84.007	1213	174	4	19	1212	1	1212	0.0	1314
Ga0393484_45_576_1787	CP000240.1:2128026-2129220|CDS|CYB_2026	84.628	1197	178	5	19	1212	1	1194	0.0	1313
Ga0393484_45_576_1787	CP000240.1:2619921-2621115|CDS|CYB_2521	85.879	1126	157	2	19	1143	1	1125	0.0	1307
Ga0393484_45_576_1787	CP000239.1:698055-699204|CDS|CYA_0690	84.233	1148	155	3	19	1141	1	1147	0.0	1265
Ga0393484_45_576_1787	CP000240.1:1244785-1246021|CDS|CYB_1201	82.215	1237	176	5	19	1212	1	1236	0.0	1257
Ga0393484_45_576_1787	CP000240.1:1267756-1268992|CDS|CYB_1227	82.149	1238	175	7	19	1212	1	1236	0.0	1247
Ga0393484_45_576_1787	CP000240.1:2661652-2662870|CDS|CYB_2557	83.826	1150	160	3	19	1143	1	1149	0.0	1246
Ga0393484_45_576_1787	CP000240.1:629484-630702|CDS|CYB_0620	83.290	1155	169	1	19	1149	1	1155	0.0	1231
Ga0393484_45_576_1787	CP000240.1:2933473-2934709|CDS|CYB_2835	81.437	1239	182	7	19	1212	1	1236	0.0	1210
Ga0393484_45_576_1787	CP000240.1:605550-606744|CDS|CYB_0598	83.216	1132	188	2	19	1149	1	1131	0.0	1178
Ga0393484_45_576_1787	CP000240.1:1917270-1918464|CDS|CYB_1826	81.871	1197	211	5	19	1212	1	1194	0.0	1164
Ga0393484_45_576_1787	CP000240.1:1763450-1764623|CDS|CYB_1688	82.213	1175	203	5	19	1190	1	1172	0.0	1160
Ga0393484_45_576_1787	CP000239.1:693322-694534|CDS|CYA_0687	79.325	1214	229	5	19	1212	1	1212	0.0	1056
Ga0393484_45_576_1787	CP000240.1:2219258-2220470|CDS|CYB_2126	78.913	1214	234	5	19	1212	1	1212	0.0	1033
Ga0393484_45_576_1787	CP000240.1:2506708-2507857|CDS|CYB_2410	75.398	1130	156	6	19	1027	1	1129	0.0	868
Ga0393484_45_576_1787	CP000239.1:88305-89487|CDS|CYA_0091	74.575	1117	258	5	24	1133	6	1103	0.0	736
Ga0393484_46_1120_1851	CP000240.1:133033-133855|CDS|CYB_0120	98.361	732	12	0	1	732	91	822	0.0	1267
Ga0393484_46_1972_2553	CP000240.1:132487-133003|CDS|CYB_0119	99.419	516	3	0	67	582	1	516	0.0	918
Ga0393484_46_1972_2553	CP000239.1:2398538-2399060|CDS|CYA_2388	84.283	509	80	0	62	570	2	510	2.03e-159	558
Ga0393484_46_2615_3334	CP000240.1:131640-132396|CDS|CYB_0118	96.806	720	23	0	1	720	37	756	0.0	1196
Ga0393484_46_2615_3334	CP000239.1:2399146-2399950|CDS|CYA_2390	86.423	685	93	0	1	685	37	721	0.0	817
Ga0393484_47_10_1221	CP000240.1:695291-696746|CDS|CYB_0681	94.637	1212	65	0	1	1212	244	1455	0.0	1893
Ga0393484_47_10_1221	CP000239.1:2520823-2522311|CDS|CYA_2510	87.209	1204	154	0	1	1204	244	1447	0.0	1478
Ga0393484_47_1246_2070	CP000240.1:696770-697595|CDS|CYB_0682	93.939	825	50	0	1	825	1	825	0.0	1263
Ga0393484_47_1246_2070	CP000239.1:2519968-2520763|CDS|CYA_2509	81.210	777	138	4	1	776	1	770	0.0	733
Ga0393484_47_2086_2316	CP000240.1:697610-697892|CDS|CYB_0683	95.671	231	10	0	1	231	52	282	6.24e-104	372
Ga0393484_47_2086_2316	CP000239.1:2519671-2519953|CDS|CYA_2507	94.805	231	12	0	1	231	52	282	3.23e-101	363
Ga0393484_48_25_933	CP000240.1:1053895-1054873|CDS|CYB_1015	97.800	909	20	0	1	909	70	978	0.0	1550
Ga0393484_48_25_933	CP000239.1:2392469-2393447|CDS|CYA_2383	88.339	909	106	0	1	909	70	978	0.0	1162
Ga0393484_48_974_2374	CP000240.1:1052453-1053854|CDS|CYB_1013	98.572	1401	20	0	1	1401	1	1401	0.0	2437
Ga0393484_48_974_2374	CP000239.1:2393476-2394877|CDS|CYA_2385	88.929	1400	155	0	1	1400	1	1400	0.0	1827
Ga0393484_48_2371_2613	CP000240.1:1052214-1052457|CDS|CYB_1014	97.942	243	5	0	1	243	1	243	6.18e-117	416
Ga0393484_48_2371_2613	CP000239.1:2394873-2395110|CDS|CYA_2384	82.716	243	36	2	1	243	1	237	6.61e-66	246
Ga0393484_49_340_1506	CP000240.1:327027-328524|CDS|CYB_0312	98.025	1114	22	0	1	1114	349	1462	0.0	1911
Ga0393484_49_340_1506	CP000239.1:764246-765707|CDS|CYA_0759	82.259	1133	174	6	3	1114	300	1426	0.0	1135
Ga0393484_50_507_1967	CP000240.1:828855-830316|CDS|CYB_0803	98.289	1461	25	0	1	1461	1	1461	0.0	2523
Ga0393484_50_507_1967	CP000239.1:310545-312012|CDS|CYA_0303	80.907	1456	273	3	1	1455	1	1452	0.0	1364
Ga0393484_50_1980_2264	CP000240.1:830328-830916|CDS|CYB_0804	100.000	285	0	0	1	285	304	588	1.02e-146	515
Ga0393484_50_1980_2264	CP000239.1:312013-312340|CDS|CYA_0305	85.837	233	33	0	1	233	43	275	1.98e-73	272
Ga0393484_50_2347_2544	CP000240.1:830328-830916|CDS|CYB_0804	100.000	198	0	0	1	198	24	221	1.16e-99	358
Ga0393484_50_2347_2544	CP000239.1:312457-312718|CDS|CYA_0306	78.947	190	40	0	1	190	34	223	4.93e-41	163
Ga0393484_50_2696_3139	CP000240.1:831034-831478|CDS|CYB_0805	99.550	444	2	0	1	444	1	444	0.0	792
Ga0393484_50_2696_3139	CP000239.1:312833-313277|CDS|CYA_0307	82.883	444	76	0	1	444	1	444	1.10e-129	459
Ga0393484_51_1372_2979	CP000240.1:1570637-1572323|CDS|CYB_1494	97.948	1608	27	1	1	1608	85	1686	0.0	2753
Ga0393484_51_1372_2979	CP000239.1:2438015-2439716|CDS|CYA_2431	86.617	1614	205	3	1	1604	85	1697	0.0	1934
Ga0393484_52_70_390	CP000240.1:268364-268817|CDS|CYB_0253	100.000	321	0	0	1	321	133	453	3.32e-166	580
Ga0393484_52_70_390	CP000239.1:1896113-1896587|CDS|CYA_1888	83.489	321	53	0	1	321	154	474	5.29e-94	341
Ga0393484_52_429_1211	CP000240.1:267543-268326|CDS|CYB_0252	99.872	783	1	0	1	783	1	783	0.0	1408
Ga0393484_52_429_1211	CP000239.1:1896633-1897416|CDS|CYA_1889	81.961	765	138	0	10	774	10	774	0.0	758
Ga0393484_52_1280_3040	CP000240.1:265342-267475|CDS|CYB_0250	97.615	1761	42	0	1	1761	373	2133	0.0	2987
Ga0393484_53_98_658	CP000240.1:2285176-2286070|CDS|CYB_2179	99.287	561	4	0	1	561	334	894	0.0	994
Ga0393484_53_700_1254	CP000240.1:2284388-2285123|CDS|CYB_2178	99.459	555	3	0	1	555	181	735	0.0	988
Ga0393484_54_30_245	CP000240.1:772179-773562|CDS|CYB_0749	98.286	175	3	0	42	216	1209	1383	8.60e-83	303
Ga0393484_54_409_1737	CP000240.1:773670-774939|CDS|CYB_0750	98.424	1269	20	0	61	1329	1	1269	0.0	2199
Ga0393484_54_409_1737	CP000239.1:2078860-2080132|CDS|CYA_2060	84.506	1265	196	0	61	1325	1	1265	0.0	1398
Ga0393484_54_1971_2108	CP000240.1:775172-775310|CDS|CYB_0751	99.275	138	1	0	1	138	1	138	1.22e-65	245
Ga0393484_55_400_714	CP000240.1:1535957-1536587|CDS|CYB_1460	100.000	315	0	0	1	315	316	630	5.89e-163	569
Ga0393484_55_400_714	CP000239.1:1495535-1496153|CDS|CYA_1488	91.746	315	26	0	1	315	304	618	1.14e-127	452
Ga0393484_55_778_1092	CP000240.1:1536652-1536967|CDS|CYB_1461	98.095	315	6	0	1	315	1	315	8.19e-155	542
Ga0393484_55_778_1092	CP000239.1:1495169-1495484|CDS|CYA_1487	90.159	315	31	0	1	315	1	315	1.30e-120	429
Ga0393484_55_2145_2813	CP000240.1:1534648-1535311|CDS|CYB_1458	98.793	663	8	0	7	669	1	663	0.0	1160
Ga0393484_55_2145_2813	CP000239.1:1496752-1497415|CDS|CYA_1490	90.649	663	62	0	7	669	1	663	0.0	917
Ga0393484_56_100_1326	CP000240.1:2872846-2874769|CDS|CYB_2779	97.302	1223	33	0	1	1223	697	1919	0.0	2058
Ga0393484_56_100_1326	CP000239.1:119961-121887|CDS|CYA_0128	89.697	1223	126	0	1	1223	697	1919	0.0	1638
Ga0393484_56_1334_1882	CP000240.1:2869974-2871279|CDS|CYB_2775	99.454	549	3	0	1	549	757	1305	0.0	977
Ga0393484_56_1334_1882	CP000239.1:117810-119115|CDS|CYA_0126	80.367	545	107	0	1	545	757	1301	4.50e-142	501
Ga0393484_57_230_1327	CP000240.1:2494155-2495304|CDS|CYB_2393	90.984	1098	99	0	1	1098	52	1149	0.0	1535
Ga0393484_57_230_1327	CP000239.1:1073889-1075026|CDS|CYA_1058	86.794	1098	145	0	1	1098	40	1137	0.0	1327
Ga0393484_57_1315_1512	CP000240.1:2495291-2495489|CDS|CYB_2394	96.970	198	6	0	1	198	1	198	1.61e-91	331
Ga0393484_57_1315_1512	CP000239.1:1073704-1073902|CDS|CYA_1057	87.879	198	24	0	1	198	1	198	4.32e-67	250
Ga0393484_57_1555_2382	CP000240.1:2495572-2496349|CDS|CYB_2395	97.169	777	22	0	52	828	1	777	0.0	1303
Ga0393484_57_1555_2382	CP000239.1:1072831-1073605|CDS|CYA_1056	88.182	770	91	0	55	824	1	770	0.0	979
Ga0393484_57_2405_2770	CP000240.1:2496371-2497004|CDS|CYB_2396	95.902	366	15	0	1	366	268	633	6.04e-170	593
Ga0393484_57_2405_2770	CP000239.1:1072186-1072819|CDS|CYA_1055	81.694	366	67	0	1	366	268	633	2.26e-99	359
Ga0393484_58_1101_1646	CP000240.1:1503975-1504527|CDS|CYB_1434	98.152	541	10	0	1	541	1	541	0.0	931
Ga0393484_58_1101_1646	CP000239.1:2474425-2474977|CDS|CYA_2464	86.691	541	72	0	1	541	1	541	0.0	652
Ga0393484_58_1101_1646	CP000239.1:1835352-1835898|CDS|CYA_1831	70.023	427	122	4	111	534	111	534	5.48e-46	181
Ga0393484_58_1101_1646	CP000240.1:423915-424461|CDS|CYB_0414	69.789	427	123	4	111	534	111	534	2.33e-44	177
Ga0393484_58_1739_2065	CP000240.1:1503573-1503852|CDS|CYB_1433	97.491	279	7	0	49	327	1	279	1.27e-133	472
Ga0393484_58_1739_2065	CP000239.1:2474012-2474291|CDS|CYA_2463	80.233	258	45	1	70	327	28	279	4.73e-63	237
Ga0393484_58_2049_2708	CP000240.1:1502939-1503590|CDS|CYB_1432	94.316	651	34	1	1	648	1	651	0.0	1006
Ga0393484_59_348_986	CP000240.1:2558713-2559358|CDS|CYB_2460	97.674	645	9	1	1	639	1	645	0.0	1097
Ga0393484_59_348_986	CP000239.1:2790650-2791283|CDS|CYA_2767	77.969	640	125	7	1	635	1	629	1.51e-142	502
Ga0393484_59_1168_1608	CP000240.1:2558092-2558593|CDS|CYB_2459	97.267	439	12	0	1	439	61	499	0.0	738
Ga0393484_59_1168_1608	CP000239.1:2790057-2790498|CDS|CYA_2766	77.324	441	100	0	1	441	1	441	1.74e-95	345
Ga0393484_59_1925_2041	CP000240.1:2557682-2557799|CDS|CYB_2458	97.436	117	3	0	1	117	1	117	1.30e-51	198
Ga0393484_59_1925_2041	CP000239.1:2789829-2789946|CDS|CYA_2765	90.265	113	11	0	1	113	1	113	1.39e-38	155
Ga0393484_60_501_1058	CP000240.1:365637-366588|CDS|CYB_0347	97.670	558	12	1	1	558	148	704	0.0	945
Ga0393484_60_501_1058	CP000239.1:500692-501478|CDS|CYA_0483	76.548	533	123	2	20	551	2	533	5.97e-109	391
Ga0393484_60_1072_1305	CP000240.1:365637-366588|CDS|CYB_0347	100.000	234	0	0	1	234	718	951	3.99e-119	423
Ga0393484_60_1072_1305	CP000239.1:500692-501478|CDS|CYA_0483	67.521	234	76	0	1	234	553	786	5.57e-16	80.6
Ga0393484_60_1327_1716	CP000240.1:366609-366999|CDS|CYB_0348	97.179	390	11	0	1	390	1	390	0.0	655
Ga0393484_60_1327_1716	CP000239.1:500299-500689|CDS|CYA_0482	86.923	390	51	0	1	390	1	390	4.36e-134	474
Ga0393484_60_1799_2656	CP000240.1:367080-367986|CDS|CYB_0349	98.834	858	10	0	1	858	49	906	0.0	1503
Ga0393484_60_1799_2656	CP000239.1:499315-500221|CDS|CYA_0481	87.995	858	103	0	1	858	49	906	0.0	1084
Ga0393484_61_178_393	CP000240.1:646124-646640|CDS|CYB_0635	88.670	203	23	0	1	203	292	494	7.55e-71	263
Ga0393484_61_178_393	CP000239.1:2775737-2776262|CDS|CYA_2754	86.111	216	30	0	1	216	310	525	1.12e-68	255
Ga0393484_61_722_1813	CP000240.1:644666-645770|CDS|CYB_0633	96.150	1091	42	0	1	1091	13	1103	0.0	1779
Ga0393484_61_722_1813	CP000239.1:2774240-2775344|CDS|CYA_2753	85.727	1093	154	2	1	1092	13	1104	0.0	1261
Ga0393484_62_49_786	CP000240.1:1039633-1040269|CDS|CYB_1000	98.428	636	10	0	103	738	1	636	0.0	1103
Ga0393484_62_49_786	CP000239.1:1094788-1095538|CDS|CYA_1076	72.940	728	185	6	1	722	1	722	2.97e-114	409
Ga0393484_62_1007_2254	CP000240.1:1040369-1041839|CDS|CYB_1001	98.878	1248	14	0	1	1248	223	1470	0.0	2188
Ga0393484_62_1007_2254	CP000239.1:1095620-1096982|CDS|CYA_1077	88.632	1170	133	0	1	1170	139	1308	0.0	1511
Ga0393484_64_96_1289	CP000240.1:1004905-1007419|CDS|CYB_0970	98.074	1194	23	0	1	1194	1321	2514	0.0	2050
Ga0393484_64_96_1289	CP000239.1:771958-774466|CDS|CYA_0765	80.605	1191	231	0	2	1192	1316	2506	0.0	1107
Ga0393484_64_1454_1978	CP000240.1:1007583-1008108|CDS|CYB_0971	97.333	525	14	0	1	525	1	525	0.0	884
Ga0393484_64_1454_1978	CP000239.1:2145308-2145833|CDS|CYA_2130	88.039	510	61	0	1	510	1	510	0.0	645
Ga0393484_65_509_1117	CP000240.1:1334082-1334691|CDS|CYB_1279	99.174	605	5	0	1	605	1	605	0.0	1069
Ga0393484_65_509_1117	CP000239.1:1632978-1633587|CDS|CYA_1631	85.289	605	89	0	1	605	1	605	0.0	691
Ga0393484_65_1181_1504	CP000240.1:1333696-1334005|CDS|CYB_1278	98.706	309	4	0	16	324	1	309	2.95e-154	540
Ga0393484_65_1181_1504	CP000239.1:1632593-1632902|CDS|CYA_1630	88.997	309	34	0	16	324	1	309	1.53e-113	405
Ga0393484_65_1957_2391	CP000240.1:1331509-1331944|CDS|CYB_1274	99.540	435	2	0	1	435	1	435	0.0	776
Ga0393484_65_1957_2391	CP000239.1:2882339-2882792|CDS|CYA_2864	80.288	416	80	2	21	435	39	453	3.53e-104	374
Ga0393484_66_318_1205	CP000240.1:2180739-2181609|CDS|CYB_2084	97.471	870	22	0	19	888	1	870	0.0	1471
Ga0393484_66_318_1205	CP000239.1:2489812-2490670|CDS|CYA_2479	84.752	846	129	0	19	864	1	846	0.0	945
Ga0393484_66_1343_2308	CP000240.1:2182577-2183543|CDS|CYB_2087	95.124	964	47	0	1	964	1	964	0.0	1527
Ga0393484_66_1343_2308	CP000239.1:2490775-2491777|CDS|CYA_2480	80.719	1001	155	4	1	964	1	1000	0.0	952
Ga0393484_67_412_1698	CP000240.1:1056239-1057526|CDS|CYB_1017	98.912	1287	14	0	1	1287	1	1287	0.0	2259
Ga0393484_67_412_1698	CP000239.1:2389807-2391094|CDS|CYA_2381	85.214	1285	190	0	1	1285	1	1285	0.0	1462
Ga0393484_67_1720_2226	CP000240.1:1057547-1058462|CDS|CYB_1018	98.028	507	10	0	1	507	409	915	0.0	870
Ga0393484_68_173_892	CP000239.1:2191993-2192713|CDS|CYA_2176	84.957	698	105	0	1	698	1	698	0.0	786
Ga0393484_68_902_1606	CP000240.1:513958-514663|CDS|CYB_0502	100.000	705	0	0	1	705	1	705	0.0	1272
Ga0393484_68_902_1606	CP000239.1:2191276-2191987|CDS|CYA_2175	82.003	689	124	0	12	700	18	706	0.0	684
Ga0393484_68_1610_2134	CP000240.1:514666-515191|CDS|CYB_0503	99.810	525	1	0	1	525	1	525	0.0	943
Ga0393484_68_1610_2134	CP000239.1:2190748-2191273|CDS|CYA_2174	88.190	525	62	0	1	525	1	525	0.0	668
Ga0393484_69_81_881	CP000240.1:2798461-2799262|CDS|CYB_2708	99.625	801	3	0	1	801	1	801	0.0	1432
Ga0393484_69_81_881	CP000239.1:1511998-1512763|CDS|CYA_1504	85.141	747	111	0	29	775	5	751	0.0	847
Ga0393484_70_159_1145	CP000240.1:2555325-2556312|CDS|CYB_2456	98.176	987	18	0	1	987	1	987	0.0	1700
Ga0393484_70_159_1145	CP000239.1:2787499-2788486|CDS|CYA_2762	87.437	987	124	0	1	987	1	987	0.0	1222
Ga0393484_70_1157_1495	CP000240.1:2554732-2555314|CDS|CYB_2455	99.410	339	2	0	1	339	244	582	3.09e-173	603
Ga0393484_70_1157_1495	CP000239.1:2786899-2787499|CDS|CYA_2761	78.209	335	71	2	6	339	267	600	2.91e-72	269
Ga0393484_71_1185_2015	CP000240.1:548801-549620|CDS|CYB_0534	97.802	819	18	0	13	831	1	819	0.0	1397
Ga0393484_71_1185_2015	CP000239.1:2150920-2151715|CDS|CYA_2137	85.622	772	111	0	60	831	24	795	0.0	893
Ga0393484_72_36_725	CP000240.1:3020432-3021335|CDS|CYB_2922	95.652	690	30	0	1	690	214	903	0.0	1110
Ga0393484_72_36_725	CP000239.1:20576-21446|CDS|CYA_0022	83.704	675	110	0	1	675	181	855	0.0	722
Ga0393484_72_712_1077	CP000240.1:3020062-3020446|CDS|CYB_2921	92.011	363	29	0	1	363	1	363	2.57e-149	525
Ga0393484_72_712_1077	CP000239.1:20218-20590|CDS|CYA_0021	79.487	351	68	2	12	360	12	360	4.36e-83	304
Ga0393484_72_1074_1580	CP000240.1:3019559-3020066|CDS|CYB_2920	96.844	507	16	0	1	507	1	507	0.0	843
Ga0393484_72_1074_1580	CP000239.1:19705-20212|CDS|CYA_0019	82.903	503	86	0	1	503	1	503	4.42e-148	520
Ga0393484_73_2_580	CP000240.1:246058-246871|CDS|CYB_0237	99.655	579	2	0	1	579	235	813	0.0	1036
Ga0393484_73_2_580	CP000239.1:483070-483883|CDS|CYA_0469	83.189	577	97	0	1	577	235	811	5.42e-173	604
Ga0393484_73_570_1403	CP000240.1:245241-246069|CDS|CYB_0236	98.681	834	5	1	1	834	1	828	0.0	1456
Ga0393484_73_570_1403	CP000239.1:482241-483081|CDS|CYA_0468	83.355	787	131	0	46	832	52	838	0.0	829
Ga0393484_73_1420_2088	CP000240.1:244558-245227|CDS|CYB_0235	99.094	662	6	0	1	662	1	662	0.0	1168
Ga0393484_73_1420_2088	CP000239.1:481553-482228|CDS|CYA_0467	84.498	658	100	2	1	657	1	657	0.0	720
Ga0393484_74_1152_1727	CP000240.1:1099405-1099978|CDS|CYB_1061	92.321	573	44	0	4	576	1	573	0.0	836
Ga0393484_74_1152_1727	CP000240.1:1100017-1100590|CDS|CYB_1062	87.197	578	62	7	4	575	1	572	0.0	689
Ga0393484_74_1152_1727	CP000239.1:135264-135906|CDS|CYA_0140	83.241	543	85	2	37	576	103	642	1.35e-161	566
Ga0393484_74_1152_1727	CP000239.1:134673-135246|CDS|CYA_0139	78.821	543	107	4	37	575	34	572	7.51e-127	451
Ga0393484_75_256_1191	CP000240.1:1355061-1357113|CDS|CYB_1295	96.581	936	32	0	1	936	1117	2052	0.0	1544
Ga0393484_75_256_1191	CP000240.1:476535-478557|CDS|CYB_0469	94.125	851	47	1	1	848	1117	1967	0.0	1308
Ga0393484_75_256_1191	CP000240.1:478586-480641|CDS|CYB_0470	93.427	852	56	0	1	852	1132	1983	0.0	1285
Ga0393484_75_256_1191	CP000240.1:1357128-1357959|CDS|CYB_1296	95.784	759	32	0	94	852	1	759	0.0	1225
Ga0393484_75_256_1191	CP000239.1:1027703-1029731|CDS|CYA_1011	77.067	907	190	7	1	895	1126	2026	0.0	683
Ga0393484_76_377_892	CP000240.1:552116-552782|CDS|CYB_0537	98.256	516	9	0	1	516	151	666	0.0	891
Ga0393484_76_377_892	CP000239.1:1541631-1542297|CDS|CYA_1530	85.259	502	74	0	15	516	165	666	8.14e-164	572
Ga0393484_76_1286_2047	CP000240.1:552871-553828|CDS|CYB_0538	96.958	756	23	0	1	756	184	939	0.0	1260
Ga0393484_76_1286_2047	CP000239.1:1542428-1543451|CDS|CYA_1531	80.820	756	106	1	1	756	271	987	0.0	741
Ga0393484_77_312_1040	CP000240.1:729395-730124|CDS|CYB_0713	96.982	729	22	0	1	729	1	729	0.0	1216
Ga0393484_77_312_1040	CP000239.1:382851-383601|CDS|CYA_0366	77.155	696	159	0	10	705	52	747	2.41e-153	539
Ga0393484_78_253_1728	CP000240.1:2275712-2277212|CDS|CYB_2173	98.645	1476	20	0	1	1476	25	1500	0.0	2572
Ga0393484_78_253_1728	CP000239.1:2693305-2694793|CDS|CYA_2678	83.906	1454	222	3	1	1454	25	1466	0.0	1565
