Ga0374807_01_998_1159	CP000239.1:851870-852020|CDS|CYA_0842	76.582	158	25	1	1	158	1	146	9.93e-30	125
Ga0374807_01_1461_1886	CP000240.1:2249078-2249666|CDS|CYB_2148	99.765	426	1	0	1	426	163	588	0.0	765
Ga0374807_01_1461_1886	CP000239.1:852140-852719|CDS|CYA_0843	82.367	414	66	2	1	413	151	558	1.13e-116	416
Ga0374807_01_1992_2870	CP000240.1:2249861-2250650|CDS|CYB_2149	98.099	789	15	0	91	879	1	789	0.0	1356
Ga0374807_01_1992_2870	CP000239.1:852907-853696|CDS|CYA_0844	87.579	789	98	0	91	879	1	789	0.0	982
Ga0374807_01_2877_4748	CP000240.1:2250656-2252528|CDS|CYB_2150	98.611	1872	26	0	1	1872	1	1872	0.0	3259
Ga0374807_01_2877_4748	CP000239.1:853702-855547|CDS|CYA_0845	82.037	1787	289	3	14	1799	20	1775	0.0	1792
Ga0374807_01_5033_5686	CP000240.1:2252544-2253183|CDS|CYB_2151	94.679	639	34	0	16	654	1	639	0.0	1000
Ga0374807_01_5033_5686	CP000239.1:855550-856219|CDS|CYA_0846	82.063	630	103	3	2	623	5	632	6.57e-179	623
Ga0374807_01_5792_6895	CP000240.1:2253303-2254407|CDS|CYB_2152	97.283	1104	30	0	1	1104	1	1104	0.0	1856
Ga0374807_01_5792_6895	CP000239.1:856358-857447|CDS|CYA_0847	79.945	1087	203	1	18	1104	18	1089	0.0	987
Ga0374807_01_6937_7926	CP000240.1:2254437-2255439|CDS|CYB_2153	98.081	990	19	0	1	990	13	1002	0.0	1700
Ga0374807_01_6937_7926	CP000239.1:857454-858429|CDS|CYA_0848	85.611	966	139	0	22	987	1	966	0.0	1116
Ga0374807_01_7935_8351	CP000240.1:2255435-2255786|CDS|CYB_2154	97.151	351	10	0	67	417	1	351	8.45e-169	589
Ga0374807_01_8490_9734	CP000240.1:1842322-1843549|CDS|CYB_1759	91.304	1242	84	1	1	1242	1	1218	0.0	1771
Ga0374807_01_8490_9734	CP000240.1:345730-346924|CDS|CYB_0329	89.478	1245	66	3	1	1245	1	1180	0.0	1700
Ga0374807_01_8490_9734	CP000240.1:1384265-1385459|CDS|CYB_1322	88.835	1245	74	3	1	1245	1	1180	0.0	1664
Ga0374807_01_8490_9734	CP000240.1:2565689-2566883|CDS|CYB_2468	88.675	1245	76	3	1	1245	1	1180	0.0	1655
Ga0374807_01_8490_9734	CP000239.1:994256-995468|CDS|CYA_0981	88.530	1238	94	2	1	1238	1	1190	0.0	1627
Ga0374807_01_8490_9734	CP000240.1:629484-630702|CDS|CYB_0620	88.288	1238	121	1	1	1238	1	1214	0.0	1597
Ga0374807_01_8490_9734	CP000240.1:605550-606744|CDS|CYB_0598	87.964	1238	101	2	1	1238	1	1190	0.0	1596
Ga0374807_01_8490_9734	CP000240.1:1267756-1268992|CDS|CYB_1227	88.297	1239	119	3	1	1238	1	1214	0.0	1591
Ga0374807_01_8490_9734	CP000240.1:2933473-2934709|CDS|CYB_2835	88.446	1229	116	3	1	1228	1	1204	0.0	1587
Ga0374807_01_8490_9734	CP000240.1:2661652-2662870|CDS|CYB_2557	87.722	1238	128	1	1	1238	1	1214	0.0	1565
Ga0374807_01_8490_9734	CP000239.1:698055-699204|CDS|CYA_0690	88.301	1171	113	1	1	1171	1	1147	0.0	1512
Ga0374807_01_8490_9734	CP000240.1:1316312-1317548|CDS|CYB_1259	85.261	1262	114	3	1	1238	1	1214	0.0	1489
Ga0374807_01_8490_9734	CP000239.1:629980-631174|CDS|CYA_0620	85.505	1228	130	2	1	1228	1	1180	0.0	1447
Ga0374807_01_8490_9734	CP000240.1:2619921-2621115|CDS|CYB_2521	85.391	1239	131	4	1	1238	1	1190	0.0	1446
Ga0374807_01_8490_9734	CP000240.1:1083184-1084426|CDS|CYB_1042	85.864	1238	175	0	1	1238	1	1238	0.0	1444
Ga0374807_01_8490_9734	CP000240.1:1015074-1016268|CDS|CYB_0979	84.739	1245	125	3	1	1245	1	1180	0.0	1434
Ga0374807_01_8490_9734	CP000239.1:893439-894633|CDS|CYA_0887	84.418	1245	129	3	1	1245	1	1180	0.0	1416
Ga0374807_01_8490_9734	CP000240.1:1244785-1246021|CDS|CYB_1201	83.677	1262	134	3	1	1238	1	1214	0.0	1399
Ga0374807_01_8490_9734	CP000240.1:241642-242836|CDS|CYB_0233	84.189	1246	130	5	1	1245	1	1180	0.0	1397
Ga0374807_01_8490_9734	CP000240.1:102811-104029|CDS|CYB_0087	83.936	1245	159	2	1	1245	1	1204	0.0	1372
Ga0374807_01_8490_9734	CP000240.1:1064975-1066169|CDS|CYB_1023	83.603	1238	155	2	1	1238	1	1190	0.0	1352
Ga0374807_01_8490_9734	CP000240.1:481588-482800|CDS|CYB_0472	83.697	1239	152	4	1	1238	1	1190	0.0	1352
Ga0374807_01_8490_9734	CP000240.1:2830275-2831565|CDS|CYB_2735	85.507	1173	170	0	1	1173	1	1173	0.0	1350
Ga0374807_01_8490_9734	CP000240.1:2796782-2798000|CDS|CYB_2707	83.845	1238	176	1	1	1238	1	1214	0.0	1349
Ga0374807_01_8490_9734	CP000240.1:1521392-1522610|CDS|CYB_1450	83.683	1238	178	1	1	1238	1	1214	0.0	1340
Ga0374807_01_8490_9734	CP000240.1:638632-639850|CDS|CYB_0630	83.683	1238	178	1	1	1238	1	1214	0.0	1340
Ga0374807_01_8490_9734	CP000240.1:3008652-3009870|CDS|CYB_2910	83.441	1238	181	1	1	1238	1	1214	0.0	1326
Ga0374807_01_8490_9734	CP000240.1:52430-53648|CDS|CYB_0041	83.468	1234	180	1	1	1234	1	1210	0.0	1324
Ga0374807_01_8490_9734	CP000240.1:1954838-1956056|CDS|CYB_1872	83.360	1238	182	1	1	1238	1	1214	0.0	1322
Ga0374807_01_8490_9734	CP000240.1:1358129-1359347|CDS|CYB_1297	82.633	1238	191	1	1	1238	1	1214	0.0	1281
Ga0374807_01_8490_9734	CP000240.1:1803089-1804283|CDS|CYB_1722	82.229	1238	172	3	1	1238	1	1190	0.0	1271
Ga0374807_01_8490_9734	CP000239.1:1594889-1596107|CDS|CYA_1585	83.376	1173	147	2	1	1173	1	1125	0.0	1271
Ga0374807_01_8490_9734	CP000240.1:2644164-2645358|CDS|CYB_2538	82.068	1238	174	3	1	1238	1	1190	0.0	1262
Ga0374807_01_8490_9734	CP000239.1:774779-775973|CDS|CYA_0767	81.906	1238	176	2	1	1238	1	1190	0.0	1258
Ga0374807_01_8490_9734	CP000240.1:2247371-2248565|CDS|CYB_2147	81.446	1245	166	4	1	1245	1	1180	0.0	1245
Ga0374807_01_8490_9734	CP000239.1:2170714-2171908|CDS|CYA_2158	81.583	1238	180	3	1	1238	1	1190	0.0	1235
Ga0374807_01_8490_9734	CP000240.1:1190675-1191869|CDS|CYB_1151	81.033	1239	185	4	1	1238	1	1190	0.0	1203
Ga0374807_01_8490_9734	CP000240.1:2553363-2554557|CDS|CYB_2454	80.775	1238	190	2	1	1238	1	1190	0.0	1195
Ga0374807_01_8490_9734	CP000240.1:2210858-2212052|CDS|CYB_2117	80.775	1238	190	2	1	1238	1	1190	0.0	1195
Ga0374807_01_8490_9734	CP000240.1:2168360-2169515|CDS|CYB_2071	81.888	1176	159	4	1	1173	1	1125	0.0	1192
Ga0374807_01_8490_9734	CP000239.1:712444-713638|CDS|CYA_0704	80.372	1238	195	2	1	1238	1	1190	0.0	1172
Ga0374807_01_8490_9734	CP000240.1:2506708-2507857|CDS|CYB_2410	80.264	1135	150	4	1	1062	1	1134	0.0	1086
Ga0374807_01_8490_9734	CP000240.1:2219258-2220470|CDS|CYB_2126	76.286	1244	235	11	1	1238	1	1190	0.0	919
Ga0374807_01_8490_9734	CP000239.1:693322-694534|CDS|CYA_0687	75.523	1242	248	7	1	1238	1	1190	0.0	889
Ga0374807_01_8490_9734	CP000240.1:2128026-2129220|CDS|CYB_2026	74.920	1248	242	8	1	1245	1	1180	0.0	868
Ga0374807_01_8490_9734	CP000240.1:1917270-1918464|CDS|CYB_1826	74.380	1249	247	12	1	1245	1	1180	0.0	822
Ga0374807_01_8490_9734	CP000240.1:1763450-1764623|CDS|CYB_1688	75.149	1175	240	9	1	1173	1	1125	0.0	810
Ga0374807_01_8490_9734	CP000239.1:88305-89487|CDS|CYA_0091	72.572	1174	240	11	1	1163	1	1103	0.0	691
Ga0374807_01_9902_10312	CP000240.1:2256064-2256475|CDS|CYB_2155	96.560	407	14	0	1	407	1	407	0.0	672
Ga0374807_01_9902_10312	CP000239.1:859233-859644|CDS|CYA_0850	84.352	409	64	0	1	409	1	409	5.26e-127	450
Ga0374807_01_10667_11281	CP000240.1:2256714-2257467|CDS|CYB_2157	97.724	615	14	0	1	615	139	753	0.0	1047
Ga0374807_01_10667_11281	CP000239.1:412217-412985|CDS|CYA_0398	84.314	612	96	0	1	612	139	750	0.0	672
Ga0374807_01_11286_14087	CP000240.1:2257471-2260273|CDS|CYB_2158	97.894	2802	59	0	1	2802	1	2802	0.0	4788
Ga0374807_01_11286_14087	CP000239.1:412990-415792|CDS|CYA_0399	82.691	2802	481	2	1	2800	1	2800	0.0	2862
Ga0374807_01_14263_14931	CP000240.1:2260448-2261117|CDS|CYB_2159	98.804	669	8	0	1	669	1	669	0.0	1171
Ga0374807_01_14977_15846	CP000240.1:2261151-2262021|CDS|CYB_2160	99.195	870	7	0	1	870	1	870	0.0	1538
Ga0374807_01_14977_15846	CP000239.1:416554-417418|CDS|CYA_0401	85.786	802	114	0	22	823	40	841	0.0	933
Ga0374807_01_16087_17025	CP000240.1:2262300-2263200|CDS|CYB_2162	95.000	900	45	0	40	939	1	900	0.0	1421
Ga0374807_01_16087_17025	CP000239.1:417442-418339|CDS|CYA_0402	79.514	864	177	0	41	904	26	889	0.0	761
Ga0374807_01_17019_18686	CP000240.1:2263193-2264918|CDS|CYB_2161	98.921	1668	18	0	1	1668	58	1725	0.0	2928
Ga0374807_01_17019_18686	CP000239.1:418342-420067|CDS|CYA_0403	88.281	1664	195	0	1	1664	58	1721	0.0	2122
Ga0374807_01_19403_19762	CP000240.1:2267645-2268005|CDS|CYB_2164	99.722	360	1	0	1	360	1	360	0.0	645
Ga0374807_01_19403_19762	CP000239.1:2685241-2685592|CDS|CYA_2668	82.778	360	53	2	1	360	1	351	1.23e-102	370
Ga0374807_01_19940_20932	CP000240.1:2268251-2269172|CDS|CYB_2165	98.371	921	15	0	73	993	1	921	0.0	1594
Ga0374807_01_19940_20932	CP000239.1:2685874-2686795|CDS|CYA_2670	88.708	921	104	0	73	993	1	921	0.0	1193
Ga0374807_01_21332_21745	CP000240.1:2269264-2269984|CDS|CYB_2166	96.860	414	13	0	1	414	307	720	0.0	689
Ga0374807_01_21332_21745	CP000239.1:2686874-2687585|CDS|CYA_2671	87.923	414	50	0	1	414	298	711	1.02e-148	522
Ga0374807_01_21844_23427	CP000240.1:2270082-2271666|CDS|CYB_2167	96.402	1584	57	0	1	1584	1	1584	0.0	2600
Ga0374807_01_21844_23427	CP000239.1:2687652-2689266|CDS|CYA_2672	83.945	1607	228	6	1	1577	1	1607	0.0	1736
Ga0374807_01_23440_24393	CP000240.1:2271678-2272701|CDS|CYB_2168	89.431	984	35	3	1	954	79	1023	0.0	1355
Ga0374807_01_23440_24393	CP000239.1:2689278-2690304|CDS|CYA_2673	82.206	961	151	4	1	954	79	1026	0.0	963
Ga0374807_01_24429_25151	CP000240.1:2272658-2273516|CDS|CYB_2169	98.202	723	13	0	1	723	136	858	0.0	1246
Ga0374807_01_24429_25151	CP000239.1:2690261-2691098|CDS|CYA_2674	88.366	722	72	1	2	723	128	837	0.0	930
Ga0374807_01_25474_26286	CP000240.1:2273703-2274516|CDS|CYB_2170	98.155	813	15	0	1	813	1	813	0.0	1399
Ga0374807_01_25474_26286	CP000239.1:2691229-2692081|CDS|CYA_2675	87.781	802	98	0	1	802	10	811	0.0	1005
Ga0374807_01_26574_27155	CP000240.1:2274846-2275374|CDS|CYB_2171	95.057	526	23	1	31	556	1	523	0.0	830
Ga0374807_01_26574_27155	CP000239.1:2692423-2693002|CDS|CYA_2676	82.617	512	81	3	31	538	1	508	6.22e-147	517
Ga0374807_01_27497_28972	CP000240.1:2275712-2277212|CDS|CYB_2173	98.171	1476	27	0	1	1476	25	1500	0.0	2541
Ga0374807_01_27497_28972	CP000239.1:2693305-2694793|CDS|CYA_2678	84.044	1454	220	3	1	1454	25	1466	0.0	1574
Ga0374807_01_29113_30366	CP000240.1:2277226-2278432|CDS|CYB_2174	92.112	1255	49	4	1	1254	1	1206	0.0	1845
Ga0374807_01_29113_30366	CP000239.1:229316-230522|CDS|CYA_0226	87.560	1254	108	2	1	1254	1	1206	0.0	1593
Ga0374807_01_29113_30366	CP000239.1:1196823-1198029|CDS|CYA_1181	87.480	1254	109	2	1	1254	1	1206	0.0	1589
Ga0374807_01_29113_30366	CP000239.1:1995329-1996559|CDS|CYA_1977	87.321	1254	111	2	1	1254	25	1230	0.0	1580
Ga0374807_01_30698_32008	CP000240.1:2278763-2280074|CDS|CYB_2175	88.253	1311	154	0	1	1311	1	1311	0.0	1671
Ga0374807_01_30698_32008	CP000239.1:126727-128053|CDS|CYA_0131	87.134	1298	167	0	1	1298	1	1298	0.0	1589
Ga0374807_01_32177_34867	CP000240.1:2280242-2282930|CDS|CYB_2176	99.144	2688	23	0	4	2691	1	2688	0.0	4745
Ga0374807_01_34864_35961	CP000240.1:2282929-2284153|CDS|CYB_2177	99.636	1098	4	0	1	1098	127	1224	0.0	1963
Ga0374807_02_547_1035	CP000240.1:32082-33315|CDS|CYB_0026	97.342	489	13	0	1	489	745	1233	0.0	824
Ga0374807_02_547_1035	CP000240.1:1256770-1257394|CDS|CYB_1210	95.910	489	20	0	1	489	136	624	0.0	792
Ga0374807_02_547_1035	CP000239.1:818225-819443|CDS|CYA_0807	95.359	474	22	0	1	474	745	1218	0.0	756
Ga0374807_02_547_1035	CP000239.1:607043-608261|CDS|CYA_0596	95.359	474	22	0	1	474	745	1218	0.0	756
Ga0374807_02_547_1035	CP000239.1:1445168-1446401|CDS|CYA_1438	93.661	489	31	0	1	489	745	1233	0.0	743
Ga0374807_02_547_1035	CP000239.1:410292-411573|CDS|CYA_0395	89.013	537	11	1	1	489	745	1281	0.0	742
Ga0374807_02_547_1035	CP000239.1:2258726-2260007|CDS|CYA_2249	88.827	537	12	1	1	489	745	1281	0.0	737
Ga0374807_02_547_1035	CP000239.1:1644791-1646072|CDS|CYA_1646	88.827	537	12	1	1	489	745	1281	0.0	737
Ga0374807_02_547_1035	CP000239.1:1478618-1479899|CDS|CYA_1471	88.827	537	12	1	1	489	745	1281	0.0	737
Ga0374807_02_547_1035	CP000239.1:362788-364069|CDS|CYA_0345	88.827	537	12	1	1	489	745	1281	0.0	737
Ga0374807_02_547_1035	CP000239.1:2699277-2700558|CDS|CYA_2685	88.641	537	13	1	1	489	745	1281	0.0	733
Ga0374807_02_547_1035	CP000239.1:2598895-2600176|CDS|CYA_2573	88.641	537	13	1	1	489	745	1281	0.0	733
Ga0374807_02_547_1035	CP000239.1:2450640-2451921|CDS|CYA_2440	88.641	537	13	1	1	489	745	1281	0.0	733
Ga0374807_02_547_1035	CP000239.1:2433345-2434626|CDS|CYA_2424	88.641	537	13	1	1	489	745	1281	0.0	733
Ga0374807_02_547_1035	CP000239.1:1949093-1950374|CDS|CYA_1938	88.641	537	13	1	1	489	745	1281	0.0	733
Ga0374807_02_547_1035	CP000239.1:1779349-1780630|CDS|CYA_1773	88.641	537	13	1	1	489	745	1281	0.0	733
Ga0374807_02_547_1035	CP000239.1:2710017-2711283|CDS|CYA_2695	97.669	429	10	0	1	429	745	1173	0.0	729
Ga0374807_02_547_1035	CP000239.1:2403315-2404596|CDS|CYA_2393	88.454	537	14	1	1	489	745	1281	0.0	728
Ga0374807_02_547_1035	CP000239.1:1897468-1898749|CDS|CYA_1890	88.454	537	14	1	1	489	745	1281	0.0	728
Ga0374807_02_547_1035	CP000239.1:731378-732659|CDS|CYA_0726	88.454	537	14	1	1	489	745	1281	0.0	728
Ga0374807_02_547_1035	CP000239.1:1385448-1386729|CDS|CYA_1375	88.268	537	15	1	1	489	745	1281	0.0	724
Ga0374807_02_547_1035	CP000239.1:2017852-2019133|CDS|CYA_2001	88.082	537	16	1	1	489	745	1281	0.0	719
Ga0374807_02_547_1035	CP000240.1:21293-22574|CDS|CYB_0018	87.709	537	18	1	1	489	745	1281	0.0	710
Ga0374807_02_1634_2227	CP000240.1:31634-32228|CDS|CYB_0025	95.960	594	24	0	1	594	1	594	0.0	964
Ga0374807_02_1634_2227	CP000239.1:2434480-2435074|CDS|CYA_2425	95.455	594	27	0	1	594	1	594	0.0	950
Ga0374807_02_1634_2227	CP000239.1:819297-819891|CDS|CYA_0808	95.286	594	28	0	1	594	1	594	0.0	946
Ga0374807_02_1634_2227	CP000239.1:2402867-2403461|CDS|CYA_2392	95.118	594	29	0	1	594	1	594	0.0	941
Ga0374807_02_1634_2227	CP000239.1:1898603-1899197|CDS|CYA_1891	95.118	594	29	0	1	594	1	594	0.0	941
Ga0374807_02_1634_2227	CP000239.1:411427-412021|CDS|CYA_0397	95.118	594	29	0	1	594	1	594	0.0	941
Ga0374807_02_1634_2227	CP000239.1:1778901-1779495|CDS|CYA_1772	94.613	594	32	0	1	594	1	594	0.0	928
Ga0374807_02_1634_2227	CP000240.1:22428-23022|CDS|CYB_0019	94.108	594	35	0	1	594	1	594	0.0	914
Ga0374807_02_1634_2227	CP000239.1:1446255-1446849|CDS|CYA_1439	94.108	594	35	0	1	594	1	594	0.0	914
Ga0374807_02_1634_2227	CP000239.1:732513-733107|CDS|CYA_0727	93.939	594	36	0	1	594	1	594	0.0	910
Ga0374807_02_1634_2227	CP000239.1:2709545-2710163|CDS|CYA_2694	91.909	618	26	1	1	594	1	618	0.0	907
Ga0374807_02_1634_2227	CP000239.1:2450192-2450786|CDS|CYA_2439	93.771	594	37	0	1	594	1	594	0.0	905
Ga0374807_02_1634_2227	CP000239.1:2259861-2260479|CDS|CYA_2250	91.424	618	29	1	1	594	1	618	0.0	893
Ga0374807_02_1634_2227	CP000239.1:2018987-2019605|CDS|CYA_2002	91.424	618	29	1	1	594	1	618	0.0	893
Ga0374807_02_1634_2227	CP000239.1:2598423-2599041|CDS|CYA_2572	91.262	618	30	1	1	594	1	618	0.0	889
Ga0374807_02_1634_2227	CP000239.1:363923-364541|CDS|CYA_0346	91.100	618	31	1	1	594	1	618	0.0	884
Ga0374807_02_1634_2227	CP000239.1:1948621-1949239|CDS|CYA_1937	90.777	618	33	1	1	594	1	618	0.0	875
Ga0374807_02_1634_2227	CP000239.1:606571-607189|CDS|CYA_0595	90.777	618	33	1	1	594	1	618	0.0	875
Ga0374807_02_1634_2227	CP000239.1:2698805-2699423|CDS|CYA_2684	90.453	618	35	1	1	594	1	618	0.0	866
Ga0374807_02_1634_2227	CP000239.1:1644319-1644937|CDS|CYA_1645	90.453	618	35	1	1	594	1	618	0.0	866
Ga0374807_02_1634_2227	CP000239.1:1479753-1480371|CDS|CYA_1472	90.291	618	36	1	1	594	1	618	0.0	862
Ga0374807_02_1634_2227	CP000239.1:1384976-1385594|CDS|CYA_1374	90.129	618	37	1	1	594	1	618	0.0	857
Ga0374807_02_2855_3148	CP000240.1:1212202-1212730|CDS|CYB_1174	99.658	292	1	0	1	292	235	526	7.12e-149	523
Ga0374807_02_3179_3922	CP000240.1:1212760-1213504|CDS|CYB_1175	99.731	744	2	0	1	744	1	744	0.0	1333
Ga0374807_02_3179_3922	CP000239.1:62513-63257|CDS|CYA_0065	85.484	744	108	0	1	744	1	744	0.0	856
Ga0374807_02_3925_4722	CP000240.1:1213521-1214304|CDS|CYB_1176	99.489	783	4	0	16	798	1	783	0.0	1395
Ga0374807_02_3925_4722	CP000239.1:61713-62496|CDS|CYA_0064	86.207	783	108	0	16	798	1	783	0.0	926
Ga0374807_02_4977_5381	CP000240.1:1214558-1215359|CDS|CYB_1177	95.161	372	16	1	1	370	1	372	2.86e-168	588
Ga0374807_02_4977_5381	CP000239.1:60602-61409|CDS|CYA_0062	80.747	348	59	2	31	370	31	378	5.19e-89	324
Ga0374807_02_5661_5813	CP000240.1:1214558-1215359|CDS|CYB_1177	98.693	153	2	0	1	153	649	801	1.21e-72	268
Ga0374807_02_5661_5813	CP000239.1:60602-61409|CDS|CYA_0062	88.158	152	18	0	2	153	656	807	2.18e-50	194
Ga0374807_02_6009_6698	CP000240.1:1215657-1216239|CDS|CYB_1178	97.079	582	17	0	109	690	1	582	0.0	974
Ga0374807_02_6009_6698	CP000239.1:59791-60373|CDS|CYA_0061	85.567	582	84	0	109	690	1	582	0.0	672
Ga0374807_02_6695_7441	CP000240.1:1216235-1216991|CDS|CYB_1179	97.487	756	10	1	1	747	1	756	0.0	1282
Ga0374807_02_6695_7441	CP000239.1:59051-59795|CDS|CYA_0060	82.400	750	123	3	1	747	1	744	0.0	753
Ga0374807_02_7575_7796	CP000240.1:1217124-1217346|CDS|CYB_1180	95.946	222	9	0	1	222	1	222	3.77e-100	361
Ga0374807_02_7575_7796	CP000239.1:58598-58820|CDS|CYA_0059	85.135	222	33	0	1	222	1	222	1.41e-67	252
Ga0374807_02_7837_8664	CP000240.1:1217386-1218214|CDS|CYB_1181	99.638	828	3	0	1	828	1	828	0.0	1480
Ga0374807_02_7837_8664	CP000239.1:57734-58562|CDS|CYA_0058	84.420	828	129	0	1	828	1	828	0.0	912
Ga0374807_02_8674_8934	CP000240.1:1218223-1218484|CDS|CYB_1182	94.297	263	11	2	1	261	1	261	1.47e-112	402
Ga0374807_02_8674_8934	CP000239.1:57449-57725|CDS|CYA_0056	79.537	259	53	0	2	260	2	260	1.92e-60	229
Ga0374807_02_8972_12469	CP000240.1:1218521-1222019|CDS|CYB_1183	98.513	3498	52	0	1	3498	1	3498	0.0	6075
Ga0374807_02_8972_12469	CP000239.1:53978-57464|CDS|CYA_0057	86.482	3499	459	4	1	3498	1	3486	0.0	4173
Ga0374807_02_12587_13654	CP000240.1:1222136-1223204|CDS|CYB_1184	99.345	1068	7	0	1	1068	1	1068	0.0	1895
Ga0374807_02_12587_13654	CP000239.1:52801-53860|CDS|CYA_0055	84.071	1017	160	2	1	1016	1	1016	0.0	1097
Ga0374807_02_13798_14295	CP000240.1:1223347-1223845|CDS|CYB_1185	95.783	498	21	0	1	498	1	498	0.0	804
Ga0374807_02_13798_14295	CP000239.1:51169-51670|CDS|CYA_0052	86.427	501	65	1	1	498	1	501	6.87e-171	596
Ga0374807_02_13798_14295	CP000239.1:50662-51715|CDS|CYA_0054	86.427	501	65	1	1	498	1008	508	6.87e-171	596
Ga0374807_02_14438_15574	CP000240.1:1223891-1225124|CDS|CYB_1186	97.713	1137	26	0	1	1137	97	1233	0.0	1934
Ga0374807_02_14438_15574	CP000239.1:49891-51004|CDS|CYA_0051	86.018	1130	125	2	1	1130	1	1097	0.0	1347
Ga0374807_02_15622_16563	CP000240.1:1225171-1226113|CDS|CYB_1187	98.514	942	14	0	1	942	1	942	0.0	1636
Ga0374807_02_15622_16563	CP000239.1:48907-49837|CDS|CYA_0050	90.764	942	75	1	1	942	1	930	0.0	1314
Ga0374807_02_16902_17459	CP000240.1:1226374-1227001|CDS|CYB_1188	99.462	558	3	0	1	558	70	627	0.0	994
Ga0374807_02_16902_17459	CP000239.1:48012-48570|CDS|CYA_0049	84.946	558	84	0	1	558	1	558	1.31e-180	628
Ga0374807_02_17681_17881	CP000240.1:1227222-1228095|CDS|CYB_1189	100.000	201	0	0	1	201	673	873	2.77e-101	363
Ga0374807_02_17681_17881	CP000239.1:46914-47829|CDS|CYA_0048	88.060	201	24	0	1	201	715	915	1.03e-68	255
Ga0374807_02_19071_19820	CP000240.1:1228691-1229426|CDS|CYB_1190	95.918	735	30	0	16	750	1	735	0.0	1191
Ga0374807_02_19071_19820	CP000239.1:45988-46711|CDS|CYA_0047	85.034	735	98	1	16	750	1	723	0.0	837
Ga0374807_02_20322_21332	CP000240.1:1229528-1230635|CDS|CYB_1191	98.121	1011	19	0	1	1011	97	1107	0.0	1738
Ga0374807_02_20322_21332	CP000239.1:44777-45890|CDS|CYA_0046	86.772	1013	130	3	1	1011	103	1113	0.0	1214
Ga0374807_02_21365_22072	CP000240.1:1230693-1231359|CDS|CYB_1192	94.444	666	37	0	43	708	1	666	0.0	1035
Ga0374807_02_21365_22072	CP000239.1:43924-44719|CDS|CYA_0045	79.871	621	111	4	1	608	1	620	3.70e-157	552
Ga0374807_02_21365_22072	CP000239.1:43127-43799|CDS|CYA_0044	68.925	679	184	12	43	706	1	667	7.17e-65	244
Ga0374807_02_22138_23457	CP000240.1:1231466-1232786|CDS|CYB_1193	98.256	1319	23	0	1	1319	1	1319	0.0	2276
Ga0374807_02_22138_23457	CP000239.1:41741-43040|CDS|CYA_0043	83.967	1316	187	1	1	1316	1	1292	0.0	1440
Ga0374807_02_23787_26012	CP000240.1:1233136-1235416|CDS|CYB_1194	96.435	2244	62	2	1	2226	37	2280	0.0	3694
Ga0374807_02_23787_26012	CP000239.1:39583-41692|CDS|CYA_0042	71.991	2235	430	37	1	2206	1	2068	0.0	1219
Ga0374807_02_26143_28659	CP000240.1:1236890-1239794|CDS|CYB_1196	96.230	2520	92	1	1	2517	385	2904	0.0	4115
Ga0374807_02_26143_28659	CP000239.1:790053-792954|CDS|CYA_0784	87.410	2510	316	0	1	2510	385	2894	0.0	3103
Ga0374807_03_196_807	CP000240.1:1538389-1538959|CDS|CYB_1463	95.439	570	26	0	43	612	1	570	0.0	911
Ga0374807_03_196_807	CP000239.1:1493270-1493840|CDS|CYA_1485	88.421	570	66	0	43	612	1	570	0.0	731
Ga0374807_03_1069_1854	CP000240.1:1536991-1538086|CDS|CYB_1462	97.964	786	16	0	1	786	310	1095	0.0	1346
Ga0374807_03_1069_1854	CP000239.1:1494060-1495182|CDS|CYA_1486	83.333	624	94	5	10	628	364	982	0.0	644
Ga0374807_03_2188_2502	CP000240.1:1536652-1536967|CDS|CYB_1461	98.413	315	5	0	1	315	1	315	6.72e-156	546
Ga0374807_03_2188_2502	CP000239.1:1495169-1495484|CDS|CYA_1487	89.524	315	33	0	1	315	1	315	6.73e-118	420
Ga0374807_03_2566_2880	CP000240.1:1535957-1536587|CDS|CYB_1460	95.873	315	13	0	1	315	316	630	4.84e-145	510
Ga0374807_03_2566_2880	CP000239.1:1495535-1496153|CDS|CYA_1488	90.476	315	30	0	1	315	304	618	3.06e-122	434
Ga0374807_03_3231_3821	CP000240.1:1535307-1535922|CDS|CYB_1459	96.690	574	19	0	1	574	1	574	0.0	950
Ga0374807_03_3231_3821	CP000239.1:1496189-1496693|CDS|CYA_1489	87.029	478	62	0	64	541	1	478	5.19e-167	583
Ga0374807_03_3818_4480	CP000240.1:1534648-1535311|CDS|CYB_1458	98.793	663	8	0	1	663	1	663	0.0	1160
Ga0374807_03_3818_4480	CP000239.1:1496752-1497415|CDS|CYA_1490	90.649	663	62	0	1	663	1	663	0.0	917
Ga0374807_03_4754_5461	CP000240.1:1533680-1534388|CDS|CYB_1457	98.870	708	8	0	1	708	1	708	0.0	1242
Ga0374807_03_4754_5461	CP000239.1:1497683-1498391|CDS|CYA_1491	90.612	703	66	0	6	708	6	708	0.0	971
Ga0374807_03_5481_5975	CP000240.1:1533166-1533661|CDS|CYB_1456	100.000	495	0	0	1	495	1	495	0.0	893
Ga0374807_03_5481_5975	CP000239.1:1498420-1498915|CDS|CYA_1492	86.709	474	63	0	22	495	22	495	2.72e-163	572
Ga0374807_03_6104_8194	CP000240.1:1530947-1533032|CDS|CYB_1455	99.281	2085	15	0	7	2091	1	2085	0.0	3693
Ga0374807_03_8310_9302	CP000240.1:1529569-1530553|CDS|CYB_1454	96.486	996	20	5	1	993	1	984	0.0	1630
Ga0374807_03_8310_9302	CP000239.1:1501065-1502028|CDS|CYA_1495	82.341	991	145	9	1	991	1	961	0.0	985
Ga0374807_03_9327_12215	CP000240.1:1526590-1529545|CDS|CYB_1453	97.415	2901	63	1	1	2889	55	2955	0.0	4901
Ga0374807_03_9327_12215	CP000239.1:1501965-1504893|CDS|CYA_1494	80.704	2871	448	17	1	2860	58	2833	0.0	2700
Ga0374807_03_12982_13518	CP000240.1:1484098-1484635|CDS|CYB_1415	99.069	537	5	0	1	537	1	537	0.0	947
Ga0374807_03_12982_13518	CP000239.1:505953-506490|CDS|CYA_0488	87.945	506	61	0	1	506	1	506	0.0	638
Ga0374807_03_13528_14463	CP000240.1:1484644-1485580|CDS|CYB_1416	99.466	936	5	0	1	936	1	936	0.0	1666
Ga0374807_03_13528_14463	CP000239.1:506499-507435|CDS|CYA_0489	87.179	936	120	0	1	936	1	936	0.0	1148
Ga0374807_03_14560_15087	CP000240.1:1485676-1486204|CDS|CYB_1417	98.106	528	10	0	1	528	1	528	0.0	908
Ga0374807_03_14560_15087	CP000239.1:1545457-1545988|CDS|CYA_1535	86.614	508	68	0	6	513	6	513	3.32e-175	610
Ga0374807_03_15223_16488	CP000240.1:1486358-1487624|CDS|CYB_1419	99.052	1266	12	0	1	1266	1	1266	0.0	2230
Ga0374807_03_15223_16488	CP000239.1:1546078-1547335|CDS|CYA_1537	85.797	1204	168	3	34	1236	29	1230	0.0	1390
Ga0374807_03_16485_16901	CP000240.1:1487620-1488043|CDS|CYB_1418	95.272	423	14	1	1	417	1	423	0.0	674
Ga0374807_03_16485_16901	CP000239.1:1547331-1547745|CDS|CYA_1536	79.097	421	77	4	1	417	1	414	3.16e-98	355
Ga0374807_03_17073_17900	CP000240.1:1488217-1489042|CDS|CYB_1420	99.636	825	3	0	4	828	1	825	0.0	1475
Ga0374807_03_17073_17900	CP000239.1:1547899-1548724|CDS|CYA_1538	86.667	825	110	0	4	828	1	825	0.0	993
Ga0374807_03_18339_19589	CP000240.1:1489480-1490731|CDS|CYB_1421	99.760	1251	3	0	1	1251	1	1251	0.0	2243
Ga0374807_03_18339_19589	CP000239.1:2471112-2472348|CDS|CYA_2460	89.332	1228	131	0	1	1228	1	1228	0.0	1625
Ga0374807_03_20551_21777	CP000240.1:1491836-1493015|CDS|CYB_1423	97.795	1134	25	0	1	1134	1	1134	0.0	1933
Ga0374807_03_21831_23366	CP000240.1:1493068-1494565|CDS|CYB_1424	98.931	1497	16	0	40	1536	1	1497	0.0	2628
Ga0374807_03_21831_23366	CP000239.1:1126033-1127491|CDS|CYA_1101	77.583	1481	268	9	46	1524	31	1449	0.0	1192
Ga0374807_03_23485_24795	CP000240.1:1494722-1496033|CDS|CYB_1425	98.169	1311	24	0	1	1311	1	1311	0.0	2257
Ga0374807_03_23485_24795	CP000239.1:1124635-1125982|CDS|CYA_1100	83.308	1294	206	5	19	1310	61	1346	0.0	1347
Ga0374807_03_25014_25829	CP000240.1:1496237-1497014|CDS|CYB_1426	93.376	785	28	2	31	815	1	761	0.0	1195
Ga0374807_03_25014_25829	CP000239.1:16200-16965|CDS|CYA_0016	82.937	715	108	6	94	801	40	747	0.0	726
Ga0374807_04_196_1272	CP000240.1:2506708-2507857|CDS|CYB_2410	88.947	1149	55	4	1	1077	1	1149	0.0	1547
Ga0374807_04_196_1272	CP000240.1:2661652-2662870|CDS|CYB_2557	87.512	1057	108	1	1	1057	1	1033	0.0	1329
Ga0374807_04_196_1272	CP000239.1:698055-699204|CDS|CYA_0690	87.299	1055	110	1	1	1055	1	1031	0.0	1316
Ga0374807_04_196_1272	CP000240.1:1842322-1843549|CDS|CYB_1759	86.402	1059	116	3	1	1057	1	1033	0.0	1273
Ga0374807_04_196_1272	CP000240.1:1316312-1317548|CDS|CYB_1259	85.122	1062	110	2	1	1062	1	1014	0.0	1238
Ga0374807_04_196_1272	CP000240.1:1267756-1268992|CDS|CYB_1227	83.614	1068	101	6	1	1043	1	1019	0.0	1177
Ga0374807_04_196_1272	CP000240.1:2619921-2621115|CDS|CYB_2521	84.387	1044	113	4	1	1043	1	995	0.0	1176
Ga0374807_04_196_1272	CP000239.1:893439-894633|CDS|CYA_0887	83.837	1058	121	4	1	1057	1	1009	0.0	1165
Ga0374807_04_196_1272	CP000240.1:629484-630702|CDS|CYB_0620	82.701	1081	115	4	1	1057	1	1033	0.0	1154
Ga0374807_04_196_1272	CP000240.1:2796782-2798000|CDS|CYB_2707	83.822	1057	147	1	1	1057	1	1033	0.0	1153
Ga0374807_04_196_1272	CP000240.1:1244785-1246021|CDS|CYB_1201	82.516	1081	117	3	1	1057	1	1033	0.0	1150
Ga0374807_04_196_1272	CP000240.1:2830275-2831565|CDS|CYB_2735	82.794	1081	138	3	1	1057	1	1057	0.0	1141
Ga0374807_04_196_1272	CP000240.1:241642-242836|CDS|CYB_0233	83.413	1043	125	2	1	1043	1	995	0.0	1136
Ga0374807_04_196_1272	CP000240.1:2933473-2934709|CDS|CYB_2835	82.911	1065	104	8	1	1038	1	1014	0.0	1135
Ga0374807_04_196_1272	CP000240.1:52430-53648|CDS|CYB_0041	83.333	1062	153	1	1	1062	1	1038	0.0	1135
Ga0374807_04_196_1272	CP000240.1:1954838-1956056|CDS|CYB_1872	83.160	1057	154	1	1	1057	1	1033	0.0	1122
Ga0374807_04_196_1272	CP000240.1:1083184-1084426|CDS|CYB_1042	82.239	1081	144	3	1	1057	1	1057	0.0	1114
Ga0374807_04_196_1272	CP000239.1:774779-775973|CDS|CYA_0767	82.687	1057	135	4	1	1057	1	1009	0.0	1107
Ga0374807_04_196_1272	CP000240.1:481588-482800|CDS|CYB_0472	82.854	1044	129	4	1	1043	1	995	0.0	1104
Ga0374807_04_196_1272	CP000240.1:1384265-1385459|CDS|CYB_1322	82.314	1063	138	5	1	1062	1	1014	0.0	1093
Ga0374807_04_196_1272	CP000239.1:629980-631174|CDS|CYA_0620	82.025	1057	142	2	1	1057	1	1009	0.0	1085
Ga0374807_04_196_1272	CP000239.1:994256-995468|CDS|CYA_0981	81.835	1057	144	2	1	1057	1	1009	0.0	1076
Ga0374807_04_196_1272	CP000240.1:605550-606744|CDS|CYB_0598	81.750	1063	144	5	1	1062	1	1014	0.0	1066
Ga0374807_04_196_1272	CP000240.1:2168360-2169515|CDS|CYB_2071	81.552	1057	147	2	1	1057	1	1009	0.0	1062
Ga0374807_04_196_1272	CP000240.1:1803089-1804283|CDS|CYB_1722	81.552	1057	147	2	1	1057	1	1009	0.0	1062
Ga0374807_04_196_1272	CP000239.1:2170714-2171908|CDS|CYA_2158	81.552	1057	147	2	1	1057	1	1009	0.0	1062
Ga0374807_04_196_1272	CP000240.1:345730-346924|CDS|CYB_0329	81.356	1062	150	2	1	1062	1	1014	0.0	1058
Ga0374807_04_196_1272	CP000240.1:2565689-2566883|CDS|CYB_2468	81.373	1063	148	4	1	1062	1	1014	0.0	1052
Ga0374807_04_196_1272	CP000240.1:638632-639850|CDS|CYB_0630	80.387	1086	141	4	1	1062	1	1038	0.0	1046
Ga0374807_04_196_1272	CP000240.1:2644164-2645358|CDS|CYB_2538	81.173	1057	151	2	1	1057	1	1009	0.0	1044
Ga0374807_04_196_1272	CP000240.1:1521392-1522610|CDS|CYB_1450	80.204	1081	142	4	1	1057	1	1033	0.0	1032
Ga0374807_04_196_1272	CP000239.1:1594889-1596107|CDS|CYA_1585	80.889	1057	154	2	1	1057	1	1009	0.0	1031
Ga0374807_04_196_1272	CP000240.1:2247371-2248565|CDS|CYB_2147	80.416	1057	159	2	1	1057	1	1009	0.0	1008
Ga0374807_04_196_1272	CP000240.1:1358129-1359347|CDS|CYB_1297	79.093	1081	154	4	1	1057	1	1033	0.0	978
Ga0374807_04_196_1272	CP000240.1:1190675-1191869|CDS|CYB_1151	80.058	1043	160	2	1	1043	1	995	0.0	978
Ga0374807_04_196_1272	CP000240.1:1015074-1016268|CDS|CYB_0979	79.565	1057	168	2	1	1057	1	1009	0.0	967
Ga0374807_04_196_1272	CP000240.1:2553363-2554557|CDS|CYB_2454	79.470	1057	169	2	1	1057	1	1009	0.0	963
Ga0374807_04_196_1272	CP000240.1:1064975-1066169|CDS|CYB_1023	79.376	1057	170	4	1	1057	1	1009	0.0	949
Ga0374807_04_196_1272	CP000240.1:2210858-2212052|CDS|CYB_2117	78.908	1062	176	3	1	1062	1	1014	0.0	936
Ga0374807_04_196_1272	CP000240.1:3008652-3009870|CDS|CYB_2910	78.168	1081	164	4	1	1057	1	1033	0.0	933
Ga0374807_04_196_1272	CP000239.1:712444-713638|CDS|CYA_0704	78.146	1057	183	2	1	1057	1	1009	0.0	900
Ga0374807_04_196_1272	CP000240.1:102811-104029|CDS|CYB_0087	76.703	1086	181	4	1	1062	1	1038	0.0	866
Ga0374807_04_196_1272	CP000239.1:88305-89487|CDS|CYA_0091	75.731	1026	199	4	1	1025	1	977	0.0	755
Ga0374807_04_196_1272	CP000240.1:2128026-2129220|CDS|CYB_2026	74.154	1064	223	6	1	1062	1	1014	0.0	700
Ga0374807_04_196_1272	CP000240.1:2219258-2220470|CDS|CYB_2126	73.189	1063	235	4	1	1062	1	1014	0.0	660
Ga0374807_04_196_1272	CP000240.1:1917270-1918464|CDS|CYB_1826	73.001	1063	237	8	1	1062	1	1014	0.0	633
Ga0374807_04_196_1272	CP000239.1:693322-694534|CDS|CYA_0687	72.248	1063	245	4	1	1062	1	1014	5.68e-176	615
Ga0374807_04_196_1272	CP000240.1:1763450-1764623|CDS|CYB_1688	72.719	1063	240	10	1	1062	1	1014	6.91e-175	610
Ga0374807_04_1626_3572	CP000240.1:2082995-2084942|CDS|CYB_1983	99.384	1947	12	0	1	1947	1	1947	0.0	3458
Ga0374807_04_1626_3572	CP000239.1:1705550-1707500|CDS|CYA_1701	88.672	1898	215	0	1	1898	1	1898	0.0	2454
Ga0374807_04_3586_4356	CP000240.1:2084955-2086035|CDS|CYB_1984	98.573	771	11	0	1	771	310	1080	0.0	1342
Ga0374807_04_3586_4356	CP000239.1:1704609-1705548|CDS|CYA_1700	86.071	761	106	0	1	761	166	926	0.0	895
Ga0374807_04_4594_6147	CP000240.1:2086060-2087614|CDS|CYB_1985	98.456	1554	24	0	1	1554	1	1554	0.0	2695
Ga0374807_04_4594_6147	CP000239.1:1702906-1704457|CDS|CYA_1699	87.178	1552	196	1	1	1552	1	1549	0.0	1901
Ga0374807_04_6192_7190	CP000240.1:2087651-2088650|CDS|CYB_1986	98.298	999	17	0	1	999	1	999	0.0	1726
Ga0374807_04_6192_7190	CP000239.1:1701866-1702865|CDS|CYA_1698	87.988	999	120	0	1	999	1	999	0.0	1261
Ga0374807_04_7539_9239	CP000240.1:2089023-2090721|CDS|CYB_1987	97.527	1698	42	0	4	1701	1	1698	0.0	2874
Ga0374807_04_7539_9239	CP000239.1:1699912-1701610|CDS|CYA_1697	88.516	1698	195	0	4	1701	1	1698	0.0	2184
Ga0374807_04_9354_11354	CP000240.1:2090887-2092936|CDS|CYB_1988	97.851	2001	43	0	1	2001	49	2049	0.0	3415
Ga0374807_04_9354_11354	CP000239.1:1697728-1699789|CDS|CYA_1696	90.061	1982	197	0	2	1983	50	2031	0.0	2687
Ga0374807_04_11708_13156	CP000240.1:2093237-2094686|CDS|CYB_1989	97.087	1442	42	0	1	1442	1	1442	0.0	2412
Ga0374807_04_11708_13156	CP000239.1:1696036-1697485|CDS|CYA_1695	78.658	1401	289	7	52	1447	52	1447	0.0	1157
Ga0374807_04_13338_14471	CP000240.1:2094867-2096001|CDS|CYB_1990	96.914	1134	35	0	1	1134	1	1134	0.0	1888
Ga0374807_04_14581_16305	CP000240.1:2096112-2097837|CDS|CYB_1991	97.565	1725	42	0	1	1725	1	1725	0.0	2922
Ga0374807_04_14581_16305	CP000239.1:1694020-1695745|CDS|CYA_1694	84.580	1725	266	0	1	1725	1	1725	0.0	1912
Ga0374807_04_16460_17194	CP000240.1:2098002-2098731|CDS|CYB_1992	95.748	729	31	0	7	735	1	729	0.0	1176
Ga0374807_04_17492_18244	CP000240.1:2098811-2099780|CDS|CYB_1993	93.519	756	43	2	1	753	217	969	0.0	1140
Ga0374807_04_17492_18244	CP000239.1:1690554-1691523|CDS|CYA_1691	84.873	747	113	0	1	747	217	963	0.0	838
Ga0374807_04_18347_19078	CP000240.1:2099887-2100607|CDS|CYB_1994	97.083	720	21	0	13	732	1	720	0.0	1205
Ga0374807_04_18347_19078	CP000239.1:1689738-1690470|CDS|CYA_1690	85.519	732	106	0	1	732	1	732	0.0	843
Ga0374807_04_19086_20273	CP000240.1:2100626-2102354|CDS|CYB_1995	99.832	1188	2	0	1	1188	541	1728	0.0	2134
Ga0374807_04_19086_20273	CP000239.1:1688039-1689731|CDS|CYA_1689	76.774	1184	237	9	1	1174	535	1690	0.0	890
Ga0374807_05_27_2303	CP000240.1:518502-523083|CDS|CYB_0507	95.608	2277	100	0	1	2277	2305	4581	0.0	3656
Ga0374807_05_27_2303	CP000239.1:2852263-2856835|CDS|CYA_2836	82.863	2270	380	3	1	2270	2305	4565	0.0	2335
Ga0374807_05_2562_2705	CP000240.1:518073-518244|CDS|CYB_0506	99.306	144	1	0	1	144	28	171	7.09e-69	256
Ga0374807_05_2562_2705	CP000239.1:2851883-2852084|CDS|CYA_2833	93.750	144	9	0	1	144	177	34	5.10e-58	220
Ga0374807_05_2562_2705	CP000239.1:2851880-2852051|CDS|CYA_2834	93.750	144	9	0	1	144	28	171	5.10e-58	220
Ga0374807_05_2795_3907	CP000240.1:516913-518011|CDS|CYB_0505	99.636	1098	4	0	16	1113	1	1098	0.0	1963
Ga0374807_05_2795_3907	CP000239.1:2850742-2851807|CDS|CYA_2832	82.254	1065	189	0	49	1113	1	1065	0.0	1069
Ga0374807_05_4216_5820_DR1	CP000239.1:1860048-1860273|CDS|CYA_1856	97.222	36	1	0	1	36	52	87	3.97e-11	61.7
Ga0374807_05_4216_5820_DR2	CP000239.1:1860048-1860273|CDS|CYA_1856	97.222	36	1	0	1	36	52	87	3.97e-11	61.7
Ga0374807_05_4216_5820_DR3	CP000239.1:1860048-1860273|CDS|CYA_1856	97.222	36	1	0	1	36	52	87	3.97e-11	61.7
Ga0374807_05_4216_5820_DR5	CP000239.1:1860048-1860273|CDS|CYA_1856	97.222	36	1	0	1	36	52	87	3.97e-11	61.7
Ga0374807_05_4216_5820_DR6	CP000239.1:1860048-1860273|CDS|CYA_1856	97.222	36	1	0	1	36	52	87	3.97e-11	61.7
Ga0374807_05_4216_5820_DR7	CP000239.1:1860048-1860273|CDS|CYA_1856	97.222	36	1	0	1	36	52	87	3.97e-11	61.7
Ga0374807_05_4216_5820_DR8	CP000239.1:1860048-1860273|CDS|CYA_1856	97.222	36	1	0	1	36	52	87	3.97e-11	61.7
Ga0374807_05_4216_5820_DR9	CP000239.1:1860048-1860273|CDS|CYA_1856	97.222	36	1	0	1	36	52	87	3.97e-11	61.7
Ga0374807_05_4216_5820_DR10	CP000239.1:1860048-1860273|CDS|CYA_1856	97.222	36	1	0	1	36	52	87	3.97e-11	61.7
Ga0374807_05_4216_5820_DR11	CP000239.1:1860048-1860273|CDS|CYA_1856	97.222	36	1	0	1	36	52	87	3.97e-11	61.7
Ga0374807_05_4216_5820_DR13	CP000239.1:1860048-1860273|CDS|CYA_1856	97.222	36	1	0	1	36	52	87	3.97e-11	61.7
Ga0374807_05_4216_5820_DR14	CP000239.1:1860048-1860273|CDS|CYA_1856	97.222	36	1	0	1	36	52	87	3.97e-11	61.7
Ga0374807_05_4216_5820_DR15	CP000239.1:1860048-1860273|CDS|CYA_1856	97.222	36	1	0	1	36	52	87	3.97e-11	61.7
Ga0374807_05_4216_5820_DR16	CP000239.1:1860048-1860273|CDS|CYA_1856	97.222	36	1	0	1	36	52	87	3.97e-11	61.7
Ga0374807_05_4216_5820_DR17	CP000239.1:1860048-1860273|CDS|CYA_1856	97.222	36	1	0	1	36	52	87	3.97e-11	61.7
Ga0374807_05_4216_5820_DR18	CP000239.1:1860048-1860273|CDS|CYA_1856	97.222	36	1	0	1	36	52	87	3.97e-11	61.7
Ga0374807_05_4216_5820_DR19	CP000239.1:1860048-1860273|CDS|CYA_1856	97.222	36	1	0	1	36	52	87	3.97e-11	61.7
Ga0374807_05_4216_5820_DR20	CP000239.1:1860048-1860273|CDS|CYA_1856	97.222	36	1	0	1	36	52	87	3.97e-11	61.7
Ga0374807_05_4216_5820_DR21	CP000239.1:1860048-1860273|CDS|CYA_1856	97.222	36	1	0	1	36	52	87	3.97e-11	61.7
Ga0374807_05_4216_5820_DR22	CP000239.1:1860048-1860273|CDS|CYA_1856	97.222	36	1	0	1	36	52	87	3.97e-11	61.7
Ga0374807_05_5900_6424	CP000240.1:514666-515191|CDS|CYB_0503	99.810	525	1	0	1	525	1	525	0.0	943
Ga0374807_05_5900_6424	CP000239.1:2190748-2191273|CDS|CYA_2174	88.190	525	62	0	1	525	1	525	0.0	668
Ga0374807_05_6428_7132	CP000240.1:513958-514663|CDS|CYB_0502	100.000	705	0	0	1	705	1	705	0.0	1272
Ga0374807_05_6428_7132	CP000239.1:2191276-2191987|CDS|CYA_2175	82.003	689	124	0	12	700	18	706	0.0	684
Ga0374807_05_7142_7612	CP000239.1:2191993-2192713|CDS|CYA_2176	82.143	448	80	0	2	449	251	698	2.12e-126	448
Ga0374807_05_7650_7862	CP000239.1:2191993-2192713|CDS|CYA_2176	90.909	209	19	0	1	209	1	209	1.53e-79	292
Ga0374807_05_7983_8414	CP000240.1:260888-262250|CDS|CYB_0247	99.537	432	2	0	1	432	931	1362	0.0	771
Ga0374807_05_7983_8414	CP000240.1:369858-371220|CDS|CYB_0353	99.306	432	3	0	1	432	931	1362	0.0	766
Ga0374807_05_7983_8414	CP000240.1:3023196-3024534|CDS|CYB_2925	94.444	432	0	1	1	432	931	1338	0.0	689
Ga0374807_05_8706_10100	CP000240.1:511014-512409|CDS|CYB_0500	99.211	1395	11	0	1	1395	1	1395	0.0	2467
Ga0374807_05_8706_10100	CP000239.1:23328-24723|CDS|CYA_0025	84.753	1397	209	2	1	1395	1	1395	0.0	1554
Ga0374807_05_10252_11439	CP000240.1:509675-510863|CDS|CYB_0498	99.327	1188	8	0	1	1188	1	1188	0.0	2107
Ga0374807_05_10252_11439	CP000239.1:1918913-1920101|CDS|CYA_1909	86.957	1173	153	0	1	1173	1	1173	0.0	1426
Ga0374807_05_11670_12728	CP000240.1:508357-509446|CDS|CYB_0497	99.150	1059	9	0	1	1059	31	1089	0.0	1870
Ga0374807_05_11670_12728	CP000239.1:1917678-1918737|CDS|CYA_1908	89.330	1059	113	0	1	1059	1	1059	0.0	1401
Ga0374807_05_12768_13499	CP000240.1:507619-508351|CDS|CYB_0496	99.044	732	7	0	1	732	1	732	0.0	1289
Ga0374807_05_12768_13499	CP000239.1:1916901-1917633|CDS|CYA_1907	89.617	732	76	0	1	732	1	732	0.0	978
Ga0374807_05_13498_13644	CP000240.1:507474-507621|CDS|CYB_0495	100.000	147	0	0	1	147	1	147	4.02e-72	266
Ga0374807_05_13653_14306	CP000240.1:506812-507466|CDS|CYB_0494	100.000	654	0	0	1	654	1	654	0.0	1180
Ga0374807_05_13653_14306	CP000239.1:1916124-1916772|CDS|CYA_1906	87.883	652	73	2	1	652	1	646	0.0	817
Ga0374807_05_14402_14752	CP000240.1:506210-506717|CDS|CYB_0493	99.715	351	1	0	1	351	157	507	0.0	629
Ga0374807_05_14402_14752	CP000239.1:1915476-1916058|CDS|CYA_1905	82.558	344	60	0	1	344	232	575	3.20e-97	351
Ga0374807_06_334_1338	CP000240.1:1506068-1507049|CDS|CYB_1435	96.636	981	33	0	25	1005	1	981	0.0	1621
Ga0374807_06_334_1338	CP000239.1:2476486-2477509|CDS|CYA_2466	86.066	933	130	0	37	969	31	963	0.0	1097
Ga0374807_06_1391_2350	CP000240.1:1507120-1508080|CDS|CYB_1437	97.292	960	26	0	1	960	1	960	0.0	1615
Ga0374807_06_1391_2350	CP000239.1:2477558-2478521|CDS|CYA_2467	88.634	959	106	1	1	956	1	959	0.0	1237
Ga0374807_06_2624_3109	CP000240.1:1508398-1508884|CDS|CYB_1438	98.969	485	5	0	1	485	1	485	0.0	853
Ga0374807_06_2624_3109	CP000239.1:2242109-2242595|CDS|CYA_2227	89.691	485	50	0	1	485	1	485	0.0	650
Ga0374807_06_3173_3658	CP000240.1:1508947-1509433|CDS|CYB_1439	99.383	486	3	0	1	486	1	486	0.0	864
Ga0374807_06_3173_3658	CP000239.1:2241563-2242049|CDS|CYA_2226	90.535	486	46	0	1	486	1	486	0.0	670
Ga0374807_06_3778_4029	CP000240.1:1509599-1509803|CDS|CYB_1440	100.000	204	0	0	49	252	1	204	8.37e-103	369
Ga0374807_06_3778_4029	CP000239.1:2241219-2241423|CDS|CYA_2225	93.137	204	14	0	49	252	1	204	8.38e-84	306
Ga0374807_06_4163_5191	CP000240.1:1509936-1510965|CDS|CYB_1441	97.862	1029	22	0	1	1029	1	1029	0.0	1757
Ga0374807_06_4163_5191	CP000239.1:2240055-2241087|CDS|CYA_2224	85.337	1023	147	1	1	1020	1	1023	0.0	1168
Ga0374807_06_5322_6962	CP000240.1:1511095-1512736|CDS|CYB_1442	97.441	1641	42	0	1	1641	1	1641	0.0	2771
Ga0374807_06_5322_6962	CP000239.1:2238390-2240031|CDS|CYA_2223	88.848	1641	183	0	1	1641	1	1641	0.0	2135
Ga0374807_06_7022_7918	CP000240.1:1512795-1513710|CDS|CYB_1443	95.318	897	21	2	1	897	40	915	0.0	1439
Ga0374807_06_8008_9219	CP000239.1:2170714-2171908|CDS|CYA_2158	95.226	1194	57	0	19	1212	1	1194	0.0	1897
Ga0374807_06_8008_9219	CP000240.1:1803089-1804283|CDS|CYB_1722	94.389	1194	67	0	19	1212	1	1194	0.0	1852
Ga0374807_06_8008_9219	CP000240.1:2796782-2798000|CDS|CYB_2707	93.350	1218	57	1	19	1212	1	1218	0.0	1849
Ga0374807_06_8008_9219	CP000240.1:1954838-1956056|CDS|CYB_1872	93.268	1218	58	1	19	1212	1	1218	0.0	1845
Ga0374807_06_8008_9219	CP000240.1:2168360-2169515|CDS|CYB_2071	95.668	1131	49	0	19	1149	1	1131	0.0	1819
Ga0374807_06_8008_9219	CP000240.1:1083184-1084426|CDS|CYB_1042	91.787	1242	54	2	19	1212	1	1242	0.0	1815
Ga0374807_06_8008_9219	CP000240.1:2644164-2645358|CDS|CYB_2538	93.300	1194	80	0	19	1212	1	1194	0.0	1793
Ga0374807_06_8008_9219	CP000239.1:774779-775973|CDS|CYA_0767	93.300	1194	80	0	19	1212	1	1194	0.0	1793
Ga0374807_06_8008_9219	CP000239.1:712444-713638|CDS|CYA_0704	93.216	1194	81	0	19	1212	1	1194	0.0	1789
Ga0374807_06_8008_9219	CP000240.1:1190675-1191869|CDS|CYB_1151	92.050	1195	93	2	19	1212	1	1194	0.0	1720
Ga0374807_06_8008_9219	CP000240.1:52430-53648|CDS|CYB_0041	90.640	1218	90	1	19	1212	1	1218	0.0	1700
Ga0374807_06_8008_9219	CP000240.1:2210858-2212052|CDS|CYB_2117	91.541	1194	101	0	19	1212	1	1194	0.0	1699
Ga0374807_06_8008_9219	CP000240.1:638632-639850|CDS|CYB_0630	90.394	1218	93	1	19	1212	1	1218	0.0	1687
Ga0374807_06_8008_9219	CP000240.1:3008652-3009870|CDS|CYB_2910	90.312	1218	94	1	19	1212	1	1218	0.0	1682
Ga0374807_06_8008_9219	CP000240.1:2553363-2554557|CDS|CYB_2454	91.206	1194	105	0	19	1212	1	1194	0.0	1681
Ga0374807_06_8008_9219	CP000239.1:629980-631174|CDS|CYA_0620	91.206	1194	105	0	19	1212	1	1194	0.0	1681
Ga0374807_06_8008_9219	CP000240.1:2830275-2831565|CDS|CYB_2735	88.871	1240	73	3	19	1210	1	1223	0.0	1660
Ga0374807_06_8008_9219	CP000240.1:1358129-1359347|CDS|CYB_1297	89.491	1218	104	1	19	1212	1	1218	0.0	1637
Ga0374807_06_8008_9219	CP000240.1:1521392-1522610|CDS|CYB_1450	89.409	1218	105	1	19	1212	1	1218	0.0	1633
Ga0374807_06_8008_9219	CP000240.1:1064975-1066169|CDS|CYB_1023	89.196	1194	129	0	19	1212	1	1194	0.0	1572
Ga0374807_06_8008_9219	CP000240.1:481588-482800|CDS|CYB_0472	89.019	1193	129	2	19	1210	1	1192	0.0	1554
Ga0374807_06_8008_9219	CP000240.1:1316312-1317548|CDS|CYB_1259	87.664	1216	126	1	19	1210	1	1216	0.0	1535
Ga0374807_06_8008_9219	CP000240.1:2619921-2621115|CDS|CYB_2521	88.285	1195	138	2	19	1212	1	1194	0.0	1517
Ga0374807_06_8008_9219	CP000240.1:2247371-2248565|CDS|CYB_2147	89.744	1131	116	0	19	1149	1	1131	0.0	1517
Ga0374807_06_8008_9219	CP000239.1:1594889-1596107|CDS|CYA_1585	88.594	1131	129	0	19	1149	1	1131	0.0	1459
Ga0374807_06_8008_9219	CP000240.1:1244785-1246021|CDS|CYB_1201	86.184	1216	144	1	19	1210	1	1216	0.0	1453
Ga0374807_06_8008_9219	CP000240.1:2661652-2662870|CDS|CYB_2557	86.125	1218	145	1	19	1212	1	1218	0.0	1452
Ga0374807_06_8008_9219	CP000240.1:1267756-1268992|CDS|CYB_1227	86.113	1217	143	3	19	1210	1	1216	0.0	1443
Ga0374807_06_8008_9219	CP000240.1:629484-630702|CDS|CYB_0620	85.913	1221	142	3	19	1212	1	1218	0.0	1441
Ga0374807_06_8008_9219	CP000240.1:2933473-2934709|CDS|CYB_2835	85.037	1223	145	7	19	1210	1	1216	0.0	1384
Ga0374807_06_8008_9219	CP000240.1:102811-104029|CDS|CYB_0087	86.234	1155	135	1	19	1149	1	1155	0.0	1384
Ga0374807_06_8008_9219	CP000240.1:241642-242836|CDS|CYB_0233	87.102	1132	144	2	19	1149	1	1131	0.0	1377
Ga0374807_06_8008_9219	CP000240.1:605550-606744|CDS|CYB_0598	85.427	1194	174	0	19	1212	1	1194	0.0	1370
Ga0374807_06_8008_9219	CP000239.1:994256-995468|CDS|CYA_0981	84.983	1192	179	0	19	1210	1	1192	0.0	1343
Ga0374807_06_8008_9219	CP000239.1:893439-894633|CDS|CYA_0887	86.210	1124	149	2	19	1139	1	1121	0.0	1325
Ga0374807_06_8008_9219	CP000239.1:698055-699204|CDS|CYA_0690	84.991	1146	148	1	19	1140	1	1146	0.0	1309
Ga0374807_06_8008_9219	CP000240.1:1015074-1016268|CDS|CYB_0979	85.362	1134	160	2	19	1149	1	1131	0.0	1294
Ga0374807_06_8008_9219	CP000240.1:1384265-1385459|CDS|CYB_1322	85.146	1131	168	0	19	1149	1	1131	0.0	1283
Ga0374807_06_8008_9219	CP000240.1:1842322-1843549|CDS|CYB_1759	83.264	1207	172	3	19	1198	1	1204	0.0	1280
Ga0374807_06_8008_9219	CP000239.1:693322-694534|CDS|CYA_0687	82.957	1197	194	5	19	1210	1	1192	0.0	1226
Ga0374807_06_8008_9219	CP000240.1:345730-346924|CDS|CYB_0329	83.862	1134	177	2	19	1149	1	1131	0.0	1217
Ga0374807_06_8008_9219	CP000240.1:2219258-2220470|CDS|CYB_2126	82.373	1197	201	5	19	1210	1	1192	0.0	1195
Ga0374807_06_8008_9219	CP000240.1:2128026-2129220|CDS|CYB_2026	83.641	1137	174	7	19	1149	1	1131	0.0	1192
Ga0374807_06_8008_9219	CP000240.1:2565689-2566883|CDS|CYB_2468	83.201	1131	190	0	19	1149	1	1131	0.0	1184
Ga0374807_06_8008_9219	CP000240.1:1763450-1764623|CDS|CYB_1688	82.674	1137	185	7	19	1149	1	1131	0.0	1142
Ga0374807_06_8008_9219	CP000240.1:1917270-1918464|CDS|CYB_1826	81.618	1137	197	7	19	1149	1	1131	0.0	1088
Ga0374807_06_8008_9219	CP000240.1:2506708-2507857|CDS|CYB_2410	76.828	1135	141	6	19	1032	1	1134	0.0	945
Ga0374807_06_8008_9219	CP000239.1:88305-89487|CDS|CYA_0091	75.000	1116	255	3	24	1133	6	1103	0.0	764
Ga0374807_06_9418_9786	CP000240.1:1513961-1514243|CDS|CYB_1444	95.035	282	14	0	88	369	1	282	5.72e-126	446
Ga0374807_06_10143_11984	CP000240.1:1514302-1516441|CDS|CYB_1445	97.286	1842	50	0	1	1842	298	2139	0.0	3097
Ga0374807_06_10143_11984	CP000239.1:2233249-2235388|CDS|CYA_2218	89.197	1842	199	0	1	1842	298	2139	0.0	2425
Ga0374807_06_12316_13410	CP000240.1:1516616-1518803|CDS|CYB_1446	96.801	1094	32	1	1	1091	157	1250	0.0	1814
Ga0374807_06_12316_13410	CP000239.1:2231059-2233144|CDS|CYA_2217	86.067	890	116	3	193	1081	280	1162	0.0	1040
Ga0374807_06_13929_14696	CP000240.1:1516616-1518803|CDS|CYB_1446	98.958	768	8	0	1	768	1420	2187	0.0	1350
Ga0374807_06_13929_14696	CP000239.1:2231059-2233144|CDS|CYA_2217	84.465	766	119	0	1	766	1318	2083	0.0	846
Ga0374807_07_1039_2865	CP000240.1:536867-538766|CDS|CYB_0522	99.288	1827	13	0	1	1827	73	1899	0.0	3237
Ga0374807_07_1039_2865	CP000239.1:2158112-2160044|CDS|CYA_2146	81.167	1800	295	7	1	1790	139	1904	0.0	1727
Ga0374807_07_3112_3576	CP000240.1:538940-539405|CDS|CYB_0523	99.355	465	3	0	1	465	1	465	0.0	826
Ga0374807_07_3112_3576	CP000239.1:2157521-2157986|CDS|CYA_2145	87.716	464	57	0	1	464	1	464	4.91e-166	581
Ga0374807_07_3592_4164	CP000240.1:539420-539978|CDS|CYB_0524	98.566	558	8	0	16	573	1	558	0.0	971
Ga0374807_07_3592_4164	CP000239.1:2156948-2157506|CDS|CYA_2144	93.648	551	35	0	16	566	1	551	0.0	837
Ga0374807_07_4397_4720	CP000240.1:540237-540549|CDS|CYB_0525	98.077	312	6	0	13	324	1	312	3.59e-153	536
Ga0374807_07_4783_6147	CP000240.1:540590-541976|CDS|CYB_0526	98.681	1365	18	0	1	1365	22	1386	0.0	2381
Ga0374807_07_4783_6147	CP000239.1:2154963-2156349|CDS|CYA_2142	89.462	1357	143	0	1	1357	22	1378	0.0	1803
Ga0374807_07_6188_6928	CP000240.1:542016-542757|CDS|CYB_0527	99.190	741	6	0	1	741	1	741	0.0	1310
Ga0374807_07_7005_8396	CP000240.1:542836-544225|CDS|CYB_0528	97.768	1389	31	0	4	1392	1	1389	0.0	2366
Ga0374807_07_7005_8396	CP000239.1:2153497-2154880|CDS|CYA_2141	87.648	1352	167	0	4	1355	1	1352	0.0	1686
Ga0374807_07_9074_9535	CP000240.1:546439-546901|CDS|CYB_0532	95.455	462	21	0	1	462	1	462	0.0	739
Ga0374807_07_9074_9535	CP000239.1:2153019-2153475|CDS|CYA_2140	83.736	455	68	2	1	455	1	449	2.89e-137	484
Ga0374807_07_9720_10883	CP000240.1:547074-547995|CDS|CYB_0533	95.983	921	37	0	244	1164	1	921	0.0	1495
Ga0374807_07_9720_10883	CP000239.1:2151942-2152863|CDS|CYA_2138	88.708	921	104	0	244	1164	1	921	0.0	1193
Ga0374807_07_11702_12532	CP000240.1:548801-549620|CDS|CYB_0534	98.291	819	14	0	13	831	1	819	0.0	1415
Ga0374807_07_11702_12532	CP000239.1:2150920-2151715|CDS|CYA_2137	84.974	772	116	0	60	831	24	795	0.0	870
Ga0374807_07_12536_13126	CP000240.1:549635-551156|CDS|CYB_0535	98.646	591	8	0	1	591	931	1521	0.0	1031
Ga0374807_07_12536_13126	CP000239.1:2149405-2150902|CDS|CYA_2136	88.488	582	67	0	4	585	910	1491	0.0	748
Ga0374807_08_345_1034	CP000240.1:2815069-2815759|CDS|CYB_2723	99.710	690	2	0	1	690	1	690	0.0	1236
Ga0374807_08_345_1034	CP000239.1:2043230-2043920|CDS|CYA_2027	89.390	688	73	0	1	688	1	688	0.0	912
Ga0374807_08_1057_2523	CP000240.1:2813526-2814921|CDS|CYB_2722	99.702	1342	3	1	127	1467	1	1342	0.0	2399
Ga0374807_08_2843_3265	CP000240.1:2812837-2813530|CDS|CYB_2721	96.454	423	15	0	1	423	271	693	0.0	696
Ga0374807_08_2843_3265	CP000239.1:2040703-2041396|CDS|CYA_2023	79.353	402	79	2	17	416	287	686	1.66e-95	346
Ga0374807_08_3434_4600	CP000240.1:2811528-2812671|CDS|CYB_2719	93.231	1167	55	1	1	1167	1	1143	0.0	1766
Ga0374807_08_3434_4600	CP000239.1:2039457-2040600|CDS|CYA_2022	82.734	1141	171	3	1	1140	1	1116	0.0	1180
Ga0374807_08_4688_6247	CP000240.1:2809890-2811441|CDS|CYB_2718	99.290	1550	11	0	10	1559	1	1550	0.0	2746
Ga0374807_08_4688_6247	CP000239.1:2037845-2039396|CDS|CYA_2021	90.032	1545	154	0	11	1555	2	1546	0.0	2093
Ga0374807_08_6717_8690	CP000240.1:2807447-2809421|CDS|CYB_2716	98.886	1975	20	2	1	1974	1	1974	0.0	3456
Ga0374807_08_8971_9678	CP000240.1:2806459-2807440|CDS|CYB_2715	97.458	708	18	0	1	708	274	981	0.0	1196
Ga0374807_08_9675_10265	CP000240.1:3026348-3028034|CDS|CYB_2927	98.279	523	9	0	19	541	1	523	0.0	903
Ga0374807_08_9675_10265	CP000239.1:990345-992028|CDS|CYA_0977	88.023	526	63	0	16	541	1	526	0.0	665
Ga0374807_08_10760_11881	CP000240.1:3024714-3025836|CDS|CYB_2926	97.594	1122	27	0	1	1122	1	1122	0.0	1902
Ga0374807_08_10760_11881	CP000239.1:992522-993647|CDS|CYA_0978	80.247	1134	203	13	1	1122	1	1125	0.0	996
Ga0374807_08_12053_12259	CP000240.1:2806083-2806359|CDS|CYB_2713	96.020	201	8	0	1	201	55	255	2.06e-90	327
Ga0374807_08_12053_12259	CP000239.1:993658-993928|CDS|CYA_0979	81.421	183	34	0	1	183	55	237	2.35e-45	178
Ga0374807_09_461_697	CP000240.1:2230153-2230390|CDS|CYB_2136	100.000	237	0	0	1	237	1	237	9.52e-121	428
Ga0374807_09_461_697	CP000239.1:232463-232709|CDS|CYA_0230	79.545	220	45	0	1	220	1	220	3.56e-50	195
Ga0374807_09_805_1404	CP000240.1:2230497-2231103|CDS|CYB_2138	98.020	606	6	1	1	600	1	606	0.0	1040
Ga0374807_09_805_1404	CP000239.1:232781-233399|CDS|CYA_0231	83.920	597	96	0	1	597	1	597	0.0	645
Ga0374807_09_1664_3538	CP000240.1:2231649-2233479|CDS|CYB_2139	97.854	1817	39	0	1	1817	1	1817	0.0	3102
Ga0374807_09_1664_3538	CP000239.1:233618-235439|CDS|CYA_0233	79.689	1802	318	7	1	1802	1	1754	0.0	1612
Ga0374807_09_3545_8380	CP000240.1:2233526-2238314|CDS|CYB_2140	96.299	4836	123	6	1	4832	1	4784	0.0	7938
Ga0374807_09_3545_8380	CP000239.1:1981722-1986432|CDS|CYA_1968	83.202	4810	678	21	1	4808	1	4682	0.0	5055
Ga0374807_09_8453_9679	CP000240.1:2238426-2239653|CDS|CYB_2141	98.615	1227	17	0	1	1227	1	1227	0.0	2137
Ga0374807_09_8453_9679	CP000239.1:1980444-1981671|CDS|CYA_1967	92.502	1227	92	0	1	1227	1	1227	0.0	1799
Ga0374807_09_9877_11019	CP000240.1:2239850-2240981|CDS|CYB_2142	99.027	1131	11	0	13	1143	1	1131	0.0	1991
Ga0374807_09_9877_11019	CP000239.1:1979153-1980284|CDS|CYA_1966	89.264	1127	121	0	13	1139	1	1127	0.0	1488
Ga0374807_11_232_1041	CP000240.1:1201068-1201974|CDS|CYB_1162	97.531	810	20	0	1	810	97	906	0.0	1371
Ga0374807_11_232_1041	CP000239.1:1679190-1680126|CDS|CYA_1680	85.309	810	119	0	1	810	127	936	0.0	925
Ga0374807_11_1114_2919	CP000240.1:1199190-1200996|CDS|CYB_1161	99.723	1806	5	0	1	1806	1	1806	0.0	3235
Ga0374807_11_1114_2919	CP000239.1:1680198-1682004|CDS|CYA_1681	88.427	1806	209	0	1	1806	1	1806	0.0	2315
Ga0374807_11_3139_3915	CP000240.1:1198194-1198971|CDS|CYB_1160	99.614	777	3	0	1	777	1	777	0.0	1388
Ga0374807_11_3139_3915	CP000239.1:1682063-1682840|CDS|CYA_1682	89.562	776	81	0	1	776	1	776	0.0	1035
Ga0374807_11_3948_5096	CP000240.1:1197013-1198162|CDS|CYB_1159	99.826	1149	2	0	1	1149	1	1149	0.0	2064
Ga0374807_11_3948_5096	CP000239.1:1682861-1683998|CDS|CYA_1683	86.990	1153	130	4	1	1149	1	1137	0.0	1404
Ga0374807_11_5250_6146	CP000240.1:1195963-1196860|CDS|CYB_1158	100.000	897	0	0	1	897	1	897	0.0	1618
Ga0374807_11_5250_6146	CP000239.1:1684078-1684966|CDS|CYA_1684	88.788	883	99	0	13	895	4	886	0.0	1147
Ga0374807_11_6134_6454	CP000240.1:1195469-1195976|CDS|CYB_1157	99.377	321	2	0	1	321	187	507	1.72e-163	571
Ga0374807_11_6134_6454	CP000239.1:1684962-1685463|CDS|CYA_1685	75.145	346	44	2	2	317	164	497	9.57e-72	266
Ga0374807_11_7101_7853	CP000240.1:1194256-1195009|CDS|CYB_1154	99.468	752	4	0	1	752	1	752	0.0	1339
Ga0374807_11_7101_7853	CP000239.1:2304172-2304928|CDS|CYA_2302	80.874	732	137	1	1	729	1	732	0.0	688
Ga0374807_11_8113_8514	CP000240.1:1193649-1194105|CDS|CYB_1153	99.425	348	2	0	55	402	1	348	4.80e-178	619
Ga0374807_11_8578_10005	CP000240.1:1192104-1193532|CDS|CYB_1152	98.529	1428	21	0	1	1428	1	1428	0.0	2481
Ga0374807_11_8578_10005	CP000239.1:2656898-2658311|CDS|CYA_2642	84.214	1381	203	1	1	1381	1	1366	0.0	1517
Ga0374807_12_483_1265	CP000240.1:126235-127117|CDS|CYB_0112	93.487	783	51	0	1	783	100	882	0.0	1183
Ga0374807_12_483_1265	CP000239.1:2867887-2868757|CDS|CYA_2852	86.877	762	100	0	1	762	76	837	0.0	924
Ga0374807_12_1410_2060	CP000240.1:127261-127912|CDS|CYB_0113	93.702	651	41	0	1	651	1	651	0.0	990
Ga0374807_12_1410_2060	CP000239.1:2864614-2865265|CDS|CYA_2849	87.846	650	79	0	1	650	1	650	0.0	817
Ga0374807_12_2163_2732	CP000240.1:128096-128666|CDS|CYB_0114	95.088	570	28	0	1	570	1	570	0.0	902
Ga0374807_12_2163_2732	CP000239.1:2863853-2864408|CDS|CYA_2848	85.089	503	69	1	62	564	53	549	3.15e-163	571
Ga0374807_12_2832_4988	CP000240.1:128765-130922|CDS|CYB_0115	98.192	2157	39	0	1	2157	1	2157	0.0	3715
Ga0374807_12_2832_4988	CP000239.1:2400636-2402787|CDS|CYA_2391	86.787	2157	279	1	1	2157	1	2151	0.0	2607
Ga0374807_12_5325_5681	CP000240.1:131258-131615|CDS|CYB_0117	95.518	357	16	0	1	357	1	357	5.51e-164	572
Ga0374807_12_5325_5681	CP000239.1:2399907-2400264|CDS|CYA_2389	89.636	357	37	0	1	357	1	357	3.26e-135	478
Ga0374807_12_5707_6426	CP000240.1:131640-132396|CDS|CYB_0118	99.028	720	7	0	1	720	37	756	0.0	1268
Ga0374807_12_5707_6426	CP000239.1:2399146-2399950|CDS|CYA_2390	86.197	710	98	0	1	710	37	746	0.0	839
Ga0374807_12_6488_7069	CP000240.1:132487-133003|CDS|CYB_0119	99.419	516	3	0	67	582	1	516	0.0	918
Ga0374807_12_6488_7069	CP000239.1:2398538-2399060|CDS|CYA_2388	84.283	509	80	0	62	570	2	510	2.03e-159	558
Ga0374807_12_7115_7936	CP000240.1:133033-133855|CDS|CYB_0120	96.233	823	29	2	1	822	1	822	0.0	1338
Ga0374807_12_7986_9215	CP000240.1:133904-135134|CDS|CYB_0121	98.537	1230	18	0	1	1230	1	1230	0.0	2138
Ga0374807_12_7986_9215	CP000239.1:2396574-2397813|CDS|CYA_2387	87.675	1217	150	0	1	1217	1	1217	0.0	1519
Ga0374807_12_9229_9408	CP000240.1:136596-136893|CDS|CYB_0124	99.419	172	1	0	1	172	1	172	5.75e-84	306
Ga0374807_12_9229_9408	CP000239.1:549833-550130|CDS|CYA_0533	89.412	170	18	0	1	170	1	170	4.42e-60	226
Ga0374807_12_9614_10285	CP000240.1:135719-136391|CDS|CYB_0123	98.214	672	12	0	1	672	1	672	0.0	1159
Ga0374807_12_9614_10285	CP000239.1:408910-409588|CDS|CYA_0394	86.636	651	85	2	1	650	1	650	0.0	775
Ga0374807_13_686_1081	CP000240.1:456829-457225|CDS|CYB_0450	98.990	396	4	0	1	396	1	396	0.0	697
Ga0374807_13_686_1081	CP000239.1:2284759-2285257|CDS|CYA_2277	85.316	395	58	0	1	395	103	497	1.45e-127	452
Ga0374807_13_1204_1650	CP000240.1:456260-456707|CDS|CYB_0449	96.421	447	16	0	1	447	1	447	0.0	735
Ga0374807_13_1204_1650	CP000239.1:2285308-2285746|CDS|CYA_2278	83.294	419	70	0	1	419	1	419	2.98e-124	441
Ga0374807_13_1913_2392	CP000240.1:455531-456011|CDS|CYB_0448	99.792	480	1	0	1	480	1	480	0.0	862
Ga0374807_13_2445_2705	CP000240.1:455203-455479|CDS|CYB_0447	96.078	255	10	0	1	255	1	255	6.68e-117	416
Ga0374807_13_2445_2705	CP000239.1:2286515-2286776|CDS|CYA_2280	86.973	261	34	0	1	261	1	261	1.38e-87	318
Ga0374807_13_2702_3805	CP000240.1:454103-455207|CDS|CYB_0446	97.736	1104	25	0	1	1104	1	1104	0.0	1879
Ga0374807_13_2702_3805	CP000239.1:2286772-2287876|CDS|CYA_2281	88.667	1103	125	0	1	1103	1	1103	0.0	1426
Ga0374807_13_3867_4628	CP000240.1:453280-454042|CDS|CYB_0445	97.898	761	16	0	1	761	1	761	0.0	1301
Ga0374807_13_3867_4628	CP000239.1:2287903-2288665|CDS|CYA_2282	87.927	762	92	0	1	762	1	762	0.0	960
Ga0374807_13_4645_5472	CP000240.1:452437-453265|CDS|CYB_0444	90.931	827	75	0	2	828	2	828	0.0	1154
Ga0374807_13_4645_5472	CP000239.1:2288682-2289480|CDS|CYA_2283	80.830	819	129	5	10	826	4	796	0.0	773
Ga0374807_13_5485_5982	CP000240.1:451960-452425|CDS|CYB_0443	99.140	465	4	0	34	498	1	465	0.0	821
Ga0374807_13_5485_5982	CP000239.1:2289491-2289956|CDS|CYA_2284	88.147	464	55	0	34	497	1	464	1.02e-168	590
Ga0374807_13_6502_7269	CP000240.1:450943-451711|CDS|CYB_0442	98.568	768	11	0	1	768	1	768	0.0	1336
Ga0374807_13_6502_7269	CP000239.1:2290124-2290898|CDS|CYA_2285	85.325	770	107	2	1	764	1	770	0.0	876
Ga0374807_13_7554_8495	CP000240.1:449716-450658|CDS|CYB_0441	97.665	942	22	0	1	942	1	942	0.0	1600
Ga0374807_13_8793_9107	CP000240.1:449104-449419|CDS|CYB_0439	99.048	315	3	0	1	315	1	315	1.30e-158	555
Ga0374807_13_8793_9107	CP000239.1:1151169-1151457|CDS|CYA_1124	85.612	278	39	1	25	302	1	277	1.69e-87	318
Ga0374807_13_9111_9857	CP000240.1:448354-449101|CDS|CYB_0438	99.063	747	7	0	1	747	1	747	0.0	1316
Ga0374807_13_9111_9857	CP000239.1:1150394-1151141|CDS|CYA_1123	85.925	746	105	0	1	746	1	746	0.0	873
Ga0374807_14_121_1698	CP000240.1:2828629-2830276|CDS|CYB_2733	98.606	1578	22	0	1	1578	70	1647	0.0	2747
Ga0374807_14_121_1698	CP000239.1:2057849-2059484|CDS|CYA_2038	85.217	1522	222	2	4	1525	61	1579	0.0	1725
Ga0374807_14_1695_2795	CP000240.1:2827532-2828633|CDS|CYB_2734	98.365	1101	18	0	1	1101	1	1101	0.0	1905
Ga0374807_14_1695_2795	CP000239.1:2056744-2057839|CDS|CYA_2037	88.193	1101	124	1	1	1101	1	1095	0.0	1401
Ga0374807_14_3379_3957	CP000240.1:2826359-2827061|CDS|CYB_2732	98.949	571	6	0	1	571	109	679	0.0	1003
Ga0374807_14_3379_3957	CP000239.1:2055622-2056153|CDS|CYA_2036	75.822	517	86	2	59	575	44	521	1.46e-110	396
Ga0374807_14_3970_6582	CP000240.1:2823702-2826357|CDS|CYB_2731	92.126	2629	183	1	1	2605	25	2653	0.0	3826
Ga0374807_14_3970_6582	CP000239.1:2052971-2055620|CDS|CYA_2035	88.005	2526	297	1	1	2526	25	2544	0.0	3191
Ga0374807_14_7199_8155	CP000240.1:2822153-2823197|CDS|CYB_2729	99.791	957	2	0	1	957	88	1044	0.0	1718
Ga0374807_14_7199_8155	CP000239.1:2050007-2051051|CDS|CYA_2033	87.777	949	116	0	9	957	96	1044	0.0	1189
Ga0374807_14_8152_8985	CP000240.1:2821323-2822157|CDS|CYB_2728	98.441	834	13	0	1	834	1	834	0.0	1446
Ga0374807_14_8152_8985	CP000239.1:2049165-2050011|CDS|CYA_2032	85.623	786	113	0	9	794	15	800	0.0	909
Ga0374807_15_989_1330	CP000240.1:2889312-2889729|CDS|CYB_2792	96.491	342	12	0	1	342	76	417	2.74e-161	563
Ga0374807_15_1565_1822	CP000240.1:2889962-2890220|CDS|CYB_2793	94.961	258	13	0	1	258	1	258	3.42e-114	407
Ga0374807_15_1565_1822	CP000239.1:849309-849567|CDS|CYA_0839	87.698	252	31	0	1	252	1	252	1.66e-86	315
Ga0374807_15_2004_3887	CP000240.1:2890401-2892327|CDS|CYB_2794	98.089	1884	36	0	1	1884	43	1926	0.0	3236
Ga0374807_15_2004_3887	CP000239.1:1356159-1358178|CDS|CYA_1346	89.098	1862	203	0	1	1862	136	1997	0.0	2443
Ga0374807_15_4871_7540	CP000240.1:2893311-2895972|CDS|CYB_2795	96.129	2661	70	1	43	2670	1	2661	0.0	4360
Ga0374807_15_4871_7540	CP000239.1:1359017-1361663|CDS|CYA_1349	78.506	2624	503	8	43	2631	1	2598	0.0	2209
Ga0374807_15_7804_8274	CP000240.1:2896426-2896981|CDS|CYB_2797	96.603	471	16	0	1	471	85	555	0.0	778
Ga0374807_15_7804_8274	CP000239.1:1361893-1362340|CDS|CYA_1350	82.222	360	64	0	92	451	83	442	2.42e-100	361
Ga0374807_15_8339_9103	CP000240.1:1316312-1317548|CDS|CYB_1259	89.072	787	58	2	3	765	454	1236	0.0	1049
Ga0374807_15_8339_9103	CP000240.1:1064975-1066169|CDS|CYB_1023	91.141	745	62	1	1	745	452	1192	0.0	1046
Ga0374807_15_8339_9103	CP000240.1:1803089-1804283|CDS|CYB_1722	90.848	743	64	1	3	745	454	1192	0.0	1033
Ga0374807_15_8339_9103	CP000240.1:2644164-2645358|CDS|CYB_2538	90.470	745	67	1	1	745	452	1192	0.0	1023
Ga0374807_15_8339_9103	CP000240.1:52430-53648|CDS|CYB_0041	88.817	769	58	2	1	745	452	1216	0.0	1016
Ga0374807_15_8339_9103	CP000239.1:774779-775973|CDS|CYA_0767	89.933	745	71	1	1	745	452	1192	0.0	1005
Ga0374807_15_8339_9103	CP000240.1:2210858-2212052|CDS|CYB_2117	89.906	743	71	1	3	745	454	1192	0.0	1002
Ga0374807_15_8339_9103	CP000240.1:1083184-1084426|CDS|CYB_1042	88.296	769	62	2	1	745	476	1240	0.0	998
Ga0374807_15_8339_9103	CP000239.1:2170714-2171908|CDS|CYA_2158	89.664	745	73	1	1	745	452	1192	0.0	996
Ga0374807_15_8339_9103	CP000240.1:1954838-1956056|CDS|CYB_1872	88.266	767	62	2	3	745	454	1216	0.0	994
Ga0374807_15_8339_9103	CP000240.1:638632-639850|CDS|CYB_0630	89.530	745	74	1	1	745	476	1216	0.0	992
Ga0374807_15_8339_9103	CP000239.1:712444-713638|CDS|CYA_0704	89.502	743	74	1	3	745	454	1192	0.0	988
Ga0374807_15_8339_9103	CP000240.1:3008652-3009870|CDS|CYB_2910	89.367	743	75	1	3	745	478	1216	0.0	984
Ga0374807_15_8339_9103	CP000240.1:1521392-1522610|CDS|CYB_1450	89.128	745	77	1	1	745	476	1216	0.0	978
Ga0374807_15_8339_9103	CP000240.1:1190675-1191869|CDS|CYB_1151	89.276	746	74	3	1	745	452	1192	0.0	977
Ga0374807_15_8339_9103	CP000240.1:2796782-2798000|CDS|CYB_2707	87.646	769	67	2	1	745	452	1216	0.0	976
Ga0374807_15_8339_9103	CP000240.1:2553363-2554557|CDS|CYB_2454	89.178	730	79	0	16	745	463	1192	0.0	961
Ga0374807_15_8339_9103	CP000240.1:1384265-1385459|CDS|CYB_1322	94.745	609	32	0	70	678	517	1125	0.0	955
Ga0374807_15_8339_9103	CP000240.1:1244785-1246021|CDS|CYB_1201	90.580	690	65	0	76	765	547	1236	0.0	952
Ga0374807_15_8339_9103	CP000240.1:2830275-2831565|CDS|CYB_2735	85.551	789	69	3	1	765	476	1243	0.0	937
Ga0374807_15_8339_9103	CP000239.1:1594889-1596107|CDS|CYA_1585	90.680	676	59	1	3	678	454	1125	0.0	935
Ga0374807_15_8339_9103	CP000240.1:2247371-2248565|CDS|CYB_2147	90.560	678	60	1	1	678	452	1125	0.0	934
Ga0374807_15_8339_9103	CP000239.1:994256-995468|CDS|CYA_0981	89.368	696	74	0	70	765	517	1212	0.0	922
Ga0374807_15_8339_9103	CP000240.1:102811-104029|CDS|CYB_0087	90.118	678	63	1	1	678	476	1149	0.0	921
Ga0374807_15_8339_9103	CP000240.1:1358129-1359347|CDS|CYB_1297	87.383	745	90	1	1	745	476	1216	0.0	920
Ga0374807_15_8339_9103	CP000239.1:629980-631174|CDS|CYA_0620	90.089	676	67	0	70	745	517	1192	0.0	918
Ga0374807_15_8339_9103	CP000240.1:1267756-1268992|CDS|CYB_1227	89.383	697	72	2	70	765	541	1236	0.0	917
Ga0374807_15_8339_9103	CP000240.1:345730-346924|CDS|CYB_0329	93.268	609	41	0	70	678	517	1125	0.0	914
Ga0374807_15_8339_9103	CP000240.1:629484-630702|CDS|CYB_0620	89.645	676	70	0	70	745	541	1216	0.0	904
Ga0374807_15_8339_9103	CP000240.1:481588-482800|CDS|CYB_0472	88.666	697	77	2	70	765	517	1212	0.0	894
Ga0374807_15_8339_9103	CP000240.1:2168360-2169515|CDS|CYB_2071	89.233	678	69	1	1	678	452	1125	0.0	893
Ga0374807_15_8339_9103	CP000240.1:605550-606744|CDS|CYB_0598	88.757	676	76	0	70	745	517	1192	0.0	877
Ga0374807_15_8339_9103	CP000240.1:2933473-2934709|CDS|CYB_2835	87.948	697	82	2	70	765	541	1236	0.0	872
Ga0374807_15_8339_9103	CP000240.1:2619921-2621115|CDS|CYB_2521	88.183	677	78	2	70	745	517	1192	0.0	854
Ga0374807_15_8339_9103	CP000240.1:2565689-2566883|CDS|CYB_2468	90.640	609	57	0	70	678	517	1125	0.0	842
Ga0374807_15_8339_9103	CP000239.1:893439-894633|CDS|CYA_0887	90.476	609	58	0	70	678	517	1125	0.0	838
Ga0374807_15_8339_9103	CP000240.1:2661652-2662870|CDS|CYB_2557	85.857	700	75	1	70	745	517	1216	0.0	834
Ga0374807_15_8339_9103	CP000240.1:1842322-1843549|CDS|CYB_1759	86.047	688	72	1	70	733	517	1204	0.0	826
Ga0374807_15_8339_9103	CP000240.1:1015074-1016268|CDS|CYB_0979	87.849	609	74	0	70	678	517	1125	0.0	765
Ga0374807_15_8339_9103	CP000240.1:241642-242836|CDS|CYB_0233	85.902	610	84	2	70	678	517	1125	0.0	706
Ga0374807_15_8339_9103	CP000239.1:698055-699204|CDS|CYA_0690	83.835	631	78	1	70	676	517	1147	0.0	696
Ga0374807_15_8339_9103	CP000240.1:2128026-2129220|CDS|CYB_2026	80.938	682	118	8	1	678	452	1125	9.39e-178	619
Ga0374807_15_8339_9103	CP000239.1:693322-694534|CDS|CYA_0687	77.778	765	162	4	3	765	454	1212	7.22e-173	603
Ga0374807_15_8339_9103	CP000240.1:2219258-2220470|CDS|CYB_2126	77.807	766	160	6	3	765	454	1212	3.07e-171	598
Ga0374807_15_8339_9103	CP000240.1:1917270-1918464|CDS|CYB_1826	75.882	680	152	8	3	678	454	1125	1.59e-130	462
Ga0374807_15_8339_9103	CP000240.1:1763450-1764623|CDS|CYB_1688	75.735	680	153	8	3	678	454	1125	6.77e-129	458
Ga0374807_15_8339_9103	CP000239.1:88305-89487|CDS|CYA_0091	72.000	675	155	9	3	668	454	1103	1.70e-98	356
Ga0374807_16_1014_2336	CP000240.1:2013647-2015054|CDS|CYB_1930	96.750	1323	43	0	1	1323	85	1407	0.0	2193
Ga0374807_16_1014_2336	CP000239.1:502666-504085|CDS|CYA_0485	83.835	1330	203	2	4	1321	88	1417	0.0	1432
Ga0374807_16_2360_3307	CP000240.1:2012675-2013623|CDS|CYB_1929	98.101	948	18	0	1	948	1	948	0.0	1629
Ga0374807_16_2360_3307	CP000239.1:501722-502670|CDS|CYA_0484	83.510	946	156	0	2	947	2	947	0.0	1003
Ga0374807_16_3357_3779	CP000240.1:2012260-2012626|CDS|CYB_1928	97.814	366	8	0	58	423	1	366	1.19e-179	625
Ga0374807_16_3357_3779	CP000239.1:1725322-1725685|CDS|CYA_1718	86.280	328	43	2	79	405	7	333	2.31e-106	382
Ga0374807_16_3865_4581	CP000240.1:2011394-2012111|CDS|CYB_1927	97.626	716	17	0	1	716	1	716	0.0	1215
Ga0374807_16_3865_4581	CP000239.1:1725842-1726559|CDS|CYA_1720	88.982	717	77	2	1	716	1	716	0.0	930
Ga0374807_16_4721_5203	CP000239.1:1726656-1727124|CDS|CYA_1721	85.011	467	70	0	16	482	1	467	2.83e-150	527
Ga0374807_16_4721_5203	CP000240.1:2010829-2011297|CDS|CYB_1926	84.368	467	73	0	16	482	1	467	6.24e-146	514
Ga0374807_16_5260_5841	CP000240.1:2010228-2010810|CDS|CYB_1925	95.189	582	28	0	1	582	1	582	0.0	924
Ga0374807_16_5260_5841	CP000239.1:1727143-1727725|CDS|CYA_1722	89.519	582	61	0	1	582	1	582	0.0	775
Ga0374807_16_5838_7652	CP000240.1:2008417-2010232|CDS|CYB_1923	96.971	1816	53	2	1	1815	1	1815	0.0	3021
Ga0374807_16_5838_7652	CP000239.1:1727721-1729503|CDS|CYA_1724	79.298	1739	330	5	40	1775	28	1739	0.0	1518
Ga0374807_16_7630_8376	CP000240.1:2007300-2008440|CDS|CYB_1924	95.296	744	35	0	2	745	395	1138	0.0	1185
Ga0374807_16_7630_8376	CP000239.1:1729477-1730680|CDS|CYA_1723	83.288	736	123	0	1	736	457	1192	0.0	774
Ga0374807_17_257_1621	CP000240.1:2897500-2898865|CDS|CYB_2800	98.168	1365	25	0	1	1365	1	1365	0.0	2350
Ga0374807_17_257_1621	CP000239.1:933939-935304|CDS|CYA_0924	85.272	1358	200	0	1	1358	1	1358	0.0	1548
Ga0374807_17_1618_2595	CP000240.1:2898861-2899839|CDS|CYB_2799	98.671	978	13	0	1	978	1	978	0.0	1706
Ga0374807_17_2794_4770	CP000240.1:2900035-2901943|CDS|CYB_2801	93.609	1909	114	4	76	1977	1	1908	0.0	2883
Ga0374807_17_2794_4770	CP000239.1:932013-933912|CDS|CYA_0923	84.357	1905	289	3	76	1977	1	1899	0.0	2087
Ga0374807_17_5121_5588	CP000240.1:2902367-2902820|CDS|CYB_2802	95.143	453	22	0	16	468	1	453	0.0	719
Ga0374807_17_5121_5588	CP000239.1:931130-931571|CDS|CYA_0922	81.153	451	73	1	16	466	1	439	3.81e-123	437
Ga0374807_17_5837_7261	CP000240.1:2903068-2904493|CDS|CYB_2804	98.386	1425	23	0	1	1425	1	1425	0.0	2467
Ga0374807_17_5837_7261	CP000239.1:1373604-1375029|CDS|CYA_1363	88.686	1423	161	0	1	1423	1	1423	0.0	1841
Ga0374807_18_51_827	CP000240.1:1610315-1611092|CDS|CYB_1535	98.327	777	13	0	1	777	1	777	0.0	1343
Ga0374807_18_51_827	CP000239.1:1639355-1640204|CDS|CYA_1639	88.293	709	83	0	1	709	1	709	0.0	905
Ga0374807_18_1050_2456	CP000240.1:1611314-1612730|CDS|CYB_1536	94.109	1409	74	1	1	1400	1	1409	0.0	2171
Ga0374807_18_1050_2456	CP000239.1:1640410-1641823|CDS|CYA_1640	84.402	1404	207	3	13	1407	13	1413	0.0	1543
Ga0374807_18_2471_3460	CP000240.1:1612786-1613734|CDS|CYB_1537	95.675	948	41	0	43	990	1	948	0.0	1526
Ga0374807_18_2471_3460	CP000239.1:1641846-1642875|CDS|CYA_1641	87.436	971	122	0	9	979	6	976	0.0	1202
Ga0374807_18_3784_5160	CP000240.1:1615212-1616532|CDS|CYB_1539	95.909	1320	54	0	58	1377	1	1320	0.0	2138
Ga0374807_18_3784_5160	CP000239.1:1646276-1647641|CDS|CYA_1647	79.899	1383	254	6	1	1377	1	1365	0.0	1236
Ga0374807_19_535_882	CP000240.1:817509-817875|CDS|CYB_0791	96.667	330	11	0	1	330	1	330	7.48e-156	546
Ga0374807_19_535_882	CP000239.1:461982-462321|CDS|CYA_0442	83.046	348	50	1	1	348	1	339	1.45e-101	366
Ga0374807_19_943_1224	CP000240.1:817934-818216|CDS|CYB_0792	98.936	282	3	0	1	282	1	282	9.45e-141	496
Ga0374807_19_943_1224	CP000239.1:462385-462718|CDS|CYA_0443	80.952	294	38	5	1	282	46	333	1.96e-73	272
Ga0374807_19_1339_2421	CP000240.1:818330-819434|CDS|CYB_0793	96.927	1074	33	0	1	1074	28	1101	0.0	1789
Ga0374807_19_1339_2421	CP000239.1:462768-463866|CDS|CYA_0444	81.951	1025	173	1	50	1074	83	1095	0.0	1021
Ga0374807_19_2573_3010	CP000240.1:819558-820029|CDS|CYB_0794	97.260	438	12	0	1	438	34	471	0.0	737
Ga0374807_19_2573_3010	CP000239.1:464358-464856|CDS|CYA_0445	73.050	423	105	3	10	426	67	486	4.34e-65	244
Ga0374807_19_3634_4602	CP000240.1:820612-821581|CDS|CYB_0795	96.591	968	33	0	2	969	2	969	0.0	1598
Ga0374807_19_4737_5948	CP000240.1:1803089-1804283|CDS|CYB_1722	95.812	1194	50	0	19	1212	1	1194	0.0	1929
Ga0374807_19_4737_5948	CP000240.1:1190675-1191869|CDS|CYB_1151	95.314	1195	54	2	19	1212	1	1194	0.0	1896
Ga0374807_19_4737_5948	CP000240.1:2644164-2645358|CDS|CYB_2538	95.142	1194	58	0	19	1212	1	1194	0.0	1893
Ga0374807_19_4737_5948	CP000240.1:1064975-1066169|CDS|CYB_1023	94.724	1194	63	0	19	1212	1	1194	0.0	1870
Ga0374807_19_4737_5948	CP000240.1:3008652-3009870|CDS|CYB_2910	93.678	1218	53	1	19	1212	1	1218	0.0	1867
Ga0374807_19_4737_5948	CP000240.1:52430-53648|CDS|CYB_0041	92.611	1218	66	1	19	1212	1	1218	0.0	1809
Ga0374807_19_4737_5948	CP000240.1:1521392-1522610|CDS|CYB_1450	92.282	1218	70	1	19	1212	1	1218	0.0	1791
Ga0374807_19_4737_5948	CP000240.1:2796782-2798000|CDS|CYB_2707	91.954	1218	74	1	19	1212	1	1218	0.0	1773
Ga0374807_19_4737_5948	CP000240.1:638632-639850|CDS|CYB_0630	91.790	1218	76	1	19	1212	1	1218	0.0	1764
Ga0374807_19_4737_5948	CP000240.1:1358129-1359347|CDS|CYB_1297	91.708	1218	77	1	19	1212	1	1218	0.0	1759
Ga0374807_19_4737_5948	CP000239.1:774779-775973|CDS|CYA_0767	92.379	1194	91	0	19	1212	1	1194	0.0	1744
Ga0374807_19_4737_5948	CP000239.1:2170714-2171908|CDS|CYA_2158	91.960	1194	96	0	19	1212	1	1194	0.0	1721
Ga0374807_19_4737_5948	CP000240.1:1083184-1084426|CDS|CYB_1042	89.291	1242	85	2	19	1212	1	1242	0.0	1675
Ga0374807_19_4737_5948	CP000240.1:1954838-1956056|CDS|CYB_1872	89.573	1218	103	1	19	1212	1	1218	0.0	1642
Ga0374807_19_4737_5948	CP000240.1:2830275-2831565|CDS|CYB_2735	88.387	1240	79	3	19	1210	1	1223	0.0	1633
Ga0374807_19_4737_5948	CP000239.1:712444-713638|CDS|CYA_0704	90.117	1194	118	0	19	1212	1	1194	0.0	1622
Ga0374807_19_4737_5948	CP000240.1:2168360-2169515|CDS|CYB_2071	91.777	1131	93	0	19	1149	1	1131	0.0	1621
Ga0374807_19_4737_5948	CP000240.1:2210858-2212052|CDS|CYB_2117	89.866	1194	121	0	19	1212	1	1194	0.0	1608
Ga0374807_19_4737_5948	CP000240.1:481588-482800|CDS|CYB_0472	90.025	1193	117	2	19	1210	1	1192	0.0	1608
Ga0374807_19_4737_5948	CP000240.1:102811-104029|CDS|CYB_0087	90.043	1155	91	1	19	1149	1	1155	0.0	1582
Ga0374807_19_4737_5948	CP000240.1:2553363-2554557|CDS|CYB_2454	89.363	1194	127	0	19	1212	1	1194	0.0	1581
Ga0374807_19_4737_5948	CP000239.1:629980-631174|CDS|CYA_0620	88.610	1194	136	0	19	1212	1	1194	0.0	1541
Ga0374807_19_4737_5948	CP000240.1:2619921-2621115|CDS|CYB_2521	88.368	1195	137	2	19	1212	1	1194	0.0	1522
Ga0374807_19_4737_5948	CP000240.1:1316312-1317548|CDS|CYB_1259	87.418	1216	129	1	19	1210	1	1216	0.0	1521
Ga0374807_19_4737_5948	CP000240.1:2247371-2248565|CDS|CYB_2147	89.478	1131	119	0	19	1149	1	1131	0.0	1504
Ga0374807_19_4737_5948	CP000239.1:1594889-1596107|CDS|CYA_1585	89.213	1131	122	0	19	1149	1	1131	0.0	1490
Ga0374807_19_4737_5948	CP000240.1:1267756-1268992|CDS|CYB_1227	86.524	1217	138	3	19	1210	1	1216	0.0	1466
Ga0374807_19_4737_5948	CP000240.1:1244785-1246021|CDS|CYB_1201	86.349	1216	142	1	19	1210	1	1216	0.0	1462
Ga0374807_19_4737_5948	CP000240.1:629484-630702|CDS|CYB_0620	85.796	1218	149	1	19	1212	1	1218	0.0	1434
Ga0374807_19_4737_5948	CP000240.1:2661652-2662870|CDS|CYB_2557	85.714	1218	150	1	19	1212	1	1218	0.0	1430
Ga0374807_19_4737_5948	CP000239.1:994256-995468|CDS|CYA_0981	86.577	1192	160	0	19	1210	1	1192	0.0	1429
Ga0374807_19_4737_5948	CP000240.1:1015074-1016268|CDS|CYB_0979	87.887	1131	137	0	19	1149	1	1131	0.0	1423
Ga0374807_19_4737_5948	CP000240.1:2933473-2934709|CDS|CYB_2835	85.234	1219	150	5	19	1210	1	1216	0.0	1392
Ga0374807_19_4737_5948	CP000240.1:241642-242836|CDS|CYB_0233	87.102	1132	144	2	19	1149	1	1131	0.0	1377
Ga0374807_19_4737_5948	CP000240.1:605550-606744|CDS|CYB_0598	84.841	1194	181	0	19	1212	1	1194	0.0	1338
Ga0374807_19_4737_5948	CP000240.1:1842322-1843549|CDS|CYB_1759	84.328	1206	161	3	19	1198	1	1204	0.0	1335
Ga0374807_19_4737_5948	CP000240.1:1384265-1385459|CDS|CYB_1322	85.765	1131	161	0	19	1149	1	1131	0.0	1315
Ga0374807_19_4737_5948	CP000239.1:893439-894633|CDS|CYA_0887	85.816	1121	159	0	19	1139	1	1121	0.0	1306
Ga0374807_19_4737_5948	CP000240.1:345730-346924|CDS|CYB_0329	85.323	1131	166	0	19	1149	1	1131	0.0	1292
Ga0374807_19_4737_5948	CP000240.1:2565689-2566883|CDS|CYB_2468	84.704	1131	173	0	19	1149	1	1131	0.0	1260
Ga0374807_19_4737_5948	CP000239.1:698055-699204|CDS|CYA_0690	84.031	1146	159	1	19	1140	1	1146	0.0	1260
Ga0374807_19_4737_5948	CP000240.1:2128026-2129220|CDS|CYB_2026	82.115	1135	195	7	19	1149	1	1131	0.0	1108
Ga0374807_19_4737_5948	CP000239.1:693322-694534|CDS|CYA_0687	80.251	1195	230	5	19	1210	1	1192	0.0	1075
Ga0374807_19_4737_5948	CP000240.1:2219258-2220470|CDS|CYB_2126	80.084	1195	232	5	19	1210	1	1192	0.0	1066
Ga0374807_19_4737_5948	CP000240.1:1763450-1764623|CDS|CYB_1688	79.736	1135	222	7	19	1149	1	1131	0.0	986
Ga0374807_19_4737_5948	CP000240.1:2506708-2507857|CDS|CYB_2410	77.522	1130	132	8	19	1027	1	1129	0.0	967
Ga0374807_19_4737_5948	CP000240.1:1917270-1918464|CDS|CYB_1826	79.119	1135	229	7	19	1149	1	1131	0.0	955
Ga0374807_19_4737_5948	CP000239.1:88305-89487|CDS|CYA_0091	76.544	1117	236	5	24	1133	6	1103	0.0	835
Ga0374807_19_5971_6591	CP000240.1:821599-822274|CDS|CYB_0796	98.229	621	11	0	1	621	55	675	0.0	1071
Ga0374807_20_1750_2130	CP000240.1:3045884-3046286|CDS|CYB_2941	97.507	361	9	0	1	361	1	361	2.35e-175	611
Ga0374807_20_1750_2130	CP000239.1:2931983-2932364|CDS|CYA_2904	86.158	354	49	0	1	354	1	354	2.87e-117	418
Ga0374807_20_2593_3996	CP000240.1:63-1467|CDS|CYB_0001	97.792	1404	31	0	1	1404	1	1404	0.0	2393
Ga0374807_20_2593_3996	CP000239.1:70-1474|CDS|CYA_0001	88.105	1404	167	0	1	1404	1	1404	0.0	1780
Ga0374807_20_4115_4846	CP000240.1:1492-2317|CDS|CYB_0002	97.404	732	19	0	1	732	94	825	0.0	1235
Ga0374807_20_4115_4846	CP000239.1:1644-2334|CDS|CYA_0003	83.478	690	108	1	49	732	1	690	0.0	732
Ga0374807_20_4972_5631	CP000240.1:2442-3264|CDS|CYB_0003	96.818	660	21	0	1	660	163	822	0.0	1096
Ga0374807_20_4972_5631	CP000239.1:2330-3152|CDS|CYA_0002	83.587	658	108	0	1	658	163	820	0.0	700
Ga0374807_20_5901_7097	CP000240.1:3371-5294|CDS|CYB_0004	98.663	1197	16	0	1	1197	727	1923	0.0	2087
Ga0374807_20_5901_7097	CP000239.1:3255-5142|CDS|CYA_0004	89.052	1160	127	0	1	1160	715	1874	0.0	1520
Ga0374807_21_19_357	CP000240.1:1638082-1638856|CDS|CYB_1565	100.000	339	0	0	1	339	436	774	5.96e-176	612
Ga0374807_21_19_357	CP000239.1:1874379-1875156|CDS|CYA_1869	87.574	338	42	0	1	338	439	776	2.09e-118	421
Ga0374807_21_400_1206	CP000240.1:1637234-1638041|CDS|CYB_1563	97.026	807	24	0	1	807	1	807	0.0	1348
Ga0374807_21_400_1206	CP000239.1:1875185-1875968|CDS|CYA_1871	83.395	807	110	1	1	807	1	783	0.0	869
Ga0374807_21_1172_1822	CP000240.1:1636486-1637269|CDS|CYB_1564	96.621	651	22	0	1	651	133	783	0.0	1076
Ga0374807_21_1172_1822	CP000239.1:1875933-1876707|CDS|CYA_1870	88.326	651	70	2	1	651	130	774	0.0	829
Ga0374807_21_1991_2209	CP000240.1:1636231-1636465|CDS|CYB_1562	100.000	219	0	0	1	219	16	234	5.16e-111	396
Ga0374807_21_2259_2543	CP000240.1:1635816-1636182|CDS|CYB_1561	98.921	278	3	0	8	285	89	366	1.42e-138	489
Ga0374807_21_2639_3466	CP000240.1:1634809-1635796|CDS|CYB_1560	97.222	828	23	0	1	828	160	987	0.0	1390
Ga0374807_21_2639_3466	CP000239.1:1878065-1879004|CDS|CYA_1875	85.455	825	120	0	1	825	100	924	0.0	948
Ga0374807_21_3655_5040	CP000240.1:1633311-1634748|CDS|CYB_1559	98.124	1386	26	0	1	1386	52	1437	0.0	2383
Ga0374807_21_3655_5040	CP000239.1:1879000-1880533|CDS|CYA_1876	86.161	1344	186	0	13	1356	106	1449	0.0	1586
Ga0374807_21_5425_6579	CP000240.1:1631826-1632849|CDS|CYB_1558	98.145	1024	16	1	132	1155	3	1023	0.0	1760
Ga0374807_21_5425_6579	CP000239.1:1880797-1881943|CDS|CYA_1877	83.409	1103	170	4	55	1155	55	1146	0.0	1159
Ga0374807_22_315_461	CP000240.1:1163983-1167148|CDS|CYB_1127	100.000	147	0	0	1	147	766	620	4.02e-72	266
Ga0374807_22_1477_1767	CP000240.1:1167544-1167835|CDS|CYB_1129	93.814	291	18	0	1	291	1	291	1.55e-125	444
Ga0374807_22_1477_1767	CP000239.1:2342431-2342749|CDS|CYA_2337	81.197	234	44	0	1	234	1	234	2.63e-59	224
Ga0374807_22_1812_2879	CP000240.1:1167879-1168899|CDS|CYB_1130	98.824	1020	12	0	49	1068	1	1020	0.0	1786
Ga0374807_22_1812_2879	CP000239.1:2341358-2342393|CDS|CYA_2336	84.780	1025	144	3	47	1068	20	1035	0.0	1143
Ga0374807_22_1812_2879	CP000240.1:953730-954756|CDS|CYB_0917	70.742	916	250	10	114	1020	63	969	2.92e-116	416
Ga0374807_22_3347_4216	CP000240.1:1169693-1170557|CDS|CYB_1133	99.884	864	1	0	7	870	1	864	0.0	1554
Ga0374807_22_4268_4552	CP000239.1:443915-444200|CDS|CYA_0425	78.246	285	62	0	1	285	1	285	1.42e-62	235
Ga0374807_22_4549_5154	CP000240.1:1170895-1171462|CDS|CYB_1134	99.118	567	5	0	40	606	1	567	0.0	1001
Ga0374807_22_4549_5154	CP000239.1:444196-444757|CDS|CYA_0426	83.627	568	85	4	40	606	1	561	2.94e-170	595
Ga0374807_22_5352_6530	CP000240.1:1171595-1172774|CDS|CYB_1135	98.388	1179	19	0	1	1179	1	1179	0.0	2041
Ga0374807_22_5352_6530	CP000239.1:2697359-2698538|CDS|CYA_2683	87.193	1179	151	0	1	1179	1	1179	0.0	1446
Ga0374807_23_5_1555	CP000240.1:3042234-3045801|CDS|CYB_2940	98.066	1551	30	0	1	1551	2017	3567	0.0	2663
Ga0374807_23_5_1555	CP000239.1:2928365-2931908|CDS|CYA_2903	87.484	1542	193	0	1	1542	1993	3534	0.0	1911
Ga0374807_23_1635_2225	CP000240.1:3041564-3042146|CDS|CYB_2939	98.270	578	10	0	10	587	1	578	0.0	998
Ga0374807_23_1635_2225	CP000240.1:3040801-3041383|CDS|CYB_2938	92.870	575	41	0	10	584	1	575	0.0	853
Ga0374807_23_1635_2225	CP000239.1:2926368-2926956|CDS|CYA_2901	83.860	570	90	2	20	588	11	579	4.54e-174	607
Ga0374807_23_2411_2992	CP000240.1:3040801-3041383|CDS|CYB_2938	97.565	575	14	0	1	575	1	575	0.0	975
Ga0374807_23_2411_2992	CP000240.1:3041564-3042146|CDS|CYB_2939	92.784	582	42	0	1	582	1	582	0.0	861
Ga0374807_23_2411_2992	CP000239.1:2926368-2926956|CDS|CYA_2901	81.371	569	104	2	11	578	11	578	1.56e-154	542
Ga0374807_23_3230_4258	CP000240.1:3039612-3040641|CDS|CYB_2937	98.445	1029	16	0	1	1029	1	1029	0.0	1784
Ga0374807_23_3230_4258	CP000239.1:798945-800037|CDS|CYA_0790	81.243	933	171	4	30	960	45	975	0.0	880
Ga0374807_23_4255_4524	CP000240.1:3039346-3039616|CDS|CYB_2936	97.407	270	7	0	1	270	1	270	7.91e-129	456
Ga0374807_23_4255_4524	CP000239.1:798685-798949|CDS|CYA_0789	78.346	254	49	2	1	251	1	251	6.51e-54	207
Ga0374807_23_4521_5705	CP000240.1:3038165-3039350|CDS|CYB_2935	98.650	1185	16	0	1	1185	1	1185	0.0	2066
Ga0374807_23_4521_5705	CP000239.1:797504-798689|CDS|CYA_0788	85.738	1185	169	0	1	1185	1	1185	0.0	1376
Ga0374807_23_5836_6771	CP000240.1:3036226-3038035|CDS|CYB_2934	99.786	936	2	0	1	936	874	1809	0.0	1680
Ga0374807_23_5836_6771	CP000239.1:795579-797388|CDS|CYA_0787	88.581	937	105	2	1	936	874	1809	0.0	1201
Ga0374807_24_399_1499	CP000240.1:1184834-1185857|CDS|CYB_1146	96.562	1047	12	1	55	1101	1	1023	0.0	1744
Ga0374807_24_399_1499	CP000239.1:2002147-2003170|CDS|CYA_1982	82.325	1041	158	3	55	1094	1	1016	0.0	1058
Ga0374807_24_1619_3994	CP000240.1:1182310-1184686|CDS|CYB_1145	98.527	2376	35	0	1	2376	1	2376	0.0	4128
Ga0374807_24_1619_3994	CP000239.1:1999600-2001976|CDS|CYA_1981	90.438	2374	227	0	1	2374	1	2374	0.0	3259
Ga0374807_24_4106_5107	CP000240.1:1181164-1182199|CDS|CYB_1144	93.812	1002	62	0	1	1002	34	1035	0.0	1528
Ga0374807_24_4106_5107	CP000239.1:1998385-1999501|CDS|CYA_1980	83.250	997	167	0	5	1001	119	1115	0.0	1046
Ga0374807_24_5244_5363	CP000240.1:1180685-1181060|CDS|CYB_1143	97.479	119	3	0	1	119	256	374	1.10e-52	202
Ga0374807_24_5244_5363	CP000239.1:1997988-1998363|CDS|CYA_1979	84.167	120	19	0	1	120	256	375	1.63e-31	132
Ga0374807_25_2161_3189	CP000240.1:2040759-2041788|CDS|CYB_1948	97.473	1029	26	0	1	1029	1	1029	0.0	1739
Ga0374807_25_2161_3189	CP000239.1:1099813-1100842|CDS|CYA_1081	84.623	1008	155	0	1	1008	1	1008	0.0	1120
Ga0374807_25_3071_4297	CP000240.1:2041669-2044123|CDS|CYB_1947	97.881	1227	26	0	1	1227	1228	2454	0.0	2096
Ga0374807_25_3071_4297	CP000239.1:1100723-1103042|CDS|CYA_1080	72.668	1233	316	6	1	1227	1102	2319	0.0	697
Ga0374807_26_714_827	CP000240.1:921847-922504|CDS|CYB_0889	99.123	114	1	0	1	114	228	115	1.03e-52	202
Ga0374807_26_714_827	CP000239.1:980721-981372|CDS|CYA_0969	88.496	113	13	0	2	114	227	115	6.97e-36	146
Ga0374807_26_1018_1359	CP000240.1:922572-923790|CDS|CYB_0890	99.123	342	3	0	1	342	877	1218	3.12e-173	604
Ga0374807_26_1018_1359	CP000239.1:793049-794243|CDS|CYA_0785	79.624	319	61	4	1	317	853	1169	2.93e-72	269
Ga0374807_26_1547_2038	CP000240.1:923977-924469|CDS|CYB_0891	98.374	492	8	0	1	492	1	492	0.0	852
Ga0374807_26_1547_2038	CP000239.1:945551-946043|CDS|CYA_0935	90.041	492	49	0	1	492	1	492	0.0	667
Ga0374807_26_2156_2992	CP000240.1:924586-925423|CDS|CYB_0892	98.566	837	12	0	1	837	1	837	0.0	1456
Ga0374807_26_2156_2992	CP000239.1:946161-947004|CDS|CYA_0936	92.095	797	63	0	1	797	1	797	0.0	1154
Ga0374807_26_3121_3486	CP000240.1:925551-925917|CDS|CYB_0894	99.454	366	2	0	1	366	1	366	0.0	652
Ga0374807_26_3121_3486	CP000239.1:947116-947479|CDS|CYA_0938	83.526	346	57	0	1	346	1	346	4.36e-102	368
Ga0374807_26_3473_4741	CP000240.1:925903-927250|CDS|CYB_0893	95.902	1269	52	0	1	1269	79	1347	0.0	2055
Ga0374807_26_3473_4741	CP000239.1:947475-948816|CDS|CYA_0937	85.428	1249	170	4	1	1247	79	1317	0.0	1425
Ga0374807_28_1587_3224	CP000240.1:2243362-2245000|CDS|CYB_2144	98.718	1638	21	0	1	1638	1	1638	0.0	2860
Ga0374807_28_1587_3224	CP000239.1:1975120-1976758|CDS|CYA_1964	97.802	1638	36	0	1	1638	1	1638	0.0	2792
Ga0374807_29_6_338	CP000240.1:377265-378450|CDS|CYB_0361	93.994	333	20	0	1	333	853	1185	1.47e-145	511
Ga0374807_29_6_338	CP000239.1:2199574-2200729|CDS|CYA_2182	73.913	276	68	3	18	291	846	1119	8.74e-41	164
Ga0374807_29_769_1296	CP000240.1:378803-379409|CDS|CYB_0362	100.000	528	0	0	1	528	79	606	0.0	953
Ga0374807_29_769_1296	CP000239.1:2766532-2767138|CDS|CYA_2746	85.164	519	77	0	1	519	79	597	1.08e-168	590
Ga0374807_29_1494_1712	CP000240.1:379606-379825|CDS|CYB_0363	100.000	219	0	0	1	219	1	219	5.16e-111	396
Ga0374807_29_1494_1712	CP000239.1:2767285-2767540|CDS|CYA_2747	83.105	219	31	1	1	219	43	255	4.53e-61	230
Ga0374807_29_2212_2730	CP000240.1:380442-381219|CDS|CYB_0364	99.807	519	1	0	1	519	259	777	0.0	932
Ga0374807_29_2212_2730	CP000239.1:2250413-2251124|CDS|CYA_2236	81.637	452	78	3	1	450	259	707	1.81e-121	433
Ga0374807_30_1614_3011	CP000239.1:696541-697939|CDS|CYA_0689	98.212	1398	25	0	1	1398	1	1398	0.0	2409
Ga0374807_30_1614_3011	CP000240.1:2222477-2223875|CDS|CYB_2128	97.997	1398	28	0	1	1398	1	1398	0.0	2396
Ga0374807_31_783_1742	CP000240.1:1178802-1179762|CDS|CYB_1142	99.583	960	4	0	1	960	1	960	0.0	1714
Ga0374807_31_783_1742	CP000239.1:1254522-1255479|CDS|CYA_1243	85.165	937	139	0	1	937	1	937	0.0	1064
Ga0374807_31_1752_2876	CP000240.1:1177668-1178793|CDS|CYB_1141	97.956	1125	23	0	1	1125	1	1125	0.0	1926
Ga0374807_31_1752_2876	CP000239.1:1255462-1256599|CDS|CYA_1242	83.633	1112	173	2	1	1109	1	1106	0.0	1185
Ga0374807_32_487_1422	CP000240.1:504358-505294|CDS|CYB_0491	98.504	936	14	0	1	936	1	936	0.0	1626
Ga0374807_32_487_1422	CP000239.1:1913691-1914624|CDS|CYA_1903	84.278	935	144	1	1	935	1	932	0.0	1022
Ga0374807_32_1544_2548	CP000240.1:503232-504237|CDS|CYB_0490	99.201	1001	8	0	1	1001	1	1001	0.0	1770
Ga0374807_32_1544_2548	CP000239.1:1912538-1913453|CDS|CYA_1902	76.797	918	198	7	94	1005	7	915	0.0	678
Ga0374807_32_2551_2853	CP000240.1:502927-503230|CDS|CYB_0489	100.000	303	0	0	1	303	1	303	1.85e-156	547
Ga0374807_32_2551_2853	CP000239.1:1912232-1912535|CDS|CYA_1901	94.352	301	17	0	1	301	1	301	4.96e-132	467
Ga0374807_33_70_306	CP000240.1:587129-588098|CDS|CYB_0580	100.000	237	0	0	1	237	733	969	9.52e-121	428
Ga0374807_33_70_306	CP000239.1:2246496-2247465|CDS|CYA_2231	83.966	237	38	0	1	237	733	969	3.56e-69	257
Ga0374807_33_303_920	CP000240.1:588094-588712|CDS|CYB_0581	99.676	618	2	0	1	618	1	618	0.0	1106
Ga0374807_33_303_920	CP000239.1:2247461-2248079|CDS|CYA_2232	88.293	615	72	0	2	616	2	616	0.0	785
Ga0374807_33_1074_1661	CP000240.1:588837-589461|CDS|CYB_0582	96.259	588	22	0	1	588	37	624	0.0	962
Ga0374807_33_1074_1661	CP000239.1:2248276-2248867|CDS|CYA_2233	75.455	550	87	4	20	569	74	575	2.35e-114	409
Ga0374807_33_1704_2606	CP000239.1:2248887-2249655|CDS|CYA_2234	74.253	703	151	3	144	831	18	705	1.55e-131	466
Ga0374807_34_688_846	CP000240.1:2292823-2292982|CDS|CYB_2188	98.113	159	3	0	1	159	1	159	2.97e-74	274
Ga0374807_34_688_846	CP000239.1:915447-915594|CDS|CYA_0904	85.600	125	18	0	1	125	1	125	1.04e-35	145
Ga0374807_34_1155_1613	CP000240.1:2292056-2292593|CDS|CYB_2187	99.346	459	3	0	1	459	79	537	0.0	815
Ga0374807_34_1155_1613	CP000239.1:915780-916449|CDS|CYA_0905	82.751	458	79	0	2	459	212	669	6.32e-133	471
Ga0374807_34_1958_2314	CP000240.1:2291355-2291877|CDS|CYB_2186	98.880	357	4	0	1	357	166	522	2.85e-180	627
Ga0374807_34_1958_2314	CP000239.1:916526-917060|CDS|CYA_0907	80.814	344	66	0	1	344	175	518	4.54e-89	324
Ga0374807_34_2319_2504	CP000240.1:2291165-2291351|CDS|CYB_2185	100.000	186	0	0	1	186	1	186	3.52e-93	336
Ga0374807_34_2319_2504	CP000239.1:917056-917242|CDS|CYA_0906	84.659	176	27	0	1	176	1	176	7.77e-51	196
Ga0374807_35_258_1886	CP000240.1:2224918-2226547|CDS|CYB_2131	99.202	1629	13	0	1	1629	1	1629	0.0	2880
Ga0374807_35_258_1886	CP000239.1:283489-285079|CDS|CYA_0277	86.599	1485	199	0	117	1601	78	1562	0.0	1782
Ga0374807_35_1939_2463	CP000240.1:2226599-2227124|CDS|CYB_2132	99.619	525	2	0	1	525	1	525	0.0	939
Ga0374807_35_1939_2463	CP000239.1:285107-285635|CDS|CYA_0278	80.534	524	101	1	1	524	1	523	1.15e-136	482
Ga0374807_35_2475_2897	CP000239.1:285645-286068|CDS|CYA_0279	93.853	423	26	0	1	423	1	423	0.0	646
Ga0374807_35_2475_2897	CP000240.1:2227135-2227633|CDS|CYB_2133	94.132	409	24	0	1	409	1	409	0.0	630
Ga0374807_35_2475_2897	CP000239.1:279448-279994|CDS|CYA_0273	95.946	370	15	0	1	370	1	370	4.75e-172	600
Ga0374807_36_294_569	CP000240.1:1050508-1050784|CDS|CYB_1011	95.652	276	12	0	1	276	1	276	1.46e-125	444
Ga0374807_36_294_569	CP000239.1:2738225-2738507|CDS|CYA_2719	85.870	276	39	0	1	276	7	282	1.20e-88	323
Ga0374807_36_648_1958	CP000240.1:1050865-1052176|CDS|CYB_1012	98.932	1311	14	0	1	1311	1	1311	0.0	2302
Ga0374807_36_648_1958	CP000239.1:2395185-2396496|CDS|CYA_2386	88.262	1312	148	2	1	1309	1	1309	0.0	1669
Ga0374807_36_1997_2239	CP000240.1:1052214-1052457|CDS|CYB_1014	94.915	236	12	0	1	236	1	236	6.60e-104	372
Ga0374807_36_1997_2239	CP000239.1:2394873-2395110|CDS|CYA_2384	85.232	237	29	2	1	237	1	231	7.06e-72	267
Ga0374807_36_2236_2955	CP000240.1:1052453-1053854|CDS|CYB_1013	98.333	720	12	0	1	720	682	1401	0.0	1245
Ga0374807_36_2236_2955	CP000239.1:2393476-2394877|CDS|CYA_2385	90.529	718	68	0	2	719	683	1400	0.0	989
Ga0374807_37_152_1168	CP000240.1:1498812-1499829|CDS|CYB_1429	97.443	1017	26	0	1	1017	1	1017	0.0	1718
Ga0374807_37_152_1168	CP000239.1:18688-19720|CDS|CYA_0020	86.575	1013	133	1	1	1013	1	1010	0.0	1213
Ga0374807_37_1356_2162	CP000240.1:1497842-1498625|CDS|CYB_1427	95.911	807	9	1	1	807	1	783	0.0	1324
Ga0374807_37_1356_2162	CP000239.1:17768-18500|CDS|CYA_0017	84.734	714	103	2	1	711	1	711	0.0	793
Ga0374807_38_2_1678	CP000240.1:1163983-1167148|CDS|CYB_1127	98.197	1664	30	0	1	1664	1489	3152	0.0	2866
Ga0374807_38_2_1678	CP000239.1:2343137-2346233|CDS|CYA_2338	87.642	1675	207	0	3	1677	1422	3096	0.0	2088
Ga0374807_39_151_351	CP000240.1:2945012-2945213|CDS|CYB_2848	100.000	201	0	0	1	201	1	201	2.77e-101	363
Ga0374807_39_151_351	CP000239.1:2831006-2831207|CDS|CYA_2811	88.557	201	23	0	1	201	1	201	8.48e-70	260
Ga0374807_39_480_1316	CP000240.1:2943651-2944884|CDS|CYB_2847	99.164	837	7	0	1	837	397	1233	0.0	1479
Ga0374807_39_480_1316	CP000239.1:2829693-2830884|CDS|CYA_2810	84.474	818	127	0	1	818	355	1172	0.0	903
Ga0374807_41_11_766	CP000239.1:2802735-2804442|CDS|CYA_2783	99.603	756	3	0	1	756	952	1707	0.0	1351
Ga0374807_41_922_1494	CP000239.1:2804597-2805950|CDS|CYA_2785	99.643	560	2	0	1	560	1	560	0.0	1002
Ga0374807_41_922_1494	CP000240.1:2572675-2574028|CDS|CYB_2477	88.929	560	62	0	1	560	1	560	0.0	731
