Ga0374808_01_3_1349	CP000239.1:2896297-2897866|CDS|CYA_2880	99.777	1347	3	0	1	1347	223	1569	0.0	2416
Ga0374808_01_3_1349	CP000240.1:1738815-1740378|CDS|CYB_1659	83.111	1350	216	3	1	1347	223	1563	0.0	1405
Ga0374808_01_1367_2788	CP000239.1:2894858-2896280|CDS|CYA_2879	99.789	1422	3	0	1	1422	1	1422	0.0	2552
Ga0374808_01_1367_2788	CP000240.1:1740396-1741881|CDS|CYB_1660	78.992	1428	249	4	1	1380	1	1425	0.0	1251
Ga0374808_01_2809_3342	CP000239.1:2894124-2894838|CDS|CYA_2878	100.000	534	0	0	1	534	181	714	0.0	964
Ga0374808_01_2809_3342	CP000240.1:1741885-1742533|CDS|CYB_1661	92.121	495	39	0	1	495	115	609	0.0	718
Ga0374808_01_3555_4184	CP000239.1:2893462-2894092|CDS|CYA_2877	100.000	630	0	0	1	630	1	630	0.0	1137
Ga0374808_01_3555_4184	CP000240.1:1742628-1743189|CDS|CYB_1662	86.681	473	63	0	145	617	1	473	1.22e-162	570
Ga0374808_01_4211_4609	CP000239.1:2893037-2893436|CDS|CYA_2876	99.248	399	3	0	1	399	1	399	0.0	707
Ga0374808_01_4211_4609	CP000240.1:1743354-1743753|CDS|CYB_1663	81.955	399	72	0	1	399	1	399	9.85e-111	396
Ga0374808_01_4697_4987	CP000239.1:2892659-2892950|CDS|CYA_2875	100.000	291	0	0	1	291	1	291	5.78e-150	526
Ga0374808_01_4697_4987	CP000240.1:1743826-1744117|CDS|CYB_1664	81.690	284	52	0	1	284	1	284	1.36e-75	279
Ga0374808_01_5219_5464	CP000239.1:2892182-2892428|CDS|CYA_2874	100.000	246	0	0	1	246	1	246	1.29e-125	444
Ga0374808_01_5219_5464	CP000240.1:1744311-1744602|CDS|CYB_1665	88.618	246	28	0	1	246	46	291	1.29e-87	318
Ga0374808_01_5562_6827	CP000239.1:2890819-2892085|CDS|CYA_2873	96.367	1266	46	0	1	1266	1	1266	0.0	2076
Ga0374808_01_5562_6827	CP000240.1:1744647-1745928|CDS|CYB_1666	84.871	1236	187	0	25	1260	40	1275	0.0	1387
Ga0374808_01_6840_7109	CP000239.1:2890537-2890807|CDS|CYA_2872	95.911	269	11	0	1	269	1	269	7.41e-123	436
Ga0374808_01_6840_7109	CP000240.1:1745940-1746210|CDS|CYB_1667	81.784	269	49	0	1	269	1	269	2.77e-71	265
Ga0374808_01_7361_9751	CP000239.1:2887937-2890445|CDS|CYA_2871	96.310	2358	87	0	1	2358	118	2475	0.0	3861
Ga0374808_01_7361_9751	CP000240.1:1555785-1558380|CDS|CYB_1481	79.234	2427	438	10	1	2361	139	2565	0.0	2120
Ga0374808_01_10030_10863	CP000239.1:2885817-2886651|CDS|CYA_2869	83.094	834	141	0	1	834	1	834	0.0	869
Ga0374808_01_10030_10863	CP000239.1:2884601-2885483|CDS|CYA_2868	79.712	695	141	0	1	695	1	695	3.58e-177	618
Ga0374808_01_10030_10863	CP000240.1:1558658-1559549|CDS|CYB_1482	77.188	697	152	4	1	695	1	692	1.43e-150	529
Ga0374808_01_10030_10863	CP000239.1:2886812-2887649|CDS|CYA_2870	73.254	845	205	9	1	833	1	836	5.33e-137	484
Ga0374808_01_10030_10863	CP000240.1:1559946-1560831|CDS|CYB_1483	74.676	695	176	0	1	695	1	695	6.08e-130	461
Ga0374808_01_11198_12079	CP000239.1:2884601-2885483|CDS|CYA_2868	100.000	882	0	0	1	882	1	882	0.0	1591
Ga0374808_01_11198_12079	CP000239.1:2885817-2886651|CDS|CYA_2869	81.727	695	127	0	1	695	1	695	0.0	682
Ga0374808_01_11198_12079	CP000240.1:1559946-1560831|CDS|CYB_1483	78.187	706	154	0	1	706	1	706	9.54e-166	580
Ga0374808_01_11198_12079	CP000240.1:1558658-1559549|CDS|CYB_1482	75.354	706	171	1	1	706	1	703	4.63e-138	488
Ga0374808_01_11198_12079	CP000239.1:2886812-2887649|CDS|CYA_2870	74.822	703	174	1	1	703	1	700	4.34e-132	469
Ga0374808_01_12204_12572	CP000239.1:2884108-2884477|CDS|CYA_2867	100.000	369	0	0	1	369	1	369	0.0	666
Ga0374808_01_12204_12572	CP000240.1:1560911-1561280|CDS|CYB_1484	81.793	368	67	0	1	368	1	368	1.87e-100	362
Ga0374808_01_12626_13180	CP000239.1:2883500-2884055|CDS|CYA_2866	100.000	555	0	0	1	555	1	555	0.0	1002
Ga0374808_01_12626_13180	CP000240.1:1561334-1561886|CDS|CYB_1485	83.549	541	89	0	1	541	1	541	2.52e-164	575
Ga0374808_01_13237_13776	CP000239.1:2882904-2883444|CDS|CYA_2865	99.815	540	1	0	1	540	1	540	0.0	970
Ga0374808_01_13237_13776	CP000240.1:1562118-1562664|CDS|CYB_1486	81.356	531	93	1	16	540	16	546	7.01e-146	513
Ga0374808_01_13889_14341	CP000239.1:2882339-2882792|CDS|CYA_2864	100.000	453	0	0	1	453	1	453	0.0	818
Ga0374808_01_13889_14341	CP000240.1:1331509-1331944|CDS|CYB_1274	79.808	416	82	2	39	453	21	435	1.91e-101	365
Ga0374808_01_14349_15272	CP000239.1:2881408-2882332|CDS|CYA_2863	99.892	924	1	0	1	924	1	924	0.0	1663
Ga0374808_01_14349_15272	CP000240.1:2615877-2616801|CDS|CYB_2518	82.035	924	162	4	1	922	1	922	0.0	904
Ga0374808_01_15315_17507	CP000239.1:2879173-2881366|CDS|CYA_2862	97.355	2193	58	0	1	2193	1	2193	0.0	3694
Ga0374808_01_15315_17507	CP000240.1:2613612-2615805|CDS|CYB_2517	88.238	2185	257	0	1	2185	1	2185	0.0	2782
Ga0374808_01_17976_18188	CP000240.1:2611354-2613433|CDS|CYB_2516	98.122	213	4	0	1	213	1867	2079	2.42e-102	367
Ga0374808_01_17976_18188	CP000239.1:2876636-2878715|CDS|CYA_2861	98.122	213	4	0	1	213	1867	2079	2.42e-102	367
Ga0374808_01_18127_20055	CP000239.1:2876636-2878715|CDS|CYA_2861	92.639	1929	141	1	1	1929	1	1928	0.0	2836
Ga0374808_01_18127_20055	CP000240.1:2611354-2613433|CDS|CYB_2516	92.535	1929	143	1	1	1929	1	1928	0.0	2827
Ga0374808_01_20317_21933	CP000239.1:2874782-2876375|CDS|CYA_2859	99.561	1594	6	1	1	1594	1	1593	0.0	2840
Ga0374808_01_20317_21933	CP000240.1:2609448-2611092|CDS|CYB_2515	80.593	1654	251	16	1	1594	1	1644	0.0	1527
Ga0374808_01_22010_22609	CP000239.1:2874083-2874683|CDS|CYA_2858	99.833	600	1	0	1	600	1	600	0.0	1078
Ga0374808_01_22010_22609	CP000240.1:2608751-2609351|CDS|CYB_2514	89.833	600	61	0	1	600	1	600	0.0	808
Ga0374808_01_22873_23253	CP000240.1:2608128-2608488|CDS|CYB_2513	89.764	381	18	1	1	381	1	360	7.69e-150	526
Ga0374808_01_22873_23253	CP000239.1:2873534-2873894|CDS|CYA_2857	89.764	381	18	1	1	381	1	360	7.69e-150	526
Ga0374808_01_23250_25025	CP000239.1:2871555-2873538|CDS|CYA_2856	98.930	1776	19	0	1	1776	208	1983	0.0	3118
Ga0374808_01_23250_25025	CP000240.1:2606113-2608132|CDS|CYB_2512	88.056	1775	212	0	2	1776	245	2019	0.0	2246
Ga0374808_01_25512_25727	CP000240.1:148417-149311|CDS|CYB_0135	72.727	187	34	3	45	214	489	303	1.05e-24	110
Ga0374808_01_26075_27172	CP000239.1:2869615-2870695|CDS|CYA_2854	100.000	1080	0	0	19	1098	1	1080	0.0	1948
Ga0374808_01_26075_27172	CP000240.1:147254-148340|CDS|CYB_0134	80.300	1066	210	0	8	1073	8	1073	0.0	976
Ga0374808_01_27324_27908	CP000239.1:2868879-2869464|CDS|CYA_2853	100.000	585	0	0	1	585	1	585	0.0	1056
Ga0374808_01_27324_27908	CP000240.1:125416-126004|CDS|CYB_0111	81.449	566	96	3	1	560	1	563	1.57e-154	543
Ga0374808_01_28064_28918	CP000239.1:2867887-2868757|CDS|CYA_2852	99.766	855	2	0	1	855	16	870	0.0	1534
Ga0374808_01_28064_28918	CP000240.1:126235-127117|CDS|CYB_0112	87.375	800	101	0	23	822	62	861	0.0	988
Ga0374808_01_29073_30155	CP000239.1:2866650-2867733|CDS|CYA_2851	99.908	1083	1	0	1	1083	1	1083	0.0	1949
Ga0374808_01_30205_31218	CP000239.1:2865497-2866601|CDS|CYA_2850	99.704	1014	3	0	1	1014	91	1104	0.0	1816
Ga0374808_01_31541_32191	CP000239.1:2864614-2865265|CDS|CYA_2849	100.000	651	0	0	1	651	1	651	0.0	1175
Ga0374808_01_31541_32191	CP000240.1:127261-127912|CDS|CYB_0113	88.923	650	72	0	1	650	1	650	0.0	848
Ga0374808_01_32398_32952	CP000239.1:2863853-2864408|CDS|CYA_2848	99.820	555	1	0	1	555	1	555	0.0	997
Ga0374808_01_32398_32952	CP000240.1:128096-128666|CDS|CYB_0114	84.127	504	74	1	53	550	62	565	1.00e-156	550
Ga0374808_02_214_1041	CP000239.1:782540-783770|CDS|CYA_0777	96.981	828	25	0	1	828	403	1230	0.0	1381
Ga0374808_02_214_1041	CP000239.1:1966854-1968081|CDS|CYA_1956	93.116	799	55	0	1	799	403	1201	0.0	1194
Ga0374808_02_214_1041	CP000240.1:544792-546037|CDS|CYB_0530	73.961	818	199	3	1	814	400	1207	3.12e-146	515
Ga0374808_02_1235_1684	CP000239.1:781897-782347|CDS|CYA_0776	100.000	450	0	0	1	450	1	450	0.0	812
Ga0374808_02_1235_1684	CP000240.1:212011-212446|CDS|CYB_0200	85.548	429	50	2	1	429	1	417	4.45e-141	497
Ga0374808_02_2044_2553	CP000239.1:781028-781538|CDS|CYA_0774	100.000	510	0	0	1	510	1	510	0.0	921
Ga0374808_02_2044_2553	CP000240.1:211181-211715|CDS|CYB_0199	88.115	488	58	0	1	488	1	488	6.17e-178	619
Ga0374808_02_2628_3416	CP000239.1:780165-780984|CDS|CYA_0773	99.873	789	1	0	1	789	31	819	0.0	1419
Ga0374808_02_2628_3416	CP000240.1:209502-210327|CDS|CYB_0196	84.405	731	111	1	1	728	31	761	0.0	803
Ga0374808_02_3526_4356	CP000239.1:779225-780056|CDS|CYA_0772	100.000	831	0	0	1	831	1	831	0.0	1499
Ga0374808_02_3526_4356	CP000240.1:208564-209434|CDS|CYB_0195	79.023	839	149	5	1	812	22	860	0.0	722
Ga0374808_02_4379_5059	CP000239.1:778522-779203|CDS|CYA_0771	99.853	681	1	0	1	681	1	681	0.0	1224
Ga0374808_02_4379_5059	CP000240.1:207846-208548|CDS|CYB_0194	79.822	674	121	3	1	659	1	674	6.42e-173	603
Ga0374808_02_5082_6152	CP000239.1:777429-778500|CDS|CYA_0770	100.000	1071	0	0	1	1071	1	1071	0.0	1932
Ga0374808_02_5082_6152	CP000240.1:206713-207784|CDS|CYB_0193	86.181	1071	148	0	1	1071	1	1071	0.0	1265
Ga0374808_02_6285_6626	CP000239.1:776957-777299|CDS|CYA_0769	100.000	342	0	0	1	342	1	342	1.42e-177	618
Ga0374808_02_6285_6626	CP000240.1:206257-206599|CDS|CYB_0192	88.060	335	40	0	1	335	1	335	1.73e-119	425
Ga0374808_02_6817_7380	CP000239.1:776203-776698|CDS|CYA_0768	100.000	495	0	0	70	564	1	495	0.0	893
Ga0374808_02_6817_7380	CP000240.1:114810-115398|CDS|CYB_0097	81.614	533	98	0	32	564	56	588	4.94e-148	520
Ga0374808_02_7593_8804	CP000239.1:774779-775973|CDS|CYA_0767	100.000	1194	0	0	19	1212	1	1194	0.0	2154
Ga0374808_02_7593_8804	CP000239.1:2170714-2171908|CDS|CYA_2158	93.970	1194	72	0	19	1212	1	1194	0.0	1829
Ga0374808_02_7593_8804	CP000240.1:1954838-1956056|CDS|CYB_1872	92.282	1218	70	1	19	1212	1	1218	0.0	1791
Ga0374808_02_7593_8804	CP000240.1:1083184-1084426|CDS|CYB_1042	90.419	1242	71	2	19	1212	1	1242	0.0	1738
Ga0374808_02_7593_8804	CP000240.1:1803089-1804283|CDS|CYB_1722	92.127	1194	94	0	19	1212	1	1194	0.0	1730
Ga0374808_02_7593_8804	CP000240.1:2796782-2798000|CDS|CYB_2707	90.887	1218	87	1	19	1212	1	1218	0.0	1714
Ga0374808_02_7593_8804	CP000240.1:2644164-2645358|CDS|CYB_2538	91.290	1194	104	0	19	1212	1	1194	0.0	1685
Ga0374808_02_7593_8804	CP000239.1:712444-713638|CDS|CYA_0704	91.039	1194	107	0	19	1212	1	1194	0.0	1672
Ga0374808_02_7593_8804	CP000240.1:2168360-2169515|CDS|CYB_2071	92.889	1125	80	0	19	1143	1	1125	0.0	1669
Ga0374808_02_7593_8804	CP000240.1:1190675-1191869|CDS|CYB_1151	90.544	1195	111	2	19	1212	1	1194	0.0	1639
Ga0374808_02_7593_8804	CP000240.1:1358129-1359347|CDS|CYB_1297	89.491	1218	104	1	19	1212	1	1218	0.0	1637
Ga0374808_02_7593_8804	CP000240.1:1521392-1522610|CDS|CYB_1450	89.409	1218	105	1	19	1212	1	1218	0.0	1633
Ga0374808_02_7593_8804	CP000240.1:2619921-2621115|CDS|CYB_2521	90.209	1195	115	2	19	1212	1	1194	0.0	1621
Ga0374808_02_7593_8804	CP000240.1:638632-639850|CDS|CYB_0630	89.163	1218	108	1	19	1212	1	1218	0.0	1619
Ga0374808_02_7593_8804	CP000240.1:52430-53648|CDS|CYB_0041	88.998	1218	110	1	19	1212	1	1218	0.0	1610
Ga0374808_02_7593_8804	CP000240.1:1064975-1066169|CDS|CYB_1023	89.698	1194	123	0	19	1212	1	1194	0.0	1599
Ga0374808_02_7593_8804	CP000240.1:3008652-3009870|CDS|CYB_2910	88.752	1218	113	1	19	1212	1	1218	0.0	1597
Ga0374808_02_7593_8804	CP000240.1:2830275-2831565|CDS|CYB_2735	87.661	1240	88	3	19	1210	1	1223	0.0	1592
Ga0374808_02_7593_8804	CP000240.1:2553363-2554557|CDS|CYB_2454	89.531	1194	125	0	19	1212	1	1194	0.0	1590
Ga0374808_02_7593_8804	CP000240.1:2210858-2212052|CDS|CYB_2117	89.196	1194	129	0	19	1212	1	1194	0.0	1572
Ga0374808_02_7593_8804	CP000239.1:629980-631174|CDS|CYA_0620	89.196	1194	129	0	19	1212	1	1194	0.0	1572
Ga0374808_02_7593_8804	CP000240.1:1244785-1246021|CDS|CYB_1201	88.322	1216	118	1	19	1210	1	1216	0.0	1571
Ga0374808_02_7593_8804	CP000240.1:1267756-1268992|CDS|CYB_1227	88.332	1217	116	3	19	1210	1	1216	0.0	1565
Ga0374808_02_7593_8804	CP000240.1:2661652-2662870|CDS|CYB_2557	87.931	1218	123	1	19	1212	1	1218	0.0	1552
Ga0374808_02_7593_8804	CP000240.1:1316312-1317548|CDS|CYB_1259	87.747	1216	125	1	19	1210	1	1216	0.0	1539
Ga0374808_02_7593_8804	CP000240.1:481588-482800|CDS|CYB_0472	88.684	1193	133	2	19	1210	1	1192	0.0	1536
Ga0374808_02_7593_8804	CP000240.1:629484-630702|CDS|CYB_0620	87.274	1218	131	1	19	1212	1	1218	0.0	1516
Ga0374808_02_7593_8804	CP000240.1:2933473-2934709|CDS|CYB_2835	86.792	1219	131	5	19	1210	1	1216	0.0	1478
Ga0374808_02_7593_8804	CP000240.1:605550-606744|CDS|CYB_0598	86.600	1194	160	0	19	1212	1	1194	0.0	1433
Ga0374808_02_7593_8804	CP000240.1:2247371-2248565|CDS|CYB_2147	88.000	1125	135	0	19	1143	1	1125	0.0	1421
Ga0374808_02_7593_8804	CP000239.1:698055-699204|CDS|CYA_0690	86.574	1147	130	1	19	1141	1	1147	0.0	1392
Ga0374808_02_7593_8804	CP000239.1:1594889-1596107|CDS|CYA_1585	87.378	1125	142	0	19	1143	1	1125	0.0	1389
Ga0374808_02_7593_8804	CP000239.1:893439-894633|CDS|CYA_0887	87.289	1125	143	0	19	1143	1	1125	0.0	1385
Ga0374808_02_7593_8804	CP000240.1:241642-242836|CDS|CYB_0233	86.679	1126	148	2	19	1143	1	1125	0.0	1348
Ga0374808_02_7593_8804	CP000239.1:994256-995468|CDS|CYA_0981	84.899	1192	180	0	19	1210	1	1192	0.0	1339
Ga0374808_02_7593_8804	CP000240.1:1842322-1843549|CDS|CYB_1759	83.831	1206	167	3	19	1198	1	1204	0.0	1308
Ga0374808_02_7593_8804	CP000240.1:102811-104029|CDS|CYB_0087	84.595	1149	153	1	19	1143	1	1149	0.0	1292
Ga0374808_02_7593_8804	CP000240.1:1384265-1385459|CDS|CYB_1322	83.911	1125	181	0	19	1143	1	1125	0.0	1214
Ga0374808_02_7593_8804	CP000240.1:345730-346924|CDS|CYB_0329	83.733	1125	183	0	19	1143	1	1125	0.0	1205
Ga0374808_02_7593_8804	CP000240.1:1015074-1016268|CDS|CYB_0979	83.378	1125	187	0	19	1143	1	1125	0.0	1187
Ga0374808_02_7593_8804	CP000240.1:2565689-2566883|CDS|CYB_2468	83.111	1125	190	0	19	1143	1	1125	0.0	1173
Ga0374808_02_7593_8804	CP000240.1:2128026-2129220|CDS|CYB_2026	83.260	1129	181	7	19	1143	1	1125	0.0	1160
Ga0374808_02_7593_8804	CP000239.1:693322-694534|CDS|CYA_0687	81.590	1195	214	5	19	1210	1	1192	0.0	1147
Ga0374808_02_7593_8804	CP000240.1:2219258-2220470|CDS|CYB_2126	81.339	1195	217	5	19	1210	1	1192	0.0	1133
Ga0374808_02_7593_8804	CP000240.1:1763450-1764623|CDS|CYB_1688	81.665	1129	199	7	19	1143	1	1125	0.0	1079
Ga0374808_02_7593_8804	CP000240.1:1917270-1918464|CDS|CYB_1826	80.425	1129	213	7	19	1143	1	1125	0.0	1016
Ga0374808_02_7593_8804	CP000240.1:2506708-2507857|CDS|CYB_2410	77.857	1129	130	7	19	1027	1	1129	0.0	986
Ga0374808_02_7593_8804	CP000239.1:88305-89487|CDS|CYA_0091	74.843	1117	255	6	24	1133	6	1103	0.0	745
Ga0374808_02_8836_8961	CP000239.1:774622-774748|CDS|CYA_0766	100.000	126	0	0	1	126	1	126	8.40e-61	228
Ga0374808_02_8836_8961	CP000240.1:1004568-1004760|CDS|CYB_0968	86.842	114	15	0	1	114	67	180	1.17e-33	139
Ga0374808_02_9079_11625	CP000239.1:771958-774466|CDS|CYA_0765	95.335	2508	117	0	40	2547	1	2508	0.0	3996
Ga0374808_02_9079_11625	CP000240.1:1004905-1007419|CDS|CYB_0970	83.090	2466	414	3	82	2545	48	2512	0.0	2557
Ga0374808_02_11638_12345	CP000239.1:771238-771949|CDS|CYA_0764	89.873	711	69	1	1	708	1	711	0.0	957
Ga0374808_02_11638_12345	CP000240.1:140384-141068|CDS|CYB_0127	76.867	683	151	5	1	678	1	681	4.81e-143	504
Ga0374808_02_12383_13141	CP000239.1:770445-771204|CDS|CYA_0763	98.419	759	12	0	1	759	1	759	0.0	1315
Ga0374808_02_12383_13141	CP000240.1:141132-141891|CDS|CYB_0128	87.352	759	96	0	1	759	1	759	0.0	937
Ga0374808_02_13224_16088	CP000239.1:767498-770363|CDS|CYA_0762	97.766	2865	64	0	1	2865	1	2865	0.0	4879
Ga0374808_02_13224_16088	CP000240.1:2549044-2551918|CDS|CYB_2451	88.723	2873	315	1	1	2864	1	2873	0.0	3725
Ga0374808_02_16281_16628	CP000239.1:766951-767290|CDS|CYA_0761	80.460	348	59	2	1	348	1	339	5.40e-88	321
Ga0374808_02_16281_16628	CP000240.1:2548483-2548828|CDS|CYB_2449	76.812	276	50	4	1	263	1	275	2.99e-53	205
Ga0374808_02_16947_17795	CP000239.1:765801-766650|CDS|CYA_0760	90.888	845	77	0	1	845	1	845	0.0	1177
Ga0374808_02_16947_17795	CP000240.1:2547306-2548155|CDS|CYB_2447	85.512	849	123	0	1	849	1	849	0.0	977
Ga0374808_02_17886_19325	CP000239.1:764246-765707|CDS|CYA_0759	88.957	1467	129	5	1	1440	1	1461	0.0	1923
Ga0374808_02_17886_19325	CP000240.1:327027-328524|CDS|CYB_0312	84.701	1170	170	2	277	1440	331	1497	0.0	1303
Ga0374808_02_19746_21494	CP000239.1:760889-762491|CDS|CYA_0756	88.735	1589	179	0	125	1713	2	1590	0.0	2059
Ga0374808_02_19746_21494	CP000240.1:323018-324797|CDS|CYB_0310	80.677	1744	298	9	7	1714	1	1741	0.0	1621
Ga0374808_03_110_1042	CP000239.1:1913691-1914624|CDS|CYA_1903	99.893	933	1	0	1	933	1	933	0.0	1679
Ga0374808_03_110_1042	CP000240.1:504358-505294|CDS|CYB_0491	84.492	935	142	1	1	932	1	935	0.0	1031
Ga0374808_03_1132_1638	CP000239.1:1914935-1915523|CDS|CYA_1904	99.803	507	1	0	1	507	82	588	0.0	911
Ga0374808_03_1132_1638	CP000240.1:505372-505891|CDS|CYB_0492	85.345	464	68	0	2	465	26	489	2.45e-151	531
Ga0374808_03_1959_2174	CP000239.1:1915476-1916058|CDS|CYA_1905	100.000	216	0	0	1	216	367	582	2.16e-109	390
Ga0374808_03_1959_2174	CP000240.1:506210-506717|CDS|CYB_0493	84.211	209	33	0	1	209	292	500	1.56e-60	229
Ga0374808_03_2241_2888	CP000239.1:1916124-1916772|CDS|CYA_1906	99.846	648	1	0	1	648	1	648	0.0	1165
Ga0374808_03_2241_2888	CP000240.1:506812-507466|CDS|CYB_0494	88.037	652	72	2	1	646	1	652	0.0	821
Ga0374808_03_3018_3749	CP000239.1:1916901-1917633|CDS|CYA_1907	99.863	732	1	0	1	732	1	732	0.0	1316
Ga0374808_03_3018_3749	CP000240.1:507619-508351|CDS|CYB_0496	89.208	732	79	0	1	732	1	732	0.0	965
Ga0374808_03_3795_4853	CP000239.1:1917678-1918737|CDS|CYA_1908	99.811	1059	2	0	1	1059	1	1059	0.0	1902
Ga0374808_03_3795_4853	CP000240.1:508357-509446|CDS|CYB_0497	89.518	1059	111	0	1	1059	31	1089	0.0	1410
Ga0374808_03_5030_6217	CP000239.1:1918913-1920101|CDS|CYA_1909	99.916	1188	1	0	1	1188	1	1188	0.0	2139
Ga0374808_03_5030_6217	CP000240.1:509675-510863|CDS|CYB_0498	86.786	1173	155	0	1	1173	1	1173	0.0	1417
Ga0374808_03_6223_6897	CP000239.1:1920106-1920781|CDS|CYA_1910	99.852	675	1	0	1	675	1	675	0.0	1214
Ga0374808_03_6223_6897	CP000240.1:2106781-2107456|CDS|CYB_2001	86.627	673	90	0	1	673	1	673	0.0	809
Ga0374808_03_7058_7804	CP000239.1:1920941-1921688|CDS|CYA_1911	99.732	747	2	0	1	747	1	747	0.0	1339
Ga0374808_03_7058_7804	CP000240.1:2107663-2108410|CDS|CYB_2002	84.070	747	119	0	1	747	1	747	0.0	811
Ga0374808_03_7855_8496	CP000239.1:1921738-1922380|CDS|CYA_1912	99.065	642	6	0	1	642	1	642	0.0	1131
Ga0374808_03_7855_8496	CP000240.1:2108475-2109072|CDS|CYB_2003	83.505	582	96	0	1	582	1	582	2.74e-177	618
Ga0374808_03_8570_10177	CP000239.1:1924289-1925897|CDS|CYA_1915	99.876	1608	2	0	1	1608	1	1608	0.0	2892
Ga0374808_03_8570_10177	CP000240.1:2109128-2110733|CDS|CYB_2004	89.925	1598	159	2	1	1597	1	1597	0.0	2150
Ga0374808_03_10547_11581	CP000239.1:1926266-1927301|CDS|CYA_1916	99.204	1005	8	0	1	1005	1	1005	0.0	1777
Ga0374808_03_10547_11581	CP000240.1:2111974-2113009|CDS|CYB_2006	88.502	1035	119	0	1	1035	1	1035	0.0	1331
Ga0374808_03_11774_12577	CP000240.1:2113201-2114005|CDS|CYB_2009	97.388	804	21	0	1	804	1	804	0.0	1356
Ga0374808_03_12570_13634	CP000240.1:2113997-2115062|CDS|CYB_2008	99.061	1065	10	0	1	1065	1	1065	0.0	1876
Ga0374808_03_12570_13634	CP000239.1:1927377-1928427|CDS|CYA_1917	87.125	1033	133	0	1	1033	1	1033	0.0	1264
Ga0374808_03_13826_14521	CP000239.1:1928618-1929314|CDS|CYA_1918	100.000	696	0	0	1	696	1	696	0.0	1256
Ga0374808_03_14685_16115	CP000239.1:1929458-1930910|CDS|CYA_1919	100.000	1431	0	0	1	1431	22	1452	0.0	2581
Ga0374808_03_16167_16919	CP000239.1:1930961-1931726|CDS|CYA_1920	98.008	753	15	0	1	753	13	765	0.0	1291
Ga0374808_03_16167_16919	CP000240.1:2115281-2116046|CDS|CYB_2011	97.742	753	17	0	1	753	13	765	0.0	1282
Ga0374808_03_16966_17733	CP000240.1:2116080-2116848|CDS|CYB_2012	99.609	768	3	0	1	768	1	768	0.0	1372
Ga0374808_03_16966_17733	CP000239.1:1931760-1932528|CDS|CYA_1921	98.438	768	12	0	1	768	1	768	0.0	1332
Ga0374808_03_17904_19112	CP000239.1:1932698-1933907|CDS|CYA_1922	98.098	1209	23	0	1	1209	1	1209	0.0	2077
Ga0374808_03_17904_19112	CP000240.1:2117022-2118231|CDS|CYB_2013	97.767	1209	27	0	1	1209	1	1209	0.0	2059
Ga0374808_03_19116_20273	CP000239.1:1933910-1935068|CDS|CYA_1923	98.791	1158	14	0	1	1158	1	1158	0.0	2026
Ga0374808_03_19116_20273	CP000240.1:2118234-2119392|CDS|CYB_2014	95.509	1158	52	0	1	1158	1	1158	0.0	1855
Ga0374808_04_773_1441	CP000239.1:16200-16965|CDS|CYA_0016	99.701	670	1	1	1	669	1	670	0.0	1196
Ga0374808_04_773_1441	CP000240.1:1496237-1497014|CDS|CYB_1426	84.076	628	99	1	39	665	39	666	0.0	679
Ga0374808_04_1643_2263	CP000239.1:17165-17786|CDS|CYA_0018	100.000	621	0	0	1	621	1	621	0.0	1121
Ga0374808_04_1643_2263	CP000240.1:1497272-1497911|CDS|CYB_1428	86.577	596	71	1	1	596	22	608	0.0	719
Ga0374808_04_2246_2977	CP000239.1:17768-18500|CDS|CYA_0017	100.000	732	0	0	1	732	1	732	0.0	1321
Ga0374808_04_2246_2977	CP000240.1:1497842-1498625|CDS|CYB_1427	85.042	722	102	2	1	719	1	719	0.0	812
Ga0374808_04_3166_4197	CP000239.1:18688-19720|CDS|CYA_0020	98.256	1032	18	0	1	1032	1	1032	0.0	1781
Ga0374808_04_3166_4197	CP000240.1:1498812-1499829|CDS|CYB_1429	85.884	1013	140	1	1	1010	1	1013	0.0	1181
Ga0374808_04_4183_4689	CP000239.1:19705-20212|CDS|CYA_0019	100.000	507	0	0	1	507	1	507	0.0	915
Ga0374808_04_4183_4689	CP000240.1:3019559-3020066|CDS|CYB_2920	83.401	494	82	0	10	503	10	503	1.27e-148	522
Ga0374808_04_4696_5067	CP000239.1:20218-20590|CDS|CYA_0021	94.070	371	22	0	2	372	2	372	2.01e-163	571
Ga0374808_04_4696_5067	CP000240.1:3020062-3020446|CDS|CYB_2921	77.746	346	67	3	12	352	12	352	7.52e-74	273
Ga0374808_04_5054_5830	CP000239.1:20576-21446|CDS|CYA_0022	97.040	777	23	0	1	777	94	870	0.0	1298
Ga0374808_04_5054_5830	CP000240.1:3020432-3021335|CDS|CYB_2922	84.485	767	119	0	1	767	127	893	0.0	847
Ga0374808_04_6265_6369	CP000239.1:21787-21895|CDS|CYA_0023	100.000	105	0	0	1	105	4	108	1.68e-49	190
Ga0374808_04_6265_6369	CP000240.1:3021525-3021633|CDS|CYB_2923	91.429	105	9	0	1	105	4	108	5.16e-37	150
Ga0374808_04_6561_7652	CP000239.1:22083-23175|CDS|CYA_0024	94.872	1092	56	0	1	1092	1	1092	0.0	1718
Ga0374808_04_6561_7652	CP000240.1:3021851-3022943|CDS|CYB_2924	84.890	1092	165	0	1	1092	1	1092	0.0	1226
Ga0374808_04_7768_9162	CP000239.1:23328-24723|CDS|CYA_0025	98.351	1395	23	0	1	1395	1	1395	0.0	2413
Ga0374808_04_7768_9162	CP000240.1:511014-512409|CDS|CYB_0500	84.252	1397	216	2	1	1395	1	1395	0.0	1523
Ga0374808_04_9350_10648	CP000239.1:24910-26074|CDS|CYA_0026	100.000	1164	0	0	136	1299	1	1164	0.0	2100
Ga0374808_04_9350_10648	CP000240.1:2387497-2388799|CDS|CYB_2281	77.391	1265	250	9	9	1240	6	1267	0.0	985
Ga0374808_04_10641_11006	CP000239.1:26201-26567|CDS|CYA_0027	100.000	366	0	0	1	366	1	366	0.0	661
Ga0374808_04_10641_11006	CP000240.1:2388798-2389182|CDS|CYB_2282	86.351	359	49	0	6	364	24	382	5.31e-120	427
Ga0374808_04_11156_11584	CP000239.1:26692-27145|CDS|CYA_0028	99.767	429	1	0	1	429	25	453	0.0	770
Ga0374808_04_11156_11584	CP000240.1:2389379-2389823|CDS|CYB_2283	86.902	397	52	0	2	398	26	422	9.32e-137	482
Ga0374808_04_11156_11584	CP000240.1:705025-705457|CDS|CYB_0688	77.676	327	73	0	73	399	100	426	5.52e-70	261
Ga0374808_04_11156_11584	CP000239.1:2512197-2512599|CDS|CYA_2501	74.618	327	83	0	73	399	70	396	2.06e-56	216
Ga0374808_04_11592_13973	CP000239.1:27152-29534|CDS|CYA_0029	99.916	2382	2	0	1	2382	1	2382	0.0	4287
Ga0374808_04_11592_13973	CP000240.1:2389873-2392255|CDS|CYB_2284	83.670	2376	373	2	1	2364	1	2373	0.0	2541
Ga0374808_04_14154_14600	CP000239.1:29714-30161|CDS|CYA_0030	99.553	447	2	0	1	447	1	447	0.0	798
Ga0374808_04_14154_14600	CP000240.1:2392457-2392904|CDS|CYB_2285	89.933	447	45	0	1	447	1	447	4.13e-173	604
Ga0374808_04_14928_15308	CP000239.1:30487-30868|CDS|CYA_0031	100.000	381	0	0	1	381	1	381	0.0	688
Ga0374808_04_14928_15308	CP000240.1:2393260-2393641|CDS|CYB_2286	88.451	381	44	0	1	381	1	381	5.53e-139	489
Ga0374808_04_15355_16629	CP000239.1:30914-32189|CDS|CYA_0032	99.686	1275	4	0	1	1275	1	1275	0.0	2282
Ga0374808_04_15355_16629	CP000240.1:2393680-2395045|CDS|CYB_2287	79.072	1271	233	3	38	1275	95	1365	0.0	1110
Ga0374808_04_17007_17660	CP000239.1:32566-33220|CDS|CYA_0034	99.847	654	1	0	1	654	1	654	0.0	1176
Ga0374808_04_18030_18500	CP000239.1:33589-34060|CDS|CYA_0035	99.788	471	1	0	1	471	1	471	0.0	846
Ga0374808_04_18030_18500	CP000240.1:1574006-1574477|CDS|CYB_1499	89.787	470	48	0	1	470	1	470	0.0	632
Ga0374808_04_18550_18663	CP000239.1:34109-34223|CDS|CYA_0036	100.000	114	0	0	1	114	1	114	2.43e-54	206
Ga0374808_04_18550_18663	CP000240.1:1574515-1574629|CDS|CYB_1500	90.265	113	11	0	1	113	1	113	1.34e-38	155
Ga0374808_05_1201_1743	CP000239.1:1744901-1745444|CDS|CYA_1740	100.000	543	0	0	1	543	1	543	0.0	980
Ga0374808_05_1201_1743	CP000240.1:2214226-2214769|CDS|CYB_2120	82.143	532	89	2	6	534	6	534	3.20e-150	528
Ga0374808_05_1201_1743	CP000239.1:688252-688795|CDS|CYA_0681	82.042	529	95	0	6	534	6	534	1.12e-149	526
Ga0374808_05_1937_3073	CP000239.1:1743571-1744708|CDS|CYA_1739	98.153	1137	21	0	1	1137	1	1137	0.0	1957
Ga0374808_05_1937_3073	CP000240.1:1992539-1993676|CDS|CYB_1908	91.205	1137	100	0	1	1137	1	1137	0.0	1600
Ga0374808_05_3143_4201	CP000239.1:1742437-1743493|CDS|CYA_1738	87.689	1056	124	1	10	1059	1	1056	0.0	1320
Ga0374808_05_3143_4201	CP000240.1:1993755-1994811|CDS|CYB_1909	86.553	1056	136	1	10	1059	1	1056	0.0	1266
Ga0374808_05_4370_4837	CP000240.1:1995166-1995601|CDS|CYB_1910	84.434	424	66	0	2	425	2	425	2.25e-132	468
Ga0374808_05_4370_4837	CP000239.1:1741647-1742082|CDS|CYA_1737	83.726	424	69	0	2	425	2	425	4.96e-128	454
Ga0374808_05_4860_6227	CP000239.1:1740121-1741489|CDS|CYA_1736	91.155	1368	121	0	1	1368	1	1368	0.0	1922
Ga0374808_05_4860_6227	CP000240.1:1995759-1997127|CDS|CYB_1911	89.547	1368	143	0	1	1368	1	1368	0.0	1823
Ga0374808_05_6340_7137	CP000240.1:1997239-1998037|CDS|CYB_1912	98.997	798	8	0	1	798	1	798	0.0	1404
Ga0374808_05_6340_7137	CP000239.1:1739211-1740009|CDS|CYA_1735	97.118	798	23	0	1	798	1	798	0.0	1336
Ga0374808_05_6340_7137	CP000240.1:1111281-1112109|CDS|CYB_1074	71.795	624	168	6	57	676	84	703	1.90e-85	313
Ga0374808_05_6340_7137	CP000239.1:1564881-1565709|CDS|CYA_1555	69.968	626	186	2	52	676	79	703	4.78e-74	275
Ga0374808_05_7208_8101	CP000240.1:1998107-1999001|CDS|CYB_1913	99.664	894	3	0	1	894	1	894	0.0	1599
Ga0374808_05_7208_8101	CP000239.1:1738247-1739141|CDS|CYA_1734	99.217	894	7	0	1	894	1	894	0.0	1581
Ga0374808_05_8140_9123	CP000240.1:1999039-2000023|CDS|CYB_1914	98.171	984	18	0	1	984	1	984	0.0	1694
Ga0374808_05_8140_9123	CP000239.1:1737225-1738209|CDS|CYA_1733	97.459	984	25	0	1	984	1	984	0.0	1663
Ga0374808_05_9272_10333	CP000239.1:1736015-1737077|CDS|CYA_1732	99.058	1062	10	0	1	1062	1	1062	0.0	1871
Ga0374808_05_9272_10333	CP000240.1:2000171-2001233|CDS|CYB_1915	98.776	1062	13	0	1	1062	1	1062	0.0	1857
Ga0374808_05_10854_11834	CP000239.1:1734517-1735498|CDS|CYA_1730	97.248	981	27	0	1	981	1	981	0.0	1648
Ga0374808_05_10854_11834	CP000240.1:2001750-2002731|CDS|CYB_1917	96.942	981	30	0	1	981	1	981	0.0	1635
Ga0374808_05_11845_13140	CP000239.1:1733212-1734508|CDS|CYA_1729	96.142	1296	50	0	1	1296	1	1296	0.0	2113
Ga0374808_05_11845_13140	CP000240.1:2002740-2004036|CDS|CYB_1918	94.059	1296	77	0	1	1296	1	1296	0.0	1991
Ga0374808_05_13274_13855	CP000240.1:2004169-2004751|CDS|CYB_1919	99.828	582	1	0	1	582	1	582	0.0	1046
Ga0374808_05_13274_13855	CP000239.1:1732497-1733079|CDS|CYA_1728	99.828	582	1	0	1	582	1	582	0.0	1046
Ga0374808_05_13972_15183	CP000240.1:1803089-1804283|CDS|CYB_1722	93.103	1131	78	0	19	1149	1	1131	0.0	1689
Ga0374808_05_13972_15183	CP000240.1:2830275-2831565|CDS|CYB_2735	88.978	1243	88	3	19	1212	1	1243	0.0	1655
Ga0374808_05_13972_15183	CP000240.1:102811-104029|CDS|CYB_0087	89.737	1218	101	1	19	1212	1	1218	0.0	1651
Ga0374808_05_13972_15183	CP000240.1:2644164-2645358|CDS|CYB_2538	92.267	1125	87	0	19	1143	1	1125	0.0	1637
Ga0374808_05_13972_15183	CP000240.1:52430-53648|CDS|CYB_0041	90.996	1155	80	1	19	1149	1	1155	0.0	1632
Ga0374808_05_13972_15183	CP000240.1:1064975-1066169|CDS|CYB_1023	91.733	1125	93	0	19	1143	1	1125	0.0	1610
Ga0374808_05_13972_15183	CP000240.1:1521392-1522610|CDS|CYB_1450	90.339	1149	87	1	19	1143	1	1149	0.0	1590
Ga0374808_05_13972_15183	CP000240.1:638632-639850|CDS|CYB_0630	90.252	1149	88	1	19	1143	1	1149	0.0	1585
Ga0374808_05_13972_15183	CP000240.1:1190675-1191869|CDS|CYB_1151	91.208	1126	97	2	19	1143	1	1125	0.0	1578
Ga0374808_05_13972_15183	CP000240.1:2168360-2169515|CDS|CYB_2071	90.130	1155	114	0	19	1173	1	1155	0.0	1570
Ga0374808_05_13972_15183	CP000240.1:3008652-3009870|CDS|CYB_2910	89.524	1155	97	1	19	1149	1	1155	0.0	1555
Ga0374808_05_13972_15183	CP000240.1:1358129-1359347|CDS|CYB_1297	89.382	1149	98	1	19	1143	1	1149	0.0	1540
Ga0374808_05_13972_15183	CP000240.1:2796782-2798000|CDS|CYB_2707	89.034	1149	102	1	19	1143	1	1149	0.0	1522
Ga0374808_05_13972_15183	CP000240.1:2247371-2248565|CDS|CYB_2147	87.856	1194	145	0	19	1212	1	1194	0.0	1500
Ga0374808_05_13972_15183	CP000239.1:2170714-2171908|CDS|CYA_2158	89.390	1131	120	0	19	1149	1	1131	0.0	1499
Ga0374808_05_13972_15183	CP000239.1:774779-775973|CDS|CYA_0767	88.978	1125	124	0	19	1143	1	1125	0.0	1471
Ga0374808_05_13972_15183	CP000240.1:1083184-1084426|CDS|CYB_1042	86.853	1179	107	2	19	1149	1	1179	0.0	1462
Ga0374808_05_13972_15183	CP000240.1:1015074-1016268|CDS|CYB_0979	87.051	1197	149	2	19	1212	1	1194	0.0	1457
Ga0374808_05_13972_15183	CP000240.1:1954838-1956056|CDS|CYB_1872	87.532	1155	120	1	19	1149	1	1155	0.0	1452
Ga0374808_05_13972_15183	CP000239.1:712444-713638|CDS|CYA_0704	88.417	1131	131	0	19	1149	1	1131	0.0	1450
Ga0374808_05_13972_15183	CP000240.1:2210858-2212052|CDS|CYB_2117	88.533	1125	129	0	19	1143	1	1125	0.0	1448
Ga0374808_05_13972_15183	CP000240.1:2553363-2554557|CDS|CYB_2454	88.089	1125	134	0	19	1143	1	1125	0.0	1425
Ga0374808_05_13972_15183	CP000240.1:481588-482800|CDS|CYB_0472	86.068	1213	149	5	19	1212	1	1212	0.0	1422
Ga0374808_05_13972_15183	CP000239.1:1594889-1596107|CDS|CYA_1585	85.468	1218	153	1	19	1212	1	1218	0.0	1416
Ga0374808_05_13972_15183	CP000240.1:241642-242836|CDS|CYB_0233	85.774	1195	168	2	19	1212	1	1194	0.0	1382
Ga0374808_05_13972_15183	CP000239.1:893439-894633|CDS|CYA_0887	85.547	1197	167	2	19	1212	1	1194	0.0	1376
Ga0374808_05_13972_15183	CP000240.1:2565689-2566883|CDS|CYB_2468	85.511	1194	173	0	19	1212	1	1194	0.0	1374
Ga0374808_05_13972_15183	CP000240.1:1316312-1317548|CDS|CYB_1259	84.223	1236	153	4	19	1212	1	1236	0.0	1370
Ga0374808_05_13972_15183	CP000239.1:629980-631174|CDS|CYA_0620	86.311	1125	154	0	19	1143	1	1125	0.0	1335
Ga0374808_05_13972_15183	CP000240.1:345730-346924|CDS|CYB_0329	84.461	1197	180	2	19	1212	1	1194	0.0	1317
Ga0374808_05_13972_15183	CP000240.1:1384265-1385459|CDS|CYB_1322	84.255	1194	188	0	19	1212	1	1194	0.0	1306
Ga0374808_05_13972_15183	CP000240.1:2619921-2621115|CDS|CYB_2521	84.902	1126	168	2	19	1143	1	1125	0.0	1258
Ga0374808_05_13972_15183	CP000240.1:2661652-2662870|CDS|CYB_2557	83.464	1149	166	1	19	1143	1	1149	0.0	1233
Ga0374808_05_13972_15183	CP000239.1:994256-995468|CDS|CYA_0981	82.343	1212	196	2	19	1212	1	1212	0.0	1229
Ga0374808_05_13972_15183	CP000240.1:1244785-1246021|CDS|CYB_1201	81.553	1236	186	3	19	1212	1	1236	0.0	1226
Ga0374808_05_13972_15183	CP000240.1:1267756-1268992|CDS|CYB_1227	81.487	1237	185	5	19	1212	1	1236	0.0	1216
Ga0374808_05_13972_15183	CP000240.1:629484-630702|CDS|CYB_0620	82.470	1158	173	3	19	1149	1	1155	0.0	1187
Ga0374808_05_13972_15183	CP000239.1:698055-699204|CDS|CYA_0690	82.548	1146	176	1	19	1140	1	1146	0.0	1183
Ga0374808_05_13972_15183	CP000240.1:2933473-2934709|CDS|CYB_2835	80.772	1243	183	9	19	1212	1	1236	0.0	1175
Ga0374808_05_13972_15183	CP000240.1:605550-606744|CDS|CYB_0598	83.024	1131	192	0	19	1149	1	1131	0.0	1175
Ga0374808_05_13972_15183	CP000240.1:1842322-1843549|CDS|CYB_1759	81.952	1158	179	3	19	1149	1	1155	0.0	1160
Ga0374808_05_13972_15183	CP000240.1:2128026-2129220|CDS|CYB_2026	81.621	1197	214	5	19	1212	1	1194	0.0	1150
Ga0374808_05_13972_15183	CP000240.1:1917270-1918464|CDS|CYB_1826	79.616	1197	238	5	19	1212	1	1194	0.0	1042
Ga0374808_05_13972_15183	CP000240.1:1763450-1764623|CDS|CYB_1688	79.745	1175	232	5	19	1190	1	1172	0.0	1030
Ga0374808_05_13972_15183	CP000240.1:2506708-2507857|CDS|CYB_2410	77.533	1135	133	8	19	1032	1	1134	0.0	972
Ga0374808_05_13972_15183	CP000240.1:2219258-2220470|CDS|CYB_2126	77.348	1214	253	5	19	1212	1	1212	0.0	948
Ga0374808_05_13972_15183	CP000239.1:693322-694534|CDS|CYA_0687	77.348	1214	253	5	19	1212	1	1212	0.0	948
Ga0374808_05_13972_15183	CP000239.1:88305-89487|CDS|CYA_0091	79.137	973	201	2	24	995	6	977	0.0	833
Ga0374808_05_15426_15875	CP000240.1:2005222-2005771|CDS|CYB_1920	94.000	450	27	0	1	450	100	549	0.0	691
Ga0374808_05_15872_16543	CP000239.1:1731289-1732072|CDS|CYA_1727	97.321	672	18	0	1	672	112	783	0.0	1131
Ga0374808_05_15872_16543	CP000240.1:2005831-2006620|CDS|CYB_1921	82.453	644	89	2	1	644	109	728	0.0	665
Ga0374808_05_16668_17000	CP000239.1:1730943-1731276|CDS|CYA_1725	100.000	333	0	0	1	333	1	333	1.06e-172	601
Ga0374808_05_16668_17000	CP000240.1:2006633-2006954|CDS|CYB_1922	83.333	312	52	0	1	312	1	312	9.94e-91	329
Ga0374808_05_17210_18466	CP000239.1:1729477-1730680|CDS|CYA_1723	98.504	1203	18	0	55	1257	1	1203	0.0	2089
Ga0374808_05_17210_18466	CP000240.1:2007300-2008440|CDS|CYB_1924	84.178	1125	178	0	118	1242	1	1125	0.0	1227
Ga0374808_05_18441_18686	CP000239.1:1727721-1729503|CDS|CYA_1724	100.000	246	0	0	1	246	1537	1782	1.29e-125	444
Ga0374808_05_18441_18686	CP000240.1:2008417-2010232|CDS|CYB_1923	88.832	197	22	0	1	197	1573	1769	3.71e-69	257
Ga0374808_06_270_1886	CP000239.1:35580-37047|CDS|CYA_0039	100.000	1467	0	0	151	1617	1	1467	0.0	2646
Ga0374808_06_270_1886	CP000240.1:2861532-2862999|CDS|CYB_2764	85.890	1467	207	0	151	1617	1	1467	0.0	1713
Ga0374808_06_2119_3573	CP000239.1:37429-38884|CDS|CYA_0041	100.000	1455	0	0	1	1455	1	1455	0.0	2625
Ga0374808_06_2119_3573	CP000240.1:2858007-2859468|CDS|CYB_2760	83.630	1460	233	2	1	1454	1	1460	0.0	1553
Ga0374808_06_3570_3923	CP000239.1:38880-39174|CDS|CYA_0040	100.000	294	0	0	61	354	1	294	1.67e-151	531
Ga0374808_06_3570_3923	CP000240.1:2857717-2858011|CDS|CYB_2761	82.624	282	49	0	61	342	1	282	3.24e-78	288
Ga0374808_06_4273_6381	CP000239.1:39583-41692|CDS|CYA_0042	99.953	2109	1	0	1	2109	1	2109	0.0	3800
Ga0374808_06_6431_7729	CP000239.1:41741-43040|CDS|CYA_0043	97.844	1299	28	0	1	1299	1	1299	0.0	2217
Ga0374808_06_6431_7729	CP000240.1:1231466-1232786|CDS|CYB_1193	83.991	1318	187	1	1	1294	1	1318	0.0	1443
Ga0374808_06_7775_8491	CP000239.1:43127-43799|CDS|CYA_0044	98.222	675	9	1	43	717	1	672	0.0	1162
Ga0374808_06_7775_8491	CP000239.1:43924-44719|CDS|CYA_0045	73.381	556	126	5	1	539	1	551	1.82e-91	334
Ga0374808_06_7775_8491	CP000240.1:1230693-1231359|CDS|CYB_1192	70.475	674	181	9	43	710	1	662	4.58e-80	295
Ga0374808_06_8617_9411	CP000239.1:43924-44719|CDS|CYA_0045	99.748	795	2	0	1	795	1	795	0.0	1425
Ga0374808_06_9470_10480	CP000239.1:44777-45890|CDS|CYA_0046	99.604	1011	4	0	1	1011	103	1113	0.0	1806
Ga0374808_06_9470_10480	CP000240.1:1229528-1230635|CDS|CYB_1191	86.957	1012	130	2	1	1011	97	1107	0.0	1223
Ga0374808_06_10681_11418	CP000239.1:45988-46711|CDS|CYA_0047	99.308	723	5	0	16	738	1	723	0.0	1282
Ga0374808_06_10681_11418	CP000240.1:1228691-1229426|CDS|CYB_1190	85.986	735	91	1	16	738	1	735	0.0	868
Ga0374808_06_11535_12518	CP000239.1:46914-47829|CDS|CYA_0048	98.033	915	15	1	73	984	1	915	0.0	1568
Ga0374808_06_12702_13259	CP000239.1:48012-48570|CDS|CYA_0049	99.821	558	1	0	1	558	1	558	0.0	1003
Ga0374808_06_12702_13259	CP000240.1:1226374-1227001|CDS|CYB_1188	84.229	558	88	0	1	558	70	627	3.51e-175	610
Ga0374808_06_13597_14526	CP000239.1:48907-49837|CDS|CYA_0050	98.602	930	13	0	1	930	1	930	0.0	1619
Ga0374808_06_13597_14526	CP000240.1:1225171-1226113|CDS|CYB_1187	89.597	942	86	1	1	930	1	942	0.0	1264
Ga0374808_06_14581_15693	CP000239.1:49891-51004|CDS|CYA_0051	100.000	1113	0	0	1	1113	1	1113	0.0	2008
Ga0374808_06_14581_15693	CP000240.1:1223891-1225124|CDS|CYB_1186	85.752	1130	128	3	1	1097	97	1226	0.0	1329
Ga0374808_06_15859_16359	CP000239.1:51169-51670|CDS|CYA_0052	100.000	501	0	0	1	501	1	501	0.0	904
Ga0374808_06_15859_16359	CP000239.1:50662-51715|CDS|CYA_0054	100.000	501	0	0	1	501	1008	508	0.0	904
Ga0374808_06_15859_16359	CP000240.1:1223347-1223845|CDS|CYB_1185	87.026	501	62	1	1	501	1	498	1.10e-174	609
Ga0374808_07_1784_3754	CP000239.1:1857738-1859988|CDS|CYA_1854	96.144	1971	76	0	1	1971	280	2250	0.0	3213
Ga0374808_07_1784_3754	CP000240.1:474360-476334|CDS|CYB_0468	72.499	1909	502	5	25	1911	25	1932	0.0	1075
Ga0374808_07_3882_5417	CP000239.1:1855685-1857611|CDS|CYA_1852	93.256	1542	98	1	1	1536	385	1926	0.0	2314
Ga0374808_07_3882_5417	CP000240.1:437527-439684|CDS|CYB_0430	75.902	1552	333	15	1	1527	610	2145	0.0	1083
Ga0374808_07_3882_5417	CP000239.1:1820136-1822299|CDS|CYA_1816	75.129	1556	338	16	1	1527	616	2151	0.0	1034
Ga0374808_07_6228_8927	CP000239.1:1852541-1855241|CDS|CYA_1851	98.556	2700	39	0	1	2700	1	2700	0.0	4694
Ga0374808_07_6228_8927	CP000239.1:1817210-1819907|CDS|CYA_1814	89.963	2700	268	1	1	2700	1	2697	0.0	3646
Ga0374808_07_6228_8927	CP000240.1:439913-442607|CDS|CYB_0431	89.259	2700	284	2	1	2700	1	2694	0.0	3559
Ga0374808_07_8965_10077	CP000239.1:1851391-1852504|CDS|CYA_1850	99.820	1113	2	0	1	1113	1	1113	0.0	1999
Ga0374808_07_8965_10077	CP000239.1:1815753-1816890|CDS|CYA_1812	82.850	1137	171	5	1	1113	1	1137	0.0	1171
Ga0374808_07_8965_10077	CP000240.1:442669-443806|CDS|CYB_0432	82.234	1137	178	6	1	1113	1	1137	0.0	1135
Ga0374808_07_12446_12877	CP000240.1:400346-400778|CDS|CYB_0385	93.953	430	26	0	1	430	1	430	0.0	659
Ga0374808_07_12446_12877	CP000239.1:1589129-1589561|CDS|CYA_1579	93.953	430	26	0	1	430	1	430	0.0	659
Ga0374808_07_12874_13491	CP000240.1:400774-401392|CDS|CYB_0386	99.353	618	4	0	1	618	1	618	0.0	1097
Ga0374808_07_13488_13649	CP000240.1:401388-402072|CDS|CYB_0387	100.000	162	0	0	1	162	523	684	3.24e-80	293
Ga0374808_08_330_1694	CP000239.1:1665243-1666608|CDS|CYA_1663	100.000	1365	0	0	1	1365	1	1365	0.0	2462
Ga0374808_08_330_1694	CP000240.1:1058902-1060246|CDS|CYB_1020	82.199	1337	233	2	26	1358	2	1337	0.0	1334
Ga0374808_08_1706_3040	CP000239.1:1666619-1667954|CDS|CYA_1664	99.850	1335	2	0	1	1335	1	1335	0.0	2399
Ga0374808_08_1706_3040	CP000240.1:1060248-1061595|CDS|CYB_1021	79.104	1273	250	6	46	1316	58	1316	0.0	1085
Ga0374808_08_3129_4148	CP000239.1:1668087-1669062|CDS|CYA_1665	99.897	975	1	0	46	1020	1	975	0.0	1755
Ga0374808_08_3129_4148	CP000240.1:1072023-1072998|CDS|CYB_1029	84.817	876	133	0	91	966	82	957	0.0	981
Ga0374808_08_4117_5217	CP000239.1:1669030-1670131|CDS|CYA_1666	99.909	1101	1	0	1	1101	1	1101	0.0	1982
Ga0374808_08_4117_5217	CP000240.1:1073023-1074115|CDS|CYB_1030	78.353	1081	220	5	1	1068	1	1080	0.0	885
Ga0374808_08_5217_5717	CP000239.1:1670100-1670631|CDS|CYA_1667	100.000	501	0	0	1	501	31	531	0.0	904
Ga0374808_08_5217_5717	CP000240.1:1074129-1074669|CDS|CYB_1031	86.667	480	64	0	1	480	31	510	1.86e-165	578
Ga0374808_08_6008_6568	CP000239.1:1670798-1671482|CDS|CYA_1668	100.000	561	0	0	1	561	124	684	0.0	1012
Ga0374808_08_6008_6568	CP000240.1:1074735-1075494|CDS|CYB_1032	80.370	540	100	1	1	540	220	753	5.61e-141	498
Ga0374808_08_6569_7705	CP000239.1:1671617-1672607|CDS|CYA_1669	98.802	1002	0	1	136	1137	1	990	0.0	1760
Ga0374808_08_6569_7705	CP000240.1:1208686-1209706|CDS|CYB_1171	85.557	997	132	3	121	1117	1	985	0.0	1147
Ga0374808_08_7786_8112	CP000239.1:1672705-1673014|CDS|CYA_1670	100.000	309	0	0	19	327	1	309	1.11e-159	558
Ga0374808_08_7786_8112	CP000240.1:1208268-1208577|CDS|CYB_1170	84.416	308	48	0	19	326	1	308	5.39e-94	340
Ga0374808_08_8115_8336	CP000239.1:1673016-1673238|CDS|CYA_1672	100.000	222	0	0	1	222	1	222	1.23e-112	401
Ga0374808_08_8115_8336	CP000240.1:1208044-1208266|CDS|CYB_1169	89.140	221	24	0	1	221	1	221	1.60e-79	291
Ga0374808_08_8389_9939	CP000239.1:1673290-1674907|CDS|CYA_1673	99.936	1551	1	0	1	1551	67	1617	0.0	2793
Ga0374808_08_8389_9939	CP000240.1:1206388-1207999|CDS|CYB_1168	89.219	1549	167	0	1	1549	61	1609	0.0	2041
Ga0374808_08_10551_11318	CP000239.1:1675215-1676220|CDS|CYA_1674	99.870	768	1	0	1	768	238	1005	0.0	1381
Ga0374808_08_10551_11318	CP000240.1:1205038-1206028|CDS|CYB_1167	84.345	741	116	0	2	742	239	979	0.0	814
Ga0374808_08_11315_12097	CP000239.1:1676216-1676999|CDS|CYA_1675	99.872	783	1	0	1	783	1	783	0.0	1408
Ga0374808_08_11315_12097	CP000240.1:1204259-1205042|CDS|CYB_1166	86.247	778	107	0	1	778	1	778	0.0	921
Ga0374808_08_12292_12582	CP000239.1:1677193-1677484|CDS|CYA_1677	100.000	291	0	0	1	291	1	291	5.78e-150	526
Ga0374808_08_12292_12582	CP000240.1:1203778-1204063|CDS|CYB_1165	86.063	287	34	1	1	287	1	281	1.66e-93	339
Ga0374808_08_12292_12582	CP000239.1:529493-529808|CDS|CYA_0511	70.563	231	66	2	1	230	1	230	6.21e-23	104
Ga0374808_08_12292_12582	CP000240.1:316539-316863|CDS|CYB_0302	67.965	231	72	2	1	230	1	230	8.63e-15	77.0
Ga0374808_08_12622_13455	CP000239.1:1677523-1678357|CDS|CYA_1678	100.000	834	0	0	1	834	1	834	0.0	1505
Ga0374808_08_12622_13455	CP000240.1:1202876-1203710|CDS|CYB_1164	87.607	815	101	0	1	815	1	815	0.0	1015
Ga0374808_09_14_655	CP000239.1:1745845-1747699|CDS|CYA_1741	99.844	642	1	0	1	642	1213	1854	0.0	1154
Ga0374808_09_14_655	CP000240.1:631291-633211|CDS|CYB_0623	88.401	569	63	1	1	566	1252	1820	0.0	728
Ga0374808_09_898_1281	CP000239.1:1747941-1748325|CDS|CYA_1742	100.000	384	0	0	1	384	1	384	0.0	693
Ga0374808_09_898_1281	CP000240.1:633207-633606|CDS|CYB_0622	85.632	348	48	2	1	347	1	347	9.46e-111	396
Ga0374808_09_1653_2192	CP000239.1:1748696-1749167|CDS|CYA_1743	100.000	471	0	0	70	540	1	471	0.0	850
Ga0374808_09_1653_2192	CP000240.1:232120-232591|CDS|CYB_0221	85.138	471	70	0	70	540	1	471	2.14e-152	535
Ga0374808_09_2372_2626	CP000239.1:1749394-1749670|CDS|CYA_1744	100.000	255	0	0	1	255	22	276	1.75e-130	461
Ga0374808_09_2372_2626	CP000240.1:231284-231545|CDS|CYB_0220	84.685	222	34	0	1	222	19	240	2.00e-66	248
Ga0374808_09_2638_2808	CP000239.1:1749681-1749852|CDS|CYA_1745	100.000	171	0	0	1	171	1	171	4.48e-85	309
Ga0374808_09_2892_4427	CP000239.1:1749935-1751471|CDS|CYA_1746	94.990	1537	75	2	1	1536	1	1536	0.0	2418
Ga0374808_09_2892_4427	CP000240.1:229470-231006|CDS|CYB_0218	86.104	1540	206	6	1	1536	1	1536	0.0	1793
Ga0374808_09_4472_5410	CP000239.1:1751515-1753342|CDS|CYA_1747	90.542	941	86	2	1	939	1	940	0.0	1290
Ga0374808_09_4472_5410	CP000240.1:227575-229426|CDS|CYB_0217	88.769	926	103	1	13	937	13	938	0.0	1198
Ga0374808_09_5287_6294	CP000239.1:1751515-1753342|CDS|CYA_1747	88.979	989	109	0	1	989	817	1805	0.0	1293
Ga0374808_09_5287_6294	CP000240.1:227575-229426|CDS|CYB_0217	80.287	1045	159	7	1	1008	817	1851	0.0	967
Ga0374808_09_6291_7349	CP000239.1:1753540-1754599|CDS|CYA_1748	90.566	1060	98	2	1	1059	1	1059	0.0	1454
Ga0374808_09_6291_7349	CP000240.1:226513-227569|CDS|CYB_0216	85.578	1047	149	2	1	1046	1	1046	0.0	1201
Ga0374808_09_6291_7349	CP000239.1:1850153-1851218|CDS|CYA_1849	72.188	978	267	4	58	1034	49	1022	7.76e-149	525
Ga0374808_09_6291_7349	CP000239.1:1814549-1815614|CDS|CYA_1811	72.086	978	268	4	58	1034	49	1022	9.45e-148	520
Ga0374808_09_6291_7349	CP000239.1:1288197-1289262|CDS|CYA_1274	71.984	978	269	4	58	1034	49	1022	4.02e-146	516
Ga0374808_09_6291_7349	CP000240.1:384572-385637|CDS|CYB_0371	72.053	984	258	8	58	1034	49	1022	4.02e-146	515
Ga0374808_09_6291_7349	CP000240.1:443946-445011|CDS|CYB_0433	71.951	984	259	8	58	1034	49	1022	1.71e-144	510
Ga0374808_09_7673_10897	CP000239.1:1754922-1758147|CDS|CYA_1749	95.039	3225	160	0	1	3225	1	3225	0.0	5095
Ga0374808_09_7673_10897	CP000240.1:222908-226157|CDS|CYB_0215	87.016	3204	416	0	1	3204	1	3204	0.0	3903
Ga0374808_09_11307_11966	CP000239.1:1758556-1759216|CDS|CYA_1750	100.000	660	0	0	1	660	1	660	0.0	1191
Ga0374808_09_11307_11966	CP000240.1:221296-221977|CDS|CYB_0214	83.407	681	92	3	1	660	1	681	0.0	725
Ga0374808_09_11963_12484	CP000239.1:1759212-1759734|CDS|CYA_1751	100.000	522	0	0	1	522	1	522	0.0	942
Ga0374808_09_11963_12484	CP000240.1:220778-221300|CDS|CYB_0212	85.069	509	76	0	1	509	1	509	6.76e-165	576
Ga0374808_09_12494_12622	CP000239.1:1759743-1760025|CDS|CYA_1752	100.000	129	0	0	1	129	154	282	2.03e-62	233
Ga0374808_09_12494_12622	CP000240.1:220487-220769|CDS|CYB_0211	89.147	129	14	0	1	129	154	282	2.03e-43	170
Ga0374808_10_242_655	CP000239.1:1835352-1835898|CDS|CYA_1831	100.000	414	0	0	1	414	133	546	0.0	747
Ga0374808_10_242_655	CP000240.1:423915-424461|CDS|CYB_0414	99.275	414	3	0	1	414	133	546	0.0	734
Ga0374808_10_242_655	CP000239.1:2474425-2474977|CDS|CYA_2464	70.968	403	115	2	1	402	133	534	2.26e-49	193
Ga0374808_10_242_655	CP000240.1:1503975-1504527|CDS|CYB_1434	68.889	405	120	4	1	402	133	534	6.93e-37	150
Ga0374808_10_698_922	CP000239.1:1835940-1836165|CDS|CYA_1832	100.000	225	0	0	1	225	1	225	2.94e-114	407
Ga0374808_10_698_922	CP000240.1:423648-423873|CDS|CYB_0413	96.444	225	8	0	1	225	1	225	2.12e-103	370
Ga0374808_10_926_1285	CP000240.1:423285-423645|CDS|CYB_0412	99.444	360	2	0	1	360	1	360	0.0	641
Ga0374808_10_926_1285	CP000239.1:1836168-1836528|CDS|CYA_1833	99.444	360	2	0	1	360	1	360	0.0	641
Ga0374808_10_1282_2670	CP000240.1:421900-423295|CDS|CYB_0411	99.352	1389	9	0	1	1389	7	1395	0.0	2465
Ga0374808_10_1282_2670	CP000239.1:1836518-1837925|CDS|CYA_1834	98.632	1389	19	0	1	1389	7	1395	0.0	2420
Ga0374808_10_2667_4007	CP000239.1:1837912-1839250|CDS|CYA_1835	99.253	1338	10	0	4	1341	1	1338	0.0	2369
Ga0374808_10_2667_4007	CP000240.1:420563-421901|CDS|CYB_0410	99.178	1338	11	0	4	1341	1	1338	0.0	2364
Ga0374808_10_4089_4508	CP000240.1:420062-420482|CDS|CYB_0409	98.810	420	5	0	1	420	1	420	0.0	736
Ga0374808_10_4089_4508	CP000239.1:1839324-1839744|CDS|CYA_1836	98.810	420	5	0	1	420	1	420	0.0	736
Ga0374808_10_4511_4966	CP000239.1:1839746-1840202|CDS|CYA_1837	96.053	456	18	0	1	456	1	456	0.0	742
Ga0374808_10_4511_4966	CP000240.1:419604-420060|CDS|CYB_0408	93.640	456	29	0	1	456	1	456	0.0	692
Ga0374808_10_5027_5290	CP000239.1:1840268-1840532|CDS|CYA_1838	95.455	264	12	0	1	264	1	264	4.56e-119	423
Ga0374808_10_5027_5290	CP000240.1:419274-419538|CDS|CYB_0407	94.318	264	15	0	1	264	1	264	1.00e-114	409
Ga0374808_10_5287_5652	CP000240.1:418912-419278|CDS|CYB_0406	96.175	366	14	0	1	366	1	366	1.42e-171	598
Ga0374808_10_5287_5652	CP000239.1:1840528-1840894|CDS|CYA_1839	95.355	366	17	0	1	366	1	366	3.13e-167	584
Ga0374808_10_5695_5994	CP000239.1:1840936-1841236|CDS|CYA_1840	95.667	300	13	0	1	300	1	300	6.38e-137	483
Ga0374808_10_5695_5994	CP000240.1:418570-418870|CDS|CYB_0405	94.667	300	16	0	1	300	1	300	4.03e-133	470
Ga0374808_10_6075_6401	CP000240.1:418164-418542|CDS|CYB_0404	100.000	327	0	0	1	327	52	378	1.88e-169	590
Ga0374808_10_6075_6401	CP000239.1:1841264-1841642|CDS|CYA_1841	96.330	327	12	0	1	327	52	378	3.62e-153	536
Ga0374808_10_6501_6758	CP000240.1:417807-418065|CDS|CYB_0403	97.287	258	7	0	1	258	1	258	2.46e-122	434
Ga0374808_10_6501_6758	CP000239.1:1841736-1841994|CDS|CYA_1842	95.736	258	11	0	1	258	1	258	6.60e-117	416
Ga0374808_10_7294_8754	CP000240.1:415812-417465|CDS|CYB_0402	98.631	1461	20	0	1	1461	193	1653	0.0	2545
Ga0374808_10_7294_8754	CP000239.1:1842336-1843989|CDS|CYA_1843	97.810	1461	32	0	1	1461	193	1653	0.0	2491
Ga0374808_10_8783_9013	CP000240.1:415574-415784|CDS|CYB_0401	95.714	210	9	0	22	231	1	210	1.29e-93	339
Ga0374808_10_8783_9013	CP000239.1:1844017-1844227|CDS|CYA_1844	95.238	210	10	0	22	231	1	210	1.57e-92	334
Ga0374808_10_9200_10009	CP000239.1:1844476-1845244|CDS|CYA_1845	97.656	768	18	0	43	810	1	768	0.0	1305
Ga0374808_10_9200_10009	CP000240.1:414554-415322|CDS|CYB_0399	97.526	768	19	0	43	810	1	768	0.0	1300
Ga0374808_10_10047_10685	CP000240.1:412729-414517|CDS|CYB_0398	97.027	639	18	1	1	639	1	638	0.0	1064
Ga0374808_10_10047_10685	CP000239.1:1845267-1847055|CDS|CYA_1846	95.775	639	26	1	1	639	1	638	0.0	1028
Ga0374808_10_10897_11835	CP000240.1:412729-414517|CDS|CYB_0398	97.870	939	20	0	1	939	850	1788	0.0	1604
Ga0374808_10_10897_11835	CP000239.1:1845267-1847055|CDS|CYA_1846	97.870	939	20	0	1	939	850	1788	0.0	1604
Ga0374808_10_11852_12277	CP000240.1:410817-412713|CDS|CYB_0397	97.887	426	9	0	1	426	1471	1896	0.0	728
Ga0374808_10_11852_12277	CP000239.1:1847073-1848795|CDS|CYA_1847	96.875	416	13	0	1	416	1294	1709	0.0	692
Ga0374808_10_11852_12277	CP000239.1:1599798-1601667|CDS|CYA_1591	82.482	411	72	0	1	411	1456	1866	3.23e-117	417
Ga0374808_11_449_1213	CP000239.1:570095-570899|CDS|CYA_0556	99.739	765	2	0	1	765	40	804	0.0	1371
Ga0374808_11_449_1213	CP000240.1:2948745-2949525|CDS|CYB_2852	84.211	760	108	2	3	762	18	765	0.0	832
Ga0374808_11_1436_1777	CP000239.1:571082-571424|CDS|CYA_0558	99.708	342	1	0	1	342	1	342	6.02e-176	613
Ga0374808_11_1436_1777	CP000240.1:2470725-2471067|CDS|CYB_2364	88.304	342	40	0	1	342	1	342	2.74e-123	437
Ga0374808_11_1786_2088	CP000239.1:571432-571714|CDS|CYA_0559	100.000	264	0	0	1	264	1	264	2.74e-135	477
Ga0374808_11_1786_2088	CP000240.1:2470405-2470696|CDS|CYB_2363	77.444	266	51	3	1	266	1	257	2.58e-53	205
Ga0374808_11_2128_2478	CP000240.1:2470004-2470361|CDS|CYB_2362	84.840	343	52	0	1	343	1	343	1.55e-107	385
Ga0374808_11_2128_2478	CP000239.1:572077-572428|CDS|CYA_0560	83.140	344	58	0	1	344	1	344	6.19e-100	360
Ga0374808_11_2888_5716	CP000239.1:572481-575142|CDS|CYA_0561	99.960	2524	1	0	76	2599	1	2524	0.0	4548
Ga0374808_11_2888_5716	CP000240.1:2463812-2466614|CDS|CYB_2358	89.064	2533	265	5	76	2599	1	2530	0.0	3308
Ga0374808_11_5842_6261	CP000239.1:575342-575762|CDS|CYA_0562	100.000	420	0	0	1	420	1	420	0.0	758
Ga0374808_11_5842_6261	CP000240.1:2463158-2463617|CDS|CYB_2357	86.618	411	55	0	1	411	1	411	5.04e-140	494
Ga0374808_11_6786_8870	CP000239.1:575989-578068|CDS|CYA_0563	99.807	2068	4	0	1	2068	1	2068	0.0	3712
Ga0374808_11_8959_9495	CP000239.1:578156-578693|CDS|CYA_0564	100.000	537	0	0	1	537	1	537	0.0	969
Ga0374808_11_9524_10216	CP000239.1:578721-579414|CDS|CYA_0565	100.000	693	0	0	1	693	1	693	0.0	1251
Ga0374808_11_9524_10216	CP000240.1:1369404-1370121|CDS|CYB_1306	75.278	720	141	9	1	693	1	710	1.04e-138	489
Ga0374808_11_10316_11983	CP000239.1:579513-581181|CDS|CYA_0566	99.640	1668	6	0	1	1668	1	1668	0.0	2982
Ga0374808_11_10316_11983	CP000240.1:1370138-1371857|CDS|CYB_1307	89.043	1588	174	0	29	1616	29	1616	0.0	2080
Ga0374808_12_386_2107	CP000239.1:924901-926623|CDS|CYA_0916	100.000	1722	0	0	1	1722	1	1722	0.0	3106
Ga0374808_12_386_2107	CP000240.1:1021949-1023713|CDS|CYB_0987	84.337	1660	260	0	1	1660	19	1678	0.0	1822
Ga0374808_12_2161_3255	CP000239.1:923753-924848|CDS|CYA_0915	99.817	1095	2	0	1	1095	1	1095	0.0	1966
Ga0374808_12_2161_3255	CP000240.1:1023739-1024873|CDS|CYB_0988	84.809	1073	157	1	1	1067	1	1073	0.0	1202
Ga0374808_12_3411_3731	CP000239.1:923277-923520|CDS|CYA_0914	100.000	243	0	0	79	321	1	243	7.33e-124	439
Ga0374808_12_3411_3731	CP000240.1:1025387-1025630|CDS|CYB_0989	83.951	243	39	0	79	321	1	243	1.17e-70	263
Ga0374808_12_3844_4944	CP000239.1:922064-923165|CDS|CYA_0913	99.909	1101	1	0	1	1101	1	1101	0.0	1982
Ga0374808_12_3844_4944	CP000240.1:1025762-1026860|CDS|CYB_0990	86.104	1101	150	1	1	1101	1	1098	0.0	1295
Ga0374808_12_4951_5646	CP000239.1:921362-922058|CDS|CYA_0912	99.856	696	1	0	1	696	1	696	0.0	1251
Ga0374808_12_4951_5646	CP000240.1:1026866-1027571|CDS|CYB_0991	85.031	648	97	0	8	655	8	655	0.0	732
Ga0374808_12_5696_6703	CP000239.1:920305-921313|CDS|CYA_0911	99.802	1008	2	0	1	1008	1	1008	0.0	1810
Ga0374808_12_5696_6703	CP000240.1:1027681-1028665|CDS|CYB_0992	79.918	971	191	3	40	1008	16	984	0.0	863
Ga0374808_12_6696_8054	CP000239.1:918954-920313|CDS|CYA_0910	100.000	1359	0	0	1	1359	1	1359	0.0	2452
Ga0374808_12_6696_8054	CP000240.1:1028657-1030022|CDS|CYB_0993	87.979	1356	163	0	1	1356	1	1356	0.0	1711
Ga0374808_12_8423_9019	CP000239.1:917989-918616|CDS|CYA_0908	100.000	597	0	0	1	597	31	627	0.0	1077
Ga0374808_12_8423_9019	CP000240.1:2289332-2290067|CDS|CYB_2184	81.301	615	97	1	1	597	121	735	5.60e-173	603
Ga0374808_12_9016_9768	CP000239.1:917240-917993|CDS|CYA_0909	100.000	753	0	0	1	753	1	753	0.0	1359
Ga0374808_12_9016_9768	CP000240.1:2290063-2290804|CDS|CYB_2183	73.969	703	163	6	45	731	12	710	7.60e-122	434
Ga0374808_12_9767_9952	CP000239.1:917056-917242|CDS|CYA_0906	100.000	186	0	0	1	186	1	186	3.52e-93	336
Ga0374808_12_9767_9952	CP000240.1:2291165-2291351|CDS|CYB_2185	84.659	176	27	0	1	176	1	176	7.77e-51	196
Ga0374808_12_9949_10341	CP000239.1:916526-917060|CDS|CYA_0907	99.746	393	1	0	1	393	142	534	0.0	705
Ga0374808_12_9949_10341	CP000240.1:2291355-2291877|CDS|CYB_2186	81.283	374	70	0	4	377	136	509	6.98e-100	360
Ga0374808_12_10561_11091	CP000239.1:915780-916449|CDS|CYA_0905	100.000	531	0	0	1	531	139	669	0.0	958
Ga0374808_12_10561_11091	CP000240.1:2292056-2292593|CDS|CYB_2187	81.055	512	97	0	20	531	26	537	9.57e-138	487
Ga0374808_12_11416_11562	CP000239.1:915447-915594|CDS|CYA_0904	100.000	147	0	0	1	147	1	147	4.02e-72	266
Ga0374808_12_11416_11562	CP000240.1:2292823-2292982|CDS|CYB_2188	84.800	125	19	0	1	125	1	125	4.02e-34	141
Ga0374808_13_39_2381	CP000239.1:2113504-2116435|CDS|CYA_2098	99.360	2343	15	0	1	2343	589	2931	0.0	4158
Ga0374808_13_39_2381	CP000240.1:149925-152892|CDS|CYB_0137	85.593	2360	316	4	1	2336	601	2960	0.0	2727
Ga0374808_13_2390_3172	CP000239.1:2116443-2117259|CDS|CYA_2099	99.745	783	2	0	1	783	34	816	0.0	1404
Ga0374808_13_2390_3172	CP000240.1:2746710-2747625|CDS|CYB_2658	73.019	593	130	3	1	584	1	572	4.10e-100	362
Ga0374808_13_3635_3796	CP000240.1:2749353-2749542|CDS|CYB_2660	79.874	159	20	1	1	147	1	159	8.70e-37	150
Ga0374808_13_3635_3796	CP000239.1:2118940-2119129|CDS|CYA_2101	79.874	159	20	1	1	147	1	159	8.70e-37	150
Ga0374808_13_3897_4145	CP000239.1:2119222-2119831|CDS|CYA_2102	79.608	255	46	2	1	249	355	609	7.75e-59	223
Ga0374808_13_3897_4145	CP000240.1:2749613-2750246|CDS|CYB_2661	77.253	233	47	2	1	227	379	611	2.89e-45	178
Ga0374808_13_4089_4400	CP000239.1:2119222-2119831|CDS|CYA_2102	100.000	312	0	0	1	312	411	100	2.48e-161	563
Ga0374808_13_4089_4400	CP000240.1:2749613-2750246|CDS|CYB_2661	87.500	312	39	0	1	312	435	124	3.94e-108	388
Ga0374808_13_4646_5518	CP000239.1:2119977-2120823|CDS|CYA_2103	99.882	846	1	0	28	873	1	846	0.0	1522
Ga0374808_13_4646_5518	CP000240.1:2751213-2752080|CDS|CYB_2664	84.722	864	132	0	10	873	4	867	0.0	964
Ga0374808_13_5656_6399	CP000239.1:2120987-2121932|CDS|CYA_2104	99.866	744	0	1	1	744	1	743	0.0	1334
Ga0374808_13_5656_6399	CP000240.1:2752204-2753149|CDS|CYB_2665	86.425	744	100	1	1	744	1	743	0.0	884
Ga0374808_13_6332_6601	CP000239.1:2120987-2121932|CDS|CYA_2104	100.000	270	0	0	1	270	676	945	1.34e-138	488
Ga0374808_13_6332_6601	CP000240.1:2752204-2753149|CDS|CYB_2665	87.013	231	30	0	1	231	676	906	1.03e-76	282
Ga0374808_13_6881_7255	CP000239.1:2122211-2122586|CDS|CYA_2105	99.733	375	1	0	1	375	1	375	0.0	673
Ga0374808_13_6881_7255	CP000240.1:2753409-2753784|CDS|CYB_2666	83.467	375	62	0	1	375	1	375	2.64e-111	398
Ga0374808_13_7338_8036	CP000239.1:2122668-2123367|CDS|CYA_2107	99.857	699	1	0	1	699	1	699	0.0	1257
Ga0374808_13_7338_8036	CP000240.1:2753885-2754590|CDS|CYB_2667	82.446	695	122	0	1	695	1	695	0.0	704
Ga0374808_13_8033_10225	CP000239.1:2123363-2125556|CDS|CYA_2106	99.954	2193	1	0	1	2193	1	2193	0.0	3951
Ga0374808_13_8033_10225	CP000240.1:2754665-2756882|CDS|CYB_2668	84.050	2163	339	2	1	2160	1	2160	0.0	2342
Ga0374808_13_10280_10441	CP000239.1:2125624-2125777|CDS|CYA_2108	99.342	152	1	0	1	152	1	152	3.69e-73	270
Ga0374808_14_196_1389	CP000239.1:961325-962519|CDS|CYA_0950	95.561	1194	53	0	1	1194	1	1194	0.0	1915
Ga0374808_14_196_1389	CP000240.1:196290-197484|CDS|CYB_0182	83.236	1193	185	3	1	1181	1	1190	0.0	1251
Ga0374808_14_3094_3591	CP000239.1:960751-961249|CDS|CYA_0949	95.783	498	21	0	1	498	1	498	0.0	804
Ga0374808_14_3094_3591	CP000240.1:2575433-2575955|CDS|CYB_2479	81.224	474	89	0	25	498	49	522	5.29e-128	454
Ga0374808_14_3682_5091	CP000239.1:959249-960659|CDS|CYA_0947	94.681	1410	75	0	1	1410	1	1410	0.0	2205
Ga0374808_14_3682_5091	CP000240.1:2576048-2577467|CDS|CYB_2481	85.582	1408	203	0	1	1408	1	1408	0.0	1625
Ga0374808_14_5088_6002	CP000239.1:957732-959253|CDS|CYA_0948	99.672	915	3	0	1	915	607	1521	0.0	1637
Ga0374808_14_5088_6002	CP000240.1:2577463-2578957|CDS|CYB_2480	80.046	867	159	7	8	864	599	1461	0.0	765
Ga0374808_14_6646_7578	CP000239.1:956762-957695|CDS|CYA_0946	99.464	933	5	0	1	933	1	933	0.0	1661
Ga0374808_14_6646_7578	CP000240.1:2578986-2580075|CDS|CYB_2482	83.607	915	150	0	19	933	175	1089	0.0	975
Ga0374808_14_7735_8577	CP000239.1:955763-956606|CDS|CYA_0945	99.526	843	4	0	1	843	1	843	0.0	1503
Ga0374808_14_7735_8577	CP000240.1:2580273-2581131|CDS|CYB_2483	80.657	853	137	3	8	834	5	855	0.0	807
Ga0374808_14_8596_9672	CP000239.1:954668-955745|CDS|CYA_0944	97.957	1077	22	0	1	1077	1	1077	0.0	1844
Ga0374808_14_8596_9672	CP000240.1:2492542-2493619|CDS|CYB_2391	82.571	1027	179	0	43	1069	43	1069	0.0	1046
Ga0374808_14_9873_10772	CP000239.1:953466-954468|CDS|CYA_0943	99.889	900	1	0	1	900	103	1002	0.0	1619
Ga0374808_14_9873_10772	CP000240.1:931956-932838|CDS|CYB_0899	76.776	887	198	3	15	900	3	882	0.0	665
Ga0374808_14_11018_11206	CP000239.1:952657-953323|CDS|CYA_0942	100.000	189	0	0	1	189	478	666	8.44e-95	342
Ga0374808_14_11018_11206	CP000240.1:931014-931674|CDS|CYB_0898	82.979	188	32	0	2	189	473	660	7.92e-51	196
Ga0374808_15_403_861	CP000239.1:2860210-2860822|CDS|CYA_2842	99.782	459	1	0	1	459	154	612	0.0	824
Ga0374808_15_403_861	CP000240.1:525406-526018|CDS|CYB_0512	78.097	452	99	0	1	452	154	605	1.59e-102	370
Ga0374808_15_865_1014	CP000239.1:2860210-2860822|CDS|CYA_2842	99.333	150	1	0	1	150	1	150	4.11e-72	267
Ga0374808_15_865_1014	CP000240.1:525406-526018|CDS|CYB_0512	73.973	146	38	0	1	146	1	146	5.36e-20	93.3
Ga0374808_15_1116_2117	CP000240.1:524189-525287|CDS|CYB_0511	87.009	993	129	0	1	993	103	1095	0.0	1210
Ga0374808_15_1116_2117	CP000239.1:2859005-2860109|CDS|CYA_2841	86.727	1002	133	0	1	1002	103	1104	0.0	1208
Ga0374808_15_2466_2759	CP000240.1:523546-523924|CDS|CYB_0508	81.229	293	55	0	1	293	85	377	3.95e-76	281
Ga0374808_15_2466_2759	CP000239.1:2857205-2857583|CDS|CYA_2837	69.014	284	88	0	1	284	85	368	9.94e-27	116
Ga0374808_15_3307_7890	CP000240.1:518502-523083|CDS|CYB_0507	87.732	4589	536	18	1	4577	1	4574	0.0	5681
Ga0374808_15_3307_7890	CP000239.1:2852263-2856835|CDS|CYA_2836	88.297	3734	421	5	853	4584	853	4572	0.0	4756
Ga0374808_15_8103_8273	CP000239.1:2851880-2852051|CDS|CYA_2834	100.000	171	0	0	1	171	1	171	4.48e-85	309
Ga0374808_15_8103_8273	CP000239.1:2851883-2852084|CDS|CYA_2833	100.000	168	0	0	4	171	201	34	1.91e-83	304
Ga0374808_15_8103_8273	CP000240.1:518073-518244|CDS|CYB_0506	92.982	171	12	0	1	171	1	171	8.66e-69	255
Ga0374808_15_8674_9738	CP000239.1:2850742-2851807|CDS|CYA_2832	95.099	1061	52	0	1	1061	1	1061	0.0	1680
Ga0374808_15_8674_9738	CP000240.1:516913-518011|CDS|CYB_0505	83.883	1061	171	0	1	1061	34	1094	0.0	1143
Ga0374808_16_23_1048	CP000239.1:1418353-1419934|CDS|CYA_1412	97.852	1024	22	0	1	1024	556	1579	0.0	1748
Ga0374808_16_23_1048	CP000240.1:1686155-1687736|CDS|CYB_1613	96.484	1024	36	0	1	1024	556	1579	0.0	1685
Ga0374808_16_23_1048	CP000239.1:1416274-1417909|CDS|CYA_1411	76.998	1026	234	2	1	1025	610	1634	0.0	780
Ga0374808_16_1191_1736	CP000240.1:1685057-1685897|CDS|CYB_1612	94.495	545	30	0	1	545	295	839	0.0	848
Ga0374808_16_1191_1736	CP000239.1:1420077-1420917|CDS|CYA_1413	89.377	546	58	0	1	546	295	840	0.0	724
Ga0374808_16_2098_3795	CP000239.1:1420984-1422682|CDS|CYA_1414	99.764	1698	4	0	1	1698	1	1698	0.0	3045
Ga0374808_16_2098_3795	CP000240.1:1683281-1684988|CDS|CYB_1611	87.904	1670	202	0	29	1698	38	1707	0.0	2102
Ga0374808_16_4097_6652	CP000239.1:1422998-1425539|CDS|CYA_1415	99.764	2541	6	0	16	2556	1	2541	0.0	4556
Ga0374808_16_4097_6652	CP000240.1:1679986-1682515|CDS|CYB_1609	90.880	2489	223	2	1	2487	1	2487	0.0	3461
Ga0374808_16_6843_7238	CP000239.1:1425729-1426125|CDS|CYA_1416	99.242	396	3	0	1	396	1	396	0.0	701
Ga0374808_16_6843_7238	CP000240.1:1679428-1679800|CDS|CYB_1608	87.025	316	41	0	1	316	1	316	1.77e-107	386
Ga0374808_17_1154_2110	CP000239.1:903530-904487|CDS|CYA_0896	95.089	957	47	0	1	957	1	957	0.0	1515
Ga0374808_17_1154_2110	CP000239.1:662802-663885|CDS|CYA_0654	94.012	835	50	0	25	859	10	844	0.0	1281
Ga0374808_17_1154_2110	CP000240.1:616166-617264|CDS|CYB_0605	91.145	847	75	0	1	847	1	847	0.0	1190
Ga0374808_17_2076_3608	CP000239.1:904452-905985|CDS|CYA_0895	99.739	1533	4	0	1	1533	1	1533	0.0	2747
Ga0374808_17_2076_3608	CP000240.1:2301167-2302700|CDS|CYB_2193	88.715	1533	173	0	1	1533	1	1533	0.0	1985
Ga0374808_17_4139_4504	CP000239.1:906578-906881|CDS|CYA_0898	100.000	303	0	0	64	366	1	303	2.25e-156	547
Ga0374808_17_4139_4504	CP000240.1:2300204-2300507|CDS|CYB_2192	80.634	284	55	0	82	365	19	302	3.83e-71	265
Ga0374808_17_5043_5396	CP000239.1:907419-907773|CDS|CYA_0899	100.000	354	0	0	1	354	1	354	0.0	639
Ga0374808_17_5386_5679	CP000239.1:907762-908056|CDS|CYA_0900	100.000	294	0	0	1	294	1	294	1.37e-151	531
Ga0374808_17_5985_8942	CP000239.1:908361-913500|CDS|CYA_0901	100.000	2958	0	0	1	2958	2182	5139	0.0	5335
Ga0374808_17_5985_8942	CP000240.1:2295285-2300124|CDS|CYB_2191	84.148	2965	446	2	16	2956	1873	4837	0.0	3241
Ga0374808_18_200_808	CP000239.1:927518-928223|CDS|CYA_0918	100.000	609	0	0	1	609	97	705	0.0	1099
Ga0374808_18_200_808	CP000240.1:1020246-1020951|CDS|CYB_0985	85.809	606	86	0	2	607	98	703	0.0	706
Ga0374808_18_883_1689	CP000239.1:928297-929104|CDS|CYA_0919	99.876	807	1	0	1	807	1	807	0.0	1452
Ga0374808_18_883_1689	CP000240.1:1019365-1020172|CDS|CYB_0984	84.758	807	123	0	1	807	1	807	0.0	902
Ga0374808_18_1837_3015	CP000239.1:929251-930337|CDS|CYA_0920	100.000	1086	0	0	94	1179	1	1086	0.0	1959
Ga0374808_18_1837_3015	CP000240.1:535599-536703|CDS|CYB_0520	81.393	1091	197	1	82	1166	1	1091	0.0	1054
Ga0374808_18_3716_4156	CP000239.1:931130-931571|CDS|CYA_0922	100.000	441	0	0	1	441	1	441	0.0	796
Ga0374808_18_3716_4156	CP000240.1:2902367-2902820|CDS|CYB_2802	81.596	451	71	1	1	439	1	451	6.91e-126	446
Ga0374808_18_4436_6334	CP000239.1:932013-933912|CDS|CYA_0923	99.895	1899	2	0	1	1899	1	1899	0.0	3416
Ga0374808_18_4436_6334	CP000240.1:2900035-2901943|CDS|CYB_2801	85.063	1908	276	1	1	1899	1	1908	0.0	2160
Ga0374808_18_6362_7726	CP000239.1:933939-935304|CDS|CYA_0924	100.000	1365	0	0	1	1365	1	1365	0.0	2462
Ga0374808_18_6362_7726	CP000240.1:2897500-2898865|CDS|CYB_2800	85.052	1358	203	0	1	1358	1	1358	0.0	1535
Ga0374808_18_7815_8117	CP000239.1:935392-935695|CDS|CYA_0925	99.670	303	1	0	1	303	1	303	7.85e-155	543
Ga0374808_18_7815_8117	CP000240.1:2897083-2897413|CDS|CYB_2798	83.099	284	48	0	1	284	1	284	5.31e-81	297
Ga0374808_19_1790_4468	CP000239.1:1658285-1661042|CDS|CYA_1658	99.925	2679	2	0	1	2679	79	2757	0.0	4823
Ga0374808_19_1790_4468	CP000240.1:1712649-1715439|CDS|CYB_1641	84.814	2713	377	4	1	2679	79	2790	0.0	3049
Ga0374808_20_1423_2784	CP000239.1:1095620-1096982|CDS|CYA_1077	99.853	1362	2	0	1	1362	1	1362	0.0	2448
Ga0374808_20_1423_2784	CP000240.1:1040369-1041839|CDS|CYB_1001	88.838	1308	146	0	1	1308	85	1392	0.0	1701
Ga0374808_20_2867_3616	CP000239.1:1094788-1095538|CDS|CYA_1076	99.733	750	2	0	1	750	1	750	0.0	1344
Ga0374808_20_2867_3616	CP000240.1:1039633-1040269|CDS|CYB_1000	73.244	598	156	2	127	722	25	620	2.03e-97	352
Ga0374808_20_3660_4109	CP000239.1:1094295-1094745|CDS|CYA_1075	100.000	450	0	0	1	450	1	450	0.0	812
Ga0374808_20_3660_4109	CP000240.1:1039002-1039398|CDS|CYB_0999	87.047	386	50	0	61	446	7	392	1.77e-133	471
Ga0374808_20_4202_6643	CP000239.1:1091761-1094227|CDS|CYA_1074	99.918	2442	2	0	1	2442	25	2466	0.0	4396
Ga0374808_20_4202_6643	CP000240.1:1036443-1038936|CDS|CYB_0998	86.549	2446	308	4	9	2442	57	2493	0.0	2929
Ga0374808_22_28_1611	CP000239.1:962730-964725|CDS|CYA_0951	99.937	1584	1	0	1	1584	412	1995	0.0	2853
Ga0374808_22_28_1611	CP000240.1:194179-196207|CDS|CYB_0181	84.407	1584	247	0	1	1584	445	2028	0.0	1744
Ga0374808_22_1780_3558	CP000239.1:964841-966620|CDS|CYA_0952	96.740	1779	58	0	1	1779	1	1779	0.0	2947
Ga0374808_22_1780_3558	CP000240.1:192244-194026|CDS|CYB_0180	86.387	1741	234	1	19	1756	19	1759	0.0	2070
Ga0374808_22_3674_4495	CP000239.1:966735-967527|CDS|CYA_0953	98.737	792	10	0	1	792	1	792	0.0	1384
Ga0374808_22_3674_4495	CP000240.1:190205-191030|CDS|CYB_0178	81.886	806	143	1	1	806	1	803	0.0	794
Ga0374808_22_4511_4771	CP000239.1:967594-967939|CDS|CYA_0954	80.567	247	48	0	8	254	92	338	5.50e-61	230
Ga0374808_22_4511_4771	CP000240.1:189778-190126|CDS|CYB_0177	72.146	219	57	2	23	239	116	332	3.05e-26	115
Ga0374808_25_459_1235	CP000239.1:1682063-1682840|CDS|CYA_1682	100.000	777	0	0	1	777	1	777	0.0	1402
Ga0374808_25_459_1235	CP000240.1:1198194-1198971|CDS|CYB_1160	89.433	776	82	0	1	776	1	776	0.0	1031
Ga0374808_25_1295_3052	CP000239.1:1680198-1682004|CDS|CYA_1681	99.829	1758	3	0	1	1758	49	1806	0.0	3158
Ga0374808_25_1295_3052	CP000240.1:1199190-1200996|CDS|CYB_1161	88.453	1758	203	0	1	1758	49	1806	0.0	2256
Ga0374808_25_3173_4126	CP000239.1:1679190-1680126|CDS|CYA_1680	99.679	936	3	0	19	954	1	936	0.0	1675
Ga0374808_25_3173_4126	CP000240.1:1201068-1201974|CDS|CYB_1162	85.405	877	128	0	78	954	30	906	0.0	1005
Ga0374808_27_57_557	CP000239.1:2139179-2139680|CDS|CYA_2125	100.000	501	0	0	1	501	1	501	0.0	904
Ga0374808_27_57_557	CP000240.1:2770701-2771202|CDS|CYB_2686	89.379	499	53	0	1	499	1	499	0.0	662
Ga0374808_27_600_1124	CP000239.1:2138612-2139137|CDS|CYA_2124	99.810	525	1	0	1	525	1	525	0.0	943
Ga0374808_27_600_1124	CP000240.1:2770143-2770662|CDS|CYB_2685	87.984	516	62	0	1	516	1	516	0.0	652
Ga0374808_27_1332_2924	CP000239.1:2136812-2138405|CDS|CYA_2123	99.497	1591	8	0	1	1591	1	1591	0.0	2834
Ga0374808_27_1332_2924	CP000240.1:2768335-2769928|CDS|CYB_2684	87.162	1589	204	0	1	1589	1	1589	0.0	1947
Ga0374808_27_2938_3252	CP000239.1:2136484-2136799|CDS|CYA_2122	88.818	313	35	0	1	313	1	313	4.25e-114	407
Ga0374808_27_2938_3252	CP000240.1:2768006-2768321|CDS|CYB_2683	81.150	313	59	0	1	313	1	313	1.59e-81	299
Ga0374808_27_3249_3833	CP000239.1:2135900-2136488|CDS|CYA_2121	92.998	557	39	0	1	557	1	557	0.0	829
Ga0374808_27_3249_3833	CP000240.1:2767422-2768010|CDS|CYB_2682	83.831	569	92	0	12	580	12	580	1.06e-175	612
Ga0374808_28_32_190	CP000239.1:2752180-2752465|CDS|CYA_2736	100.000	159	0	0	1	159	127	285	1.35e-78	288
Ga0374808_28_32_190	CP000240.1:2031904-2032189|CDS|CYB_1940	89.809	157	16	0	1	157	127	283	8.51e-56	212
Ga0374808_28_209_1327	CP000239.1:2751043-2752162|CDS|CYA_2735	100.000	1119	0	0	1	1119	1	1119	0.0	2019
Ga0374808_28_209_1327	CP000240.1:2032211-2033330|CDS|CYB_1941	87.069	1044	135	0	1	1044	1	1044	0.0	1275
Ga0374808_28_1465_2316	CP000239.1:2750054-2750906|CDS|CYA_2734	94.718	852	45	0	1	852	1	852	0.0	1334
Ga0374808_28_1465_2316	CP000240.1:2033502-2034327|CDS|CYB_1942	93.860	798	49	0	1	798	1	798	0.0	1219
Ga0374808_28_2796_3710	CP000240.1:2034748-2035831|CDS|CYB_1943	94.072	911	54	0	1	911	169	1079	0.0	1400
Ga0374808_29_9_749	CP000239.1:2604687-2605959|CDS|CYA_2581	98.920	741	8	0	1	741	532	1272	0.0	1301
Ga0374808_29_9_749	CP000239.1:2083979-2085251|CDS|CYA_2063	98.650	741	10	0	1	741	532	1272	0.0	1292
Ga0374808_29_9_749	CP000239.1:2652297-2653569|CDS|CYA_2636	97.976	741	15	0	1	741	532	1272	0.0	1269
Ga0374808_29_9_749	CP000239.1:1969261-1970533|CDS|CYA_1959	97.841	741	16	0	1	741	532	1272	0.0	1265
Ga0374808_29_9_749	CP000239.1:1160018-1161290|CDS|CYA_1136	97.841	741	16	0	1	741	532	1272	0.0	1265
Ga0374808_29_9_749	CP000239.1:152816-154088|CDS|CYA_0158	97.706	741	17	0	1	741	532	1272	0.0	1260
Ga0374808_29_823_1110	CP000239.1:565109-565394|CDS|CYA_0551	100.000	285	0	0	4	288	1	285	1.03e-146	515
Ga0374808_29_823_1110	CP000240.1:789734-790004|CDS|CYB_0767	78.509	228	47	2	20	246	2	228	7.97e-47	184
Ga0374808_29_1288_2370	CP000239.1:565574-566657|CDS|CYA_0553	100.000	1083	0	0	1	1083	1	1083	0.0	1954
Ga0374808_29_1288_2370	CP000240.1:790195-791278|CDS|CYB_0769	89.012	1083	119	0	1	1083	1	1083	0.0	1417
Ga0374808_29_2367_2648	CP000239.1:566653-567022|CDS|CYA_0552	99.645	282	1	0	1	282	88	369	1.82e-143	505
Ga0374808_29_2367_2648	CP000240.1:791274-791643|CDS|CYB_0768	91.459	281	24	0	2	282	89	369	5.59e-112	399
Ga0374808_30_831_1322	CP000239.1:945551-946043|CDS|CYA_0935	99.593	492	2	0	1	492	1	492	0.0	879
Ga0374808_30_831_1322	CP000240.1:923977-924469|CDS|CYB_0891	90.041	492	49	0	1	492	1	492	0.0	667
Ga0374808_30_1498_2172	CP000239.1:944701-945376|CDS|CYA_0934	100.000	675	0	0	1	675	1	675	0.0	1218
Ga0374808_30_1498_2172	CP000240.1:1075818-1076499|CDS|CYB_1033	88.987	681	69	1	1	675	1	681	0.0	892
Ga0374808_30_2484_3740	CP000239.1:943316-944390|CDS|CYA_0933	99.814	1074	2	0	184	1257	1	1074	0.0	1929
Ga0374808_30_2484_3740	CP000240.1:1076532-1077627|CDS|CYB_1034	78.329	1089	216	5	178	1250	1	1085	0.0	896
Ga0374808_32_80_583	CP000239.1:2086423-2087257|CDS|CYA_2066	100.000	425	0	0	1	425	1	425	0.0	767
Ga0374808_32_80_583	CP000240.1:2073417-2074254|CDS|CYB_1974	83.495	412	68	0	1	412	1	412	4.12e-123	437
Ga0374808_32_705_3017	CP000239.1:2081586-2083899|CDS|CYA_2062	98.962	2313	24	0	1	2313	1	2313	0.0	4064
Ga0374808_32_705_3017	CP000240.1:2076485-2078777|CDS|CYB_1978	86.330	2275	311	0	1	2275	1	2275	0.0	2701
Ga0374808_33_262_1029	CP000239.1:1413770-1414598|CDS|CYA_1408	100.000	768	0	0	1	768	61	828	0.0	1386
Ga0374808_33_262_1029	CP000240.1:1689396-1690182|CDS|CYB_1617	80.952	714	132	2	2	713	53	764	0.0	670
Ga0374808_33_1185_2348	CP000240.1:1688131-1689295|CDS|CYB_1616	92.612	1164	86	0	1	1164	1	1164	0.0	1712
Ga0374808_33_1185_2348	CP000239.1:1414753-1415917|CDS|CYA_1409	88.746	1164	131	0	1	1164	1	1164	0.0	1509
Ga0374808_33_2389_2460	CP000240.1:1687950-1688121|CDS|CYB_1614	100.000	72	0	0	1	72	32	103	8.51e-32	131
Ga0374808_34_286_1926	CP000239.1:2238390-2240031|CDS|CYA_2223	100.000	1641	0	0	1	1641	1	1641	0.0	2960
Ga0374808_34_286_1926	CP000240.1:1511095-1512736|CDS|CYB_1442	88.361	1641	191	0	1	1641	1	1641	0.0	2099
Ga0374808_34_1970_2302	CP000239.1:2237804-2238347|CDS|CYA_2222	100.000	333	0	0	1	333	211	543	1.06e-172	601
Ga0374808_35_510_1268	CP000239.1:938696-939455|CDS|CYA_0929	96.311	759	28	0	1	759	1	759	0.0	1243
Ga0374808_35_510_1268	CP000240.1:1081522-1082305|CDS|CYB_1040	87.380	729	92	0	1	729	1	729	0.0	901
Ga0374808_35_1336_2091	CP000239.1:939522-940422|CDS|CYA_0930	99.735	756	2	0	1	756	145	900	0.0	1355
Ga0374808_35_1336_2091	CP000240.1:1080663-1081458|CDS|CYB_1039	79.248	771	121	6	1	732	1	771	0.0	678
Ga0374808_36_60_731	CP000239.1:937056-937728|CDS|CYA_0927	100.000	672	0	0	1	672	1	672	0.0	1213
Ga0374808_36_60_731	CP000240.1:1084593-1085283|CDS|CYB_1044	86.544	654	85	1	1	654	1	651	0.0	782
Ga0374808_36_753_1016	CP000239.1:936771-937035|CDS|CYA_0926	99.621	264	1	0	1	264	1	264	1.00e-133	472
Ga0374808_36_753_1016	CP000240.1:1085268-1085532|CDS|CYB_1043	85.496	262	38	0	1	262	1	262	1.07e-82	302
Ga0374808_36_1311_1562	CP000240.1:1085680-1086127|CDS|CYB_1046	80.000	210	30	1	27	224	417	208	1.09e-50	196
