Ga0374736_01_218_1642	CP000239.1:1100723-1103042|CDS|CYA_1080	99.719	1425	4	0	1	1425	895	2319	0.0	2553
Ga0374736_01_218_1642	CP000240.1:2041669-2044123|CDS|CYB_1947	72.211	1443	374	10	1	1425	1021	2454	0.0	774
Ga0374736_01_1524_2552	CP000239.1:1099813-1100842|CDS|CYA_1081	99.903	1029	1	0	1	1029	1	1029	0.0	1852
Ga0374736_01_1524_2552	CP000240.1:2040759-2041788|CDS|CYB_1948	85.020	1008	151	0	1	1008	1	1008	0.0	1138
Ga0374736_01_2836_3426	CP000239.1:1098939-1099530|CDS|CYA_1078	100.000	591	0	0	1	591	1	591	0.0	1067
Ga0374736_01_2836_3426	CP000240.1:1043799-1044384|CDS|CYB_1002	84.821	560	81	2	1	558	1	558	2.06e-178	622
Ga0374736_01_3420_3968	CP000239.1:1097086-1098946|CDS|CYA_1079	100.000	549	0	0	1	549	1312	1860	0.0	991
Ga0374736_01_3420_3968	CP000240.1:1041946-1043806|CDS|CYB_1003	85.064	549	82	0	1	549	1312	1860	1.91e-178	621
Ga0374736_01_4080_5279	CP000239.1:1097086-1098946|CDS|CYA_1079	99.750	1200	3	0	1	1200	1	1200	0.0	2151
Ga0374736_01_4080_5279	CP000240.1:1041946-1043806|CDS|CYB_1003	86.633	1197	160	0	1	1197	1	1197	0.0	1438
Ga0374736_01_5384_6745	CP000239.1:1095620-1096982|CDS|CYA_1077	99.853	1362	2	0	1	1362	1	1362	0.0	2448
Ga0374736_01_5384_6745	CP000240.1:1040369-1041839|CDS|CYB_1001	88.838	1308	146	0	1	1308	85	1392	0.0	1701
Ga0374736_01_6828_7577	CP000239.1:1094788-1095538|CDS|CYA_1076	99.733	750	2	0	1	750	1	750	0.0	1344
Ga0374736_01_6828_7577	CP000240.1:1039633-1040269|CDS|CYB_1000	73.244	598	156	2	127	722	25	620	2.03e-97	352
Ga0374736_01_7621_8070	CP000239.1:1094295-1094745|CDS|CYA_1075	100.000	450	0	0	1	450	1	450	0.0	812
Ga0374736_01_7621_8070	CP000240.1:1039002-1039398|CDS|CYB_0999	87.047	386	50	0	61	446	7	392	1.77e-133	471
Ga0374736_01_8163_10604	CP000239.1:1091761-1094227|CDS|CYA_1074	99.877	2442	3	0	1	2442	25	2466	0.0	4391
Ga0374736_01_8163_10604	CP000240.1:1036443-1038936|CDS|CYB_0998	86.509	2446	309	4	9	2442	57	2493	0.0	2925
Ga0374736_01_10785_12008	CP000239.1:1090357-1091581|CDS|CYA_1073	99.918	1224	1	0	1	1224	1	1224	0.0	2204
Ga0374736_01_10785_12008	CP000240.1:1035045-1036269|CDS|CYB_0997	84.477	1224	190	0	1	1224	1	1224	0.0	1352
Ga0374736_01_12148_13842	CP000239.1:1088472-1090218|CDS|CYA_1072	99.941	1695	1	0	1	1695	52	1746	0.0	3053
Ga0374736_01_12148_13842	CP000240.1:1033029-1034934|CDS|CYB_0996	82.567	1652	288	0	37	1688	247	1898	0.0	1682
Ga0374736_01_14109_14564	CP000239.1:1087801-1088257|CDS|CYA_1071	100.000	456	0	0	1	456	1	456	0.0	823
Ga0374736_01_14109_14564	CP000240.1:276170-276629|CDS|CYB_0261	88.235	442	52	0	1	442	1	442	3.70e-161	563
Ga0374736_01_14574_16025	CP000239.1:1086340-1087792|CDS|CYA_1069	99.380	1452	9	0	1	1452	1	1452	0.0	2579
Ga0374736_01_14574_16025	CP000240.1:276638-278102|CDS|CYB_0262	87.216	1455	172	5	1	1442	1	1454	0.0	1776
Ga0374736_01_16192_17640	CP000239.1:1084725-1086174|CDS|CYA_1068	99.931	1449	1	0	1	1449	1	1449	0.0	2609
Ga0374736_01_16192_17640	CP000240.1:278268-279717|CDS|CYB_0263	82.672	1437	249	0	1	1437	1	1437	0.0	1470
Ga0374736_01_18222_18971	CP000239.1:1083394-1084351|CDS|CYA_1067	100.000	750	0	0	1	750	208	957	0.0	1353
Ga0374736_01_18222_18971	CP000240.1:280291-281254|CDS|CYB_0265	81.166	669	102	4	1	663	235	885	0.0	643
Ga0374736_01_19055_19339	CP000239.1:1083026-1083311|CDS|CYA_1066	100.000	285	0	0	1	285	1	285	1.02e-146	515
Ga0374736_01_19055_19339	CP000240.1:281336-281615|CDS|CYB_0266	84.155	284	39	2	2	285	2	279	9.59e-84	306
Ga0374736_01_19426_21153	CP000239.1:1081212-1082940|CDS|CYA_1065	99.942	1728	1	0	1	1728	1	1728	0.0	3112
Ga0374736_01_19426_21153	CP000240.1:281682-283410|CDS|CYB_0267	88.593	1727	197	0	1	1727	1	1727	0.0	2227
Ga0374736_01_21172_22545	CP000239.1:1079820-1081194|CDS|CYA_1064	99.127	1374	12	0	1	1374	1	1374	0.0	2425
Ga0374736_01_21172_22545	CP000240.1:283432-284806|CDS|CYB_0268	87.719	1368	166	2	1	1367	1	1367	0.0	1703
Ga0374736_01_22808_23257	CP000239.1:1079108-1079558|CDS|CYA_1063	100.000	450	0	0	1	450	1	450	0.0	812
Ga0374736_01_22808_23257	CP000240.1:286028-286478|CDS|CYB_0270	88.889	450	50	0	1	450	1	450	3.20e-168	587
Ga0374736_01_23332_23802	CP000239.1:1078416-1079034|CDS|CYA_1062	91.880	468	38	0	4	471	151	618	0.0	673
Ga0374736_01_23332_23802	CP000240.1:286565-287237|CDS|CYB_0271	85.129	464	69	0	1	464	202	665	9.62e-150	526
Ga0374736_01_24053_24565	CP000240.1:287287-287800|CDS|CYB_0272	93.957	513	31	0	1	513	1	513	0.0	786
Ga0374736_01_24053_24565	CP000239.1:1077737-1078295|CDS|CYA_1061	87.992	508	61	0	1	508	46	553	0.0	642
Ga0374736_01_24714_24980	CP000240.1:287861-288215|CDS|CYB_0273	91.760	267	22	0	1	267	88	354	4.05e-107	383
Ga0374736_01_24714_24980	CP000239.1:1077376-1077709|CDS|CYA_1060	86.891	267	35	0	1	267	67	333	3.33e-89	324
Ga0374736_01_25193_27142	CP000239.1:1075231-1077295|CDS|CYA_1059	97.797	1952	40	1	2	1950	113	2064	0.0	3325
Ga0374736_01_25193_27142	CP000240.1:288322-290380|CDS|CYB_0274	86.605	1956	253	2	1	1950	106	2058	0.0	2346
Ga0374736_02_131_1390	CP000239.1:1623052-1624450|CDS|CYA_1620	99.762	1260	3	0	1	1260	139	1398	0.0	2260
Ga0374736_02_131_1390	CP000240.1:2988076-2989450|CDS|CYB_2890	83.499	1206	199	0	3	1208	144	1349	0.0	1278
Ga0374736_02_1411_2598	CP000239.1:1624446-1625658|CDS|CYA_1621	100.000	1188	0	0	1	1188	25	1212	0.0	2143
Ga0374736_02_1411_2598	CP000240.1:2989446-2990658|CDS|CYB_2892	85.497	1186	172	0	1	1186	25	1210	0.0	1364
Ga0374736_02_2692_3591	CP000239.1:1625730-1626651|CDS|CYA_1622	99.778	900	2	0	1	900	22	921	0.0	1615
Ga0374736_02_2692_3591	CP000240.1:1987413-1988340|CDS|CYB_1902	84.658	893	137	0	1	893	22	914	0.0	994
Ga0374736_02_3820_4188	CP000239.1:1626879-1627374|CDS|CYA_1623	100.000	369	0	0	1	369	127	495	0.0	666
Ga0374736_02_3820_4188	CP000240.1:1986963-1987389|CDS|CYB_1901	82.370	346	61	0	19	364	58	403	1.18e-96	350
Ga0374736_02_4346_4837	CP000239.1:1627405-1628002|CDS|CYA_1624	100.000	492	0	0	1	492	106	597	0.0	888
Ga0374736_02_4346_4837	CP000240.1:1986368-1986860|CDS|CYB_1900	80.285	492	97	0	1	492	1	492	6.36e-127	451
Ga0374736_02_5223_5963	CP000239.1:1628282-1629023|CDS|CYA_1625	99.865	741	1	0	1	741	1	741	0.0	1333
Ga0374736_02_5223_5963	CP000240.1:1985629-1986343|CDS|CYB_1899	84.245	603	95	0	1	603	1	603	0.0	660
Ga0374736_02_6778_7911	CP000239.1:1629792-1630971|CDS|CYA_1627	100.000	1134	0	0	1	1134	46	1179	0.0	2046
Ga0374736_02_6778_7911	CP000240.1:1983818-1984997|CDS|CYB_1897	88.496	1130	130	0	5	1134	50	1179	0.0	1452
Ga0374736_02_7902_8552	CP000239.1:1630961-1631612|CDS|CYA_1626	100.000	651	0	0	1	651	1	651	0.0	1175
Ga0374736_02_7902_8552	CP000240.1:1983177-1983828|CDS|CYB_1898	85.407	651	95	0	1	651	1	651	0.0	746
Ga0374736_02_8611_8859	CP000239.1:1631670-1631919|CDS|CYA_1628	100.000	249	0	0	1	249	1	249	3.08e-127	450
Ga0374736_02_8987_9511	CP000239.1:1632070-1632571|CDS|CYA_1629	99.800	501	1	0	25	525	1	501	0.0	900
Ga0374736_02_8987_9511	CP000240.1:935938-936439|CDS|CYB_0906	82.209	489	87	0	25	513	1	489	7.77e-139	490
Ga0374736_02_9534_9842	CP000239.1:1632593-1632902|CDS|CYA_1630	100.000	309	0	0	1	309	1	309	1.04e-159	558
Ga0374736_02_9534_9842	CP000240.1:1333696-1334005|CDS|CYB_1278	88.997	309	34	0	1	309	1	309	1.45e-113	405
Ga0374736_02_9919_10527	CP000239.1:1632978-1633587|CDS|CYA_1631	99.836	609	1	0	1	609	1	609	0.0	1095
Ga0374736_02_9919_10527	CP000240.1:1334082-1334691|CDS|CYB_1279	85.386	609	89	0	1	609	1	609	0.0	698
Ga0374736_02_10647_11996	CP000240.1:1334810-1336124|CDS|CYB_1280	98.492	1326	8	1	25	1350	1	1314	0.0	2308
Ga0374736_02_10647_11996	CP000239.1:1633706-1634978|CDS|CYA_1632	95.294	1275	54	4	79	1350	1	1272	0.0	2017
Ga0374736_02_12142_12873	CP000239.1:1635201-1635933|CDS|CYA_1633	97.268	732	20	0	1	732	1	732	0.0	1231
Ga0374736_02_12142_12873	CP000240.1:1336293-1337025|CDS|CYB_1281	87.432	732	92	0	1	732	1	732	0.0	906
Ga0374736_02_12873_13340	CP000239.1:1635932-1636400|CDS|CYA_1634	99.786	468	1	0	1	468	1	468	0.0	840
Ga0374736_02_12873_13340	CP000240.1:1337042-1337507|CDS|CYB_1282	82.526	475	62	2	1	466	1	463	5.65e-140	493
Ga0374736_02_13840_14592	CP000239.1:1636900-1637653|CDS|CYA_1636	92.563	753	56	0	1	753	1	753	0.0	1106
Ga0374736_02_13840_14592	CP000240.1:1337728-1338484|CDS|CYB_1283	82.503	743	130	0	1	743	1	743	0.0	755
Ga0374736_02_15238_16041	CP000239.1:1638376-1639180|CDS|CYA_1638	100.000	804	0	0	1	804	1	804	0.0	1451
Ga0374736_02_15238_16041	CP000240.1:1609361-1610156|CDS|CYB_1534	87.626	792	92	1	1	792	1	786	0.0	988
Ga0374736_02_16217_17065	CP000239.1:1639355-1640204|CDS|CYA_1639	99.882	849	1	0	1	849	1	849	0.0	1527
Ga0374736_02_16217_17065	CP000240.1:1610315-1611092|CDS|CYB_1535	88.152	709	84	0	1	709	1	709	0.0	901
Ga0374736_02_17272_18687	CP000239.1:1640410-1641823|CDS|CYA_1640	99.506	1416	4	1	1	1416	1	1413	0.0	2521
Ga0374736_02_17272_18687	CP000240.1:1611314-1612730|CDS|CYB_1536	85.826	1404	199	0	13	1416	13	1416	0.0	1636
Ga0374736_02_18750_19739	CP000239.1:1641846-1642875|CDS|CYA_1641	99.798	990	2	0	1	990	40	1029	0.0	1777
Ga0374736_02_18750_19739	CP000240.1:1612786-1613734|CDS|CYB_1537	86.873	937	123	0	1	937	1	937	0.0	1136
Ga0374736_03_100_465	CP000239.1:26201-26567|CDS|CYA_0027	100.000	366	0	0	1	366	1	366	0.0	661
Ga0374736_03_100_465	CP000240.1:2388798-2389182|CDS|CYB_2282	86.351	359	49	0	6	364	24	382	5.31e-120	427
Ga0374736_03_615_1043	CP000239.1:26692-27145|CDS|CYA_0028	99.767	429	1	0	1	429	25	453	0.0	770
Ga0374736_03_615_1043	CP000240.1:2389379-2389823|CDS|CYB_2283	86.398	397	54	0	2	398	26	422	4.83e-134	473
Ga0374736_03_615_1043	CP000240.1:705025-705457|CDS|CYB_0688	77.370	327	74	0	73	399	100	426	6.73e-69	257
Ga0374736_03_615_1043	CP000239.1:2512197-2512599|CDS|CYA_2501	74.312	327	84	0	73	399	70	396	2.51e-55	212
Ga0374736_03_1051_2322	CP000239.1:27152-29534|CDS|CYA_0029	99.921	1272	1	0	1	1272	1111	2382	0.0	2290
Ga0374736_03_1051_2322	CP000240.1:2389873-2392255|CDS|CYB_2284	85.965	1254	173	1	1	1254	1123	2373	0.0	1467
Ga0374736_03_2528_2974	CP000239.1:29714-30161|CDS|CYA_0030	100.000	447	0	0	1	447	1	447	0.0	807
Ga0374736_03_2528_2974	CP000240.1:2392457-2392904|CDS|CYB_2285	89.933	447	45	0	1	447	1	447	4.13e-173	604
Ga0374736_03_3301_3681	CP000239.1:30487-30868|CDS|CYA_0031	100.000	381	0	0	1	381	1	381	0.0	688
Ga0374736_03_3301_3681	CP000240.1:2393260-2393641|CDS|CYB_2286	88.451	381	44	0	1	381	1	381	5.53e-139	489
Ga0374736_03_3728_5002	CP000239.1:30914-32189|CDS|CYA_0032	99.765	1275	3	0	1	1275	1	1275	0.0	2287
Ga0374736_03_3728_5002	CP000240.1:2393680-2395045|CDS|CYB_2287	79.150	1271	232	3	38	1275	95	1365	0.0	1114
Ga0374736_03_5377_6030	CP000239.1:32566-33220|CDS|CYA_0034	99.694	654	2	0	1	654	1	654	0.0	1171
Ga0374736_03_6400_6870	CP000239.1:33589-34060|CDS|CYA_0035	99.788	471	1	0	1	471	1	471	0.0	846
Ga0374736_03_6400_6870	CP000240.1:1574006-1574477|CDS|CYB_1499	89.787	470	48	0	1	470	1	470	0.0	632
Ga0374736_03_6920_7033	CP000239.1:34109-34223|CDS|CYA_0036	100.000	114	0	0	1	114	1	114	2.43e-54	206
Ga0374736_03_6920_7033	CP000240.1:1574515-1574629|CDS|CYB_1500	90.265	113	11	0	1	113	1	113	1.34e-38	155
Ga0374736_03_7367_7765	CP000239.1:2654240-2654639|CDS|CYA_2639	99.749	399	1	0	1	399	1	399	0.0	716
Ga0374736_03_7367_7765	CP000239.1:1663935-1664334|CDS|CYA_1661	99.749	399	1	0	1	399	1	399	0.0	716
Ga0374736_03_7367_7765	CP000239.1:1300762-1301161|CDS|CYA_1291	99.749	399	1	0	1	399	1	399	0.0	716
Ga0374736_03_7367_7765	CP000239.1:2728529-2728928|CDS|CYA_2709	99.499	399	2	0	1	399	1	399	0.0	711
Ga0374736_03_7367_7765	CP000239.1:2862566-2862965|CDS|CYA_2845	98.997	399	4	0	1	399	1	399	0.0	702
Ga0374736_03_7367_7765	CP000239.1:1152553-1152952|CDS|CYA_1126	98.997	399	4	0	1	399	1	399	0.0	702
Ga0374736_03_7367_7765	CP000239.1:1013062-1013461|CDS|CYA_0999	98.997	399	4	0	1	399	1	399	0.0	702
Ga0374736_03_7367_7765	CP000239.1:34556-34955|CDS|CYA_0037	98.997	399	4	0	1	399	1	399	0.0	702
Ga0374736_03_7367_7765	CP000239.1:1290362-1291310|CDS|CYA_1279	99.000	400	3	1	1	399	1	400	0.0	700
Ga0374736_03_7367_7765	CP000239.1:1612111-1613059|CDS|CYA_1604	98.750	400	4	1	1	399	1	400	0.0	696
Ga0374736_03_7367_7765	CP000239.1:1321049-1321982|CDS|CYA_1311	98.750	400	4	1	1	399	1	400	0.0	696
Ga0374736_03_7367_7765	CP000239.1:51699-52647|CDS|CYA_0053	98.750	400	4	1	1	399	1	400	0.0	696
Ga0374736_03_7367_7765	CP000239.1:2101748-2102147|CDS|CYA_2082	98.496	399	6	0	1	399	1	399	0.0	693
Ga0374736_03_7367_7765	CP000239.1:1367794-1368193|CDS|CYA_1358	98.496	399	6	0	1	399	1	399	0.0	693
Ga0374736_03_7367_7765	CP000239.1:2740042-2740447|CDS|CYA_2722	98.496	399	5	1	1	399	1	398	0.0	690
Ga0374736_03_7367_7765	CP000239.1:2026942-2027347|CDS|CYA_2010	98.496	399	5	1	1	399	1	398	0.0	690
Ga0374736_03_7968_8288	CP000239.1:34936-35488|CDS|CYA_0038	98.754	321	4	0	1	321	232	552	8.92e-161	562
Ga0374736_03_7968_8288	CP000239.1:1321049-1321982|CDS|CYA_1311	98.442	321	5	0	1	321	613	933	3.79e-159	557
Ga0374736_03_7968_8288	CP000239.1:2101215-2101767|CDS|CYA_2081	97.819	321	7	0	1	321	232	552	1.96e-156	548
Ga0374736_03_7968_8288	CP000239.1:2653692-2654259|CDS|CYA_2637	94.048	336	5	1	1	321	232	567	6.42e-150	526
Ga0374736_03_7968_8288	CP000239.1:1290362-1291310|CDS|CYA_1279	94.048	336	5	1	1	321	613	948	6.42e-150	526
Ga0374736_03_7968_8288	CP000239.1:1152933-1153500|CDS|CYA_1127	94.048	336	5	1	1	321	232	567	6.42e-150	526
Ga0374736_03_7968_8288	CP000239.1:1012514-1013081|CDS|CYA_0998	94.048	336	5	1	1	321	232	567	6.42e-150	526
Ga0374736_03_7968_8288	CP000239.1:2863003-2863513|CDS|CYA_2846	93.750	336	6	1	1	321	175	510	2.73e-148	521
Ga0374736_03_7968_8288	CP000239.1:1368174-1368741|CDS|CYA_1360	93.750	336	6	1	1	321	232	567	2.73e-148	521
Ga0374736_03_7968_8288	CP000239.1:2728909-2729476|CDS|CYA_2710	93.452	336	7	1	1	321	232	567	3.33e-147	517
Ga0374736_03_7968_8288	CP000239.1:1664315-1664882|CDS|CYA_1662	93.452	336	7	1	1	321	232	567	3.33e-147	517
Ga0374736_03_7968_8288	CP000239.1:1612111-1613059|CDS|CYA_1604	93.452	336	7	1	1	321	613	948	3.33e-147	517
Ga0374736_03_7968_8288	CP000239.1:1300214-1300781|CDS|CYA_1289	93.452	336	7	1	1	321	232	567	3.33e-147	517
Ga0374736_03_7968_8288	CP000239.1:51699-52647|CDS|CYA_0053	93.452	336	7	1	1	321	613	948	3.33e-147	517
Ga0374736_03_8381_9997	CP000239.1:35580-37047|CDS|CYA_0039	99.932	1467	1	0	151	1617	1	1467	0.0	2642
Ga0374736_03_8381_9997	CP000240.1:2861532-2862999|CDS|CYB_2764	85.821	1467	208	0	151	1617	1	1467	0.0	1709
Ga0374736_03_10230_11684	CP000239.1:37429-38884|CDS|CYA_0041	99.175	1455	12	0	1	1455	1	1455	0.0	2571
Ga0374736_03_10230_11684	CP000240.1:2858007-2859468|CDS|CYB_2760	83.562	1460	234	2	1	1454	1	1460	0.0	1548
Ga0374736_03_11681_12034	CP000239.1:38880-39174|CDS|CYA_0040	100.000	294	0	0	61	354	1	294	1.67e-151	531
Ga0374736_03_11681_12034	CP000240.1:2857717-2858011|CDS|CYB_2761	82.624	282	49	0	61	342	1	282	3.24e-78	288
Ga0374736_03_12384_14492	CP000239.1:39583-41692|CDS|CYA_0042	99.953	2109	1	0	1	2109	1	2109	0.0	3800
Ga0374736_03_14542_15840	CP000239.1:41741-43040|CDS|CYA_0043	97.844	1299	28	0	1	1299	1	1299	0.0	2217
Ga0374736_03_14542_15840	CP000240.1:1231466-1232786|CDS|CYB_1193	83.991	1318	187	1	1	1294	1	1318	0.0	1443
Ga0374736_03_16127_16603	CP000239.1:43127-43799|CDS|CYA_0044	99.161	477	4	0	1	477	196	672	0.0	843
Ga0374736_03_16127_16603	CP000240.1:1230693-1231359|CDS|CYB_1192	67.857	476	135	9	1	470	199	662	3.42e-35	145
Ga0374736_03_16729_17523	CP000239.1:43924-44719|CDS|CYA_0045	100.000	795	0	0	1	795	1	795	0.0	1434
Ga0374736_04_189_1232	CP000239.1:554248-555292|CDS|CYA_0542	99.808	1044	2	0	1	1044	1	1044	0.0	1874
Ga0374736_04_189_1232	CP000240.1:2358883-2359927|CDS|CYB_2257	90.307	1042	101	0	1	1042	1	1042	0.0	1425
Ga0374736_04_1489_1746	CP000239.1:553735-553993|CDS|CYA_0540	100.000	258	0	0	1	258	1	258	4.16e-132	466
Ga0374736_04_1489_1746	CP000240.1:2358349-2358625|CDS|CYB_2256	82.456	228	40	0	1	228	1	228	1.56e-61	232
Ga0374736_04_1748_1984	CP000239.1:553497-553734|CDS|CYA_0539	99.578	237	1	0	1	237	1	237	4.05e-119	424
Ga0374736_04_1748_1984	CP000240.1:2358009-2358276|CDS|CYB_2255	76.604	265	32	2	1	235	1	265	3.12e-57	217
Ga0374736_04_2147_2755	CP000239.1:552726-553335|CDS|CYA_0537	100.000	609	0	0	1	609	1	609	0.0	1099
Ga0374736_04_2147_2755	CP000240.1:2357236-2357845|CDS|CYB_2254	92.447	609	46	0	1	609	1	609	0.0	892
Ga0374736_04_3125_3559	CP000239.1:551961-552357|CDS|CYA_0536	100.000	396	0	0	40	435	1	396	0.0	715
Ga0374736_04_3125_3559	CP000240.1:2356576-2357002|CDS|CYB_2253	88.967	426	47	0	10	435	1	426	5.23e-159	557
Ga0374736_04_3782_4666	CP000239.1:550815-551700|CDS|CYA_0535	100.000	885	0	0	1	885	1	885	0.0	1597
Ga0374736_04_3782_4666	CP000240.1:2355469-2356333|CDS|CYB_2252	86.698	842	111	1	1	841	1	842	0.0	1011
Ga0374736_04_4676_5203	CP000239.1:550278-550806|CDS|CYA_0534	100.000	528	0	0	1	528	1	528	0.0	953
Ga0374736_04_4676_5203	CP000240.1:2354502-2355138|CDS|CYB_2251	82.816	483	83	0	28	510	22	504	5.26e-141	498
Ga0374736_04_5352_5648	CP000239.1:549833-550130|CDS|CYA_0533	100.000	297	0	0	1	297	1	297	3.27e-153	536
Ga0374736_04_5352_5648	CP000240.1:136596-136893|CDS|CYB_0124	81.818	275	50	0	1	275	1	275	2.07e-73	271
Ga0374736_04_5700_5960	CP000239.1:549521-549782|CDS|CYA_0532	99.617	261	1	0	1	261	1	261	4.21e-132	467
Ga0374736_04_5700_5960	CP000240.1:136912-137173|CDS|CYB_0125	87.692	260	32	0	1	260	1	260	9.30e-90	325
Ga0374736_04_6026_8812	CP000239.1:546669-549456|CDS|CYA_0531	98.529	2787	41	0	1	2787	1	2787	0.0	4842
Ga0374736_04_6026_8812	CP000240.1:137265-140061|CDS|CYB_0126	82.708	2799	467	5	1	2786	1	2795	0.0	2859
Ga0374736_04_8873_9421	CP000239.1:545800-546625|CDS|CYA_0530	97.191	534	14	1	17	549	292	825	0.0	893
Ga0374736_04_8873_9421	CP000240.1:575033-575858|CDS|CYB_0565	87.828	534	64	1	17	549	292	825	0.0	667
Ga0374736_04_13493_13675_DR1	CP000240.1:2473047-2474172|CDS|CYB_2367	100.000	36	0	0	1	36	122	87	9.34e-13	66.2
Ga0374736_04_13493_13675_DR1	CP000240.1:380442-381219|CDS|CYB_0364	100.000	34	0	0	1	34	762	729	1.14e-11	62.6
Ga0374736_04_13493_13675_DR2	CP000240.1:2473047-2474172|CDS|CYB_2367	100.000	36	0	0	1	36	122	87	9.34e-13	66.2
Ga0374736_04_13493_13675_DR2	CP000240.1:380442-381219|CDS|CYB_0364	100.000	34	0	0	1	34	762	729	1.14e-11	62.6
Ga0374736_04_13493_13675_DR3	CP000240.1:2473047-2474172|CDS|CYB_2367	97.222	36	1	0	1	36	122	87	3.97e-11	61.7
Ga0374736_04_13683_14507	CP000239.1:545800-546625|CDS|CYA_0530	94.182	825	48	0	1	825	1	825	0.0	1272
Ga0374736_04_13683_14507	CP000240.1:575033-575858|CDS|CYB_0565	93.576	825	53	0	1	825	1	825	0.0	1250
Ga0374736_05_60_1415	CP000239.1:708184-710911|CDS|CYA_0702	99.926	1356	1	0	1	1356	1372	2727	0.0	2442
Ga0374736_05_60_1415	CP000240.1:2995884-2998611|CDS|CYB_2898	97.935	1356	28	0	1	1356	1372	2727	0.0	2320
Ga0374736_05_60_1415	CP000239.1:1866700-1869412|CDS|CYA_1863	83.695	1337	218	0	1	1337	1366	2702	0.0	1429
Ga0374736_05_1425_1931	CP000239.1:707668-708175|CDS|CYA_0701	100.000	507	0	0	1	507	1	507	0.0	915
Ga0374736_05_1425_1931	CP000240.1:2998620-2999127|CDS|CYB_2899	99.211	507	4	0	1	507	1	507	0.0	897
Ga0374736_05_1425_1931	CP000239.1:1279027-1279534|CDS|CYA_1263	87.771	507	62	0	1	507	1	507	0.0	636
Ga0374736_05_2024_2965	CP000239.1:706634-707576|CDS|CYA_0700	99.894	942	1	0	1	942	1	942	0.0	1695
Ga0374736_05_2024_2965	CP000240.1:2999219-3000161|CDS|CYB_2900	98.089	942	18	0	1	942	1	942	0.0	1618
Ga0374736_05_3087_4016	CP000239.1:705466-706513|CDS|CYA_0699	100.000	930	0	0	1	930	118	1047	0.0	1678
Ga0374736_05_4253_4408	CP000240.1:3000587-3001670|CDS|CYB_2901	98.718	156	2	0	1	156	1071	916	2.90e-74	273
Ga0374736_05_4253_4408	CP000239.1:705227-705359|CDS|CYA_0698	100.000	120	0	0	1	120	120	1	1.96e-57	217
Ga0374736_05_4253_4408	CP000239.1:2025295-2026390|CDS|CYA_2009	75.484	155	35	1	2	153	1082	928	2.55e-24	107
Ga0374736_05_4634_5602	CP000239.1:703997-704966|CDS|CYA_0697	100.000	969	0	0	1	969	1	969	0.0	1748
Ga0374736_05_4634_5602	CP000240.1:3000587-3001670|CDS|CYB_2901	99.016	915	9	0	1	915	1	915	0.0	1610
Ga0374736_05_4634_5602	CP000239.1:2025295-2026390|CDS|CYA_2009	81.926	924	156	3	1	914	1	923	0.0	911
Ga0374736_05_5583_5804	CP000239.1:703720-704017|CDS|CYA_0696	99.099	222	2	0	1	222	76	297	6.38e-110	392
Ga0374736_05_6315_6551	CP000240.1:3002382-3002619|CDS|CYB_2902	100.000	237	0	0	1	237	1	237	9.52e-121	428
Ga0374736_05_6315_6551	CP000239.1:703050-703287|CDS|CYA_0695	99.578	237	1	0	1	237	1	237	4.05e-119	424
Ga0374736_05_6315_6551	CP000239.1:1366454-1366745|CDS|CYA_1355	87.773	229	28	0	1	229	55	283	2.10e-78	288
Ga0374736_05_7017_7511	CP000240.1:3003084-3003579|CDS|CYB_2903	98.182	495	9	0	1	495	1	495	0.0	853
Ga0374736_05_7017_7511	CP000239.1:702090-702585|CDS|CYA_0694	97.778	495	11	0	1	495	1	495	0.0	844
Ga0374736_05_7017_7511	CP000239.1:719077-719575|CDS|CYA_0712	83.707	491	80	0	4	494	7	497	1.01e-149	526
Ga0374736_05_7733_8587	CP000239.1:701014-701869|CDS|CYA_0692	98.129	855	16	0	1	855	1	855	0.0	1471
Ga0374736_05_7733_8587	CP000240.1:3003800-3004655|CDS|CYB_2905	97.544	855	21	0	1	855	1	855	0.0	1448
Ga0374736_05_7733_8587	CP000239.1:719653-720526|CDS|CYA_0714	87.322	844	107	0	1	844	1	844	0.0	1040
Ga0374736_05_8584_9807	CP000239.1:699773-701018|CDS|CYA_0693	96.627	1245	21	1	1	1224	1	1245	0.0	2071
Ga0374736_05_8584_9807	CP000240.1:3004651-3005875|CDS|CYB_2904	96.569	1224	42	0	1	1224	1	1224	0.0	2019
Ga0374736_05_8584_9807	CP000239.1:720522-721737|CDS|CYA_0713	81.670	1162	188	6	1	1139	1	1160	0.0	1131
Ga0374736_05_9942_10091	CP000240.1:3006009-3006159|CDS|CYB_2906	99.333	150	1	0	1	150	1	150	4.11e-72	267
Ga0374736_05_9942_10091	CP000239.1:699489-699639|CDS|CYA_0691	99.333	150	1	0	1	150	1	150	4.11e-72	267
Ga0374736_05_9942_10091	CP000239.1:721906-722056|CDS|CYA_0716	80.000	150	30	0	1	150	1	150	5.02e-33	136
Ga0374736_05_10377_11525	CP000239.1:698055-699204|CDS|CYA_0690	99.913	1149	1	0	1	1149	1	1149	0.0	2068
Ga0374736_05_10377_11525	CP000240.1:2661652-2662870|CDS|CYB_2557	94.943	1147	58	0	1	1147	1	1147	0.0	1808
Ga0374736_05_10377_11525	CP000240.1:2619921-2621115|CDS|CYB_2521	92.683	1148	58	3	1	1147	1	1123	0.0	1702
Ga0374736_05_10377_11525	CP000239.1:893439-894633|CDS|CYA_0887	91.878	1145	69	1	1	1145	1	1121	0.0	1663
Ga0374736_05_10377_11525	CP000240.1:1244785-1246021|CDS|CYB_1201	90.009	1171	69	2	1	1147	1	1147	0.0	1619
Ga0374736_05_10377_11525	CP000240.1:1842322-1843549|CDS|CYB_1759	91.282	1147	100	0	1	1147	1	1147	0.0	1618
Ga0374736_05_10377_11525	CP000240.1:1267756-1268992|CDS|CYB_1227	90.102	1172	66	4	1	1147	1	1147	0.0	1618
Ga0374736_05_10377_11525	CP000240.1:629484-630702|CDS|CYB_0620	90.000	1170	69	2	1	1146	1	1146	0.0	1618
Ga0374736_05_10377_11525	CP000240.1:241642-242836|CDS|CYB_0233	90.418	1148	84	3	1	1147	1	1123	0.0	1585
Ga0374736_05_10377_11525	CP000240.1:2933473-2934709|CDS|CYB_2835	89.420	1172	74	4	1	1147	1	1147	0.0	1582
Ga0374736_05_10377_11525	CP000240.1:481588-482800|CDS|CYB_0472	89.983	1148	89	3	1	1147	1	1123	0.0	1563
Ga0374736_05_10377_11525	CP000239.1:994256-995468|CDS|CYA_0981	88.840	1147	104	1	1	1147	1	1123	0.0	1509
Ga0374736_05_10377_11525	CP000240.1:605550-606744|CDS|CYB_0598	88.656	1146	106	1	1	1146	1	1122	0.0	1498
Ga0374736_05_10377_11525	CP000239.1:629980-631174|CDS|CYA_0620	88.405	1147	109	1	1	1147	1	1123	0.0	1487
Ga0374736_05_10377_11525	CP000240.1:1384265-1385459|CDS|CYB_1322	87.260	1146	122	1	1	1146	1	1122	0.0	1426
Ga0374736_05_10377_11525	CP000240.1:1954838-1956056|CDS|CYB_1872	87.620	1147	140	2	1	1146	1	1146	0.0	1422
Ga0374736_05_10377_11525	CP000240.1:2830275-2831565|CDS|CYB_2735	86.507	1171	134	1	1	1147	1	1171	0.0	1417
Ga0374736_05_10377_11525	CP000240.1:1316312-1317548|CDS|CYB_1259	85.995	1171	116	2	1	1147	1	1147	0.0	1407
Ga0374736_05_10377_11525	CP000240.1:345730-346924|CDS|CYB_0329	86.835	1147	127	1	1	1147	1	1123	0.0	1406
Ga0374736_05_10377_11525	CP000240.1:2565689-2566883|CDS|CYB_2468	86.562	1146	130	1	1	1146	1	1122	0.0	1390
Ga0374736_05_10377_11525	CP000239.1:774779-775973|CDS|CYA_0767	86.486	1147	131	1	1	1147	1	1123	0.0	1388
Ga0374736_05_10377_11525	CP000240.1:1083184-1084426|CDS|CYB_1042	85.641	1170	144	1	1	1146	1	1170	0.0	1370
Ga0374736_05_10377_11525	CP000240.1:2644164-2645358|CDS|CYB_2538	86.051	1147	136	1	1	1147	1	1123	0.0	1365
Ga0374736_05_10377_11525	CP000240.1:52430-53648|CDS|CYB_0041	85.864	1146	162	0	1	1146	1	1146	0.0	1337
Ga0374736_05_10377_11525	CP000240.1:2796782-2798000|CDS|CYB_2707	85.789	1147	163	0	1	1147	1	1147	0.0	1334
Ga0374736_05_10377_11525	CP000240.1:1015074-1016268|CDS|CYB_0979	85.440	1147	143	1	1	1147	1	1123	0.0	1333
Ga0374736_05_10377_11525	CP000240.1:638632-639850|CDS|CYB_0630	84.615	1170	132	2	1	1146	1	1146	0.0	1333
Ga0374736_05_10377_11525	CP000239.1:1594889-1596107|CDS|CYA_1585	85.366	1148	142	3	1	1147	1	1123	0.0	1324
Ga0374736_05_10377_11525	CP000240.1:2168360-2169515|CDS|CYB_2071	85.092	1147	147	1	1	1147	1	1123	0.0	1315
Ga0374736_05_10377_11525	CP000240.1:1190675-1191869|CDS|CYB_1151	85.192	1148	144	3	1	1147	1	1123	0.0	1315
Ga0374736_05_10377_11525	CP000239.1:2170714-2171908|CDS|CYA_2158	84.642	1146	152	1	1	1146	1	1122	0.0	1291
Ga0374736_05_10377_11525	CP000240.1:1803089-1804283|CDS|CYB_1722	84.468	1146	154	1	1	1146	1	1122	0.0	1282
Ga0374736_05_10377_11525	CP000240.1:1521392-1522610|CDS|CYB_1450	83.433	1171	146	2	1	1147	1	1147	0.0	1272
Ga0374736_05_10377_11525	CP000240.1:1358129-1359347|CDS|CYB_1297	83.091	1171	150	2	1	1147	1	1147	0.0	1254
Ga0374736_05_10377_11525	CP000240.1:2247371-2248565|CDS|CYB_2147	83.972	1148	158	3	1	1147	1	1123	0.0	1251
Ga0374736_05_10377_11525	CP000239.1:712444-713638|CDS|CYA_0704	83.101	1148	168	3	1	1147	1	1123	0.0	1206
Ga0374736_05_10377_11525	CP000240.1:1064975-1066169|CDS|CYB_1023	82.302	1147	179	1	1	1147	1	1123	0.0	1171
Ga0374736_05_10377_11525	CP000240.1:2210858-2212052|CDS|CYB_2117	82.214	1147	178	3	1	1146	1	1122	0.0	1159
Ga0374736_05_10377_11525	CP000240.1:3008652-3009870|CDS|CYB_2910	81.282	1170	171	3	1	1146	1	1146	0.0	1153
Ga0374736_05_10377_11525	CP000240.1:2553363-2554557|CDS|CYB_2454	81.779	1147	185	1	1	1147	1	1123	0.0	1144
Ga0374736_05_10377_11525	CP000240.1:2506708-2507857|CDS|CYB_2410	79.769	1127	132	4	1	1031	1	1127	0.0	1074
Ga0374736_05_10377_11525	CP000240.1:102811-104029|CDS|CYB_0087	78.889	1170	199	2	1	1146	1	1146	0.0	1031
Ga0374736_05_10377_11525	CP000240.1:1763450-1764623|CDS|CYB_1688	75.325	1155	245	13	1	1147	1	1123	0.0	776
Ga0374736_05_10377_11525	CP000239.1:693322-694534|CDS|CYA_0687	74.503	1157	251	10	1	1147	1	1123	0.0	752
Ga0374736_05_10377_11525	CP000240.1:2219258-2220470|CDS|CYB_2126	74.720	1159	245	14	1	1147	1	1123	0.0	750
Ga0374736_05_10377_11525	CP000240.1:2128026-2129220|CDS|CYB_2026	74.459	1155	255	9	1	1147	1	1123	0.0	749
Ga0374736_05_10377_11525	CP000240.1:1917270-1918464|CDS|CYB_1826	74.762	1157	248	14	1	1147	1	1123	0.0	747
Ga0374736_05_10377_11525	CP000239.1:88305-89487|CDS|CYA_0091	73.845	1147	248	8	1	1139	1	1103	0.0	728
Ga0374736_05_11642_12820	CP000239.1:696541-697939|CDS|CYA_0689	99.746	1179	3	0	1	1179	220	1398	0.0	2113
Ga0374736_05_11642_12820	CP000240.1:2222477-2223875|CDS|CYB_2128	99.152	1179	10	0	1	1179	220	1398	0.0	2082
Ga0374736_06_77_727	CP000240.1:79886-81374|CDS|CYB_0068	99.232	651	5	0	1	651	838	1488	0.0	1152
Ga0374736_06_77_727	CP000239.1:597477-598887|CDS|CYA_0586	95.545	651	29	0	1	651	760	1410	0.0	1044
Ga0374736_06_764_1528	CP000240.1:79073-79838|CDS|CYB_0067	98.954	765	8	0	1	765	1	765	0.0	1344
Ga0374736_06_764_1528	CP000239.1:596647-597418|CDS|CYA_0585	95.850	771	26	1	1	765	1	771	0.0	1248
Ga0374736_06_1581_2567	CP000239.1:595615-596602|CDS|CYA_0584	98.683	987	13	0	1	987	1	987	0.0	1722
Ga0374736_06_1581_2567	CP000240.1:78034-79021|CDS|CYB_0066	89.800	951	97	0	1	951	1	951	0.0	1278
Ga0374736_06_2766_3239	CP000239.1:594943-595468|CDS|CYA_0583	100.000	474	0	0	1	474	52	525	0.0	856
Ga0374736_06_2766_3239	CP000240.1:77356-77884|CDS|CYB_0065	87.764	474	58	0	1	474	55	528	2.28e-170	594
Ga0374736_06_3506_5317	CP000239.1:592865-594677|CDS|CYA_0582	99.558	1812	8	0	1	1812	1	1812	0.0	3232
Ga0374736_06_3506_5317	CP000240.1:75213-77025|CDS|CYB_0064	89.018	1812	199	0	1	1812	1	1812	0.0	2371
Ga0374736_06_5407_5952	CP000239.1:592231-592873|CDS|CYA_0581	100.000	546	0	0	1	546	97	642	0.0	985
Ga0374736_06_5407_5952	CP000240.1:74615-75209|CDS|CYB_0063	82.365	482	85	0	1	482	94	575	9.86e-138	487
Ga0374736_06_5965_6336	CP000239.1:591847-592186|CDS|CYA_0580	100.000	339	0	0	34	372	1	339	6.56e-176	612
Ga0374736_06_5965_6336	CP000240.1:74201-74573|CDS|CYB_0062	87.871	371	45	0	1	371	1	371	6.16e-132	467
Ga0374736_06_6917_7237	CP000239.1:590946-591267|CDS|CYA_0578	99.688	321	1	0	1	321	1	321	1.41e-164	575
Ga0374736_06_6917_7237	CP000240.1:73284-73605|CDS|CYB_0061	88.162	321	38	0	1	321	1	321	1.24e-114	408
Ga0374736_06_7287_8198	CP000239.1:589985-590897|CDS|CYA_0576	99.781	912	2	0	1	912	1	912	0.0	1636
Ga0374736_06_7287_8198	CP000240.1:72315-73227|CDS|CYB_0059	85.088	912	134	2	1	911	1	911	0.0	1025
Ga0374736_06_8195_9346	CP000239.1:588837-589989|CDS|CYA_0577	100.000	1152	0	0	1	1152	1	1152	0.0	2078
Ga0374736_06_8195_9346	CP000240.1:71167-72319|CDS|CYB_0060	90.530	1151	109	0	1	1151	1	1151	0.0	1585
Ga0374736_06_9446_10027	CP000239.1:587799-588738|CDS|CYA_0575	99.828	582	1	0	1	582	358	939	0.0	1046
Ga0374736_06_9446_10027	CP000240.1:70136-71075|CDS|CYB_0058	83.363	571	95	0	1	571	358	928	1.90e-172	602
Ga0374736_06_10072_10797	CP000239.1:585521-586202|CDS|CYA_0572	100.000	681	0	0	46	726	1	681	0.0	1229
Ga0374736_06_10072_10797	CP000240.1:1376500-1377226|CDS|CYB_1313	77.961	726	160	0	1	726	1	726	1.51e-168	589
Ga0374736_06_10839_11381	CP000239.1:586288-586831|CDS|CYA_0573	100.000	543	0	0	1	543	1	543	0.0	980
Ga0374736_06_10839_11381	CP000240.1:1377267-1377837|CDS|CYB_1314	81.682	535	98	0	1	535	28	562	3.90e-149	524
Ga0374736_06_11864_12322	CP000239.1:587312-587771|CDS|CYA_0574	99.782	459	1	0	1	459	1	459	0.0	824
Ga0374736_06_11864_12322	CP000240.1:69558-70017|CDS|CYB_0057	85.403	459	67	0	1	459	1	459	9.36e-150	526
Ga0374736_07_539_2995	CP000239.1:7056-9606|CDS|CYA_0008	99.919	2457	2	0	1	2457	94	2550	0.0	4423
Ga0374736_07_539_2995	CP000240.1:7142-9602|CDS|CYB_0008	85.836	2457	324	2	1	2457	28	2460	0.0	2875
Ga0374736_07_3033_3572	CP000239.1:6353-7019|CDS|CYA_0007	100.000	540	0	0	1	540	127	666	0.0	975
Ga0374736_07_3033_3572	CP000240.1:6532-7120|CDS|CYB_0007	83.978	543	81	1	4	540	46	588	1.11e-168	589
Ga0374736_07_3909_4784	CP000239.1:5267-6143|CDS|CYA_0005	100.000	876	0	0	1	876	1	876	0.0	1581
Ga0374736_07_3909_4784	CP000240.1:5430-6306|CDS|CYB_0005	89.829	875	89	0	1	875	1	875	0.0	1177
Ga0374736_07_4910_6796	CP000239.1:3255-5142|CDS|CYA_0004	100.000	1887	0	0	1	1887	1	1887	0.0	3404
Ga0374736_07_4910_6796	CP000240.1:3371-5294|CDS|CYB_0004	88.123	1886	212	1	1	1874	1	1886	0.0	2398
Ga0374736_07_6900_7721	CP000239.1:2330-3152|CDS|CYA_0002	99.757	822	2	0	1	822	1	822	0.0	1474
Ga0374736_07_6900_7721	CP000240.1:2442-3264|CDS|CYB_0003	84.024	820	131	0	1	820	1	820	0.0	889
Ga0374736_07_7718_8407	CP000239.1:1644-2334|CDS|CYA_0003	100.000	690	0	0	1	690	1	690	0.0	1245
Ga0374736_07_7718_8407	CP000240.1:1492-2317|CDS|CYB_0002	82.754	690	113	1	1	690	142	825	0.0	710
Ga0374736_07_8578_9981	CP000239.1:70-1474|CDS|CYA_0001	98.860	1404	16	0	1	1404	1	1404	0.0	2461
Ga0374736_07_8578_9981	CP000240.1:63-1467|CDS|CYB_0001	87.963	1404	169	0	1	1404	1	1404	0.0	1771
Ga0374736_07_10223_10363	CP000239.1:2932454-2932595|CDS|CYA_2905	100.000	141	0	0	1	141	1	141	6.91e-69	255
Ga0374736_07_10223_10363	CP000240.1:3046379-3046520|CDS|CYB_2942	93.617	141	9	0	1	141	1	141	2.12e-56	214
Ga0374736_07_10454_10834	CP000239.1:2931983-2932364|CDS|CYA_2904	100.000	381	0	0	1	381	1	381	0.0	688
Ga0374736_07_10454_10834	CP000240.1:3045884-3046286|CDS|CYB_2941	87.006	354	46	0	1	354	1	354	1.30e-121	432
Ga0374736_08_2426_3637	CP000240.1:481588-482800|CDS|CYB_0472	99.092	1212	11	0	1	1212	1	1212	0.0	2137
Ga0374736_08_2426_3637	CP000240.1:2619921-2621115|CDS|CYB_2521	93.792	1192	74	0	1	1192	1	1192	0.0	1817
Ga0374736_08_2426_3637	CP000240.1:1267756-1268992|CDS|CYB_1227	91.828	1236	77	1	1	1212	1	1236	0.0	1792
Ga0374736_08_2426_3637	CP000240.1:1244785-1246021|CDS|CYB_1201	91.512	1237	79	3	1	1212	1	1236	0.0	1768
Ga0374736_08_2426_3637	CP000240.1:2661652-2662870|CDS|CYB_2557	91.044	1217	83	3	1	1192	1	1216	0.0	1714
Ga0374736_08_2426_3637	CP000240.1:2933473-2934709|CDS|CYB_2835	89.968	1236	100	1	1	1212	1	1236	0.0	1688
Ga0374736_08_2426_3637	CP000240.1:1190675-1191869|CDS|CYB_1151	91.107	1192	106	0	1	1192	1	1192	0.0	1673
Ga0374736_08_2426_3637	CP000239.1:629980-631174|CDS|CYA_0620	91.031	1193	105	2	1	1192	1	1192	0.0	1663
Ga0374736_08_2426_3637	CP000240.1:241642-242836|CDS|CYB_0233	90.264	1212	100	3	1	1212	1	1194	0.0	1657
Ga0374736_08_2426_3637	CP000240.1:2644164-2645358|CDS|CYB_2538	90.863	1193	107	2	1	1192	1	1192	0.0	1654
Ga0374736_08_2426_3637	CP000240.1:629484-630702|CDS|CYB_0620	89.893	1217	97	3	1	1192	1	1216	0.0	1651
Ga0374736_08_2426_3637	CP000240.1:638632-639850|CDS|CYB_0630	89.647	1217	100	3	1	1192	1	1216	0.0	1637
Ga0374736_08_2426_3637	CP000240.1:1803089-1804283|CDS|CYB_1722	90.025	1193	117	2	1	1192	1	1192	0.0	1608
Ga0374736_08_2426_3637	CP000240.1:1521392-1522610|CDS|CYB_1450	88.989	1217	108	3	1	1192	1	1216	0.0	1601
Ga0374736_08_2426_3637	CP000240.1:1358129-1359347|CDS|CYB_1297	88.825	1217	110	3	1	1192	1	1216	0.0	1592
Ga0374736_08_2426_3637	CP000239.1:994256-995468|CDS|CYA_0981	88.953	1213	132	2	1	1212	1	1212	0.0	1577
Ga0374736_08_2426_3637	CP000239.1:893439-894633|CDS|CYA_0887	88.871	1213	115	5	1	1212	1	1194	0.0	1575
Ga0374736_08_2426_3637	CP000239.1:698055-699204|CDS|CYA_0690	90.157	1148	87	3	1	1123	1	1147	0.0	1572
Ga0374736_08_2426_3637	CP000239.1:774779-775973|CDS|CYA_0767	88.935	1193	130	2	1	1192	1	1192	0.0	1550
Ga0374736_08_2426_3637	CP000240.1:52430-53648|CDS|CYB_0041	87.921	1217	121	3	1	1192	1	1216	0.0	1543
Ga0374736_08_2426_3637	CP000240.1:2830275-2831565|CDS|CYB_2735	86.281	1261	106	6	1	1212	1	1243	0.0	1528
Ga0374736_08_2426_3637	CP000239.1:2170714-2171908|CDS|CYA_2158	88.349	1193	137	2	1	1192	1	1192	0.0	1518
Ga0374736_08_2426_3637	CP000240.1:1316312-1317548|CDS|CYB_1259	86.742	1237	138	3	1	1212	1	1236	0.0	1502
Ga0374736_08_2426_3637	CP000240.1:1015074-1016268|CDS|CYB_0979	87.469	1213	132	5	1	1212	1	1194	0.0	1498
Ga0374736_08_2426_3637	CP000240.1:2796782-2798000|CDS|CYB_2707	87.099	1217	131	3	1	1192	1	1216	0.0	1498
Ga0374736_08_2426_3637	CP000240.1:3008652-3009870|CDS|CYB_2910	86.935	1217	133	3	1	1192	1	1216	0.0	1489
Ga0374736_08_2426_3637	CP000240.1:1954838-1956056|CDS|CYB_1872	87.028	1218	130	5	1	1192	1	1216	0.0	1488
Ga0374736_08_2426_3637	CP000240.1:605550-606744|CDS|CYB_0598	87.594	1193	146	2	1	1192	1	1192	0.0	1478
Ga0374736_08_2426_3637	CP000240.1:1083184-1084426|CDS|CYB_1042	85.898	1241	125	4	1	1192	1	1240	0.0	1477
Ga0374736_08_2426_3637	CP000240.1:1064975-1066169|CDS|CYB_1023	87.175	1193	151	2	1	1192	1	1192	0.0	1455
Ga0374736_08_2426_3637	CP000239.1:712444-713638|CDS|CYA_0704	86.851	1194	153	4	1	1192	1	1192	0.0	1432
Ga0374736_08_2426_3637	CP000240.1:2168360-2169515|CDS|CYB_2071	87.655	1126	137	2	1	1125	1	1125	0.0	1397
Ga0374736_08_2426_3637	CP000240.1:1842322-1843549|CDS|CYB_1759	85.394	1205	150	3	1	1180	1	1204	0.0	1390
Ga0374736_08_2426_3637	CP000240.1:2553363-2554557|CDS|CYB_2454	85.666	1193	169	2	1	1192	1	1192	0.0	1374
Ga0374736_08_2426_3637	CP000240.1:2210858-2212052|CDS|CYB_2117	85.762	1194	166	4	1	1192	1	1192	0.0	1373
Ga0374736_08_2426_3637	CP000240.1:1384265-1385459|CDS|CYB_1322	85.078	1213	161	5	1	1212	1	1194	0.0	1368
Ga0374736_08_2426_3637	CP000240.1:2565689-2566883|CDS|CYB_2468	86.412	1126	151	2	1	1125	1	1125	0.0	1334
Ga0374736_08_2426_3637	CP000240.1:345730-346924|CDS|CYB_0329	85.613	1126	160	2	1	1125	1	1125	0.0	1294
Ga0374736_08_2426_3637	CP000239.1:1594889-1596107|CDS|CYA_1585	85.537	1127	159	4	1	1125	1	1125	0.0	1284
Ga0374736_08_2426_3637	CP000240.1:102811-104029|CDS|CYB_0087	83.391	1150	165	3	1	1125	1	1149	0.0	1223
Ga0374736_08_2426_3637	CP000240.1:2247371-2248565|CDS|CYB_2147	82.455	1214	191	7	1	1212	1	1194	0.0	1218
Ga0374736_08_2426_3637	CP000240.1:2506708-2507857|CDS|CYB_2410	77.419	1116	130	7	1	995	1	1115	0.0	956
Ga0374736_08_2426_3637	CP000239.1:693322-694534|CDS|CYA_0687	77.678	1223	251	11	1	1212	1	1212	0.0	946
Ga0374736_08_2426_3637	CP000240.1:2219258-2220470|CDS|CYB_2126	77.596	1223	252	11	1	1212	1	1212	0.0	941
Ga0374736_08_2426_3637	CP000240.1:1763450-1764623|CDS|CYB_1688	76.957	1137	238	13	1	1125	1	1125	0.0	833
Ga0374736_08_2426_3637	CP000240.1:2128026-2129220|CDS|CYB_2026	76.720	1134	246	10	1	1125	1	1125	0.0	827
Ga0374736_08_2426_3637	CP000240.1:1917270-1918464|CDS|CYB_1826	75.082	1224	263	16	1	1212	1	1194	0.0	799
Ga0374736_08_2426_3637	CP000239.1:88305-89487|CDS|CYA_0091	75.581	1118	255	5	1	1115	1	1103	0.0	780
Ga0374736_08_3736_4563	CP000240.1:482826-483726|CDS|CYB_0473	98.913	828	9	0	1	828	73	900	0.0	1453
Ga0374736_08_3736_4563	CP000239.1:1025993-1026683|CDS|CYA_1009	80.175	686	136	0	143	828	5	690	2.40e-179	625
Ga0374736_08_4763_5545	CP000240.1:483698-484709|CDS|CYB_0474	98.340	783	13	0	1	783	229	1011	0.0	1354
Ga0374736_08_4763_5545	CP000239.1:1025027-1025978|CDS|CYA_1008	89.164	766	83	0	1	766	184	949	0.0	1008
Ga0374736_08_5641_6156	CP000240.1:484804-485320|CDS|CYB_0475	94.380	516	29	0	1	516	1	516	0.0	801
Ga0374736_08_6360_9296	CP000239.1:1020397-1024249|CDS|CYA_1007	77.073	2255	498	8	1	2247	79	2322	0.0	1718
Ga0374736_08_10714_11232	CP000240.1:489532-490051|CDS|CYB_0478	91.506	518	44	0	1	518	1	518	0.0	737
Ga0374736_08_10714_11232	CP000239.1:1019841-1020354|CDS|CYA_1006	87.645	518	58	1	1	518	1	512	0.0	647
Ga0374736_08_11292_12206	CP000239.1:1018843-1019764|CDS|CYA_1005	92.645	911	67	0	1	911	1	911	0.0	1342
Ga0374736_08_11292_12206	CP000240.1:490116-491037|CDS|CYB_0479	88.035	911	109	0	1	911	1	911	0.0	1152
Ga0374736_09_16_648	CP000239.1:666851-667484|CDS|CYA_0657	100.000	633	0	0	1	633	1	633	0.0	1142
Ga0374736_09_16_648	CP000240.1:620233-620869|CDS|CYB_0608	89.117	634	66	1	1	631	1	634	0.0	831
Ga0374736_09_797_3271	CP000239.1:664228-666703|CDS|CYA_0656	99.919	2475	2	0	1	2475	1	2475	0.0	4455
Ga0374736_09_797_3271	CP000240.1:617631-620106|CDS|CYB_0607	91.596	2475	208	0	1	2475	1	2475	0.0	3526
Ga0374736_09_3615_4697	CP000239.1:662802-663885|CDS|CYA_0654	99.815	1083	2	0	1	1083	1	1083	0.0	1945
Ga0374736_09_3615_4697	CP000239.1:903530-904487|CDS|CYA_0896	95.928	835	34	0	10	844	25	859	0.0	1353
Ga0374736_09_3615_4697	CP000240.1:616166-617264|CDS|CYB_0605	84.049	1072	171	0	10	1081	25	1096	0.0	1163
Ga0374736_09_4928_6358	CP000239.1:661036-662572|CDS|CYA_0653	99.231	1431	11	0	1	1431	106	1536	0.0	2532
Ga0374736_09_4928_6358	CP000240.1:302621-304169|CDS|CYB_0290	83.731	1340	218	0	88	1427	205	1544	0.0	1434
Ga0374736_09_6397_7422	CP000239.1:659996-661103|CDS|CYA_0652	98.441	1026	16	0	1	1026	82	1107	0.0	1779
Ga0374736_09_6397_7422	CP000240.1:301581-302688|CDS|CYB_0289	86.355	1026	140	0	1	1026	82	1107	0.0	1220
Ga0374736_09_7718_8002	CP000239.1:659505-659844|CDS|CYA_0650	99.298	285	2	0	1	285	55	339	5.29e-144	506
Ga0374736_09_7718_8002	CP000240.1:301064-301349|CDS|CYB_0288	87.356	261	33	0	1	261	1	261	1.25e-88	323
Ga0374736_09_7999_8664	CP000239.1:658780-659509|CDS|CYA_0651	100.000	666	0	0	1	666	64	729	0.0	1202
Ga0374736_09_7999_8664	CP000240.1:300199-300928|CDS|CYB_0287	82.901	655	110	2	1	654	64	717	0.0	670
Ga0374736_09_8774_9547	CP000239.1:657960-658734|CDS|CYA_0649	99.612	774	3	0	1	774	1	774	0.0	1383
Ga0374736_09_8774_9547	CP000240.1:299409-300183|CDS|CYB_0286	83.549	772	127	0	1	772	1	772	0.0	820
Ga0374736_09_9607_9864	CP000239.1:657643-657901|CDS|CYA_0648	100.000	258	0	0	1	258	1	258	4.16e-132	466
Ga0374736_09_9607_9864	CP000240.1:299089-299347|CDS|CYB_0285	84.232	241	38	0	1	241	1	241	2.63e-71	264
Ga0374736_09_9917_10594	CP000239.1:656913-657591|CDS|CYA_0646	99.705	678	2	0	1	678	1	678	0.0	1214
Ga0374736_09_9917_10594	CP000240.1:298296-298974|CDS|CYB_0284	85.392	664	97	0	10	673	10	673	0.0	761
Ga0374736_09_10591_10998	CP000239.1:656509-656917|CDS|CYA_0647	99.755	408	1	0	1	408	1	408	0.0	732
Ga0374736_09_10591_10998	CP000240.1:297868-298279|CDS|CYB_0283	86.732	407	51	2	1	404	1	407	2.53e-137	485
Ga0374736_10_67_444	CP000239.1:231450-231828|CDS|CYA_0228	99.735	378	1	0	1	378	1	378	0.0	678
Ga0374736_10_67_444	CP000240.1:972110-972899|CDS|CYB_0933	91.777	377	31	0	1	377	412	788	3.46e-154	541
Ga0374736_10_67_444	CP000239.1:1295888-1296677|CDS|CYA_1285	91.777	377	31	0	1	377	412	788	3.46e-154	541
Ga0374736_10_455_1267	CP000239.1:230627-231440|CDS|CYA_0227	100.000	813	0	0	1	813	1	813	0.0	1467
Ga0374736_10_455_1267	CP000240.1:972907-973756|CDS|CYB_0934	80.618	841	117	14	1	800	1	836	0.0	761
Ga0374736_10_455_1267	CP000239.1:1296685-1297534|CDS|CYA_1286	80.143	841	121	14	1	800	1	836	0.0	743
Ga0374736_10_1750_3027	CP000239.1:227550-228951|CDS|CYA_0224	100.000	1278	0	0	1	1278	124	1401	0.0	2305
Ga0374736_10_1750_3027	CP000240.1:974139-975555|CDS|CYB_0936	83.672	1280	205	2	1	1278	139	1416	0.0	1361
Ga0374736_10_3081_3896	CP000239.1:226681-227497|CDS|CYA_0223	100.000	816	0	0	1	816	1	816	0.0	1472
Ga0374736_10_3081_3896	CP000240.1:975616-976432|CDS|CYB_0937	88.777	793	89	0	1	793	1	793	0.0	1030
Ga0374736_10_3081_3896	CP000239.1:1299384-1300230|CDS|CYA_1290	87.768	793	97	0	1	793	1	793	0.0	994
Ga0374736_10_4311_4829	CP000239.1:225748-226267|CDS|CYA_0221	100.000	519	0	0	1	519	1	519	0.0	937
Ga0374736_10_4311_4829	CP000240.1:976891-977410|CDS|CYB_0939	91.489	517	44	0	1	517	1	517	0.0	735
Ga0374736_10_4977_5465	CP000239.1:225112-225601|CDS|CYA_0220	100.000	489	0	0	1	489	1	489	0.0	883
Ga0374736_10_4977_5465	CP000240.1:977555-978044|CDS|CYB_0940	90.369	488	47	0	1	488	1	488	0.0	669
Ga0374736_10_4977_5465	CP000240.1:2834009-2834492|CDS|CYB_2738	68.344	477	133	9	19	489	19	483	1.94e-38	156
Ga0374736_10_4977_5465	CP000239.1:2062220-2062703|CDS|CYA_2042	67.992	478	133	10	18	488	18	482	3.51e-35	146
Ga0374736_10_5754_6014	CP000239.1:224563-224824|CDS|CYA_0218	100.000	261	0	0	1	261	1	261	9.91e-134	471
Ga0374736_10_5754_6014	CP000240.1:978359-978629|CDS|CYB_0941	83.209	268	36	1	1	259	1	268	2.85e-77	285
Ga0374736_10_6087_6857	CP000239.1:223720-224473|CDS|CYA_0217	99.867	753	1	0	19	771	1	753	0.0	1354
Ga0374736_10_6087_6857	CP000240.1:978720-979473|CDS|CYB_0942	84.993	753	113	0	19	771	1	753	0.0	849
Ga0374736_10_6945_7586	CP000239.1:222991-223708|CDS|CYA_0216	99.844	642	1	0	1	642	76	717	0.0	1154
Ga0374736_10_6945_7586	CP000240.1:979489-980179|CDS|CYB_0943	82.215	641	114	0	1	641	49	689	0.0	643
Ga0374736_10_7629_8354	CP000239.1:222223-222949|CDS|CYA_0215	100.000	726	0	0	1	726	1	726	0.0	1310
Ga0374736_10_7629_8354	CP000240.1:980237-980963|CDS|CYB_0944	87.293	724	92	0	1	724	1	724	0.0	892
Ga0374736_10_8494_8805	CP000239.1:221772-222084|CDS|CYA_0214	100.000	312	0	0	1	312	1	312	2.48e-161	563
Ga0374736_10_8494_8805	CP000240.1:981104-981416|CDS|CYB_0945	86.218	312	43	0	1	312	1	312	1.06e-102	370
Ga0374736_10_8835_10538	CP000239.1:220039-221776|CDS|CYA_0213	99.707	1704	5	0	1	1704	34	1737	0.0	3051
Ga0374736_10_8835_10538	CP000240.1:981445-983149|CDS|CYB_0946	84.971	1710	245	2	1	1704	1	1704	0.0	1928
Ga0374736_11_200_1642	CP000239.1:379183-380626|CDS|CYA_0364	99.861	1443	2	0	1	1443	1	1443	0.0	2594
Ga0374736_11_200_1642	CP000240.1:732547-733990|CDS|CYB_0715	88.858	1436	160	0	1	1436	1	1436	0.0	1869
Ga0374736_11_1811_2002	CP000239.1:378823-379144|CDS|CYA_0363	100.000	192	0	0	1	192	130	321	2.02e-96	347
Ga0374736_11_2050_2283	CP000240.1:726364-726649|CDS|CYB_0710	82.479	234	41	0	1	234	52	285	3.29e-63	238
Ga0374736_11_2349_3821	CP000239.1:376701-378174|CDS|CYA_0359	99.932	1473	1	0	1	1473	1	1473	0.0	2653
Ga0374736_11_2349_3821	CP000240.1:724744-726217|CDS|CYB_0708	90.149	1472	145	0	1	1472	1	1472	0.0	2002
Ga0374736_11_3818_4411	CP000239.1:376111-376705|CDS|CYA_0360	97.306	594	16	0	1	594	1	594	0.0	1000
Ga0374736_11_3818_4411	CP000240.1:724154-724748|CDS|CYB_0709	90.662	589	55	0	1	589	1	589	0.0	815
Ga0374736_11_4536_5417	CP000239.1:375089-375971|CDS|CYA_0358	100.000	882	0	0	1	882	1	882	0.0	1591
Ga0374736_11_4536_5417	CP000240.1:723190-724006|CDS|CYB_0707	84.321	810	122	2	1	809	1	806	0.0	884
Ga0374736_11_5440_5946	CP000239.1:374566-375007|CDS|CYA_0357	98.658	447	0	1	61	507	1	441	0.0	781
Ga0374736_11_5440_5946	CP000240.1:722621-723128|CDS|CYB_0706	82.389	494	87	0	1	494	1	494	1.45e-141	499
Ga0374736_11_6036_6449	CP000239.1:374063-374477|CDS|CYA_0356	100.000	414	0	0	1	414	1	414	0.0	747
Ga0374736_11_6036_6449	CP000240.1:722132-722546|CDS|CYB_0705	83.632	391	64	0	1	391	1	391	3.13e-117	417
Ga0374736_11_6452_7645	CP000239.1:372867-374061|CDS|CYA_0354	99.832	1194	2	0	1	1194	1	1194	0.0	2145
Ga0374736_11_6452_7645	CP000240.1:720894-722103|CDS|CYB_0703	83.629	1185	192	2	11	1194	26	1209	0.0	1256
Ga0374736_11_7639_9288	CP000239.1:371224-372874|CDS|CYA_0355	100.000	1650	0	0	1	1650	1	1650	0.0	2976
Ga0374736_11_7639_9288	CP000240.1:719293-720901|CDS|CYB_0704	77.102	1677	288	8	1	1650	1	1608	0.0	1344
Ga0374736_11_9457_9876	CP000239.1:370636-371056|CDS|CYA_0353	100.000	420	0	0	1	420	1	420	0.0	758
Ga0374736_11_9457_9876	CP000240.1:718708-719137|CDS|CYB_0702	82.619	420	73	0	1	420	10	429	1.76e-120	429
Ga0374736_11_9940_10491	CP000239.1:370021-370573|CDS|CYA_0352	100.000	552	0	0	1	552	1	552	0.0	996
Ga0374736_11_9940_10491	CP000240.1:2191975-2192503|CDS|CYB_2096	80.479	543	82	1	9	551	9	527	1.69e-147	519
Ga0374736_12_1791_3602	CP000239.1:2441938-2443750|CDS|CYA_2433	99.283	1812	13	0	1	1812	1	1812	0.0	3210
Ga0374736_12_1791_3602	CP000240.1:1566887-1568699|CDS|CYB_1492	90.453	1812	173	0	1	1812	1	1812	0.0	2489
Ga0374736_12_3641_3979	CP000239.1:2443788-2444127|CDS|CYA_2434	100.000	339	0	0	1	339	1	339	5.96e-176	612
Ga0374736_12_4000_5205	CP000239.1:2444147-2445353|CDS|CYA_2435	100.000	1206	0	0	1	1206	1	1206	0.0	2176
Ga0374736_12_5806_7383	CP000239.1:2445983-2447531|CDS|CYA_2437	99.354	1548	10	0	31	1578	1	1548	0.0	2747
Ga0374736_12_7380_8981	CP000239.1:2447527-2449129|CDS|CYA_2436	98.689	1602	21	0	1	1602	1	1602	0.0	2795
Ga0374736_12_7380_8981	CP000240.1:1564555-1566151|CDS|CYB_1490	89.975	1596	160	0	7	1602	1	1596	0.0	2158
Ga0374736_12_9137_9823	CP000239.1:2449284-2449941|CDS|CYA_2438	99.848	657	1	0	31	687	1	657	0.0	1181
Ga0374736_12_9137_9823	CP000240.1:1562863-1563481|CDS|CYB_1487	83.618	586	96	0	31	616	1	586	1.98e-179	625
Ga0374736_13_1228_1398	CP000239.1:1749681-1749852|CDS|CYA_1745	100.000	171	0	0	1	171	1	171	4.48e-85	309
Ga0374736_13_1410_1664	CP000239.1:1749394-1749670|CDS|CYA_1744	99.608	255	1	0	1	255	22	276	7.43e-129	456
Ga0374736_13_1410_1664	CP000240.1:231284-231545|CDS|CYB_0220	84.234	222	35	0	1	222	19	240	8.50e-65	243
Ga0374736_13_1844_2383	CP000239.1:1748696-1749167|CDS|CYA_1743	100.000	471	0	0	70	540	1	471	0.0	850
Ga0374736_13_1844_2383	CP000240.1:232120-232591|CDS|CYB_0221	85.138	471	70	0	70	540	1	471	2.14e-152	535
Ga0374736_13_2755_3138	CP000239.1:1747941-1748325|CDS|CYA_1742	100.000	384	0	0	1	384	1	384	0.0	693
Ga0374736_13_2755_3138	CP000240.1:633207-633606|CDS|CYB_0622	85.632	348	48	2	1	347	1	347	9.46e-111	396
Ga0374736_13_3381_5273	CP000239.1:1745845-1747699|CDS|CYA_1741	99.784	1854	4	0	40	1893	1	1854	0.0	3326
Ga0374736_13_3381_5273	CP000240.1:631291-633211|CDS|CYB_0623	86.535	1723	229	1	98	1817	98	1820	0.0	2060
Ga0374736_13_5636_6178	CP000239.1:1744901-1745444|CDS|CYA_1740	99.816	543	1	0	1	543	1	543	0.0	976
Ga0374736_13_5636_6178	CP000240.1:2214226-2214769|CDS|CYB_2120	81.955	532	90	2	6	534	6	534	3.90e-149	524
Ga0374736_13_5636_6178	CP000239.1:688252-688795|CDS|CYA_0681	81.853	529	96	0	6	534	6	534	1.36e-148	522
Ga0374736_13_6372_7508	CP000239.1:1743571-1744708|CDS|CYA_1739	97.889	1137	24	0	1	1137	1	1137	0.0	1943
Ga0374736_13_6372_7508	CP000240.1:1992539-1993676|CDS|CYB_1908	90.941	1137	103	0	1	1137	1	1137	0.0	1587
Ga0374736_13_7578_8636	CP000239.1:1742437-1743493|CDS|CYA_1738	94.981	1056	47	1	10	1059	1	1056	0.0	1667
Ga0374736_13_7578_8636	CP000240.1:1993755-1994811|CDS|CYB_1909	93.182	1056	66	1	10	1059	1	1056	0.0	1581
Ga0374736_13_8968_9402	CP000240.1:1995166-1995601|CDS|CYB_1910	98.621	435	6	0	1	435	1	435	0.0	758
Ga0374736_13_8968_9402	CP000239.1:1741647-1742082|CDS|CYA_1737	98.391	435	7	0	1	435	1	435	0.0	754
Ga0374736_14_2046_2582	CP000239.1:578156-578693|CDS|CYA_0564	100.000	537	0	0	1	537	1	537	0.0	969
Ga0374736_14_2611_3303	CP000239.1:578721-579414|CDS|CYA_0565	99.856	693	1	0	1	693	1	693	0.0	1246
Ga0374736_14_2611_3303	CP000240.1:1369404-1370121|CDS|CYB_1306	75.139	720	142	9	1	693	1	710	4.41e-137	485
Ga0374736_14_3403_5070	CP000239.1:579513-581181|CDS|CYA_0566	99.700	1668	5	0	1	1668	1	1668	0.0	2986
Ga0374736_14_3403_5070	CP000240.1:1370138-1371857|CDS|CYB_1307	88.854	1588	177	0	29	1616	29	1616	0.0	2067
Ga0374736_14_5060_5431	CP000239.1:581170-581542|CDS|CYA_0567	99.731	372	1	0	1	372	1	372	0.0	667
Ga0374736_14_5060_5431	CP000240.1:1371846-1372218|CDS|CYB_1308	83.871	372	60	0	1	372	1	372	2.15e-112	401
Ga0374736_14_5654_6544	CP000239.1:581830-582655|CDS|CYA_0568	100.000	825	0	0	67	891	1	825	0.0	1489
Ga0374736_14_5654_6544	CP000240.1:1372686-1373607|CDS|CYB_1309	84.700	817	121	2	54	868	84	898	0.0	905
Ga0374736_14_6592_8418	CP000239.1:582702-584529|CDS|CYA_0569	99.891	1827	2	0	1	1827	1	1827	0.0	3287
Ga0374736_14_6592_8418	CP000240.1:1373767-1375492|CDS|CYB_1310	85.490	1723	250	0	105	1827	3	1725	0.0	1981
Ga0374736_15_334_921	CP000239.1:605021-606212|CDS|CYA_0594	95.246	610	7	3	1	588	582	1191	0.0	976
Ga0374736_15_334_921	CP000240.1:2583791-2584970|CDS|CYB_2488	88.197	466	55	0	63	528	666	1131	9.96e-170	593
Ga0374736_15_1434_2204	CP000239.1:608381-609281|CDS|CYA_0597	98.182	770	14	0	1	770	130	899	0.0	1326
Ga0374736_15_1434_2204	CP000240.1:2585420-2586302|CDS|CYB_2489	87.386	769	94	1	1	769	115	880	0.0	948
Ga0374736_15_2296_3072	CP000239.1:609476-610247|CDS|CYA_0598	85.109	732	103	1	1	726	1	732	0.0	830
Ga0374736_15_2296_3072	CP000240.1:38531-39323|CDS|CYB_0030	77.975	731	153	3	1	724	1	730	5.64e-168	587
Ga0374736_15_3277_3762	CP000239.1:617289-617655|CDS|CYA_0609	97.541	366	9	0	121	486	1	366	5.87e-178	620
Ga0374736_15_3277_3762	CP000240.1:39537-40023|CDS|CYB_0031	87.243	486	62	0	1	486	1	486	1.92e-171	598
Ga0374736_15_4202_5344	CP000239.1:618094-619252|CDS|CYA_0610	95.213	1128	54	0	1	1128	1	1128	0.0	1792
Ga0374736_15_4202_5344	CP000240.1:40888-41899|CDS|CYB_0033	85.440	989	144	0	140	1128	2	990	0.0	1135
Ga0374736_15_5658_6971	CP000239.1:631634-632930|CDS|CYA_0622	87.807	1304	141	1	1	1304	1	1286	0.0	1647
Ga0374736_15_5658_6971	CP000240.1:54108-55404|CDS|CYB_0043	83.002	1306	200	4	1	1304	1	1286	0.0	1357
Ga0374736_15_7082_8272	CP000239.1:633055-634186|CDS|CYA_0623	97.966	1131	23	0	61	1191	1	1131	0.0	1937
Ga0374736_15_7082_8272	CP000240.1:55506-56598|CDS|CYB_0044	85.386	1088	144	1	86	1173	2	1074	0.0	1255
Ga0374736_16_13_864	CP000239.1:208310-209162|CDS|CYA_0203	98.005	852	17	0	1	852	1	852	0.0	1461
Ga0374736_16_13_864	CP000240.1:1292498-1293338|CDS|CYB_1244	83.373	830	136	2	1	829	1	829	0.0	868
Ga0374736_16_910_1131	CP000239.1:209207-209429|CDS|CYA_0204	100.000	222	0	0	1	222	1	222	1.23e-112	401
Ga0374736_16_910_1131	CP000240.1:1293384-1293609|CDS|CYB_1245	92.444	225	14	1	1	222	1	225	2.23e-90	328
Ga0374736_16_1411_1563	CP000239.1:209708-209861|CDS|CYA_0205	100.000	153	0	0	1	153	1	153	2.33e-75	277
Ga0374736_16_1411_1563	CP000240.1:1294729-1294882|CDS|CYB_1247	93.377	151	10	0	1	151	1	151	1.06e-60	228
Ga0374736_16_1835_3574	CP000239.1:210132-211803|CDS|CYA_0206	95.033	1671	83	0	70	1740	1	1671	0.0	2640
Ga0374736_16_1835_3574	CP000240.1:1295152-1296829|CDS|CYB_1248	85.051	1679	241	2	70	1740	1	1677	0.0	1897
Ga0374736_16_3586_5451	CP000239.1:211883-213749|CDS|CYA_0207	99.143	1866	16	0	1	1866	1	1866	0.0	3294
Ga0374736_16_3586_5451	CP000240.1:1300590-1302462|CDS|CYB_1251	83.906	1833	295	0	1	1833	1	1833	0.0	1976
Ga0374736_16_5784_7985	CP000239.1:214081-216415|CDS|CYA_0208	99.955	2202	1	0	1	2202	133	2334	0.0	3967
Ga0374736_16_5784_7985	CP000240.1:986821-989176|CDS|CYB_0950	87.659	2204	270	1	1	2202	133	2336	0.0	2746
Ga0374736_17_109_1161	CP000239.1:1161809-1162904|CDS|CYA_1138	99.905	1051	1	0	3	1053	45	1095	0.0	1892
Ga0374736_17_109_1161	CP000240.1:531482-532535|CDS|CYB_0517	87.250	1051	134	0	1	1051	1	1051	0.0	1292
Ga0374736_17_1406_2065	CP000239.1:1163148-1163808|CDS|CYA_1139	99.848	660	1	0	1	660	1	660	0.0	1187
Ga0374736_17_1406_2065	CP000240.1:527703-528363|CDS|CYB_0515	88.636	660	75	0	1	660	1	660	0.0	853
Ga0374736_17_2180_4714	CP000239.1:1163922-1166457|CDS|CYA_1140	99.329	2535	17	0	1	2535	1	2535	0.0	4496
Ga0374736_17_2180_4714	CP000240.1:2737899-2740434|CDS|CYB_2650	96.765	2535	82	0	1	2535	1	2535	0.0	4203
Ga0374736_17_4762_5172	CP000239.1:1166504-1166915|CDS|CYA_1142	97.810	411	9	0	1	411	1	411	0.0	701
Ga0374736_17_4762_5172	CP000240.1:2737441-2737852|CDS|CYB_2649	97.567	411	10	0	1	411	1	411	0.0	697
Ga0374736_17_5945_6157	CP000239.1:1167657-1167912|CDS|CYA_1143	100.000	213	0	0	1	213	243	31	9.04e-108	385
Ga0374736_17_5945_6157	CP000240.1:2735955-2736210|CDS|CYB_2648	98.122	213	4	0	1	213	243	31	2.42e-102	367
Ga0374736_17_6235_7236	CP000239.1:1167977-1168946|CDS|CYA_1144	97.031	943	28	0	60	1002	27	969	0.0	1575
Ga0374736_17_6235_7236	CP000240.1:2734922-2735891|CDS|CYB_2647	96.387	941	34	0	60	1000	27	967	0.0	1544
Ga0374736_18_896_1882	CP000239.1:2621610-2623191|CDS|CYA_2604	95.030	986	49	0	2	987	596	1581	0.0	1558
Ga0374736_18_896_1882	CP000240.1:2371216-2372797|CDS|CYB_2266	94.817	984	51	0	2	985	596	1579	0.0	1545
Ga0374736_18_1882_2059	CP000239.1:2621610-2623191|CDS|CYA_2604	99.435	177	1	0	2	178	594	418	1.09e-86	315
Ga0374736_18_1882_2059	CP000240.1:2371216-2372797|CDS|CYB_2266	90.395	177	17	0	2	178	594	418	5.68e-65	243
Ga0374736_18_2525_3034	CP000239.1:2623239-2623749|CDS|CYA_2605	99.804	510	1	0	1	510	1	510	0.0	916
Ga0374736_18_2525_3034	CP000240.1:2372844-2373354|CDS|CYB_2267	92.353	510	39	0	1	510	1	510	0.0	745
Ga0374736_18_3091_3549	CP000239.1:2623805-2624840|CDS|CYA_2606	100.000	459	0	0	1	459	577	1035	0.0	829
Ga0374736_18_3091_3549	CP000240.1:2373427-2374462|CDS|CYB_2268	96.950	459	14	0	1	459	577	1035	0.0	765
Ga0374736_18_3541_3717	CP000240.1:2373427-2374462|CDS|CYB_2268	100.000	177	0	0	1	177	585	409	2.56e-88	320
Ga0374736_18_3541_3717	CP000239.1:2623805-2624840|CDS|CYA_2606	100.000	177	0	0	1	177	585	409	2.56e-88	320
Ga0374736_18_4750_5748	CP000240.1:2374852-2376085|CDS|CYB_2269	100.000	999	0	0	1	999	235	1233	0.0	1802
Ga0374736_18_4750_5748	CP000239.1:2625230-2626463|CDS|CYA_2608	100.000	999	0	0	1	999	235	1233	0.0	1802
Ga0374736_18_6506_7441	CP000239.1:2627220-2628156|CDS|CYA_2612	100.000	936	0	0	1	936	1	936	0.0	1689
Ga0374736_18_6506_7441	CP000240.1:2376130-2377504|CDS|CYB_2271	98.397	936	15	0	1	936	439	1374	0.0	1621
Ga0374736_18_7438_7788	CP000240.1:2377500-2378175|CDS|CYB_2270	100.000	351	0	0	1	351	325	675	0.0	634
Ga0374736_18_7438_7788	CP000239.1:2628152-2628827|CDS|CYA_2611	100.000	351	0	0	1	351	325	675	0.0	634
Ga0374736_19_31_450	CP000239.1:575342-575762|CDS|CYA_0562	100.000	420	0	0	1	420	1	420	0.0	758
Ga0374736_19_31_450	CP000240.1:2463158-2463617|CDS|CYB_2357	86.618	411	55	0	1	411	1	411	5.04e-140	494
Ga0374736_19_576_3404	CP000239.1:572481-575142|CDS|CYA_0561	99.921	2524	2	0	76	2599	1	2524	0.0	4543
Ga0374736_19_576_3404	CP000240.1:2463812-2466614|CDS|CYB_2358	89.025	2533	266	5	76	2599	1	2530	0.0	3304
Ga0374736_19_3814_4164	CP000240.1:2470004-2470361|CDS|CYB_2362	84.840	343	52	0	1	343	1	343	1.55e-107	385
Ga0374736_19_3814_4164	CP000239.1:572077-572428|CDS|CYA_0560	83.140	344	58	0	1	344	1	344	6.19e-100	360
Ga0374736_19_4204_4506	CP000239.1:571432-571714|CDS|CYA_0559	100.000	264	0	0	1	264	1	264	2.74e-135	477
Ga0374736_19_4204_4506	CP000240.1:2470405-2470696|CDS|CYB_2363	77.444	266	51	3	1	266	1	257	2.58e-53	205
Ga0374736_19_4515_4856	CP000239.1:571082-571424|CDS|CYA_0558	99.708	342	1	0	1	342	1	342	6.02e-176	613
Ga0374736_19_4515_4856	CP000240.1:2470725-2471067|CDS|CYB_2364	88.304	342	40	0	1	342	1	342	2.74e-123	437
Ga0374736_19_5079_5843	CP000239.1:570095-570899|CDS|CYA_0556	99.869	765	1	0	1	765	40	804	0.0	1376
Ga0374736_19_5079_5843	CP000240.1:2948745-2949525|CDS|CYB_2852	84.342	760	107	2	3	762	18	765	0.0	837
Ga0374736_19_6212_6559	CP000239.1:569379-569727|CDS|CYA_0555	100.000	348	0	0	1	348	1	348	0.0	628
Ga0374736_19_6212_6559	CP000240.1:793827-794172|CDS|CYB_0771	69.429	350	92	2	1	344	1	341	4.74e-38	154
Ga0374736_20_68_376	CP000239.1:2915931-2917158|CDS|CYA_2891	99.676	309	1	0	1	309	919	1227	4.43e-158	554
Ga0374736_20_401_1009	CP000239.1:2917182-2917791|CDS|CYA_2892	100.000	609	0	0	1	609	1	609	0.0	1099
Ga0374736_20_401_1009	CP000240.1:1719272-1719872|CDS|CYB_1647	89.000	600	66	0	10	609	1	600	0.0	785
Ga0374736_20_1169_1915	CP000239.1:2917950-2918697|CDS|CYA_2893	99.866	747	1	0	1	747	1	747	0.0	1343
Ga0374736_20_1169_1915	CP000240.1:1718487-1719234|CDS|CYB_1646	91.117	743	66	0	1	743	1	743	0.0	1043
Ga0374736_20_1921_2844	CP000239.1:2918702-2919626|CDS|CYA_2894	100.000	924	0	0	1	924	1	924	0.0	1667
Ga0374736_20_1921_2844	CP000240.1:1717558-1718482|CDS|CYB_1645	85.390	924	135	0	1	924	1	924	0.0	1058
Ga0374736_20_3080_4456	CP000239.1:2919861-2921238|CDS|CYA_2895	99.637	1377	5	0	1	1377	1	1377	0.0	2461
Ga0374736_20_3080_4456	CP000240.1:1715960-1717340|CDS|CYB_1644	82.476	1381	237	4	1	1377	1	1380	0.0	1387
Ga0374736_20_4836_6224	CP000239.1:2921617-2922979|CDS|CYA_2897	99.559	1362	6	0	28	1389	1	1362	0.0	2430
Ga0374736_20_4836_6224	CP000240.1:1758619-1759954|CDS|CYB_1683	88.123	1305	155	0	28	1332	1	1305	0.0	1655
Ga0374736_21_1110_1670	CP000239.1:196980-197532|CDS|CYA_0197	99.638	552	2	0	10	561	1	552	0.0	987
Ga0374736_21_1676_2815	CP000239.1:197546-198674|CDS|CYA_0198	89.529	1146	96	4	1	1140	1	1128	0.0	1530
Ga0374736_21_1676_2815	CP000240.1:1281431-1282544|CDS|CYB_1238	73.929	1120	213	15	37	1130	40	1106	0.0	708
Ga0374736_21_2870_3634	CP000239.1:198730-199495|CDS|CYA_0199	94.157	753	44	0	1	753	1	753	0.0	1160
Ga0374736_21_2870_3634	CP000240.1:1282594-1283350|CDS|CYB_1239	72.052	687	165	3	1	684	1	663	3.51e-107	385
Ga0374736_21_3692_6802	CP000239.1:199552-206794|CDS|CYA_0200	85.157	3153	396	21	1	3111	4120	7242	0.0	3547
Ga0374736_22_565_1848	CP000240.1:711907-713206|CDS|CYB_0694	98.288	1285	21	1	1	1284	1	1285	0.0	2215
Ga0374736_22_565_1848	CP000239.1:2504481-2505741|CDS|CYA_2495	86.437	1246	169	0	1	1246	1	1246	0.0	1486
Ga0374736_22_1943_2779	CP000240.1:713300-714170|CDS|CYB_0695	96.535	837	29	0	1	837	34	870	0.0	1379
Ga0374736_22_1943_2779	CP000239.1:2503582-2504401|CDS|CYA_2494	81.178	781	110	3	1	769	1	756	0.0	766
Ga0374736_22_2749_3690	CP000240.1:714106-715048|CDS|CYB_0696	98.195	942	17	0	1	942	1	942	0.0	1623
Ga0374736_22_2749_3690	CP000239.1:2502827-2503613|CDS|CYA_2493	84.906	795	111	2	148	942	1	786	0.0	893
Ga0374736_22_4105_4938	CP000240.1:715472-716333|CDS|CYB_0699	97.552	776	18	1	60	834	86	861	0.0	1311
Ga0374736_22_4105_4938	CP000239.1:2501427-2502273|CDS|CYA_2491	88.956	833	86	1	1	833	19	845	0.0	1089
Ga0374736_22_4935_5684	CP000240.1:716329-717079|CDS|CYB_0698	98.933	750	8	0	1	750	1	750	0.0	1317
Ga0374736_22_4935_5684	CP000239.1:2500690-2501431|CDS|CYA_2492	86.703	737	98	0	1	737	1	737	0.0	888
Ga0374736_23_1873_3078	CP000239.1:829653-830793|CDS|CYA_0818	99.737	1140	3	0	67	1206	1	1140	0.0	2043
Ga0374736_23_1873_3078	CP000240.1:1957777-1958914|CDS|CYB_1874	83.230	1133	190	0	67	1199	1	1133	0.0	1187
Ga0374736_23_3231_4856	CP000240.1:1959184-1960810|CDS|CYB_1875	85.768	1609	229	0	1	1609	1	1609	0.0	1870
Ga0374736_23_5180_5437	CP000239.1:827228-827486|CDS|CYA_0816	100.000	258	0	0	1	258	1	258	4.16e-132	466
Ga0374736_23_5180_5437	CP000240.1:1961104-1961839|CDS|CYB_1876	82.949	217	22	1	44	245	473	689	4.46e-62	234
Ga0374736_23_5600_6361	CP000239.1:825881-827066|CDS|CYA_0815	100.000	762	0	0	1	762	424	1185	0.0	1375
Ga0374736_23_5600_6361	CP000240.1:1962898-1964065|CDS|CYB_1878	88.451	762	88	0	1	762	406	1167	0.0	978
Ga0374736_24_424_675	CP000239.1:842782-843034|CDS|CYA_0832	99.603	252	1	0	1	252	1	252	3.12e-127	451
Ga0374736_24_424_675	CP000240.1:1924734-1924986|CDS|CYB_1836	78.355	231	50	0	22	252	22	252	1.33e-49	192
Ga0374736_24_672_1355	CP000239.1:842102-842786|CDS|CYA_0831	99.708	684	2	0	1	684	1	684	0.0	1225
Ga0374736_24_672_1355	CP000240.1:1924054-1924738|CDS|CYB_1835	86.550	684	92	0	1	684	1	684	0.0	820
Ga0374736_24_1507_1725	CP000239.1:841732-841951|CDS|CYA_0830	100.000	219	0	0	1	219	1	219	5.16e-111	396
Ga0374736_24_1507_1725	CP000240.1:1923467-1923731|CDS|CYB_1834	85.388	219	32	0	1	219	46	264	1.39e-67	251
Ga0374736_24_2890_3597	CP000239.1:839460-840459|CDS|CYA_0827	100.000	594	0	0	1	594	594	1	0.0	1072
Ga0374736_24_2890_3597	CP000240.1:1921581-1922598|CDS|CYB_1831	75.367	613	147	2	8	618	611	1	1.57e-117	420
Ga0374736_24_3814_4002	CP000239.1:839460-840459|CDS|CYA_0827	100.000	189	0	0	1	189	811	999	8.44e-95	342
Ga0374736_24_3814_4002	CP000240.1:1921581-1922598|CDS|CYB_1831	81.921	177	32	0	6	182	834	1010	7.41e-45	176
Ga0374736_24_4091_4975	CP000239.1:838487-839372|CDS|CYA_0826	100.000	885	0	0	1	885	1	885	0.0	1597
Ga0374736_24_4091_4975	CP000240.1:1920617-1921502|CDS|CYB_1830	90.169	885	87	0	1	885	1	885	0.0	1205
Ga0374736_24_5015_5347	CP000239.1:838115-838448|CDS|CYA_0825	100.000	333	0	0	1	333	1	333	1.06e-172	601
Ga0374736_24_5015_5347	CP000240.1:1920240-1920576|CDS|CYB_1829	84.545	330	51	0	1	330	1	330	1.38e-101	366
Ga0374736_24_5417_5848	CP000239.1:837614-838040|CDS|CYA_0824	100.000	426	0	0	7	432	1	426	0.0	769
Ga0374736_24_5417_5848	CP000240.1:1919746-1920166|CDS|CYB_1828	81.742	356	59	1	63	418	57	406	4.00e-97	351
Ga0374736_25_79_357	CP000239.1:2085906-2086185|CDS|CYA_2065	100.000	279	0	0	1	279	1	279	1.80e-143	504
Ga0374736_25_596_1429	CP000239.1:2086423-2087257|CDS|CYA_2066	99.880	834	1	0	1	834	1	834	0.0	1500
Ga0374736_25_596_1429	CP000240.1:2073417-2074254|CDS|CYB_1974	80.704	824	129	2	1	794	1	824	0.0	788
Ga0374736_25_1639_2484	CP000239.1:2087285-2088311|CDS|CYA_2067	99.764	846	2	0	1	846	181	1026	0.0	1517
Ga0374736_25_1639_2484	CP000240.1:2071776-2072670|CDS|CYB_1972	84.634	833	128	0	2	834	50	882	0.0	926
Ga0374736_25_2755_3120	CP000239.1:2088581-2088947|CDS|CYA_2069	100.000	366	0	0	1	366	1	366	0.0	661
Ga0374736_25_2755_3120	CP000240.1:654686-655052|CDS|CYB_0644	86.066	366	51	0	1	366	1	366	4.36e-121	431
Ga0374736_25_3195_3647	CP000239.1:2089021-2089474|CDS|CYA_2070	99.779	453	1	0	1	453	1	453	0.0	813
Ga0374736_25_3195_3647	CP000240.1:655132-655558|CDS|CYB_0645	77.704	453	74	3	1	453	1	426	1.29e-103	373
Ga0374736_25_3845_5320	CP000239.1:2089671-2091147|CDS|CYA_2071	99.797	1476	3	0	1	1476	1	1476	0.0	2649
Ga0374736_25_3845_5320	CP000240.1:656103-657579|CDS|CYB_0646	87.534	1476	184	0	1	1476	1	1476	0.0	1833
Ga0374736_25_5470_5793	CP000239.1:2091299-2092907|CDS|CYA_2072	99.621	264	1	0	4	267	1	264	1.25e-133	472
Ga0374736_25_5470_5793	CP000240.1:657738-659346|CDS|CYB_0647	95.076	264	13	0	4	267	1	264	2.42e-117	418
Ga0374736_26_105_1913	CP000239.1:795579-797388|CDS|CYA_0787	100.000	1809	0	0	1	1809	1	1809	0.0	3263
Ga0374736_26_105_1913	CP000240.1:3036226-3038035|CDS|CYB_2934	89.945	1810	180	2	1	1809	1	1809	0.0	2437
Ga0374736_26_105_1913	CP000240.1:2876607-2878500|CDS|CYB_2781	69.781	1509	417	18	1	1488	1	1491	2.26e-177	620
Ga0374736_26_105_1913	CP000239.1:123677-125564|CDS|CYA_0130	69.159	1498	425	20	1	1478	1	1481	5.32e-160	563
Ga0374736_26_2030_3214	CP000239.1:797504-798689|CDS|CYA_0788	99.916	1185	1	0	1	1185	1	1185	0.0	2133
Ga0374736_26_2030_3214	CP000240.1:3038165-3039350|CDS|CYB_2935	85.738	1185	169	0	1	1185	1	1185	0.0	1376
Ga0374736_26_3211_3474	CP000239.1:798685-798949|CDS|CYA_0789	97.727	264	6	0	1	264	1	264	3.28e-127	450
Ga0374736_26_3211_3474	CP000240.1:3039346-3039616|CDS|CYB_2936	76.892	251	58	0	1	251	1	251	1.40e-49	192
Ga0374736_26_3528_4562	CP000239.1:798945-800037|CDS|CYA_0790	100.000	1035	0	0	1	1035	58	1092	0.0	1867
Ga0374736_26_3528_4562	CP000240.1:3039612-3040641|CDS|CYB_2937	81.542	921	164	6	1	918	43	960	0.0	874
Ga0374736_27_79_828	CP000239.1:399355-400294|CDS|CYA_0385	99.867	750	1	0	1	750	190	939	0.0	1349
Ga0374736_27_79_828	CP000240.1:1933937-1935041|CDS|CYB_1848	84.928	763	98	3	4	750	343	1104	0.0	860
Ga0374736_27_1019_1252	CP000239.1:398919-399153|CDS|CYA_0384	100.000	234	0	0	1	234	1	234	3.99e-119	423
Ga0374736_27_1019_1252	CP000240.1:1935155-1935377|CDS|CYB_1849	82.500	200	35	0	31	230	13	212	6.78e-53	204
Ga0374736_27_1656_1895	CP000239.1:398276-398516|CDS|CYA_0382	100.000	240	0	0	1	240	1	240	2.27e-122	434
Ga0374736_27_1656_1895	CP000240.1:1935907-1936156|CDS|CYB_1851	82.231	242	37	1	1	236	1	242	2.28e-65	244
Ga0374736_27_1892_2719	CP000239.1:397452-398280|CDS|CYA_0383	100.000	828	0	0	1	828	1	828	0.0	1494
Ga0374736_27_1892_2719	CP000240.1:1936471-1937302|CDS|CYB_1852	84.417	815	127	0	10	824	10	824	0.0	898
Ga0374736_27_3157_3291	CP000239.1:396772-397039|CDS|CYA_0381	100.000	132	0	0	1	132	25	156	5.05e-64	239
Ga0374736_27_3157_3291	CP000240.1:1938869-1939052|CDS|CYB_1855	75.000	132	33	0	1	132	1	132	5.77e-19	90.6
Ga0374736_27_3450_4286	CP000239.1:395884-396721|CDS|CYA_0380	99.881	837	1	0	1	837	1	837	0.0	1506
Ga0374736_27_3450_4286	CP000240.1:1939144-1939984|CDS|CYB_1856	84.856	799	121	0	1	799	1	799	0.0	896
Ga0374736_27_4318_4716	CP000239.1:395235-395853|CDS|CYA_0379	100.000	399	0	0	1	399	220	618	0.0	720
Ga0374736_27_4318_4716	CP000240.1:1940029-1940677|CDS|CYB_1857	86.076	395	55	0	4	398	253	647	2.31e-131	465
Ga0374736_27_4978_5439	CP000239.1:394647-395193|CDS|CYA_0378	100.000	462	0	0	1	462	85	546	0.0	834
Ga0374736_27_4978_5439	CP000240.1:1940690-1941152|CDS|CYB_1858	84.632	462	71	0	1	462	1	462	5.95e-146	514
Ga0374736_29_345_1208	CP000239.1:416554-417418|CDS|CYA_0401	99.769	864	2	0	1	864	1	864	0.0	1550
Ga0374736_29_345_1208	CP000240.1:2261151-2262021|CDS|CYB_2160	85.910	802	113	0	40	841	22	823	0.0	938
Ga0374736_29_1407_1820	CP000239.1:415942-416356|CDS|CYA_0400	99.517	414	2	0	1	414	1	414	0.0	738
Ga0374736_29_1971_3104	CP000239.1:412990-415792|CDS|CYA_0399	100.000	1133	0	0	1	1133	1	1133	0.0	2044
Ga0374736_29_1971_3104	CP000240.1:2257471-2260273|CDS|CYB_2158	84.731	1133	173	0	1	1133	1	1133	0.0	1264
Ga0374736_29_3261_4772	CP000239.1:412990-415792|CDS|CYA_0399	99.868	1512	2	0	1	1512	1291	2802	0.0	2718
Ga0374736_29_3261_4772	CP000240.1:2257471-2260273|CDS|CYB_2158	80.622	1512	289	2	1	1510	1291	2800	0.0	1401
Ga0374736_29_4778_5512	CP000239.1:412217-412985|CDS|CYA_0398	99.864	735	1	0	1	735	34	768	0.0	1322
Ga0374736_29_4778_5512	CP000240.1:2256714-2257467|CDS|CYB_2157	82.591	718	123	2	1	717	34	750	0.0	725
Ga0374736_30_159_866	CP000239.1:2640744-2641452|CDS|CYA_2623	93.211	707	46	2	1	706	1	706	0.0	1052
Ga0374736_30_159_866	CP000240.1:797070-797778|CDS|CYB_0775	85.532	705	100	2	1	704	1	704	0.0	805
Ga0374736_30_863_2569	CP000239.1:2641478-2643185|CDS|CYA_2624	94.493	1707	94	0	1	1707	1	1707	0.0	2655
Ga0374736_30_863_2569	CP000240.1:797823-799530|CDS|CYB_0776	81.449	1698	313	2	1	1697	1	1697	0.0	1636
Ga0374736_30_2642_2956	CP000239.1:2643257-2643572|CDS|CYA_2625	100.000	315	0	0	1	315	1	315	5.89e-163	569
Ga0374736_30_3020_3694	CP000239.1:2643683-2644310|CDS|CYA_2627	99.681	627	2	0	49	675	1	627	0.0	1122
Ga0374736_30_3020_3694	CP000240.1:90875-91556|CDS|CYB_0078	85.017	574	86	0	45	618	78	651	0.0	648
Ga0374736_30_3677_4297	CP000239.1:2644292-2644913|CDS|CYA_2626	90.660	621	58	0	1	621	1	621	0.0	859
Ga0374736_30_3677_4297	CP000240.1:684862-685483|CDS|CYB_0671	85.990	621	87	0	1	621	1	621	0.0	728
Ga0374736_31_135_641	CP000240.1:722621-723128|CDS|CYB_0706	99.803	507	1	0	1	507	1	507	0.0	911
Ga0374736_31_135_641	CP000239.1:374566-375007|CDS|CYA_0357	82.488	434	70	1	61	494	1	428	3.40e-124	442
Ga0374736_31_704_1075	CP000240.1:723190-724006|CDS|CYB_0707	92.742	372	27	0	1	372	445	816	6.57e-157	550
Ga0374736_31_704_1075	CP000239.1:375089-375971|CDS|CYA_0358	88.674	362	41	0	1	362	448	809	1.76e-132	469
Ga0374736_31_1102_1287	CP000240.1:722132-722546|CDS|CYB_0705	97.849	186	4	0	1	186	229	414	9.45e-88	318
Ga0374736_31_1102_1287	CP000239.1:374063-374477|CDS|CYA_0356	82.609	161	28	0	3	163	231	391	1.32e-41	165
Ga0374736_31_1374_2525	CP000240.1:720894-722103|CDS|CYB_0703	98.177	1152	21	0	1	1152	58	1209	0.0	1984
Ga0374736_31_1374_2525	CP000239.1:372867-374061|CDS|CYA_0354	83.695	1153	186	2	1	1152	43	1194	0.0	1225
Ga0374736_31_2519_4195	CP000240.1:719293-720901|CDS|CYB_0704	99.502	1608	8	0	70	1677	1	1608	0.0	2865
Ga0374736_31_2519_4195	CP000239.1:371224-372874|CDS|CYA_0355	76.863	1677	292	8	70	1677	1	1650	0.0	1326
Ga0374736_31_4283_4711	CP000240.1:718708-719137|CDS|CYB_0702	98.601	429	6	0	1	429	1	429	0.0	747
Ga0374736_31_4283_4711	CP000239.1:370636-371056|CDS|CYA_0353	83.095	420	71	0	10	429	1	420	3.48e-123	438
Ga0374736_32_40_372	CP000239.1:940420-941374|CDS|CYA_0931	95.195	333	16	0	1	333	622	954	5.48e-151	529
Ga0374736_32_40_372	CP000240.1:1079567-1080521|CDS|CYB_1038	88.162	321	38	0	13	333	634	954	1.29e-114	408
Ga0374736_32_377_1057	CP000239.1:944701-945376|CDS|CYA_0934	97.504	681	11	1	1	681	1	675	0.0	1153
Ga0374736_32_377_1057	CP000240.1:1075818-1076499|CDS|CYB_1033	90.896	681	62	0	1	681	1	681	0.0	949
Ga0374736_32_1233_1724	CP000239.1:945551-946043|CDS|CYA_0935	99.797	492	1	0	1	492	1	492	0.0	884
Ga0374736_32_1233_1724	CP000240.1:923977-924469|CDS|CYB_0891	90.244	492	48	0	1	492	1	492	0.0	672
Ga0374736_32_1843_2685	CP000239.1:946161-947004|CDS|CYA_0936	100.000	843	0	0	1	843	1	843	0.0	1521
Ga0374736_32_1843_2685	CP000240.1:924586-925423|CDS|CYB_0892	92.346	797	61	0	1	797	1	797	0.0	1163
Ga0374736_32_2798_3160	CP000239.1:947116-947479|CDS|CYA_0938	100.000	363	0	0	1	363	1	363	0.0	655
Ga0374736_32_2798_3160	CP000240.1:925551-925917|CDS|CYB_0894	82.514	366	61	1	1	363	1	366	3.55e-103	370
Ga0374736_32_3157_3432	CP000239.1:947475-948816|CDS|CYA_0937	99.636	275	1	0	2	276	1067	1341	1.12e-139	492
Ga0374736_32_3157_3432	CP000240.1:925903-927250|CDS|CYB_0893	84.190	253	38	1	2	252	1073	1325	5.47e-74	274
Ga0374736_32_3419_4375	CP000239.1:947475-948816|CDS|CYA_0937	99.687	957	2	1	1	957	124	1079	0.0	1709
Ga0374736_32_3419_4375	CP000240.1:925903-927250|CDS|CYB_0893	83.851	966	143	4	1	957	124	1085	0.0	1033
Ga0374736_33_3_1013	CP000239.1:2694861-2695872|CDS|CYA_2679	99.901	1011	1	0	1	1011	1	1011	0.0	1819
Ga0374736_33_3_1013	CP000240.1:2302756-2303761|CDS|CYB_2194	84.232	983	155	0	1	983	1	983	0.0	1075
Ga0374736_33_1085_1420	CP000239.1:2695943-2696279|CDS|CYA_2680	90.774	336	31	0	1	336	1	336	5.54e-132	467
Ga0374736_33_1085_1420	CP000240.1:2303822-2304158|CDS|CYB_2195	84.132	334	53	0	1	334	1	334	4.87e-101	364
Ga0374736_33_1446_1925	CP000239.1:2696301-2696781|CDS|CYA_2681	97.917	480	10	0	1	480	1	480	0.0	821
Ga0374736_33_1446_1925	CP000240.1:2304178-2304658|CDS|CYB_2196	82.875	473	81	0	1	473	1	473	2.47e-138	489
Ga0374736_33_1942_2340	CP000239.1:2696797-2697196|CDS|CYA_2682	96.491	399	14	0	1	399	1	399	0.0	657
Ga0374736_33_1942_2340	CP000240.1:1172962-1173361|CDS|CYB_1136	83.208	399	67	0	1	399	1	399	3.01e-117	418
Ga0374736_33_2504_3682	CP000239.1:2697359-2698538|CDS|CYA_2683	99.661	1179	4	0	1	1179	1	1179	0.0	2109
Ga0374736_33_2504_3682	CP000240.1:1171595-1172774|CDS|CYB_1135	87.956	1179	142	0	1	1179	1	1179	0.0	1487
Ga0374736_34_1_690	CP000239.1:2019790-2021053|CDS|CYA_2003	100.000	688	0	0	1	688	1	688	0.0	1242
Ga0374736_34_1_690	CP000240.1:1340740-1342003|CDS|CYB_1286	86.337	688	94	0	1	688	1	688	0.0	818
Ga0374736_34_794_1612	CP000239.1:2021156-2021975|CDS|CYA_2004	99.756	819	2	0	1	819	1	819	0.0	1469
Ga0374736_34_794_1612	CP000240.1:1339836-1340559|CDS|CYB_1285	86.408	721	98	0	97	817	1	721	0.0	859
Ga0374736_34_2058_2900	CP000239.1:2022285-2023263|CDS|CYA_2005	100.000	843	0	0	1	843	136	978	0.0	1521
Ga0374736_34_2058_2900	CP000240.1:1338554-1339532|CDS|CYB_1284	87.872	841	102	0	1	841	136	976	0.0	1058
Ga0374736_34_2955_3779	CP000239.1:2023323-2024142|CDS|CYA_2006	100.000	819	0	0	7	825	1	819	0.0	1478
Ga0374736_34_2955_3779	CP000240.1:2986498-2987368|CDS|CYB_2887	82.995	788	129	3	35	818	77	863	0.0	809
Ga0374736_35_443_1867	CP000239.1:1207203-1208628|CDS|CYA_1194	99.789	1425	3	0	1	1425	1	1425	0.0	2557
Ga0374736_35_443_1867	CP000240.1:2682337-2683762|CDS|CYB_2579	90.316	1425	138	0	1	1425	1	1425	0.0	1948
Ga0374736_35_2376_2978	CP000239.1:1206092-1206695|CDS|CYA_1193	100.000	603	0	0	1	603	1	603	0.0	1088
Ga0374736_35_2376_2978	CP000240.1:2684271-2684874|CDS|CYB_2581	90.849	601	55	0	1	601	1	601	0.0	837
Ga0374736_35_3122_3232	CP000239.1:1205838-1206003|CDS|CYA_1192	100.000	110	0	0	1	110	55	164	3.49e-52	199
Ga0374736_35_3122_3232	CP000240.1:2685097-2685208|CDS|CYB_2582	87.059	85	11	0	1	85	1	85	2.06e-23	104
Ga0374736_35_3496_3843	CP000239.1:1205227-1205575|CDS|CYA_1190	100.000	348	0	0	1	348	1	348	0.0	628
Ga0374736_35_3496_3843	CP000240.1:2685647-2685995|CDS|CYB_2585	87.464	343	43	0	1	343	1	343	1.76e-119	425
Ga0374736_36_471_1061	CP000239.1:207608-208199|CDS|CYA_0202	100.000	591	0	0	1	591	1	591	0.0	1067
Ga0374736_36_471_1061	CP000240.1:1291788-1292412|CDS|CYB_1243	82.432	518	91	0	67	584	100	617	4.26e-149	525
Ga0374736_36_1159_1755	CP000239.1:206914-207511|CDS|CYA_0201	92.965	597	42	0	1	597	1	597	0.0	888
Ga0374736_36_1159_1755	CP000240.1:1291087-1291684|CDS|CYB_1242	90.252	595	58	0	1	595	1	595	0.0	812
Ga0374736_37_1160_1651	CP000239.1:1217480-1217972|CDS|CYA_1208	100.000	492	0	0	1	492	1	492	0.0	888
Ga0374736_37_1160_1651	CP000240.1:2484334-2484835|CDS|CYB_2380	83.333	492	82	0	1	492	10	501	1.50e-147	518
Ga0374736_37_1879_2811	CP000239.1:1216338-1217253|CDS|CYA_1206	99.891	915	1	0	19	933	1	915	0.0	1646
Ga0374736_37_1879_2811	CP000240.1:2426035-2426938|CDS|CYB_2315	87.653	899	111	0	31	929	1	899	0.0	1122
Ga0374736_38_453_1367	CP000240.1:2034748-2035831|CDS|CYB_1943	94.292	911	52	0	1	911	169	1079	0.0	1409
Ga0374736_38_1847_2698	CP000240.1:2033502-2034327|CDS|CYB_1942	95.990	798	32	0	1	798	1	798	0.0	1296
Ga0374736_38_1847_2698	CP000239.1:2750054-2750906|CDS|CYA_2734	91.901	852	69	0	1	852	1	852	0.0	1226
Ga0374736_39_2489_3688	CP000240.1:2893311-2895972|CDS|CYB_2795	97.148	1122	32	0	1	1122	1	1122	0.0	1880
Ga0374736_39_2489_3688	CP000239.1:1359017-1361663|CDS|CYA_1349	78.164	1122	219	4	1	1121	1	1097	0.0	925
Ga0374736_40_1233_2522	CP000239.1:812562-813909|CDS|CYA_0802	99.922	1290	1	0	1	1290	58	1347	0.0	2323
Ga0374736_40_1233_2522	CP000240.1:1400327-1401674|CDS|CYB_1336	87.907	1290	156	0	1	1290	58	1347	0.0	1624
Ga0374736_40_2599_3258	CP000239.1:811826-812486|CDS|CYA_0801	100.000	660	0	0	1	660	1	660	0.0	1191
Ga0374736_40_2599_3258	CP000240.1:1401744-1402434|CDS|CYB_1337	88.838	654	73	0	6	659	36	689	0.0	851
Ga0374736_42_66_1235	CP000239.1:2890819-2892085|CDS|CYA_2873	92.991	1170	82	0	1	1170	97	1266	0.0	1741
Ga0374736_42_66_1235	CP000240.1:1744647-1745928|CDS|CYB_1666	86.082	1164	162	0	1	1164	112	1275	0.0	1370
Ga0374736_42_1248_1517	CP000239.1:2890537-2890807|CDS|CYA_2872	98.889	270	3	0	1	270	1	270	2.95e-134	474
Ga0374736_42_1248_1517	CP000240.1:1745940-1746210|CDS|CYB_1667	80.741	270	52	0	1	270	1	270	5.00e-68	253
Ga0374736_43_55_603	CP000239.1:810357-811815|CDS|CYA_0800	100.000	549	0	0	1	549	910	1458	0.0	991
Ga0374736_43_55_603	CP000240.1:1402445-1403918|CDS|CYB_1338	85.036	548	82	0	1	548	925	1472	6.67e-178	619
Ga0374736_43_802_1902	CP000239.1:809058-810159|CDS|CYA_0799	99.637	1101	4	0	1	1101	1	1101	0.0	1968
Ga0374736_43_802_1902	CP000240.1:1403996-1405103|CDS|CYB_1339	85.262	1106	157	1	1	1100	1	1106	0.0	1261
Ga0374736_43_2445_2819	CP000239.1:808141-808642|CDS|CYA_0798	99.733	375	1	0	1	375	127	501	0.0	673
Ga0374736_43_2445_2819	CP000240.1:1405599-1406109|CDS|CYB_1340	86.216	370	51	0	1	370	109	478	3.01e-123	438
Ga0374736_44_990_1103	CP000239.1:2681083-2681197|CDS|CYA_2664	100.000	114	0	0	1	114	1	114	2.43e-54	206
Ga0374736_44_990_1103	CP000240.1:2523603-2523717|CDS|CYB_2426	83.929	112	18	0	1	112	1	112	7.95e-29	122
Ga0374736_44_1815_2732	CP000239.1:2681419-2682826|CDS|CYA_2666	99.891	918	1	0	1	918	490	1407	0.0	1652
Ga0374736_44_1815_2732	CP000240.1:2523863-2525267|CDS|CYB_2428	81.709	913	157	2	1	913	496	1398	0.0	894
Ga0374736_44_2729_3310	CP000239.1:2682822-2683404|CDS|CYA_2665	100.000	582	0	0	1	582	1	582	0.0	1050
Ga0374736_44_2729_3310	CP000240.1:2525263-2525857|CDS|CYB_2427	80.134	599	95	4	1	581	1	593	3.67e-156	548
Ga0374736_45_78_215	CP000240.1:775172-775310|CDS|CYB_0751	89.855	138	14	0	1	138	1	138	2.87e-48	187
Ga0374736_45_577_966	CP000239.1:821704-822037|CDS|CYA_0810	99.700	333	1	0	58	390	1	333	5.30e-171	597
Ga0374736_45_1527_2501	CP000239.1:822468-823629|CDS|CYA_0811	99.897	975	1	0	1	975	187	1161	0.0	1755
Ga0374736_45_1527_2501	CP000240.1:1979707-1980988|CDS|CYB_1894	82.888	935	151	3	7	932	298	1232	0.0	960
Ga0374736_45_2604_2885	CP000239.1:823731-824013|CDS|CYA_0812	100.000	282	0	0	1	282	1	282	4.29e-145	509
Ga0374736_46_1472_1687	CP000239.1:2747490-2747706|CDS|CYA_2731	100.000	216	0	0	1	216	1	216	2.16e-109	390
Ga0374736_46_1472_1687	CP000240.1:2038231-2038597|CDS|CYB_1945	77.523	218	46	2	1	216	1	217	4.46e-42	167
Ga0374736_46_1894_3357	CP000239.1:2747912-2749709|CDS|CYA_2732	98.907	1464	16	0	1	1464	334	1797	0.0	2569
Ga0374736_46_1894_3357	CP000240.1:2036151-2037948|CDS|CYB_1944	90.287	1462	142	0	1	1462	334	1795	0.0	1997
Ga0374736_47_865_1524	CP000239.1:2926368-2926956|CDS|CYA_2901	99.830	588	1	0	73	660	1	588	0.0	1057
Ga0374736_47_865_1524	CP000240.1:3041564-3042146|CDS|CYB_2939	83.128	569	94	2	83	650	11	578	4.77e-168	587
Ga0374736_47_865_1524	CP000240.1:3040801-3041383|CDS|CYB_2938	81.593	565	104	0	83	647	11	575	3.44e-157	551
Ga0374736_47_1540_2073	CP000239.1:2926873-2928259|CDS|CYA_2902	94.906	530	27	0	1	530	691	1220	0.0	835
Ga0374736_47_2101_2478	CP000239.1:2926873-2928259|CDS|CYA_2902	91.005	378	34	0	1	378	286	663	6.26e-151	529
Ga0374736_47_2535_2825	CP000239.1:2926873-2928259|CDS|CYA_2902	100.000	229	0	0	1	229	229	1	2.63e-116	414
Ga0374736_48_337_783	CP000239.1:272213-272795|CDS|CYA_0265	100.000	447	0	0	1	447	136	582	0.0	807
Ga0374736_48_337_783	CP000240.1:805865-806264|CDS|CYB_0781	78.795	415	71	3	34	447	1	399	3.40e-98	354
Ga0374736_48_937_2289	CP000239.1:270707-272060|CDS|CYA_0264	99.704	1353	4	0	1	1353	1	1353	0.0	2423
Ga0374736_48_937_2289	CP000240.1:802517-803870|CDS|CYB_0779	89.505	1353	142	0	1	1353	1	1353	0.0	1801
Ga0374736_49_300_836	CP000239.1:2019790-2021053|CDS|CYA_2003	100.000	537	0	0	1	537	727	1263	0.0	969
Ga0374736_49_300_836	CP000240.1:1340740-1342003|CDS|CYB_1286	83.240	537	90	0	1	537	727	1263	4.39e-161	563
Ga0374736_49_971_2461	CP000239.1:2016331-2017822|CDS|CYA_2000	99.933	1491	1	0	1	1491	1	1491	0.0	2685
Ga0374736_49_971_2461	CP000240.1:1342376-1343864|CDS|CYB_1287	81.145	1485	217	7	55	1491	19	1488	0.0	1442
Ga0374736_49_2529_2789	CP000239.1:2015754-2016264|CDS|CYA_1999	100.000	261	0	0	1	261	250	510	9.91e-134	471
Ga0374736_50_56_1003	CP000239.1:2611972-2613151|CDS|CYA_2590	100.000	948	0	0	1	948	232	1179	0.0	1710
Ga0374736_50_56_1003	CP000240.1:2475196-2476366|CDS|CYB_2369	79.557	949	179	6	1	946	232	1168	0.0	824
Ga0374736_50_1068_2054	CP000239.1:2613191-2614202|CDS|CYA_2591	100.000	987	0	0	1	987	25	1011	0.0	1781
Ga0374736_50_1068_2054	CP000240.1:2474159-2475143|CDS|CYB_2368	83.562	949	156	0	2	950	26	974	0.0	1009
Ga0374736_50_2228_2977	CP000239.1:2614375-2615212|CDS|CYA_2592	100.000	750	0	0	1	750	88	837	0.0	1353
Ga0374736_50_2228_2977	CP000240.1:571690-572527|CDS|CYB_0562	84.400	750	117	0	1	750	88	837	0.0	826
Ga0374736_51_515_799	CP000239.1:599118-599403|CDS|CYA_0587	100.000	285	0	0	1	285	1	285	1.02e-146	515
Ga0374736_51_515_799	CP000240.1:81527-81812|CDS|CYB_0069	92.632	285	21	0	1	285	1	285	6.04e-118	420
Ga0374736_51_823_1437	CP000239.1:599456-600041|CDS|CYA_0588	100.000	585	0	0	31	615	1	585	0.0	1056
Ga0374736_51_823_1437	CP000240.1:81870-82455|CDS|CYB_0070	84.240	533	84	0	31	563	1	533	5.41e-167	583
Ga0374736_51_1472_2656	CP000239.1:600075-601260|CDS|CYA_0589	97.890	1185	25	0	1	1185	1	1185	0.0	2025
Ga0374736_51_1472_2656	CP000240.1:82504-83689|CDS|CYB_0071	85.908	1178	160	2	11	1185	11	1185	0.0	1373
Ga0374736_52_426_1214	CP000239.1:937911-938700|CDS|CYA_0928	100.000	789	0	0	1	789	1	789	0.0	1424
Ga0374736_52_426_1214	CP000240.1:1082301-1083090|CDS|CYB_1041	86.439	789	107	0	1	789	1	789	0.0	941
Ga0374736_52_1211_1969	CP000239.1:938696-939455|CDS|CYA_0929	96.443	759	27	0	1	759	1	759	0.0	1248
Ga0374736_52_1211_1969	CP000240.1:1081522-1082305|CDS|CYB_1040	87.517	729	91	0	1	729	1	729	0.0	905
Ga0374736_52_2037_2792	CP000239.1:939522-940422|CDS|CYA_0930	99.868	756	1	0	1	756	145	900	0.0	1360
Ga0374736_52_2037_2792	CP000240.1:1080663-1081458|CDS|CYB_1039	79.377	771	120	6	1	732	1	771	0.0	682
Ga0374736_53_373_1041	CP000239.1:2884601-2885483|CDS|CYA_2868	79.304	575	119	0	1	575	1	575	5.53e-142	501
Ga0374736_53_373_1041	CP000240.1:1558658-1559549|CDS|CYB_1482	76.870	575	126	4	1	573	1	570	1.00e-119	426
Ga0374736_53_373_1041	CP000239.1:2885817-2886651|CDS|CYA_2869	75.652	575	140	0	1	575	1	575	9.37e-114	407
Ga0374736_53_373_1041	CP000239.1:2886812-2887649|CDS|CYA_2870	75.690	580	128	5	1	575	1	572	1.39e-111	400
Ga0374736_53_373_1041	CP000240.1:1559946-1560831|CDS|CYB_1483	73.768	568	149	0	1	568	1	568	1.81e-97	353
Ga0374736_53_1195_1749	CP000239.1:2883500-2884055|CDS|CYA_2866	99.820	555	1	0	1	555	1	555	0.0	997
Ga0374736_53_1195_1749	CP000240.1:1561334-1561886|CDS|CYB_1485	83.364	541	90	0	1	541	1	541	3.06e-163	571
Ga0374736_53_1806_2345	CP000239.1:2882904-2883444|CDS|CYA_2865	99.630	540	2	0	1	540	1	540	0.0	966
Ga0374736_53_1806_2345	CP000240.1:1562118-1562664|CDS|CYB_1486	81.921	531	90	1	16	540	16	546	1.11e-149	526
Ga0374736_53_2458_2910	CP000239.1:2882339-2882792|CDS|CYA_2864	99.779	453	1	0	1	453	1	453	0.0	813
Ga0374736_53_2458_2910	CP000240.1:1331509-1331944|CDS|CYB_1274	79.567	416	83	2	39	453	21	435	8.12e-100	361
Ga0374736_54_51_608	CP000239.1:1286821-1287379|CDS|CYA_1272	100.000	558	0	0	1	558	1	558	0.0	1007
Ga0374736_54_51_608	CP000240.1:445853-446411|CDS|CYB_0435	87.814	558	68	0	1	558	1	558	0.0	700
Ga0374736_54_645_1328	CP000239.1:1287415-1288099|CDS|CYA_1273	99.854	684	1	0	1	684	1	684	0.0	1230
Ga0374736_54_645_1328	CP000240.1:445109-445817|CDS|CYB_0434	82.009	667	114	2	1	664	1	664	0.0	659
Ga0374736_54_1427_2491	CP000239.1:1288197-1289262|CDS|CYA_1274	99.343	1065	7	0	1	1065	1	1065	0.0	1890
Ga0374736_54_1427_2491	CP000239.1:1850153-1851218|CDS|CYA_1849	98.967	1065	11	0	1	1065	1	1065	0.0	1872
Ga0374736_54_1427_2491	CP000239.1:1814549-1815614|CDS|CYA_1811	98.777	1063	13	0	1	1063	1	1063	0.0	1859
Ga0374736_54_1427_2491	CP000240.1:384572-385637|CDS|CYB_0371	92.850	1063	76	0	1	1063	1	1063	0.0	1575
Ga0374736_54_1427_2491	CP000240.1:443946-445011|CDS|CYB_0433	92.756	1063	77	0	1	1063	1	1063	0.0	1571
Ga0374736_54_1427_2491	CP000240.1:226513-227569|CDS|CYB_0216	73.668	995	247	8	49	1034	58	1046	6.40e-169	591
Ga0374736_54_1427_2491	CP000239.1:1753540-1754599|CDS|CYA_1748	72.957	991	261	6	49	1034	58	1046	3.78e-159	559
Ga0374736_55_737_1948	CP000239.1:2703598-2704810|CDS|CYA_2688	97.360	1212	32	0	1	1212	1	1212	0.0	2042
Ga0374736_55_737_1948	CP000240.1:1455929-1457141|CDS|CYB_1384	81.856	1207	217	2	7	1212	7	1212	0.0	1183
Ga0374736_55_2124_2594	CP000239.1:2704984-2705455|CDS|CYA_2689	97.430	467	12	0	1	467	1	467	0.0	789
Ga0374736_55_2124_2594	CP000240.1:1457259-1457724|CDS|CYB_1385	80.631	444	83	1	27	467	18	461	1.53e-115	412
Ga0374736_56_580_897	CP000239.1:951097-951415|CDS|CYA_0940	100.000	318	0	0	1	318	1	318	1.40e-164	574
Ga0374736_56_580_897	CP000240.1:929514-929820|CDS|CYB_0896	88.176	296	35	0	1	296	1	296	7.27e-105	377
Ga0374736_56_1230_2741	CP000239.1:948785-950765|CDS|CYA_0939	99.172	1329	11	0	1	1329	430	1758	0.0	2348
Ga0374736_56_1230_2741	CP000240.1:927345-929199|CDS|CYB_0895	90.895	1329	121	0	1	1329	304	1632	0.0	1852
Ga0374736_57_244_615	CP000239.1:923753-924848|CDS|CYA_0915	99.140	349	3	0	24	372	747	1095	5.38e-177	617
Ga0374736_57_244_615	CP000240.1:1023739-1024873|CDS|CYB_0988	86.520	319	43	0	26	344	755	1073	2.01e-106	382
Ga0374736_57_776_2362	CP000239.1:924901-926623|CDS|CYA_0916	99.874	1587	2	0	1	1587	136	1722	0.0	2854
Ga0374736_57_776_2362	CP000240.1:1021949-1023713|CDS|CYB_0987	84.459	1525	237	0	1	1525	154	1678	0.0	1682
Ga0374736_58_841_1107	CP000239.1:455920-457171|CDS|CYA_0436	82.935	293	24	3	1	267	917	625	6.02e-86	314
Ga0374736_58_1160_1354	CP000239.1:455920-457171|CDS|CYA_0436	74.899	247	10	1	1	195	970	1216	1.30e-54	209
Ga0374736_58_1403_1615	CP000239.1:2617631-2617844|CDS|CYA_2597	100.000	213	0	0	1	213	1	213	9.04e-108	385
Ga0374736_58_1403_1615	CP000240.1:568792-569143|CDS|CYB_0558	82.902	193	33	0	1	193	1	193	7.44e-52	200
Ga0374736_58_1784_2158	CP000239.1:2617088-2617463|CDS|CYA_2595	100.000	375	0	0	1	375	1	375	0.0	677
Ga0374736_58_1784_2158	CP000240.1:569326-569710|CDS|CYB_0559	85.676	370	53	0	1	370	1	370	1.56e-120	429
Ga0374736_58_2182_2484	CP000239.1:2616762-2617065|CDS|CYA_2594	99.670	303	1	0	1	303	1	303	7.85e-155	543
Ga0374736_58_2182_2484	CP000240.1:569727-569997|CDS|CYB_0560	84.677	248	38	0	1	248	1	248	4.97e-75	277
Ga0374736_59_18_431	CP000239.1:1155507-1156698|CDS|CYA_1131	99.758	414	1	0	1	414	778	1191	0.0	743
Ga0374736_59_18_431	CP000240.1:167036-168230|CDS|CYB_0152	83.019	371	63	0	1	371	784	1154	1.85e-107	386
Ga0374736_59_382_1452	CP000239.1:1156648-1157719|CDS|CYA_1130	99.720	1071	3	0	1	1071	1	1071	0.0	1919
Ga0374736_59_1623_2381	CP000239.1:1157889-1158648|CDS|CYA_1132	99.868	759	1	0	1	759	1	759	0.0	1365
Ga0374736_59_1623_2381	CP000240.1:166155-166914|CDS|CYB_0151	87.467	758	93	2	1	757	1	757	0.0	932
Ga0374736_60_1679_1975	CP000239.1:653708-654005|CDS|CYA_0643	100.000	297	0	0	1	297	1	297	3.27e-153	536
Ga0374736_60_1679_1975	CP000240.1:295073-295370|CDS|CYB_0280	90.909	297	27	0	1	297	1	297	2.69e-116	415
Ga0374736_61_1115_1840	CP000239.1:816710-817436|CDS|CYA_0804	100.000	726	0	0	1	726	1	726	0.0	1310
Ga0374736_61_1115_1840	CP000240.1:777393-778116|CDS|CYB_0755	82.913	714	122	0	1	714	1	714	0.0	738
Ga0374736_61_1971_2264	CP000239.1:817527-817860|CDS|CYA_0805	99.660	294	1	0	1	294	40	333	5.84e-150	526
Ga0374736_61_1971_2264	CP000240.1:776907-777240|CDS|CYB_0754	79.570	279	57	0	1	279	40	318	8.15e-66	247
Ga0374736_62_38_298	CP000240.1:1722667-1727377|CDS|CYB_1650	81.609	261	48	0	1	261	4450	4710	1.38e-68	255
Ga0374736_62_38_298	CP000239.1:2909516-2914181|CDS|CYA_2889	81.609	261	48	0	1	261	4405	4665	1.38e-68	255
Ga0374736_62_332_1651	CP000239.1:2914271-2915582|CDS|CYA_2890	98.225	1296	23	0	25	1320	16	1311	0.0	2234
Ga0374736_62_332_1651	CP000240.1:1721266-1722577|CDS|CYB_1649	87.188	1280	164	0	25	1304	16	1295	0.0	1570
Ga0374736_63_476_1078	CP000239.1:1104813-1105416|CDS|CYA_1083	99.834	603	1	0	1	603	1	603	0.0	1084
Ga0374736_63_476_1078	CP000240.1:2045912-2046455|CDS|CYB_1950	83.759	548	79	2	1	547	1	539	4.35e-168	588
Ga0374736_63_1147_2376	CP000239.1:1103203-1104745|CDS|CYA_1082	100.000	1230	0	0	1	1230	313	1542	0.0	2219
Ga0374736_63_1147_2376	CP000240.1:2044259-2045837|CDS|CYB_1949	85.632	1211	174	0	1	1211	313	1523	0.0	1400
Ga0374736_64_1626_1871	CP000239.1:2437453-2437699|CDS|CYA_2430	99.593	246	1	0	1	246	1	246	5.49e-124	440
Ga0374736_64_1626_1871	CP000240.1:1572632-1572878|CDS|CYB_1495	89.431	246	26	0	1	246	1	246	2.50e-90	327
Ga0374736_64_1955_2098	CP000239.1:2437226-2437370|CDS|CYA_2429	100.000	144	0	0	1	144	1	144	1.67e-70	260
Ga0374736_64_1955_2098	CP000240.1:1572954-1573086|CDS|CYB_1496	88.618	123	14	0	22	144	10	132	4.19e-40	159
Ga0374736_64_2104_2229	CP000239.1:2437095-2437221|CDS|CYA_2428	99.206	126	1	0	1	126	1	126	3.57e-59	224
Ga0374736_64_2104_2229	CP000240.1:1573091-1573217|CDS|CYB_1497	88.889	126	14	0	1	126	1	126	8.41e-42	165
Ga0374736_66_396_1142	CP000239.1:1150394-1151141|CDS|CYA_1123	100.000	747	0	0	1	747	1	747	0.0	1348
Ga0374736_66_396_1142	CP000240.1:448354-449101|CDS|CYB_0438	86.193	746	103	0	1	746	1	746	0.0	882
Ga0374736_66_1146_1457	CP000239.1:1151169-1151457|CDS|CYA_1124	100.000	288	0	0	25	312	1	288	2.65e-148	520
Ga0374736_66_1146_1457	CP000240.1:449104-449419|CDS|CYB_0439	85.315	286	41	1	17	301	17	302	3.94e-89	324
Ga0374736_66_1589_1933	CP000239.1:1151588-1151933|CDS|CYA_1125	99.710	345	1	0	1	345	1	345	1.43e-177	618
Ga0374736_66_1589_1933	CP000240.1:1378425-1378770|CDS|CYB_1316	82.267	344	61	0	1	344	1	344	1.34e-95	346
Ga0374736_67_1574_2014	CP000239.1:2686874-2687585|CDS|CYA_2671	99.773	441	1	0	1	441	271	711	0.0	792
Ga0374736_67_1574_2014	CP000240.1:2269264-2269984|CDS|CYB_2166	87.727	440	54	0	2	441	281	720	2.25e-157	551
