Ga0393398_01_127_732	CP000240.1:1316312-1317548|CDS|CYB_1259	78.352	619	116	1	2	602	224	842	4.37e-149	525
Ga0393398_01_127_732	CP000239.1:88305-89487|CDS|CYA_0091	78.618	608	112	2	13	602	235	842	1.86e-147	518
Ga0393398_01_127_732	CP000239.1:1594889-1596107|CDS|CYA_1585	78.029	619	118	1	2	602	224	842	2.27e-146	516
Ga0393398_01_127_732	CP000240.1:2644164-2645358|CDS|CYB_2538	78.559	583	107	1	38	602	260	842	4.99e-142	500
Ga0393398_01_127_732	CP000240.1:1190675-1191869|CDS|CYB_1151	78.559	583	107	1	38	602	260	842	4.99e-142	500
Ga0393398_01_127_732	CP000240.1:1384265-1385459|CDS|CYB_1322	77.544	619	121	2	2	602	224	842	6.08e-141	498
Ga0393398_01_127_732	CP000240.1:629484-630702|CDS|CYB_0620	77.544	619	121	2	2	602	248	866	6.08e-141	498
Ga0393398_01_127_732	CP000239.1:893439-894633|CDS|CYA_0887	77.383	619	122	2	2	602	224	842	7.41e-140	493
Ga0393398_01_127_732	CP000239.1:2170714-2171908|CDS|CYA_2158	77.097	620	124	1	1	602	223	842	9.02e-139	490
Ga0393398_01_127_732	CP000240.1:102811-104029|CDS|CYB_0087	78.045	583	110	1	38	602	284	866	1.10e-137	487
Ga0393398_01_127_732	CP000240.1:1521392-1522610|CDS|CYB_1450	78.007	582	110	1	38	601	284	865	3.84e-137	485
Ga0393398_01_127_732	CP000240.1:638632-639850|CDS|CYB_0630	78.007	582	110	1	38	601	284	865	3.84e-137	485
Ga0393398_01_127_732	CP000240.1:2247371-2248565|CDS|CYB_2147	76.898	619	125	1	2	602	224	842	3.84e-137	484
Ga0393398_01_127_732	CP000240.1:2619921-2621115|CDS|CYB_2521	77.060	619	124	3	2	602	224	842	1.63e-135	480
Ga0393398_01_127_732	CP000240.1:1267756-1268992|CDS|CYB_1227	76.898	619	125	2	2	602	248	866	1.63e-135	480
Ga0393398_01_127_732	CP000240.1:1358129-1359347|CDS|CYB_1297	77.663	582	112	1	38	601	284	865	1.99e-134	476
Ga0393398_01_127_732	CP000240.1:241642-242836|CDS|CYB_0233	77.835	582	111	2	2	565	224	805	1.99e-134	476
Ga0393398_01_127_732	CP000240.1:1803089-1804283|CDS|CYB_1722	77.530	583	113	1	38	602	260	842	6.94e-134	473
Ga0393398_01_127_732	CP000239.1:712444-713638|CDS|CYA_0704	76.490	621	126	3	1	602	223	842	1.03e-131	467
Ga0393398_01_127_732	CP000240.1:2210858-2212052|CDS|CYB_2117	76.329	621	127	3	1	602	223	842	1.25e-130	462
Ga0393398_01_127_732	CP000239.1:774779-775973|CDS|CYA_0767	76.329	621	127	3	1	602	223	842	1.25e-130	462
Ga0393398_01_127_732	CP000240.1:2933473-2934709|CDS|CYB_2835	76.252	619	129	2	2	602	248	866	4.38e-130	462
Ga0393398_01_127_732	CP000240.1:3008652-3009870|CDS|CYB_2910	76.844	583	117	1	38	602	284	866	1.86e-128	455
Ga0393398_01_127_732	CP000240.1:1244785-1246021|CDS|CYB_1201	77.425	567	110	2	54	602	300	866	6.50e-128	453
Ga0393398_01_127_732	CP000240.1:2565689-2566883|CDS|CYB_2468	75.929	619	131	2	2	602	224	842	2.27e-127	453
Ga0393398_01_127_732	CP000240.1:2796782-2798000|CDS|CYB_2707	74.729	645	119	4	1	602	223	866	7.91e-127	451
Ga0393398_01_127_732	CP000240.1:481588-482800|CDS|CYB_0472	76.844	583	117	2	38	602	260	842	7.91e-127	451
Ga0393398_01_127_732	CP000240.1:2168360-2169515|CDS|CYB_2071	75.645	620	133	1	1	602	223	842	7.91e-127	450
Ga0393398_01_127_732	CP000240.1:2553363-2554557|CDS|CYB_2454	75.845	621	130	4	1	602	223	842	3.37e-125	444
Ga0393398_01_127_732	CP000239.1:994256-995468|CDS|CYA_0981	75.606	619	133	2	2	602	224	842	1.17e-124	444
Ga0393398_01_127_732	CP000240.1:2661652-2662870|CDS|CYB_2557	74.339	643	123	3	2	602	224	866	4.10e-124	441
Ga0393398_01_127_732	CP000240.1:345730-346924|CDS|CYB_0329	75.606	619	133	3	2	602	224	842	1.43e-123	439
Ga0393398_01_127_732	CP000240.1:605550-606744|CDS|CYB_0598	75.325	616	134	2	2	599	224	839	6.08e-122	434
Ga0393398_01_127_732	CP000239.1:629980-631174|CDS|CYA_0620	75.484	620	132	4	1	601	223	841	6.08e-122	434
Ga0393398_01_127_732	CP000240.1:1083184-1084426|CDS|CYB_1042	74.109	645	123	4	1	602	247	890	2.12e-121	433
Ga0393398_01_127_732	CP000240.1:1064975-1066169|CDS|CYB_1023	75.945	582	122	1	38	601	260	841	7.41e-121	431
Ga0393398_01_127_732	CP000239.1:698055-699204|CDS|CYA_0690	74.379	644	121	7	2	602	224	866	9.03e-120	426
Ga0393398_01_127_732	CP000240.1:1954838-1956056|CDS|CYB_1872	73.798	645	125	4	1	602	223	866	1.10e-118	424
Ga0393398_01_127_732	CP000240.1:52430-53648|CDS|CYB_0041	74.300	607	114	2	38	602	260	866	3.84e-118	421
Ga0393398_01_127_732	CP000240.1:2830275-2831565|CDS|CYB_2735	74.135	607	115	2	38	602	284	890	1.63e-116	416
Ga0393398_01_127_732	CP000240.1:1015074-1016268|CDS|CYB_0979	76.386	559	114	3	38	578	260	818	1.63e-116	416
Ga0393398_01_127_732	CP000240.1:1842322-1843549|CDS|CYB_1759	73.250	643	130	4	2	602	224	866	2.95e-113	405
Ga0393398_01_127_732	CP000240.1:2128026-2129220|CDS|CYB_2026	76.413	513	101	3	1	494	223	734	2.76e-107	385
Ga0393398_01_127_732	CP000240.1:2506708-2507857|CDS|CYB_2410	72.033	615	106	5	54	602	348	962	6.09e-103	371
Ga0393398_01_127_732	CP000240.1:1763450-1764623|CDS|CYB_1688	72.611	628	140	8	1	603	223	843	5.70e-97	351
Ga0393398_01_127_732	CP000240.1:1917270-1918464|CDS|CYB_1826	74.464	513	111	3	1	494	223	734	1.03e-93	340
Ga0393398_01_127_732	CP000240.1:2219258-2220470|CDS|CYB_2126	72.276	624	149	7	1	603	223	843	1.26e-92	336
Ga0393398_01_127_732	CP000239.1:693322-694534|CDS|CYA_0687	73.864	528	118	3	1	509	223	749	4.38e-92	335
Ga0393398_01_692_1042	CP000239.1:2350436-2350862|CDS|CYA_2343	87.908	306	36	1	10	315	62	366	1.89e-106	382
Ga0393398_01_692_1042	CP000239.1:88305-89487|CDS|CYA_0091	83.824	340	40	2	10	335	815	1153	3.42e-103	370
Ga0393398_01_692_1042	CP000240.1:2219258-2220470|CDS|CYB_2126	69.524	315	71	4	3	299	808	1115	1.05e-33	141
Ga0393398_01_692_1042	CP000240.1:2247371-2248565|CDS|CYB_2147	70.432	301	58	7	20	299	825	1115	3.67e-33	139
Ga0393398_01_692_1042	CP000240.1:2210858-2212052|CDS|CYB_2117	70.432	301	58	7	20	299	825	1115	3.67e-33	139
Ga0393398_01_692_1042	CP000239.1:712444-713638|CDS|CYA_0704	70.470	298	63	6	20	299	825	1115	1.28e-32	137
Ga0393398_01_692_1042	CP000240.1:2553363-2554557|CDS|CYB_2454	69.767	301	60	6	20	299	825	1115	4.47e-32	134
Ga0393398_01_692_1042	CP000239.1:994256-995468|CDS|CYA_0981	70.100	301	59	7	20	299	825	1115	4.47e-32	134
Ga0393398_01_692_1042	CP000240.1:2128026-2129220|CDS|CYB_2026	68.889	315	73	4	3	299	808	1115	5.44e-31	132
Ga0393398_01_692_1042	CP000239.1:693322-694534|CDS|CYA_0687	68.889	315	73	4	3	299	808	1115	5.44e-31	132
Ga0393398_01_692_1042	CP000240.1:1842322-1843549|CDS|CYB_1759	69.767	301	60	7	20	299	849	1139	1.90e-30	130
Ga0393398_01_692_1042	CP000240.1:1015074-1016268|CDS|CYB_0979	70.068	294	59	7	26	299	831	1115	1.90e-30	129
Ga0393398_01_692_1042	CP000240.1:1917270-1918464|CDS|CYB_1826	68.571	315	74	4	3	299	808	1115	6.63e-30	127
Ga0393398_01_692_1042	CP000239.1:893439-894633|CDS|CYA_0887	69.667	300	62	7	20	299	825	1115	2.31e-29	126
Ga0393398_01_692_1042	CP000240.1:1763450-1764623|CDS|CYB_1688	68.254	315	75	4	3	299	808	1115	2.82e-28	123
Ga0393398_01_692_1042	CP000239.1:1594889-1596107|CDS|CYA_1585	69.103	301	62	7	20	299	825	1115	9.84e-28	121
Ga0393398_01_692_1042	CP000240.1:52430-53648|CDS|CYB_0041	69.128	298	67	6	20	299	849	1139	3.43e-27	119
Ga0393398_01_692_1042	CP000240.1:2644164-2645358|CDS|CYB_2538	68.421	304	59	8	20	299	825	1115	1.46e-25	113
Ga0393398_01_692_1042	CP000240.1:481588-482800|CDS|CYB_0472	69.000	300	64	9	20	299	825	1115	6.21e-24	108
Ga0393398_01_692_1042	CP000240.1:605550-606744|CDS|CYB_0598	68.350	297	71	6	20	299	825	1115	2.17e-23	106
Ga0393398_01_692_1042	CP000240.1:2933473-2934709|CDS|CYB_2835	68.456	298	69	7	20	299	849	1139	2.17e-23	105
Ga0393398_01_692_1042	CP000240.1:2619921-2621115|CDS|CYB_2521	68.456	298	69	7	20	299	825	1115	2.17e-23	105
Ga0393398_01_692_1042	CP000240.1:1267756-1268992|CDS|CYB_1227	68.456	298	69	7	20	299	849	1139	2.17e-23	105
Ga0393398_01_692_1042	CP000240.1:2168360-2169515|CDS|CYB_2071	67.763	304	61	8	20	299	825	1115	7.56e-23	104
Ga0393398_01_692_1042	CP000240.1:1384265-1385459|CDS|CYB_1322	68.000	300	67	7	20	299	825	1115	7.56e-23	104
Ga0393398_01_692_1042	CP000240.1:1190675-1191869|CDS|CYB_1151	68.667	300	65	9	20	299	825	1115	7.56e-23	104
Ga0393398_01_692_1042	CP000240.1:629484-630702|CDS|CYB_0620	67.774	301	66	7	20	299	849	1139	2.64e-22	103
Ga0393398_01_692_1042	CP000240.1:1954838-1956056|CDS|CYB_1872	67.763	304	61	9	20	299	849	1139	9.21e-22	100
Ga0393398_01_692_1042	CP000240.1:2565689-2566883|CDS|CYB_2468	67.333	300	69	6	20	299	825	1115	3.22e-21	99.6
Ga0393398_01_692_1042	CP000240.1:345730-346924|CDS|CYB_0329	67.667	300	68	7	20	299	825	1115	3.22e-21	99.6
Ga0393398_01_692_1042	CP000240.1:241642-242836|CDS|CYB_0233	68.333	300	66	9	20	299	825	1115	3.22e-21	99.6
Ga0393398_01_692_1042	CP000240.1:1803089-1804283|CDS|CYB_1722	67.657	303	63	9	20	299	825	1115	1.12e-20	96.9
Ga0393398_01_692_1042	CP000240.1:638632-639850|CDS|CYB_0630	67.450	298	72	6	20	299	849	1139	1.12e-20	96.9
Ga0393398_01_692_1042	CP000240.1:1083184-1084426|CDS|CYB_1042	67.105	304	63	8	20	299	873	1163	3.92e-20	96.0
Ga0393398_01_692_1042	CP000240.1:1064975-1066169|CDS|CYB_1023	67.333	300	69	7	20	299	825	1115	3.92e-20	95.1
Ga0393398_01_692_1042	CP000239.1:2170714-2171908|CDS|CYA_2158	67.110	301	68	7	20	299	825	1115	1.37e-19	94.2
Ga0393398_01_692_1042	CP000239.1:698055-699204|CDS|CYA_0690	67.647	306	58	11	20	299	849	1139	1.37e-19	94.2
Ga0393398_01_692_1042	CP000240.1:1244785-1246021|CDS|CYB_1201	67.327	303	64	9	20	299	849	1139	4.77e-19	92.4
Ga0393398_01_692_1042	CP000240.1:2830275-2831565|CDS|CYB_2735	67.105	304	63	9	20	299	873	1163	4.77e-19	91.5
Ga0393398_01_692_1042	CP000239.1:629980-631174|CDS|CYA_0620	66.776	304	64	8	20	299	825	1115	4.77e-19	91.5
Ga0393398_01_692_1042	CP000240.1:3008652-3009870|CDS|CYB_2910	66.779	298	74	6	20	299	849	1139	5.81e-18	87.8
Ga0393398_01_692_1042	CP000240.1:102811-104029|CDS|CYB_0087	66.333	300	72	6	20	299	849	1139	2.03e-17	86.0
Ga0393398_01_692_1042	CP000240.1:1521392-1522610|CDS|CYB_1450	66.667	303	66	9	20	299	849	1139	2.47e-16	83.3
Ga0393398_01_692_1042	CP000240.1:2796782-2798000|CDS|CYB_2707	66.118	304	66	8	20	299	849	1139	2.47e-16	82.4
Ga0393398_01_692_1042	CP000240.1:1358129-1359347|CDS|CYB_1297	66.667	306	61	11	20	299	849	1139	8.63e-16	80.6
Ga0393398_01_1402_1707	CP000239.1:2432986-2433358|CDS|CYA_2423	100.000	306	0	0	1	306	67	372	4.39e-158	553
Ga0393398_01_1402_1707	CP000240.1:2395869-2396205|CDS|CYB_2290	83.032	277	45	2	31	306	61	336	4.12e-76	281
Ga0393398_01_1815_1967	CP000239.1:2432726-2432879|CDS|CYA_2422	100.000	153	0	0	1	153	1	153	2.33e-75	277
Ga0393398_01_1815_1967	CP000240.1:2396320-2396470|CDS|CYB_2291	91.156	147	13	0	1	147	1	147	3.46e-54	207
Ga0393398_01_2066_2830	CP000239.1:2431863-2432628|CDS|CYA_2421	100.000	765	0	0	1	765	1	765	0.0	1380
Ga0393398_01_2066_2830	CP000240.1:2396568-2397330|CDS|CYB_2292	89.101	734	80	0	1	734	1	734	0.0	964
Ga0393398_01_2921_4072	CP000239.1:2430621-2431743|CDS|CYA_2420	99.733	1122	3	0	31	1152	1	1122	0.0	2011
Ga0393398_01_2921_4072	CP000240.1:2397586-2398834|CDS|CYB_2293	84.884	1032	156	0	81	1112	156	1187	0.0	1159
Ga0393398_01_4116_4604	CP000239.1:2430089-2430578|CDS|CYA_2419	100.000	489	0	0	1	489	1	489	0.0	883
Ga0393398_01_4116_4604	CP000240.1:2398845-2399319|CDS|CYB_2294	83.621	464	76	0	1	464	1	464	1.70e-140	495
Ga0393398_01_4866_5513	CP000239.1:2429180-2429828|CDS|CYA_2418	99.846	648	1	0	1	648	1	648	0.0	1165
Ga0393398_01_4866_5513	CP000240.1:2399769-2400417|CDS|CYB_2295	80.123	649	127	2	1	648	1	648	1.99e-166	582
Ga0393398_01_5783_6733	CP000239.1:2427960-2428911|CDS|CYA_2417	100.000	951	0	0	1	951	1	951	0.0	1716
Ga0393398_01_5783_6733	CP000240.1:2401038-2401989|CDS|CYB_2296	85.941	946	133	0	1	946	1	946	0.0	1107
Ga0393398_01_6819_7730	CP000239.1:2425127-2425949|CDS|CYA_2413	100.000	822	0	0	91	912	1	822	0.0	1483
Ga0393398_01_6819_7730	CP000240.1:2402263-2403088|CDS|CYB_2297	81.179	797	147	2	91	887	1	794	0.0	755
Ga0393398_01_7999_8802	CP000239.1:2424055-2424829|CDS|CYA_2412	99.871	774	1	0	31	804	1	774	0.0	1392
Ga0393398_01_7999_8802	CP000240.1:2317632-2318424|CDS|CYB_2209	82.812	768	132	0	2	769	5	772	0.0	791
Ga0393398_01_8807_12466	CP000239.1:2420391-2424051|CDS|CYA_2411	99.945	3660	2	0	1	3660	1	3660	0.0	6592
Ga0393398_01_8807_12466	CP000240.1:2313603-2317278|CDS|CYB_2208	87.571	3685	419	8	1	3658	1	3673	0.0	4580
Ga0393398_01_13118_14332	CP000239.1:2418525-2419740|CDS|CYA_2410	99.918	1215	1	0	1	1215	1	1215	0.0	2187
Ga0393398_01_13118_14332	CP000240.1:2311743-2312955|CDS|CYB_2206	87.036	1211	154	1	1	1211	1	1208	0.0	1475
Ga0393398_01_14357_14737	CP000239.1:2418120-2418465|CDS|CYA_2409	100.000	345	0	0	37	381	1	345	3.72e-179	623
Ga0393398_01_14770_15549	CP000239.1:2417308-2418088|CDS|CYA_2408	100.000	780	0	0	1	780	1	780	0.0	1407
Ga0393398_01_14770_15549	CP000240.1:2310598-2311405|CDS|CYB_2204	83.064	803	109	6	1	776	1	803	0.0	833
Ga0393398_01_15597_16499	CP000239.1:2416328-2417261|CDS|CYA_2407	100.000	903	0	0	1	903	31	933	0.0	1629
Ga0393398_01_15597_16499	CP000240.1:2308898-2309831|CDS|CYB_2202	87.458	893	112	0	1	893	31	923	0.0	1106
Ga0393398_01_16577_17062	CP000239.1:2415795-2416281|CDS|CYA_2406	99.177	486	4	0	1	486	1	486	0.0	859
Ga0393398_01_16577_17062	CP000240.1:2308379-2308865|CDS|CYB_2201	87.037	486	63	0	1	486	1	486	8.16e-170	593
Ga0393398_01_17196_18212	CP000239.1:2414645-2415662|CDS|CYA_2405	99.705	1017	3	0	1	1017	1	1017	0.0	1821
Ga0393398_01_17196_18212	CP000240.1:2307178-2308195|CDS|CYB_2200	87.021	1017	132	0	1	1017	1	1017	0.0	1240
Ga0393398_01_18374_19486	CP000240.1:2305534-2306647|CDS|CYB_2199	91.465	1113	95	0	1	1113	1	1113	0.0	1580
Ga0393398_01_19964_20323	CP000239.1:2412533-2412893|CDS|CYA_2403	100.000	360	0	0	1	360	1	360	0.0	650
Ga0393398_01_19964_20323	CP000240.1:2304687-2305047|CDS|CYB_2197	83.287	359	58	2	1	358	1	358	3.52e-103	370
Ga0393398_01_20425_20646	CP000239.1:2412210-2412432|CDS|CYA_2402	100.000	222	0	0	1	222	1	222	1.23e-112	401
Ga0393398_01_20425_20646	CP000240.1:846703-846928|CDS|CYB_0817	89.640	222	23	0	1	222	4	225	3.77e-81	297
Ga0393398_01_20646_22502	CP000239.1:2410354-2412211|CDS|CYA_2401	99.946	1857	1	0	1	1857	1	1857	0.0	3345
Ga0393398_01_20646_22502	CP000240.1:846924-848778|CDS|CYB_0818	86.631	1855	246	2	4	1857	1	1854	0.0	2221
Ga0393398_01_22872_23567	CP000239.1:2409289-2409985|CDS|CYA_2399	100.000	696	0	0	1	696	1	696	0.0	1256
Ga0393398_01_22872_23567	CP000240.1:2781227-2781923|CDS|CYB_2694	87.356	696	88	0	1	696	1	696	0.0	859
Ga0393398_01_24093_25553	CP000239.1:2407303-2408917|CDS|CYA_2396	99.863	1461	2	0	1	1461	154	1614	0.0	2626
Ga0393398_01_24093_25553	CP000240.1:2779283-2780882|CDS|CYB_2692	83.745	1458	235	2	1	1457	139	1595	0.0	1554
Ga0393398_01_25814_26890	CP000239.1:2405867-2407043|CDS|CYA_2395	100.000	1077	0	0	1	1077	100	1176	0.0	1943
Ga0393398_01_25814_26890	CP000240.1:2777872-2779012|CDS|CYB_2691	84.171	1055	167	0	1	1055	82	1136	0.0	1150
Ga0393398_01_26988_27767	CP000239.1:2405089-2405869|CDS|CYA_2394	99.872	780	1	0	1	780	1	780	0.0	1403
Ga0393398_01_26988_27767	CP000240.1:2776913-2777723|CDS|CYB_2689	81.371	671	125	0	1	671	1	671	0.0	647
Ga0393398_02_325_672	CP000239.1:766951-767290|CDS|CYA_0761	80.460	348	59	2	1	348	1	339	5.40e-88	321
Ga0393398_02_325_672	CP000240.1:2548483-2548828|CDS|CYB_2449	76.812	276	50	4	1	263	1	275	2.99e-53	205
Ga0393398_02_991_1839	CP000239.1:765801-766650|CDS|CYA_0760	90.769	845	78	0	1	845	1	845	0.0	1173
Ga0393398_02_991_1839	CP000240.1:2547306-2548155|CDS|CYB_2447	85.395	849	124	0	1	849	1	849	0.0	973
Ga0393398_02_1930_3369	CP000239.1:764246-765707|CDS|CYA_0759	88.957	1467	129	5	1	1440	1	1461	0.0	1923
Ga0393398_02_1930_3369	CP000240.1:327027-328524|CDS|CYB_0312	84.701	1170	170	2	277	1440	331	1497	0.0	1303
Ga0393398_02_3796_5526	CP000239.1:760889-762491|CDS|CYA_0756	90.497	1589	151	0	119	1707	2	1590	0.0	2186
Ga0393398_02_3796_5526	CP000240.1:323018-324797|CDS|CYB_0310	80.802	1745	296	11	1	1709	1	1742	0.0	1623
Ga0393398_02_5795_7231	CP000239.1:759188-760703|CDS|CYA_0754	99.861	1437	2	0	1	1437	79	1515	0.0	2583
Ga0393398_02_5795_7231	CP000240.1:907214-908729|CDS|CYB_0879	87.352	1431	181	0	1	1431	79	1509	0.0	1765
Ga0393398_02_7347_8150	CP000239.1:758347-759151|CDS|CYA_0753	99.751	804	2	0	1	804	1	804	0.0	1442
Ga0393398_02_7347_8150	CP000240.1:906380-907163|CDS|CYB_0878	85.496	786	108	3	22	804	1	783	0.0	896
Ga0393398_02_8147_8353	CP000240.1:905700-906363|CDS|CYB_0877	88.406	207	24	0	1	207	457	663	5.91e-72	266
Ga0393398_02_8350_8640	CP000240.1:905700-906363|CDS|CYB_0877	90.753	292	26	1	1	291	169	460	1.66e-112	402
Ga0393398_02_8350_8640	CP000239.1:614687-615296|CDS|CYA_0606	70.293	239	71	0	28	266	172	410	4.18e-25	112
Ga0393398_02_8861_9112	CP000239.1:757385-757637|CDS|CYA_0750	100.000	252	0	0	1	252	1	252	7.33e-129	455
Ga0393398_02_8861_9112	CP000240.1:905386-905614|CDS|CYB_0875	88.288	222	26	0	28	249	1	222	2.74e-77	284
Ga0393398_02_9186_9743	CP000239.1:756754-757312|CDS|CYA_0749	100.000	558	0	0	1	558	1	558	0.0	1007
Ga0393398_02_9186_9743	CP000240.1:904685-905243|CDS|CYB_0874	90.328	548	53	0	1	548	1	548	0.0	750
Ga0393398_02_9835_10152	CP000239.1:756345-756663|CDS|CYA_0748	100.000	318	0	0	1	318	1	318	1.40e-164	574
Ga0393398_02_9835_10152	CP000240.1:904304-904628|CDS|CYB_0873	86.149	296	41	0	23	318	29	324	1.01e-96	350
Ga0393398_02_10224_11504	CP000239.1:754993-756178|CDS|CYA_0747	99.747	1185	3	0	97	1281	1	1185	0.0	2124
Ga0393398_02_10224_11504	CP000240.1:902950-904129|CDS|CYB_0872	90.925	1179	107	0	103	1281	1	1179	0.0	1645
Ga0393398_02_11535_11738	CP000239.1:754759-754963|CDS|CYA_0746	100.000	204	0	0	1	204	1	204	6.62e-103	369
Ga0393398_02_11535_11738	CP000240.1:902717-902921|CDS|CYB_0871	87.317	205	24	2	1	204	1	204	5.44e-66	246
Ga0393398_02_11803_12924	CP000239.1:753576-754698|CDS|CYA_0745	98.839	1120	13	0	1	1120	1	1120	0.0	1962
Ga0393398_02_11803_12924	CP000240.1:901539-902601|CDS|CYB_0870	86.269	1056	143	2	68	1122	8	1062	0.0	1244
Ga0393398_02_12925_13599	CP000239.1:752908-753541|CDS|CYA_0744	89.348	629	58	1	40	668	1	620	0.0	837
Ga0393398_02_12925_13599	CP000240.1:900868-901501|CDS|CYB_0869	85.533	629	91	0	40	668	1	629	0.0	725
Ga0393398_02_13624_14751	CP000240.1:898963-900535|CDS|CYB_0868	80.797	953	180	2	1	953	145	1094	0.0	888
Ga0393398_02_13624_14751	CP000239.1:750970-752635|CDS|CYA_0743	79.243	978	198	3	1	977	163	1136	0.0	840
Ga0393398_02_15253_15606	CP000240.1:897783-898137|CDS|CYB_0864	78.531	354	76	0	1	354	1	354	6.25e-81	297
Ga0393398_02_15611_16870	CP000239.1:749180-750440|CDS|CYA_0742	98.492	1260	19	0	1	1260	1	1260	0.0	2187
Ga0393398_02_15611_16870	CP000240.1:1153961-1155236|CDS|CYB_1116	84.627	1275	181	3	1	1260	1	1275	0.0	1416
Ga0393398_02_16940_19321	CP000239.1:746651-749111|CDS|CYA_0741	96.086	2376	93	0	7	2382	85	2460	0.0	3866
Ga0393398_02_16940_19321	CP000240.1:1151414-1153880|CDS|CYB_1115	89.798	2372	240	2	2	2372	80	2450	0.0	3180
Ga0393398_02_19676_20665	CP000239.1:745385-746318|CDS|CYA_0740	99.571	933	4	0	58	990	1	933	0.0	1665
Ga0393398_02_19676_20665	CP000240.1:1150123-1151077|CDS|CYB_1113	86.989	930	121	0	61	990	25	954	0.0	1132
Ga0393398_02_20830_21003	CP000239.1:745047-745221|CDS|CYA_0738	98.276	174	3	0	1	174	1	174	2.35e-82	301
Ga0393398_02_20948_21310	CP000239.1:744740-745103|CDS|CYA_0739	98.898	363	4	0	1	363	1	363	0.0	637
Ga0393398_02_20948_21310	CP000240.1:1235562-1236717|CDS|CYB_1195	93.664	363	23	0	1	363	793	1155	1.83e-157	552
Ga0393398_02_20948_21310	CP000240.1:559712-560867|CDS|CYB_0548	93.370	362	24	0	2	363	794	1155	7.79e-156	545
Ga0393398_02_20948_21310	CP000240.1:2789871-2791026|CDS|CYB_2701	93.094	362	25	0	2	363	794	1155	3.31e-154	541
Ga0393398_02_20948_21310	CP000240.1:95175-96330|CDS|CYB_0081	93.094	362	25	0	2	363	794	1155	3.31e-154	541
Ga0393398_02_20948_21310	CP000240.1:2745261-2746416|CDS|CYB_2657	92.818	362	26	0	2	363	794	1155	4.04e-153	536
Ga0393398_02_20948_21310	CP000240.1:269596-270751|CDS|CYB_0258	92.541	362	27	0	2	363	794	1155	1.72e-151	532
Ga0393398_02_20948_21310	CP000240.1:1824951-1826106|CDS|CYB_1742	89.227	362	39	0	2	363	794	1155	3.32e-135	478
Ga0393398_02_20948_21310	CP000240.1:1384265-1385459|CDS|CYB_1322	79.381	291	60	0	4	294	826	1116	1.97e-68	255
Ga0393398_02_20948_21310	CP000240.1:345730-346924|CDS|CYB_0329	79.038	291	61	0	4	294	826	1116	8.36e-67	251
Ga0393398_02_20948_21310	CP000240.1:1064975-1066169|CDS|CYB_1023	76.632	291	68	0	4	294	826	1116	1.42e-57	219
Ga0393398_02_20948_21310	CP000240.1:2619921-2621115|CDS|CYB_2521	76.027	292	68	2	4	294	826	1116	3.12e-53	205
Ga0393398_02_20948_21310	CP000240.1:1267756-1268992|CDS|CYB_1227	76.027	292	68	2	4	294	850	1140	3.12e-53	205
Ga0393398_02_20948_21310	CP000240.1:2168360-2169515|CDS|CYB_2071	74.658	292	72	2	4	294	826	1116	8.36e-48	187
Ga0393398_02_20948_21310	CP000240.1:638632-639850|CDS|CYB_0630	74.658	292	72	2	4	294	850	1140	8.36e-48	187
Ga0393398_02_20948_21310	CP000240.1:1083184-1084426|CDS|CYB_1042	73.883	291	76	0	4	294	874	1164	1.02e-46	183
Ga0393398_02_20948_21310	CP000240.1:1954838-1956056|CDS|CYB_1872	74.315	292	73	2	4	294	850	1140	3.56e-46	182
Ga0393398_02_20948_21310	CP000240.1:2644164-2645358|CDS|CYB_2538	73.540	291	77	0	4	294	826	1116	4.33e-45	178
Ga0393398_02_20948_21310	CP000240.1:1358129-1359347|CDS|CYB_1297	73.540	291	77	0	4	294	850	1140	4.33e-45	178
Ga0393398_02_20948_21310	CP000240.1:2796782-2798000|CDS|CYB_2707	73.196	291	78	0	4	294	850	1140	5.28e-44	174
Ga0393398_02_20948_21310	CP000240.1:1521392-1522610|CDS|CYB_1450	73.196	291	78	0	4	294	850	1140	5.28e-44	174
Ga0393398_02_20948_21310	CP000240.1:2830275-2831565|CDS|CYB_2735	73.630	292	75	2	4	294	874	1164	1.84e-43	173
Ga0393398_02_20948_21310	CP000239.1:2170714-2171908|CDS|CYA_2158	73.630	292	75	2	4	294	826	1116	1.84e-43	173
Ga0393398_02_20948_21310	CP000240.1:3008652-3009870|CDS|CYB_2910	72.667	300	82	0	4	303	850	1149	1.84e-43	172
Ga0393398_02_20948_21310	CP000240.1:629484-630702|CDS|CYB_0620	72.667	300	82	0	4	303	850	1149	1.84e-43	172
Ga0393398_02_20948_21310	CP000240.1:52430-53648|CDS|CYB_0041	73.288	292	76	2	4	294	850	1140	2.24e-42	168
Ga0393398_02_20948_21310	CP000240.1:2661652-2662870|CDS|CYB_2557	72.945	292	77	2	4	294	850	1140	9.54e-41	164
Ga0393398_02_20948_21310	CP000240.1:1803089-1804283|CDS|CYB_1722	72.945	292	77	2	4	294	826	1116	9.54e-41	164
Ga0393398_02_20948_21310	CP000240.1:1015074-1016268|CDS|CYB_0979	71.821	291	82	0	4	294	826	1116	1.42e-38	156
Ga0393398_02_20948_21310	CP000240.1:1244785-1246021|CDS|CYB_1201	72.260	292	79	2	4	294	850	1140	4.94e-38	155
Ga0393398_02_20948_21310	CP000240.1:1842322-1843549|CDS|CYB_1759	71.134	291	84	0	4	294	850	1140	7.34e-36	147
Ga0393398_02_22061_22942	CP000239.1:743273-743990|CDS|CYA_0737	96.932	717	22	0	166	882	1	717	0.0	1195
Ga0393398_02_22061_22942	CP000240.1:1824951-1826106|CDS|CYB_1742	95.652	690	30	0	184	873	1	690	0.0	1110
Ga0393398_02_22061_22942	CP000240.1:95175-96330|CDS|CYB_0081	95.362	690	32	0	184	873	1	690	0.0	1101
Ga0393398_02_22061_22942	CP000240.1:269596-270751|CDS|CYB_0258	94.638	690	37	0	184	873	1	690	0.0	1078
Ga0393398_02_22061_22942	CP000240.1:2789871-2791026|CDS|CYB_2701	93.333	690	46	0	184	873	1	690	0.0	1038
Ga0393398_02_22061_22942	CP000240.1:2745261-2746416|CDS|CYB_2657	92.464	690	52	0	184	873	1	690	0.0	1011
Ga0393398_02_22061_22942	CP000240.1:1235562-1236717|CDS|CYB_1195	92.319	690	53	0	184	873	1	690	0.0	1006
Ga0393398_02_22061_22942	CP000240.1:559712-560867|CDS|CYB_0548	92.174	690	54	0	184	873	1	690	0.0	1002
Ga0393398_03_464_1699	CP000239.1:1527846-1529391|CDS|CYA_1518	99.838	1236	2	0	1	1236	310	1545	0.0	2221
Ga0393398_03_464_1699	CP000240.1:2328105-2329659|CDS|CYB_2225	84.061	1236	197	0	1	1236	319	1554	0.0	1342
Ga0393398_03_1942_2553	CP000239.1:1529633-1530245|CDS|CYA_1519	100.000	612	0	0	1	612	1	612	0.0	1104
Ga0393398_03_1942_2553	CP000240.1:1128615-1129227|CDS|CYB_1094	88.235	612	72	0	1	612	1	612	0.0	780
Ga0393398_03_2718_3854	CP000239.1:1530409-1531546|CDS|CYA_1520	99.912	1137	1	0	1	1137	1	1137	0.0	2047
Ga0393398_03_2718_3854	CP000240.1:1129403-1130540|CDS|CYB_1095	89.515	1135	119	0	1	1135	1	1135	0.0	1511
Ga0393398_03_4001_5362	CP000239.1:1531692-1533054|CDS|CYA_1521	99.927	1362	1	0	1	1362	1	1362	0.0	2452
Ga0393398_03_4001_5362	CP000240.1:1130672-1132055|CDS|CYB_1096	83.206	1304	219	0	13	1316	13	1316	0.0	1365
Ga0393398_03_5515_6591	CP000239.1:1533206-1534283|CDS|CYA_1522	99.907	1077	1	0	1	1077	1	1077	0.0	1939
Ga0393398_03_5515_6591	CP000240.1:1132451-1133432|CDS|CYB_1098	84.456	965	150	0	97	1061	1	965	0.0	1065
Ga0393398_03_6645_7904	CP000239.1:1534363-1535596|CDS|CYA_1524	99.838	1233	2	0	28	1260	1	1233	0.0	2215
Ga0393398_03_6645_7904	CP000240.1:1133481-1134786|CDS|CYB_1100	80.017	1196	201	6	49	1207	100	1294	0.0	1087
Ga0393398_03_7855_9783	CP000239.1:1535546-1537475|CDS|CYA_1523	99.948	1929	1	0	1	1929	1	1929	0.0	3475
Ga0393398_03_7855_9783	CP000240.1:337815-339744|CDS|CYB_0322	86.611	1927	258	0	1	1927	1	1927	0.0	2313
Ga0393398_03_9965_10525	CP000239.1:1537656-1538217|CDS|CYA_1525	100.000	561	0	0	1	561	1	561	0.0	1012
Ga0393398_03_9965_10525	CP000240.1:339945-340485|CDS|CYB_0323	82.890	526	90	0	14	539	11	536	4.31e-155	544
Ga0393398_03_10537_11505	CP000239.1:1538228-1539197|CDS|CYA_1526	99.794	969	2	0	1	969	1	969	0.0	1739
Ga0393398_03_10537_11505	CP000240.1:340497-341463|CDS|CYB_0324	86.246	967	130	1	1	967	1	964	0.0	1143
Ga0393398_03_11710_12702	CP000239.1:1539401-1540394|CDS|CYA_1528	100.000	993	0	0	1	993	1	993	0.0	1792
Ga0393398_03_11710_12702	CP000240.1:341669-342692|CDS|CYB_0325	83.923	989	159	0	1	989	1	989	0.0	1067
Ga0393398_03_12782_13870	CP000239.1:1540473-1541559|CDS|CYA_1529	99.725	1089	0	1	1	1089	1	1086	0.0	1949
Ga0393398_03_12782_13870	CP000240.1:342763-343864|CDS|CYB_0326	78.982	1061	218	3	11	1067	20	1079	0.0	900
Ga0393398_03_14051_14608	CP000239.1:1541631-1542297|CDS|CYA_1530	99.821	558	1	0	1	558	109	666	0.0	1003
Ga0393398_03_14051_14608	CP000240.1:552116-552782|CDS|CYB_0537	83.124	557	94	0	2	558	110	666	1.70e-166	581
Ga0393398_03_14775_15563	CP000239.1:1542428-1543451|CDS|CYA_1531	100.000	789	0	0	1	789	235	1023	0.0	1424
Ga0393398_03_14775_15563	CP000240.1:552871-553828|CDS|CYB_0538	80.928	797	113	1	1	758	148	944	0.0	783
Ga0393398_03_16036_16788	CP000239.1:1543566-1544442|CDS|CYA_1532	99.734	753	2	0	1	753	124	876	0.0	1350
Ga0393398_03_16036_16788	CP000240.1:553988-555035|CDS|CYB_0539	87.779	671	82	0	1	671	232	902	0.0	841
Ga0393398_03_16794_17264	CP000239.1:1544447-1544918|CDS|CYA_1533	99.788	471	1	0	1	471	1	471	0.0	846
Ga0393398_03_16794_17264	CP000240.1:556211-556736|CDS|CYB_0541	85.996	457	64	0	1	457	1	457	5.32e-153	536
Ga0393398_03_17502_17726	CP000239.1:1545155-1545380|CDS|CYA_1534	100.000	225	0	0	1	225	1	225	2.94e-114	407
Ga0393398_03_17502_17726	CP000240.1:556996-557377|CDS|CYB_0544	88.444	225	26	0	1	225	157	381	5.68e-79	289
Ga0393398_03_17804_18412	CP000239.1:1545457-1545988|CDS|CYA_1535	100.000	531	0	0	79	609	1	531	0.0	958
Ga0393398_03_17804_18412	CP000240.1:1485676-1486204|CDS|CYB_1417	85.827	508	72	0	84	591	6	513	1.03e-169	592
Ga0393398_03_18425_19681	CP000239.1:1546078-1547335|CDS|CYA_1537	99.682	1257	4	0	1	1257	1	1257	0.0	2250
Ga0393398_03_18425_19681	CP000240.1:1486358-1487624|CDS|CYB_1419	85.940	1202	167	2	30	1230	36	1236	0.0	1399
Ga0393398_03_19678_19935	CP000239.1:1547331-1547745|CDS|CYA_1536	100.000	258	0	0	1	258	157	414	4.16e-132	466
Ga0393398_03_19678_19935	CP000240.1:1487620-1488043|CDS|CYB_1418	78.519	270	46	2	1	258	154	423	1.90e-60	228
Ga0393398_03_20243_21070	CP000239.1:1547899-1548724|CDS|CYA_1538	100.000	825	0	0	4	828	1	825	0.0	1489
Ga0393398_03_20243_21070	CP000240.1:1488217-1489042|CDS|CYB_1420	86.545	825	111	0	4	828	1	825	0.0	988
Ga0393398_04_729_1004	CP000239.1:1525395-1526391|CDS|CYA_1517	99.561	228	0	1	49	276	1	227	4.48e-113	404
Ga0393398_04_1009_1806	CP000239.1:1524407-1525343|CDS|CYA_1515	100.000	798	0	0	1	798	139	936	0.0	1440
Ga0393398_04_1009_1806	CP000240.1:674337-675297|CDS|CYB_0661	80.438	731	119	2	1	707	166	896	0.0	687
Ga0393398_04_2491_3504	CP000240.1:2785260-2786232|CDS|CYB_2697	83.067	939	150	4	34	966	1	936	0.0	967
Ga0393398_04_2491_3504	CP000239.1:1522832-1523861|CDS|CYA_1514	81.231	1007	179	5	1	997	1	1007	0.0	951
Ga0393398_04_3524_5233	CP000239.1:1521126-1522836|CDS|CYA_1513	90.585	1710	161	0	1	1710	1	1710	0.0	2359
Ga0393398_04_3524_5233	CP000240.1:2786309-2788016|CDS|CYB_2698	88.304	1710	197	1	1	1710	1	1707	0.0	2181
Ga0393398_04_5338_5961	CP000239.1:1520398-1521010|CDS|CYA_1512	99.837	612	1	0	13	624	1	612	0.0	1100
Ga0393398_04_5338_5961	CP000240.1:2788134-2788746|CDS|CYB_2700	83.660	612	100	0	13	624	1	612	0.0	654
Ga0393398_04_6048_7025	CP000239.1:1519334-1520312|CDS|CYA_1511	100.000	978	0	0	1	978	1	978	0.0	1764
Ga0393398_04_6048_7025	CP000240.1:2788733-2789726|CDS|CYB_2699	81.846	964	169	2	2	962	2	962	0.0	947
Ga0393398_04_7296_7505	CP000239.1:1518854-1519064|CDS|CYA_1510	100.000	210	0	0	1	210	1	210	3.78e-106	379
Ga0393398_04_7666_9033	CP000239.1:1517278-1518694|CDS|CYA_1509	96.228	1352	51	0	1	1352	1	1352	0.0	2209
Ga0393398_04_7666_9033	CP000240.1:2791953-2793369|CDS|CYB_2703	89.793	1352	138	0	1	1352	1	1352	0.0	1817
Ga0393398_04_9230_9568	CP000240.1:2793520-2793859|CDS|CYB_2704	88.131	337	40	0	1	337	1	337	1.41e-120	428
Ga0393398_04_9230_9568	CP000239.1:1516788-1517127|CDS|CYA_1508	87.834	337	41	0	1	337	1	337	5.98e-119	424
Ga0393398_04_9697_11094	CP000240.1:2794010-2795423|CDS|CYB_2705	81.766	1404	244	3	4	1398	13	1413	0.0	1376
Ga0393398_04_9697_11094	CP000239.1:1515230-1516637|CDS|CYA_1507	80.519	1386	270	0	4	1389	13	1398	0.0	1283
Ga0393398_04_11231_11938	CP000239.1:1514373-1515081|CDS|CYA_1505	92.514	708	53	0	1	708	1	708	0.0	1039
Ga0393398_04_11231_11938	CP000240.1:2795622-2796291|CDS|CYB_2706	85.650	669	96	0	40	708	1	669	0.0	774
Ga0393398_04_13518_14312	CP000239.1:1511998-1512763|CDS|CYA_1504	99.477	765	4	0	31	795	1	765	0.0	1362
Ga0393398_04_13518_14312	CP000240.1:2798461-2799262|CDS|CYB_2708	84.763	781	113	1	1	781	1	775	0.0	874
Ga0393398_04_14678_15166	CP000239.1:1511144-1511633|CDS|CYA_1503	100.000	489	0	0	1	489	1	489	0.0	883
Ga0393398_04_14678_15166	CP000240.1:2803740-2804223|CDS|CYB_2712	84.490	490	64	2	1	487	1	481	3.73e-155	544
Ga0393398_04_15452_15706	CP000239.1:1510604-1510952|CDS|CYA_1502	100.000	255	0	0	1	255	94	348	1.75e-130	461
Ga0393398_04_15747_15980	CP000239.1:1510330-1510564|CDS|CYA_1501	100.000	234	0	0	1	234	1	234	3.99e-119	423
Ga0393398_04_15747_15980	CP000240.1:371796-372024|CDS|CYB_0356	81.818	209	38	0	26	234	20	228	5.56e-54	206
Ga0393398_04_16090_17154	CP000239.1:1509141-1510221|CDS|CYA_1500	100.000	1065	0	0	1	1065	16	1080	0.0	1921
Ga0393398_04_16090_17154	CP000240.1:372177-373257|CDS|CYB_0357	90.798	1065	98	0	1	1065	16	1080	0.0	1480
Ga0393398_04_17712_18191	CP000239.1:1508119-1508881|CDS|CYA_1498	100.000	480	0	0	1	480	283	762	0.0	866
Ga0393398_04_17712_18191	CP000240.1:373632-374226|CDS|CYB_0358	86.458	480	65	0	1	480	115	594	7.54e-164	573
Ga0393398_05_65_4921	CP000239.1:328538-333596|CDS|CYA_0318	88.686	4870	532	7	2	4857	194	5058	0.0	6285
Ga0393398_05_65_4921	CP000240.1:1774440-1779645|CDS|CYB_1696	84.851	4865	722	6	1	4856	346	5204	0.0	5438
Ga0393398_05_4918_5733	CP000239.1:327726-328542|CDS|CYA_0319	96.446	816	29	0	1	816	1	816	0.0	1342
Ga0393398_05_4918_5733	CP000240.1:1773628-1774444|CDS|CYB_1697	87.255	816	104	0	1	816	1	816	0.0	1003
Ga0393398_05_5757_6320	CP000239.1:326767-327703|CDS|CYA_0317	98.936	564	6	0	1	564	373	936	0.0	991
Ga0393398_05_5757_6320	CP000240.1:1772667-1773546|CDS|CYB_1695	89.184	564	52	1	1	564	325	879	0.0	746
Ga0393398_05_6334_6645	CP000239.1:326767-327703|CDS|CYA_0317	99.679	312	0	1	1	312	49	359	1.28e-158	555
Ga0393398_05_6334_6645	CP000240.1:1772667-1773546|CDS|CYB_1695	87.500	312	38	1	1	312	1	311	4.80e-107	384
Ga0393398_05_6770_8203	CP000239.1:325272-326691|CDS|CYA_0316	99.718	1419	4	0	16	1434	1	1419	0.0	2542
Ga0393398_05_6770_8203	CP000240.1:1771092-1772511|CDS|CYB_1694	88.656	1384	157	0	16	1399	1	1384	0.0	1789
Ga0393398_05_8366_9604	CP000239.1:323856-325095|CDS|CYA_0315	100.000	1239	0	0	1	1239	1	1239	0.0	2235
Ga0393398_05_8366_9604	CP000240.1:1769646-1770885|CDS|CYB_1693	87.813	1239	151	0	1	1239	1	1239	0.0	1554
Ga0393398_05_9723_10073	CP000239.1:323387-323738|CDS|CYA_0314	99.715	351	1	0	1	351	1	351	0.0	629
Ga0393398_05_9723_10073	CP000240.1:1769172-1769523|CDS|CYB_1692	93.732	351	22	0	1	351	1	351	1.36e-152	535
Ga0393398_05_10205_11716	CP000239.1:321744-323256|CDS|CYA_0313	99.934	1512	1	0	1	1512	1	1512	0.0	2723
Ga0393398_05_10205_11716	CP000240.1:1767536-1769048|CDS|CYB_1691	88.360	1512	176	0	1	1512	1	1512	0.0	1934
Ga0393398_05_11907_12278	CP000239.1:321182-321554|CDS|CYA_0312	99.731	372	1	0	1	372	1	372	0.0	667
Ga0393398_05_11907_12278	CP000240.1:1766987-1767338|CDS|CYB_1690	84.286	350	55	0	22	371	1	350	5.77e-107	384
Ga0393398_05_12658_14496	CP000239.1:318964-320803|CDS|CYA_0311	99.946	1839	1	0	1	1839	1	1839	0.0	3313
Ga0393398_05_12658_14496	CP000240.1:1764691-1766560|CDS|CYB_1689	85.936	1870	231	6	1	1839	1	1869	0.0	2189
Ga0393398_05_14706_15653	CP000239.1:317852-318755|CDS|CYA_0310	99.225	903	7	0	46	948	1	903	0.0	1598
Ga0393398_05_14706_15653	CP000240.1:1761443-1762382|CDS|CYB_1687	85.865	948	125	1	1	948	1	939	0.0	1110
Ga0393398_05_15812_18289	CP000239.1:315171-317649|CDS|CYA_0309	98.789	2478	30	0	1	2478	1	2478	0.0	4334
Ga0393398_05_15812_18289	CP000240.1:3013353-3015831|CDS|CYB_2916	82.716	2482	419	5	1	2477	1	2477	0.0	2529
Ga0393398_06_259_1062	CP000239.1:1044009-1044813|CDS|CYA_1026	98.881	804	9	0	1	804	1	804	0.0	1410
Ga0393398_06_259_1062	CP000240.1:2721473-2722277|CDS|CYB_2629	84.826	804	122	0	1	804	1	804	0.0	901
Ga0393398_06_1337_1549	CP000239.1:1043738-1043951|CDS|CYA_1025	95.775	213	9	0	1	213	1	213	2.77e-95	344
Ga0393398_06_1337_1549	CP000240.1:2722675-2722888|CDS|CYB_2630	88.263	213	25	0	1	213	1	213	1.43e-73	272
Ga0393398_06_1794_2462	CP000239.1:1042832-1043561|CDS|CYA_1024	98.494	664	10	0	1	664	64	727	0.0	1153
Ga0393398_06_1794_2462	CP000240.1:2723145-2723826|CDS|CYB_2631	86.170	658	91	0	1	658	22	679	0.0	777
Ga0393398_06_2559_2828	CP000239.1:1042529-1042799|CDS|CYA_1023	100.000	270	0	0	1	270	1	270	1.34e-138	488
Ga0393398_06_2559_2828	CP000240.1:2723862-2724132|CDS|CYB_2632	85.283	265	35	2	1	263	1	263	4.68e-81	297
Ga0393398_06_2907_3653	CP000239.1:1041546-1042437|CDS|CYA_1022	91.031	747	67	0	1	747	145	891	0.0	1046
Ga0393398_06_2907_3653	CP000240.1:1490935-1491823|CDS|CYB_1422	79.501	722	148	0	2	723	128	849	0.0	636
Ga0393398_06_3999_7250	CP000239.1:1038332-1041368|CDS|CYA_1021	95.028	3057	131	3	196	3252	1	3036	0.0	4834
Ga0393398_06_7253_7948	CP000239.1:1037439-1038135|CDS|CYA_1020	98.420	696	11	0	1	696	1	696	0.0	1206
Ga0393398_06_7971_8990	CP000239.1:1036397-1037417|CDS|CYA_1019	98.529	1020	15	0	1	1020	1	1020	0.0	1773
Ga0393398_06_9753_10271	CP000239.1:1035069-1035588|CDS|CYA_1016	95.568	519	23	0	1	519	1	519	0.0	833
Ga0393398_06_9753_10271	CP000240.1:1343930-1344449|CDS|CYB_1288	86.127	519	72	0	1	519	1	519	9.33e-176	612
Ga0393398_06_10287_11381	CP000239.1:1034022-1035054|CDS|CYA_1015	94.706	1020	54	0	1	1020	1	1020	0.0	1597
Ga0393398_06_10287_11381	CP000240.1:1344743-1345835|CDS|CYB_1289	89.249	1079	115	1	1	1078	1	1079	0.0	1420
Ga0393398_06_11378_12589	CP000240.1:2644164-2645358|CDS|CYB_2538	96.064	1194	47	0	19	1212	1	1194	0.0	1942
Ga0393398_06_11378_12589	CP000240.1:1803089-1804283|CDS|CYB_1722	95.729	1194	51	0	19	1212	1	1194	0.0	1924
Ga0393398_06_11378_12589	CP000240.1:52430-53648|CDS|CYB_0041	93.596	1218	54	1	19	1212	1	1218	0.0	1863
Ga0393398_06_11378_12589	CP000239.1:2170714-2171908|CDS|CYA_2158	93.970	1194	72	0	19	1212	1	1194	0.0	1829
Ga0393398_06_11378_12589	CP000240.1:1954838-1956056|CDS|CYB_1872	92.857	1218	63	1	19	1212	1	1218	0.0	1822
Ga0393398_06_11378_12589	CP000240.1:3008652-3009870|CDS|CYB_2910	92.775	1218	64	1	19	1212	1	1218	0.0	1818
Ga0393398_06_11378_12589	CP000240.1:1190675-1191869|CDS|CYB_1151	93.808	1195	72	2	19	1212	1	1194	0.0	1815
Ga0393398_06_11378_12589	CP000240.1:1083184-1084426|CDS|CYB_1042	91.787	1242	54	2	19	1212	1	1242	0.0	1815
Ga0393398_06_11378_12589	CP000240.1:638632-639850|CDS|CYB_0630	92.447	1218	68	1	19	1212	1	1218	0.0	1800
Ga0393398_06_11378_12589	CP000240.1:2830275-2831565|CDS|CYB_2735	90.887	1240	48	3	19	1210	1	1223	0.0	1773
Ga0393398_06_11378_12589	CP000240.1:1521392-1522610|CDS|CYB_1450	91.872	1218	75	1	19	1212	1	1218	0.0	1768
Ga0393398_06_11378_12589	CP000240.1:1358129-1359347|CDS|CYB_1297	91.297	1218	82	1	19	1212	1	1218	0.0	1737
Ga0393398_06_11378_12589	CP000239.1:712444-713638|CDS|CYA_0704	91.876	1194	97	0	19	1212	1	1194	0.0	1717
Ga0393398_06_11378_12589	CP000239.1:774779-775973|CDS|CYA_0767	91.541	1194	101	0	19	1212	1	1194	0.0	1699
Ga0393398_06_11378_12589	CP000240.1:2796782-2798000|CDS|CYB_2707	90.476	1218	92	1	19	1212	1	1218	0.0	1691
Ga0393398_06_11378_12589	CP000240.1:2168360-2169515|CDS|CYB_2071	92.927	1131	80	0	19	1149	1	1131	0.0	1680
Ga0393398_06_11378_12589	CP000240.1:1064975-1066169|CDS|CYB_1023	91.122	1194	106	0	19	1212	1	1194	0.0	1676
Ga0393398_06_11378_12589	CP000240.1:481588-482800|CDS|CYB_0472	90.193	1193	115	2	19	1210	1	1192	0.0	1618
Ga0393398_06_11378_12589	CP000240.1:2210858-2212052|CDS|CYB_2117	89.950	1194	120	0	19	1212	1	1194	0.0	1613
Ga0393398_06_11378_12589	CP000239.1:629980-631174|CDS|CYA_0620	89.615	1194	124	0	19	1212	1	1194	0.0	1595
Ga0393398_06_11378_12589	CP000240.1:2553363-2554557|CDS|CYB_2454	88.861	1194	133	0	19	1212	1	1194	0.0	1554
Ga0393398_06_11378_12589	CP000240.1:2247371-2248565|CDS|CYB_2147	90.186	1131	111	0	19	1149	1	1131	0.0	1540
Ga0393398_06_11378_12589	CP000240.1:2619921-2621115|CDS|CYB_2521	88.368	1195	137	2	19	1212	1	1194	0.0	1522
Ga0393398_06_11378_12589	CP000239.1:1594889-1596107|CDS|CYA_1585	89.302	1131	121	0	19	1149	1	1131	0.0	1495
Ga0393398_06_11378_12589	CP000240.1:1316312-1317548|CDS|CYB_1259	86.924	1216	135	1	19	1210	1	1216	0.0	1494
Ga0393398_06_11378_12589	CP000240.1:2661652-2662870|CDS|CYB_2557	86.453	1218	141	1	19	1212	1	1218	0.0	1471
Ga0393398_06_11378_12589	CP000240.1:1267756-1268992|CDS|CYB_1227	86.524	1217	138	3	19	1210	1	1216	0.0	1466
Ga0393398_06_11378_12589	CP000240.1:102811-104029|CDS|CYB_0087	87.706	1155	118	1	19	1149	1	1155	0.0	1461
Ga0393398_06_11378_12589	CP000240.1:1244785-1246021|CDS|CYB_1201	85.938	1216	147	1	19	1210	1	1216	0.0	1440
Ga0393398_06_11378_12589	CP000240.1:629484-630702|CDS|CYB_0620	85.550	1218	152	1	19	1212	1	1218	0.0	1421
Ga0393398_06_11378_12589	CP000240.1:2933473-2934709|CDS|CYB_2835	85.726	1219	144	5	19	1210	1	1216	0.0	1419
Ga0393398_06_11378_12589	CP000239.1:893439-894633|CDS|CYA_0887	86.976	1121	146	0	19	1139	1	1121	0.0	1364
Ga0393398_06_11378_12589	CP000239.1:994256-995468|CDS|CYA_0981	85.235	1192	176	0	19	1210	1	1192	0.0	1357
Ga0393398_06_11378_12589	CP000240.1:1015074-1016268|CDS|CYB_0979	86.472	1131	153	0	19	1149	1	1131	0.0	1351
Ga0393398_06_11378_12589	CP000240.1:605550-606744|CDS|CYB_0598	84.590	1194	184	0	19	1212	1	1194	0.0	1324
Ga0393398_06_11378_12589	CP000240.1:241642-242836|CDS|CYB_0233	85.954	1132	157	2	19	1149	1	1131	0.0	1318
Ga0393398_06_11378_12589	CP000239.1:698055-699204|CDS|CYA_0690	84.555	1146	153	1	19	1140	1	1146	0.0	1287
Ga0393398_06_11378_12589	CP000240.1:1842322-1843549|CDS|CYB_1759	83.416	1206	172	3	19	1198	1	1204	0.0	1286
Ga0393398_06_11378_12589	CP000240.1:1384265-1385459|CDS|CYB_1322	84.350	1131	177	0	19	1149	1	1131	0.0	1242
Ga0393398_06_11378_12589	CP000240.1:345730-346924|CDS|CYB_0329	83.554	1131	186	0	19	1149	1	1131	0.0	1202
Ga0393398_06_11378_12589	CP000240.1:2565689-2566883|CDS|CYB_2468	83.378	1131	188	0	19	1149	1	1131	0.0	1193
Ga0393398_06_11378_12589	CP000240.1:2128026-2129220|CDS|CYB_2026	81.091	1137	203	7	19	1149	1	1131	0.0	1061
Ga0393398_06_11378_12589	CP000239.1:693322-694534|CDS|CYA_0687	79.282	1197	238	5	19	1210	1	1192	0.0	1028
Ga0393398_06_11378_12589	CP000240.1:2219258-2220470|CDS|CYB_2126	78.947	1197	242	5	19	1210	1	1192	0.0	1010
Ga0393398_06_11378_12589	CP000240.1:1763450-1764623|CDS|CYB_1688	78.697	1136	232	4	19	1149	1	1131	0.0	949
Ga0393398_06_11378_12589	CP000240.1:2506708-2507857|CDS|CYB_2410	76.351	1129	147	5	19	1027	1	1129	0.0	919
Ga0393398_06_11378_12589	CP000240.1:1917270-1918464|CDS|CYB_1826	77.924	1137	239	7	19	1149	1	1131	0.0	899
Ga0393398_06_11378_12589	CP000239.1:88305-89487|CDS|CYA_0091	74.754	1117	256	5	24	1133	6	1103	0.0	745
Ga0393398_06_12762_13160	CP000239.1:1152553-1152952|CDS|CYA_1126	100.000	399	0	0	1	399	1	399	0.0	720
Ga0393398_06_12762_13160	CP000239.1:1013062-1013461|CDS|CYA_0999	100.000	399	0	0	1	399	1	399	0.0	720
Ga0393398_06_12762_13160	CP000239.1:2728529-2728928|CDS|CYA_2709	99.499	399	2	0	1	399	1	399	0.0	711
Ga0393398_06_12762_13160	CP000239.1:1367794-1368193|CDS|CYA_1358	99.499	399	2	0	1	399	1	399	0.0	711
Ga0393398_06_12762_13160	CP000239.1:34556-34955|CDS|CYA_0037	99.499	399	2	0	1	399	1	399	0.0	711
Ga0393398_06_12762_13160	CP000239.1:1290362-1291310|CDS|CYA_1279	99.500	400	1	1	1	399	1	400	0.0	710
Ga0393398_06_12762_13160	CP000239.1:2740042-2740447|CDS|CYA_2722	99.499	399	1	1	1	399	1	398	0.0	708
Ga0393398_06_12762_13160	CP000239.1:2026942-2027347|CDS|CYA_2010	99.499	399	1	1	1	399	1	398	0.0	708
Ga0393398_06_12762_13160	CP000239.1:2654240-2654639|CDS|CYA_2639	99.248	399	3	0	1	399	1	399	0.0	707
Ga0393398_06_12762_13160	CP000239.1:1663935-1664334|CDS|CYA_1661	99.248	399	3	0	1	399	1	399	0.0	707
Ga0393398_06_12762_13160	CP000239.1:1300762-1301161|CDS|CYA_1291	99.248	399	3	0	1	399	1	399	0.0	707
Ga0393398_06_12762_13160	CP000239.1:1612111-1613059|CDS|CYA_1604	99.250	400	2	1	1	399	1	400	0.0	705
Ga0393398_06_12762_13160	CP000239.1:1321049-1321982|CDS|CYA_1311	99.250	400	2	1	1	399	1	400	0.0	705
Ga0393398_06_12762_13160	CP000239.1:51699-52647|CDS|CYA_0053	99.250	400	2	1	1	399	1	400	0.0	705
Ga0393398_06_12762_13160	CP000239.1:2862566-2862965|CDS|CYA_2845	98.997	399	4	0	1	399	1	399	0.0	702
Ga0393398_06_12762_13160	CP000239.1:2101748-2102147|CDS|CYA_2082	98.997	399	4	0	1	399	1	399	0.0	702
Ga0393398_06_13142_13708	CP000239.1:1152933-1153500|CDS|CYA_1127	99.295	567	4	0	1	567	1	567	0.0	1005
Ga0393398_06_13142_13708	CP000239.1:1012514-1013081|CDS|CYA_0998	99.295	567	4	0	1	567	1	567	0.0	1005
Ga0393398_06_13142_13708	CP000239.1:2653692-2654259|CDS|CYA_2637	98.765	567	7	0	1	567	1	567	0.0	992
Ga0393398_06_13142_13708	CP000239.1:1290362-1291310|CDS|CYA_1279	98.589	567	8	0	1	567	382	948	0.0	987
Ga0393398_06_13142_13708	CP000239.1:2728909-2729476|CDS|CYA_2710	98.413	567	9	0	1	567	1	567	0.0	983
Ga0393398_06_13142_13708	CP000239.1:1612111-1613059|CDS|CYA_1604	98.060	567	11	0	1	567	382	948	0.0	974
Ga0393398_06_13142_13708	CP000239.1:51699-52647|CDS|CYA_0053	98.060	567	11	0	1	567	382	948	0.0	974
Ga0393398_06_13142_13708	CP000239.1:1664315-1664882|CDS|CYA_1662	97.707	567	13	0	1	567	1	567	0.0	965
Ga0393398_06_13142_13708	CP000239.1:1368174-1368741|CDS|CYA_1360	97.707	567	13	0	1	567	1	567	0.0	965
Ga0393398_06_13142_13708	CP000239.1:1300214-1300781|CDS|CYA_1289	97.707	567	13	0	1	567	1	567	0.0	965
Ga0393398_06_13142_13708	CP000239.1:2101215-2101767|CDS|CYA_2081	96.649	567	4	1	1	567	1	552	0.0	947
Ga0393398_06_13142_13708	CP000239.1:1321049-1321982|CDS|CYA_1311	96.643	566	4	1	2	567	383	933	0.0	945
Ga0393398_06_13142_13708	CP000239.1:34936-35488|CDS|CYA_0038	96.296	567	6	1	1	567	1	552	0.0	938
Ga0393398_06_13142_13708	CP000239.1:2863003-2863513|CDS|CYA_2846	98.431	510	8	0	58	567	1	510	0.0	884
Ga0393398_06_13713_14000	CP000240.1:478586-480641|CDS|CYB_0470	98.917	277	3	0	1	277	1	277	5.01e-138	487
Ga0393398_06_13713_14000	CP000239.1:1027703-1029731|CDS|CYA_1011	78.136	279	53	3	1	278	1	272	9.09e-59	223
Ga0393398_06_13713_14000	CP000240.1:1345864-1348027|CDS|CYB_1290	77.686	242	52	2	25	265	31	271	6.55e-48	187
Ga0393398_06_14172_14315	CP000240.1:480812-480956|CDS|CYB_0471	100.000	144	0	0	1	144	1	144	1.67e-70	260
Ga0393398_06_15813_16778	CP000239.1:1025027-1025978|CDS|CYA_1008	83.369	938	156	0	1	938	1	938	0.0	989
Ga0393398_06_15813_16778	CP000240.1:483698-484709|CDS|CYB_0474	82.976	934	157	2	1	933	46	978	0.0	961
Ga0393398_07_306_1070	CP000239.1:2671899-2672670|CDS|CYA_2655	99.739	765	2	0	1	765	7	771	0.0	1371
Ga0393398_07_306_1070	CP000240.1:2514925-2515690|CDS|CYB_2418	87.215	657	84	0	109	765	109	765	0.0	807
Ga0393398_07_1067_1723	CP000239.1:2671273-2671909|CDS|CYA_2654	100.000	636	0	0	22	657	1	636	0.0	1148
Ga0393398_07_1067_1723	CP000240.1:2514221-2514875|CDS|CYB_2417	85.740	561	80	0	22	582	1	561	0.0	652
Ga0393398_07_1882_4293	CP000239.1:2668682-2671094|CDS|CYA_2653	99.668	2412	8	0	1	2412	1	2412	0.0	4314
Ga0393398_07_1882_4293	CP000240.1:2511617-2514026|CDS|CYB_2416	86.029	2405	329	6	8	2410	8	2407	0.0	2802
Ga0393398_07_4809_5573	CP000239.1:2667402-2668245|CDS|CYA_2652	99.869	765	1	0	1	765	79	843	0.0	1376
Ga0393398_07_4809_5573	CP000240.1:1812916-1813852|CDS|CYB_1730	82.812	768	123	2	1	765	175	936	0.0	790
Ga0393398_07_5634_6524	CP000239.1:2666451-2667342|CDS|CYA_2651	100.000	891	0	0	1	891	1	891	0.0	1608
Ga0393398_07_5634_6524	CP000240.1:1813906-1814779|CDS|CYB_1731	88.794	821	92	0	49	869	34	854	0.0	1067
Ga0393398_07_6530_7081	CP000239.1:2665894-2666446|CDS|CYA_2649	99.819	552	1	0	1	552	1	552	0.0	992
Ga0393398_07_6530_7081	CP000240.1:1814788-1815340|CDS|CYB_1733	88.949	552	61	0	1	552	1	552	0.0	721
Ga0393398_07_7078_7602	CP000239.1:2665280-2665898|CDS|CYA_2650	100.000	525	0	0	1	525	94	618	0.0	948
Ga0393398_07_7078_7602	CP000240.1:1815336-1815957|CDS|CYB_1732	87.739	522	64	0	1	522	94	615	0.0	654
Ga0393398_07_7822_9321	CP000239.1:2663699-2665154|CDS|CYA_2648	99.863	1455	2	0	46	1500	1	1455	0.0	2616
Ga0393398_07_7822_9321	CP000240.1:1816002-1817544|CDS|CYB_1734	88.006	1434	168	2	43	1473	1	1433	0.0	1806
Ga0393398_07_9458_10579	CP000239.1:2662396-2663455|CDS|CYA_2647	99.811	1059	2	0	64	1122	1	1059	0.0	1902
Ga0393398_07_9458_10579	CP000239.1:2364733-2365792|CDS|CYA_2358	99.622	1059	4	0	64	1122	1	1059	0.0	1893
Ga0393398_07_9458_10579	CP000240.1:1817799-1818858|CDS|CYB_1736	93.107	1059	73	0	64	1122	1	1059	0.0	1581
Ga0393398_07_9458_10579	CP000240.1:888122-889181|CDS|CYB_0854	92.823	1059	76	0	64	1122	1	1059	0.0	1568
Ga0393398_07_10657_11226	CP000239.1:2661749-2662319|CDS|CYA_2646	100.000	570	0	0	1	570	1	570	0.0	1029
Ga0393398_07_10657_11226	CP000240.1:1818977-1819541|CDS|CYB_1737	83.547	547	90	0	1	547	1	547	1.74e-166	581
Ga0393398_07_11253_11888	CP000239.1:2661087-2661723|CDS|CYA_2645	100.000	636	0	0	1	636	1	636	0.0	1148
Ga0393398_07_11253_11888	CP000240.1:1819552-1820191|CDS|CYB_1738	85.601	632	88	1	1	629	1	632	0.0	728
Ga0393398_07_11914_13152	CP000239.1:2659823-2661062|CDS|CYA_2644	99.919	1239	1	0	1	1239	1	1239	0.0	2231
Ga0393398_07_11914_13152	CP000240.1:1822505-1823747|CDS|CYB_1740	83.805	1130	183	0	1	1130	1	1130	0.0	1214
Ga0393398_07_13646_14374	CP000239.1:2658592-2659321|CDS|CYA_2643	100.000	729	0	0	1	729	1	729	0.0	1315
Ga0393398_07_13646_14374	CP000240.1:1823993-1824728|CDS|CYB_1741	86.207	725	100	0	1	725	1	725	0.0	857
Ga0393398_07_14656_16068	CP000239.1:2656898-2658311|CDS|CYA_2642	99.222	1413	11	0	1	1413	1	1413	0.0	2499
Ga0393398_07_14656_16068	CP000240.1:1192104-1193532|CDS|CYB_1152	83.925	1381	207	1	1	1366	1	1381	0.0	1499
Ga0393398_08_906_2357	CP000239.1:353547-354966|CDS|CYA_0335	99.930	1419	1	0	34	1452	1	1419	0.0	2555
Ga0393398_08_906_2357	CP000240.1:1584673-1586068|CDS|CYB_1512	87.234	1410	150	3	34	1440	1	1383	0.0	1746
Ga0393398_08_2846_3634	CP000239.1:352270-353185|CDS|CYA_0334	99.747	789	2	0	1	789	127	915	0.0	1415
Ga0393398_08_2846_3634	CP000240.1:1586328-1587234|CDS|CYB_1513	74.031	851	116	6	1	767	7	836	6.12e-174	607
Ga0393398_08_3681_4403	CP000239.1:350697-352224|CDS|CYA_0333	100.000	632	0	0	1	632	1	632	0.0	1141
Ga0393398_08_3681_4403	CP000240.1:1587284-1588820|CDS|CYB_1514	90.348	632	61	0	1	632	1	632	0.0	866
Ga0393398_08_4821_6470	CP000239.1:371224-372874|CDS|CYA_0355	100.000	1650	0	0	1	1650	1	1650	0.0	2976
Ga0393398_08_4821_6470	CP000240.1:719293-720901|CDS|CYB_0704	77.102	1677	288	8	1	1650	1	1608	0.0	1344
Ga0393398_08_6464_7657	CP000239.1:372867-374061|CDS|CYA_0354	99.832	1194	2	0	1	1194	1	1194	0.0	2145
Ga0393398_08_6464_7657	CP000240.1:720894-722103|CDS|CYB_0703	83.629	1185	192	2	11	1194	26	1209	0.0	1256
Ga0393398_08_7660_8073	CP000239.1:374063-374477|CDS|CYA_0356	100.000	414	0	0	1	414	1	414	0.0	747
Ga0393398_08_7660_8073	CP000240.1:722132-722546|CDS|CYB_0705	83.632	391	64	0	1	391	1	391	3.13e-117	417
Ga0393398_08_8163_8348	CP000239.1:374566-375007|CDS|CYA_0357	96.774	186	0	1	1	186	262	441	4.90e-85	310
Ga0393398_08_8163_8348	CP000240.1:722621-723128|CDS|CYB_0706	84.393	173	27	0	1	173	322	494	3.30e-49	191
Ga0393398_08_8312_8668	CP000239.1:374566-375007|CDS|CYA_0357	99.664	298	0	1	61	357	1	298	5.88e-151	530
Ga0393398_08_8312_8668	CP000240.1:722621-723128|CDS|CYB_0706	82.123	358	63	1	1	357	1	358	2.68e-98	354
Ga0393398_08_8691_9572	CP000239.1:375089-375971|CDS|CYA_0358	100.000	882	0	0	1	882	1	882	0.0	1591
Ga0393398_08_8691_9572	CP000240.1:723190-724006|CDS|CYB_0707	84.321	810	122	2	1	809	1	806	0.0	884
Ga0393398_08_9697_10290	CP000239.1:376111-376705|CDS|CYA_0360	97.306	594	16	0	1	594	1	594	0.0	1000
Ga0393398_08_9697_10290	CP000240.1:724154-724748|CDS|CYB_0709	90.662	589	55	0	1	589	1	589	0.0	815
Ga0393398_08_10287_10958	CP000239.1:376701-378174|CDS|CYA_0359	99.819	552	1	0	121	672	922	1473	0.0	992
Ga0393398_08_10287_10958	CP000240.1:724744-726217|CDS|CYB_0708	89.292	551	59	0	121	671	922	1472	0.0	728
Ga0393398_08_11078_13237	CP000239.1:366345-368466|CDS|CYA_0349	99.953	2121	1	0	40	2160	1	2121	0.0	3821
Ga0393398_08_11078_13237	CP000240.1:2194341-2196501|CDS|CYB_2100	84.749	2131	313	3	18	2142	18	2142	0.0	2376
Ga0393398_08_13249_14106	CP000239.1:365437-366295|CDS|CYA_0348	100.000	858	0	0	1	858	1	858	0.0	1548
Ga0393398_08_13249_14106	CP000240.1:2196512-2197373|CDS|CYB_2101	86.792	795	105	0	64	858	67	861	0.0	961
Ga0393398_08_14810_14935	CP000239.1:364608-364743|CDS|CYA_0347	100.000	126	0	0	1	126	10	135	8.40e-61	228
Ga0393398_08_15003_15596	CP000239.1:2402867-2403461|CDS|CYA_2392	99.327	594	4	0	1	594	1	594	0.0	1054
Ga0393398_08_15003_15596	CP000239.1:2434480-2435074|CDS|CYA_2425	98.990	594	6	0	1	594	1	594	0.0	1045
Ga0393398_08_15003_15596	CP000239.1:1898603-1899197|CDS|CYA_1891	98.653	594	8	0	1	594	1	594	0.0	1036
Ga0393398_08_15003_15596	CP000239.1:411427-412021|CDS|CYA_0397	98.316	594	10	0	1	594	1	594	0.0	1027
Ga0393398_08_15003_15596	CP000239.1:1778901-1779495|CDS|CYA_1772	97.811	594	13	0	1	594	1	594	0.0	1013
Ga0393398_08_15003_15596	CP000239.1:819297-819891|CDS|CYA_0808	97.138	594	17	0	1	594	1	594	0.0	995
Ga0393398_08_15003_15596	CP000239.1:1446255-1446849|CDS|CYA_1439	96.801	594	19	0	1	594	1	594	0.0	986
Ga0393398_08_15003_15596	CP000239.1:2598423-2599041|CDS|CYA_2572	94.013	618	13	1	1	594	1	618	0.0	966
Ga0393398_08_15003_15596	CP000240.1:31634-32228|CDS|CYB_0025	95.623	594	26	0	1	594	1	594	0.0	955
Ga0393398_08_15003_15596	CP000239.1:732513-733107|CDS|CYA_0727	95.623	594	26	0	1	594	1	594	0.0	955
Ga0393398_08_15003_15596	CP000239.1:363923-364541|CDS|CYA_0346	93.366	618	17	1	1	594	1	618	0.0	948
Ga0393398_08_15003_15596	CP000239.1:2709545-2710163|CDS|CYA_2694	93.366	618	17	3	1	594	1	618	0.0	939
Ga0393398_08_15003_15596	CP000239.1:2259861-2260479|CDS|CYA_2250	93.042	618	19	1	1	594	1	618	0.0	939
Ga0393398_08_15003_15596	CP000240.1:22428-23022|CDS|CYB_0019	94.781	594	31	0	1	594	1	594	0.0	932
Ga0393398_08_15003_15596	CP000239.1:2018987-2019605|CDS|CYA_2002	92.718	618	21	1	1	594	1	618	0.0	930
Ga0393398_08_15003_15596	CP000239.1:1948621-1949239|CDS|CYA_1937	92.718	618	21	1	1	594	1	618	0.0	930
Ga0393398_08_15003_15596	CP000239.1:1644319-1644937|CDS|CYA_1645	92.718	618	21	1	1	594	1	618	0.0	930
Ga0393398_08_15003_15596	CP000239.1:2450192-2450786|CDS|CYA_2439	94.613	594	32	0	1	594	1	594	0.0	928
Ga0393398_08_15003_15596	CP000239.1:2698805-2699423|CDS|CYA_2684	92.395	618	23	1	1	594	1	618	0.0	921
Ga0393398_08_15003_15596	CP000239.1:606571-607189|CDS|CYA_0595	92.395	618	23	1	1	594	1	618	0.0	921
Ga0393398_08_15003_15596	CP000239.1:1384976-1385594|CDS|CYA_1374	92.071	618	25	1	1	594	1	618	0.0	911
Ga0393398_08_15003_15596	CP000239.1:1479753-1480371|CDS|CYA_1472	91.909	618	26	1	1	594	1	618	0.0	907
Ga0393398_09_80_1879	CP000239.1:1559183-1560959|CDS|CYA_1550	99.550	1776	8	0	25	1800	1	1776	0.0	3168
Ga0393398_09_80_1879	CP000240.1:1116585-1118361|CDS|CYB_1081	85.079	1776	265	0	25	1800	1	1776	0.0	2009
Ga0393398_09_1966_2427	CP000239.1:1561069-1561531|CDS|CYA_1551	99.784	462	1	0	1	462	1	462	0.0	829
Ga0393398_09_1966_2427	CP000240.1:1115957-1116407|CDS|CYB_1080	82.921	445	76	0	14	458	2	446	3.29e-130	461
Ga0393398_09_2787_3866	CP000239.1:1561866-1562946|CDS|CYA_1552	99.444	1080	6	0	1	1080	1	1080	0.0	1921
Ga0393398_09_2787_3866	CP000240.1:1114090-1115167|CDS|CYB_1077	81.094	1079	201	1	1	1079	1	1076	0.0	1025
Ga0393398_09_3891_4859	CP000239.1:1562970-1563939|CDS|CYA_1553	99.794	969	2	0	1	969	1	969	0.0	1739
Ga0393398_09_3891_4859	CP000240.1:1113088-1114057|CDS|CYB_1076	80.355	957	188	0	13	969	13	969	0.0	879
Ga0393398_09_4866_5765	CP000239.1:1563945-1564845|CDS|CYA_1554	99.222	900	7	0	1	900	1	900	0.0	1592
Ga0393398_09_4866_5765	CP000240.1:1112191-1113082|CDS|CYB_1075	81.266	790	148	0	109	898	100	889	0.0	758
Ga0393398_09_5802_6629	CP000239.1:1564881-1565709|CDS|CYA_1555	99.517	828	4	0	1	828	1	828	0.0	1476
Ga0393398_09_5802_6629	CP000240.1:1111281-1112109|CDS|CYB_1074	83.957	748	118	2	82	828	82	828	0.0	801
Ga0393398_09_5802_6629	CP000239.1:1739211-1740009|CDS|CYA_1735	69.760	625	189	0	79	703	52	676	4.96e-74	276
Ga0393398_09_5802_6629	CP000240.1:1997239-1998037|CDS|CYB_1912	69.169	626	191	2	79	703	52	676	5.66e-67	252
Ga0393398_09_6695_7522	CP000239.1:1565774-1566602|CDS|CYA_1556	97.585	828	20	0	1	828	1	828	0.0	1404
Ga0393398_09_6695_7522	CP000240.1:1110358-1111186|CDS|CYB_1073	81.258	827	155	0	1	827	1	827	0.0	793
Ga0393398_09_7566_8000	CP000239.1:1566645-1567080|CDS|CYA_1557	100.000	435	0	0	1	435	1	435	0.0	785
Ga0393398_09_7566_8000	CP000240.1:1109889-1110315|CDS|CYB_1072	85.122	410	61	0	13	422	13	422	2.54e-131	465
Ga0393398_09_8771_9973	CP000239.1:1567850-1569032|CDS|CYA_1559	93.909	1182	72	0	22	1203	1	1182	0.0	1808
Ga0393398_09_8771_9973	CP000240.1:1107830-1109021|CDS|CYB_1070	92.752	1159	84	0	32	1190	29	1187	0.0	1712
Ga0393398_09_10066_10437	CP000239.1:1569145-1569517|CDS|CYA_1560	100.000	372	0	0	1	372	1	372	0.0	672
Ga0393398_09_10066_10437	CP000240.1:1107298-1107664|CDS|CYB_1069	83.696	368	54	2	1	368	1	362	3.89e-109	390
Ga0393398_09_10566_11348	CP000239.1:1569645-1570428|CDS|CYA_1561	100.000	783	0	0	1	783	1	783	0.0	1413
Ga0393398_09_10566_11348	CP000240.1:1106375-1107158|CDS|CYB_1068	87.739	783	96	0	1	783	1	783	0.0	980
Ga0393398_09_11466_12752	CP000239.1:1570545-1571832|CDS|CYA_1562	99.767	1287	3	0	1	1287	1	1287	0.0	2308
Ga0393398_09_11466_12752	CP000240.1:1104957-1106244|CDS|CYB_1067	91.142	1287	114	0	1	1287	1	1287	0.0	1808
Ga0393398_09_12918_14660	CP000240.1:1103049-1104822|CDS|CYB_1066	98.853	1743	20	0	1	1743	31	1773	0.0	3054
Ga0393398_09_12918_14660	CP000239.1:1571984-1573757|CDS|CYA_1563	86.314	1739	238	0	4	1742	34	1772	0.0	2064
Ga0393398_09_14709_15077	CP000240.1:1102632-1103001|CDS|CYB_1065	93.225	369	25	0	1	369	1	369	5.34e-158	554
Ga0393398_09_14709_15077	CP000239.1:1573799-1574174|CDS|CYA_1564	83.871	341	49	1	1	335	1	341	1.26e-102	369
Ga0393398_10_79_354	CP000239.1:2738225-2738507|CDS|CYA_2719	99.638	276	1	0	1	276	7	282	3.22e-140	494
Ga0393398_10_79_354	CP000240.1:1050508-1050784|CDS|CYB_1011	86.957	276	36	0	1	276	1	276	5.47e-93	336
Ga0393398_10_735_1505	CP000239.1:2741782-2742499|CDS|CYA_2726	89.212	723	69	3	52	771	1	717	0.0	948
Ga0393398_10_735_1505	CP000240.1:1049216-1049963|CDS|CYB_1009	80.247	729	129	5	44	769	29	745	0.0	657
Ga0393398_10_1715_3058	CP000239.1:2742708-2744052|CDS|CYA_2727	99.777	1344	3	0	1	1344	1	1344	0.0	2411
Ga0393398_10_1715_3058	CP000240.1:1047611-1048967|CDS|CYB_1008	80.360	1222	215	7	131	1335	119	1332	0.0	1113
Ga0393398_10_3766_4539	CP000239.1:2744658-2745534|CDS|CYA_2729	99.871	774	1	0	1	774	103	876	0.0	1392
Ga0393398_10_3766_4539	CP000240.1:1046131-1046998|CDS|CYB_1006	82.345	759	128	1	1	753	103	861	0.0	766
Ga0393398_10_5011_6480	CP000239.1:2745810-2747475|CDS|CYA_2730	99.184	1470	12	0	1	1470	196	1665	0.0	2598
Ga0393398_10_5011_6480	CP000240.1:2038634-2040356|CDS|CYB_1946	83.355	1508	210	7	1	1468	214	1720	0.0	1594
Ga0393398_10_6496_6711	CP000239.1:2747490-2747706|CDS|CYA_2731	100.000	216	0	0	1	216	1	216	2.16e-109	390
Ga0393398_10_6496_6711	CP000240.1:2038231-2038597|CDS|CYB_1945	77.523	218	46	2	1	216	1	217	4.46e-42	167
Ga0393398_10_6918_8714	CP000240.1:2036151-2037948|CDS|CYB_1944	93.203	1795	122	0	1	1795	1	1795	0.0	2688
Ga0393398_10_6918_8714	CP000239.1:2747912-2749709|CDS|CYA_2732	92.933	1797	127	0	1	1797	1	1797	0.0	2669
Ga0393398_10_9203_10117	CP000240.1:2034748-2035831|CDS|CYB_1943	93.085	911	63	0	1	911	169	1079	0.0	1360
Ga0393398_10_10597_11448	CP000239.1:2750054-2750906|CDS|CYA_2734	94.718	852	45	0	1	852	1	852	0.0	1334
Ga0393398_10_10597_11448	CP000240.1:2033502-2034327|CDS|CYB_1942	93.860	798	49	0	1	798	1	798	0.0	1219
Ga0393398_10_11586_12704	CP000239.1:2751043-2752162|CDS|CYA_2735	100.000	1119	0	0	1	1119	1	1119	0.0	2019
Ga0393398_10_11586_12704	CP000240.1:2032211-2033330|CDS|CYB_1941	87.069	1044	135	0	1	1044	1	1044	0.0	1275
Ga0393398_10_12723_13007	CP000239.1:2752180-2752465|CDS|CYA_2736	100.000	285	0	0	1	285	1	285	1.02e-146	515
Ga0393398_10_12723_13007	CP000240.1:2031904-2032189|CDS|CYB_1940	87.633	283	35	0	1	283	1	283	7.36e-98	353
Ga0393398_11_10264_10680	CP000239.1:285645-286068|CDS|CYA_0279	86.538	416	50	1	1	410	1	416	1.18e-141	499
Ga0393398_11_10264_10680	CP000240.1:2227135-2227633|CDS|CYB_2133	81.707	410	67	3	1	403	1	409	1.03e-110	396
Ga0393398_11_10264_10680	CP000239.1:279448-279994|CDS|CYA_0273	82.385	369	65	0	1	369	1	369	1.18e-103	373
Ga0393398_11_10691_11233	CP000239.1:285107-285635|CDS|CYA_0278	99.053	528	5	0	16	543	1	528	0.0	930
Ga0393398_11_10691_11233	CP000240.1:2226599-2227124|CDS|CYB_2132	80.153	524	103	1	16	538	1	524	6.19e-134	473
Ga0393398_11_11276_12865	CP000239.1:283489-285079|CDS|CYA_0277	97.925	1590	33	0	1	1590	1	1590	0.0	2719
Ga0393398_11_11276_12865	CP000240.1:2224918-2226547|CDS|CYB_2131	87.079	1486	192	0	78	1563	117	1602	0.0	1815
Ga0393398_12_292_1674	CP000239.1:2583384-2584767|CDS|CYA_2560	99.928	1383	1	0	1	1383	1	1383	0.0	2490
Ga0393398_12_292_1674	CP000240.1:838432-839815|CDS|CYB_0810	77.944	1401	269	12	1	1381	1	1381	0.0	1116
Ga0393398_12_1847_2434	CP000239.1:2584939-2585527|CDS|CYA_2562	99.830	588	1	0	1	588	1	588	0.0	1057
Ga0393398_12_1847_2434	CP000240.1:837678-838269|CDS|CYB_0809	79.526	591	118	2	1	588	1	591	2.20e-146	515
Ga0393398_12_2443_4056	CP000239.1:2585535-2587392|CDS|CYA_2563	99.814	1614	3	0	1	1614	244	1857	0.0	2898
Ga0393398_12_2443_4056	CP000240.1:835785-837645|CDS|CYB_0808	86.911	1612	211	0	1	1612	247	1858	0.0	1957
Ga0393398_12_4382_6469	CP000239.1:2587474-2589562|CDS|CYA_2564	100.000	2088	0	0	1	2088	1	2088	0.0	3766
Ga0393398_12_4382_6469	CP000240.1:833612-835700|CDS|CYB_0807	87.140	2084	266	2	1	2083	1	2083	0.0	2544
Ga0393398_12_6671_7531	CP000239.1:2589763-2590624|CDS|CYA_2565	100.000	861	0	0	1	861	1	861	0.0	1553
Ga0393398_12_6671_7531	CP000240.1:2461084-2461969|CDS|CYB_2354	74.917	901	170	17	1	861	1	885	9.30e-166	581
Ga0393398_12_7560_8537	CP000239.1:2590652-2591630|CDS|CYA_2566	99.591	978	4	0	1	978	1	978	0.0	1746
Ga0393398_12_7560_8537	CP000240.1:2462023-2462992|CDS|CYB_2356	85.021	968	139	1	1	968	1	962	0.0	1094
Ga0393398_12_8660_8815	CP000239.1:2591752-2591923|CDS|CYA_2567	99.359	156	0	1	1	156	1	155	2.90e-74	274
Ga0393398_12_8660_8815	CP000240.1:1365813-1366362|CDS|CYB_1303	78.523	149	18	4	13	147	166	314	4.04e-28	120
Ga0393398_12_8880_9074	CP000239.1:455920-457171|CDS|CYA_0436	74.494	247	11	1	1	195	970	1216	1.58e-53	205
Ga0393398_12_9543_10139	CP000239.1:2592634-2593231|CDS|CYA_2568	99.832	597	1	0	1	597	1	597	0.0	1073
Ga0393398_12_9543_10139	CP000240.1:1071392-1072049|CDS|CYB_1028	79.732	597	97	1	1	573	1	597	1.08e-156	549
Ga0393398_12_10652_11689	CP000239.1:2593698-2594769|CDS|CYA_2570	92.967	1038	61	1	1	1038	46	1071	0.0	1550
Ga0393398_12_10652_11689	CP000240.1:1069917-1070976|CDS|CYB_1027	83.671	986	161	0	2	987	47	1032	0.0	1053
Ga0393398_13_737_1666	CP000239.1:48907-49837|CDS|CYA_0050	99.032	930	9	0	1	930	1	930	0.0	1637
Ga0393398_13_737_1666	CP000240.1:1225171-1226113|CDS|CYB_1187	91.295	942	70	1	1	930	1	942	0.0	1336
Ga0393398_13_1721_2833	CP000239.1:49891-51004|CDS|CYA_0051	100.000	1113	0	0	1	1113	1	1113	0.0	2008
Ga0393398_13_1721_2833	CP000240.1:1223891-1225124|CDS|CYB_1186	85.752	1130	128	3	1	1097	97	1226	0.0	1329
Ga0393398_13_2999_3499	CP000239.1:51169-51670|CDS|CYA_0052	100.000	501	0	0	1	501	1	501	0.0	904
Ga0393398_13_2999_3499	CP000239.1:50662-51715|CDS|CYA_0054	100.000	501	0	0	1	501	1008	508	0.0	904
Ga0393398_13_2999_3499	CP000240.1:1223347-1223845|CDS|CYB_1185	87.026	501	62	1	1	501	1	498	1.10e-174	609
Ga0393398_13_3612_4670	CP000239.1:52801-53860|CDS|CYA_0055	99.906	1059	1	0	1	1059	1	1059	0.0	1906
Ga0393398_13_3612_4670	CP000240.1:1222136-1223204|CDS|CYB_1184	83.760	1016	165	0	1	1016	1	1016	0.0	1089
Ga0393398_13_4789_8274	CP000239.1:53978-57464|CDS|CYA_0057	99.914	3486	3	0	1	3486	1	3486	0.0	6274
Ga0393398_13_4789_8274	CP000240.1:1218521-1222019|CDS|CYB_1183	86.596	3499	455	3	1	3486	1	3498	0.0	4195
Ga0393398_13_8260_8535	CP000239.1:57449-57725|CDS|CYA_0056	100.000	276	0	0	1	276	1	276	7.58e-142	499
Ga0393398_13_8260_8535	CP000240.1:1218223-1218484|CDS|CYB_1182	81.467	259	48	0	2	260	2	260	1.79e-67	251
Ga0393398_13_8545_9372	CP000239.1:57734-58562|CDS|CYA_0058	99.758	828	2	0	1	828	1	828	0.0	1485
Ga0393398_13_8545_9372	CP000240.1:1217386-1218214|CDS|CYB_1181	84.058	828	132	0	1	828	1	828	0.0	899
Ga0393398_13_9409_9630	CP000239.1:58598-58820|CDS|CYA_0059	100.000	222	0	0	1	222	1	222	1.23e-112	401
Ga0393398_13_9409_9630	CP000240.1:1217124-1217346|CDS|CYB_1180	85.586	222	32	0	1	222	1	222	3.31e-69	257
Ga0393398_13_9862_10605	CP000239.1:59051-59795|CDS|CYA_0060	99.866	744	1	0	1	744	1	744	0.0	1338
Ga0393398_13_9862_10605	CP000240.1:1216235-1216991|CDS|CYB_1179	82.143	756	123	3	1	744	1	756	0.0	753
Ga0393398_13_10602_11291	CP000239.1:59791-60373|CDS|CYA_0061	100.000	582	0	0	109	690	1	582	0.0	1050
Ga0393398_13_10602_11291	CP000240.1:1215657-1216239|CDS|CYB_1178	85.592	583	82	2	109	690	1	582	0.0	666
Ga0393398_13_11413_11745	CP000239.1:60602-61409|CDS|CYA_0062	100.000	333	0	0	1	333	475	807	1.06e-172	601
Ga0393398_13_11413_11745	CP000240.1:1214558-1215359|CDS|CYB_1177	85.886	333	47	0	1	333	469	801	1.21e-108	389
Ga0393398_14_142_642	CP000239.1:780165-780984|CDS|CYA_0773	99.800	501	1	0	1	501	319	819	0.0	900
Ga0393398_14_142_642	CP000240.1:209502-210327|CDS|CYB_0196	84.318	440	69	0	1	440	322	761	1.10e-136	483
Ga0393398_14_752_1582	CP000239.1:779225-780056|CDS|CYA_0772	99.880	831	1	0	1	831	1	831	0.0	1495
Ga0393398_14_752_1582	CP000240.1:208564-209434|CDS|CYB_0195	79.067	836	148	5	1	809	22	857	0.0	721
Ga0393398_14_1605_2285	CP000239.1:778522-779203|CDS|CYA_0771	99.853	681	1	0	1	681	1	681	0.0	1224
Ga0393398_14_1605_2285	CP000240.1:207846-208548|CDS|CYB_0194	79.822	674	121	3	1	659	1	674	6.42e-173	603
Ga0393398_14_2308_3378	CP000239.1:777429-778500|CDS|CYA_0770	100.000	1071	0	0	1	1071	1	1071	0.0	1932
Ga0393398_14_2308_3378	CP000240.1:206713-207784|CDS|CYB_0193	86.181	1071	148	0	1	1071	1	1071	0.0	1265
Ga0393398_14_3511_3852	CP000239.1:776957-777299|CDS|CYA_0769	100.000	342	0	0	1	342	1	342	1.42e-177	618
Ga0393398_14_3511_3852	CP000240.1:206257-206599|CDS|CYB_0192	88.060	335	40	0	1	335	1	335	1.73e-119	425
Ga0393398_14_4043_4606	CP000239.1:776203-776698|CDS|CYA_0768	100.000	495	0	0	70	564	1	495	0.0	893
Ga0393398_14_4043_4606	CP000240.1:114810-115398|CDS|CYB_0097	81.614	533	98	0	32	564	56	588	4.94e-148	520
Ga0393398_14_4700_4891	CP000240.1:1004568-1004760|CDS|CYB_0968	88.889	180	20	0	1	180	1	180	9.19e-63	235
Ga0393398_14_5009_7555	CP000239.1:771958-774466|CDS|CYA_0765	97.209	2508	70	0	40	2547	1	2508	0.0	4208
Ga0393398_14_5009_7555	CP000240.1:1004905-1007419|CDS|CYB_0970	82.563	2466	427	3	82	2545	48	2512	0.0	2498
Ga0393398_14_7565_8275	CP000239.1:771238-771949|CDS|CYA_0764	86.517	712	94	2	1	711	1	711	0.0	845
Ga0393398_14_7565_8275	CP000240.1:140384-141068|CDS|CYB_0127	80.301	665	129	2	18	681	18	681	2.34e-172	602
Ga0393398_14_8313_9071	CP000239.1:770445-771204|CDS|CYA_0763	97.760	759	17	0	1	759	1	759	0.0	1293
Ga0393398_14_8313_9071	CP000240.1:141132-141891|CDS|CYB_0128	86.957	759	99	0	1	759	1	759	0.0	923
Ga0393398_15_47_217	CP000240.1:2379192-2379525|CDS|CYB_2272	98.773	163	2	0	1	163	290	128	5.11e-78	286
Ga0393398_15_1278_1952	CP000240.1:2377500-2378175|CDS|CYB_2270	100.000	675	0	0	1	675	1	675	0.0	1218
Ga0393398_15_1278_1952	CP000239.1:2628152-2628827|CDS|CYA_2611	100.000	675	0	0	1	675	1	675	0.0	1218
Ga0393398_15_1949_2884	CP000239.1:2627220-2628156|CDS|CYA_2612	99.145	936	8	0	1	936	1	936	0.0	1653
Ga0393398_15_1949_2884	CP000240.1:2376130-2377504|CDS|CYB_2271	99.038	936	9	0	1	936	439	1374	0.0	1648
Ga0393398_15_3642_4640	CP000240.1:2374852-2376085|CDS|CYB_2269	99.800	999	2	0	1	999	235	1233	0.0	1793
Ga0393398_15_3642_4640	CP000239.1:2625230-2626463|CDS|CYA_2608	99.800	999	2	0	1	999	235	1233	0.0	1793
Ga0393398_15_5673_5849	CP000240.1:2373427-2374462|CDS|CYB_2268	100.000	177	0	0	1	177	585	409	2.56e-88	320
Ga0393398_15_5673_5849	CP000239.1:2623805-2624840|CDS|CYA_2606	100.000	177	0	0	1	177	585	409	2.56e-88	320
Ga0393398_15_5841_6299	CP000239.1:2623805-2624840|CDS|CYA_2606	100.000	459	0	0	1	459	577	1035	0.0	829
Ga0393398_15_5841_6299	CP000240.1:2373427-2374462|CDS|CYB_2268	96.950	459	14	0	1	459	577	1035	0.0	765
Ga0393398_15_6356_6865	CP000239.1:2623239-2623749|CDS|CYA_2605	99.804	510	1	0	1	510	1	510	0.0	916
Ga0393398_15_6356_6865	CP000240.1:2372844-2373354|CDS|CYB_2267	92.353	510	39	0	1	510	1	510	0.0	745
Ga0393398_15_7331_7508	CP000239.1:2621610-2623191|CDS|CYA_2604	100.000	178	0	0	1	178	595	418	7.38e-89	322
Ga0393398_15_7331_7508	CP000240.1:2371216-2372797|CDS|CYB_2266	91.011	178	16	0	1	178	595	418	3.83e-67	250
Ga0393398_15_7520_8494	CP000239.1:2621610-2623191|CDS|CYA_2604	98.256	975	17	0	1	975	607	1581	0.0	1682
Ga0393398_15_7520_8494	CP000240.1:2371216-2372797|CDS|CYB_2266	96.403	973	35	0	1	973	607	1579	0.0	1598
Ga0393398_15_8666_9622	CP000239.1:2620695-2621439|CDS|CYA_2603	100.000	737	0	0	1	737	1	737	0.0	1330
Ga0393398_15_9598_9846	CP000240.1:2369615-2370020|CDS|CYB_2264	83.582	201	33	0	45	245	3	203	4.02e-56	214
Ga0393398_15_9598_9846	CP000239.1:2580598-2581003|CDS|CYA_2556	78.218	202	44	0	45	246	3	204	5.23e-42	167
Ga0393398_15_9807_9986	CP000240.1:2369615-2370020|CDS|CYB_2264	82.123	179	32	0	1	179	347	169	5.76e-46	179
Ga0393398_15_9807_9986	CP000239.1:2580598-2581003|CDS|CYA_2556	82.911	158	27	0	22	179	326	169	4.42e-41	164
Ga0393398_15_9910_10044	CP000240.1:2369615-2370020|CDS|CYB_2264	87.407	135	17	0	1	135	271	405	2.62e-42	168
Ga0393398_15_9910_10044	CP000239.1:2580598-2581003|CDS|CYA_2556	81.159	138	20	2	1	135	271	405	6.58e-31	129
Ga0393398_15_10334_10687	CP000239.1:2619424-2619778|CDS|CYA_2601	100.000	354	0	0	1	354	1	354	0.0	639
Ga0393398_15_10334_10687	CP000240.1:841876-842233|CDS|CYB_0813	90.116	344	34	0	1	344	1	344	1.67e-132	468
Ga0393398_15_10334_10687	CP000239.1:2581159-2581519|CDS|CYA_2557	88.539	349	40	0	5	353	11	359	4.49e-127	450
Ga0393398_15_10784_10900	CP000239.1:2619211-2619328|CDS|CYA_2600	100.000	117	0	0	1	117	1	117	5.90e-56	212
Ga0393398_15_10784_10900	CP000239.1:2581636-2581753|CDS|CYA_2558	98.291	117	2	0	1	117	1	117	3.06e-53	203
Ga0393398_15_10784_10900	CP000240.1:841655-841772|CDS|CYB_0812	86.325	117	16	0	1	117	1	117	3.06e-34	140
Ga0393398_16_50_259	CP000239.1:2763845-2764490|CDS|CYA_2743	85.500	200	17	2	1	194	7	200	1.24e-61	233
Ga0393398_16_400_5661	CP000239.1:2758449-2763711|CDS|CYA_2742	99.848	5262	8	0	1	5262	1	5262	0.0	9454
Ga0393398_16_5845_8340	CP000239.1:2755811-2758262|CDS|CYA_2741	96.114	2496	52	8	1	2496	1	2451	0.0	4069
Ga0393398_16_5845_8340	CP000240.1:2026182-2028675|CDS|CYB_1935	81.800	2522	404	11	1	2496	1	2493	0.0	2480
Ga0393398_16_8649_9167	CP000239.1:2755038-2755503|CDS|CYA_2740	99.785	465	1	0	55	519	1	465	0.0	835
Ga0393398_16_8649_9167	CP000240.1:2028966-2029485|CDS|CYB_1936	88.439	519	60	0	1	519	1	519	0.0	666
Ga0393398_16_9279_9644	CP000239.1:2754507-2754873|CDS|CYA_2739	100.000	366	0	0	1	366	1	366	0.0	661
Ga0393398_16_9279_9644	CP000240.1:2029600-2029966|CDS|CYB_1937	92.582	364	27	0	1	364	1	364	1.42e-152	535
Ga0393398_16_9279_9644	CP000240.1:2029962-2030340|CDS|CYB_1938	64.535	344	116	2	10	350	10	350	5.70e-12	68.0
Ga0393398_16_9641_10033	CP000239.1:2754124-2754511|CDS|CYA_2738	99.742	387	1	0	7	393	1	387	0.0	694
Ga0393398_16_9641_10033	CP000240.1:2029962-2030340|CDS|CYB_1938	85.598	368	53	0	7	374	1	368	2.00e-119	425
Ga0393398_16_10255_10584	CP000239.1:2752754-2753897|CDS|CYA_2737	100.000	330	0	0	1	330	814	1143	4.45e-171	596
Ga0393398_16_10255_10584	CP000240.1:2030528-2031671|CDS|CYB_1939	90.549	328	31	0	2	329	815	1142	1.20e-127	453
Ga0393398_17_918_1538	CP000239.1:2644292-2644913|CDS|CYA_2626	89.855	621	63	0	1	621	1	621	0.0	837
Ga0393398_17_918_1538	CP000240.1:684862-685483|CDS|CYB_0671	85.829	621	88	0	1	621	1	621	0.0	724
Ga0393398_17_1521_2195	CP000239.1:2643683-2644310|CDS|CYA_2627	99.681	627	2	0	49	675	1	627	0.0	1122
Ga0393398_17_1521_2195	CP000240.1:90875-91556|CDS|CYB_0078	85.017	574	86	0	45	618	78	651	0.0	648
Ga0393398_17_2259_2573	CP000239.1:2643257-2643572|CDS|CYA_2625	99.683	315	1	0	1	315	1	315	2.50e-161	564
Ga0393398_17_2646_4352	CP000239.1:2641478-2643185|CDS|CYA_2624	99.941	1707	1	0	1	1707	1	1707	0.0	3075
Ga0393398_17_2646_4352	CP000240.1:797823-799530|CDS|CYB_0776	82.183	1695	302	0	1	1695	1	1695	0.0	1696
Ga0393398_17_4379_5086	CP000239.1:2640744-2641452|CDS|CYA_2623	99.294	708	5	0	1	708	1	708	0.0	1255
Ga0393398_17_4379_5086	CP000240.1:797070-797778|CDS|CYB_0775	84.626	709	107	2	1	708	1	708	0.0	781
Ga0393398_17_5083_5925	CP000239.1:2639929-2640748|CDS|CYA_2622	92.430	819	62	0	25	843	1	819	0.0	1198
Ga0393398_17_5083_5925	CP000240.1:796255-797074|CDS|CYB_0774	81.929	819	148	0	25	843	1	819	0.0	810
Ga0393398_17_6152_7396	CP000239.1:2638448-2639702|CDS|CYA_2621	98.313	1245	21	0	1	1245	10	1254	0.0	2151
Ga0393398_17_6152_7396	CP000240.1:794682-795936|CDS|CYB_0772	83.293	1245	208	0	1	1245	10	1254	0.0	1308
Ga0393398_17_7544_8674	CP000239.1:2637170-2638301|CDS|CYA_2620	99.912	1131	1	0	1	1131	1	1131	0.0	2036
Ga0393398_17_7544_8674	CP000240.1:2386224-2387370|CDS|CYB_2280	79.578	1043	180	4	1	1013	1	1040	0.0	933
Ga0393398_18_72_836	CP000239.1:2360425-2361190|CDS|CYA_2353	99.739	765	2	0	1	765	1	765	0.0	1371
Ga0393398_18_72_836	CP000240.1:891047-891815|CDS|CYB_0857	86.387	764	104	0	1	764	4	767	0.0	910
Ga0393398_18_917_2176	CP000239.1:2359085-2360345|CDS|CYA_2352	100.000	1260	0	0	1	1260	1	1260	0.0	2273
Ga0393398_18_917_2176	CP000240.1:891887-893147|CDS|CYB_0858	82.857	1260	216	0	1	1260	1	1260	0.0	1299
Ga0393398_18_2327_2590	CP000239.1:2358671-2358935|CDS|CYA_2351	100.000	264	0	0	1	264	1	264	2.36e-135	477
Ga0393398_18_2327_2590	CP000240.1:893301-893565|CDS|CYB_0859	84.470	264	41	0	1	264	1	264	1.94e-79	292
Ga0393398_18_2758_3018	CP000239.1:2358243-2358513|CDS|CYA_2350	100.000	261	0	0	1	261	10	270	9.91e-134	471
Ga0393398_18_2758_3018	CP000240.1:893828-894107|CDS|CYB_0860	79.693	261	53	0	1	261	19	279	1.58e-61	233
Ga0393398_18_3350_4243	CP000239.1:2357018-2357912|CDS|CYA_2349	100.000	894	0	0	1	894	1	894	0.0	1613
Ga0393398_18_3350_4243	CP000240.1:894186-895071|CDS|CYB_0861	83.531	844	139	0	49	892	40	883	0.0	896
Ga0393398_18_4563_5231	CP000239.1:2356030-2356699|CDS|CYA_2348	99.851	669	1	0	1	669	1	669	0.0	1203
Ga0393398_18_4563_5231	CP000240.1:895381-896095|CDS|CYB_0862	75.235	533	132	0	1	533	1	533	8.22e-102	367
Ga0393398_18_5865_6662	CP000239.1:2354506-2355397|CDS|CYA_2347	100.000	798	0	0	1	798	94	891	0.0	1440
Ga0393398_18_5865_6662	CP000240.1:1155327-1156215|CDS|CYB_1117	87.340	782	99	0	1	782	91	872	0.0	965
Ga0393398_18_5865_6662	CP000239.1:719653-720526|CDS|CYA_0714	64.698	762	240	19	3	751	90	835	6.23e-22	103
Ga0393398_18_5865_6662	CP000240.1:3003800-3004655|CDS|CYB_2905	65.000	680	211	17	3	670	90	754	6.23e-22	102
Ga0393398_19_92_334	CP000239.1:2645143-2646559|CDS|CYA_2628	99.177	243	2	0	1	243	1174	1416	2.80e-121	430
Ga0393398_19_92_334	CP000240.1:683072-684488|CDS|CYB_0669	82.222	225	40	0	1	225	1180	1404	6.19e-60	226
Ga0393398_19_424_2250	CP000239.1:2646699-2648472|CDS|CYA_2629	96.565	1776	58	1	52	1827	1	1773	0.0	2927
Ga0393398_19_424_2250	CP000240.1:681089-682925|CDS|CYB_0668	75.499	1804	339	25	52	1778	1	1778	0.0	1242
Ga0393398_19_2467_2832	CP000239.1:2648736-2649054|CDS|CYA_2630	100.000	318	0	0	49	366	1	318	1.62e-164	574
Ga0393398_19_2467_2832	CP000240.1:680496-680868|CDS|CYB_0667	83.987	306	49	0	61	366	67	372	3.14e-91	332
Ga0393398_19_2842_3519	CP000239.1:2649063-2649741|CDS|CYA_2631	100.000	678	0	0	1	678	1	678	0.0	1223
Ga0393398_19_2842_3519	CP000240.1:679815-680487|CDS|CYB_0666	87.309	654	83	0	1	654	1	654	0.0	806
Ga0393398_19_3563_3922	CP000239.1:2649784-2650144|CDS|CYA_2632	99.722	360	1	0	1	360	1	360	0.0	645
Ga0393398_19_3563_3922	CP000240.1:677970-678336|CDS|CYB_0664	79.714	350	59	3	1	341	7	353	1.01e-84	309
Ga0393398_19_4255_4515	CP000239.1:2650476-2650803|CDS|CYA_2633	100.000	261	0	0	1	261	67	327	9.91e-134	471
Ga0393398_19_4255_4515	CP000240.1:677241-677640|CDS|CYB_0663	89.272	261	25	1	1	261	142	399	3.47e-95	343
Ga0393398_19_4880_5971	CP000239.1:2651107-2652193|CDS|CYA_2635	99.816	1086	2	0	7	1092	1	1086	0.0	1950
Ga0393398_19_4880_5971	CP000240.1:675946-677032|CDS|CYB_0662	85.649	1087	154	2	7	1092	1	1086	0.0	1251
Ga0393398_19_7589_7996	CP000239.1:2610754-2611231|CDS|CYA_2587	100.000	408	0	0	1	408	70	477	0.0	737
Ga0393398_19_7589_7996	CP000239.1:2604255-2604732|CDS|CYA_2580	100.000	406	0	0	3	408	72	477	0.0	733
Ga0393398_19_7589_7996	CP000239.1:563303-563780|CDS|CYA_0549	100.000	406	0	0	3	408	72	477	0.0	733
Ga0393398_19_7589_7996	CP000239.1:1922539-1923016|CDS|CYA_1913	99.755	408	1	0	1	408	70	477	0.0	732
Ga0393398_19_7589_7996	CP000239.1:65282-65759|CDS|CYA_0068	99.755	408	1	0	1	408	70	477	0.0	732
Ga0393398_19_7589_7996	CP000239.1:2362619-2363096|CDS|CYA_2355	99.510	408	2	0	1	408	70	477	0.0	728
Ga0393398_19_7589_7996	CP000239.1:2426211-2426688|CDS|CYA_2415	99.507	406	2	0	3	408	72	477	0.0	724
Ga0393398_19_7589_7996	CP000239.1:1161245-1161722|CDS|CYA_1137	99.507	406	2	0	3	408	72	477	0.0	724
Ga0393398_19_7589_7996	CP000239.1:1968829-1969306|CDS|CYA_1958	99.261	406	3	0	3	408	72	477	0.0	719
Ga0393398_19_7589_7996	CP000239.1:2085206-2085683|CDS|CYA_2064	99.020	408	4	0	1	408	70	477	0.0	719
Ga0393398_19_7589_7996	CP000239.1:1153630-1154107|CDS|CYA_1128	99.015	406	4	0	3	408	72	477	0.0	715
Ga0393398_19_7589_7996	CP000239.1:2237233-2237710|CDS|CYA_2221	98.765	405	5	0	4	408	73	477	0.0	709
Ga0393398_19_7589_7996	CP000239.1:152387-152861|CDS|CYA_0156	98.759	403	5	0	1	403	70	472	0.0	705
Ga0393398_19_7589_7996	CP000239.1:2741014-2741329|CDS|CYA_2724	98.413	315	5	0	94	408	1	315	8.83e-156	546
Ga0393398_19_7589_7996	CP000239.1:2654704-2655019|CDS|CYA_2640	98.413	315	5	0	94	408	1	315	8.83e-156	546
Ga0393398_19_8567_8674	CP000240.1:2300204-2300507|CDS|CYB_2192	76.923	91	21	0	1	91	202	292	4.11e-13	70.7
Ga0393398_19_8567_8674	CP000239.1:906578-906881|CDS|CYA_0898	76.923	91	21	0	1	91	202	292	4.11e-13	70.7
Ga0393398_20_208_1329	CP000240.1:1661585-1662707|CDS|CYB_1590	96.078	1122	44	0	1	1122	1	1122	0.0	1826
Ga0393398_20_208_1329	CP000239.1:1447463-1448585|CDS|CYA_1441	95.455	1122	51	0	1	1122	1	1122	0.0	1794
Ga0393398_20_1559_1999	CP000239.1:1448814-1449255|CDS|CYA_1442	89.569	441	46	0	1	441	1	441	8.97e-169	589
Ga0393398_20_1559_1999	CP000240.1:1660865-1661306|CDS|CYB_1589	88.383	439	51	0	1	439	1	439	1.25e-160	563
Ga0393398_20_2184_2477	CP000239.1:1449433-1449745|CDS|CYA_1443	87.973	291	35	0	1	291	1	291	3.46e-102	368
Ga0393398_20_2184_2477	CP000240.1:1660375-1660687|CDS|CYB_1588	83.955	268	43	0	24	291	24	291	7.62e-79	290
Ga0393398_20_2553_5186	CP000239.1:1449820-1452454|CDS|CYA_1444	98.443	2634	41	0	1	2634	1	2634	0.0	4566
Ga0393398_20_2553_5186	CP000240.1:1657683-1660308|CDS|CYB_1587	87.355	2594	328	0	1	2594	1	2594	0.0	3200
Ga0393398_20_5261_6346	CP000239.1:1452528-1453614|CDS|CYA_1445	100.000	1086	0	0	1	1086	1	1086	0.0	1959
Ga0393398_20_5261_6346	CP000240.1:1656498-1657581|CDS|CYB_1586	89.576	1084	110	1	1	1084	1	1081	0.0	1444
Ga0393398_20_6417_6686	CP000239.1:1453684-1453906|CDS|CYA_1446	99.550	222	1	0	49	270	1	222	6.50e-111	397
Ga0393398_20_6417_6686	CP000240.1:1656219-1656444|CDS|CYB_1585	91.111	225	17	1	49	270	1	225	1.74e-86	315
Ga0393398_20_6716_7129	CP000239.1:1453983-1454397|CDS|CYA_1447	100.000	414	0	0	1	414	1	414	0.0	747
Ga0393398_20_6716_7129	CP000240.1:1655732-1656143|CDS|CYB_1584	85.856	403	57	0	12	414	9	411	5.66e-133	471
Ga0393398_20_7126_7599	CP000239.1:1454393-1454849|CDS|CYA_1448	100.000	456	0	0	19	474	1	456	0.0	823
Ga0393398_20_7126_7599	CP000240.1:1655280-1655736|CDS|CYB_1583	87.939	456	55	0	19	474	1	456	2.13e-164	575
Ga0393398_20_7631_8494	CP000239.1:1454898-1455762|CDS|CYA_1449	100.000	864	0	0	1	864	1	864	0.0	1559
Ga0393398_20_7631_8494	CP000240.1:1654377-1655235|CDS|CYB_1582	88.514	801	92	0	1	801	1	801	0.0	1031
Ga0393398_21_12_872	CP000239.1:2195309-2196320|CDS|CYA_2179	99.884	861	1	0	1	861	151	1011	0.0	1549
Ga0393398_21_12_872	CP000240.1:2417062-2418073|CDS|CYB_2306	86.643	861	115	0	1	861	151	1011	0.0	1035
Ga0393398_21_910_2196	CP000239.1:2193985-2195272|CDS|CYA_2178	99.922	1287	1	0	1	1287	1	1287	0.0	2317
Ga0393398_21_910_2196	CP000240.1:2415750-2417037|CDS|CYB_2305	88.112	1287	153	0	1	1287	1	1287	0.0	1632
Ga0393398_21_2201_3316	CP000239.1:2192865-2193981|CDS|CYA_2177	96.774	1116	36	0	1	1116	1	1116	0.0	1851
Ga0393398_21_2201_3316	CP000240.1:534373-535513|CDS|CYB_0519	84.491	1109	172	0	1	1109	25	1133	0.0	1225
Ga0393398_21_3469_4188	CP000239.1:2191993-2192713|CDS|CYA_2176	99.861	720	1	0	1	720	1	720	0.0	1295
Ga0393398_21_4195_4905	CP000239.1:2191276-2191987|CDS|CYA_2175	99.719	711	2	0	1	711	1	711	0.0	1274
Ga0393398_21_4195_4905	CP000240.1:513958-514663|CDS|CYB_0502	82.293	689	122	0	18	706	12	700	0.0	693
Ga0393398_21_4909_6084	CP000239.1:2197594-2199466|CDS|CYA_2181	99.890	911	1	0	1	911	73	983	0.0	1639
Ga0393398_21_6301_7275	CP000239.1:2199574-2200729|CDS|CYA_2182	99.864	736	1	0	1	736	37	772	0.0	1324
Ga0393398_21_7331_7534	CP000239.1:2199574-2200729|CDS|CYA_2182	100.000	204	0	0	1	204	952	1155	6.62e-103	369
Ga0393398_21_7331_7534	CP000240.1:377265-378450|CDS|CYB_0361	70.833	168	49	0	1	168	976	1143	1.37e-16	83.3
Ga0393398_22_1028_1579	CP000239.1:196980-197532|CDS|CYA_0197	94.203	552	32	0	1	552	1	552	0.0	852
Ga0393398_22_1594_2721	CP000239.1:197546-198674|CDS|CYA_0198	96.543	1128	39	0	1	1128	1	1128	0.0	1859
Ga0393398_22_1594_2721	CP000240.1:1281431-1282544|CDS|CYB_1238	74.932	1109	211	16	37	1119	40	1107	0.0	736
Ga0393398_22_2776_3540	CP000239.1:198730-199495|CDS|CYA_0199	94.422	753	42	0	1	753	1	753	0.0	1169
Ga0393398_22_2776_3540	CP000240.1:1282594-1283350|CDS|CYB_1239	72.052	687	165	3	1	684	1	663	3.51e-107	385
Ga0393398_22_3598_5127	CP000239.1:199552-206794|CDS|CYA_0200	87.784	1539	158	6	1	1530	5725	7242	0.0	1929
Ga0393398_22_3598_5127	CP000240.1:1283414-1290932|CDS|CYB_1240	77.736	1581	277	17	1	1530	5962	7518	0.0	1256
Ga0393398_23_960_1952	CP000239.1:1247910-1249035|CDS|CYA_1237	99.799	993	2	0	1	993	133	1125	0.0	1783
Ga0393398_23_960_1952	CP000240.1:1846141-1847293|CDS|CYB_1762	81.373	1020	163	5	1	993	133	1152	0.0	985
Ga0393398_23_2056_2514	CP000239.1:1247522-1247939|CDS|CYA_1236	100.000	417	0	0	43	459	1	417	0.0	753
Ga0393398_23_2056_2514	CP000240.1:1847264-1847729|CDS|CYB_1763	79.828	466	86	3	1	459	1	465	5.19e-115	411
Ga0393398_23_2511_3890	CP000239.1:1246104-1247484|CDS|CYA_1235	99.855	1380	2	0	1	1380	1	1380	0.0	2480
Ga0393398_23_2511_3890	CP000240.1:1847725-1849105|CDS|CYB_1764	85.435	1380	201	0	1	1380	1	1380	0.0	1583
Ga0393398_23_4300_4500	CP000239.1:1245413-1245695|CDS|CYA_1234	97.015	201	0	1	1	201	88	282	3.85e-93	337
Ga0393398_23_4606_5400	CP000239.1:1244600-1245395|CDS|CYA_1233	100.000	795	0	0	1	795	1	795	0.0	1434
Ga0393398_23_4606_5400	CP000240.1:1626261-1627056|CDS|CYB_1551	87.925	795	96	0	1	795	1	795	0.0	1002
Ga0393398_23_5600_6355	CP000239.1:1243651-1244401|CDS|CYA_1232	100.000	750	0	0	7	756	1	750	0.0	1353
Ga0393398_23_5600_6355	CP000240.1:1625445-1626153|CDS|CYB_1550	86.187	695	96	0	53	747	11	705	0.0	821
Ga0393398_24_116_643	CP000239.1:2474425-2474977|CDS|CYA_2464	92.391	552	18	3	1	528	1	552	0.0	824
Ga0393398_24_116_643	CP000240.1:1503975-1504527|CDS|CYB_1434	80.616	552	83	4	1	528	1	552	1.09e-149	526
Ga0393398_24_790_1056	CP000239.1:2474012-2474291|CDS|CYA_2463	100.000	267	0	0	1	267	13	279	5.62e-137	482
Ga0393398_24_790_1056	CP000240.1:1503573-1503852|CDS|CYB_1433	79.457	258	47	1	16	267	22	279	1.97e-60	228
Ga0393398_24_1040_1603	CP000239.1:2473465-2474020|CDS|CYA_2462	99.640	555	2	0	10	564	1	555	0.0	993
Ga0393398_24_1632_2639	CP000239.1:2472468-2473437|CDS|CYA_2461	99.587	969	4	0	40	1008	1	969	0.0	1730
Ga0393398_24_1632_2639	CP000240.1:1501790-1502765|CDS|CYB_1431	86.556	967	130	0	40	1006	1	967	0.0	1159
Ga0393398_24_2684_3937	CP000239.1:2475225-2476479|CDS|CYA_2465	100.000	1254	0	0	1	1254	1	1254	0.0	2262
Ga0393398_24_2684_3937	CP000240.1:1504814-1506077|CDS|CYB_1436	82.703	1058	178	3	147	1203	159	1212	0.0	1075
Ga0393398_24_3945_4967	CP000239.1:2476486-2477509|CDS|CYA_2466	100.000	1023	0	0	1	1023	1	1023	0.0	1846
Ga0393398_24_3945_4967	CP000240.1:1506068-1507049|CDS|CYB_1435	86.066	933	130	0	31	963	13	945	0.0	1097
Ga0393398_24_5017_5979	CP000239.1:2477558-2478521|CDS|CYA_2467	100.000	963	0	0	1	963	1	963	0.0	1737
Ga0393398_24_5017_5979	CP000240.1:1507120-1508080|CDS|CYB_1437	88.217	959	110	1	1	959	1	956	0.0	1219
Ga0393398_24_6354_6641	CP000239.1:2478894-2479182|CDS|CYA_2468	100.000	288	0	0	1	288	1	288	2.43e-148	520
Ga0393398_24_6354_6641	CP000240.1:2169714-2170011|CDS|CYB_2072	86.777	242	32	0	1	242	1	242	6.12e-80	293
Ga0393398_25_39_2240	CP000239.1:214081-216415|CDS|CYA_0208	99.955	2202	1	0	1	2202	133	2334	0.0	3967
Ga0393398_25_39_2240	CP000240.1:986821-989176|CDS|CYB_0950	87.568	2204	272	1	1	2202	133	2336	0.0	2737
Ga0393398_25_2573_4438	CP000239.1:211883-213749|CDS|CYA_0207	99.518	1866	9	0	1	1866	1	1866	0.0	3325
Ga0393398_25_2573_4438	CP000240.1:1300590-1302462|CDS|CYB_1251	83.633	1833	300	0	1	1833	1	1833	0.0	1954
Ga0393398_25_4450_6189	CP000239.1:210132-211803|CDS|CYA_0206	98.384	1671	27	0	70	1740	1	1671	0.0	2892
Ga0393398_25_4450_6189	CP000240.1:1295152-1296829|CDS|CYB_1248	85.170	1679	239	2	70	1740	1	1677	0.0	1906
Ga0393398_25_6461_6613	CP000239.1:209708-209861|CDS|CYA_0205	100.000	153	0	0	1	153	1	153	2.33e-75	277
Ga0393398_25_6461_6613	CP000240.1:1294729-1294882|CDS|CYB_1247	93.377	151	10	0	1	151	1	151	1.06e-60	228
Ga0393398_26_380_1921	CP000239.1:360753-362295|CDS|CYA_0343	99.805	1542	3	0	1	1542	1	1542	0.0	2768
Ga0393398_26_380_1921	CP000240.1:1577050-1578643|CDS|CYB_1503	81.972	1592	236	3	1	1541	1	1592	0.0	1610
Ga0393398_26_1921_2481	CP000239.1:360157-360754|CDS|CYA_0342	100.000	561	0	0	1	561	37	597	0.0	1012
Ga0393398_26_1921_2481	CP000240.1:1578642-1579203|CDS|CYB_1504	82.111	559	93	4	8	561	5	561	1.23e-155	546
Ga0393398_26_2530_2964	CP000239.1:359626-360145|CDS|CYA_0341	99.540	435	2	0	1	435	85	519	0.0	776
Ga0393398_26_2530_2964	CP000240.1:1579253-1579796|CDS|CYB_1505	79.556	450	68	2	10	435	94	543	4.90e-115	410
Ga0393398_26_3192_3551	CP000239.1:359123-359483|CDS|CYA_0340	100.000	360	0	0	1	360	1	360	0.0	650
Ga0393398_26_3192_3551	CP000240.1:1580055-1580415|CDS|CYB_1507	81.667	360	66	0	1	360	1	360	9.43e-98	352
Ga0393398_26_3856_5007	CP000239.1:357667-358867|CDS|CYA_0339	97.222	1152	32	0	1	1152	49	1200	0.0	1934
Ga0393398_26_3856_5007	CP000240.1:1580595-1581873|CDS|CYB_1508	88.946	1167	105	1	1	1143	106	1272	0.0	1541
Ga0393398_26_5397_5741	CP000239.1:356933-357665|CDS|CYA_0338	99.710	345	1	0	1	345	388	732	1.43e-177	618
Ga0393398_26_5397_5741	CP000240.1:1581910-1582717|CDS|CYB_1509	81.030	369	46	2	1	345	439	807	5.01e-101	363
Ga0393398_27_1152_1799	CP000239.1:1797226-1797874|CDS|CYA_1796	99.846	648	1	0	1	648	1	648	0.0	1165
Ga0393398_27_1152_1799	CP000240.1:1700083-1700773|CDS|CYB_1629	88.889	648	72	0	1	648	43	690	0.0	845
Ga0393398_27_1871_2389	CP000239.1:1797969-1798464|CDS|CYA_1797	99.798	495	1	0	25	519	1	495	0.0	889
Ga0393398_27_1871_2389	CP000240.1:1700871-1701384|CDS|CYB_1630	88.672	512	58	0	7	518	1	512	0.0	663
Ga0393398_27_2532_3677	CP000239.1:1798606-1799752|CDS|CYA_1798	100.000	1146	0	0	1	1146	1	1146	0.0	2067
Ga0393398_27_2532_3677	CP000240.1:1701591-1702707|CDS|CYB_1631	84.941	1109	167	0	1	1109	1	1109	0.0	1248
Ga0393398_27_3793_4467	CP000239.1:1799867-1800542|CDS|CYA_1799	100.000	675	0	0	1	675	1	675	0.0	1218
Ga0393398_27_3793_4467	CP000240.1:2637683-2638358|CDS|CYB_2533	87.111	675	87	0	1	675	1	675	0.0	826
Ga0393398_28_119_1243	CP000239.1:1574741-1576091|CDS|CYA_1567	98.933	1125	12	0	1	1125	226	1350	0.0	1975
Ga0393398_28_119_1243	CP000240.1:1100687-1102058|CDS|CYB_1063	94.170	1115	65	0	1	1115	226	1340	0.0	1718
Ga0393398_28_1240_2409	CP000239.1:1576087-1577257|CDS|CYA_1566	100.000	1170	0	0	1	1170	1	1170	0.0	2111
Ga0393398_28_1240_2409	CP000240.1:1898316-1899534|CDS|CYB_1813	81.158	1157	212	1	3	1153	15	1171	0.0	1105
Ga0393398_28_2537_2842	CP000239.1:1577384-1577690|CDS|CYA_1568	100.000	306	0	0	1	306	1	306	4.39e-158	553
Ga0393398_28_2537_2842	CP000240.1:1899635-1899971|CDS|CYB_1814	80.142	282	56	0	1	282	1	282	4.71e-69	257
Ga0393398_28_2911_3957	CP000239.1:1577758-1578805|CDS|CYA_1569	99.713	1047	3	0	1	1047	1	1047	0.0	1875
Ga0393398_28_2911_3957	CP000240.1:1900080-1901127|CDS|CYB_1815	87.177	1045	134	0	1	1045	1	1045	0.0	1281
Ga0393398_28_3991_5628	CP000239.1:1578941-1580483|CDS|CYA_1570	99.157	1542	13	0	97	1638	1	1542	0.0	2723
Ga0393398_28_3991_5628	CP000240.1:1901328-1902870|CDS|CYB_1816	88.120	1532	182	0	103	1634	7	1538	0.0	1943
Ga0393398_29_323_976	CP000239.1:1008517-1009240|CDS|CYA_0995	100.000	654	0	0	1	654	70	723	0.0	1180
Ga0393398_29_323_976	CP000240.1:498466-499168|CDS|CYB_0485	79.006	624	131	0	2	625	71	694	2.62e-152	535
Ga0393398_29_1030_2286	CP000239.1:1009527-1011699|CDS|CYA_0996	85.553	1239	179	0	1	1239	916	2154	0.0	1428
Ga0393398_29_3963_4529	CP000239.1:1014351-1014918|CDS|CYA_1001	94.885	567	29	0	1	567	1	567	0.0	893
Ga0393398_29_3963_4529	CP000240.1:495353-495920|CDS|CYB_0483	92.063	567	45	0	1	567	1	567	0.0	820
Ga0393398_30_247_690	CP000239.1:1045717-1046161|CDS|CYA_1028	100.000	444	0	0	1	444	1	444	0.0	801
Ga0393398_30_247_690	CP000240.1:2720213-2720657|CDS|CYB_2627	87.162	444	57	0	1	444	1	444	3.37e-155	545
Ga0393398_30_785_1789	CP000239.1:1046249-1047260|CDS|CYA_1029	100.000	1005	0	0	1	1005	7	1011	0.0	1813
Ga0393398_30_785_1789	CP000240.1:2719084-2720125|CDS|CYB_2626	81.467	1036	160	7	1	1005	7	1041	0.0	1001
Ga0393398_30_1805_3706	CP000239.1:1047275-1049177|CDS|CYA_1030	100.000	1902	0	0	1	1902	1	1902	0.0	3431
Ga0393398_30_1805_3706	CP000240.1:2717149-2719069|CDS|CYB_2625	82.979	1927	296	4	1	1902	1	1920	0.0	2008
Ga0393398_30_3723_4625	CP000239.1:1049193-1050096|CDS|CYA_1031	99.889	903	1	0	1	903	1	903	0.0	1625
Ga0393398_30_3723_4625	CP000240.1:2951359-2952262|CDS|CYB_2854	84.718	903	138	0	1	903	1	903	0.0	1007
Ga0393398_31_1336_2250	CP000239.1:1018843-1019764|CDS|CYA_1005	92.536	911	68	0	1	911	1	911	0.0	1337
Ga0393398_31_1336_2250	CP000240.1:490116-491037|CDS|CYB_0479	87.706	911	112	0	1	911	1	911	0.0	1139
Ga0393398_31_2318_2830	CP000239.1:1019841-1020354|CDS|CYA_1006	94.737	513	27	0	1	513	1	513	0.0	804
Ga0393398_31_2318_2830	CP000240.1:489532-490051|CDS|CYB_0478	87.669	519	58	1	1	513	1	519	0.0	649
Ga0393398_32_320_1246	CP000239.1:2690261-2691098|CDS|CYA_2674	99.881	837	1	0	91	927	1	837	0.0	1506
Ga0393398_32_320_1246	CP000240.1:2272658-2273516|CDS|CYB_2169	87.531	794	87	1	146	927	65	858	0.0	993
Ga0393398_32_1288_2160	CP000239.1:2691229-2692081|CDS|CYA_2675	98.357	852	14	0	22	873	1	852	0.0	1474
Ga0393398_32_1288_2160	CP000240.1:2273703-2274516|CDS|CYB_2170	88.169	803	93	2	31	832	1	802	0.0	1013
Ga0393398_32_2458_3060	CP000239.1:2692423-2693002|CDS|CYA_2676	99.827	579	1	0	25	603	1	579	0.0	1040
Ga0393398_32_2458_3060	CP000240.1:2274846-2275374|CDS|CYB_2171	83.170	511	77	4	25	532	1	505	4.35e-149	525
Ga0393398_32_3388_4851	CP000239.1:2693305-2694793|CDS|CYA_2678	98.497	1464	22	0	1	1464	25	1488	0.0	2542
Ga0393398_32_3388_4851	CP000240.1:2275712-2277212|CDS|CYB_2173	84.030	1459	220	4	1	1446	25	1483	0.0	1575
Ga0393398_33_1083_3248	CP000239.1:275782-277948|CDS|CYA_0269	99.215	2166	17	0	1	2166	1	2166	0.0	3830
Ga0393398_33_1083_3248	CP000240.1:809622-811788|CDS|CYB_0785	86.210	2161	298	0	1	2161	1	2161	0.0	2554
Ga0393398_33_3335_4393	CP000239.1:278034-279093|CDS|CYA_0270	95.940	1059	43	0	1	1059	1	1059	0.0	1717
Ga0393398_33_3335_4393	CP000240.1:811919-812990|CDS|CYB_0786	90.952	1061	94	1	1	1059	1	1061	0.0	1479
Ga0393398_34_395_646	CP000239.1:2768581-2768833|CDS|CYA_2750	100.000	252	0	0	1	252	1	252	7.33e-129	455
Ga0393398_34_395_646	CP000240.1:637686-637947|CDS|CYB_0628	87.556	225	28	0	1	225	1	225	3.34e-76	280
Ga0393398_34_643_1005	CP000239.1:2768829-2769303|CDS|CYA_2749	100.000	324	0	0	40	363	151	474	8.88e-168	585
Ga0393398_34_643_1005	CP000240.1:637943-638417|CDS|CYB_0627	85.358	321	47	0	43	363	154	474	4.32e-102	368
Ga0393398_34_1363_1575	CP000239.1:2767285-2767540|CDS|CYA_2747	100.000	213	0	0	1	213	43	255	9.04e-108	385
Ga0393398_34_1363_1575	CP000240.1:379606-379825|CDS|CYB_0363	83.105	219	31	1	1	213	1	219	4.39e-61	230
Ga0393398_34_1765_2292	CP000239.1:2766532-2767138|CDS|CYA_2746	100.000	528	0	0	1	528	79	606	0.0	953
Ga0393398_34_1765_2292	CP000240.1:378803-379409|CDS|CYB_0362	85.164	519	77	0	1	519	79	597	1.08e-168	590
Ga0393398_34_2684_4087	CP000239.1:2764602-2766219|CDS|CYA_2744	99.929	1404	1	0	1	1404	214	1617	0.0	2528
Ga0393398_34_2684_4087	CP000240.1:1482256-1483867|CDS|CYB_1414	81.071	1400	241	8	1	1379	214	1610	0.0	1316
Ga0393398_34_4413_4835	CP000239.1:2763845-2764490|CDS|CYA_2743	96.217	423	16	0	1	423	223	645	0.0	691
Ga0393398_35_465_995	CP000239.1:1670100-1670631|CDS|CYA_1667	100.000	531	0	0	1	531	1	531	0.0	958
Ga0393398_35_465_995	CP000240.1:1074129-1074669|CDS|CYB_1031	86.667	510	68	0	1	510	1	510	2.74e-176	614
Ga0393398_35_1286_1846	CP000239.1:1670798-1671482|CDS|CYA_1668	100.000	561	0	0	1	561	124	684	0.0	1012
Ga0393398_35_1286_1846	CP000240.1:1074735-1075494|CDS|CYB_1032	80.370	540	100	1	1	540	220	753	5.61e-141	498
Ga0393398_35_1928_2401	CP000239.1:1671617-1672607|CDS|CYA_1669	100.000	420	0	0	1	420	420	1	0.0	758
Ga0393398_35_1928_2401	CP000240.1:1208686-1209706|CDS|CYB_1171	87.126	435	56	0	1	435	435	1	6.53e-152	533
Ga0393398_35_2537_2641	CP000239.1:1671617-1672607|CDS|CYA_1669	100.000	105	0	0	1	105	660	556	1.68e-49	190
Ga0393398_36_12_221	CP000239.1:1387368-1387680|CDS|CYA_1378	100.000	210	0	0	1	210	103	312	3.78e-106	379
Ga0393398_36_12_221	CP000240.1:2433114-2433426|CDS|CYB_2324	84.135	208	33	0	1	208	103	310	5.27e-60	227
Ga0393398_36_708_1508	CP000239.1:1388535-1389240|CDS|CYA_1381	100.000	705	0	0	97	801	1	705	0.0	1272
Ga0393398_36_708_1508	CP000240.1:2675799-2676627|CDS|CYB_2572	76.675	836	138	11	1	797	1	818	0.0	631
Ga0393398_36_1505_2029	CP000239.1:1389236-1389761|CDS|CYA_1380	100.000	525	0	0	1	525	1	525	0.0	948
Ga0393398_36_1505_2029	CP000240.1:2675266-2675803|CDS|CYB_2573	85.878	524	74	0	2	525	14	537	9.44e-176	612
Ga0393398_36_2258_2761	CP000239.1:1389989-1390490|CDS|CYA_1382	99.800	501	1	0	4	504	1	501	0.0	900
Ga0393398_36_2258_2761	CP000240.1:2674474-2674975|CDS|CYB_2571	88.024	501	60	0	4	504	1	501	0.0	634
Ga0393398_36_2758_3207	CP000239.1:1390489-1390939|CDS|CYA_1383	99.778	450	1	0	1	450	1	450	0.0	808
Ga0393398_36_2758_3207	CP000240.1:2674025-2674475|CDS|CYB_2570	82.705	451	76	2	1	450	1	450	1.36e-128	455
Ga0393398_36_3242_3565	CP000239.1:1390973-1391297|CDS|CYA_1384	100.000	324	0	0	1	324	1	324	7.90e-168	585
Ga0393398_36_3242_3565	CP000240.1:2673673-2673997|CDS|CYB_2569	91.250	320	28	0	1	320	1	320	1.17e-127	452
Ga0393398_37_455_703	CP000239.1:1180725-1180950|CDS|CYA_1157	100.000	225	0	0	25	249	1	225	3.29e-114	407
Ga0393398_37_455_703	CP000240.1:2711789-2712014|CDS|CYB_2618	89.778	225	23	0	25	249	1	225	1.01e-82	303
Ga0393398_37_733_1713	CP000239.1:1179715-1180696|CDS|CYA_1156	100.000	981	0	0	1	981	1	981	0.0	1770
Ga0393398_37_1886_2779	CP000239.1:1178650-1179544|CDS|CYA_1155	100.000	894	0	0	1	894	1	894	0.0	1613
Ga0393398_37_1886_2779	CP000240.1:2713441-2714329|CDS|CYB_2621	79.556	900	166	3	1	894	1	888	0.0	797
Ga0393398_37_2877_3872	CP000239.1:1177431-1178553|CDS|CYA_1154	97.590	996	24	0	1	996	127	1122	0.0	1689
Ga0393398_37_2877_3872	CP000240.1:2714416-2715556|CDS|CYB_2622	83.936	996	160	0	1	996	127	1122	0.0	1076
Ga0393398_37_4059_4457	CP000239.1:1176915-1177371|CDS|CYA_1153	100.000	399	0	0	1	399	58	456	0.0	720
Ga0393398_37_4059_4457	CP000240.1:2715649-2716102|CDS|CYB_2623	82.872	397	62	1	1	397	58	448	4.47e-115	411
Ga0393398_38_216_2117	CP000239.1:2675505-2677509|CDS|CYA_2659	99.947	1902	1	0	1	1902	103	2004	0.0	3426
Ga0393398_38_216_2117	CP000240.1:2517516-2519619|CDS|CYB_2421	90.502	1874	178	0	2	1875	194	2067	0.0	2578
Ga0393398_38_2430_3377	CP000239.1:2674362-2675295|CDS|CYA_2658	100.000	933	0	0	16	948	1	933	0.0	1683
Ga0393398_39_172_285	CP000239.1:555610-556906|CDS|CYA_0543	100.000	114	0	0	1	114	1183	1296	2.43e-54	206
Ga0393398_39_172_285	CP000240.1:2360254-2361550|CDS|CYB_2258	80.702	114	22	0	1	114	1183	1296	1.75e-24	107
Ga0393398_39_398_505	CP000239.1:557018-557126|CDS|CYA_0544	100.000	108	0	0	1	108	1	108	4.11e-51	196
Ga0393398_39_398_505	CP000240.1:2361657-2361765|CDS|CYB_2259	87.963	108	13	0	1	108	1	108	3.37e-33	137
Ga0393398_39_689_2506	CP000239.1:557309-559127|CDS|CYA_0545	99.835	1818	3	0	1	1818	1	1818	0.0	3266
Ga0393398_39_689_2506	CP000240.1:2361939-2363757|CDS|CYB_2260	87.844	1818	221	0	1	1818	1	1818	0.0	2283
Ga0393398_39_2517_3224	CP000239.1:559137-561246|CDS|CYA_0546	99.859	708	1	0	1	708	1402	2109	0.0	1273
Ga0393398_39_2517_3224	CP000240.1:2363787-2365941|CDS|CYB_2261	83.286	706	118	0	1	706	1444	2149	0.0	742
Ga0393398_39_3247_3624	CP000239.1:559137-561246|CDS|CYA_0546	100.000	378	0	0	1	378	1314	937	0.0	682
Ga0393398_39_3247_3624	CP000240.1:2363787-2365941|CDS|CYB_2261	88.360	378	44	0	1	378	1356	979	2.33e-137	484
Ga0393398_40_458_1372	CP000239.1:1381762-1383271|CDS|CYA_1371	99.891	915	1	0	1	915	595	1509	0.0	1646
Ga0393398_40_458_1372	CP000240.1:2990654-2992163|CDS|CYB_2891	88.950	914	101	0	2	915	596	1509	0.0	1194
Ga0393398_40_1394_2608	CP000239.1:1383292-1384507|CDS|CYA_1372	100.000	1215	0	0	1	1215	1	1215	0.0	2192
Ga0393398_40_1394_2608	CP000240.1:1988655-1989891|CDS|CYB_1903	82.833	1200	206	0	12	1211	9	1208	0.0	1236
Ga0393398_40_2625_2867	CP000239.1:1384523-1384889|CDS|CYA_1373	100.000	243	0	0	1	243	124	366	5.41e-124	439
Ga0393398_40_2625_2867	CP000240.1:1622161-1622404|CDS|CYB_1546	81.328	241	45	0	1	241	1	241	1.46e-61	233
Ga0393398_41_60_434	CP000239.1:1466742-1467078|CDS|CYA_1461	100.000	336	0	0	40	375	1	336	2.81e-174	607
Ga0393398_41_60_434	CP000240.1:669014-669383|CDS|CYB_0654	81.948	349	60	1	13	358	16	364	5.10e-95	344
Ga0393398_41_438_1337	CP000239.1:1465839-1466739|CDS|CYA_1460	99.889	900	1	0	1	900	1	900	0.0	1619
Ga0393398_41_438_1337	CP000240.1:668014-669001|CDS|CYB_0653	80.936	897	129	3	12	866	27	923	0.0	872
Ga0393398_41_1455_2408	CP000239.1:1464768-1465722|CDS|CYA_1459	99.895	954	1	0	1	954	1	954	0.0	1717
Ga0393398_41_1455_2408	CP000240.1:667102-667960|CDS|CYB_0652	75.400	874	194	3	69	942	3	855	1.75e-175	613
Ga0393398_42_40_2676	CP000239.1:1811889-1814445|CDS|CYA_1810	99.835	2418	4	0	1	2418	1	2418	0.0	4343
Ga0393398_42_40_2676	CP000240.1:385744-388288|CDS|CYB_0372	85.626	2414	341	3	1	2411	1	2411	0.0	2782
Ga0393398_44_47_1336	CP000239.1:1467547-1468837|CDS|CYA_1462	99.767	1290	3	0	1	1290	1	1290	0.0	2314
Ga0393398_44_47_1336	CP000240.1:669566-670841|CDS|CYB_0655	84.567	1121	173	0	148	1268	130	1250	0.0	1242
Ga0393398_44_1377_2186	CP000239.1:1468877-1469918|CDS|CYA_1463	100.000	810	0	0	1	810	232	1041	0.0	1462
Ga0393398_44_1377_2186	CP000240.1:670885-672040|CDS|CYB_0656	82.963	810	135	1	1	810	349	1155	0.0	838
Ga0393398_45_522_917	CP000239.1:1394952-1395348|CDS|CYA_1388	98.724	392	5	0	1	392	1	392	0.0	685
Ga0393398_45_522_917	CP000240.1:2669586-2669982|CDS|CYB_2565	85.459	392	57	0	1	392	1	392	5.06e-127	451
Ga0393398_45_1063_2829	CP000239.1:1393033-1394890|CDS|CYA_1387	97.649	1744	41	0	24	1767	114	1857	0.0	2961
Ga0393398_46_28_690	CP000239.1:1665243-1666608|CDS|CYA_1663	100.000	663	0	0	1	663	703	1365	0.0	1196
Ga0393398_46_28_690	CP000240.1:1058902-1060246|CDS|CYB_1020	82.927	656	112	0	1	656	682	1337	0.0	679
Ga0393398_46_702_2036	CP000239.1:1666619-1667954|CDS|CYA_1664	99.925	1335	1	0	1	1335	1	1335	0.0	2404
Ga0393398_46_702_2036	CP000240.1:1060248-1061595|CDS|CYB_1021	79.183	1273	249	6	46	1316	58	1316	0.0	1089
Ga0393398_47_327_1328	CP000239.1:147370-148372|CDS|CYA_0150	99.800	1002	2	0	1	1002	1	1002	0.0	1799
Ga0393398_47_327_1328	CP000240.1:1968294-1969296|CDS|CYB_1884	99.501	1002	5	0	1	1002	1	1002	0.0	1785
Ga0393398_48_780_2090	CP000239.1:2914271-2915582|CDS|CYA_2890	99.466	1311	7	0	1	1311	1	1311	0.0	2333
Ga0393398_48_780_2090	CP000240.1:1721266-1722577|CDS|CYB_1649	88.571	1295	148	0	1	1295	1	1295	0.0	1669
Ga0393398_48_2181_2597	CP000239.1:2909516-2914181|CDS|CYA_2889	99.760	417	1	0	1	417	4249	4665	0.0	748
Ga0393398_48_2181_2597	CP000240.1:1722667-1727377|CDS|CYB_1650	98.082	417	8	0	1	417	4294	4710	0.0	717
Ga0393398_49_425_613	CP000239.1:1496752-1497415|CDS|CYA_1490	100.000	189	0	0	1	189	475	663	8.44e-95	342
Ga0393398_49_425_613	CP000240.1:1534648-1535311|CDS|CYB_1458	93.651	189	12	0	1	189	475	663	1.63e-78	288
Ga0393398_49_705_1586	CP000239.1:1490110-1491406|CDS|CYA_1483	99.887	882	1	0	1	882	415	1296	0.0	1587
Ga0393398_49_705_1586	CP000240.1:1548066-1549365|CDS|CYB_1472	85.080	878	128	1	1	875	415	1292	0.0	992
Ga0393398_49_2013_2327	CP000239.1:1495169-1495484|CDS|CYA_1487	99.683	315	1	0	1	315	1	315	2.50e-161	564
Ga0393398_49_2013_2327	CP000240.1:1536652-1536967|CDS|CYB_1461	88.254	315	37	0	1	315	1	315	1.81e-112	402
Ga0393398_50_903_1088	CP000239.1:188129-188315|CDS|CYA_0188	100.000	186	0	0	1	186	1	186	3.52e-93	336
Ga0393398_50_903_1088	CP000240.1:1271495-1271681|CDS|CYB_1229	91.935	186	15	0	1	186	1	186	1.50e-72	269
Ga0393398_50_1151_1246	CP000239.1:187887-188067|CDS|CYA_0187	100.000	96	0	0	1	96	85	180	1.15e-44	174
Ga0393398_50_1151_1246	CP000240.1:1270031-1271426|CDS|CYB_1228	81.944	72	13	0	1	72	1300	1371	1.01e-13	72.5
Ga0393398_50_2027_2389	CP000240.1:2632125-2633949|CDS|CYB_2529	90.208	337	33	0	1	337	1465	1801	8.90e-130	460
Ga0393398_50_2027_2389	CP000239.1:185640-187449|CDS|CYA_0184	76.220	328	63	2	10	337	1474	1786	3.55e-65	245
Ga0393398_51_3_353	CP000239.1:2736468-2736819|CDS|CYA_2716	100.000	351	0	0	1	351	1	351	0.0	634
Ga0393398_51_3_353	CP000240.1:1757982-1758333|CDS|CYB_1682	84.639	332	51	0	1	332	1	332	1.19e-102	370
Ga0393398_51_649_2019	CP000239.1:2734802-2736242|CDS|CYA_2715	99.927	1371	1	0	1	1371	70	1440	0.0	2469
Ga0393398_51_649_2019	CP000240.1:1756308-1757748|CDS|CYB_1680	86.842	1368	171	3	1	1365	70	1431	0.0	1651
Ga0393398_52_421_2034	CP000239.1:2687652-2689266|CDS|CYA_2672	99.876	1614	2	0	1	1614	1	1614	0.0	2902
Ga0393398_52_421_2034	CP000240.1:2270082-2271666|CDS|CYB_2167	84.070	1607	226	6	1	1607	1	1577	0.0	1745
Ga0393398_52_2047_2208	CP000239.1:2689278-2690304|CDS|CYA_2673	100.000	162	0	0	1	162	865	1026	3.24e-80	293
Ga0393398_52_2047_2208	CP000240.1:2271678-2272701|CDS|CYB_2168	74.194	186	24	2	1	162	838	1023	6.69e-32	132
Ga0393398_53_392_578	CP000239.1:2365934-2367356|CDS|CYA_2359	100.000	187	0	0	1	187	637	451	1.02e-93	338
Ga0393398_53_392_578	CP000240.1:886555-887974|CDS|CYB_0853	91.935	186	15	0	2	187	633	448	1.51e-72	269
Ga0393398_53_582_1304	CP000239.1:2367487-2368546|CDS|CYA_2360	100.000	709	0	0	1	709	1	709	0.0	1279
Ga0393398_53_582_1304	CP000240.1:885360-886419|CDS|CYB_0852	88.152	709	84	0	1	709	1	709	0.0	901
Ga0393398_53_1436_2032	CP000239.1:2365934-2367356|CDS|CYA_2359	99.832	597	1	0	1	597	826	1422	0.0	1073
Ga0393398_53_1436_2032	CP000240.1:886555-887974|CDS|CYB_0853	92.965	597	42	0	1	597	823	1419	0.0	888
