Ga0374827_01_949_1791	CP000239.1:955763-956606|CDS|CYA_0945	99.526	843	4	0	1	843	1	843	0.0	1503
Ga0374827_01_949_1791	CP000240.1:2580273-2581131|CDS|CYB_2483	80.657	853	137	3	8	834	5	855	0.0	807
Ga0374827_01_1948_2880	CP000239.1:956762-957695|CDS|CYA_0946	99.143	933	8	0	1	933	1	933	0.0	1647
Ga0374827_01_1948_2880	CP000240.1:2578986-2580075|CDS|CYB_2482	83.825	915	148	0	19	933	175	1089	0.0	984
Ga0374827_01_3501_4403	CP000240.1:2577463-2578957|CDS|CYB_2480	98.560	903	13	0	1	903	592	1494	0.0	1571
Ga0374827_01_3501_4403	CP000239.1:957732-959253|CDS|CYA_0948	79.354	867	165	7	8	870	614	1470	0.0	738
Ga0374827_01_4400_4579	CP000240.1:2576048-2577467|CDS|CYB_2481	100.000	164	0	0	17	180	1256	1419	2.98e-81	297
Ga0374827_01_4400_4579	CP000239.1:959249-960659|CDS|CYA_0947	88.889	153	17	0	17	169	1256	1408	6.15e-52	200
Ga0374827_01_11767_13185	CP000239.1:959249-960659|CDS|CYA_0947	94.034	1408	84	0	1	1408	1	1408	0.0	2161
Ga0374827_01_11767_13185	CP000240.1:2576048-2577467|CDS|CYB_2481	85.976	1419	199	0	1	1419	1	1419	0.0	1663
Ga0374827_01_13276_13773	CP000239.1:960751-961249|CDS|CYA_0949	95.783	498	21	0	1	498	1	498	0.0	804
Ga0374827_01_13276_13773	CP000240.1:2575433-2575955|CDS|CYB_2479	81.224	474	89	0	25	498	49	522	5.29e-128	454
Ga0374827_01_15478_16671	CP000239.1:961325-962519|CDS|CYA_0950	95.561	1194	53	0	1	1194	1	1194	0.0	1915
Ga0374827_01_15478_16671	CP000240.1:196290-197484|CDS|CYB_0182	83.236	1193	185	3	1	1181	1	1190	0.0	1251
Ga0374827_01_16883_18877	CP000239.1:962730-964725|CDS|CYA_0951	99.950	1995	1	0	1	1995	1	1995	0.0	3594
Ga0374827_01_16883_18877	CP000240.1:194179-196207|CDS|CYB_0181	83.709	1995	325	0	1	1995	34	2028	0.0	2133
Ga0374827_01_19046_20824	CP000239.1:964841-966620|CDS|CYA_0952	96.740	1779	58	0	1	1779	1	1779	0.0	2947
Ga0374827_01_19046_20824	CP000240.1:192244-194026|CDS|CYB_0180	86.387	1741	234	1	19	1756	19	1759	0.0	2070
Ga0374827_01_20940_21761	CP000239.1:966735-967527|CDS|CYA_0953	98.737	792	10	0	1	792	1	792	0.0	1384
Ga0374827_01_20940_21761	CP000240.1:190205-191030|CDS|CYB_0178	81.886	806	143	1	1	806	1	803	0.0	794
Ga0374827_01_21777_21989	CP000239.1:967594-967939|CDS|CYA_0954	81.553	206	38	0	1	206	133	338	2.13e-52	201
Ga0374827_01_21777_21989	CP000240.1:189778-190126|CDS|CYB_0177	70.466	193	53	2	1	191	142	332	1.18e-17	86.9
Ga0374827_01_22228_23415	CP000239.1:968097-969234|CDS|CYA_0955	99.824	1137	2	0	52	1188	1	1137	0.0	2042
Ga0374827_01_22228_23415	CP000240.1:188443-189625|CDS|CYB_0176	84.465	1178	183	0	11	1188	5	1182	0.0	1300
Ga0374827_01_23425_24375	CP000239.1:969243-970194|CDS|CYA_0956	100.000	951	0	0	1	951	1	951	0.0	1716
Ga0374827_01_24449_24625	CP000239.1:970267-970444|CDS|CYA_0957	100.000	177	0	0	1	177	1	177	2.56e-88	320
Ga0374827_01_25854_26630	CP000239.1:971754-972450|CDS|CYA_0959	99.425	696	4	0	82	777	1	696	0.0	1238
Ga0374827_01_26707_28116	CP000239.1:972526-973936|CDS|CYA_0960	99.716	1410	4	0	1	1410	1	1410	0.0	2526
Ga0374827_01_26707_28116	CP000240.1:304467-305910|CDS|CYB_0292	80.195	1439	248	7	7	1410	7	1443	0.0	1313
Ga0374827_01_28094_29185	CP000239.1:973844-975005|CDS|CYA_0961	99.634	1092	4	0	1	1092	70	1161	0.0	1952
Ga0374827_01_28094_29185	CP000240.1:305818-306979|CDS|CYB_0293	82.206	1079	190	2	5	1082	74	1151	0.0	1074
Ga0374827_01_29200_29340	CP000239.1:975019-975553|CDS|CYA_0962	97.872	141	3	0	1	141	394	534	1.52e-64	242
Ga0374827_01_29284_29634	CP000239.1:975019-975553|CDS|CYA_0962	98.847	347	4	0	1	347	450	104	7.51e-175	609
Ga0374827_01_31106_31708	CP000239.1:976928-977528|CDS|CYA_0965	91.333	600	52	0	4	603	1	600	0.0	848
Ga0374827_01_31106_31708	CP000240.1:909071-909683|CDS|CYB_0882	84.432	546	85	0	4	549	1	546	1.97e-172	602
Ga0374827_01_31648_32517	CP000239.1:977467-978337|CDS|CYA_0964	95.977	870	35	0	1	870	1	870	0.0	1412
Ga0374827_01_31648_32517	CP000240.1:909610-910528|CDS|CYB_0881	83.758	825	133	1	1	825	37	860	0.0	881
Ga0374827_01_32560_33225	CP000239.1:978379-979045|CDS|CYA_0966	100.000	666	0	0	1	666	1	666	0.0	1202
Ga0374827_01_32560_33225	CP000240.1:910558-911224|CDS|CYB_0883	88.855	664	74	0	1	664	1	664	0.0	865
Ga0374827_02_16_1413	CP000239.1:1585246-1586977|CDS|CYA_1576	99.928	1398	1	0	1	1398	334	1731	0.0	2517
Ga0374827_02_16_1413	CP000240.1:396251-398000|CDS|CYB_0381	88.754	1396	157	0	1	1396	352	1747	0.0	1810
Ga0374827_02_1494_1868	CP000239.1:1584647-1585166|CDS|CYA_1575	99.733	375	1	0	1	375	145	519	0.0	673
Ga0374827_02_2042_2692	CP000239.1:1583967-1584618|CDS|CYA_1574	99.846	651	1	0	1	651	1	651	0.0	1170
Ga0374827_02_2042_2692	CP000240.1:394511-395162|CDS|CYB_0379	86.207	638	88	0	1	638	1	638	0.0	755
Ga0374827_02_2774_3115	CP000239.1:1583544-1583886|CDS|CYA_1573	100.000	342	0	0	1	342	1	342	1.42e-177	618
Ga0374827_02_2774_3115	CP000240.1:394085-394427|CDS|CYB_0378	85.503	338	49	0	1	338	1	338	1.25e-108	389
Ga0374827_02_3164_3502	CP000239.1:1583157-1583496|CDS|CYA_1572	100.000	339	0	0	1	339	1	339	5.96e-176	612
Ga0374827_02_3164_3502	CP000240.1:393662-394001|CDS|CYB_0377	80.896	335	64	0	1	335	1	335	6.40e-87	316
Ga0374827_02_3904_6012	CP000239.1:1580612-1582763|CDS|CYA_1571	99.858	2109	3	0	1	2109	43	2151	0.0	3791
Ga0374827_02_3904_6012	CP000240.1:390960-393057|CDS|CYB_0376	82.428	2026	323	5	48	2040	12	2037	0.0	2057
Ga0374827_02_6184_7821	CP000239.1:1578941-1580483|CDS|CYA_1570	99.157	1542	13	0	97	1638	1	1542	0.0	2723
Ga0374827_02_6184_7821	CP000240.1:1901328-1902870|CDS|CYB_1816	88.120	1532	182	0	103	1634	7	1538	0.0	1943
Ga0374827_02_7862_8908	CP000239.1:1577758-1578805|CDS|CYA_1569	99.522	1047	5	0	1	1047	1	1047	0.0	1866
Ga0374827_02_7862_8908	CP000240.1:1900080-1901127|CDS|CYB_1815	87.368	1045	132	0	1	1045	1	1045	0.0	1290
Ga0374827_02_8977_9282	CP000239.1:1577384-1577690|CDS|CYA_1568	100.000	306	0	0	1	306	1	306	4.39e-158	553
Ga0374827_02_8977_9282	CP000240.1:1899635-1899971|CDS|CYB_1814	80.142	282	56	0	1	282	1	282	4.71e-69	257
Ga0374827_02_9410_10579	CP000239.1:1576087-1577257|CDS|CYA_1566	100.000	1170	0	0	1	1170	1	1170	0.0	2111
Ga0374827_02_9410_10579	CP000240.1:1898316-1899534|CDS|CYB_1813	81.158	1157	212	1	3	1153	15	1171	0.0	1105
Ga0374827_02_10576_11922	CP000239.1:1574741-1576091|CDS|CYA_1567	83.124	1351	221	3	2	1347	2	1350	0.0	1402
Ga0374827_02_10576_11922	CP000240.1:1100687-1102058|CDS|CYB_1063	82.550	1341	227	3	2	1337	2	1340	0.0	1357
Ga0374827_02_11936_12265	CP000239.1:1574336-1574666|CDS|CYA_1565	97.872	329	7	0	1	329	1	329	9.19e-161	563
Ga0374827_02_11936_12265	CP000240.1:1102132-1102462|CDS|CYB_1064	90.578	329	31	0	1	329	1	329	3.43e-128	454
Ga0374827_02_12428_12802	CP000239.1:1573799-1574174|CDS|CYA_1564	100.000	375	0	0	1	375	1	375	0.0	677
Ga0374827_02_12428_12802	CP000240.1:1102632-1103001|CDS|CYB_1065	83.378	373	56	1	1	373	1	367	3.22e-110	395
Ga0374827_02_12845_14623	CP000239.1:1571984-1573757|CDS|CYA_1563	99.887	1773	2	0	7	1779	1	1773	0.0	3189
Ga0374827_02_12845_14623	CP000240.1:1103049-1104822|CDS|CYB_1066	85.892	1772	250	0	7	1778	1	1772	0.0	2069
Ga0374827_02_14770_16056	CP000239.1:1570545-1571832|CDS|CYA_1562	96.814	1287	41	0	1	1287	1	1287	0.0	2137
Ga0374827_02_14770_16056	CP000240.1:1104957-1106244|CDS|CYB_1067	89.355	1287	137	0	1	1287	1	1287	0.0	1704
Ga0374827_02_16135_16917	CP000239.1:1569645-1570428|CDS|CYA_1561	94.125	783	46	0	1	783	1	783	0.0	1205
Ga0374827_02_16135_16917	CP000240.1:1106375-1107158|CDS|CYB_1068	85.696	783	112	0	1	783	1	783	0.0	908
Ga0374827_02_17046_17417	CP000239.1:1569145-1569517|CDS|CYA_1560	100.000	372	0	0	1	372	1	372	0.0	672
Ga0374827_02_17046_17417	CP000240.1:1107298-1107664|CDS|CYB_1069	83.696	368	54	2	1	368	1	362	3.89e-109	390
Ga0374827_02_17531_18712	CP000239.1:1567850-1569032|CDS|CYA_1559	98.223	1182	21	0	1	1182	1	1182	0.0	2038
Ga0374827_02_17531_18712	CP000240.1:1107830-1109021|CDS|CYB_1070	87.575	1159	144	0	11	1169	29	1187	0.0	1442
Ga0374827_02_19483_19917	CP000239.1:1566645-1567080|CDS|CYA_1557	99.770	435	1	0	1	435	1	435	0.0	781
Ga0374827_02_19483_19917	CP000240.1:1109889-1110315|CDS|CYB_1072	84.878	410	62	0	13	422	13	422	3.09e-130	461
Ga0374827_02_19961_20788	CP000239.1:1565774-1566602|CDS|CYA_1556	97.222	828	23	0	1	828	1	828	0.0	1390
Ga0374827_02_19961_20788	CP000240.1:1110358-1111186|CDS|CYB_1073	80.653	827	160	0	1	827	1	827	0.0	771
Ga0374827_02_20854_21681	CP000239.1:1564881-1565709|CDS|CYA_1555	99.517	828	4	0	1	828	1	828	0.0	1476
Ga0374827_02_20854_21681	CP000240.1:1111281-1112109|CDS|CYB_1074	84.358	748	115	2	82	828	82	828	0.0	815
Ga0374827_02_20854_21681	CP000239.1:1739211-1740009|CDS|CYA_1735	70.240	625	186	0	79	703	52	676	2.25e-78	289
Ga0374827_02_20854_21681	CP000240.1:1997239-1998037|CDS|CYB_1912	69.649	626	188	2	79	703	52	676	2.57e-71	266
Ga0374827_02_21718_22617	CP000239.1:1563945-1564845|CDS|CYA_1554	99.222	900	7	0	1	900	1	900	0.0	1592
Ga0374827_02_21718_22617	CP000240.1:1112191-1113082|CDS|CYB_1075	81.266	790	148	0	109	898	100	889	0.0	758
Ga0374827_02_22624_23592	CP000239.1:1562970-1563939|CDS|CYA_1553	99.690	969	3	0	1	969	1	969	0.0	1735
Ga0374827_02_22624_23592	CP000240.1:1113088-1114057|CDS|CYB_1076	80.251	957	189	0	13	969	13	969	0.0	875
Ga0374827_02_23664_24743	CP000239.1:1561866-1562946|CDS|CYA_1552	99.074	1080	10	0	1	1080	1	1080	0.0	1903
Ga0374827_02_23664_24743	CP000240.1:1114090-1115167|CDS|CYB_1077	81.094	1079	201	1	1	1079	1	1076	0.0	1025
Ga0374827_02_25103_25564	CP000239.1:1561069-1561531|CDS|CYA_1551	100.000	462	0	0	1	462	1	462	0.0	834
Ga0374827_02_25103_25564	CP000240.1:1115957-1116407|CDS|CYB_1080	82.921	445	76	0	14	458	2	446	3.29e-130	461
Ga0374827_02_25651_27450	CP000239.1:1559183-1560959|CDS|CYA_1550	99.437	1776	10	0	25	1800	1	1776	0.0	3158
Ga0374827_02_25651_27450	CP000240.1:1116585-1118361|CDS|CYB_1081	85.023	1776	266	0	25	1800	1	1776	0.0	2004
Ga0374827_02_27579_28472	CP000239.1:1558159-1559056|CDS|CYA_1549	97.191	890	25	0	1	890	1	890	0.0	1493
Ga0374827_02_27579_28472	CP000240.1:1118492-1119389|CDS|CYB_1082	78.427	890	192	0	1	890	1	890	0.0	740
Ga0374827_02_28496_29302	CP000239.1:1557329-1558139|CDS|CYA_1548	87.940	796	96	0	12	807	15	810	0.0	1003
Ga0374827_02_28496_29302	CP000240.1:1119435-1120269|CDS|CYB_1083	83.245	752	126	0	20	771	26	777	0.0	789
Ga0374827_03_52_210	CP000239.1:2220508-2220667|CDS|CYA_2205	99.371	159	1	0	1	159	1	159	5.73e-77	283
Ga0374827_03_52_210	CP000240.1:2124008-2124485|CDS|CYB_2018	77.500	160	32	2	1	158	1	158	1.18e-28	122
Ga0374827_03_207_554	CP000239.1:2220164-2220512|CDS|CYA_2204	100.000	348	0	0	1	348	1	348	0.0	628
Ga0374827_03_207_554	CP000240.1:2124481-2124820|CDS|CYB_2019	77.337	353	61	5	1	348	1	339	2.45e-73	271
Ga0374827_03_632_922	CP000239.1:2219796-2220123|CDS|CYA_2202	100.000	291	0	0	1	291	37	327	5.78e-150	526
Ga0374827_03_632_922	CP000240.1:2124862-2125189|CDS|CYB_2020	89.347	291	31	0	1	291	37	327	1.27e-107	386
Ga0374827_03_1061_1663	CP000239.1:2219055-2219643|CDS|CYA_2201	100.000	588	0	0	16	603	1	588	0.0	1061
Ga0374827_03_1061_1663	CP000240.1:2125296-2125899|CDS|CYB_2021	85.185	594	86	2	1	593	1	593	0.0	668
Ga0374827_03_1645_2730	CP000239.1:2217988-2219059|CDS|CYA_2199	99.907	1071	1	0	16	1086	1	1071	0.0	1928
Ga0374827_03_1645_2730	CP000240.1:2126003-2126951|CDS|CYB_2023	81.876	938	156	4	138	1068	15	945	0.0	921
Ga0374827_03_2712_2900	CP000239.1:2217818-2218007|CDS|CYA_2200	100.000	189	0	0	1	189	1	189	8.44e-95	342
Ga0374827_03_2712_2900	CP000240.1:2126947-2127142|CDS|CYB_2022	85.246	183	27	0	1	183	1	183	1.25e-54	209
Ga0374827_03_3163_3282	CP000239.1:2217436-2217676|CDS|CYA_2198	100.000	120	0	0	1	120	121	240	1.43e-57	217
Ga0374827_03_3163_3282	CP000240.1:2127281-2127521|CDS|CYB_2024	86.555	119	16	0	1	119	121	239	2.59e-35	143
Ga0374827_03_3364_3789	CP000239.1:2216927-2217353|CDS|CYA_2197	99.765	426	1	0	1	426	1	426	0.0	765
Ga0374827_03_3364_3789	CP000240.1:2127611-2128025|CDS|CYB_2025	72.038	422	106	1	1	422	1	410	2.18e-62	236
Ga0374827_03_4111_5511	CP000239.1:2215205-2216606|CDS|CYA_2196	100.000	1401	0	0	1	1401	1	1401	0.0	2527
Ga0374827_03_4111_5511	CP000240.1:783495-784899|CDS|CYB_0762	82.552	1387	233	2	1	1381	1	1384	0.0	1410
Ga0374827_03_5648_6100	CP000239.1:2214616-2215069|CDS|CYA_2195	100.000	453	0	0	1	453	1	453	0.0	818
Ga0374827_03_5648_6100	CP000240.1:785038-785491|CDS|CYB_0763	86.093	453	63	0	1	453	1	453	6.22e-152	534
Ga0374827_03_6774_8060	CP000239.1:2212653-2213943|CDS|CYA_2194	86.981	1252	149	8	43	1287	46	1290	0.0	1500
Ga0374827_03_6774_8060	CP000240.1:1470380-1471673|CDS|CYB_1402	82.195	1230	207	7	43	1266	46	1269	0.0	1211
Ga0374827_03_8057_8830	CP000240.1:1471669-1472485|CDS|CYB_1403	87.203	758	97	0	1	758	1	758	0.0	930
Ga0374827_03_8057_8830	CP000239.1:2211841-2212657|CDS|CYA_2193	85.752	758	108	0	1	758	1	758	0.0	881
Ga0374827_03_8957_10393	CP000239.1:2209664-2211101|CDS|CYA_2190	90.118	1437	142	0	1	1437	1	1437	0.0	1952
Ga0374827_03_8957_10393	CP000240.1:1473109-1474546|CDS|CYB_1405	89.283	1437	154	0	1	1437	1	1437	0.0	1898
Ga0374827_03_10588_11253	CP000239.1:2208773-2209502|CDS|CYA_2189	92.900	662	47	0	5	666	68	729	0.0	983
Ga0374827_03_10588_11253	CP000240.1:1474725-1475442|CDS|CYB_1406	84.152	631	100	0	1	631	64	694	0.0	688
Ga0374827_03_11517_12623	CP000239.1:2207154-2208510|CDS|CYA_2187	99.725	1089	3	0	1	1089	1	1089	0.0	1951
Ga0374827_03_12917_13768	CP000239.1:208310-209162|CDS|CYA_0203	99.883	852	1	0	1	852	1	852	0.0	1533
Ga0374827_03_12917_13768	CP000240.1:1292498-1293338|CDS|CYB_1244	83.735	830	133	2	1	829	1	829	0.0	882
Ga0374827_03_13814_14035	CP000239.1:209207-209429|CDS|CYA_0204	100.000	222	0	0	1	222	1	222	1.23e-112	401
Ga0374827_03_13814_14035	CP000240.1:1293384-1293609|CDS|CYB_1245	92.444	225	14	1	1	222	1	225	2.23e-90	328
Ga0374827_03_14315_14467	CP000239.1:209708-209861|CDS|CYA_0205	100.000	153	0	0	1	153	1	153	2.33e-75	277
Ga0374827_03_14315_14467	CP000240.1:1294729-1294882|CDS|CYB_1247	93.377	151	10	0	1	151	1	151	1.06e-60	228
Ga0374827_03_14745_15302	CP000239.1:210132-211803|CDS|CYA_0206	92.460	557	41	1	2	558	1116	1671	0.0	812
Ga0374827_03_14745_15302	CP000240.1:1295152-1296829|CDS|CYB_1248	87.050	556	71	1	3	558	1123	1677	0.0	675
Ga0374827_03_15211_16416	CP000239.1:210132-211803|CDS|CYA_0206	95.771	1206	50	1	1	1206	1	1205	0.0	1942
Ga0374827_03_15211_16416	CP000240.1:1295152-1296829|CDS|CYB_1248	84.102	1214	182	3	1	1206	1	1211	0.0	1316
Ga0374827_03_16470_18353	CP000239.1:211883-213749|CDS|CYA_0207	98.977	1858	19	0	1	1858	1	1858	0.0	3266
Ga0374827_03_16470_18353	CP000240.1:1300590-1302462|CDS|CYB_1251	83.843	1832	296	0	1	1832	1	1832	0.0	1970
Ga0374827_03_18686_20887	CP000239.1:214081-216415|CDS|CYA_0208	100.000	2202	0	0	1	2202	133	2334	0.0	3972
Ga0374827_03_18686_20887	CP000240.1:986821-989176|CDS|CYB_0950	87.613	2204	271	1	1	2202	133	2336	0.0	2742
Ga0374827_04_1020_1133	CP000239.1:2681083-2681197|CDS|CYA_2664	100.000	114	0	0	1	114	1	114	2.43e-54	206
Ga0374827_04_1020_1133	CP000240.1:2523603-2523717|CDS|CYB_2426	83.929	112	18	0	1	112	1	112	7.95e-29	122
Ga0374827_04_1199_2827	CP000239.1:2679389-2681012|CDS|CYA_2663	99.877	1623	2	0	7	1629	1	1623	0.0	2919
Ga0374827_04_1199_2827	CP000240.1:2521911-2523540|CDS|CYB_2425	84.757	1627	231	6	7	1620	1	1623	0.0	1805
Ga0374827_04_3024_4061	CP000239.1:2678155-2679193|CDS|CYA_2662	99.711	1038	3	0	1	1038	1	1038	0.0	1859
Ga0374827_04_3024_4061	CP000240.1:2520572-2521610|CDS|CYB_2424	88.008	1009	121	0	1	1009	1	1009	0.0	1275
Ga0374827_04_4071_4367	CP000239.1:2677849-2678146|CDS|CYA_2661	99.663	297	1	0	1	297	1	297	1.39e-151	532
Ga0374827_04_4071_4367	CP000240.1:2520219-2520537|CDS|CYB_2423	86.071	280	37	2	1	279	1	279	1.30e-88	323
Ga0374827_04_4708_6789	CP000239.1:2675505-2677509|CDS|CYA_2659	99.002	2004	20	0	79	2082	1	2004	0.0	3525
Ga0374827_04_4708_6789	CP000240.1:2517516-2519619|CDS|CYB_2421	89.822	2073	187	4	1	2055	1	2067	0.0	2791
Ga0374827_04_6922_7869	CP000239.1:2674362-2675295|CDS|CYA_2658	99.893	933	1	0	16	948	1	933	0.0	1679
Ga0374827_04_7979_8974	CP000239.1:2673242-2674238|CDS|CYA_2657	96.084	996	39	0	1	996	1	996	0.0	1621
Ga0374827_04_7979_8974	CP000240.1:2516271-2517282|CDS|CYB_2420	93.667	979	60	2	19	996	34	1011	0.0	1480
Ga0374827_04_8985_9473	CP000240.1:2515694-2516261|CDS|CYB_2419	94.595	481	26	0	9	489	87	567	0.0	751
Ga0374827_04_8985_9473	CP000239.1:2672674-2673235|CDS|CYA_2656	87.662	462	57	0	1	462	79	540	6.31e-165	577
Ga0374827_04_9556_10344	CP000239.1:2671899-2672670|CDS|CYA_2655	95.184	789	14	2	1	789	7	771	0.0	1265
Ga0374827_04_9556_10344	CP000240.1:2514925-2515690|CDS|CYB_2418	87.078	681	88	0	109	789	85	765	0.0	832
Ga0374827_04_10341_10997	CP000239.1:2671273-2671909|CDS|CYA_2654	83.784	629	96	2	22	647	1	626	0.0	672
Ga0374827_04_10341_10997	CP000240.1:2514221-2514875|CDS|CYB_2417	84.492	561	87	0	22	582	1	561	8.04e-178	620
Ga0374827_04_11136_13547	CP000239.1:2668682-2671094|CDS|CYA_2653	94.859	2412	124	0	1	2412	1	2412	0.0	3791
Ga0374827_04_11136_13547	CP000240.1:2511617-2514026|CDS|CYB_2416	84.641	2409	353	5	9	2410	9	2407	0.0	2670
Ga0374827_04_14063_14827	CP000239.1:2667402-2668245|CDS|CYA_2652	100.000	765	0	0	1	765	79	843	0.0	1380
Ga0374827_04_14063_14827	CP000240.1:1812916-1813852|CDS|CYB_1730	82.943	768	122	2	1	765	175	936	0.0	794
Ga0374827_04_14888_15778	CP000239.1:2666451-2667342|CDS|CYA_2651	100.000	891	0	0	1	891	1	891	0.0	1608
Ga0374827_04_14888_15778	CP000240.1:1813906-1814779|CDS|CYB_1731	88.794	821	92	0	49	869	34	854	0.0	1067
Ga0374827_04_15784_16335	CP000239.1:2665894-2666446|CDS|CYA_2649	99.819	552	1	0	1	552	1	552	0.0	992
Ga0374827_04_15784_16335	CP000240.1:1814788-1815340|CDS|CYB_1733	88.949	552	61	0	1	552	1	552	0.0	721
Ga0374827_04_16332_16856	CP000239.1:2665280-2665898|CDS|CYA_2650	100.000	525	0	0	1	525	94	618	0.0	948
Ga0374827_04_16332_16856	CP000240.1:1815336-1815957|CDS|CYB_1732	87.739	522	64	0	1	522	94	615	0.0	654
Ga0374827_04_17076_17534	CP000239.1:2663699-2665154|CDS|CYA_2648	100.000	459	0	0	1	459	997	1455	0.0	829
Ga0374827_04_17076_17534	CP000240.1:1816002-1817544|CDS|CYB_1734	88.889	432	47	1	1	432	1003	1433	4.54e-160	560
Ga0374827_05_1022_4054	CP000239.1:2903224-2906293|CDS|CYA_2886	99.967	3033	1	0	1	3033	37	3069	0.0	5466
Ga0374827_05_1022_4054	CP000240.1:1730308-1733377|CDS|CYB_1653	84.860	3045	437	4	1	3033	37	3069	0.0	3417
Ga0374827_05_4250_5122	CP000239.1:2906452-2907451|CDS|CYA_2887	99.885	873	1	0	1	873	127	999	0.0	1571
Ga0374827_05_4250_5122	CP000240.1:1729151-1730150|CDS|CYB_1652	88.889	873	97	0	1	873	127	999	0.0	1138
Ga0374827_05_5377_6900	CP000239.1:2907570-2909103|CDS|CYA_2888	99.672	1524	5	0	1	1524	10	1533	0.0	2727
Ga0374827_05_5377_6900	CP000240.1:1727508-1729032|CDS|CYB_1651	96.457	1524	45	1	1	1524	10	1524	0.0	2509
Ga0374827_05_7113_11699	CP000239.1:2909516-2914181|CDS|CYA_2889	98.670	4587	58	1	1	4587	82	4665	0.0	7996
Ga0374827_05_7113_11699	CP000240.1:1722667-1727377|CDS|CYB_1650	94.234	4648	188	12	1	4587	82	4710	0.0	7193
Ga0374827_05_11883_13100	CP000239.1:2914271-2915582|CDS|CYA_2890	99.589	1218	5	0	1	1218	94	1311	0.0	2175
Ga0374827_05_11883_13100	CP000240.1:1721266-1722577|CDS|CYB_1649	87.937	1202	145	0	1	1202	94	1295	0.0	1515
Ga0374827_05_13450_14439	CP000239.1:2915931-2917158|CDS|CYA_2891	99.899	990	0	1	1	990	1	989	0.0	1778
Ga0374827_05_13450_14439	CP000240.1:1719940-1721137|CDS|CYB_1648	88.968	979	105	3	13	990	4	980	0.0	1269
Ga0374827_06_1152_1985	CP000239.1:2885817-2886651|CDS|CYA_2869	83.094	834	141	0	1	834	1	834	0.0	869
Ga0374827_06_1152_1985	CP000239.1:2884601-2885483|CDS|CYA_2868	79.712	695	141	0	1	695	1	695	3.58e-177	618
Ga0374827_06_1152_1985	CP000240.1:1558658-1559549|CDS|CYB_1482	77.188	697	152	4	1	695	1	692	1.43e-150	529
Ga0374827_06_1152_1985	CP000239.1:2886812-2887649|CDS|CYA_2870	73.254	845	205	9	1	833	1	836	5.33e-137	484
Ga0374827_06_1152_1985	CP000240.1:1559946-1560831|CDS|CYB_1483	74.676	695	176	0	1	695	1	695	6.08e-130	461
Ga0374827_06_2277_4655	CP000239.1:2887937-2890445|CDS|CYA_2871	96.141	2358	91	0	1	2358	118	2475	0.0	3843
Ga0374827_06_2277_4655	CP000240.1:1555785-1558380|CDS|CYB_1481	79.167	2424	439	10	1	2358	139	2562	0.0	2110
Ga0374827_06_4907_5176	CP000239.1:2890537-2890807|CDS|CYA_2872	95.911	269	11	0	1	269	1	269	7.41e-123	436
Ga0374827_06_4907_5176	CP000240.1:1745940-1746210|CDS|CYB_1667	81.784	269	49	0	1	269	1	269	2.77e-71	265
Ga0374827_06_5189_6454	CP000239.1:2890819-2892085|CDS|CYA_2873	93.286	1266	85	0	1	1266	1	1266	0.0	1901
Ga0374827_06_5189_6454	CP000240.1:1744647-1745928|CDS|CYB_1666	85.761	1236	176	0	25	1260	40	1275	0.0	1436
Ga0374827_06_6552_6797	CP000239.1:2892182-2892428|CDS|CYA_2874	99.593	246	1	0	1	246	1	246	5.49e-124	440
Ga0374827_06_6552_6797	CP000240.1:1744311-1744602|CDS|CYB_1665	88.211	246	29	0	1	246	46	291	5.50e-86	314
Ga0374827_06_7029_7319	CP000239.1:2892659-2892950|CDS|CYA_2875	100.000	291	0	0	1	291	1	291	5.78e-150	526
Ga0374827_06_7029_7319	CP000240.1:1743826-1744117|CDS|CYB_1664	81.690	284	52	0	1	284	1	284	1.36e-75	279
Ga0374827_06_7407_7628	CP000239.1:2893037-2893436|CDS|CYA_2876	99.103	223	1	1	1	222	1	223	2.23e-109	390
Ga0374827_06_7407_7628	CP000240.1:1743354-1743753|CDS|CYB_1663	80.269	223	43	1	1	222	1	223	2.23e-52	201
Ga0374827_06_7625_7804	CP000239.1:2893037-2893436|CDS|CYA_2876	98.889	180	2	0	1	180	220	399	3.18e-87	316
Ga0374827_06_7625_7804	CP000240.1:1743354-1743753|CDS|CYB_1663	84.444	180	28	0	1	180	220	399	6.15e-52	199
Ga0374827_06_7831_8460	CP000239.1:2893462-2894092|CDS|CYA_2877	99.841	630	1	0	1	630	1	630	0.0	1132
Ga0374827_06_7831_8460	CP000240.1:1742628-1743189|CDS|CYB_1662	86.892	473	62	0	145	617	1	473	2.87e-164	574
Ga0374827_06_8673_9206	CP000239.1:2894124-2894838|CDS|CYA_2878	100.000	534	0	0	1	534	181	714	0.0	964
Ga0374827_06_8673_9206	CP000240.1:1741885-1742533|CDS|CYB_1661	92.121	495	39	0	1	495	115	609	0.0	718
Ga0374827_06_9227_10648	CP000239.1:2894858-2896280|CDS|CYA_2879	99.859	1422	2	0	1	1422	1	1422	0.0	2556
Ga0374827_06_9227_10648	CP000240.1:1740396-1741881|CDS|CYB_1660	78.922	1428	250	4	1	1380	1	1425	0.0	1247
Ga0374827_06_10666_12234	CP000239.1:2896297-2897866|CDS|CYA_2880	99.873	1569	2	0	1	1569	1	1569	0.0	2821
Ga0374827_06_10666_12234	CP000240.1:1738815-1740378|CDS|CYB_1659	83.398	1548	245	3	25	1569	25	1563	0.0	1631
Ga0374827_06_12259_13044	CP000239.1:2897890-2898676|CDS|CYA_2881	99.873	786	1	0	1	786	1	786	0.0	1414
Ga0374827_06_12259_13044	CP000240.1:1737982-1738768|CDS|CYB_1658	89.286	784	84	0	1	784	1	784	0.0	1036
Ga0374827_06_13041_14051	CP000239.1:2898672-2899683|CDS|CYA_2882	99.802	1011	2	0	1	1011	1	1011	0.0	1815
Ga0374827_06_13041_14051	CP000240.1:1736975-1737986|CDS|CYB_1657	88.427	1011	117	0	1	1011	1	1011	0.0	1297
Ga0374827_06_14254_15309	CP000239.1:2899885-2900941|CDS|CYA_2883	100.000	1056	0	0	1	1056	1	1056	0.0	1905
Ga0374827_06_14254_15309	CP000240.1:1735695-1736760|CDS|CYB_1656	85.824	1044	148	0	1	1044	1	1044	0.0	1216
Ga0374827_07_337_2178	CP000239.1:2221070-2222912|CDS|CYA_2206	99.946	1842	1	0	1	1842	1	1842	0.0	3318
Ga0374827_07_337_2178	CP000240.1:1620131-1621991|CDS|CYB_1545	85.324	1867	240	4	1	1841	1	1859	0.0	2145
Ga0374827_07_2476_3012	CP000239.1:2223209-2223746|CDS|CYA_2208	100.000	537	0	0	1	537	1	537	0.0	969
Ga0374827_07_2476_3012	CP000240.1:782479-783010|CDS|CYB_0761	80.897	513	98	0	1	513	1	513	3.38e-137	484
Ga0374827_07_4150_4707	CP000239.1:2224763-2225393|CDS|CYA_2210	99.642	558	2	0	1	558	73	630	0.0	998
Ga0374827_07_4150_4707	CP000240.1:1087212-1087833|CDS|CYB_1048	82.129	526	94	0	2	527	74	599	1.15e-149	526
Ga0374827_07_5480_5656	CP000239.1:2226165-2226342|CDS|CYA_2211	100.000	177	0	0	1	177	1	177	2.56e-88	320
Ga0374827_07_6091_7197	CP000239.1:2226776-2227883|CDS|CYA_2212	99.819	1107	2	0	1	1107	1	1107	0.0	1988
Ga0374827_07_6091_7197	CP000240.1:1090988-1092098|CDS|CYB_1054	84.481	1089	163	1	1	1083	1	1089	0.0	1204
Ga0374827_07_7415_7747	CP000239.1:2228070-2228433|CDS|CYA_2213	100.000	333	0	0	1	333	31	363	1.06e-172	601
Ga0374827_07_7415_7747	CP000240.1:1090460-1090823|CDS|CYB_1052	86.446	332	45	0	2	333	32	363	8.15e-111	397
Ga0374827_07_7772_8008	CP000239.1:2228457-2228694|CDS|CYA_2214	99.578	237	1	0	1	237	1	237	4.05e-119	424
Ga0374827_07_7772_8008	CP000240.1:1090199-1090436|CDS|CYB_1051	88.608	237	27	0	1	237	1	237	7.83e-84	306
Ga0374827_07_8082_8810	CP000239.1:2228767-2229514|CDS|CYA_2215	99.863	729	1	0	1	729	19	747	0.0	1311
Ga0374827_07_8082_8810	CP000240.1:1089413-1090160|CDS|CYB_1050	82.990	729	124	0	1	729	19	747	0.0	756
Ga0374827_07_8930_9976	CP000239.1:2229714-2230662|CDS|CYA_2216	100.000	948	0	0	100	1047	1	948	0.0	1710
Ga0374827_07_8930_9976	CP000240.1:1088231-1089179|CDS|CYB_1049	85.441	941	137	0	100	1040	1	941	0.0	1080
Ga0374827_07_10374_12341	CP000239.1:2231059-2233144|CDS|CYA_2217	99.898	1968	2	0	1	1968	118	2085	0.0	3541
Ga0374827_07_10374_12341	CP000240.1:1516616-1518803|CDS|CYB_1446	84.365	1842	256	7	156	1966	345	2185	0.0	2021
Ga0374827_07_12564_14405	CP000239.1:2233249-2235388|CDS|CYA_2218	99.891	1842	2	0	1	1842	298	2139	0.0	3314
Ga0374827_07_12564_14405	CP000240.1:1514302-1516441|CDS|CYB_1445	88.817	1842	206	0	1	1842	298	2139	0.0	2394
Ga0374827_07_14884_15279	CP000239.1:2235539-2235965|CDS|CYA_2219	100.000	396	0	0	1	396	31	426	0.0	715
Ga0374827_07_14884_15279	CP000240.1:1512795-1513710|CDS|CYB_1443	84.557	395	43	1	1	395	1	377	5.06e-127	450
Ga0374827_08_56_727	CP000239.1:671833-672505|CDS|CYA_0664	99.851	672	1	0	1	672	1	672	0.0	1208
Ga0374827_08_56_727	CP000240.1:626314-626986|CDS|CYB_0618	88.542	672	77	0	1	672	1	672	0.0	866
Ga0374827_08_724_2856	CP000239.1:672501-674634|CDS|CYA_0663	99.906	2133	2	0	1	2133	1	2133	0.0	3838
Ga0374827_08_724_2856	CP000240.1:626982-629181|CDS|CYB_0617	76.847	2220	406	10	1	2133	1	2199	0.0	1739
Ga0374827_08_3506_4378	CP000239.1:675282-676173|CDS|CYA_0665	99.427	873	5	0	1	873	19	891	0.0	1553
Ga0374827_08_4527_5237	CP000239.1:676303-677014|CDS|CYA_0666	100.000	711	0	0	1	711	1	711	0.0	1283
Ga0374827_08_4527_5237	CP000239.1:688929-689640|CDS|CYA_0683	87.201	711	91	0	1	711	1	711	0.0	873
Ga0374827_08_4527_5237	CP000240.1:2214903-2215566|CDS|CYB_2122	86.898	664	85	2	49	711	1	663	0.0	799
Ga0374827_08_5287_6234	CP000239.1:677063-678011|CDS|CYA_0667	100.000	948	0	0	1	948	1	948	0.0	1710
Ga0374827_08_5287_6234	CP000240.1:2215663-2216611|CDS|CYB_2123	84.494	948	147	0	1	948	1	948	0.0	1048
Ga0374827_08_5287_6234	CP000239.1:689689-690649|CDS|CYA_0684	83.650	948	155	0	1	948	13	960	0.0	1012
Ga0374827_08_6366_7817	CP000239.1:678142-679594|CDS|CYA_0668	98.003	1452	29	0	1	1452	1	1452	0.0	2489
Ga0374827_08_6366_7817	CP000240.1:1097610-1099053|CDS|CYB_1060	89.020	1439	152	1	1	1433	1	1439	0.0	1884
Ga0374827_08_8077_8817	CP000240.1:1096452-1097280|CDS|CYB_1058	92.213	732	57	0	1	732	1	732	0.0	1064
Ga0374827_08_8077_8817	CP000239.1:679853-680588|CDS|CYA_0671	89.098	743	71	4	1	741	1	735	0.0	966
Ga0374827_08_8866_9303	CP000239.1:680627-681065|CDS|CYA_0672	99.542	437	2	0	1	437	1	437	0.0	780
Ga0374827_08_8866_9303	CP000240.1:1095966-1096404|CDS|CYB_1057	90.411	438	42	0	1	438	1	438	1.41e-172	601
Ga0374827_08_9374_9997	CP000239.1:681135-681759|CDS|CYA_0673	100.000	624	0	0	1	624	1	624	0.0	1126
Ga0374827_08_9374_9997	CP000240.1:1095278-1095896|CDS|CYB_1056	82.910	591	101	0	1	591	1	591	3.95e-175	611
Ga0374827_08_10543_10677	CP000239.1:457221-457626|CDS|CYA_0437	93.284	134	9	0	1	134	1	134	1.27e-52	202
Ga0374827_08_11729_13108	CP000239.1:683433-684870|CDS|CYA_0675	98.696	1380	18	0	1	1380	58	1437	0.0	2408
Ga0374827_08_11729_13108	CP000240.1:2208275-2209715|CDS|CYB_2114	91.509	1378	117	0	1	1378	61	1438	0.0	1958
Ga0374827_08_13213_13410	CP000239.1:684899-685172|CDS|CYA_0676	100.000	198	0	0	1	198	76	273	1.16e-99	358
Ga0374827_08_13213_13410	CP000240.1:2209865-2210111|CDS|CYB_2115	82.353	170	30	0	28	197	76	245	9.52e-44	172
Ga0374827_08_13445_14146	CP000239.1:685206-685908|CDS|CYA_0677	98.433	702	11	0	1	702	1	702	0.0	1217
Ga0374827_08_13445_14146	CP000240.1:2210138-2210840|CDS|CYB_2116	86.895	702	92	0	1	702	1	702	0.0	852
Ga0374827_08_14377_15000	CP000239.1:686138-686762|CDS|CYA_0678	99.038	624	6	0	1	624	1	624	0.0	1099
Ga0374827_08_14377_15000	CP000239.1:713714-714350|CDS|CYA_0706	91.318	622	54	0	1	622	1	622	0.0	879
Ga0374827_08_14377_15000	CP000240.1:2212140-2212764|CDS|CYB_2118	82.637	622	108	0	1	622	1	622	0.0	636
Ga0374827_09_161_1522	CP000240.1:2838368-2840609|CDS|CYB_2744	91.654	1366	100	5	1	1362	886	2241	0.0	1940
Ga0374827_09_161_1522	CP000239.1:2177855-2180051|CDS|CYA_2166	75.182	1370	321	10	1	1362	838	2196	0.0	911
Ga0374827_09_1587_1775	CP000239.1:2177601-2177802|CDS|CYA_2165	92.222	180	14	0	10	189	22	201	6.49e-71	262
Ga0374827_09_1587_1775	CP000240.1:2840673-2840868|CDS|CYB_2745	84.615	195	24	2	1	189	1	195	2.95e-56	214
Ga0374827_09_1947_3062	CP000239.1:2176314-2177547|CDS|CYA_2164	98.746	1116	14	0	1	1116	118	1233	0.0	1950
Ga0374827_09_1947_3062	CP000240.1:2840997-2842233|CDS|CYB_2746	85.662	1088	150	2	32	1116	152	1236	0.0	1256
Ga0374827_09_3069_3548	CP000239.1:2175828-2176308|CDS|CYA_2163	94.583	480	26	0	1	480	1	480	0.0	749
Ga0374827_09_3069_3548	CP000240.1:2842240-2842738|CDS|CYB_2747	87.349	498	45	1	1	480	1	498	3.90e-180	627
Ga0374827_09_4258_5178	CP000240.1:2843126-2844371|CDS|CYB_2748	100.000	921	0	0	1	921	325	1245	0.0	1662
Ga0374827_09_4258_5178	CP000239.1:2174198-2175443|CDS|CYA_2162	99.566	921	4	0	1	921	325	1245	0.0	1644
Ga0374827_09_5217_5600	CP000240.1:2844418-2844793|CDS|CYB_2749	100.000	375	0	0	10	384	1	375	0.0	677
Ga0374827_09_5217_5600	CP000239.1:2173776-2174151|CDS|CYA_2161	99.733	375	1	0	10	384	1	375	0.0	673
Ga0374827_09_5807_6256	CP000239.1:2173120-2173669|CDS|CYA_2160	100.000	450	0	0	1	450	100	549	0.0	812
Ga0374827_09_5807_6256	CP000240.1:2844900-2845449|CDS|CYB_2750	99.778	450	1	0	1	450	100	549	0.0	808
Ga0374827_09_6305_8542	CP000240.1:2845497-2847735|CDS|CYB_2751	99.732	2238	6	0	1	2238	1	2238	0.0	4010
Ga0374827_09_8544_11315	CP000240.1:2847736-2850508|CDS|CYB_2752	99.928	2772	2	0	1	2772	1	2772	0.0	4991
Ga0374827_09_8544_11315	CP000239.1:2166746-2169575|CDS|CYA_2155	99.856	2772	4	0	1	2772	58	2829	0.0	4982
Ga0374827_09_11319_11801	CP000240.1:2850511-2850994|CDS|CYB_2754	99.379	483	3	0	1	483	1	483	0.0	858
Ga0374827_09_11319_11801	CP000239.1:2166260-2166743|CDS|CYA_2153	98.137	483	9	0	1	483	1	483	0.0	831
Ga0374827_09_11777_12241	CP000240.1:2850969-2851659|CDS|CYB_2753	96.559	465	16	0	1	465	226	690	0.0	767
Ga0374827_09_11777_12241	CP000239.1:2165820-2166285|CDS|CYA_2154	93.978	465	28	0	1	465	1	465	0.0	713
Ga0374827_09_12465_13448	CP000239.1:2164602-2165586|CDS|CYA_2152	99.492	984	5	0	1	984	1	984	0.0	1753
Ga0374827_09_12465_13448	CP000240.1:2851657-2852635|CDS|CYB_2755	88.946	968	107	0	1	968	1	968	0.0	1264
Ga0374827_09_13458_15044	CP000239.1:2162829-2164593|CDS|CYA_2151	99.685	1587	5	0	1	1587	178	1764	0.0	2840
Ga0374827_09_13458_15044	CP000240.1:2852930-2854706|CDS|CYB_2756	84.184	1606	234	4	1	1587	172	1776	0.0	1752
Ga0374827_10_1_993	CP000240.1:603174-604356|CDS|CYB_0596	93.111	958	66	0	1	958	190	1147	0.0	1431
Ga0374827_10_1_993	CP000239.1:887771-888923|CDS|CYA_0883	92.589	958	71	0	1	958	160	1117	0.0	1408
Ga0374827_10_3939_4217	CP000239.1:892608-892887|CDS|CYA_0885	86.121	281	35	3	1	279	1	279	1.22e-88	322
Ga0374827_10_3939_4217	CP000239.1:130864-131179|CDS|CYA_0135	81.720	279	35	3	3	279	51	315	1.59e-74	275
Ga0374827_10_5239_5958	CP000239.1:894896-895712|CDS|CYA_0889	96.528	720	25	0	1	720	97	816	0.0	1187
Ga0374827_10_5239_5958	CP000240.1:606715-608173|CDS|CYB_0597	84.040	708	107	2	1	705	703	1407	0.0	765
Ga0374827_10_5934_6632	CP000240.1:606715-608173|CDS|CYB_0597	77.854	727	133	3	1	699	1	727	2.80e-171	598
Ga0374827_10_6762_7691	CP000239.1:896417-897338|CDS|CYA_0890	88.352	910	104	2	1	909	1	909	0.0	1157
Ga0374827_10_6762_7691	CP000240.1:608338-609307|CDS|CYB_0599	81.796	835	150	2	79	912	127	960	0.0	814
Ga0374827_10_7729_8565	CP000239.1:897553-898417|CDS|CYA_0891	93.083	853	35	1	1	829	1	853	0.0	1290
Ga0374827_10_7729_8565	CP000240.1:610277-611165|CDS|CYB_0601	82.554	877	105	1	1	829	1	877	0.0	931
Ga0374827_10_7729_8565	CP000239.1:625839-626682|CDS|CYA_0616	70.983	641	178	5	119	755	131	767	3.61e-82	303
Ga0374827_10_7729_8565	CP000240.1:48230-49073|CDS|CYB_0038	70.671	641	180	5	119	755	131	767	1.87e-79	294
Ga0374827_10_8628_10625	CP000239.1:898479-900489|CDS|CYA_0892	98.507	2010	18	1	1	1998	1	2010	0.0	3497
Ga0374827_10_8628_10625	CP000240.1:611236-613234|CDS|CYB_0602	90.691	1998	186	0	1	1998	1	1998	0.0	2765
Ga0374827_10_10785_11612	CP000239.1:900648-901476|CDS|CYA_0893	90.338	828	80	0	1	828	1	828	0.0	1133
Ga0374827_10_10785_11612	CP000240.1:613302-614130|CDS|CYB_0603	88.700	823	93	0	1	823	1	823	0.0	1066
Ga0374827_10_12080_13555	CP000239.1:902015-903320|CDS|CYA_0894	96.782	1305	42	0	172	1476	1	1305	0.0	2165
Ga0374827_10_12080_13555	CP000240.1:614651-615956|CDS|CYB_0604	93.180	1305	89	0	172	1476	1	1305	0.0	1953
Ga0374827_10_13595_14551	CP000239.1:903530-904487|CDS|CYA_0896	95.089	957	47	0	1	957	1	957	0.0	1515
Ga0374827_10_13595_14551	CP000239.1:662802-663885|CDS|CYA_0654	94.012	835	50	0	25	859	10	844	0.0	1281
Ga0374827_10_13595_14551	CP000240.1:616166-617264|CDS|CYB_0605	91.145	847	75	0	1	847	1	847	0.0	1190
Ga0374827_11_34_585	CP000239.1:207608-208199|CDS|CYA_0202	99.638	552	2	0	1	552	40	591	0.0	987
Ga0374827_11_34_585	CP000240.1:1291788-1292412|CDS|CYB_1243	82.819	518	89	0	28	545	100	617	7.66e-152	534
Ga0374827_11_683_1279	CP000239.1:206914-207511|CDS|CYA_0201	92.295	597	46	0	1	597	1	597	0.0	870
Ga0374827_11_683_1279	CP000240.1:1291087-1291684|CDS|CYB_1242	90.924	595	54	0	1	595	1	595	0.0	830
Ga0374827_11_9023_9787	CP000239.1:198730-199495|CDS|CYA_0199	95.086	753	37	0	1	753	1	753	0.0	1192
Ga0374827_11_9023_9787	CP000240.1:1282594-1283350|CDS|CYB_1239	72.635	687	161	3	1	684	1	663	1.31e-112	403
Ga0374827_11_9842_10981	CP000239.1:197546-198674|CDS|CYA_0198	91.099	1146	78	4	1	1140	1	1128	0.0	1611
Ga0374827_11_9842_10981	CP000240.1:1281431-1282544|CDS|CYB_1238	75.782	1119	192	16	37	1129	40	1105	0.0	796
Ga0374827_11_10996_11547	CP000239.1:196980-197532|CDS|CYA_0197	99.638	552	2	0	1	552	1	552	0.0	987
Ga0374827_11_11644_12831	CP000239.1:195696-196884|CDS|CYA_0195	95.034	1188	59	0	1	1188	1	1188	0.0	1877
Ga0374827_11_11644_12831	CP000240.1:1279278-1280466|CDS|CYB_1236	89.365	1166	124	0	23	1188	23	1188	0.0	1544
Ga0374827_11_14071_14415	CP000239.1:194110-195700|CDS|CYA_0196	100.000	345	0	0	1	345	444	100	3.36e-179	623
Ga0374827_11_14071_14415	CP000240.1:1277743-1279276|CDS|CYB_1235	80.290	345	68	0	1	345	420	76	6.52e-87	316
Ga0374827_12_2_622	CP000239.1:1400949-1401651|CDS|CYA_1395	99.517	621	3	0	1	621	82	702	0.0	1107
Ga0374827_12_2_622	CP000240.1:2662983-2663679|CDS|CYB_2558	86.864	609	80	0	1	609	82	690	0.0	738
Ga0374827_12_619_1524	CP000239.1:1400047-1400953|CDS|CYA_1394	99.890	906	1	0	1	906	1	906	0.0	1630
Ga0374827_12_619_1524	CP000240.1:2663675-2664533|CDS|CYB_2559	78.113	795	169	3	1	794	1	791	0.0	641
Ga0374827_12_1978_2709	CP000239.1:1398862-1399594|CDS|CYA_1392	100.000	732	0	0	1	732	1	732	0.0	1321
Ga0374827_12_1978_2709	CP000240.1:2664996-2665737|CDS|CYB_2561	89.650	715	74	0	1	715	1	715	0.0	957
Ga0374827_12_2679_4271	CP000239.1:1397090-1398893|CDS|CYA_1393	100.000	1593	0	0	1	1593	211	1803	0.0	2874
Ga0374827_12_2679_4271	CP000240.1:2665709-2667557|CDS|CYB_2560	77.910	1598	295	7	1	1542	205	1800	0.0	1312
Ga0374827_12_4651_4851	CP000239.1:1396720-1396921|CDS|CYA_1391	100.000	201	0	0	1	201	1	201	2.77e-101	363
Ga0374827_12_4651_4851	CP000240.1:2667985-2668201|CDS|CYB_2562	86.735	196	26	0	6	201	21	216	2.77e-63	237
Ga0374827_12_5459_6112	CP000239.1:1395438-1396113|CDS|CYA_1389	100.000	654	0	0	1	654	22	675	0.0	1180
Ga0374827_12_5459_6112	CP000240.1:2668805-2669480|CDS|CYB_2564	88.208	653	77	0	2	654	23	675	0.0	831
Ga0374827_12_6224_6619	CP000239.1:1394952-1395348|CDS|CYA_1388	98.724	392	5	0	1	392	1	392	0.0	685
Ga0374827_12_6224_6619	CP000240.1:2669586-2669982|CDS|CYB_2565	85.459	392	57	0	1	392	1	392	5.06e-127	451
Ga0374827_12_6765_8531	CP000239.1:1393033-1394890|CDS|CYA_1387	97.706	1744	40	0	24	1767	114	1857	0.0	2966
Ga0374827_12_8819_9040	CP000239.1:1392524-1392830|CDS|CYA_1385	100.000	222	0	0	1	222	85	306	1.23e-112	401
Ga0374827_12_8819_9040	CP000240.1:2672141-2672447|CDS|CYB_2568	89.189	222	24	0	1	222	85	306	4.60e-80	293
Ga0374827_12_8989_10116	CP000239.1:1391448-1392576|CDS|CYA_1386	99.823	1128	2	0	1	1128	1	1128	0.0	2026
Ga0374827_12_8989_10116	CP000240.1:2672395-2673532|CDS|CYB_2567	86.170	1128	156	0	1	1128	10	1137	0.0	1332
Ga0374827_12_10268_10591	CP000239.1:1390973-1391297|CDS|CYA_1384	100.000	324	0	0	1	324	1	324	7.90e-168	585
Ga0374827_12_10268_10591	CP000240.1:2673673-2673997|CDS|CYB_2569	91.250	320	28	0	1	320	1	320	1.17e-127	452
Ga0374827_12_10626_11075	CP000239.1:1390489-1390939|CDS|CYA_1383	99.778	450	1	0	1	450	1	450	0.0	808
Ga0374827_12_10626_11075	CP000240.1:2674025-2674475|CDS|CYB_2570	82.705	451	76	2	1	450	1	450	1.36e-128	455
Ga0374827_12_11072_11575	CP000239.1:1389989-1390490|CDS|CYA_1382	100.000	501	0	0	4	504	1	501	0.0	904
Ga0374827_12_11072_11575	CP000240.1:2674474-2674975|CDS|CYB_2571	88.224	501	59	0	4	504	1	501	0.0	638
Ga0374827_12_11804_12328	CP000239.1:1389236-1389761|CDS|CYA_1380	99.238	525	4	0	1	525	1	525	0.0	930
Ga0374827_12_11804_12328	CP000240.1:2675266-2675803|CDS|CYB_2573	85.496	524	76	0	2	525	14	537	4.89e-173	603
Ga0374827_12_12325_13125	CP000239.1:1388535-1389240|CDS|CYA_1381	100.000	705	0	0	97	801	1	705	0.0	1272
Ga0374827_12_12325_13125	CP000240.1:2675799-2676627|CDS|CYB_2572	76.675	836	138	11	1	797	1	818	0.0	631
Ga0374827_12_13612_13821	CP000239.1:1387368-1387680|CDS|CYA_1378	100.000	210	0	0	1	210	103	312	3.78e-106	379
Ga0374827_12_13612_13821	CP000240.1:2433114-2433426|CDS|CYB_2324	84.135	208	33	0	1	208	103	310	5.27e-60	227
Ga0374827_12_14060_14347	CP000239.1:1386919-1387207|CDS|CYA_1376	100.000	288	0	0	1	288	1	288	2.43e-148	520
Ga0374827_12_14060_14347	CP000240.1:2433608-2433896|CDS|CYB_2325	89.931	288	29	0	1	288	1	288	1.03e-108	389
Ga0374827_13_222_3359	CP000239.1:2731624-2734870|CDS|CYA_2714	99.968	3138	1	0	1	3138	109	3246	0.0	5655
Ga0374827_13_3542_4186	CP000239.1:2730797-2731442|CDS|CYA_2713	97.674	645	15	0	1	645	1	645	0.0	1096
Ga0374827_13_3542_4186	CP000240.1:1951690-1952341|CDS|CYB_1868	84.087	641	96	1	1	635	1	641	0.0	698
Ga0374827_13_4305_4520	CP000239.1:2730463-2730679|CDS|CYA_2712	100.000	216	0	0	1	216	1	216	2.16e-109	390
Ga0374827_13_4305_4520	CP000240.1:1952457-1952673|CDS|CYB_1869	79.724	217	42	2	1	216	1	216	4.77e-48	187
Ga0374827_13_4544_5398	CP000239.1:2729585-2730440|CDS|CYA_2711	100.000	855	0	0	1	855	1	855	0.0	1543
Ga0374827_13_4544_5398	CP000240.1:1952697-1953552|CDS|CYB_1870	88.889	855	95	0	1	855	1	855	0.0	1114
Ga0374827_13_5562_6575	CP000239.1:2727384-2728404|CDS|CYA_2708	100.000	1014	0	0	1	1014	7	1020	0.0	1829
Ga0374827_13_5562_6575	CP000240.1:1953692-1954718|CDS|CYB_1871	88.560	1014	116	0	1	1014	13	1026	0.0	1306
Ga0374827_13_6939_7925	CP000239.1:2726040-2726886|CDS|CYA_2706	95.035	846	42	0	142	987	1	846	0.0	1337
Ga0374827_13_6939_7925	CP000240.1:1956263-1957358|CDS|CYB_1873	83.469	986	163	0	1	986	109	1094	0.0	1044
Ga0374827_13_7999_8133	CP000239.1:2725832-2725967|CDS|CYA_2705	100.000	135	0	0	1	135	1	135	1.19e-65	244
Ga0374827_14_4_201	CP000239.1:248587-250033|CDS|CYA_0245	100.000	198	0	0	1	198	1249	1446	1.16e-99	358
Ga0374827_14_4_201	CP000240.1:1875396-1876878|CDS|CYB_1788	81.868	182	33	0	11	192	1295	1476	6.42e-46	180
Ga0374827_14_275_1267	CP000239.1:250106-251099|CDS|CYA_0246	95.740	986	42	0	1	986	1	986	0.0	1590
Ga0374827_14_275_1267	CP000240.1:1876941-1877934|CDS|CYB_1789	86.606	993	133	0	1	993	1	993	0.0	1192
Ga0374827_14_1295_2602	CP000239.1:251122-252430|CDS|CYA_0247	95.183	1308	63	0	1	1308	1	1308	0.0	2076
Ga0374827_14_1295_2602	CP000240.1:1877967-1879275|CDS|CYB_1790	86.547	1286	173	0	1	1286	1	1286	0.0	1540
Ga0374827_14_2694_3128	CP000239.1:252521-252956|CDS|CYA_0248	99.770	435	1	0	1	435	1	435	0.0	781
Ga0374827_14_2694_3128	CP000240.1:1760071-1760506|CDS|CYB_1684	88.046	435	52	0	1	435	1	435	2.22e-157	551
Ga0374827_14_3140_3997	CP000239.1:252952-253825|CDS|CYA_0249	99.883	858	1	0	1	858	16	873	0.0	1544
Ga0374827_14_3140_3997	CP000240.1:1760502-1761384|CDS|CYB_1685	81.661	867	150	2	1	858	16	882	0.0	847
Ga0374827_14_4600_5121	CP000239.1:254427-254949|CDS|CYA_0251	100.000	522	0	0	1	522	1	522	0.0	942
Ga0374827_14_4600_5121	CP000240.1:2348390-2348912|CDS|CYB_2243	87.305	512	65	0	1	512	1	512	0.0	631
Ga0374827_14_5220_5969	CP000239.1:255047-255797|CDS|CYA_0252	99.867	750	1	0	1	750	1	750	0.0	1349
Ga0374827_14_5220_5969	CP000240.1:635074-635824|CDS|CYB_0625	79.212	736	153	0	15	750	15	750	0.0	638
Ga0374827_14_6046_7482	CP000239.1:255873-257310|CDS|CYA_0254	100.000	1437	0	0	1	1437	1	1437	0.0	2592
Ga0374827_14_6046_7482	CP000240.1:635935-637345|CDS|CYB_0626	83.027	1361	221	4	1	1353	1	1359	0.0	1405
Ga0374827_14_7479_9977	CP000239.1:257306-260417|CDS|CYA_0253	99.920	2499	2	0	1	2499	613	3111	0.0	4498
Ga0374827_15_9_1265	CP000239.1:1091761-1094227|CDS|CYA_1074	99.824	1136	2	0	122	1257	1331	2466	0.0	2040
Ga0374827_15_9_1265	CP000240.1:1036443-1038936|CDS|CYB_0998	87.270	1139	139	2	122	1257	1358	2493	0.0	1397
Ga0374827_15_1446_1919	CP000239.1:1090357-1091581|CDS|CYA_1073	99.787	469	1	0	1	469	1	469	0.0	842
Ga0374827_15_1446_1919	CP000240.1:1035045-1036269|CDS|CYB_0997	81.637	452	83	0	1	452	1	452	3.17e-124	442
Ga0374827_15_1916_2671	CP000239.1:1090357-1091581|CDS|CYA_1073	100.000	756	0	0	1	756	469	1224	0.0	1364
Ga0374827_15_1916_2671	CP000240.1:1035045-1036269|CDS|CYB_0997	86.772	756	100	0	1	756	469	1224	0.0	913
Ga0374827_15_2811_4505	CP000239.1:1088472-1090218|CDS|CYA_1072	99.941	1695	1	0	1	1695	52	1746	0.0	3053
Ga0374827_15_2811_4505	CP000240.1:1033029-1034934|CDS|CYB_0996	82.567	1652	288	0	37	1688	247	1898	0.0	1682
Ga0374827_15_4772_5227	CP000239.1:1087801-1088257|CDS|CYA_1071	100.000	456	0	0	1	456	1	456	0.0	823
Ga0374827_15_4772_5227	CP000240.1:276170-276629|CDS|CYB_0261	88.235	442	52	0	1	442	1	442	3.70e-161	563
Ga0374827_15_5237_6688	CP000239.1:1086340-1087792|CDS|CYA_1069	99.380	1452	9	0	1	1452	1	1452	0.0	2579
Ga0374827_15_5237_6688	CP000240.1:276638-278102|CDS|CYB_0262	87.216	1455	172	5	1	1442	1	1454	0.0	1776
Ga0374827_15_6855_8303	CP000239.1:1084725-1086174|CDS|CYA_1068	99.931	1449	1	0	1	1449	1	1449	0.0	2609
Ga0374827_15_6855_8303	CP000240.1:278268-279717|CDS|CYB_0263	82.672	1437	249	0	1	1437	1	1437	0.0	1470
Ga0374827_15_8885_9634	CP000239.1:1083394-1084351|CDS|CYA_1067	100.000	750	0	0	1	750	208	957	0.0	1353
Ga0374827_15_8885_9634	CP000240.1:280291-281254|CDS|CYB_0265	81.166	669	102	4	1	663	235	885	0.0	643
Ga0374827_15_9718_10002	CP000239.1:1083026-1083311|CDS|CYA_1066	100.000	285	0	0	1	285	1	285	1.02e-146	515
Ga0374827_15_9718_10002	CP000240.1:281336-281615|CDS|CYB_0266	84.155	284	39	2	2	285	2	279	9.59e-84	306
Ga0374827_16_79_450	CP000239.1:1401834-1402206|CDS|CYA_1396	100.000	372	0	0	1	372	1	372	0.0	672
Ga0374827_16_79_450	CP000240.1:2334172-2334544|CDS|CYB_2228	85.215	372	55	0	1	372	1	372	6.58e-119	424
Ga0374827_16_447_974	CP000239.1:1402202-1402730|CDS|CYA_1397	99.811	528	1	0	1	528	1	528	0.0	948
Ga0374827_16_447_974	CP000240.1:2334540-2335089|CDS|CYB_2230	81.621	506	84	2	1	497	1	506	6.41e-140	493
Ga0374827_16_978_2528	CP000239.1:1402733-1404284|CDS|CYA_1398	99.678	1551	5	0	1	1551	1	1551	0.0	2775
Ga0374827_16_978_2528	CP000240.1:2335085-2336642|CDS|CYB_2229	88.947	1538	168	2	1	1537	1	1537	0.0	2001
Ga0374827_16_2605_4476	CP000239.1:1404261-1406232|CDS|CYA_1399	99.840	1872	3	0	1	1872	100	1971	0.0	3363
Ga0374827_16_2605_4476	CP000240.1:2336730-2338602|CDS|CYB_2231	88.901	1874	204	2	1	1872	1	1872	0.0	2437
Ga0374827_16_4515_4832	CP000239.1:1406261-1406588|CDS|CYA_1400	100.000	318	0	0	1	318	10	327	1.40e-164	574
Ga0374827_16_4515_4832	CP000240.1:2338667-2338958|CDS|CYB_2232	81.404	285	53	0	34	318	7	291	1.83e-74	276
Ga0374827_16_4897_6138	CP000239.1:1406652-1407894|CDS|CYA_1401	99.919	1242	1	0	1	1242	1	1242	0.0	2236
Ga0374827_16_4897_6138	CP000240.1:2339048-2340305|CDS|CYB_2233	85.170	1234	183	0	1	1234	1	1234	0.0	1401
Ga0374827_16_6240_6557	CP000239.1:1407995-1408382|CDS|CYA_1402	99.686	318	1	0	1	318	70	387	5.95e-163	570
Ga0374827_16_6240_6557	CP000240.1:1695495-1695813|CDS|CYB_1623	84.494	316	49	0	1	316	1	316	1.01e-96	350
Ga0374827_16_6767_7249	CP000239.1:1408486-1409005|CDS|CYA_1403	100.000	483	0	0	1	483	37	519	0.0	872
Ga0374827_16_6767_7249	CP000240.1:1694793-1695312|CDS|CYB_1622	90.126	476	47	0	1	476	37	512	0.0	647
Ga0374827_16_7424_8407	CP000239.1:1409482-1410466|CDS|CYA_1404	99.797	984	2	0	1	984	1	984	0.0	1766
Ga0374827_16_7424_8407	CP000240.1:1693687-1694671|CDS|CYB_1621	84.451	984	153	0	1	984	1	984	0.0	1086
Ga0374827_16_8469_9293	CP000239.1:1410527-1411340|CDS|CYA_1405	100.000	813	0	0	13	825	1	813	0.0	1467
Ga0374827_16_8469_9293	CP000240.1:1692810-1693674|CDS|CYB_1620	81.017	806	149	2	13	816	1	804	0.0	759
Ga0374827_16_9525_9836	CP000240.1:1692254-1692566|CDS|CYB_1619	99.359	312	2	0	1	312	1	312	1.28e-158	554
Ga0374827_16_9525_9836	CP000239.1:1411584-1411896|CDS|CYA_1406	89.103	312	34	0	1	312	1	312	3.45e-115	410
Ga0374827_17_144_974	CP000239.1:2061088-2061946|CDS|CYA_2041	100.000	831	0	0	1	831	28	858	0.0	1499
Ga0374827_17_144_974	CP000240.1:2832681-2833539|CDS|CYB_2737	87.937	829	100	0	1	829	28	856	0.0	1045
Ga0374827_17_1007_1834	CP000239.1:2060228-2061056|CDS|CYA_2040	99.879	828	1	0	1	828	1	828	0.0	1489
Ga0374827_17_1007_1834	CP000240.1:2831817-2832648|CDS|CYB_2736	80.895	827	155	2	1	824	1	827	0.0	774
Ga0374827_17_2048_2413	CP000239.1:2059649-2060015|CDS|CYA_2039	100.000	366	0	0	1	366	1	366	0.0	661
Ga0374827_17_2633_4213	CP000239.1:2057849-2059484|CDS|CYA_2038	99.937	1581	1	0	1	1581	55	1635	0.0	2847
Ga0374827_17_2633_4213	CP000240.1:2828629-2830276|CDS|CYB_2733	85.350	1529	221	2	1	1526	67	1595	0.0	1742
Ga0374827_17_4224_5318	CP000239.1:2056744-2057839|CDS|CYA_2037	100.000	1095	0	0	1	1095	1	1095	0.0	1975
Ga0374827_17_4224_5318	CP000240.1:2827532-2828633|CDS|CYB_2734	88.283	1101	123	1	1	1095	1	1101	0.0	1406
Ga0374827_17_5788_6444	CP000239.1:2055622-2056153|CDS|CYA_2036	100.000	531	0	0	127	657	1	531	0.0	958
Ga0374827_17_6447_9134	CP000239.1:2052971-2055620|CDS|CYA_2035	99.094	2649	24	0	40	2688	1	2649	0.0	4670
Ga0374827_17_6447_9134	CP000240.1:2823702-2826357|CDS|CYB_2731	86.578	2548	312	2	40	2557	1	2548	0.0	3072
Ga0374827_17_9344_10624	CP000239.1:2051442-2052723|CDS|CYA_2034	100.000	1281	0	0	1	1281	1	1281	0.0	2311
Ga0374827_17_9344_10624	CP000240.1:1092094-1093351|CDS|CYB_1053	73.869	1083	276	5	12	1092	12	1089	0.0	662
Ga0374827_18_1042_2280	CP000239.1:323856-325095|CDS|CYA_0315	100.000	1239	0	0	1	1239	1	1239	0.0	2235
Ga0374827_18_1042_2280	CP000240.1:1769646-1770885|CDS|CYB_1693	87.813	1239	151	0	1	1239	1	1239	0.0	1554
Ga0374827_18_2399_2749	CP000239.1:323387-323738|CDS|CYA_0314	100.000	351	0	0	1	351	1	351	0.0	634
Ga0374827_18_2399_2749	CP000240.1:1769172-1769523|CDS|CYB_1692	94.017	351	21	0	1	351	1	351	1.12e-153	539
Ga0374827_18_2881_4392	CP000239.1:321744-323256|CDS|CYA_0313	100.000	1512	0	0	1	1512	1	1512	0.0	2727
Ga0374827_18_2881_4392	CP000240.1:1767536-1769048|CDS|CYB_1691	88.426	1512	175	0	1	1512	1	1512	0.0	1939
Ga0374827_18_4583_4954	CP000239.1:321182-321554|CDS|CYA_0312	99.462	372	2	0	1	372	1	372	0.0	663
Ga0374827_18_4583_4954	CP000240.1:1766987-1767338|CDS|CYB_1690	84.571	350	54	0	22	371	1	350	1.36e-108	389
Ga0374827_18_5334_7157	CP000239.1:318964-320803|CDS|CYA_0311	99.076	1839	2	1	1	1824	1	1839	0.0	3250
Ga0374827_18_5334_7157	CP000240.1:1764691-1766560|CDS|CYB_1689	86.331	1807	227	5	37	1824	64	1869	0.0	2141
Ga0374827_18_7318_8265	CP000239.1:317852-318755|CDS|CYA_0310	89.077	888	96	1	52	938	1	888	0.0	1161
Ga0374827_18_7318_8265	CP000240.1:1761443-1762382|CDS|CYB_1687	83.543	875	144	0	54	928	39	913	0.0	930
Ga0374827_18_8315_10711	CP000239.1:315171-317649|CDS|CYA_0309	98.957	2396	25	0	1	2396	82	2477	0.0	4209
Ga0374827_18_8315_10711	CP000240.1:3013353-3015831|CDS|CYB_2916	82.833	2400	402	5	3	2397	84	2478	0.0	2458
Ga0374827_19_29_1288	CP000239.1:1534363-1535596|CDS|CYA_1524	99.189	1233	10	0	28	1260	1	1233	0.0	2179
Ga0374827_19_29_1288	CP000240.1:1133481-1134786|CDS|CYB_1100	80.184	1196	199	6	49	1207	100	1294	0.0	1096
Ga0374827_19_1239_3167	CP000239.1:1535546-1537475|CDS|CYA_1523	100.000	1929	0	0	1	1929	1	1929	0.0	3479
Ga0374827_19_1239_3167	CP000240.1:337815-339744|CDS|CYB_0322	86.559	1927	259	0	1	1927	1	1927	0.0	2308
Ga0374827_19_3349_3909	CP000239.1:1537656-1538217|CDS|CYA_1525	100.000	561	0	0	1	561	1	561	0.0	1012
Ga0374827_19_3349_3909	CP000240.1:339945-340485|CDS|CYB_0323	82.890	526	90	0	14	539	11	536	4.31e-155	544
Ga0374827_19_3921_4889	CP000239.1:1538228-1539197|CDS|CYA_1526	99.897	969	1	0	1	969	1	969	0.0	1744
Ga0374827_19_3921_4889	CP000240.1:340497-341463|CDS|CYB_0324	86.350	967	129	1	1	967	1	964	0.0	1148
Ga0374827_19_5094_6086	CP000239.1:1539401-1540394|CDS|CYA_1528	100.000	993	0	0	1	993	1	993	0.0	1792
Ga0374827_19_5094_6086	CP000240.1:341669-342692|CDS|CYB_0325	83.923	989	159	0	1	989	1	989	0.0	1067
Ga0374827_19_6166_7254	CP000239.1:1540473-1541559|CDS|CYA_1529	99.541	1089	2	1	1	1089	1	1086	0.0	1940
Ga0374827_19_6166_7254	CP000240.1:342763-343864|CDS|CYB_0326	78.794	1061	220	3	11	1067	20	1079	0.0	891
Ga0374827_19_7435_7992	CP000239.1:1541631-1542297|CDS|CYA_1530	100.000	558	0	0	1	558	109	666	0.0	1007
Ga0374827_19_7435_7992	CP000240.1:552116-552782|CDS|CYB_0537	83.303	557	93	0	2	558	110	666	1.40e-167	586
Ga0374827_19_8159_8947	CP000239.1:1542428-1543451|CDS|CYA_1531	100.000	789	0	0	1	789	235	1023	0.0	1424
Ga0374827_19_8159_8947	CP000240.1:552871-553828|CDS|CYB_0538	80.928	797	113	1	1	758	148	944	0.0	783
Ga0374827_19_9420_10172	CP000239.1:1543566-1544442|CDS|CYA_1532	99.734	753	2	0	1	753	124	876	0.0	1350
Ga0374827_19_9420_10172	CP000240.1:553988-555035|CDS|CYB_0539	87.779	671	82	0	1	671	232	902	0.0	841
Ga0374827_19_10178_10648	CP000239.1:1544447-1544918|CDS|CYA_1533	99.788	471	1	0	1	471	1	471	0.0	846
Ga0374827_19_10178_10648	CP000240.1:556211-556736|CDS|CYB_0541	85.996	457	64	0	1	457	1	457	5.32e-153	536
Ga0374827_20_817_1830	CP000239.1:2276670-2277645|CDS|CYA_2267	100.000	975	0	0	40	1014	1	975	0.0	1759
Ga0374827_20_817_1830	CP000240.1:464347-465361|CDS|CYB_0460	84.320	1014	159	0	1	1014	1	1014	0.0	1113
Ga0374827_20_817_1830	CP000240.1:2080407-2081415|CDS|CYB_1980	82.939	1014	167	1	1	1014	1	1008	0.0	1050
Ga0374827_20_2217_3191	CP000239.1:2278031-2279024|CDS|CYA_2269	100.000	975	0	0	1	975	19	993	0.0	1759
Ga0374827_20_2217_3191	CP000240.1:463029-463950|CDS|CYB_0458	78.381	902	152	7	76	975	61	921	0.0	755
Ga0374827_20_3213_4034	CP000239.1:2279027-2279849|CDS|CYA_2270	95.620	822	36	0	1	822	1	822	0.0	1321
Ga0374827_20_3213_4034	CP000240.1:462169-463003|CDS|CYB_0457	78.032	742	141	5	1	728	1	734	2.71e-172	601
Ga0374827_20_4053_4685	CP000239.1:2279867-2280500|CDS|CYA_2271	100.000	633	0	0	1	633	1	633	0.0	1142
Ga0374827_20_4053_4685	CP000240.1:461524-462157|CDS|CYB_0456	88.291	632	74	0	1	632	1	632	0.0	807
Ga0374827_20_4682_5419	CP000239.1:2280496-2281234|CDS|CYA_2272	100.000	738	0	0	1	738	1	738	0.0	1332
Ga0374827_20_4682_5419	CP000240.1:460790-461510|CDS|CYB_0455	85.097	718	107	0	1	718	1	718	0.0	813
Ga0374827_20_5588_6655	CP000239.1:2281402-2282470|CDS|CYA_2273	100.000	1068	0	0	1	1068	1	1068	0.0	1927
Ga0374827_20_5588_6655	CP000240.1:459575-460622|CDS|CYB_0454	83.052	1068	160	3	1	1068	1	1047	0.0	1116
Ga0374827_20_6785_7099	CP000239.1:2282599-2282914|CDS|CYA_2274	100.000	315	0	0	1	315	1	315	5.89e-163	569
Ga0374827_20_6785_7099	CP000240.1:459187-459544|CDS|CYB_0453	79.603	353	30	1	1	311	1	353	1.22e-95	346
Ga0374827_20_7260_7916	CP000239.1:2283074-2283761|CDS|CYA_2275	99.848	657	0	1	1	657	1	656	0.0	1177
Ga0374827_20_7260_7916	CP000240.1:458339-459143|CDS|CYB_0452	85.168	654	95	2	1	654	118	769	0.0	736
Ga0374827_20_7963_8934	CP000239.1:2283776-2284748|CDS|CYA_2276	100.000	972	0	0	1	972	1	972	0.0	1754
Ga0374827_20_7963_8934	CP000240.1:457348-458311|CDS|CYB_0451	85.849	954	135	0	10	963	1	954	0.0	1113
Ga0374827_20_9252_9443	CP000239.1:2284759-2285257|CDS|CYA_2277	100.000	192	0	0	1	192	307	498	2.02e-96	347
Ga0374827_20_9252_9443	CP000240.1:456829-457225|CDS|CYB_0450	89.005	191	21	0	1	191	205	395	4.17e-67	251
Ga0374827_20_9495_9932	CP000239.1:2285308-2285746|CDS|CYA_2278	98.858	438	5	0	1	438	1	438	0.0	768
Ga0374827_20_9495_9932	CP000240.1:456260-456707|CDS|CYB_0449	82.339	419	74	0	1	419	1	419	7.83e-119	423
Ga0374827_20_10171_10638	CP000239.1:2285984-2286452|CDS|CYA_2279	100.000	468	0	0	1	468	1	468	0.0	845
Ga0374827_21_928_1821	CP000239.1:2636270-2637158|CDS|CYA_2619	100.000	888	0	0	7	894	1	888	0.0	1602
Ga0374827_21_928_1821	CP000240.1:2385305-2386193|CDS|CYB_2279	85.248	888	131	0	7	894	1	888	0.0	1012
Ga0374827_21_1828_2958	CP000239.1:2637170-2638301|CDS|CYA_2620	99.912	1131	1	0	1	1131	1	1131	0.0	2036
Ga0374827_21_1828_2958	CP000240.1:2386224-2387370|CDS|CYB_2280	79.578	1043	180	4	1	1013	1	1040	0.0	933
Ga0374827_21_3106_4350	CP000239.1:2638448-2639702|CDS|CYA_2621	96.386	1245	45	0	1	1245	10	1254	0.0	2043
Ga0374827_21_3106_4350	CP000240.1:794682-795936|CDS|CYB_0772	81.365	1245	232	0	1	1245	10	1254	0.0	1200
Ga0374827_21_4577_5419	CP000239.1:2639929-2640748|CDS|CYA_2622	92.308	819	63	0	25	843	1	819	0.0	1194
Ga0374827_21_4577_5419	CP000240.1:796255-797074|CDS|CYB_0774	82.051	819	147	0	25	843	1	819	0.0	815
Ga0374827_21_5416_6123	CP000239.1:2640744-2641452|CDS|CYA_2623	98.870	708	8	0	1	708	1	708	0.0	1242
Ga0374827_21_5416_6123	CP000240.1:797070-797778|CDS|CYB_0775	84.746	708	108	0	1	708	1	708	0.0	791
Ga0374827_21_6150_7856	CP000239.1:2641478-2643185|CDS|CYA_2624	99.883	1707	2	0	1	1707	1	1707	0.0	3070
Ga0374827_21_6150_7856	CP000240.1:797823-799530|CDS|CYB_0776	82.242	1695	301	0	1	1695	1	1695	0.0	1700
Ga0374827_21_7929_8243	CP000239.1:2643257-2643572|CDS|CYA_2625	100.000	315	0	0	1	315	1	315	5.89e-163	569
Ga0374827_21_8307_8981	CP000239.1:2643683-2644310|CDS|CYA_2627	99.681	627	2	0	49	675	1	627	0.0	1122
Ga0374827_21_8307_8981	CP000240.1:90875-91556|CDS|CYB_0078	85.017	574	86	0	45	618	78	651	0.0	648
Ga0374827_21_8964_9584	CP000239.1:2644292-2644913|CDS|CYA_2626	88.728	621	70	0	1	621	1	621	0.0	805
Ga0374827_21_8964_9584	CP000240.1:684862-685483|CDS|CYB_0671	85.507	621	90	0	1	621	1	621	0.0	715
Ga0374827_22_949_1503	CP000239.1:2863853-2864408|CDS|CYA_2848	99.820	555	1	0	1	555	1	555	0.0	997
Ga0374827_22_949_1503	CP000240.1:128096-128666|CDS|CYB_0114	84.127	504	74	1	53	550	62	565	1.00e-156	550
Ga0374827_22_1710_2360	CP000239.1:2864614-2865265|CDS|CYA_2849	100.000	651	0	0	1	651	1	651	0.0	1175
Ga0374827_22_1710_2360	CP000240.1:127261-127912|CDS|CYB_0113	88.923	650	72	0	1	650	1	650	0.0	848
Ga0374827_22_2683_3696	CP000239.1:2865497-2866601|CDS|CYA_2850	99.704	1014	3	0	1	1014	91	1104	0.0	1816
Ga0374827_22_3746_4828	CP000239.1:2866650-2867733|CDS|CYA_2851	99.908	1083	1	0	1	1083	1	1083	0.0	1949
Ga0374827_22_4983_5837	CP000239.1:2867887-2868757|CDS|CYA_2852	99.766	855	2	0	1	855	16	870	0.0	1534
Ga0374827_22_4983_5837	CP000240.1:126235-127117|CDS|CYB_0112	87.375	800	101	0	23	822	62	861	0.0	988
Ga0374827_22_5993_6577	CP000239.1:2868879-2869464|CDS|CYA_2853	100.000	585	0	0	1	585	1	585	0.0	1056
Ga0374827_22_5993_6577	CP000240.1:125416-126004|CDS|CYB_0111	81.449	566	96	3	1	560	1	563	1.57e-154	543
Ga0374827_22_6729_7826	CP000239.1:2869615-2870695|CDS|CYA_2854	100.000	1080	0	0	19	1098	1	1080	0.0	1948
Ga0374827_22_6729_7826	CP000240.1:147254-148340|CDS|CYB_0134	80.300	1066	210	0	8	1073	8	1073	0.0	976
Ga0374827_22_8174_8389	CP000240.1:148417-149311|CDS|CYB_0135	72.727	187	34	3	45	214	489	303	1.05e-24	110
Ga0374827_23_613_780	CP000239.1:398919-399153|CDS|CYA_0384	100.000	168	0	0	1	168	67	234	1.87e-83	304
Ga0374827_23_613_780	CP000240.1:1935155-1935377|CDS|CYB_1849	84.146	164	26	0	1	164	49	212	5.36e-46	179
Ga0374827_23_1250_1489	CP000239.1:398276-398516|CDS|CYA_0382	100.000	240	0	0	1	240	1	240	2.27e-122	434
Ga0374827_23_1250_1489	CP000240.1:1935907-1936156|CDS|CYB_1851	82.231	242	37	1	1	236	1	242	2.28e-65	244
Ga0374827_23_1486_2313	CP000239.1:397452-398280|CDS|CYA_0383	99.879	828	1	0	1	828	1	828	0.0	1489
Ga0374827_23_1486_2313	CP000240.1:1936471-1937302|CDS|CYB_1852	84.294	815	128	0	10	824	10	824	0.0	893
Ga0374827_23_2751_2993	CP000239.1:396772-397039|CDS|CYA_0381	100.000	243	0	0	1	243	25	267	5.41e-124	439
Ga0374827_23_3045_3881	CP000239.1:395884-396721|CDS|CYA_0380	99.881	837	1	0	1	837	1	837	0.0	1506
Ga0374827_23_3045_3881	CP000240.1:1939144-1939984|CDS|CYB_1856	84.856	799	121	0	1	799	1	799	0.0	896
Ga0374827_23_3913_4311	CP000239.1:395235-395853|CDS|CYA_0379	100.000	399	0	0	1	399	220	618	0.0	720
Ga0374827_23_3913_4311	CP000240.1:1940029-1940677|CDS|CYB_1857	86.076	395	55	0	4	398	253	647	2.31e-131	465
Ga0374827_23_4573_5034	CP000239.1:394647-395193|CDS|CYA_0378	100.000	462	0	0	1	462	85	546	0.0	834
Ga0374827_23_4573_5034	CP000240.1:1940690-1941152|CDS|CYB_1858	84.632	462	71	0	1	462	1	462	5.95e-146	514
Ga0374827_23_5115_6008	CP000239.1:393757-394651|CDS|CYA_0377	99.776	894	2	0	1	894	1	894	0.0	1604
Ga0374827_23_5115_6008	CP000240.1:1941222-1942116|CDS|CYB_1859	88.117	892	106	0	1	892	1	892	0.0	1131
Ga0374827_23_6341_7321	CP000239.1:392444-393533|CDS|CYA_0376	99.898	981	1	0	1	981	109	1089	0.0	1765
Ga0374827_23_6341_7321	CP000240.1:1942419-1943460|CDS|CYB_1861	89.234	966	104	0	1	966	61	1026	0.0	1274
Ga0374827_23_7383_8366	CP000239.1:391399-392383|CDS|CYA_0374	99.797	984	2	0	1	984	1	984	0.0	1766
Ga0374827_23_7383_8366	CP000240.1:1943850-1944834|CDS|CYB_1863	89.026	975	107	0	1	975	1	975	0.0	1277
Ga0374827_23_8321_9178	CP000239.1:390587-391445|CDS|CYA_0375	99.650	858	3	0	1	858	1	858	0.0	1535
Ga0374827_23_8321_9178	CP000240.1:1944788-1945670|CDS|CYB_1862	82.993	882	126	1	1	858	1	882	0.0	932
Ga0374827_24_447_1427	CP000239.1:1191538-1192519|CDS|CYA_1177	100.000	981	0	0	1	981	1	981	0.0	1770
Ga0374827_24_1420_1719	CP000239.1:1191246-1191546|CDS|CYA_1176	99.667	300	1	0	1	300	1	300	3.30e-153	537
Ga0374827_24_1420_1719	CP000240.1:2701136-2701436|CDS|CYB_2599	88.667	300	34	0	1	300	1	300	1.08e-108	389
Ga0374827_24_1780_2664	CP000239.1:1190301-1191186|CDS|CYA_1175	100.000	885	0	0	1	885	1	885	0.0	1597
Ga0374827_24_1780_2664	CP000240.1:2701485-2702370|CDS|CYB_2600	89.480	884	93	0	1	884	1	884	0.0	1176
Ga0374827_24_2743_3024	CP000239.1:1189941-1190223|CDS|CYA_1174	100.000	282	0	0	1	282	1	282	4.29e-145	509
Ga0374827_24_2743_3024	CP000240.1:2702436-2702718|CDS|CYB_2601	89.286	280	30	0	1	280	1	280	2.71e-103	370
Ga0374827_24_3067_3438	CP000239.1:1189527-1189899|CDS|CYA_1173	100.000	372	0	0	1	372	1	372	0.0	672
Ga0374827_24_3067_3438	CP000240.1:2702763-2703138|CDS|CYB_2602	88.235	374	41	1	1	371	1	374	1.19e-134	475
Ga0374827_24_3480_4226	CP000239.1:1188739-1189486|CDS|CYA_1172	99.866	747	1	0	1	747	1	747	0.0	1343
Ga0374827_24_3480_4226	CP000240.1:2703180-2703951|CDS|CYB_2603	83.658	771	102	2	1	747	1	771	0.0	836
Ga0374827_24_4282_4758	CP000239.1:1188207-1188684|CDS|CYA_1171	99.790	477	1	0	1	477	1	477	0.0	856
Ga0374827_24_4282_4758	CP000240.1:2704006-2704474|CDS|CYB_2604	87.668	446	55	0	1	446	1	446	5.76e-159	557
Ga0374827_24_4782_5012	CP000239.1:1187953-1188190|CDS|CYA_1170	100.000	231	0	0	1	231	7	237	1.67e-117	417
Ga0374827_24_4782_5012	CP000240.1:2704487-2704709|CDS|CYB_2605	87.629	194	24	0	1	194	7	200	7.62e-65	242
Ga0374827_24_5012_5263	CP000239.1:1187702-1187954|CDS|CYA_1169	100.000	252	0	0	1	252	1	252	7.33e-129	455
Ga0374827_24_5012_5263	CP000240.1:2704708-2704960|CDS|CYB_2606	88.889	252	28	0	1	252	1	252	7.34e-91	329
Ga0374827_24_5260_5628	CP000239.1:1187337-1187706|CDS|CYA_1168	99.729	369	1	0	1	369	1	369	0.0	662
Ga0374827_24_5260_5628	CP000240.1:2704956-2705325|CDS|CYB_2607	90.137	365	36	0	1	365	1	365	3.60e-141	497
Ga0374827_24_5628_6026	CP000239.1:1186939-1187338|CDS|CYA_1167	99.749	399	1	0	1	399	1	399	0.0	716
Ga0374827_24_5628_6026	CP000240.1:2705324-2705723|CDS|CYB_2608	87.000	400	50	2	1	399	1	399	3.01e-136	480
Ga0374827_24_6083_6625	CP000239.1:1186340-1186883|CDS|CYA_1166	100.000	543	0	0	1	543	1	543	0.0	980
Ga0374827_24_6083_6625	CP000240.1:2705791-2706334|CDS|CYB_2609	88.745	542	61	0	1	542	1	542	0.0	703
Ga0374827_24_6686_7090	CP000239.1:1185875-1186280|CDS|CYA_1165	100.000	405	0	0	1	405	1	405	0.0	731
Ga0374827_24_6686_7090	CP000240.1:2706380-2706791|CDS|CYB_2610	88.698	407	40	1	1	401	1	407	2.35e-150	528
Ga0374827_24_7117_7662	CP000239.1:1185303-1185849|CDS|CYA_1164	100.000	546	0	0	1	546	1	546	0.0	985
Ga0374827_24_7117_7662	CP000240.1:2706824-2707370|CDS|CYB_2611	83.119	545	92	0	1	545	1	545	1.05e-162	569
Ga0374827_24_7665_8033	CP000239.1:1184932-1185301|CDS|CYA_1163	100.000	369	0	0	1	369	1	369	0.0	666
Ga0374827_24_7665_8033	CP000240.1:2707401-2707770|CDS|CYB_2612	82.656	369	64	0	1	369	1	369	2.43e-105	378
Ga0374827_24_8052_8588	CP000239.1:1184377-1184914|CDS|CYA_1162	100.000	537	0	0	1	537	1	537	0.0	969
Ga0374827_24_8052_8588	CP000240.1:2707788-2708325|CDS|CYB_2613	85.607	535	77	0	1	535	1	535	2.27e-177	618
Ga0374827_24_8714_9085	CP000239.1:1183880-1184354|CDS|CYA_1161	100.000	372	0	0	1	372	103	474	0.0	672
Ga0374827_24_8714_9085	CP000240.1:2708362-2708815|CDS|CYB_2614	83.333	348	58	0	1	348	103	450	4.44e-102	367
Ga0374827_25_148_1263	CP000239.1:2192865-2193981|CDS|CYA_2177	95.609	1116	49	0	1	1116	1	1116	0.0	1792
Ga0374827_25_148_1263	CP000240.1:534373-535513|CDS|CYB_0519	84.491	1109	172	0	1	1109	25	1133	0.0	1225
Ga0374827_25_1268_2554	CP000239.1:2193985-2195272|CDS|CYA_2178	100.000	1287	0	0	1	1287	1	1287	0.0	2322
Ga0374827_25_1268_2554	CP000240.1:2415750-2417037|CDS|CYB_2305	88.112	1287	153	0	1	1287	1	1287	0.0	1632
Ga0374827_25_2592_3602	CP000239.1:2195309-2196320|CDS|CYA_2179	100.000	1011	0	0	1	1011	1	1011	0.0	1824
Ga0374827_25_2592_3602	CP000240.1:2417062-2418073|CDS|CYB_2306	86.152	1011	140	0	1	1011	1	1011	0.0	1193
Ga0374827_25_3848_4663	CP000239.1:2196565-2197444|CDS|CYA_2180	99.877	816	1	0	1	816	64	879	0.0	1468
Ga0374827_25_3848_4663	CP000240.1:374261-375125|CDS|CYB_0359	83.249	788	132	0	1	788	64	851	0.0	827
Ga0374827_25_4877_6676	CP000239.1:2197594-2199466|CDS|CYA_2181	100.000	1800	0	0	1	1800	73	1872	0.0	3247
Ga0374827_25_4877_6676	CP000240.1:375307-377185|CDS|CYB_0360	81.657	1750	292	10	58	1791	139	1875	0.0	1691
Ga0374827_25_6893_8011	CP000239.1:2199574-2200729|CDS|CYA_2182	99.911	1119	1	0	1	1119	37	1155	0.0	2014
Ga0374827_25_6893_8011	CP000240.1:377265-378450|CDS|CYB_0361	75.162	1079	257	6	12	1083	69	1143	0.0	721
Ga0374827_25_8067_10067	CP000239.1:2200784-2203076|CDS|CYA_2183	99.800	2001	4	0	1	2001	292	2292	0.0	3591
Ga0374827_25_8067_10067	CP000240.1:1479695-1481996|CDS|CYB_1412	79.621	2007	386	10	1	1991	295	2294	0.0	1752
Ga0374827_26_1284_2687	CP000239.1:2581835-2583239|CDS|CYA_2559	99.929	1404	1	0	1	1404	1	1404	0.0	2528
Ga0374827_26_1284_2687	CP000240.1:839995-841399|CDS|CYB_0811	85.755	1404	200	0	1	1404	1	1404	0.0	1631
Ga0374827_26_2770_2886	CP000239.1:2581636-2581753|CDS|CYA_2558	100.000	117	0	0	1	117	1	117	5.90e-56	212
Ga0374827_26_2770_2886	CP000239.1:2619211-2619328|CDS|CYA_2600	98.291	117	2	0	1	117	1	117	3.06e-53	203
Ga0374827_26_2770_2886	CP000240.1:841655-841772|CDS|CYB_0812	86.325	117	16	0	1	117	1	117	3.06e-34	140
Ga0374827_26_3000_3353	CP000239.1:2581159-2581519|CDS|CYA_2557	93.143	350	24	0	5	354	11	360	2.48e-149	524
Ga0374827_26_3000_3353	CP000239.1:2619424-2619778|CDS|CYA_2601	92.635	353	26	0	1	353	1	353	3.02e-148	520
Ga0374827_26_3000_3353	CP000240.1:841876-842233|CDS|CYB_0813	88.761	347	39	0	1	347	1	347	4.49e-127	451
Ga0374827_26_3666_4070	CP000239.1:2580598-2581003|CDS|CYA_2556	94.363	408	17	2	1	405	1	405	0.0	629
Ga0374827_26_3666_4070	CP000240.1:2369615-2370020|CDS|CYB_2264	83.704	405	66	0	1	405	1	405	3.98e-122	434
Ga0374827_26_4281_4676	CP000240.1:2370235-2370979|CDS|CYB_2265	93.401	394	26	0	2	395	350	743	1.88e-170	594
Ga0374827_26_4281_4676	CP000239.1:2620695-2621439|CDS|CYA_2603	92.112	393	31	0	2	394	350	742	7.49e-163	570
Ga0374827_26_5375_6673	CP000239.1:2579117-2580416|CDS|CYA_2554	97.768	1299	29	0	1	1299	1	1299	0.0	2213
Ga0374827_26_5375_6673	CP000240.1:2636161-2637445|CDS|CYB_2531	87.363	1274	161	0	1	1274	1	1274	0.0	1572
Ga0374827_26_6670_8568	CP000239.1:2577069-2579121|CDS|CYA_2555	99.947	1899	1	0	1	1899	154	2052	0.0	3421
Ga0374827_26_6670_8568	CP000240.1:2634101-2636165|CDS|CYB_2532	89.460	1888	199	0	1	1888	154	2041	0.0	2508
Ga0374827_27_212_2524	CP000239.1:2081586-2083899|CDS|CYA_2062	98.054	2313	45	0	1	2313	1	2313	0.0	3969
Ga0374827_27_212_2524	CP000240.1:2076485-2078777|CDS|CYB_1978	86.286	2275	312	0	1	2275	1	2275	0.0	2697
Ga0374827_27_2549_3940	CP000239.1:2080170-2081562|CDS|CYA_2061	94.899	1392	71	0	1	1392	1	1392	0.0	2191
Ga0374827_27_2549_3940	CP000240.1:2978141-2979533|CDS|CYB_2880	85.220	1387	205	0	1	1387	1	1387	0.0	1578
Ga0374827_27_3979_5286	CP000239.1:2078860-2080132|CDS|CYA_2060	93.475	1272	83	0	37	1308	1	1272	0.0	1920
Ga0374827_27_3979_5286	CP000240.1:773670-774939|CDS|CYB_0750	84.980	1265	190	0	37	1301	1	1265	0.0	1425
Ga0374827_27_5386_6768	CP000239.1:2077342-2078725|CDS|CYA_2059	99.494	1383	7	0	1	1383	1	1383	0.0	2463
Ga0374827_27_5386_6768	CP000240.1:772179-773562|CDS|CYB_0749	86.829	1359	177	2	1	1358	1	1358	0.0	1637
Ga0374827_27_6907_7689	CP000239.1:2076421-2077198|CDS|CYA_2058	99.871	777	1	0	7	783	1	777	0.0	1397
Ga0374827_27_6907_7689	CP000240.1:771271-772054|CDS|CYB_0748	84.218	754	119	0	7	760	1	754	0.0	824
Ga0374827_28_175_972	CP000239.1:1524407-1525343|CDS|CYA_1515	100.000	798	0	0	1	798	139	936	0.0	1440
Ga0374827_28_175_972	CP000240.1:674337-675297|CDS|CYB_0661	80.438	731	119	2	1	707	166	896	0.0	687
Ga0374827_28_1657_2670	CP000240.1:2785260-2786232|CDS|CYB_2697	82.854	939	152	4	34	966	1	936	0.0	958
Ga0374827_28_1657_2670	CP000239.1:1522832-1523861|CDS|CYA_1514	81.132	1007	180	5	1	997	1	1007	0.0	947
Ga0374827_28_2690_4399	CP000239.1:1521126-1522836|CDS|CYA_1513	90.409	1710	164	0	1	1710	1	1710	0.0	2345
Ga0374827_28_2690_4399	CP000240.1:2786309-2788016|CDS|CYB_2698	88.129	1710	200	1	1	1710	1	1707	0.0	2168
Ga0374827_28_4504_5127	CP000239.1:1520398-1521010|CDS|CYA_1512	99.673	612	2	0	13	624	1	612	0.0	1095
Ga0374827_28_4504_5127	CP000240.1:2788134-2788746|CDS|CYB_2700	83.497	612	101	0	13	624	1	612	0.0	649
Ga0374827_28_5214_6191	CP000239.1:1519334-1520312|CDS|CYA_1511	100.000	978	0	0	1	978	1	978	0.0	1764
Ga0374827_28_5214_6191	CP000240.1:2788733-2789726|CDS|CYB_2699	81.846	964	169	2	2	962	2	962	0.0	947
Ga0374827_28_6462_6671	CP000239.1:1518854-1519064|CDS|CYA_1510	100.000	210	0	0	1	210	1	210	3.78e-106	379
Ga0374827_28_6832_7869	CP000239.1:1517278-1518694|CDS|CYA_1509	98.555	1038	14	1	1	1038	1	1037	0.0	1801
Ga0374827_28_6832_7869	CP000240.1:2791953-2793369|CDS|CYB_2703	89.017	1038	113	1	1	1038	1	1037	0.0	1355
Ga0374827_29_498_2243	CP000239.1:1422998-1425539|CDS|CYA_1415	99.819	1659	3	0	16	1674	1	1659	0.0	2979
Ga0374827_29_498_2243	CP000240.1:1679986-1682515|CDS|CYB_1609	90.931	1676	148	2	1	1674	1	1674	0.0	2333
Ga0374827_29_2545_4242	CP000239.1:1420984-1422682|CDS|CYA_1414	98.822	1698	20	0	1	1698	1	1698	0.0	2973
Ga0374827_29_2545_4242	CP000240.1:1683281-1684988|CDS|CYB_1611	88.383	1670	194	0	29	1698	38	1707	0.0	2138
Ga0374827_29_4604_5149	CP000239.1:1420077-1420917|CDS|CYA_1413	93.956	546	33	0	1	546	295	840	0.0	837
Ga0374827_29_4604_5149	CP000240.1:1685057-1685897|CDS|CYB_1612	92.110	545	43	0	1	545	295	839	0.0	790
Ga0374827_29_5293_6873	CP000239.1:1418353-1419934|CDS|CYA_1412	99.178	1581	13	0	1	1581	1	1581	0.0	2793
Ga0374827_29_5293_6873	CP000240.1:1686155-1687736|CDS|CYB_1613	96.901	1581	49	0	1	1581	1	1581	0.0	2631
Ga0374827_29_5293_6873	CP000239.1:1416274-1417909|CDS|CYA_1411	82.342	1580	277	2	1	1579	55	1633	0.0	1585
Ga0374827_30_783_2534	CP000239.1:2632184-2633936|CDS|CYA_2616	99.886	1752	2	0	1	1752	1	1752	0.0	3151
Ga0374827_30_783_2534	CP000240.1:2381532-2383281|CDS|CYB_2276	85.967	1753	241	3	1	1752	1	1749	0.0	2044
Ga0374827_30_2861_3523	CP000240.1:2380543-2381206|CDS|CYB_2275	100.000	663	0	0	1	663	1	663	0.0	1196
Ga0374827_30_2861_3523	CP000239.1:2631195-2631858|CDS|CYA_2615	100.000	663	0	0	1	663	1	663	0.0	1196
Ga0374827_30_3766_4542	CP000240.1:2379524-2380301|CDS|CYB_2274	99.485	777	4	0	1	777	1	777	0.0	1384
Ga0374827_30_3766_4542	CP000239.1:2630176-2630953|CDS|CYA_2614	99.485	777	4	0	1	777	1	777	0.0	1384
Ga0374827_30_4542_4874	CP000240.1:2379192-2379525|CDS|CYB_2272	100.000	333	0	0	1	333	1	333	1.06e-172	601
Ga0374827_30_5892_6566	CP000240.1:2377500-2378175|CDS|CYB_2270	100.000	675	0	0	1	675	1	675	0.0	1218
Ga0374827_30_5892_6566	CP000239.1:2628152-2628827|CDS|CYA_2611	100.000	675	0	0	1	675	1	675	0.0	1218
Ga0374827_30_6563_7363	CP000239.1:2627220-2628156|CDS|CYA_2612	99.875	801	1	0	1	801	136	936	0.0	1441
Ga0374827_30_6563_7363	CP000240.1:2376130-2377504|CDS|CYB_2271	99.625	801	3	0	1	801	574	1374	0.0	1432
Ga0374827_31_35_466	CP000239.1:1240338-1240980|CDS|CYA_1229	100.000	432	0	0	1	432	211	642	0.0	780
Ga0374827_31_35_466	CP000240.1:1468227-1468863|CDS|CYB_1400	88.453	433	48	2	1	432	205	636	7.70e-157	549
Ga0374827_31_624_1763	CP000239.1:1238960-1240181|CDS|CYA_1228	98.772	1140	14	0	1	1140	82	1221	0.0	1994
Ga0374827_31_624_1763	CP000240.1:1468880-1470101|CDS|CYB_1401	86.702	1143	144	2	1	1139	82	1220	0.0	1375
Ga0374827_31_2345_2782	CP000239.1:1237545-1238460|CDS|CYA_1227	100.000	438	0	0	1	438	478	915	0.0	791
Ga0374827_31_2345_2782	CP000240.1:880479-881394|CDS|CYB_0847	76.498	434	102	0	1	434	478	911	5.64e-89	324
Ga0374827_31_3271_4029	CP000239.1:1241543-1242302|CDS|CYA_1230	99.736	759	2	0	1	759	1	759	0.0	1361
Ga0374827_31_3271_4029	CP000240.1:1623298-1624045|CDS|CYB_1548	84.203	747	118	0	13	759	1	747	0.0	816
Ga0374827_31_3995_5116	CP000239.1:1242267-1243389|CDS|CYA_1231	100.000	1122	0	0	1	1122	1	1122	0.0	2024
Ga0374827_31_3995_5116	CP000240.1:1624022-1625144|CDS|CYB_1549	88.770	1122	126	0	1	1122	1	1122	0.0	1456
Ga0374827_31_5373_6128	CP000239.1:1243651-1244401|CDS|CYA_1232	99.733	750	2	0	7	756	1	750	0.0	1344
Ga0374827_31_5373_6128	CP000240.1:1625445-1626153|CDS|CYB_1550	86.043	695	97	0	53	747	11	705	0.0	817
Ga0374827_32_982_1734	CP000239.1:865477-866230|CDS|CYA_0858	100.000	753	0	0	1	753	1	753	0.0	1359
Ga0374827_32_982_1734	CP000240.1:1826361-1827114|CDS|CYB_1743	86.649	749	100	0	1	749	1	749	0.0	901
Ga0374827_32_1781_2065	CP000239.1:865146-865431|CDS|CYA_0857	99.298	285	2	0	1	285	1	285	5.29e-144	506
Ga0374827_32_1781_2065	CP000240.1:1467671-1468097|CDS|CYB_1398	87.018	285	37	0	1	285	142	426	3.13e-96	348
Ga0374827_32_2391_2993	CP000239.1:864218-864821|CDS|CYA_0856	100.000	603	0	0	1	603	1	603	0.0	1088
Ga0374827_32_4559_5323	CP000239.1:869557-870361|CDS|CYA_0863	99.608	765	3	0	1	765	40	804	0.0	1367
Ga0374827_32_4559_5323	CP000240.1:1831099-1831903|CDS|CYB_1749	86.013	765	107	0	1	765	40	804	0.0	898
Ga0374827_32_5368_5742	CP000239.1:868982-869552|CDS|CYA_0861	100.000	375	0	0	1	375	196	570	0.0	677
Ga0374827_32_5368_5742	CP000240.1:1830518-1831094|CDS|CYB_1747	90.667	375	35	0	1	375	202	576	1.12e-147	519
Ga0374827_32_5754_5972	CP000239.1:868982-869552|CDS|CYA_0861	100.000	184	0	0	36	219	1	184	5.16e-92	333
Ga0374827_32_5754_5972	CP000240.1:1830518-1831094|CDS|CYB_1747	87.097	186	18	1	36	215	1	186	1.58e-60	229
Ga0374827_33_1447_2922	CP000239.1:2089671-2091147|CDS|CYA_2071	99.729	1476	4	0	1	1476	1	1476	0.0	2645
Ga0374827_33_1447_2922	CP000240.1:656103-657579|CDS|CYB_0646	87.466	1476	185	0	1	1476	1	1476	0.0	1829
Ga0374827_33_3120_3572	CP000239.1:2089021-2089474|CDS|CYA_2070	99.779	453	1	0	1	453	1	453	0.0	813
Ga0374827_33_3120_3572	CP000240.1:655132-655558|CDS|CYB_0645	77.704	453	74	3	1	453	1	426	1.29e-103	373
Ga0374827_33_3647_4012	CP000239.1:2088581-2088947|CDS|CYA_2069	100.000	366	0	0	1	366	1	366	0.0	661
Ga0374827_33_3647_4012	CP000240.1:654686-655052|CDS|CYB_0644	86.066	366	51	0	1	366	1	366	4.36e-121	431
Ga0374827_33_4283_5128	CP000239.1:2087285-2088311|CDS|CYA_2067	99.882	846	1	0	1	846	181	1026	0.0	1522
Ga0374827_33_4283_5128	CP000240.1:2071776-2072670|CDS|CYB_1972	84.754	833	127	0	2	834	50	882	0.0	930
Ga0374827_33_5338_6171	CP000239.1:2086423-2087257|CDS|CYA_2066	99.880	834	1	0	1	834	1	834	0.0	1500
Ga0374827_33_5338_6171	CP000240.1:2073417-2074254|CDS|CYB_1974	80.704	824	129	2	1	794	1	824	0.0	788
Ga0374827_33_6410_6688	CP000239.1:2085906-2086185|CDS|CYA_2065	100.000	279	0	0	1	279	1	279	1.80e-143	504
Ga0374827_34_30_1835	CP000239.1:1811889-1814445|CDS|CYA_1810	99.945	1806	1	0	1	1806	751	2556	0.0	3253
Ga0374827_34_30_1835	CP000240.1:385744-388288|CDS|CYB_0372	86.920	1789	228	3	5	1790	755	2540	0.0	2164
Ga0374827_34_1940_3004	CP000239.1:1814549-1815614|CDS|CYA_1811	99.718	1065	3	0	1	1065	1	1065	0.0	1908
Ga0374827_34_1940_3004	CP000239.1:1288197-1289262|CDS|CYA_1274	98.965	1063	11	0	1	1063	1	1063	0.0	1868
Ga0374827_34_1940_3004	CP000239.1:1850153-1851218|CDS|CYA_1849	98.589	1063	15	0	1	1063	1	1063	0.0	1850
Ga0374827_34_1940_3004	CP000240.1:384572-385637|CDS|CYB_0371	93.427	1065	70	0	1	1065	1	1065	0.0	1606
Ga0374827_34_1940_3004	CP000240.1:443946-445011|CDS|CYB_0433	93.333	1065	71	0	1	1065	1	1065	0.0	1601
Ga0374827_34_1940_3004	CP000240.1:226513-227569|CDS|CYB_0216	73.668	995	247	8	49	1034	58	1046	6.40e-169	591
Ga0374827_34_1940_3004	CP000239.1:1753540-1754599|CDS|CYA_1748	73.158	991	259	6	49	1034	58	1046	7.30e-162	568
Ga0374827_34_3144_4280	CP000240.1:442669-443806|CDS|CYB_0432	99.296	1137	8	0	1	1137	1	1137	0.0	2015
Ga0374827_34_3144_4280	CP000239.1:1815753-1816890|CDS|CYA_1812	98.857	1137	13	0	1	1137	1	1137	0.0	1993
Ga0374827_34_3144_4280	CP000239.1:1851391-1852504|CDS|CYA_1850	81.794	1137	183	5	1	1137	1	1113	0.0	1117
Ga0374827_34_4601_6154	CP000239.1:1817210-1819907|CDS|CYA_1814	97.752	1557	32	1	1	1554	1141	2697	0.0	2649
Ga0374827_34_4601_6154	CP000240.1:439913-442607|CDS|CYB_0431	97.362	1554	41	0	1	1554	1141	2694	0.0	2618
Ga0374827_34_4601_6154	CP000239.1:1852541-1855241|CDS|CYA_1851	90.513	1560	142	2	1	1554	1141	2700	0.0	2143
Ga0374827_35_1588_1845	CP000239.1:827228-827486|CDS|CYA_0816	100.000	258	0	0	1	258	1	258	4.16e-132	466
Ga0374827_35_1588_1845	CP000240.1:1961104-1961839|CDS|CYB_1876	82.949	217	22	1	44	245	473	689	4.46e-62	234
Ga0374827_35_2008_3192	CP000239.1:825881-827066|CDS|CYA_0815	100.000	1185	0	0	1	1185	1	1185	0.0	2138
Ga0374827_35_2008_3192	CP000240.1:1962898-1964065|CDS|CYB_1878	87.232	1167	149	0	19	1185	1	1167	0.0	1434
Ga0374827_35_3236_3793	CP000239.1:825280-825838|CDS|CYA_0814	100.000	558	0	0	1	558	1	558	0.0	1007
Ga0374827_35_3236_3793	CP000240.1:1964140-1964701|CDS|CYB_1879	82.321	560	96	1	1	557	1	560	1.60e-160	563
Ga0374827_35_3876_4478	CP000239.1:824514-825198|CDS|CYA_0813	100.000	603	0	0	1	603	82	684	0.0	1088
Ga0374827_35_3876_4478	CP000240.1:2418299-2418983|CDS|CYB_2307	86.401	603	82	0	1	603	82	684	0.0	719
Ga0374827_35_5062_5343	CP000239.1:823731-824013|CDS|CYA_0812	100.000	282	0	0	1	282	1	282	4.29e-145	509
Ga0374827_36_203_334	CP000239.1:1070998-1071130|CDS|CYA_1052	100.000	132	0	0	1	132	1	132	4.91e-64	239
Ga0374827_36_436_1569	CP000239.1:1069763-1070897|CDS|CYA_1051	100.000	1134	0	0	1	1134	1	1134	0.0	2046
Ga0374827_36_436_1569	CP000240.1:2498323-2499439|CDS|CYB_2399	87.184	1108	142	0	1	1108	1	1108	0.0	1359
Ga0374827_36_1599_2585	CP000239.1:1068747-1069734|CDS|CYA_1050	100.000	987	0	0	1	987	1	987	0.0	1781
Ga0374827_36_1599_2585	CP000240.1:2499534-2500518|CDS|CYB_2400	87.248	941	120	0	46	986	43	983	0.0	1157
Ga0374827_36_2689_3645	CP000239.1:1067687-1068644|CDS|CYA_1049	96.656	957	32	0	1	957	1	957	0.0	1582
Ga0374827_36_2689_3645	CP000240.1:2970577-2971534|CDS|CYB_2874	89.551	957	100	0	1	957	1	957	0.0	1276
Ga0374827_36_3790_4080	CP000240.1:2970146-2970437|CDS|CYB_2873	92.734	289	21	0	1	289	1	289	4.16e-120	427
Ga0374827_36_3790_4080	CP000239.1:1067116-1067407|CDS|CYA_1048	90.657	289	27	0	1	289	1	289	5.79e-112	400
Ga0374827_36_4159_4677	CP000240.1:2969531-2970068|CDS|CYB_2872	93.711	477	30	0	1	477	1	477	0.0	726
Ga0374827_36_4159_4677	CP000239.1:1066527-1067049|CDS|CYA_1047	85.441	522	73	2	1	519	1	522	8.74e-170	593
Ga0374827_36_4680_4838	CP000240.1:2969370-2969529|CDS|CYB_2871	98.742	159	2	0	1	159	1	159	6.98e-76	279
Ga0374827_36_4680_4838	CP000239.1:1066354-1066525|CDS|CYA_1046	84.028	144	23	0	1	144	1	144	5.74e-39	157
Ga0374827_37_82_450	CP000239.1:2162125-2162611|CDS|CYA_2150	100.000	369	0	0	1	369	118	486	0.0	666
Ga0374827_37_82_450	CP000240.1:2854865-2855417|CDS|CYB_2757	93.478	368	24	0	1	368	184	551	4.39e-159	556
Ga0374827_37_82_450	CP000239.1:77912-78449|CDS|CYA_0079	67.647	340	95	6	10	346	184	511	7.98e-23	104
Ga0374827_37_494_670	CP000239.1:2161891-2162068|CDS|CYA_2149	99.435	177	1	0	1	177	1	177	1.09e-86	315
Ga0374827_37_494_670	CP000240.1:2855484-2855664|CDS|CYB_2758	80.663	181	30	3	1	177	1	180	5.29e-40	160
Ga0374827_37_907_2466	CP000239.1:2160095-2161619|CDS|CYA_2147	99.738	1524	4	0	37	1560	1	1524	0.0	2731
Ga0374827_37_907_2466	CP000240.1:2855902-2857357|CDS|CYB_2759	82.074	1456	259	2	106	1560	1	1455	0.0	1443
Ga0374827_37_2518_4449	CP000239.1:2158112-2160044|CDS|CYA_2146	100.000	1932	0	0	1	1932	1	1932	0.0	3485
Ga0374827_37_2518_4449	CP000240.1:536867-538766|CDS|CYB_0522	81.036	1872	311	7	67	1904	1	1862	0.0	1784
Ga0374827_37_4576_5040	CP000239.1:2157521-2157986|CDS|CYA_2145	99.785	465	1	0	1	465	1	465	0.0	835
Ga0374827_37_4576_5040	CP000240.1:538940-539405|CDS|CYB_0523	88.147	464	55	0	1	464	1	464	9.49e-169	590
Ga0374827_37_5056_5586	CP000239.1:2156948-2157506|CDS|CYA_2144	100.000	531	0	0	1	531	28	558	0.0	958
Ga0374827_37_5056_5586	CP000240.1:539420-539978|CDS|CYB_0524	93.511	524	34	0	1	524	28	551	0.0	792
Ga0374827_38_19_1569	CP000239.1:2037845-2039396|CDS|CYA_2021	99.936	1551	1	0	1	1551	1	1551	0.0	2793
Ga0374827_38_19_1569	CP000240.1:2809890-2811441|CDS|CYB_2718	90.097	1545	153	0	2	1546	2	1546	0.0	2097
Ga0374827_38_1667_2809	CP000239.1:2039457-2040600|CDS|CYA_2022	99.913	1143	1	0	1	1143	1	1143	0.0	2058
Ga0374827_38_1667_2809	CP000240.1:2811528-2812671|CDS|CYB_2719	84.781	1117	168	2	1	1116	1	1116	0.0	1242
Ga0374827_38_2913_3464	CP000239.1:2040703-2041396|CDS|CYA_2023	99.638	552	2	0	1	552	142	693	0.0	987
Ga0374827_38_2913_3464	CP000240.1:2812837-2813530|CDS|CYB_2721	79.423	520	103	2	4	521	145	662	7.18e-127	451
Ga0374827_38_3696_3944	CP000240.1:2813526-2814921|CDS|CYB_2722	85.887	248	34	1	1	247	1093	1340	7.75e-78	287
Ga0374827_38_3941_5164	CP000240.1:2813526-2814921|CDS|CYB_2722	84.494	1077	149	7	122	1186	2	1072	0.0	1175
Ga0374827_39_76_321	CP000239.1:2884108-2884477|CDS|CYA_2867	100.000	246	0	0	1	246	124	369	1.29e-125	444
Ga0374827_39_76_321	CP000240.1:1560911-1561280|CDS|CYB_1484	84.490	245	38	0	1	245	124	368	1.68e-73	271
Ga0374827_39_375_929	CP000239.1:2883500-2884055|CDS|CYA_2866	100.000	555	0	0	1	555	1	555	0.0	1002
Ga0374827_39_375_929	CP000240.1:1561334-1561886|CDS|CYB_1485	83.549	541	89	0	1	541	1	541	2.52e-164	575
Ga0374827_39_986_1525	CP000239.1:2882904-2883444|CDS|CYA_2865	100.000	540	0	0	1	540	1	540	0.0	975
Ga0374827_39_986_1525	CP000240.1:1562118-1562664|CDS|CYB_1486	81.544	531	92	1	16	540	16	546	5.75e-147	517
Ga0374827_39_1638_2090	CP000239.1:2882339-2882792|CDS|CYA_2864	100.000	453	0	0	1	453	1	453	0.0	818
Ga0374827_39_1638_2090	CP000240.1:1331509-1331944|CDS|CYB_1274	79.808	416	82	2	39	453	21	435	1.91e-101	365
Ga0374827_39_2098_3021	CP000239.1:2881408-2882332|CDS|CYA_2863	99.892	924	1	0	1	924	1	924	0.0	1663
Ga0374827_39_2098_3021	CP000240.1:2615877-2616801|CDS|CYB_2518	82.035	924	162	4	1	922	1	922	0.0	904
Ga0374827_39_3064_5205	CP000239.1:2879173-2881366|CDS|CYA_2862	97.386	2142	56	0	1	2142	52	2193	0.0	3611
Ga0374827_39_3064_5205	CP000240.1:2613612-2615805|CDS|CYB_2517	87.769	2134	261	0	1	2134	52	2185	0.0	2672
Ga0374827_40_154_783	CP000239.1:386365-386995|CDS|CYA_0370	99.841	630	1	0	1	630	1	630	0.0	1132
Ga0374827_40_154_783	CP000240.1:2589955-2590600|CDS|CYB_2494	84.320	625	98	0	1	625	16	640	0.0	686
Ga0374827_40_770_1432	CP000239.1:385635-386379|CDS|CYA_0369	99.849	663	1	0	1	663	82	744	0.0	1192
Ga0374827_40_770_1432	CP000240.1:2589225-2589978|CDS|CYB_2493	87.690	658	81	0	2	659	83	740	0.0	822
Ga0374827_40_1574_2572	CP000239.1:384546-385575|CDS|CYA_0368	99.900	999	1	0	1	999	31	1029	0.0	1798
Ga0374827_40_1574_2572	CP000240.1:2588129-2589158|CDS|CYB_2492	87.988	999	120	0	1	999	31	1029	0.0	1261
Ga0374827_40_2741_3184	CP000239.1:383964-384408|CDS|CYA_0367	99.775	444	1	0	1	444	1	444	0.0	797
Ga0374827_40_2741_3184	CP000240.1:2587259-2587766|CDS|CYB_2490	74.940	419	99	3	13	428	79	494	2.60e-74	275
Ga0374827_40_3547_4254	CP000239.1:382851-383601|CDS|CYA_0366	99.718	708	2	0	1	708	43	750	0.0	1269
Ga0374827_40_3547_4254	CP000240.1:729395-730124|CDS|CYB_0713	76.648	698	159	4	10	705	10	705	1.13e-144	510
Ga0374827_41_1426_2121	CP000239.1:2409289-2409985|CDS|CYA_2399	100.000	696	0	0	1	696	1	696	0.0	1256
Ga0374827_41_1426_2121	CP000240.1:2781227-2781923|CDS|CYB_2694	87.356	696	88	0	1	696	1	696	0.0	859
Ga0374827_41_2491_4347	CP000239.1:2410354-2412211|CDS|CYA_2401	100.000	1857	0	0	1	1857	1	1857	0.0	3350
Ga0374827_41_2491_4347	CP000240.1:846924-848778|CDS|CYB_0818	86.631	1855	246	2	4	1857	1	1854	0.0	2221
Ga0374827_41_4347_4568	CP000239.1:2412210-2412432|CDS|CYA_2402	100.000	222	0	0	1	222	1	222	1.23e-112	401
Ga0374827_41_4347_4568	CP000240.1:846703-846928|CDS|CYB_0817	89.640	222	23	0	1	222	4	225	3.77e-81	297
Ga0374827_41_4670_4921	CP000239.1:2412533-2412893|CDS|CYA_2403	100.000	252	0	0	1	252	109	360	7.33e-129	455
Ga0374827_41_4670_4921	CP000240.1:2304687-2305047|CDS|CYB_2197	83.267	251	40	2	1	250	109	358	3.81e-69	257
Ga0374827_42_17_1291	CP000240.1:2119496-2120771|CDS|CYB_2015	98.980	1275	13	0	1	1275	1	1275	0.0	2241
Ga0374827_42_17_1291	CP000239.1:1935172-1936447|CDS|CYA_1924	98.039	1275	25	0	1	1275	1	1275	0.0	2187
Ga0374827_42_1396_1527	CP000240.1:2118234-2119392|CDS|CYB_2014	96.694	121	4	0	1	121	1	121	1.23e-52	201
Ga0374827_42_1396_1527	CP000239.1:1933910-1935068|CDS|CYA_1923	94.215	121	7	0	1	121	1	121	2.72e-48	187
Ga0374827_42_1545_3476	CP000239.1:1936844-1938779|CDS|CYA_1925	91.059	1935	170	1	1	1932	1	1935	0.0	2709
Ga0374827_42_1545_3476	CP000240.1:2121154-2123083|CDS|CYB_2016	90.189	1906	184	1	1	1903	1	1906	0.0	2593
Ga0374827_43_2217_2591	CP000239.1:859233-859644|CDS|CYA_0850	100.000	375	0	0	1	375	37	411	0.0	677
Ga0374827_43_2217_2591	CP000240.1:2256064-2256475|CDS|CYB_2155	83.200	375	63	0	1	375	37	411	1.12e-109	393
Ga0374827_43_2986_3402	CP000240.1:2255435-2255786|CDS|CYB_2154	90.598	351	33	0	67	417	1	351	2.59e-137	485
Ga0374827_43_3402_4406	CP000239.1:857454-858429|CDS|CYA_0848	99.897	975	1	0	31	1005	1	975	0.0	1755
Ga0374827_43_3402_4406	CP000240.1:2254437-2255439|CDS|CYB_2153	85.312	994	146	0	3	996	6	999	0.0	1135
Ga0374827_44_253_495	CP000239.1:2200784-2203076|CDS|CYA_2183	100.000	225	0	0	1	225	1	225	3.20e-114	407
Ga0374827_44_797_2131	CP000239.1:2203377-2204712|CDS|CYA_2184	99.925	1335	1	0	1	1335	1	1335	0.0	2404
Ga0374827_44_797_2131	CP000240.1:1478036-1479386|CDS|CYB_1410	85.224	1340	183	3	1	1325	1	1340	0.0	1525
Ga0374827_44_2157_2762	CP000239.1:2204737-2205343|CDS|CYA_2185	100.000	606	0	0	1	606	1	606	0.0	1094
Ga0374827_44_2157_2762	CP000240.1:1477420-1478002|CDS|CYB_1409	83.392	572	95	0	34	605	10	581	5.68e-173	604
Ga0374827_44_2964_4034	CP000239.1:2205544-2206615|CDS|CYA_2186	100.000	1071	0	0	1	1071	1	1071	0.0	1932
Ga0374827_44_2964_4034	CP000240.1:1475731-1476802|CDS|CYB_1407	90.850	1071	98	0	1	1071	1	1071	0.0	1490
Ga0374827_45_3006_3131	CP000239.1:774622-774748|CDS|CYA_0766	100.000	126	0	0	1	126	1	126	8.40e-61	228
Ga0374827_45_3006_3131	CP000240.1:1004568-1004760|CDS|CYB_0968	86.842	114	15	0	1	114	67	180	1.17e-33	139
Ga0374827_45_3163_4374	CP000239.1:774779-775973|CDS|CYA_0767	99.162	1194	10	0	19	1212	1	1194	0.0	2109
Ga0374827_45_3163_4374	CP000239.1:2170714-2171908|CDS|CYA_2158	94.640	1194	64	0	19	1212	1	1194	0.0	1865
Ga0374827_45_3163_4374	CP000240.1:1954838-1956056|CDS|CYB_1872	92.939	1218	62	1	19	1212	1	1218	0.0	1827
Ga0374827_45_3163_4374	CP000240.1:1083184-1084426|CDS|CYB_1042	91.063	1242	63	2	19	1212	1	1242	0.0	1774
Ga0374827_45_3163_4374	CP000240.1:1803089-1804283|CDS|CYB_1722	92.797	1194	86	0	19	1212	1	1194	0.0	1766
Ga0374827_45_3163_4374	CP000240.1:2644164-2645358|CDS|CYB_2538	91.625	1194	100	0	19	1212	1	1194	0.0	1703
Ga0374827_45_3163_4374	CP000240.1:2796782-2798000|CDS|CYB_2707	90.394	1218	93	1	19	1212	1	1218	0.0	1687
Ga0374827_45_3163_4374	CP000240.1:2168360-2169515|CDS|CYB_2071	93.015	1131	79	0	19	1149	1	1131	0.0	1684
Ga0374827_45_3163_4374	CP000239.1:712444-713638|CDS|CYA_0704	91.039	1194	107	0	19	1212	1	1194	0.0	1672
Ga0374827_45_3163_4374	CP000240.1:1190675-1191869|CDS|CYB_1151	90.460	1195	112	2	19	1212	1	1194	0.0	1635
Ga0374827_45_3163_4374	CP000240.1:1358129-1359347|CDS|CYB_1297	89.409	1218	105	1	19	1212	1	1218	0.0	1633
Ga0374827_45_3163_4374	CP000240.1:1521392-1522610|CDS|CYB_1450	89.327	1218	106	1	19	1212	1	1218	0.0	1628
Ga0374827_45_3163_4374	CP000240.1:2619921-2621115|CDS|CYB_2521	90.293	1195	114	2	19	1212	1	1194	0.0	1626
Ga0374827_45_3163_4374	CP000240.1:2830275-2831565|CDS|CYB_2735	88.145	1240	82	3	19	1210	1	1223	0.0	1619
Ga0374827_45_3163_4374	CP000240.1:52430-53648|CDS|CYB_0041	89.163	1218	108	1	19	1212	1	1218	0.0	1619
Ga0374827_45_3163_4374	CP000240.1:638632-639850|CDS|CYB_0630	89.080	1218	109	1	19	1212	1	1218	0.0	1615
Ga0374827_45_3163_4374	CP000240.1:1064975-1066169|CDS|CYB_1023	89.866	1194	121	0	19	1212	1	1194	0.0	1608
Ga0374827_45_3163_4374	CP000240.1:3008652-3009870|CDS|CYB_2910	88.916	1218	111	1	19	1212	1	1218	0.0	1606
Ga0374827_45_3163_4374	CP000240.1:2553363-2554557|CDS|CYB_2454	89.698	1194	123	0	19	1212	1	1194	0.0	1599
Ga0374827_45_3163_4374	CP000240.1:2210858-2212052|CDS|CYB_2117	89.363	1194	127	0	19	1212	1	1194	0.0	1581
Ga0374827_45_3163_4374	CP000240.1:1244785-1246021|CDS|CYB_1201	88.405	1216	117	1	19	1210	1	1216	0.0	1575
Ga0374827_45_3163_4374	CP000240.1:1267756-1268992|CDS|CYB_1227	88.414	1217	115	3	19	1210	1	1216	0.0	1570
Ga0374827_45_3163_4374	CP000239.1:629980-631174|CDS|CYA_0620	89.112	1194	130	0	19	1212	1	1194	0.0	1568
Ga0374827_45_3163_4374	CP000240.1:1316312-1317548|CDS|CYB_1259	87.747	1216	125	1	19	1210	1	1216	0.0	1539
Ga0374827_45_3163_4374	CP000240.1:629484-630702|CDS|CYB_0620	87.521	1218	128	1	19	1212	1	1218	0.0	1529
Ga0374827_45_3163_4374	CP000240.1:481588-482800|CDS|CYB_0472	88.349	1193	137	2	19	1210	1	1192	0.0	1518
Ga0374827_45_3163_4374	CP000240.1:2661652-2662870|CDS|CYB_2557	87.274	1218	131	1	19	1212	1	1218	0.0	1516
Ga0374827_45_3163_4374	CP000240.1:2933473-2934709|CDS|CYB_2835	87.039	1219	128	5	19	1210	1	1216	0.0	1491
Ga0374827_45_3163_4374	CP000240.1:605550-606744|CDS|CYB_0598	87.029	1195	153	2	19	1212	1	1194	0.0	1450
Ga0374827_45_3163_4374	CP000240.1:2247371-2248565|CDS|CYB_2147	88.152	1131	134	0	19	1149	1	1131	0.0	1436
Ga0374827_45_3163_4374	CP000239.1:1594889-1596107|CDS|CYA_1585	87.356	1131	143	0	19	1149	1	1131	0.0	1396
Ga0374827_45_3163_4374	CP000239.1:698055-699204|CDS|CYA_0690	86.649	1146	129	1	19	1140	1	1146	0.0	1395
Ga0374827_45_3163_4374	CP000239.1:893439-894633|CDS|CYA_0887	87.333	1121	142	0	19	1139	1	1121	0.0	1382
Ga0374827_45_3163_4374	CP000240.1:241642-242836|CDS|CYB_0233	86.307	1132	153	2	19	1149	1	1131	0.0	1336
Ga0374827_45_3163_4374	CP000239.1:994256-995468|CDS|CYA_0981	84.732	1192	182	0	19	1210	1	1192	0.0	1330
Ga0374827_45_3163_4374	CP000240.1:1842322-1843549|CDS|CYB_1759	83.997	1206	165	3	19	1198	1	1204	0.0	1317
Ga0374827_45_3163_4374	CP000240.1:102811-104029|CDS|CYB_0087	84.935	1155	150	1	19	1149	1	1155	0.0	1316
Ga0374827_45_3163_4374	CP000240.1:1384265-1385459|CDS|CYB_1322	84.262	1131	178	0	19	1149	1	1131	0.0	1238
Ga0374827_45_3163_4374	CP000240.1:345730-346924|CDS|CYB_0329	83.908	1131	182	0	19	1149	1	1131	0.0	1220
Ga0374827_45_3163_4374	CP000240.1:1015074-1016268|CDS|CYB_0979	83.554	1131	186	0	19	1149	1	1131	0.0	1202
Ga0374827_45_3163_4374	CP000240.1:2565689-2566883|CDS|CYB_2468	83.466	1131	187	0	19	1149	1	1131	0.0	1197
Ga0374827_45_3163_4374	CP000240.1:2128026-2129220|CDS|CYB_2026	83.348	1135	181	7	19	1149	1	1131	0.0	1171
Ga0374827_45_3163_4374	CP000239.1:693322-694534|CDS|CYA_0687	81.757	1195	212	5	19	1210	1	1192	0.0	1156
Ga0374827_45_3163_4374	CP000240.1:2219258-2220470|CDS|CYB_2126	81.506	1195	215	5	19	1210	1	1192	0.0	1142
Ga0374827_45_3163_4374	CP000240.1:1763450-1764623|CDS|CYB_1688	81.762	1135	199	7	19	1149	1	1131	0.0	1090
Ga0374827_45_3163_4374	CP000240.1:1917270-1918464|CDS|CYB_1826	80.529	1135	213	7	19	1149	1	1131	0.0	1027
Ga0374827_45_3163_4374	CP000240.1:2506708-2507857|CDS|CYB_2410	77.768	1129	131	7	19	1027	1	1129	0.0	982
Ga0374827_45_3163_4374	CP000239.1:88305-89487|CDS|CYA_0091	74.933	1117	254	6	24	1133	6	1103	0.0	749
Ga0374827_46_380_2812	CP000239.1:2028490-2030812|CDS|CYA_2013	99.096	2322	21	0	112	2433	1	2322	0.0	4094
Ga0374827_46_380_2812	CP000240.1:2908803-2911317|CDS|CYB_2808	89.153	2102	228	0	328	2429	409	2510	0.0	2764
Ga0374827_46_2963_3055	CP000239.1:2031073-2031172|CDS|CYA_2014	100.000	93	0	0	1	93	7	99	4.71e-43	168
Ga0374827_46_2963_3055	CP000240.1:2911523-2911616|CDS|CYB_2809	88.043	92	11	0	1	92	1	92	2.61e-27	117
Ga0374827_47_13_570	CP000239.1:1807824-1808778|CDS|CYA_1806	99.821	558	1	0	1	558	397	954	0.0	1003
Ga0374827_47_580_1710	CP000239.1:1808787-1809849|CDS|CYA_1807	99.341	1062	7	0	70	1131	1	1062	0.0	1884
Ga0374827_47_1977_2264	CP000239.1:1810184-1810472|CDS|CYA_1808	100.000	288	0	0	1	288	1	288	2.43e-148	520
Ga0374827_47_1977_2264	CP000240.1:389843-390128|CDS|CYB_0374	83.860	285	46	0	1	285	1	285	2.78e-84	307
Ga0374827_47_2307_3677	CP000239.1:1810514-1811885|CDS|CYA_1809	100.000	1371	0	0	1	1371	1	1371	0.0	2473
Ga0374827_47_2307_3677	CP000240.1:388292-389735|CDS|CYB_0373	83.869	1339	216	0	1	1339	1	1339	0.0	1442
Ga0374827_48_281_3334	CP000240.1:1406169-1409256|CDS|CYB_1341	88.537	3062	333	3	1	3044	1	3062	0.0	3943
Ga0374827_48_3342_3716	CP000239.1:808141-808642|CDS|CYA_0798	99.733	374	1	0	1	374	127	500	0.0	671
Ga0374827_48_3342_3716	CP000240.1:1405599-1406109|CDS|CYB_1340	86.216	370	51	0	1	370	109	478	3.01e-123	438
Ga0374827_49_21_1235	CP000239.1:1383292-1384507|CDS|CYA_1372	99.835	1215	2	0	1	1215	1	1215	0.0	2183
Ga0374827_49_21_1235	CP000240.1:1988655-1989891|CDS|CYB_1903	82.667	1200	208	0	12	1211	9	1208	0.0	1227
Ga0374827_49_1257_2765	CP000239.1:1381762-1383271|CDS|CYA_1371	99.867	1509	2	0	1	1509	1	1509	0.0	2713
Ga0374827_49_1257_2765	CP000240.1:2990654-2992163|CDS|CYB_2891	88.801	1509	169	0	1	1509	1	1509	0.0	1960
Ga0374827_49_2802_3698	CP000239.1:1380829-1381726|CDS|CYA_1370	99.889	897	1	0	1	897	1	897	0.0	1614
Ga0374827_49_2802_3698	CP000240.1:2992181-2992970|CDS|CYB_2893	90.000	780	78	0	118	897	10	789	0.0	1056
Ga0374827_50_282_1883	CP000239.1:402052-403651|CDS|CYA_0387	98.002	1602	29	1	1	1602	1	1599	0.0	2744
Ga0374827_50_282_1883	CP000240.1:3017914-3019513|CDS|CYB_2919	85.750	1600	218	4	1	1596	1	1594	0.0	1849
Ga0374827_50_2180_3178	CP000239.1:400815-401931|CDS|CYA_0386	99.199	999	8	0	1	999	118	1116	0.0	1766
Ga0374827_50_2180_3178	CP000240.1:1932556-1933669|CDS|CYB_1847	85.626	974	140	0	1	974	112	1085	0.0	1126
Ga0374827_51_1224_2495	CP000239.1:810357-811815|CDS|CYA_0800	98.506	1272	19	0	1	1272	187	1458	0.0	2209
Ga0374827_51_1224_2495	CP000240.1:1402445-1403918|CDS|CYB_1338	86.546	1271	171	0	1	1271	202	1472	0.0	1522
Ga0374827_51_2693_3352	CP000239.1:811826-812486|CDS|CYA_0801	100.000	660	0	0	1	660	1	660	0.0	1191
Ga0374827_51_2693_3352	CP000240.1:1401744-1402434|CDS|CYB_1337	88.838	654	73	0	6	659	36	689	0.0	851
Ga0374827_51_3429_3677	CP000239.1:812562-813909|CDS|CYA_0802	100.000	249	0	0	1	249	1099	1347	3.08e-127	450
Ga0374827_51_3429_3677	CP000240.1:1400327-1401674|CDS|CYB_1336	84.739	249	38	0	1	249	1099	1347	1.15e-75	279
Ga0374827_52_1369_3447	CP000239.1:2876636-2878715|CDS|CYA_2861	93.074	2079	144	0	1	2079	1	2079	0.0	3101
Ga0374827_52_1369_3447	CP000240.1:2611354-2613433|CDS|CYB_2516	92.977	2079	146	0	1	2079	1	2079	0.0	3092
Ga0374827_53_135_389	CP000239.1:1510604-1510952|CDS|CYA_1502	100.000	255	0	0	1	255	94	348	1.75e-130	461
Ga0374827_53_430_663	CP000239.1:1510330-1510564|CDS|CYA_1501	100.000	234	0	0	1	234	1	234	3.99e-119	423
Ga0374827_53_430_663	CP000240.1:371796-372024|CDS|CYB_0356	81.818	209	38	0	26	234	20	228	5.56e-54	206
Ga0374827_53_773_1837	CP000239.1:1509141-1510221|CDS|CYA_1500	100.000	1065	0	0	1	1065	16	1080	0.0	1921
Ga0374827_53_773_1837	CP000240.1:372177-373257|CDS|CYB_0357	90.798	1065	98	0	1	1065	16	1080	0.0	1480
Ga0374827_53_2395_2874	CP000239.1:1508119-1508881|CDS|CYA_1498	100.000	480	0	0	1	480	283	762	0.0	866
Ga0374827_53_2395_2874	CP000240.1:373632-374226|CDS|CYB_0358	86.458	480	65	0	1	480	115	594	7.54e-164	573
Ga0374827_54_472_1680	CP000239.1:2273667-2274876|CDS|CYA_2265	99.835	1209	2	0	1	1209	1	1209	0.0	2172
Ga0374827_54_472_1680	CP000240.1:466818-468018|CDS|CYB_0462	84.107	1120	176	2	91	1209	82	1200	0.0	1211
Ga0374827_54_1867_2826	CP000239.1:2272521-2273481|CDS|CYA_2264	100.000	960	0	0	1	960	1	960	0.0	1732
Ga0374827_54_1867_2826	CP000240.1:469830-470799|CDS|CYB_0465	85.759	969	129	2	1	960	1	969	0.0	1125
Ga0374827_56_199_1290	CP000239.1:2719953-2721045|CDS|CYA_2703	100.000	1092	0	0	1	1092	1	1092	0.0	1970
Ga0374827_56_199_1290	CP000240.1:1308297-1309389|CDS|CYB_1254	89.103	1092	119	0	1	1092	1	1092	0.0	1434
Ga0374827_57_1758_2603	CP000239.1:2049165-2050011|CDS|CYA_2032	100.000	846	0	0	1	846	1	846	0.0	1526
Ga0374827_57_1758_2603	CP000240.1:2821323-2822157|CDS|CYB_2728	85.751	786	112	0	15	800	9	794	0.0	913
Ga0374827_57_2600_2722	CP000239.1:2050007-2051051|CDS|CYA_2033	100.000	123	0	0	1	123	922	1044	3.47e-59	223
Ga0374827_57_2600_2722	CP000240.1:2822153-2823197|CDS|CYB_2729	84.426	122	19	0	2	123	923	1044	1.38e-32	135
Ga0374827_58_1254_2048	CP000239.1:1511998-1512763|CDS|CYA_1504	99.477	765	4	0	31	795	1	765	0.0	1362
Ga0374827_58_1254_2048	CP000240.1:2798461-2799262|CDS|CYB_2708	84.763	781	113	1	1	781	1	775	0.0	874
Ga0374827_59_371_1858	CP000239.1:1515230-1516637|CDS|CYA_1507	72.405	1243	326	7	226	1467	157	1383	0.0	680
Ga0374827_59_371_1858	CP000240.1:2794010-2795423|CDS|CYB_2705	72.182	1251	321	10	226	1467	157	1389	0.0	667
Ga0374827_60_201_416	CP000239.1:703720-704017|CDS|CYA_0696	87.838	222	21	1	1	216	76	297	2.81e-76	280
Ga0374827_60_397_1491	CP000239.1:2025295-2026390|CDS|CYA_2009	99.909	1095	1	0	1	1095	1	1095	0.0	1971
Ga0374827_60_397_1491	CP000240.1:3000587-3001670|CDS|CYB_2901	80.731	1095	197	4	1	1094	1	1082	0.0	1019
Ga0374827_60_397_1491	CP000239.1:703997-704966|CDS|CYA_0697	81.818	924	157	3	1	923	1	914	0.0	906
Ga0374827_61_1443_2042	CP000239.1:669297-669954|CDS|CYA_0661	100.000	600	0	0	1	600	58	657	0.0	1083
Ga0374827_61_1443_2042	CP000240.1:622508-623096|CDS|CYB_0612	87.500	552	67	2	25	575	16	566	0.0	678
Ga0374827_61_2076_2342	CP000239.1:668841-669264|CDS|CYA_0660	100.000	267	0	0	1	267	157	423	5.62e-137	482
Ga0374827_61_2076_2342	CP000240.1:622201-622504|CDS|CYB_0611	86.996	223	29	0	38	260	77	299	1.84e-73	272
Ga0374827_62_716_1915	CP000239.1:2331573-2332773|CDS|CYA_2328	99.750	1200	3	0	1	1200	1	1200	0.0	2151
Ga0374827_62_716_1915	CP000240.1:1627419-1628604|CDS|CYB_1554	81.981	1171	207	2	1	1169	1	1169	0.0	1156
Ga0374827_62_716_1915	CP000240.1:1627638-1628709|CDS|CYB_1553	81.513	952	172	2	220	1169	1071	122	0.0	919
Ga0374827_63_178_2046	CP000239.1:1133197-1135141|CDS|CYA_1108	91.760	1869	154	0	1	1869	76	1944	0.0	2677
Ga0374827_63_178_2046	CP000240.1:1391211-1393182|CDS|CYB_1330	80.342	1872	362	4	1	1869	103	1971	0.0	1705
Ga0374827_64_913_1737	CP000239.1:2023323-2024142|CDS|CYA_2006	100.000	819	0	0	7	825	1	819	0.0	1478
Ga0374827_64_913_1737	CP000240.1:2986498-2987368|CDS|CYB_2887	82.995	788	129	3	35	818	77	863	0.0	809
Ga0374827_64_1792_2241	CP000239.1:2022285-2023263|CDS|CYA_2005	99.556	450	2	0	1	450	529	978	0.0	803
Ga0374827_64_1792_2241	CP000240.1:1338554-1339532|CDS|CYB_1284	87.054	448	58	0	1	448	529	976	2.81e-156	547
Ga0374827_65_514_897	CP000240.1:2815851-2816235|CDS|CYB_2724	95.052	384	19	0	1	384	1	384	2.89e-174	608
Ga0374827_65_514_897	CP000239.1:2043998-2044391|CDS|CYA_2028	87.179	351	45	0	34	384	43	393	4.58e-121	431
Ga0374827_65_952_1704	CP000239.1:2044445-2045318|CDS|CYA_2029	99.070	753	7	0	1	753	121	873	0.0	1327
Ga0374827_65_952_1704	CP000240.1:2816531-2817419|CDS|CYB_2725	87.332	742	94	0	1	742	145	886	0.0	915
Ga0374827_65_1854_2144	CP000239.1:2045347-2046667|CDS|CYA_2030	100.000	291	0	0	1	291	1030	1320	5.78e-150	526
Ga0374827_65_1854_2144	CP000240.1:2817451-2818783|CDS|CYB_2726	83.571	280	46	0	12	291	1053	1332	1.46e-81	298
Ga0374827_66_383_1966	CP000239.1:2035762-2037637|CDS|CYA_2020	99.874	1584	2	0	1	1584	292	1875	0.0	2848
