Ga0393523_01_1942_2964	CP000239.1:2902190-2903213|CDS|CYA_2885	100.000	1023	0	0	1	1023	1	1023	0.0	1846
Ga0393523_01_1942_2964	CP000240.1:1733373-1734384|CDS|CYB_1654	82.549	1020	151	4	4	1023	19	1011	0.0	1044
Ga0393523_01_2965_3747	CP000239.1:2901086-2902190|CDS|CYA_2884	99.872	783	1	0	1	783	322	1104	0.0	1408
Ga0393523_01_2965_3747	CP000240.1:1734384-1735551|CDS|CYB_1655	81.219	804	125	7	2	783	368	1167	0.0	762
Ga0393523_01_4214_4795	CP000239.1:2899885-2900941|CDS|CYA_2883	99.828	582	0	1	1	582	1	581	0.0	1042
Ga0393523_01_4214_4795	CP000240.1:1735695-1736760|CDS|CYB_1656	84.083	578	91	1	1	578	1	577	1.67e-179	625
Ga0393523_01_4776_5270	CP000239.1:2899885-2900941|CDS|CYA_2883	99.798	495	1	0	1	495	562	1056	0.0	889
Ga0393523_01_4776_5270	CP000240.1:1735695-1736760|CDS|CYB_1656	87.917	480	58	0	4	483	565	1044	1.32e-173	605
Ga0393523_01_5473_6483	CP000239.1:2898672-2899683|CDS|CYA_2882	99.703	1011	3	0	1	1011	1	1011	0.0	1810
Ga0393523_01_5473_6483	CP000240.1:1736975-1737986|CDS|CYB_1657	88.526	1011	116	0	1	1011	1	1011	0.0	1301
Ga0393523_01_6480_7265	CP000239.1:2897890-2898676|CDS|CYA_2881	98.855	786	9	0	1	786	1	786	0.0	1378
Ga0393523_01_6480_7265	CP000240.1:1737982-1738768|CDS|CYB_1658	89.286	784	84	0	1	784	1	784	0.0	1036
Ga0393523_01_7290_8858	CP000239.1:2896297-2897866|CDS|CYA_2880	99.873	1569	2	0	1	1569	1	1569	0.0	2821
Ga0393523_01_7290_8858	CP000240.1:1738815-1740378|CDS|CYB_1659	83.398	1548	245	3	25	1569	25	1563	0.0	1631
Ga0393523_01_8876_10297	CP000239.1:2894858-2896280|CDS|CYA_2879	99.648	1422	5	0	1	1422	1	1422	0.0	2543
Ga0393523_01_8876_10297	CP000240.1:1740396-1741881|CDS|CYB_1660	78.992	1428	249	4	1	1380	1	1425	0.0	1251
Ga0393523_01_10318_10851	CP000239.1:2894124-2894838|CDS|CYA_2878	100.000	534	0	0	1	534	181	714	0.0	964
Ga0393523_01_10318_10851	CP000240.1:1741885-1742533|CDS|CYB_1661	92.121	495	39	0	1	495	115	609	0.0	718
Ga0393523_01_11064_11693	CP000239.1:2893462-2894092|CDS|CYA_2877	99.524	630	3	0	1	630	1	630	0.0	1123
Ga0393523_01_11064_11693	CP000240.1:1742628-1743189|CDS|CYB_1662	86.681	473	63	0	145	617	1	473	1.22e-162	570
Ga0393523_01_11720_12118	CP000239.1:2893037-2893436|CDS|CYA_2876	99.248	399	3	0	1	399	1	399	0.0	707
Ga0393523_01_11720_12118	CP000240.1:1743354-1743753|CDS|CYB_1663	81.955	399	72	0	1	399	1	399	9.85e-111	396
Ga0393523_01_12206_12496	CP000239.1:2892659-2892950|CDS|CYA_2875	98.282	291	5	0	1	291	1	291	6.59e-143	503
Ga0393523_01_12206_12496	CP000240.1:1743826-1744117|CDS|CYB_1664	80.986	284	54	0	1	284	1	284	7.06e-73	269
Ga0393523_01_12728_12973	CP000239.1:2892182-2892428|CDS|CYA_2874	100.000	246	0	0	1	246	1	246	1.29e-125	444
Ga0393523_01_12728_12973	CP000240.1:1744311-1744602|CDS|CYB_1665	88.618	246	28	0	1	246	46	291	1.29e-87	318
Ga0393523_01_13071_14336	CP000239.1:2890819-2892085|CDS|CYA_2873	98.657	1266	17	0	1	1266	1	1266	0.0	2207
Ga0393523_01_13071_14336	CP000240.1:1744647-1745928|CDS|CYB_1666	85.032	1236	185	0	25	1260	40	1275	0.0	1396
Ga0393523_01_14349_14618	CP000239.1:2890537-2890807|CDS|CYA_2872	95.911	269	11	0	1	269	1	269	7.41e-123	436
Ga0393523_01_14349_14618	CP000240.1:1745940-1746210|CDS|CYB_1667	81.784	269	49	0	1	269	1	269	2.77e-71	265
Ga0393523_01_14870_17245	CP000239.1:2887937-2890445|CDS|CYA_2871	92.833	2358	154	3	1	2343	118	2475	0.0	3491
Ga0393523_01_14870_17245	CP000240.1:1555785-1558380|CDS|CYB_1481	79.077	2428	425	13	1	2346	139	2565	0.0	2105
Ga0393523_01_17524_17718	CP000240.1:1558658-1559549|CDS|CYB_1482	79.545	176	36	0	1	176	1	176	7.19e-39	156
Ga0393523_01_17524_17718	CP000239.1:2886812-2887649|CDS|CYA_2870	77.273	176	40	0	1	176	1	176	1.93e-33	138
Ga0393523_01_17524_17718	CP000239.1:2884601-2885483|CDS|CYA_2868	72.881	177	48	0	1	177	1	177	3.98e-23	104
Ga0393523_01_17524_17718	CP000240.1:1559946-1560831|CDS|CYB_1483	69.461	167	51	0	1	167	1	167	2.35e-13	72.5
Ga0393523_01_17524_17718	CP000239.1:2885817-2886651|CDS|CYA_2869	68.862	167	52	0	1	167	1	167	2.87e-12	68.0
Ga0393523_01_17773_18390	CP000239.1:1479753-1480371|CDS|CYA_1472	99.029	618	6	0	1	618	1	618	0.0	1088
Ga0393523_01_17773_18390	CP000239.1:2698805-2699423|CDS|CYA_2684	98.867	618	7	0	1	618	1	618	0.0	1084
Ga0393523_01_17773_18390	CP000239.1:2259861-2260479|CDS|CYA_2250	98.544	618	9	0	1	618	1	618	0.0	1075
Ga0393523_01_17773_18390	CP000239.1:1644319-1644937|CDS|CYA_1645	98.544	618	9	0	1	618	1	618	0.0	1075
Ga0393523_01_17773_18390	CP000239.1:606571-607189|CDS|CYA_0595	98.544	618	9	0	1	618	1	618	0.0	1075
Ga0393523_01_17773_18390	CP000239.1:1948621-1949239|CDS|CYA_1937	98.220	618	11	0	1	618	1	618	0.0	1066
Ga0393523_01_17773_18390	CP000239.1:2018987-2019605|CDS|CYA_2002	97.896	618	13	0	1	618	1	618	0.0	1057
Ga0393523_01_17773_18390	CP000239.1:1384976-1385594|CDS|CYA_1374	97.896	618	13	0	1	618	1	618	0.0	1057
Ga0393523_01_17773_18390	CP000239.1:363923-364541|CDS|CYA_0346	97.896	618	13	0	1	618	1	618	0.0	1057
Ga0393523_01_17773_18390	CP000239.1:2709545-2710163|CDS|CYA_2694	97.249	618	17	0	1	618	1	618	0.0	1039
Ga0393523_01_17773_18390	CP000239.1:2598423-2599041|CDS|CYA_2572	95.955	618	25	0	1	618	1	618	0.0	1003
Ga0393523_01_17773_18390	CP000239.1:732513-733107|CDS|CYA_0727	93.851	618	14	1	1	618	1	594	0.0	961
Ga0393523_01_17773_18390	CP000239.1:1446255-1446849|CDS|CYA_1439	93.689	618	15	1	1	618	1	594	0.0	957
Ga0393523_01_17773_18390	CP000239.1:819297-819891|CDS|CYA_0808	93.366	618	17	1	1	618	1	594	0.0	948
Ga0393523_01_17773_18390	CP000239.1:1778901-1779495|CDS|CYA_1772	93.042	618	19	1	1	618	1	594	0.0	939
Ga0393523_01_17773_18390	CP000239.1:1898603-1899197|CDS|CYA_1891	92.233	618	24	1	1	618	1	594	0.0	916
Ga0393523_01_17773_18390	CP000239.1:411427-412021|CDS|CYA_0397	92.233	618	24	1	1	618	1	594	0.0	916
Ga0393523_01_17773_18390	CP000239.1:2434480-2435074|CDS|CYA_2425	91.909	618	26	1	1	618	1	594	0.0	907
Ga0393523_01_17773_18390	CP000239.1:2402867-2403461|CDS|CYA_2392	91.586	618	28	1	1	618	1	594	0.0	898
Ga0393523_01_17773_18390	CP000240.1:31634-32228|CDS|CYB_0025	91.262	618	30	1	1	618	1	594	0.0	889
Ga0393523_01_17773_18390	CP000240.1:22428-23022|CDS|CYB_0019	90.939	618	32	1	1	618	1	594	0.0	880
Ga0393523_01_17773_18390	CP000239.1:2450192-2450786|CDS|CYA_2439	90.453	618	35	1	1	618	1	594	0.0	866
Ga0393523_02_1084_1278	CP000239.1:2380762-2380957|CDS|CYA_2371	99.487	195	1	0	1	195	1	195	2.06e-96	348
Ga0393523_02_1084_1278	CP000240.1:2451752-2451947|CDS|CYB_2345	83.077	195	33	0	1	195	1	195	5.53e-53	204
Ga0393523_02_1343_1582	CP000239.1:2380458-2380698|CDS|CYA_2370	99.583	240	1	0	1	240	1	240	9.66e-121	429
Ga0393523_02_1343_1582	CP000240.1:2451441-2451693|CDS|CYB_2344	90.417	240	23	0	1	240	13	252	6.96e-91	330
Ga0393523_02_1623_2543	CP000239.1:2379497-2380418|CDS|CYA_2369	100.000	921	0	0	1	921	1	921	0.0	1662
Ga0393523_02_1623_2543	CP000240.1:2450469-2451390|CDS|CYB_2343	86.181	919	127	0	1	919	1	919	0.0	1086
Ga0393523_02_2956_4689	CP000239.1:2377351-2379085|CDS|CYA_2368	99.885	1734	2	0	1	1734	1	1734	0.0	3119
Ga0393523_02_2956_4689	CP000240.1:2448478-2450206|CDS|CYB_2342	85.301	1728	248	1	1	1728	1	1722	0.0	1973
Ga0393523_02_5193_6263	CP000239.1:2375777-2376869|CDS|CYA_2367	99.907	1071	1	0	1	1071	22	1092	0.0	1928
Ga0393523_02_5193_6263	CP000240.1:2447145-2448270|CDS|CYB_2341	87.344	964	122	0	1	964	22	985	0.0	1189
Ga0393523_02_6269_7276	CP000239.1:2374764-2375772|CDS|CYA_2366	99.901	1008	1	0	1	1008	1	1008	0.0	1814
Ga0393523_02_6269_7276	CP000240.1:2446157-2447159|CDS|CYB_2340	84.471	1011	145	2	1	1008	1	1002	0.0	1118
Ga0393523_02_7278_8165	CP000239.1:2373875-2374745|CDS|CYA_2365	100.000	870	0	0	19	888	1	870	0.0	1570
Ga0393523_02_7278_8165	CP000240.1:2445286-2446153|CDS|CYB_2339	86.543	862	116	0	19	880	1	862	0.0	1032
Ga0393523_02_8290_9030	CP000239.1:2373010-2373751|CDS|CYA_2364	100.000	741	0	0	1	741	1	741	0.0	1337
Ga0393523_02_8290_9030	CP000240.1:2442008-2442875|CDS|CYB_2337	66.612	605	162	12	9	577	61	661	2.01e-40	163
Ga0393523_02_9035_9361	CP000239.1:2370849-2373006|CDS|CYA_2363	100.000	327	0	0	1	327	1831	2157	1.88e-169	590
Ga0393523_02_9350_9589	CP000239.1:2370849-2373006|CDS|CYA_2363	99.583	240	1	0	1	240	1842	1603	9.66e-121	429
Ga0393523_02_9581_11152	CP000239.1:2370849-2373006|CDS|CYA_2363	99.936	1571	1	0	1	1571	40	1610	0.0	2829
Ga0393523_02_11229_12188	CP000239.1:2369786-2370812|CDS|CYA_2362	99.896	960	1	0	1	960	67	1026	0.0	1728
Ga0393523_02_11229_12188	CP000240.1:883062-884091|CDS|CYB_0850	92.083	960	76	0	1	960	70	1029	0.0	1389
Ga0393523_02_12453_13433	CP000239.1:2368607-2369564|CDS|CYA_2361	99.687	957	3	0	25	981	1	957	0.0	1713
Ga0393523_02_12453_13433	CP000240.1:884300-885257|CDS|CYB_0851	87.056	958	122	2	25	981	1	957	0.0	1162
Ga0393523_02_13495_14553	CP000239.1:2367487-2368546|CDS|CYA_2360	100.000	1059	0	0	1	1059	1	1059	0.0	1911
Ga0393523_02_13495_14553	CP000240.1:885360-886419|CDS|CYB_0852	86.969	1059	138	0	1	1059	1	1059	0.0	1288
Ga0393523_02_14685_15428	CP000239.1:2365934-2367356|CDS|CYA_2359	99.866	744	1	0	1	744	679	1422	0.0	1338
Ga0393523_02_14685_15428	CP000240.1:886555-887974|CDS|CYB_0853	92.473	744	56	0	1	744	676	1419	0.0	1090
Ga0393523_02_15470_15656	CP000239.1:2365934-2367356|CDS|CYA_2359	100.000	187	0	0	1	187	637	451	1.02e-93	338
Ga0393523_02_15470_15656	CP000240.1:886555-887974|CDS|CYB_0853	91.935	186	15	0	2	187	633	448	1.51e-72	269
Ga0393523_02_16249_17307	CP000239.1:2662396-2663455|CDS|CYA_2647	99.433	1059	6	0	1	1059	1	1059	0.0	1884
Ga0393523_02_16249_17307	CP000239.1:2364733-2365792|CDS|CYA_2358	99.433	1059	6	0	1	1059	1	1059	0.0	1884
Ga0393523_02_16249_17307	CP000240.1:1817799-1818858|CDS|CYB_1736	93.201	1059	72	0	1	1059	1	1059	0.0	1586
Ga0393523_02_16249_17307	CP000240.1:888122-889181|CDS|CYB_0854	92.918	1059	75	0	1	1059	1	1059	0.0	1572
Ga0393523_02_17801_17908	CP000239.1:2364132-2364240|CDS|CYA_2357	100.000	108	0	0	1	108	1	108	4.11e-51	196
Ga0393523_02_17801_17908	CP000240.1:889658-889766|CDS|CYB_0855	82.243	107	19	0	1	107	1	107	1.64e-24	108
Ga0393523_03_12_275	CP000239.1:2298435-2299770|CDS|CYA_2296	100.000	264	0	0	1	264	1072	1335	2.36e-135	477
Ga0393523_03_12_275	CP000240.1:1387468-1388773|CDS|CYB_1326	86.087	230	32	0	7	236	1048	1277	1.82e-73	271
Ga0393523_03_300_632	CP000239.1:2298078-2298411|CDS|CYA_2294	99.399	333	2	0	1	333	1	333	5.48e-170	592
Ga0393523_03_300_632	CP000240.1:1387082-1387433|CDS|CYB_1324	84.667	300	45	1	9	307	23	322	2.85e-91	331
Ga0393523_03_629_1396	CP000239.1:2297212-2298082|CDS|CYA_2295	100.000	768	0	0	1	768	103	870	0.0	1386
Ga0393523_03_629_1396	CP000240.1:1386258-1387086|CDS|CYB_1325	87.270	762	97	0	1	762	52	813	0.0	938
Ga0393523_03_1691_2158	CP000239.1:2296552-2297020|CDS|CYA_2293	100.000	468	0	0	1	468	1	468	0.0	845
Ga0393523_03_1691_2158	CP000240.1:1385547-1386015|CDS|CYB_1323	89.316	468	50	0	1	468	1	468	5.64e-178	619
Ga0393523_03_2229_2732	CP000239.1:2295978-2296602|CDS|CYA_2292	100.000	504	0	0	1	504	121	624	0.0	910
Ga0393523_03_2229_2732	CP000240.1:1383697-1384201|CDS|CYB_1321	90.982	499	45	0	1	499	1	499	0.0	698
Ga0393523_03_2855_4960	CP000239.1:2293750-2295856|CDS|CYA_2291	98.955	2106	22	0	1	2106	1	2106	0.0	3699
Ga0393523_03_2855_4960	CP000240.1:1381485-1383591|CDS|CYB_1320	86.847	2106	277	0	1	2106	1	2106	0.0	2550
Ga0393523_03_5025_5441	CP000239.1:2293257-2293686|CDS|CYA_2290	100.000	417	0	0	1	417	13	429	0.0	753
Ga0393523_03_5025_5441	CP000240.1:1381003-1381438|CDS|CYB_1319	85.575	409	59	0	2	410	14	422	1.63e-133	472
Ga0393523_03_5923_6822	CP000239.1:2291816-2293013|CDS|CYA_2289	99.778	900	1	1	1	900	226	1124	0.0	1611
Ga0393523_03_5923_6822	CP000240.1:1379590-1380676|CDS|CYB_1318	87.875	899	108	1	2	900	119	1016	0.0	1127
Ga0393523_03_7814_8587	CP000239.1:2290124-2290898|CDS|CYA_2285	99.871	774	1	0	1	774	1	774	0.0	1392
Ga0393523_03_7814_8587	CP000240.1:450943-451711|CDS|CYB_0442	85.325	770	107	2	1	770	1	764	0.0	876
Ga0393523_03_8756_9220	CP000239.1:2289491-2289956|CDS|CYA_2284	100.000	465	0	0	1	465	1	465	0.0	839
Ga0393523_03_8756_9220	CP000240.1:451960-452425|CDS|CYB_0443	88.362	464	54	0	1	464	1	464	2.23e-170	594
Ga0393523_03_9232_10029	CP000239.1:2288682-2289480|CDS|CYA_2283	99.875	798	1	0	1	798	1	798	0.0	1435
Ga0393523_03_9232_10029	CP000240.1:452437-453265|CDS|CYB_0444	80.098	819	135	5	4	796	10	826	0.0	746
Ga0393523_03_10047_10808	CP000239.1:2287903-2288665|CDS|CYA_2282	99.738	762	2	0	1	762	1	762	0.0	1366
Ga0393523_03_10047_10808	CP000240.1:453280-454042|CDS|CYB_0445	88.757	756	85	0	1	756	1	756	0.0	981
Ga0393523_03_10836_11939	CP000239.1:2286772-2287876|CDS|CYA_2281	100.000	1104	0	0	1	1104	1	1104	0.0	1992
Ga0393523_03_10836_11939	CP000240.1:454103-455207|CDS|CYB_0446	87.942	1103	133	0	1	1103	1	1103	0.0	1390
Ga0393523_03_11936_12196	CP000239.1:2286515-2286776|CDS|CYA_2280	100.000	261	0	0	1	261	1	261	9.91e-134	471
Ga0393523_03_11936_12196	CP000240.1:455203-455479|CDS|CYB_0447	85.882	255	36	0	1	255	1	255	1.29e-81	298
Ga0393523_03_12260_12727	CP000239.1:2285984-2286452|CDS|CYA_2279	100.000	468	0	0	1	468	1	468	0.0	845
Ga0393523_03_12966_13403	CP000239.1:2285308-2285746|CDS|CYA_2278	99.543	438	2	0	1	438	1	438	0.0	782
Ga0393523_03_12966_13403	CP000240.1:456260-456707|CDS|CYB_0449	83.055	419	71	0	1	419	1	419	1.24e-122	436
Ga0393523_04_5_337	CP000239.1:2228070-2228433|CDS|CYA_2213	100.000	333	0	0	1	333	31	363	1.06e-172	601
Ga0393523_04_5_337	CP000240.1:1090460-1090823|CDS|CYB_1052	86.446	332	45	0	2	333	32	363	8.15e-111	397
Ga0393523_04_555_1661	CP000239.1:2226776-2227883|CDS|CYA_2212	99.819	1107	2	0	1	1107	1	1107	0.0	1988
Ga0393523_04_555_1661	CP000240.1:1090988-1092098|CDS|CYB_1054	84.298	1089	165	1	1	1083	1	1089	0.0	1195
Ga0393523_04_2096_2272	CP000239.1:2226165-2226342|CDS|CYA_2211	100.000	177	0	0	1	177	1	177	2.56e-88	320
Ga0393523_04_3045_3602	CP000239.1:2224763-2225393|CDS|CYA_2210	99.642	558	2	0	1	558	73	630	0.0	998
Ga0393523_04_3045_3602	CP000240.1:1087212-1087833|CDS|CYB_1048	82.129	526	94	0	2	527	74	599	1.15e-149	526
Ga0393523_04_4732_5268	CP000239.1:2223209-2223746|CDS|CYA_2208	100.000	537	0	0	1	537	1	537	0.0	969
Ga0393523_04_4732_5268	CP000240.1:782479-783010|CDS|CYB_0761	80.897	513	98	0	1	513	1	513	3.38e-137	484
Ga0393523_04_5566_7407	CP000239.1:2221070-2222912|CDS|CYA_2206	99.946	1842	1	0	1	1842	1	1842	0.0	3318
Ga0393523_04_5566_7407	CP000240.1:1620131-1621991|CDS|CYB_1545	85.324	1867	240	4	1	1841	1	1859	0.0	2145
Ga0393523_04_7812_7970	CP000239.1:2220508-2220667|CDS|CYA_2205	100.000	159	0	0	1	159	1	159	1.35e-78	288
Ga0393523_04_7812_7970	CP000240.1:2124008-2124485|CDS|CYB_2018	78.125	160	31	2	1	158	1	158	9.71e-30	126
Ga0393523_04_7967_8314	CP000239.1:2220164-2220512|CDS|CYA_2204	100.000	348	0	0	1	348	1	348	0.0	628
Ga0393523_04_7967_8314	CP000240.1:2124481-2124820|CDS|CYB_2019	77.337	353	61	5	1	348	1	339	2.45e-73	271
Ga0393523_04_8392_8682	CP000239.1:2219796-2220123|CDS|CYA_2202	100.000	291	0	0	1	291	37	327	5.78e-150	526
Ga0393523_04_8392_8682	CP000240.1:2124862-2125189|CDS|CYB_2020	89.347	291	31	0	1	291	37	327	1.27e-107	386
Ga0393523_04_8821_9423	CP000239.1:2219055-2219643|CDS|CYA_2201	99.830	588	1	0	16	603	1	588	0.0	1057
Ga0393523_04_8821_9423	CP000240.1:2125296-2125899|CDS|CYB_2021	85.017	594	87	2	1	593	1	593	0.0	664
Ga0393523_04_9405_10490	CP000239.1:2217988-2219059|CDS|CYA_2199	99.907	1071	1	0	16	1086	1	1071	0.0	1928
Ga0393523_04_9405_10490	CP000240.1:2126003-2126951|CDS|CYB_2023	81.876	938	156	4	138	1068	15	945	0.0	921
Ga0393523_04_10472_10660	CP000239.1:2217818-2218007|CDS|CYA_2200	100.000	189	0	0	1	189	1	189	8.44e-95	342
Ga0393523_04_10472_10660	CP000240.1:2126947-2127142|CDS|CYB_2022	85.246	183	27	0	1	183	1	183	1.25e-54	209
Ga0393523_04_10923_11042	CP000239.1:2217436-2217676|CDS|CYA_2198	100.000	120	0	0	1	120	121	240	1.43e-57	217
Ga0393523_04_10923_11042	CP000240.1:2127281-2127521|CDS|CYB_2024	86.555	119	16	0	1	119	121	239	2.59e-35	143
Ga0393523_04_11126_11551	CP000239.1:2216927-2217353|CDS|CYA_2197	100.000	426	0	0	1	426	1	426	0.0	769
Ga0393523_04_11126_11551	CP000240.1:2127611-2128025|CDS|CYB_2025	72.275	422	105	1	1	422	1	410	5.13e-64	241
Ga0393523_04_11873_12778	CP000239.1:2215205-2216606|CDS|CYA_2196	100.000	906	0	0	1	906	496	1401	0.0	1635
Ga0393523_04_11873_12778	CP000240.1:783495-784899|CDS|CYB_0762	81.166	892	159	2	1	886	496	1384	0.0	851
Ga0393523_05_385_1836	CP000239.1:678142-679594|CDS|CYA_0668	97.934	1452	30	0	1	1452	1	1452	0.0	2484
Ga0393523_05_385_1836	CP000240.1:1097610-1099053|CDS|CYB_1060	89.020	1439	152	1	1	1433	1	1439	0.0	1884
Ga0393523_05_2096_2830	CP000239.1:679853-680588|CDS|CYA_0671	99.592	735	3	0	1	735	1	735	0.0	1313
Ga0393523_05_2096_2830	CP000240.1:1096452-1097280|CDS|CYB_1058	81.744	734	124	4	1	726	1	732	0.0	711
Ga0393523_05_2870_3307	CP000239.1:680627-681065|CDS|CYA_0672	100.000	438	0	0	1	438	1	438	0.0	791
Ga0393523_05_2870_3307	CP000240.1:1095966-1096404|CDS|CYB_1057	89.931	437	44	0	1	437	1	437	2.55e-169	590
Ga0393523_05_3378_4001	CP000239.1:681135-681759|CDS|CYA_0673	100.000	624	0	0	1	624	1	624	0.0	1126
Ga0393523_05_3378_4001	CP000240.1:1095278-1095896|CDS|CYB_1056	82.910	591	101	0	1	591	1	591	3.95e-175	611
Ga0393523_05_4547_4681	CP000239.1:457221-457626|CDS|CYA_0437	94.030	134	8	0	1	134	1	134	2.98e-54	206
Ga0393523_05_5733_7112	CP000239.1:683433-684870|CDS|CYA_0675	94.993	1378	69	0	1	1378	58	1435	0.0	2175
Ga0393523_05_5733_7112	CP000240.1:2208275-2209715|CDS|CYB_2114	94.275	1380	79	0	1	1380	61	1440	0.0	2133
Ga0393523_05_7311_7514	CP000240.1:2209865-2210111|CDS|CYB_2115	99.020	204	2	0	1	204	43	246	3.43e-100	360
Ga0393523_05_7311_7514	CP000239.1:684899-685172|CDS|CYA_0676	83.529	170	28	0	34	203	103	272	1.90e-46	181
Ga0393523_05_7542_8243	CP000239.1:685206-685908|CDS|CYA_0677	94.729	702	37	0	1	702	1	702	0.0	1100
Ga0393523_05_7542_8243	CP000240.1:2210138-2210840|CDS|CYB_2116	90.598	702	66	0	1	702	1	702	0.0	969
Ga0393523_05_8474_9097	CP000239.1:686138-686762|CDS|CYA_0678	96.795	624	20	0	1	624	1	624	0.0	1036
Ga0393523_05_8474_9097	CP000239.1:713714-714350|CDS|CYA_0706	94.212	622	36	0	1	622	1	622	0.0	960
Ga0393523_05_8474_9097	CP000240.1:2212140-2212764|CDS|CYB_2118	82.958	622	106	0	1	622	1	622	0.0	645
Ga0393523_05_9509_9631	CP000239.1:687173-687296|CDS|CYA_0679	100.000	123	0	0	1	123	1	123	3.47e-59	223
Ga0393523_05_9654_10055	CP000239.1:687318-687720|CDS|CYA_0680	100.000	402	0	0	1	402	1	402	0.0	726
Ga0393523_05_9654_10055	CP000240.1:2213301-2213703|CDS|CYB_2119	98.507	402	6	0	1	402	1	402	0.0	699
Ga0393523_05_9654_10055	CP000239.1:714926-715322|CDS|CYA_0708	73.834	386	97	2	10	393	1	384	2.05e-62	236
Ga0393523_05_11440_11676	CP000239.1:688001-688256|CDS|CYA_0682	100.000	237	0	0	1	237	19	255	9.52e-121	428
Ga0393523_05_11440_11676	CP000240.1:2213984-2214230|CDS|CYB_2121	93.671	237	6	1	1	237	19	246	3.33e-101	364
Ga0393523_05_11673_11897	CP000239.1:688252-688795|CDS|CYA_0681	100.000	225	0	0	1	225	319	543	2.94e-114	407
Ga0393523_05_11673_11897	CP000240.1:2214226-2214769|CDS|CYB_2120	96.444	225	8	0	1	225	319	543	2.12e-103	370
Ga0393523_05_11673_11897	CP000239.1:1744901-1745444|CDS|CYA_1740	83.796	216	35	0	1	216	319	534	1.34e-61	233
Ga0393523_06_33_1313	CP000239.1:715878-717159|CDS|CYA_0709	100.000	1281	0	0	1	1281	1	1281	0.0	2311
Ga0393523_06_33_1313	CP000240.1:1833864-1835145|CDS|CYB_1751	89.428	1277	135	0	1	1277	1	1277	0.0	1695
Ga0393523_06_1457_1936	CP000239.1:715288-715768|CDS|CYA_0707	99.583	480	2	0	1	480	1	480	0.0	857
Ga0393523_06_1457_1936	CP000240.1:1833257-1833770|CDS|CYB_1750	87.473	455	55	2	1	454	1	454	5.80e-159	557
Ga0393523_06_1903_2271	CP000239.1:714926-715322|CDS|CYA_0708	100.000	369	0	0	1	369	28	396	0.0	666
Ga0393523_06_1903_2271	CP000240.1:2213301-2213703|CDS|CYB_2119	75.793	347	80	2	13	357	49	393	1.26e-64	242
Ga0393523_06_1903_2271	CP000239.1:687318-687720|CDS|CYA_0680	74.928	347	83	2	13	357	49	393	2.78e-60	229
Ga0393523_06_2366_2488	CP000239.1:687173-687296|CDS|CYA_0679	91.870	123	10	0	1	123	1	123	1.29e-45	178
Ga0393523_06_2875_3510	CP000239.1:713714-714350|CDS|CYA_0706	98.428	636	10	0	1	636	1	636	0.0	1103
Ga0393523_06_2875_3510	CP000239.1:686138-686762|CDS|CYA_0678	91.801	622	51	0	1	622	1	622	0.0	893
Ga0393523_06_2875_3510	CP000240.1:2212140-2212764|CDS|CYB_2118	84.878	615	93	0	1	615	1	615	0.0	691
Ga0393523_06_3566_4780	CP000239.1:712444-713638|CDS|CYA_0704	98.325	1194	20	0	22	1215	1	1194	0.0	2064
Ga0393523_06_3566_4780	CP000240.1:2210858-2212052|CDS|CYB_2117	94.807	1194	62	0	22	1215	1	1194	0.0	1874
Ga0393523_06_3566_4780	CP000240.1:1954838-1956056|CDS|CYB_1872	92.529	1218	67	1	22	1215	1	1218	0.0	1804
Ga0393523_06_3566_4780	CP000239.1:2170714-2171908|CDS|CYA_2158	92.546	1194	89	0	22	1215	1	1194	0.0	1753
Ga0393523_06_3566_4780	CP000240.1:2796782-2798000|CDS|CYB_2707	91.297	1218	82	1	22	1215	1	1218	0.0	1737
Ga0393523_06_3566_4780	CP000239.1:1594889-1596107|CDS|CYA_1585	93.722	1131	71	0	22	1152	1	1131	0.0	1720
Ga0393523_06_3566_4780	CP000240.1:1083184-1084426|CDS|CYB_1042	89.694	1242	80	2	22	1215	1	1242	0.0	1698
Ga0393523_06_3566_4780	CP000240.1:2644164-2645358|CDS|CYB_2538	91.374	1194	103	0	22	1215	1	1194	0.0	1690
Ga0393523_06_3566_4780	CP000239.1:774779-775973|CDS|CYA_0767	91.374	1194	103	0	22	1215	1	1194	0.0	1690
Ga0393523_06_3566_4780	CP000240.1:2168360-2169515|CDS|CYB_2071	93.103	1131	78	0	22	1152	1	1131	0.0	1689
Ga0393523_06_3566_4780	CP000240.1:1803089-1804283|CDS|CYB_1722	91.290	1194	104	0	22	1215	1	1194	0.0	1685
Ga0393523_06_3566_4780	CP000240.1:52430-53648|CDS|CYB_0041	90.066	1218	97	1	22	1215	1	1218	0.0	1669
Ga0393523_06_3566_4780	CP000239.1:629980-631174|CDS|CYA_0620	91.046	1195	105	2	22	1215	1	1194	0.0	1666
Ga0393523_06_3566_4780	CP000240.1:1190675-1191869|CDS|CYB_1151	90.962	1195	106	2	22	1215	1	1194	0.0	1662
Ga0393523_06_3566_4780	CP000240.1:2247371-2248565|CDS|CYB_2147	91.866	1131	92	0	22	1152	1	1131	0.0	1626
Ga0393523_06_3566_4780	CP000240.1:2553363-2554557|CDS|CYB_2454	89.950	1194	120	0	22	1215	1	1194	0.0	1613
Ga0393523_06_3566_4780	CP000240.1:3008652-3009870|CDS|CYB_2910	88.916	1218	111	1	22	1215	1	1218	0.0	1606
Ga0393523_06_3566_4780	CP000240.1:638632-639850|CDS|CYB_0630	88.177	1218	120	1	22	1215	1	1218	0.0	1565
Ga0393523_06_3566_4780	CP000240.1:1064975-1066169|CDS|CYB_1023	88.442	1194	138	0	22	1215	1	1194	0.0	1532
Ga0393523_06_3566_4780	CP000240.1:1358129-1359347|CDS|CYB_1297	87.438	1218	129	1	22	1215	1	1218	0.0	1525
Ga0393523_06_3566_4780	CP000240.1:1521392-1522610|CDS|CYB_1450	87.110	1218	133	1	22	1215	1	1218	0.0	1507
Ga0393523_06_3566_4780	CP000240.1:1316312-1317548|CDS|CYB_1259	86.924	1216	135	1	22	1213	1	1216	0.0	1494
Ga0393523_06_3566_4780	CP000240.1:2830275-2831565|CDS|CYB_2735	85.887	1240	110	3	22	1213	1	1223	0.0	1493
Ga0393523_06_3566_4780	CP000240.1:481588-482800|CDS|CYB_0472	87.605	1194	144	4	22	1213	1	1192	0.0	1472
Ga0393523_06_3566_4780	CP000240.1:1842322-1843549|CDS|CYB_1759	86.235	1206	138	3	22	1201	1	1204	0.0	1439
Ga0393523_06_3566_4780	CP000239.1:994256-995468|CDS|CYA_0981	86.840	1193	155	2	22	1213	1	1192	0.0	1437
Ga0393523_06_3566_4780	CP000240.1:2619921-2621115|CDS|CYB_2521	86.444	1195	160	2	22	1215	1	1194	0.0	1418
Ga0393523_06_3566_4780	CP000240.1:2661652-2662870|CDS|CYB_2557	85.398	1219	152	3	22	1215	1	1218	0.0	1407
Ga0393523_06_3566_4780	CP000239.1:893439-894633|CDS|CYA_0887	86.914	1131	148	0	22	1152	1	1131	0.0	1373
Ga0393523_06_3566_4780	CP000240.1:629484-630702|CDS|CYB_0620	84.565	1218	164	1	22	1215	1	1218	0.0	1367
Ga0393523_06_3566_4780	CP000240.1:1244785-1246021|CDS|CYB_1201	84.634	1217	161	3	22	1213	1	1216	0.0	1362
Ga0393523_06_3566_4780	CP000240.1:2933473-2934709|CDS|CYB_2835	84.167	1219	163	5	22	1213	1	1216	0.0	1333
Ga0393523_06_3566_4780	CP000240.1:241642-242836|CDS|CYB_0233	86.143	1133	153	4	22	1152	1	1131	0.0	1322
Ga0393523_06_3566_4780	CP000240.1:1267756-1268992|CDS|CYB_1227	83.908	1218	168	5	22	1213	1	1216	0.0	1316
Ga0393523_06_3566_4780	CP000240.1:605550-606744|CDS|CYB_0598	84.519	1195	183	2	22	1215	1	1194	0.0	1315
Ga0393523_06_3566_4780	CP000240.1:1015074-1016268|CDS|CYB_0979	85.676	1131	162	0	22	1152	1	1131	0.0	1310
Ga0393523_06_3566_4780	CP000240.1:102811-104029|CDS|CYB_0087	84.675	1155	153	1	22	1152	1	1155	0.0	1303
Ga0393523_06_3566_4780	CP000240.1:1384265-1385459|CDS|CYB_1322	84.982	1132	168	2	22	1152	1	1131	0.0	1269
Ga0393523_06_3566_4780	CP000239.1:698055-699204|CDS|CYA_0690	83.798	1148	160	3	22	1144	1	1147	0.0	1242
Ga0393523_06_3566_4780	CP000240.1:345730-346924|CDS|CYB_0329	83.908	1131	182	0	22	1152	1	1131	0.0	1220
Ga0393523_06_3566_4780	CP000240.1:2565689-2566883|CDS|CYB_2468	83.127	1132	189	2	22	1152	1	1131	0.0	1174
Ga0393523_06_3566_4780	CP000240.1:2128026-2129220|CDS|CYB_2026	83.142	1133	187	4	22	1152	1	1131	0.0	1168
Ga0393523_06_3566_4780	CP000239.1:693322-694534|CDS|CYA_0687	81.475	1193	219	2	22	1213	1	1192	0.0	1149
Ga0393523_06_3566_4780	CP000240.1:2219258-2220470|CDS|CYB_2126	81.308	1193	221	2	22	1213	1	1192	0.0	1140
Ga0393523_06_3566_4780	CP000240.1:1763450-1764623|CDS|CYB_1688	81.377	1133	207	4	22	1152	1	1131	0.0	1078
Ga0393523_06_3566_4780	CP000240.1:1917270-1918464|CDS|CYB_1826	80.229	1133	220	4	22	1152	1	1131	0.0	1020
Ga0393523_06_3566_4780	CP000240.1:2506708-2507857|CDS|CYB_2410	74.336	1130	168	6	22	1030	1	1129	0.0	814
Ga0393523_06_3566_4780	CP000239.1:88305-89487|CDS|CYA_0091	74.283	1116	263	3	27	1136	6	1103	0.0	728
Ga0393523_06_4752_5291	CP000239.1:711933-712473|CDS|CYA_0705	95.926	540	22	0	1	540	1	540	0.0	875
Ga0393523_06_4752_5291	CP000240.1:2994282-2994861|CDS|CYB_2896	95.758	495	21	0	1	495	1	495	0.0	799
Ga0393523_06_5539_6087	CP000240.1:2995099-2995648|CDS|CYB_2897	98.543	549	8	0	1	549	1	549	0.0	955
Ga0393523_06_5539_6087	CP000239.1:711146-711695|CDS|CYA_0703	97.258	547	15	0	1	547	1	547	0.0	920
Ga0393523_06_5539_6087	CP000239.1:1866056-1866605|CDS|CYA_1862	87.044	548	71	0	1	548	1	548	0.0	669
Ga0393523_06_6319_9045	CP000239.1:708184-710911|CDS|CYA_0702	99.780	2727	6	0	1	2727	1	2727	0.0	4892
Ga0393523_06_6319_9045	CP000240.1:2995884-2998611|CDS|CYB_2898	98.240	2727	48	0	1	2727	1	2727	0.0	4702
Ga0393523_06_6319_9045	CP000239.1:1866700-1869412|CDS|CYA_1863	83.973	2708	428	1	1	2708	1	2702	0.0	2929
Ga0393523_06_9055_9561	CP000239.1:707668-708175|CDS|CYA_0701	100.000	507	0	0	1	507	1	507	0.0	915
Ga0393523_06_9055_9561	CP000240.1:2998620-2999127|CDS|CYB_2899	99.211	507	4	0	1	507	1	507	0.0	897
Ga0393523_06_9055_9561	CP000239.1:1279027-1279534|CDS|CYA_1263	87.771	507	62	0	1	507	1	507	0.0	636
Ga0393523_06_9654_10595	CP000239.1:706634-707576|CDS|CYA_0700	99.894	942	1	0	1	942	1	942	0.0	1695
Ga0393523_06_9654_10595	CP000240.1:2999219-3000161|CDS|CYB_2900	98.089	942	18	0	1	942	1	942	0.0	1618
Ga0393523_07_1250_1432_DR1	CP000240.1:2473047-2474172|CDS|CYB_2367	100.000	36	0	0	1	36	122	87	9.34e-13	66.2
Ga0393523_07_1250_1432_DR1	CP000240.1:380442-381219|CDS|CYB_0364	100.000	34	0	0	1	34	762	729	1.14e-11	62.6
Ga0393523_07_1250_1432_DR2	CP000240.1:2473047-2474172|CDS|CYB_2367	100.000	36	0	0	1	36	122	87	9.34e-13	66.2
Ga0393523_07_1250_1432_DR2	CP000240.1:380442-381219|CDS|CYB_0364	100.000	34	0	0	1	34	762	729	1.14e-11	62.6
Ga0393523_07_1250_1432_DR3	CP000240.1:2473047-2474172|CDS|CYB_2367	97.222	36	1	0	1	36	122	87	3.97e-11	61.7
Ga0393523_07_1440_2264	CP000239.1:545800-546625|CDS|CYA_0530	96.848	825	26	0	1	825	1	825	0.0	1371
Ga0393523_07_1440_2264	CP000240.1:575033-575858|CDS|CYB_0565	91.152	825	73	0	1	825	1	825	0.0	1159
Ga0393523_07_2301_3803	CP000239.1:544261-545764|CDS|CYA_0529	95.146	1504	71	2	1	1503	1	1503	0.0	2377
Ga0393523_07_2301_3803	CP000240.1:575975-577478|CDS|CYB_0566	82.301	1486	252	4	1	1485	1	1476	0.0	1487
Ga0393523_07_4111_5001	CP000239.1:543063-544068|CDS|CYA_0527	99.327	891	6	0	1	891	115	1005	0.0	1581
Ga0393523_07_4111_5001	CP000240.1:577659-578670|CDS|CYB_0569	89.764	889	91	0	1	889	121	1009	0.0	1194
Ga0393523_07_4111_5001	CP000239.1:954668-955745|CDS|CYA_0944	69.072	679	204	1	4	682	184	856	4.39e-75	279
Ga0393523_07_4111_5001	CP000240.1:2492542-2493619|CDS|CYB_2391	67.049	698	224	1	4	701	184	875	2.96e-58	224
Ga0393523_07_4965_5105	CP000239.1:542536-543100|CDS|CYA_0528	96.429	140	5	0	2	141	425	564	2.75e-61	231
Ga0393523_07_4965_5105	CP000240.1:578666-579200|CDS|CYB_0568	87.963	108	10	1	1	108	430	534	1.63e-32	135
Ga0393523_07_5067_5657	CP000240.1:578666-579200|CDS|CYB_0568	95.513	468	15	1	1	462	468	1	0.0	751
Ga0393523_07_5067_5657	CP000239.1:542536-543100|CDS|CYA_0528	89.394	462	49	0	1	462	462	1	1.07e-175	613
Ga0393523_07_6115_6600	CP000240.1:579741-580272|CDS|CYB_0571	97.737	486	11	0	1	486	46	531	0.0	828
Ga0393523_07_6115_6600	CP000239.1:541606-542092|CDS|CYA_0526	87.526	473	59	0	1	473	1	473	3.47e-168	588
Ga0393523_07_6115_6600	CP000240.1:844278-844764|CDS|CYB_0815	68.490	384	109	6	35	413	37	413	7.69e-31	132
Ga0393523_07_6741_7517	CP000240.1:580503-581184|CDS|CYB_0572	95.468	684	28	1	94	777	1	681	0.0	1093
Ga0393523_07_6741_7517	CP000239.1:540750-541434|CDS|CYA_0525	86.842	684	90	0	94	777	1	684	0.0	829
Ga0393523_07_6741_7517	CP000239.1:842102-842786|CDS|CYA_0831	71.833	600	157	4	159	752	48	641	1.85e-85	314
Ga0393523_07_7577_7858	CP000240.1:581243-581525|CDS|CYB_0573	95.745	282	12	0	1	282	1	282	8.29e-129	455
Ga0393523_07_7577_7858	CP000239.1:539817-540696|CDS|CYA_0524	74.828	290	44	5	1	282	1	269	3.54e-51	198
Ga0393523_07_7922_8470	CP000240.1:581586-582180|CDS|CYB_0574	87.710	594	28	5	1	549	1	594	0.0	761
Ga0393523_07_7922_8470	CP000239.1:539817-540696|CDS|CYA_0524	83.215	423	71	0	1	423	355	777	1.06e-124	444
Ga0393523_07_8495_8965	CP000240.1:582204-582675|CDS|CYB_0575	98.721	469	6	0	1	469	1	469	0.0	820
Ga0393523_07_8495_8965	CP000239.1:539315-539795|CDS|CYA_0523	86.567	469	63	0	1	469	10	478	1.34e-160	563
Ga0393523_07_9154_9843	CP000239.1:538609-539299|CDS|CYA_0522	95.652	690	30	0	1	690	1	690	0.0	1110
Ga0393523_07_9154_9843	CP000240.1:582863-583553|CDS|CYB_0576	90.870	690	63	0	1	690	1	690	0.0	961
Ga0393523_07_10154_10333	CP000239.1:538112-538292|CDS|CYA_0521	100.000	180	0	0	1	180	1	180	6.13e-90	325
Ga0393523_07_10154_10333	CP000240.1:308379-308559|CDS|CYB_0297	83.333	180	30	0	1	180	1	180	3.18e-49	190
Ga0393523_07_10528_11475	CP000239.1:536337-537918|CDS|CYA_0520	99.895	948	1	0	1	948	634	1581	0.0	1706
Ga0393523_07_10528_11475	CP000240.1:308750-310337|CDS|CYB_0298	87.991	941	107	1	1	935	634	1574	0.0	1189
Ga0393523_08_45_1403	CP000239.1:2700631-2701987|CDS|CYA_2686	97.050	1356	40	0	4	1359	1	1356	0.0	2266
Ga0393523_08_45_1403	CP000240.1:64390-65770|CDS|CYB_0051	86.980	1321	172	0	37	1357	58	1378	0.0	1608
Ga0393523_08_1461_2672	CP000239.1:2703598-2704810|CDS|CYA_2688	97.360	1212	32	0	1	1212	1	1212	0.0	2042
Ga0393523_08_1461_2672	CP000240.1:1455929-1457141|CDS|CYB_1384	81.856	1207	217	2	7	1212	7	1212	0.0	1183
Ga0393523_08_2848_3318	CP000239.1:2704984-2705455|CDS|CYA_2689	97.430	467	12	0	1	467	1	467	0.0	789
Ga0393523_08_2848_3318	CP000240.1:1457259-1457724|CDS|CYB_1385	80.631	444	83	1	27	467	18	461	1.53e-115	412
Ga0393523_08_3541_3948	CP000239.1:2610754-2611231|CDS|CYA_2587	99.265	408	3	0	1	408	70	477	0.0	723
Ga0393523_08_3541_3948	CP000239.1:2362619-2363096|CDS|CYA_2355	99.265	408	3	0	1	408	70	477	0.0	723
Ga0393523_08_3541_3948	CP000239.1:2604255-2604732|CDS|CYA_2580	99.261	406	3	0	3	408	72	477	0.0	719
Ga0393523_08_3541_3948	CP000239.1:563303-563780|CDS|CYA_0549	99.261	406	3	0	3	408	72	477	0.0	719
Ga0393523_08_3541_3948	CP000239.1:1922539-1923016|CDS|CYA_1913	99.020	408	4	0	1	408	70	477	0.0	719
Ga0393523_08_3541_3948	CP000239.1:65282-65759|CDS|CYA_0068	99.020	408	4	0	1	408	70	477	0.0	719
Ga0393523_08_3541_3948	CP000239.1:1968829-1969306|CDS|CYA_1958	99.015	406	4	0	3	408	72	477	0.0	715
Ga0393523_08_3541_3948	CP000239.1:2085206-2085683|CDS|CYA_2064	98.775	408	5	0	1	408	70	477	0.0	714
Ga0393523_08_3541_3948	CP000239.1:2426211-2426688|CDS|CYA_2415	98.768	406	5	0	3	408	72	477	0.0	710
Ga0393523_08_3541_3948	CP000239.1:1161245-1161722|CDS|CYA_1137	98.768	406	5	0	3	408	72	477	0.0	710
Ga0393523_08_3541_3948	CP000239.1:152387-152861|CDS|CYA_0156	99.007	403	4	0	1	403	70	472	0.0	710
Ga0393523_08_3541_3948	CP000239.1:2237233-2237710|CDS|CYA_2221	98.519	405	6	0	4	408	73	477	0.0	704
Ga0393523_08_3541_3948	CP000239.1:1153630-1154107|CDS|CYA_1128	98.276	406	7	0	3	408	72	477	0.0	701
Ga0393523_08_3541_3948	CP000239.1:2654704-2655019|CDS|CYA_2640	98.095	315	6	0	94	408	1	315	1.08e-154	542
Ga0393523_08_3541_3948	CP000239.1:2741014-2741329|CDS|CYA_2724	97.460	315	8	0	94	408	1	315	5.57e-152	533
Ga0393523_08_3973_5244	CP000239.1:2083979-2085251|CDS|CYA_2063	98.428	1272	20	0	1	1272	1	1272	0.0	2205
Ga0393523_08_3973_5244	CP000239.1:152816-154088|CDS|CYA_0158	98.113	1272	24	0	1	1272	1	1272	0.0	2186
Ga0393523_08_3973_5244	CP000239.1:2652297-2653569|CDS|CYA_2636	97.799	1272	28	0	1	1272	1	1272	0.0	2168
Ga0393523_08_3973_5244	CP000239.1:2604687-2605959|CDS|CYA_2581	97.799	1272	28	0	1	1272	1	1272	0.0	2168
Ga0393523_08_3973_5244	CP000239.1:1969261-1970533|CDS|CYA_1959	97.406	1272	33	0	1	1272	1	1272	0.0	2146
Ga0393523_08_3973_5244	CP000239.1:1160018-1161290|CDS|CYA_1136	97.406	1272	33	0	1	1272	1	1272	0.0	2146
Ga0393523_08_5474_6565	CP000239.1:2651107-2652193|CDS|CYA_2635	99.816	1086	2	0	7	1092	1	1086	0.0	1950
Ga0393523_08_5474_6565	CP000240.1:675946-677032|CDS|CYB_0662	85.649	1087	154	2	7	1092	1	1086	0.0	1251
Ga0393523_08_6930_7190	CP000239.1:2650476-2650803|CDS|CYA_2633	100.000	261	0	0	1	261	67	327	9.91e-134	471
Ga0393523_08_6930_7190	CP000240.1:677241-677640|CDS|CYB_0663	89.272	261	25	1	1	261	142	399	3.47e-95	343
Ga0393523_08_7523_7882	CP000239.1:2649784-2650144|CDS|CYA_2632	99.722	360	1	0	1	360	1	360	0.0	645
Ga0393523_08_7523_7882	CP000240.1:677970-678336|CDS|CYB_0664	79.714	350	59	3	1	341	7	353	1.01e-84	309
Ga0393523_08_7926_8603	CP000239.1:2649063-2649741|CDS|CYA_2631	100.000	678	0	0	1	678	1	678	0.0	1223
Ga0393523_08_7926_8603	CP000240.1:679815-680487|CDS|CYB_0666	87.309	654	83	0	1	654	1	654	0.0	806
Ga0393523_08_8613_8978	CP000239.1:2648736-2649054|CDS|CYA_2630	100.000	318	0	0	49	366	1	318	1.62e-164	574
Ga0393523_08_8613_8978	CP000240.1:680496-680868|CDS|CYB_0667	83.987	306	49	0	61	366	67	372	3.14e-91	332
Ga0393523_08_9195_10952	CP000239.1:2646699-2648472|CDS|CYA_2629	96.871	1758	52	1	1	1758	19	1773	0.0	2921
Ga0393523_08_9195_10952	CP000240.1:681089-682925|CDS|CYB_0668	75.392	1784	336	25	1	1707	19	1776	0.0	1219
Ga0393523_08_11079_11297	CP000239.1:2645143-2646559|CDS|CYA_2628	94.521	219	12	0	1	219	1198	1416	9.96e-95	342
Ga0393523_08_11079_11297	CP000240.1:683072-684488|CDS|CYB_0669	81.592	201	37	0	1	201	1204	1404	9.35e-51	196
Ga0393523_09_77_562	CP000239.1:2241563-2242049|CDS|CYA_2226	100.000	486	0	0	1	486	1	486	0.0	877
Ga0393523_09_77_562	CP000240.1:1508947-1509433|CDS|CYB_1439	91.152	486	43	0	1	486	1	486	0.0	683
Ga0393523_09_703_906	CP000239.1:2241219-2241423|CDS|CYA_2225	100.000	204	0	0	1	204	1	204	6.62e-103	369
Ga0393523_09_703_906	CP000240.1:1509599-1509803|CDS|CYB_1440	93.137	204	14	0	1	204	1	204	6.62e-84	306
Ga0393523_09_1039_2070	CP000239.1:2240055-2241087|CDS|CYA_2224	100.000	1032	0	0	1	1032	1	1032	0.0	1862
Ga0393523_09_1039_2070	CP000240.1:1509936-1510965|CDS|CYB_1441	85.142	1023	149	1	1	1023	1	1020	0.0	1159
Ga0393523_09_2095_3735	CP000239.1:2238390-2240031|CDS|CYA_2223	99.939	1641	1	0	1	1641	1	1641	0.0	2956
Ga0393523_09_2095_3735	CP000240.1:1511095-1512736|CDS|CYB_1442	88.300	1641	192	0	1	1641	1	1641	0.0	2094
Ga0393523_09_3779_4720	CP000240.1:1512795-1513710|CDS|CYB_1443	82.921	849	115	4	1	843	1	825	0.0	887
Ga0393523_09_5199_7040	CP000239.1:2233249-2235388|CDS|CYA_2218	100.000	1842	0	0	1	1842	298	2139	0.0	3323
Ga0393523_09_5199_7040	CP000240.1:1514302-1516441|CDS|CYB_1445	88.925	1842	204	0	1	1842	298	2139	0.0	2403
Ga0393523_09_7263_9230	CP000239.1:2231059-2233144|CDS|CYA_2217	99.848	1968	3	0	1	1968	118	2085	0.0	3536
Ga0393523_09_7263_9230	CP000240.1:1516616-1518803|CDS|CYB_1446	84.419	1842	255	7	156	1966	345	2185	0.0	2026
Ga0393523_09_9628_10674	CP000239.1:2229714-2230662|CDS|CYA_2216	100.000	948	0	0	100	1047	1	948	0.0	1710
Ga0393523_09_9628_10674	CP000240.1:1088231-1089179|CDS|CYB_1049	85.441	941	137	0	100	1040	1	941	0.0	1080
Ga0393523_10_460_1263	CP000239.1:1305856-1306660|CDS|CYA_1296	96.020	804	32	0	1	804	1	804	0.0	1306
Ga0393523_10_460_1263	CP000240.1:951714-952518|CDS|CYB_0914	93.026	803	56	0	1	803	1	803	0.0	1196
Ga0393523_10_1433_2242	CP000239.1:1306700-1307639|CDS|CYA_1297	97.901	810	17	0	1	810	130	939	0.0	1385
Ga0393523_10_1433_2242	CP000240.1:952598-953537|CDS|CYB_0915	90.852	798	73	0	1	798	130	927	0.0	1111
Ga0393523_10_2243_2893	CP000239.1:1307639-1308344|CDS|CYA_1298	100.000	651	0	0	1	651	55	705	0.0	1175
Ga0393523_10_2243_2893	CP000240.1:954733-955426|CDS|CYB_0916	82.383	579	76	2	1	578	64	617	7.46e-172	600
Ga0393523_10_3145_3552	CP000239.1:1308541-1308949|CDS|CYA_1299	99.755	408	1	0	1	408	1	408	0.0	732
Ga0393523_10_3145_3552	CP000240.1:955635-956043|CDS|CYB_0918	86.765	408	54	0	1	408	1	408	4.89e-140	493
Ga0393523_10_3668_4066	CP000239.1:1308992-1309463|CDS|CYA_1300	100.000	399	0	0	1	399	73	471	0.0	720
Ga0393523_10_3668_4066	CP000240.1:956126-956597|CDS|CYB_0919	86.466	399	54	0	1	399	73	471	3.67e-135	477
Ga0393523_10_4184_6352	CP000239.1:1309619-1311752|CDS|CYA_1301	99.858	2116	3	0	40	2155	1	2116	0.0	3803
Ga0393523_10_4184_6352	CP000240.1:956749-958873|CDS|CYB_0920	87.955	2117	255	0	40	2156	1	2117	0.0	2669
Ga0393523_10_6371_7600	CP000239.1:1311774-1313004|CDS|CYA_1302	98.130	1230	23	0	1	1230	1	1230	0.0	2115
Ga0393523_10_6371_7600	CP000240.1:958904-960134|CDS|CYB_0921	86.098	1230	171	0	1	1230	1	1230	0.0	1448
Ga0393523_10_7858_9048	CP000239.1:1318029-1319391|CDS|CYA_1308	99.916	1191	1	0	1	1191	172	1362	0.0	2144
Ga0393523_10_7858_9048	CP000240.1:965342-966683|CDS|CYB_0927	83.389	1192	196	2	1	1191	151	1341	0.0	1251
Ga0393523_10_9321_10052	CP000239.1:1317025-1317757|CDS|CYA_1307	99.727	732	2	0	1	732	1	732	0.0	1312
Ga0393523_10_9321_10052	CP000240.1:964369-965122|CDS|CYB_0926	84.016	732	117	0	1	732	22	753	0.0	793
Ga0393523_11_224_5485	CP000239.1:2758449-2763711|CDS|CYA_2742	99.829	5262	9	0	1	5262	1	5262	0.0	9450
Ga0393523_11_5669_8119	CP000239.1:2755811-2758262|CDS|CYA_2741	100.000	2451	0	0	1	2451	1	2451	0.0	4421
Ga0393523_11_5669_8119	CP000240.1:2026182-2028675|CDS|CYB_1935	79.379	2512	438	19	1	2451	1	2493	0.0	2182
Ga0393523_11_8428_8946	CP000239.1:2755038-2755503|CDS|CYA_2740	99.785	465	1	0	55	519	1	465	0.0	835
Ga0393523_11_8428_8946	CP000240.1:2028966-2029485|CDS|CYB_1936	88.439	519	60	0	1	519	1	519	0.0	666
Ga0393523_11_9058_9423	CP000239.1:2754507-2754873|CDS|CYA_2739	100.000	366	0	0	1	366	1	366	0.0	661
Ga0393523_11_9058_9423	CP000240.1:2029600-2029966|CDS|CYB_1937	92.582	364	27	0	1	364	1	364	1.42e-152	535
Ga0393523_11_9058_9423	CP000240.1:2029962-2030340|CDS|CYB_1938	64.535	344	116	2	10	350	10	350	5.70e-12	68.0
Ga0393523_11_9420_9812	CP000239.1:2754124-2754511|CDS|CYA_2738	99.742	387	1	0	7	393	1	387	0.0	694
Ga0393523_11_9420_9812	CP000240.1:2029962-2030340|CDS|CYB_1938	85.598	368	53	0	7	374	1	368	2.00e-119	425
Ga0393523_12_679_1311	CP000240.1:1432668-1433301|CDS|CYB_1361	94.313	633	36	0	1	633	1	633	0.0	980
Ga0393523_12_679_1311	CP000239.1:1142038-1142671|CDS|CYA_1113	84.518	633	98	0	1	633	1	633	0.0	700
Ga0393523_12_1369_1659	CP000240.1:1433358-1433664|CDS|CYB_1362	95.533	291	13	0	1	291	16	306	4.75e-132	467
Ga0393523_12_1369_1659	CP000239.1:1142910-1143216|CDS|CYA_1114	95.189	291	14	0	1	291	16	306	5.78e-131	462
Ga0393523_12_1819_2142	CP000239.1:1143360-1143684|CDS|CYA_1117	100.000	324	0	0	1	324	1	324	7.90e-168	585
Ga0393523_12_1819_2142	CP000240.1:1433860-1434175|CDS|CYB_1364	78.595	299	64	0	1	299	1	299	2.13e-67	251
Ga0393523_12_2139_3659	CP000239.1:1143680-1145201|CDS|CYA_1116	99.737	1521	4	0	1	1521	1	1521	0.0	2726
Ga0393523_12_2139_3659	CP000240.1:1434171-1435719|CDS|CYB_1363	86.281	1487	198	3	13	1493	13	1499	0.0	1755
Ga0393523_12_3740_4192	CP000239.1:1145281-1145773|CDS|CYA_1118	99.779	453	1	0	1	453	40	492	0.0	813
Ga0393523_12_3740_4192	CP000240.1:1435802-1436294|CDS|CYB_1365	85.343	423	56	1	2	424	41	457	2.83e-137	485
Ga0393523_12_4606_5058	CP000239.1:1146147-1146600|CDS|CYA_1119	99.558	453	2	0	1	453	1	453	0.0	809
Ga0393523_12_5081_7309	CP000239.1:1146622-1148851|CDS|CYA_1120	99.821	2229	4	0	1	2229	1	2229	0.0	4002
Ga0393523_12_5081_7309	CP000240.1:1140272-1142549|CDS|CYB_1106	81.194	2244	372	9	1	2204	1	2234	0.0	2150
Ga0393523_12_7932_8777	CP000239.1:1149395-1150319|CDS|CYA_1122	100.000	846	0	0	1	846	79	924	0.0	1526
Ga0393523_12_7932_8777	CP000240.1:447348-448278|CDS|CYB_0437	85.060	830	124	0	1	830	79	908	0.0	939
Ga0393523_13_1687_1965	CP000239.1:1941212-1941491|CDS|CYA_1927	100.000	279	0	0	1	279	1	279	1.80e-143	504
Ga0393523_13_1687_1965	CP000240.1:115466-115760|CDS|CYB_0098	83.582	268	44	0	10	277	25	292	8.77e-78	286
Ga0393523_13_2013_2732	CP000239.1:1941565-1942258|CDS|CYA_1929	95.238	693	33	0	28	720	1	693	0.0	1102
Ga0393523_13_2013_2732	CP000240.1:115839-116520|CDS|CYB_0100	82.265	671	115	2	52	720	13	681	0.0	669
Ga0393523_13_2729_3592	CP000239.1:1942254-1943112|CDS|CYA_1928	93.706	858	54	0	7	864	1	858	0.0	1305
Ga0393523_13_2729_3592	CP000240.1:116511-117381|CDS|CYB_0099	91.706	856	71	0	7	862	1	856	0.0	1224
Ga0393523_13_3657_4538	CP000239.1:1943182-1944007|CDS|CYA_1930	97.091	825	24	0	58	882	1	825	0.0	1380
Ga0393523_13_3657_4538	CP000240.1:117451-118333|CDS|CYB_0101	86.961	882	115	0	1	882	1	882	0.0	1073
Ga0393523_13_4540_5514	CP000239.1:1944065-1945040|CDS|CYA_1931	99.795	975	2	0	1	975	1	975	0.0	1750
Ga0393523_13_4540_5514	CP000240.1:118334-119306|CDS|CYB_0102	87.513	961	117	1	1	961	1	958	0.0	1191
Ga0393523_13_5855_6100	CP000239.1:1945380-1945626|CDS|CYA_1932	100.000	246	0	0	1	246	1	246	1.29e-125	444
Ga0393523_13_5855_6100	CP000240.1:119663-119909|CDS|CYB_0103	82.377	244	43	0	1	244	1	244	6.70e-66	247
Ga0393523_13_6528_7055	CP000239.1:1946053-1946593|CDS|CYA_1934	99.621	528	2	0	1	528	13	540	0.0	944
Ga0393523_13_6528_7055	CP000240.1:120506-121046|CDS|CYB_0105	83.460	526	87	0	1	526	13	538	6.41e-159	557
Ga0393523_13_7179_7592	CP000239.1:1946704-1947118|CDS|CYA_1935	100.000	414	0	0	1	414	1	414	0.0	747
Ga0393523_13_7179_7592	CP000240.1:121121-121568|CDS|CYB_0106	82.493	377	66	0	11	387	53	429	6.47e-107	383
Ga0393523_13_7932_8990	CP000239.1:1947457-1948516|CDS|CYA_1936	99.906	1059	1	0	1	1059	1	1059	0.0	1906
Ga0393523_13_7932_8990	CP000240.1:121854-122913|CDS|CYB_0107	88.102	1059	126	0	1	1059	1	1059	0.0	1342
Ga0393523_14_26_1831	CP000239.1:1369434-1371735|CDS|CYA_1361	98.007	1806	36	0	1	1806	496	2301	0.0	3095
Ga0393523_14_26_1831	CP000240.1:2906475-2908782|CDS|CYB_2807	88.119	1818	204	1	1	1806	490	2307	0.0	2312
Ga0393523_14_1898_3328	CP000239.1:1371801-1373232|CDS|CYA_1362	99.790	1431	3	0	1	1431	1	1431	0.0	2568
Ga0393523_14_1898_3328	CP000240.1:2904958-2906389|CDS|CYB_2806	87.737	1427	169	2	1	1424	1	1424	0.0	1782
Ga0393523_14_3701_5125	CP000239.1:1373604-1375029|CDS|CYA_1363	94.667	1425	76	0	1	1425	1	1425	0.0	2228
Ga0393523_14_3701_5125	CP000240.1:2903068-2904493|CDS|CYB_2804	88.124	1423	169	0	1	1423	1	1423	0.0	1805
Ga0393523_14_6262_6852	CP000239.1:1376020-1376737|CDS|CYA_1365	92.034	590	47	0	2	591	128	717	0.0	853
Ga0393523_14_6262_6852	CP000240.1:1989975-1990704|CDS|CYB_1904	82.788	581	100	0	7	587	145	725	2.35e-171	598
Ga0393523_15_43_249	CP000239.1:1650994-1651969|CDS|CYA_1654	100.000	207	0	0	1	207	769	975	1.58e-104	374
Ga0393523_15_43_249	CP000240.1:1705314-1706301|CDS|CYB_1636	86.207	203	28	0	1	203	769	971	2.35e-64	241
Ga0393523_15_297_1151	CP000239.1:1650092-1650863|CDS|CYA_1653	99.741	771	2	0	85	855	1	771	0.0	1382
Ga0393523_15_297_1151	CP000240.1:1704421-1705183|CDS|CYB_1635	82.171	774	123	2	85	855	1	762	0.0	779
Ga0393523_15_1241_1435	CP000239.1:1649808-1650003|CDS|CYA_1652	100.000	195	0	0	1	195	1	195	4.83e-98	352
Ga0393523_15_1241_1435	CP000240.1:1704135-1704330|CDS|CYB_1634	91.282	195	17	0	1	195	1	195	1.07e-74	276
Ga0393523_15_1465_1680	CP000239.1:1649563-1649779|CDS|CYA_1651	100.000	216	0	0	1	216	1	216	2.16e-109	390
Ga0393523_15_1465_1680	CP000240.1:1703890-1704106|CDS|CYB_1633	85.116	215	32	0	1	215	1	215	2.03e-65	244
Ga0393523_15_1708_2784	CP000239.1:1648459-1649500|CDS|CYA_1650	99.808	1041	2	0	37	1077	1	1041	0.0	1869
Ga0393523_15_1708_2784	CP000240.1:1702788-1703874|CDS|CYB_1632	84.869	1031	156	0	1	1031	1	1031	0.0	1157
Ga0393523_15_2804_3133	CP000239.1:1648110-1648440|CDS|CYA_1649	100.000	330	0	0	1	330	1	330	4.45e-171	596
Ga0393523_15_3833_4966	CP000239.1:1646276-1647641|CDS|CYA_1647	99.559	1134	5	0	1	1134	232	1365	0.0	2023
Ga0393523_15_3833_4966	CP000240.1:1615212-1616532|CDS|CYB_1539	82.639	1152	182	3	1	1134	169	1320	0.0	1179
Ga0393523_15_5293_5715	CP000240.1:1613936-1615136|CDS|CYB_1538	84.659	352	54	0	1	352	844	1195	1.28e-109	392
Ga0393523_15_5995_6189	CP000240.1:1613936-1615136|CDS|CYB_1538	74.227	194	50	0	1	194	352	545	1.22e-29	125
Ga0393523_15_6837_7826	CP000239.1:1641846-1642875|CDS|CYA_1641	99.798	990	2	0	1	990	40	1029	0.0	1777
Ga0393523_15_6837_7826	CP000240.1:1612786-1613734|CDS|CYB_1537	86.966	936	122	0	1	936	1	936	0.0	1139
Ga0393523_15_7889_8587	CP000239.1:1640410-1641823|CDS|CYA_1640	98.999	699	4	1	1	699	718	1413	0.0	1228
Ga0393523_15_7889_8587	CP000240.1:1611314-1612730|CDS|CYB_1536	87.411	699	88	0	1	699	718	1416	0.0	865
Ga0393523_16_45_284	CP000239.1:1795064-1795619|CDS|CYA_1794	100.000	240	0	0	1	240	316	555	2.27e-122	434
Ga0393523_16_45_284	CP000240.1:1697950-1698505|CDS|CYB_1626	87.866	239	29	0	2	240	317	555	3.38e-82	301
Ga0393523_16_297_818	CP000239.1:1794530-1795040|CDS|CYA_1793	100.000	510	0	0	13	522	1	510	0.0	921
Ga0393523_16_297_818	CP000240.1:1697421-1697934|CDS|CYB_1625	76.331	507	113	4	21	522	9	513	2.70e-100	362
Ga0393523_16_1016_2338	CP000239.1:1793010-1794354|CDS|CYA_1792	99.924	1323	1	0	1	1323	22	1344	0.0	2382
Ga0393523_16_1016_2338	CP000240.1:1695936-1697277|CDS|CYB_1624	84.397	1269	189	3	1	1266	16	1278	0.0	1391
Ga0393523_16_2376_4421	CP000239.1:1790927-1792973|CDS|CYA_1791	99.462	2046	11	0	1	2046	1	2046	0.0	3641
Ga0393523_16_2376_4421	CP000240.1:2340848-2342864|CDS|CYB_2234	82.134	1987	349	2	56	2039	2	1985	0.0	1980
Ga0393523_16_4674_5462	CP000239.1:1789886-1790675|CDS|CYA_1789	100.000	789	0	0	1	789	1	789	0.0	1424
Ga0393523_16_4674_5462	CP000240.1:2343335-2344115|CDS|CYB_2236	82.323	775	125	2	27	789	6	780	0.0	783
Ga0393523_16_5521_6432	CP000239.1:1788916-1789828|CDS|CYA_1788	100.000	912	0	0	1	912	1	912	0.0	1645
Ga0393523_16_5521_6432	CP000240.1:2344164-2345076|CDS|CYB_2237	83.111	900	147	4	16	911	13	911	0.0	925
Ga0393523_16_6485_6988	CP000239.1:1788360-1788864|CDS|CYA_1787	100.000	504	0	0	1	504	1	504	0.0	910
Ga0393523_16_6485_6988	CP000240.1:2345084-2345573|CDS|CYB_2238	83.636	495	72	2	1	495	1	486	2.96e-150	527
Ga0393523_16_7074_7679	CP000239.1:1787606-1788275|CDS|CYA_1786	99.835	606	1	0	1	606	64	669	0.0	1089
Ga0393523_16_7074_7679	CP000240.1:2345662-2346151|CDS|CYB_2239	82.255	479	85	0	118	596	1	479	4.67e-136	481
Ga0393523_17_1182_3563	CP000239.1:746651-749111|CDS|CYA_0741	95.455	2376	108	0	7	2382	85	2460	0.0	3799
Ga0393523_17_1182_3563	CP000240.1:1151414-1153880|CDS|CYB_1115	90.051	2372	234	2	2	2372	80	2450	0.0	3207
Ga0393523_17_3633_4886	CP000239.1:749180-750440|CDS|CYA_0742	98.413	1260	14	1	1	1254	1	1260	0.0	2184
Ga0393523_17_3633_4886	CP000240.1:1153961-1155236|CDS|CYB_1116	84.235	1275	180	4	1	1254	1	1275	0.0	1395
Ga0393523_17_4891_5244	CP000240.1:897783-898137|CDS|CYB_0864	78.531	354	76	0	1	354	1	354	6.25e-81	297
Ga0393523_17_5746_7029	CP000240.1:898963-900535|CDS|CYB_0868	79.829	1289	242	2	1	1277	145	1427	0.0	1160
Ga0393523_17_5746_7029	CP000239.1:750970-752635|CDS|CYA_0743	79.877	974	196	0	1	974	163	1136	0.0	874
Ga0393523_17_7483_8106	CP000239.1:752908-753541|CDS|CYA_0744	90.500	600	57	0	1	600	1	600	0.0	826
Ga0393523_17_7483_8106	CP000240.1:900868-901501|CDS|CYB_0869	84.044	633	92	1	1	624	1	633	0.0	691
Ga0393523_18_2459_3256	CP000239.1:2354506-2355397|CDS|CYA_2347	100.000	798	0	0	1	798	94	891	0.0	1440
Ga0393523_18_2459_3256	CP000240.1:1155327-1156215|CDS|CYB_1117	87.340	782	99	0	1	782	91	872	0.0	965
Ga0393523_18_2459_3256	CP000239.1:719653-720526|CDS|CYA_0714	64.698	762	240	19	3	751	90	835	6.23e-22	103
Ga0393523_18_2459_3256	CP000240.1:3003800-3004655|CDS|CYB_2905	65.000	680	211	17	3	670	90	754	6.23e-22	102
Ga0393523_18_3890_4558	CP000239.1:2356030-2356699|CDS|CYA_2348	99.851	669	1	0	1	669	1	669	0.0	1203
Ga0393523_18_3890_4558	CP000240.1:895381-896095|CDS|CYB_0862	75.235	533	132	0	1	533	1	533	8.22e-102	367
Ga0393523_18_4878_5771	CP000239.1:2357018-2357912|CDS|CYA_2349	100.000	894	0	0	1	894	1	894	0.0	1613
Ga0393523_18_4878_5771	CP000240.1:894186-895071|CDS|CYB_0861	83.531	844	139	0	49	892	40	883	0.0	896
Ga0393523_18_6103_6363	CP000239.1:2358243-2358513|CDS|CYA_2350	100.000	261	0	0	1	261	10	270	9.91e-134	471
Ga0393523_18_6103_6363	CP000240.1:893828-894107|CDS|CYB_0860	79.693	261	53	0	1	261	19	279	1.58e-61	233
Ga0393523_18_6531_6794	CP000239.1:2358671-2358935|CDS|CYA_2351	100.000	264	0	0	1	264	1	264	2.36e-135	477
Ga0393523_18_6531_6794	CP000240.1:893301-893565|CDS|CYB_0859	84.470	264	41	0	1	264	1	264	1.94e-79	292
Ga0393523_18_6945_8051	CP000239.1:2359085-2360345|CDS|CYA_2352	100.000	1107	0	0	1	1107	154	1260	0.0	1997
Ga0393523_18_6945_8051	CP000240.1:891887-893147|CDS|CYB_0858	83.288	1107	185	0	1	1107	154	1260	0.0	1163
Ga0393523_19_21_284	CP000239.1:2876636-2878715|CDS|CYA_2861	96.970	264	8	0	1	264	1816	2079	1.70e-124	441
Ga0393523_19_21_284	CP000240.1:2611354-2613433|CDS|CYB_2516	96.212	264	10	0	1	264	1816	2079	8.80e-122	432
Ga0393523_19_743_2935	CP000239.1:2879173-2881366|CDS|CYA_2862	96.078	2193	86	0	1	2193	1	2193	0.0	3568
Ga0393523_19_743_2935	CP000240.1:2613612-2615805|CDS|CYB_2517	89.153	2185	237	0	1	2185	1	2185	0.0	2873
Ga0393523_19_2978_3901	CP000239.1:2881408-2882332|CDS|CYA_2863	99.784	924	2	0	1	924	1	924	0.0	1658
Ga0393523_19_2978_3901	CP000240.1:2615877-2616801|CDS|CYB_2518	81.926	924	163	4	1	922	1	922	0.0	900
Ga0393523_19_3909_4361	CP000239.1:2882339-2882792|CDS|CYA_2864	100.000	453	0	0	1	453	1	453	0.0	818
Ga0393523_19_3909_4361	CP000240.1:1331509-1331944|CDS|CYB_1274	79.808	416	82	2	39	453	21	435	1.91e-101	365
Ga0393523_19_4474_5013	CP000239.1:2882904-2883444|CDS|CYA_2865	100.000	540	0	0	1	540	1	540	0.0	975
Ga0393523_19_4474_5013	CP000240.1:1562118-1562664|CDS|CYB_1486	81.544	531	92	1	16	540	16	546	5.75e-147	517
Ga0393523_19_5070_5624	CP000239.1:2883500-2884055|CDS|CYA_2866	99.820	555	1	0	1	555	1	555	0.0	997
Ga0393523_19_5070_5624	CP000240.1:1561334-1561886|CDS|CYB_1485	83.932	529	85	0	1	529	1	529	3.06e-163	572
Ga0393523_19_5678_6046	CP000239.1:2884108-2884477|CDS|CYA_2867	99.729	369	1	0	1	369	1	369	0.0	662
Ga0393523_19_5678_6046	CP000240.1:1560911-1561280|CDS|CYB_1484	81.522	368	68	0	1	368	1	368	2.28e-99	358
Ga0393523_19_6171_7052	CP000239.1:2884601-2885483|CDS|CYA_2868	99.887	882	1	0	1	882	1	882	0.0	1587
Ga0393523_19_6171_7052	CP000239.1:2885817-2886651|CDS|CYA_2869	81.583	695	128	0	1	695	1	695	0.0	677
Ga0393523_19_6171_7052	CP000240.1:1559946-1560831|CDS|CYB_1483	78.045	706	155	0	1	706	1	706	4.06e-164	575
Ga0393523_19_6171_7052	CP000240.1:1558658-1559549|CDS|CYB_1482	75.212	706	172	1	1	706	1	703	1.97e-136	483
Ga0393523_19_6171_7052	CP000239.1:2886812-2887649|CDS|CYA_2870	74.680	703	175	1	1	703	1	700	5.28e-131	464
Ga0393523_19_7387_7953	CP000239.1:2885817-2886651|CDS|CYA_2869	91.358	567	49	0	1	567	268	834	0.0	802
Ga0393523_19_7387_7953	CP000239.1:2884601-2885483|CDS|CYA_2868	85.714	427	61	0	2	428	269	695	1.98e-140	496
Ga0393523_19_7387_7953	CP000239.1:2886812-2887649|CDS|CYA_2870	75.000	572	135	4	2	566	266	836	1.34e-104	377
Ga0393523_19_7387_7953	CP000240.1:1559946-1560831|CDS|CYB_1483	78.972	428	90	0	1	428	268	695	6.92e-102	367
Ga0393523_19_7387_7953	CP000240.1:1558658-1559549|CDS|CYB_1482	78.689	427	91	0	2	428	266	692	1.03e-99	361
Ga0393523_21_6_314	CP000239.1:1628282-1629023|CDS|CYA_1625	100.000	309	0	0	1	309	433	741	1.04e-159	558
Ga0393523_21_1372_2505	CP000239.1:1629792-1630971|CDS|CYA_1627	100.000	1134	0	0	1	1134	46	1179	0.0	2046
Ga0393523_21_1372_2505	CP000240.1:1983818-1984997|CDS|CYB_1897	88.496	1130	130	0	5	1134	50	1179	0.0	1452
Ga0393523_21_2496_3146	CP000239.1:1630961-1631612|CDS|CYA_1626	100.000	651	0	0	1	651	1	651	0.0	1175
Ga0393523_21_2496_3146	CP000240.1:1983177-1983828|CDS|CYB_1898	85.407	651	95	0	1	651	1	651	0.0	746
Ga0393523_21_3205_3453	CP000239.1:1631670-1631919|CDS|CYA_1628	100.000	249	0	0	1	249	1	249	3.08e-127	450
Ga0393523_21_3581_4105	CP000239.1:1632070-1632571|CDS|CYA_1629	99.800	501	1	0	25	525	1	501	0.0	900
Ga0393523_21_3581_4105	CP000240.1:935938-936439|CDS|CYB_0906	82.209	489	87	0	25	513	1	489	7.77e-139	490
Ga0393523_21_4128_4436	CP000239.1:1632593-1632902|CDS|CYA_1630	100.000	309	0	0	1	309	1	309	1.04e-159	558
Ga0393523_21_4128_4436	CP000240.1:1333696-1334005|CDS|CYB_1278	88.997	309	34	0	1	309	1	309	1.45e-113	405
Ga0393523_21_4513_5121	CP000239.1:1632978-1633587|CDS|CYA_1631	95.567	609	27	0	1	609	1	609	0.0	977
Ga0393523_21_4513_5121	CP000240.1:1334082-1334691|CDS|CYB_1279	85.714	609	87	0	1	609	1	609	0.0	707
Ga0393523_21_5227_6555	CP000239.1:1633706-1634978|CDS|CYA_1632	85.389	1273	163	7	79	1329	1	1272	0.0	1447
Ga0393523_21_5227_6555	CP000240.1:1334810-1336124|CDS|CYB_1280	81.278	1330	208	12	25	1329	1	1314	0.0	1260
Ga0393523_21_6838_7554	CP000239.1:1635201-1635933|CDS|CYA_1633	90.571	700	48	2	1	700	34	715	0.0	973
Ga0393523_21_6838_7554	CP000240.1:1336293-1337025|CDS|CYB_1281	83.143	700	100	2	1	700	34	715	0.0	738
Ga0393523_22_18_896	CP000239.1:1829087-1829966|CDS|CYA_1824	99.431	879	5	0	1	879	1	879	0.0	1563
Ga0393523_22_18_896	CP000240.1:429844-430723|CDS|CYB_0421	98.180	879	16	0	1	879	1	879	0.0	1514
Ga0393523_22_1174_2085	CP000239.1:1830243-1831182|CDS|CYA_1825	95.740	939	13	1	1	912	1	939	0.0	1534
Ga0393523_22_1174_2085	CP000240.1:428628-429567|CDS|CYB_0420	94.782	939	22	1	1	912	1	939	0.0	1493
Ga0393523_22_2142_3341	CP000239.1:1831238-1832429|CDS|CYA_1826	99.412	1191	7	0	10	1200	1	1191	0.0	2117
Ga0393523_22_2142_3341	CP000240.1:427381-428572|CDS|CYB_0419	98.489	1191	18	0	10	1200	1	1191	0.0	2067
Ga0393523_22_3381_3479	CP000239.1:1832477-1832771|CDS|CYA_1827	100.000	99	0	0	1	99	196	294	2.83e-46	179
Ga0393523_22_3381_3479	CP000240.1:427044-427338|CDS|CYB_0418	97.980	99	2	0	1	99	196	294	1.46e-43	170
Ga0393523_22_3405_3695	CP000239.1:1832477-1832771|CDS|CYA_1827	98.148	270	5	0	1	270	270	1	1.66e-131	465
Ga0393523_22_3405_3695	CP000240.1:427044-427338|CDS|CYB_0418	97.778	270	6	0	1	270	270	1	2.02e-130	461
Ga0393523_22_3700_4980	CP000239.1:1832796-1834233|CDS|CYA_1828	98.205	1281	23	0	1	1281	157	1437	0.0	2207
Ga0393523_22_3700_4980	CP000240.1:425582-427019|CDS|CYB_0417	98.126	1281	24	0	1	1281	157	1437	0.0	2203
Ga0393523_22_6009_6302	CP000239.1:1835004-1835298|CDS|CYA_1830	100.000	294	0	0	1	294	1	294	1.37e-151	531
Ga0393523_22_6009_6302	CP000240.1:424515-424845|CDS|CYB_0415	98.639	294	4	0	1	294	37	330	3.69e-146	513
Ga0393523_22_6489_6902	CP000239.1:1835352-1835898|CDS|CYA_1831	100.000	414	0	0	1	414	133	546	0.0	747
Ga0393523_22_6489_6902	CP000240.1:423915-424461|CDS|CYB_0414	99.275	414	3	0	1	414	133	546	0.0	734
Ga0393523_22_6489_6902	CP000239.1:2474425-2474977|CDS|CYA_2464	70.968	403	115	2	1	402	133	534	2.26e-49	193
Ga0393523_22_6489_6902	CP000240.1:1503975-1504527|CDS|CYB_1434	68.889	405	120	4	1	402	133	534	6.93e-37	150
Ga0393523_22_6945_7169	CP000239.1:1835940-1836165|CDS|CYA_1832	100.000	225	0	0	1	225	1	225	2.94e-114	407
Ga0393523_22_6945_7169	CP000240.1:423648-423873|CDS|CYB_0413	96.444	225	8	0	1	225	1	225	2.12e-103	370
Ga0393523_22_7173_7511	CP000240.1:423285-423645|CDS|CYB_0412	90.833	360	12	1	1	339	1	360	2.38e-149	525
Ga0393523_22_7173_7511	CP000239.1:1836168-1836528|CDS|CYA_1833	90.833	360	12	1	1	339	1	360	2.38e-149	525
Ga0393523_23_58_1140	CP000239.1:662802-663885|CDS|CYA_0654	99.815	1083	2	0	1	1083	1	1083	0.0	1945
Ga0393523_23_58_1140	CP000239.1:903530-904487|CDS|CYA_0896	95.928	835	34	0	10	844	25	859	0.0	1353
Ga0393523_23_58_1140	CP000240.1:616166-617264|CDS|CYB_0605	84.049	1072	171	0	10	1081	25	1096	0.0	1163
Ga0393523_23_1484_3958	CP000239.1:664228-666703|CDS|CYA_0656	99.960	2475	1	0	1	2475	1	2475	0.0	4460
Ga0393523_23_1484_3958	CP000240.1:617631-620106|CDS|CYB_0607	91.636	2475	207	0	1	2475	1	2475	0.0	3531
Ga0393523_23_4107_4739	CP000239.1:666851-667484|CDS|CYA_0657	100.000	633	0	0	1	633	1	633	0.0	1142
Ga0393523_23_4107_4739	CP000240.1:620233-620869|CDS|CYB_0608	89.117	634	66	1	1	631	1	634	0.0	831
Ga0393523_23_4757_5332	CP000239.1:667501-668083|CDS|CYA_0658	98.797	582	1	1	1	576	1	582	0.0	1020
Ga0393523_23_5360_5971	CP000239.1:668110-668722|CDS|CYA_0659	100.000	612	0	0	1	612	1	612	0.0	1104
Ga0393523_23_5360_5971	CP000240.1:621482-622094|CDS|CYB_0610	89.706	612	63	0	1	612	1	612	0.0	820
Ga0393523_23_6187_6513	CP000239.1:668841-669264|CDS|CYA_0660	100.000	327	0	0	1	327	97	423	1.88e-169	590
Ga0393523_23_6547_7146	CP000239.1:669297-669954|CDS|CYA_0661	100.000	600	0	0	1	600	58	657	0.0	1083
Ga0393523_23_6547_7146	CP000240.1:622508-623096|CDS|CYB_0612	87.500	552	67	2	25	575	16	566	0.0	678
Ga0393523_24_337_564	CP000239.1:1406261-1406588|CDS|CYA_1400	100.000	226	0	0	3	228	102	327	8.54e-115	408
Ga0393523_24_337_564	CP000240.1:2338667-2338958|CDS|CYB_2232	81.858	226	41	0	3	228	66	291	7.03e-59	224
Ga0393523_24_575_1132	CP000239.1:1406652-1407894|CDS|CYA_1401	100.000	558	0	0	1	558	685	1242	0.0	1007
Ga0393523_24_575_1132	CP000240.1:2339048-2340305|CDS|CYB_2233	83.818	550	89	0	1	550	685	1234	3.29e-169	591
Ga0393523_24_1234_1551	CP000239.1:1407995-1408382|CDS|CYA_1402	100.000	318	0	0	1	318	70	387	1.40e-164	574
Ga0393523_24_1234_1551	CP000240.1:1695495-1695813|CDS|CYB_1623	84.810	316	48	0	1	316	1	316	2.38e-98	354
Ga0393523_24_1761_2243	CP000239.1:1408486-1409005|CDS|CYA_1403	100.000	483	0	0	1	483	37	519	0.0	872
Ga0393523_24_1761_2243	CP000240.1:1694793-1695312|CDS|CYB_1622	90.126	476	47	0	1	476	37	512	0.0	647
Ga0393523_24_2721_3704	CP000239.1:1409482-1410466|CDS|CYA_1404	100.000	984	0	0	1	984	1	984	0.0	1775
Ga0393523_24_2721_3704	CP000240.1:1693687-1694671|CDS|CYB_1621	84.654	984	151	0	1	984	1	984	0.0	1095
Ga0393523_24_3766_4590	CP000239.1:1410527-1411340|CDS|CYA_1405	100.000	813	0	0	13	825	1	813	0.0	1467
Ga0393523_24_3766_4590	CP000240.1:1692810-1693674|CDS|CYB_1620	81.017	806	149	2	13	816	1	804	0.0	759
Ga0393523_24_4822_5133	CP000240.1:1692254-1692566|CDS|CYB_1619	98.718	312	4	0	1	312	1	312	6.65e-156	545
Ga0393523_24_4822_5133	CP000239.1:1411584-1411896|CDS|CYA_1406	89.744	312	32	0	1	312	1	312	6.66e-118	419
Ga0393523_24_5224_6858	CP000239.1:1411962-1413597|CDS|CYA_1407	98.654	1635	22	0	1	1635	1	1635	0.0	2850
Ga0393523_24_5224_6858	CP000240.1:1690529-1692164|CDS|CYB_1618	90.703	1635	152	0	1	1635	1	1635	0.0	2264
Ga0393523_24_5224_6858	CP000239.1:349031-350660|CDS|CYA_0332	70.408	1595	452	9	1	1585	1	1585	0.0	727
Ga0393523_24_5224_6858	CP000240.1:1794623-1796243|CDS|CYB_1712	70.050	1586	435	9	19	1584	19	1584	0.0	715
Ga0393523_25_635_1234	CP000239.1:1379705-1380305|CDS|CYA_1368	100.000	600	0	0	1	600	1	600	0.0	1083
Ga0393523_25_635_1234	CP000240.1:2993669-2994269|CDS|CYB_2895	88.087	596	71	0	1	596	1	596	0.0	755
Ga0393523_25_1256_1591	CP000239.1:1380326-1380662|CDS|CYA_1369	100.000	336	0	0	1	336	1	336	2.51e-174	607
Ga0393523_25_1256_1591	CP000240.1:2993298-2993634|CDS|CYB_2894	91.667	336	28	0	1	336	1	336	2.52e-136	480
Ga0393523_25_1759_2655	CP000239.1:1380829-1381726|CDS|CYA_1370	99.889	897	1	0	1	897	1	897	0.0	1614
Ga0393523_25_1759_2655	CP000240.1:2992181-2992970|CDS|CYB_2893	90.000	780	78	0	118	897	10	789	0.0	1056
Ga0393523_25_2692_4200	CP000239.1:1381762-1383271|CDS|CYA_1371	99.801	1509	3	0	1	1509	1	1509	0.0	2709
Ga0393523_25_2692_4200	CP000240.1:2990654-2992163|CDS|CYB_2891	88.734	1509	170	0	1	1509	1	1509	0.0	1956
Ga0393523_25_4222_5436	CP000239.1:1383292-1384507|CDS|CYA_1372	99.918	1215	1	0	1	1215	1	1215	0.0	2187
Ga0393523_25_4222_5436	CP000240.1:1988655-1989891|CDS|CYB_1903	82.750	1200	207	0	12	1211	9	1208	0.0	1232
Ga0393523_25_5453_5695	CP000239.1:1384523-1384889|CDS|CYA_1373	100.000	243	0	0	1	243	124	366	5.41e-124	439
Ga0393523_25_5453_5695	CP000240.1:1622161-1622404|CDS|CYB_1546	81.328	241	45	0	1	241	1	241	1.46e-61	233
Ga0393523_25_6015_6395	CP000239.1:1386919-1387207|CDS|CYA_1376	99.648	284	0	1	1	284	1	283	2.51e-143	505
Ga0393523_26_455_1201	CP000239.1:2266058-2266988|CDS|CYA_2257	89.796	735	75	0	1	735	172	906	0.0	988
Ga0393523_26_455_1201	CP000240.1:1421430-1422348|CDS|CYB_1353	77.155	731	167	0	1	731	172	902	1.77e-161	566
Ga0393523_26_1217_2824	CP000239.1:2264430-2266038|CDS|CYA_2256	99.689	1608	5	0	1	1608	1	1608	0.0	2878
Ga0393523_26_1217_2824	CP000240.1:2348918-2350535|CDS|CYB_2244	83.178	1605	268	2	1	1604	1	1604	0.0	1671
Ga0393523_26_2947_3795	CP000239.1:2263459-2264308|CDS|CYA_2254	99.882	849	1	0	1	849	1	849	0.0	1527
Ga0393523_26_2947_3795	CP000240.1:2501737-2502595|CDS|CYB_2403	85.000	840	126	0	2	841	2	841	0.0	948
Ga0393523_26_3876_4616	CP000239.1:2262758-2263379|CDS|CYA_2253	92.432	621	47	0	121	741	1	621	0.0	909
Ga0393523_26_3876_4616	CP000240.1:2502642-2503263|CDS|CYB_2404	86.634	621	83	0	121	741	1	621	0.0	746
Ga0393523_26_4787_6247	CP000239.1:2261007-2262468|CDS|CYA_2252	100.000	1461	0	0	1	1461	1	1461	0.0	2636
Ga0393523_26_4787_6247	CP000240.1:2503543-2505004|CDS|CYB_2405	85.000	1460	219	0	1	1460	1	1460	0.0	1646
Ga0393523_27_466_1665	CP000239.1:2331573-2332773|CDS|CYA_2328	99.583	1200	5	0	1	1200	1	1200	0.0	2142
Ga0393523_27_466_1665	CP000240.1:1627419-1628604|CDS|CYB_1554	82.067	1171	206	2	1	1169	1	1169	0.0	1160
Ga0393523_27_466_1665	CP000240.1:1627638-1628709|CDS|CYB_1553	81.618	952	171	2	220	1169	1071	122	0.0	923
Ga0393523_27_1680_3575	CP000239.1:2332787-2334683|CDS|CYA_2329	99.684	1896	6	0	1	1896	1	1896	0.0	3393
Ga0393523_27_1680_3575	CP000240.1:1596007-1597948|CDS|CYB_1520	83.531	1937	271	9	1	1892	1	1934	0.0	2058
Ga0393523_27_3688_4068	CP000239.1:2334828-2335176|CDS|CYA_2330	100.000	348	0	0	34	381	1	348	0.0	628
Ga0393523_27_3688_4068	CP000240.1:1595530-1595872|CDS|CYB_1519	85.050	301	45	0	79	379	40	340	6.33e-94	341
Ga0393523_27_4068_4415	CP000239.1:2335175-2335523|CDS|CYA_2331	99.709	344	1	0	1	344	1	344	5.03e-177	617
Ga0393523_27_4068_4415	CP000240.1:1595183-1595483|CDS|CYB_1518	85.172	290	43	0	59	348	11	300	1.04e-90	330
Ga0393523_27_4478_5065	CP000240.1:1594527-1595121|CDS|CYB_1517	85.160	593	82	1	1	587	1	593	0.0	674
Ga0393523_27_4478_5065	CP000239.1:2335567-2336134|CDS|CYA_2332	83.365	523	87	0	8	530	5	527	3.05e-157	552
Ga0393523_27_5083_6183	CP000239.1:2336151-2337768|CDS|CYA_2334	84.881	840	115	3	48	875	57	896	0.0	940
Ga0393523_27_5083_6183	CP000240.1:1592884-1594510|CDS|CYB_1516	79.224	876	164	4	19	876	28	903	0.0	758
Ga0393523_27_6280_6507	CP000239.1:2336151-2337768|CDS|CYA_2334	100.000	228	0	0	1	228	1390	1617	7.01e-116	412
Ga0393523_27_6280_6507	CP000240.1:1592884-1594510|CDS|CYB_1516	74.611	193	45	4	4	194	1411	1601	9.16e-26	113
Ga0393523_28_384_929	CP000239.1:2839763-2840309|CDS|CYA_2821	100.000	546	0	0	1	546	1	546	0.0	985
Ga0393523_28_384_929	CP000240.1:854763-855291|CDS|CYB_0824	80.734	545	85	5	1	544	1	526	1.05e-143	506
Ga0393523_28_1193_2569	CP000239.1:2838132-2839500|CDS|CYA_2820	97.821	1377	21	1	1	1377	1	1368	0.0	2352
Ga0393523_28_1193_2569	CP000240.1:853142-854510|CDS|CYB_0823	85.196	1378	193	3	1	1377	1	1368	0.0	1563
Ga0393523_28_2818_4113	CP000239.1:2836588-2837884|CDS|CYA_2818	99.923	1296	1	0	1	1296	1	1296	0.0	2333
Ga0393523_28_2818_4113	CP000240.1:851515-852811|CDS|CYB_0822	87.975	1289	155	0	1	1289	1	1289	0.0	1627
Ga0393523_28_4219_5163	CP000239.1:2835538-2836483|CDS|CYA_2817	99.577	945	4	0	1	945	1	945	0.0	1687
Ga0393523_28_4219_5163	CP000240.1:850393-851338|CDS|CYB_0821	86.786	946	123	2	1	945	1	945	0.0	1136
Ga0393523_28_5197_5622	CP000239.1:2835079-2835505|CDS|CYA_2816	99.765	426	1	0	1	426	1	426	0.0	765
Ga0393523_28_5197_5622	CP000240.1:849697-850123|CDS|CYB_0820	86.585	410	55	0	1	410	1	410	1.79e-139	492
Ga0393523_28_5626_6288	CP000239.1:2834359-2835076|CDS|CYA_2815	99.849	663	1	0	1	663	55	717	0.0	1192
Ga0393523_28_5626_6288	CP000240.1:848998-849694|CDS|CYB_0819	89.577	662	69	0	1	662	34	695	0.0	884
Ga0393523_29_135_2210	CP000239.1:739626-742308|CDS|CYA_0735	99.904	2076	2	0	1	2076	607	2682	0.0	3736
Ga0393523_29_2522_3700	CP000239.1:730085-731264|CDS|CYA_0725	99.746	1179	3	0	1	1179	1	1179	0.0	2113
Ga0393523_29_2522_3700	CP000240.1:1148654-1149833|CDS|CYB_1112	91.009	1179	106	0	1	1179	1	1179	0.0	1649
Ga0393523_29_3718_5217	CP000239.1:728568-730068|CDS|CYA_0724	100.000	1500	0	0	1	1500	1	1500	0.0	2706
Ga0393523_29_3718_5217	CP000240.1:1147122-1148619|CDS|CYB_1111	88.541	1501	167	2	1	1500	1	1497	0.0	1928
Ga0393523_29_5267_5587	CP000239.1:728198-728519|CDS|CYA_0723	99.688	321	1	0	1	321	1	321	1.41e-164	575
Ga0393523_29_5267_5587	CP000240.1:1146760-1147090|CDS|CYB_1110	83.333	306	51	0	1	306	19	324	1.42e-88	323
Ga0393523_29_5587_5850	CP000239.1:727935-728202|CDS|CYA_0722	100.000	264	0	0	1	264	4	267	2.36e-135	477
Ga0393523_29_5587_5850	CP000240.1:1146497-1146761|CDS|CYB_1109	82.890	263	45	0	1	263	1	263	1.82e-73	272
Ga0393523_30_155_1717	CP000240.1:2890401-2892327|CDS|CYB_2794	93.320	1557	104	0	1	1557	139	1695	0.0	2340
Ga0393523_30_155_1717	CP000239.1:1356159-1358178|CDS|CYA_1346	91.201	1557	137	0	1	1557	232	1788	0.0	2191
Ga0393523_30_2822_5491	CP000239.1:1359017-1361663|CDS|CYA_1349	93.670	2670	145	3	1	2670	1	2646	0.0	4062
Ga0393523_30_2822_5491	CP000240.1:2893311-2895972|CDS|CYB_2795	84.680	2624	398	4	1	2622	1	2622	0.0	2906
Ga0393523_31_5_604	CP000239.1:2874083-2874683|CDS|CYA_2858	97.667	600	14	0	1	600	1	600	0.0	1020
Ga0393523_31_5_604	CP000240.1:2608751-2609351|CDS|CYB_2514	90.000	600	60	0	1	600	1	600	0.0	812
Ga0393523_31_868_1248	CP000240.1:2608128-2608488|CDS|CYB_2513	90.551	381	15	1	1	381	1	360	3.49e-154	540
Ga0393523_31_868_1248	CP000239.1:2873534-2873894|CDS|CYA_2857	90.551	381	15	1	1	381	1	360	3.49e-154	540
Ga0393523_31_1245_3020	CP000239.1:2871555-2873538|CDS|CYA_2856	98.536	1776	26	0	1	1776	208	1983	0.0	3086
Ga0393523_31_1245_3020	CP000240.1:2606113-2608132|CDS|CYB_2512	88.451	1775	205	0	2	1776	245	2019	0.0	2278
Ga0393523_31_3507_3722	CP000240.1:148417-149311|CDS|CYB_0135	72.727	187	34	3	45	214	489	303	1.05e-24	110
Ga0393523_31_4070_5167	CP000239.1:2869615-2870695|CDS|CYA_2854	99.907	1080	1	0	19	1098	1	1080	0.0	1944
Ga0393523_31_4070_5167	CP000240.1:147254-148340|CDS|CYB_0134	80.206	1066	211	0	8	1073	8	1073	0.0	972
Ga0393523_31_5319_5684	CP000239.1:2868879-2869464|CDS|CYA_2853	99.726	365	1	0	1	365	1	365	0.0	655
Ga0393523_31_5319_5684	CP000240.1:125416-126004|CDS|CYB_0111	80.323	371	64	3	1	365	1	368	2.58e-92	335
Ga0393523_32_1122_2240	CP000239.1:1002933-1004052|CDS|CYA_0990	99.911	1119	1	0	1	1119	1	1119	0.0	2014
Ga0393523_32_1122_2240	CP000240.1:354382-355504|CDS|CYB_0336	87.077	1122	142	1	1	1119	1	1122	0.0	1369
Ga0393523_32_2353_2661	CP000239.1:1001744-1002821|CDS|CYA_0989	99.676	309	1	0	1	309	769	1077	4.43e-158	554
Ga0393523_32_2353_2661	CP000240.1:353346-354255|CDS|CYB_0335	85.667	300	41	2	1	299	601	899	5.07e-94	341
Ga0393523_32_3604_4887	CP000239.1:1000283-1001570|CDS|CYA_0986	93.862	1287	76	1	1	1284	1	1287	0.0	1964
Ga0393523_32_3604_4887	CP000240.1:351714-352995|CDS|CYB_0334	89.433	1287	127	2	1	1284	1	1281	0.0	1708
Ga0393523_33_391_807	CP000240.1:2255435-2255786|CDS|CYB_2154	90.598	351	33	0	67	417	1	351	2.59e-137	485
Ga0393523_33_1202_1576	CP000239.1:859233-859644|CDS|CYA_0850	100.000	375	0	0	1	375	37	411	0.0	677
Ga0393523_33_1202_1576	CP000240.1:2256064-2256475|CDS|CYB_2155	83.200	375	63	0	1	375	37	411	1.12e-109	393
Ga0393523_33_2534_3889	CP000239.1:860605-861961|CDS|CYA_0852	99.853	1356	2	0	1	1356	1	1356	0.0	2437
Ga0393523_33_2534_3889	CP000240.1:1462918-1464274|CDS|CYB_1391	91.740	1356	112	0	1	1356	1	1356	0.0	1941
Ga0393523_33_3972_4979	CP000239.1:862121-863051|CDS|CYA_0853	99.785	930	2	0	79	1008	1	930	0.0	1669
Ga0393523_33_3972_4979	CP000240.1:1464368-1465361|CDS|CYB_1392	89.023	993	109	0	16	1008	1	993	0.0	1300
Ga0393523_34_1819_2505	CP000239.1:1844476-1845244|CDS|CYA_1845	99.127	687	6	0	1	687	82	768	0.0	1213
Ga0393523_34_1819_2505	CP000240.1:414554-415322|CDS|CYB_0399	98.253	687	12	0	1	687	82	768	0.0	1186
Ga0393523_34_2828_3037	CP000239.1:1844017-1844227|CDS|CYA_1844	100.000	210	0	0	1	210	1	210	3.78e-106	379
Ga0393523_34_2828_3037	CP000240.1:415574-415784|CDS|CYB_0401	99.524	210	1	0	1	210	1	210	1.61e-104	375
Ga0393523_34_3066_4526	CP000239.1:1842336-1843989|CDS|CYA_1843	98.973	1461	15	0	1	1461	193	1653	0.0	2568
Ga0393523_34_3066_4526	CP000240.1:415812-417465|CDS|CYB_0402	98.426	1461	23	0	1	1461	193	1653	0.0	2532
Ga0393523_35_81_623	CP000239.1:1744901-1745444|CDS|CYA_1740	99.816	543	1	0	1	543	1	543	0.0	976
Ga0393523_35_81_623	CP000240.1:2214226-2214769|CDS|CYB_2120	82.331	532	88	2	6	534	6	534	7.53e-152	533
Ga0393523_35_81_623	CP000239.1:688252-688795|CDS|CYA_0681	82.231	529	94	0	6	534	6	534	2.63e-151	531
Ga0393523_35_817_1953	CP000239.1:1743571-1744708|CDS|CYA_1739	99.296	1137	8	0	1	1137	1	1137	0.0	2015
Ga0393523_35_817_1953	CP000240.1:1992539-1993676|CDS|CYB_1908	91.996	1137	91	0	1	1137	1	1137	0.0	1641
Ga0393523_35_2023_3081	CP000239.1:1742437-1743493|CDS|CYA_1738	87.879	1056	122	1	10	1059	1	1056	0.0	1329
Ga0393523_35_2023_3081	CP000240.1:1993755-1994811|CDS|CYB_1909	86.269	1056	139	1	10	1059	1	1056	0.0	1252
Ga0393523_35_3250_3717	CP000240.1:1995166-1995601|CDS|CYB_1910	84.434	424	66	0	2	425	2	425	2.25e-132	468
Ga0393523_35_3250_3717	CP000239.1:1741647-1742082|CDS|CYA_1737	83.726	424	69	0	2	425	2	425	4.96e-128	454
Ga0393523_36_273_443	CP000239.1:1749681-1749852|CDS|CYA_1745	100.000	171	0	0	1	171	1	171	4.48e-85	309
Ga0393523_36_455_709	CP000239.1:1749394-1749670|CDS|CYA_1744	100.000	255	0	0	1	255	22	276	1.75e-130	461
Ga0393523_36_455_709	CP000240.1:231284-231545|CDS|CYB_0220	84.685	222	34	0	1	222	19	240	2.00e-66	248
Ga0393523_36_889_1428	CP000239.1:1748696-1749167|CDS|CYA_1743	100.000	471	0	0	70	540	1	471	0.0	850
Ga0393523_36_889_1428	CP000240.1:232120-232591|CDS|CYB_0221	85.138	471	70	0	70	540	1	471	2.14e-152	535
Ga0393523_36_1800_2183	CP000239.1:1747941-1748325|CDS|CYA_1742	100.000	384	0	0	1	384	1	384	0.0	693
Ga0393523_36_1800_2183	CP000240.1:633207-633606|CDS|CYB_0622	85.632	348	48	2	1	347	1	347	9.46e-111	396
Ga0393523_36_2426_4192	CP000239.1:1745845-1747699|CDS|CYA_1741	99.830	1767	3	0	1	1767	88	1854	0.0	3174
Ga0393523_36_2426_4192	CP000240.1:631291-633211|CDS|CYB_0623	86.777	1694	221	1	1	1691	127	1820	0.0	2044
Ga0393523_37_400_636	CP000239.1:1993837-1994074|CDS|CYA_1975	100.000	237	0	0	1	237	1	237	9.52e-121	428
Ga0393523_37_400_636	CP000240.1:105273-105510|CDS|CYB_0089	87.838	222	27	0	1	222	1	222	1.09e-75	279
Ga0393523_37_738_1607	CP000239.1:1992866-1993736|CDS|CYA_1974	99.770	870	2	0	1	870	1	870	0.0	1561
Ga0393523_37_738_1607	CP000240.1:105602-106484|CDS|CYB_0090	85.731	869	122	2	1	868	1	868	0.0	1002
Ga0393523_38_896_2299	CP000240.1:496113-498204|CDS|CYB_0484	98.006	1404	28	0	1	1404	688	2091	0.0	2406
Ga0393523_38_2493_3059	CP000240.1:495353-495920|CDS|CYB_0483	99.295	567	4	0	1	567	1	567	0.0	1005
Ga0393523_38_2493_3059	CP000239.1:1014351-1014918|CDS|CYA_1001	86.596	567	76	0	1	567	1	567	0.0	681
Ga0393523_39_471_1484	CP000239.1:2727384-2728404|CDS|CYA_2708	98.817	1014	12	0	1	1014	7	1020	0.0	1775
Ga0393523_39_471_1484	CP000240.1:1953692-1954718|CDS|CYB_1871	88.856	1014	113	0	1	1014	13	1026	0.0	1320
Ga0393523_39_1848_2834	CP000239.1:2726040-2726886|CDS|CYA_2706	99.882	846	1	0	142	987	1	846	0.0	1522
Ga0393523_39_1848_2834	CP000240.1:1956263-1957358|CDS|CYB_1873	83.469	986	163	0	1	986	109	1094	0.0	1044
Ga0393523_39_2908_3042	CP000239.1:2725832-2725967|CDS|CYA_2705	100.000	135	0	0	1	135	1	135	1.19e-65	244
Ga0393523_40_2298_2969	CP000239.1:671833-672505|CDS|CYA_0664	100.000	672	0	0	1	672	1	672	0.0	1213
Ga0393523_40_2298_2969	CP000240.1:626314-626986|CDS|CYB_0618	88.690	672	76	0	1	672	1	672	0.0	870
Ga0393523_40_2966_3823	CP000239.1:672501-674634|CDS|CYA_0663	100.000	858	0	0	1	858	1276	2133	0.0	1548
Ga0393523_40_2966_3823	CP000240.1:626982-629181|CDS|CYB_0617	73.651	945	162	5	1	858	1255	2199	0.0	638
Ga0393523_41_17_412	CP000239.1:880192-880651|CDS|CYA_0875	96.465	396	14	0	1	396	64	459	0.0	652
Ga0393523_41_17_412	CP000240.1:594934-595387|CDS|CYB_0588	85.825	388	55	0	1	388	64	451	1.45e-127	453
Ga0393523_41_433_1461	CP000239.1:879143-880196|CDS|CYA_0874	92.906	1029	73	0	1	1029	25	1053	0.0	1527
Ga0393523_41_433_1461	CP000240.1:593852-594932|CDS|CYB_0587	93.164	1024	68	2	7	1029	58	1080	0.0	1525
Ga0393523_41_1472_2224	CP000240.1:593128-593842|CDS|CYB_0586	98.457	713	11	0	1	713	1	713	0.0	1237
Ga0393523_41_1472_2224	CP000239.1:878416-879133|CDS|CYA_0873	81.880	734	94	11	1	713	1	716	0.0	710
Ga0393523_41_2234_3130	CP000239.1:877466-878363|CDS|CYA_0871	92.531	897	67	0	1	897	1	897	0.0	1316
Ga0393523_41_2234_3130	CP000240.1:592182-593079|CDS|CYB_0585	89.385	895	95	0	1	895	1	895	0.0	1187
Ga0393523_41_3127_3669	CP000239.1:875991-877470|CDS|CYA_0872	97.422	543	14	0	1	543	937	1479	0.0	917
Ga0393523_41_3127_3669	CP000240.1:2949661-2951179|CDS|CYB_2853	82.103	542	97	0	1	542	976	1517	5.07e-154	541
Ga0393523_42_144_356	CP000239.1:2767285-2767540|CDS|CYA_2747	100.000	213	0	0	1	213	43	255	9.04e-108	385
Ga0393523_42_144_356	CP000240.1:379606-379825|CDS|CYB_0363	83.105	219	31	1	1	213	1	219	4.39e-61	230
Ga0393523_42_546_1073	CP000239.1:2766532-2767138|CDS|CYA_2746	100.000	528	0	0	1	528	79	606	0.0	953
Ga0393523_42_546_1073	CP000240.1:378803-379409|CDS|CYB_0362	85.164	519	77	0	1	519	79	597	1.08e-168	590
Ga0393523_42_1465_2673	CP000239.1:2764602-2766219|CDS|CYA_2744	99.669	1208	4	0	2	1209	410	1617	0.0	2161
Ga0393523_42_1465_2673	CP000240.1:1482256-1483867|CDS|CYB_1414	80.233	1204	214	8	2	1184	410	1610	0.0	1085
Ga0393523_44_105_1166	CP000239.1:1686985-1688047|CDS|CYA_1688	99.906	1062	1	0	1	1062	1	1062	0.0	1911
Ga0393523_44_105_1166	CP000240.1:2102346-2103408|CDS|CYB_1996	79.120	1068	209	7	1	1061	1	1061	0.0	902
Ga0393523_44_1558_2094	CP000239.1:1686057-1686594|CDS|CYA_1687	100.000	537	0	0	1	537	1	537	0.0	969
Ga0393523_44_1558_2094	CP000240.1:2643153-2643696|CDS|CYB_2537	81.516	541	94	1	1	535	1	541	1.10e-149	526
Ga0393523_44_2220_2618	CP000239.1:1685533-1686058|CDS|CYA_1686	99.749	399	1	0	1	399	127	525	0.0	716
Ga0393523_44_2689_3189	CP000239.1:1684962-1685463|CDS|CYA_1685	99.401	501	3	0	1	501	1	501	0.0	891
Ga0393523_44_2689_3189	CP000240.1:1195469-1195976|CDS|CYB_1157	74.291	494	85	2	16	497	40	503	5.69e-96	348
Ga0393523_45_25_474	CP000239.1:843615-844305|CDS|CYA_0834	100.000	450	0	0	1	450	241	690	0.0	812
Ga0393523_45_25_474	CP000240.1:1925750-1926437|CDS|CYB_1838	87.302	441	56	0	1	441	241	681	3.42e-155	544
Ga0393523_45_641_940	CP000239.1:844396-844771|CDS|CYA_0836	100.000	300	0	0	1	300	76	375	7.77e-155	542
Ga0393523_45_641_940	CP000240.1:1926540-1926915|CDS|CYB_1839	79.110	292	61	0	7	298	82	373	1.96e-67	252
Ga0393523_45_937_1338	CP000239.1:844767-845169|CDS|CYA_0835	100.000	402	0	0	1	402	1	402	0.0	726
Ga0393523_45_937_1338	CP000240.1:1927299-1927701|CDS|CYB_1840	83.250	400	66	1	1	400	1	399	1.06e-116	416
Ga0393523_45_1505_2287	CP000239.1:845335-846118|CDS|CYA_0837	92.720	783	57	0	1	783	1	783	0.0	1156
Ga0393523_45_1505_2287	CP000240.1:1927882-1928686|CDS|CYB_1841	78.773	815	130	11	1	783	1	804	0.0	680
Ga0393523_46_144_821	CP000239.1:1349639-1350317|CDS|CYA_1336	100.000	678	0	0	1	678	1	678	0.0	1223
Ga0393523_46_144_821	CP000240.1:2318972-2319650|CDS|CYB_2210	84.343	677	106	0	1	677	1	677	0.0	744
Ga0393523_46_823_1326	CP000239.1:1350318-1350822|CDS|CYA_1337	100.000	504	0	0	1	504	1	504	0.0	910
Ga0393523_46_823_1326	CP000240.1:2319672-2320176|CDS|CYB_2211	87.500	504	63	0	1	504	1	504	1.43e-179	626
Ga0393523_46_1552_2460	CP000239.1:1351047-1351947|CDS|CYA_1338	100.000	900	0	0	10	909	1	900	0.0	1624
Ga0393523_46_1552_2460	CP000240.1:2320415-2321315|CDS|CYB_2212	83.241	901	149	2	10	909	1	900	0.0	938
Ga0393523_47_32_718	CP000239.1:1850153-1851218|CDS|CYA_1849	99.854	687	1	0	1	687	379	1065	0.0	1235
Ga0393523_47_32_718	CP000239.1:1288197-1289262|CDS|CYA_1274	99.854	687	1	0	1	687	379	1065	0.0	1235
Ga0393523_47_32_718	CP000239.1:1814549-1815614|CDS|CYA_1811	98.832	685	8	0	1	685	379	1063	0.0	1200
Ga0393523_47_32_718	CP000240.1:443946-445011|CDS|CYB_0433	93.431	685	45	0	1	685	379	1063	0.0	1033
Ga0393523_47_32_718	CP000240.1:384572-385637|CDS|CYB_0371	93.431	685	45	0	1	685	379	1063	0.0	1033
Ga0393523_47_32_718	CP000240.1:226513-227569|CDS|CYB_0216	72.139	664	170	8	2	656	389	1046	3.37e-94	342
Ga0393523_47_32_718	CP000239.1:1753540-1754599|CDS|CYA_1748	71.667	660	180	6	2	656	389	1046	7.41e-90	327
Ga0393523_47_788_1213	CP000239.1:1289331-1289757|CDS|CYA_1275	100.000	426	0	0	1	426	1	426	0.0	769
Ga0393523_47_788_1213	CP000240.1:383611-384154|CDS|CYB_0370	83.047	407	63	1	1	401	103	509	2.18e-119	425
Ga0393523_47_1670_2284	CP000240.1:966777-967392|CDS|CYB_0928	99.512	615	3	0	1	615	1	615	0.0	1096
Ga0393523_47_2274_3056	CP000240.1:967381-968164|CDS|CYB_0929	97.446	783	20	0	1	783	1	783	0.0	1323
Ga0393523_47_2274_3056	CP000239.1:1319890-1320673|CDS|CYA_1310	87.995	783	94	0	1	783	1	783	0.0	989
Ga0393523_48_425_667	CP000239.1:873813-874056|CDS|CYA_0868	100.000	243	0	0	1	243	1	243	5.41e-124	439
Ga0393523_48_425_667	CP000240.1:2936605-2936848|CDS|CYB_2838	87.243	243	31	0	1	243	1	243	1.19e-81	299
Ga0393523_48_849_1802	CP000239.1:874177-875191|CDS|CYA_0869	99.266	954	7	0	1	954	61	1014	0.0	1690
Ga0393523_48_849_1802	CP000240.1:2935445-2936459|CDS|CYB_2837	86.512	949	128	0	1	949	61	1009	0.0	1135
Ga0393523_48_1913_2530	CP000239.1:875222-875918|CDS|CYA_0870	94.984	618	31	0	1	618	79	696	0.0	976
Ga0393523_48_1913_2530	CP000240.1:2934710-2935394|CDS|CYB_2836	80.723	581	110	2	1	580	67	646	7.07e-153	536
Ga0393523_49_574_1326	CP000239.1:1636900-1637653|CDS|CYA_1636	97.610	753	18	0	1	753	1	753	0.0	1278
Ga0393523_49_574_1326	CP000240.1:1337728-1338484|CDS|CYB_1283	82.907	743	127	0	1	743	1	743	0.0	768
Ga0393523_49_1972_2775	CP000239.1:1638376-1639180|CDS|CYA_1638	100.000	804	0	0	1	804	1	804	0.0	1451
Ga0393523_49_1972_2775	CP000240.1:1609361-1610156|CDS|CYB_1534	87.626	792	92	1	1	792	1	786	0.0	988
Ga0393523_50_207_1418	CP000240.1:2219258-2220470|CDS|CYB_2126	97.195	1212	34	0	1	1212	1	1212	0.0	2033
Ga0393523_50_207_1418	CP000239.1:693322-694534|CDS|CYA_0687	97.195	1212	34	0	1	1212	1	1212	0.0	2033
Ga0393523_50_207_1418	CP000240.1:1917270-1918464|CDS|CYB_1826	94.967	1212	43	2	1	1212	1	1194	0.0	1919
Ga0393523_50_207_1418	CP000240.1:1763450-1764623|CDS|CYB_1688	97.778	1125	25	0	1	1125	1	1125	0.0	1917
Ga0393523_50_207_1418	CP000240.1:2128026-2129220|CDS|CYB_2026	92.533	1125	84	0	1	1125	1	1125	0.0	1651
Ga0393523_50_207_1418	CP000239.1:2170714-2171908|CDS|CYA_2158	82.176	1195	207	5	1	1192	1	1192	0.0	1178
Ga0393523_50_207_1418	CP000239.1:774779-775973|CDS|CYA_0767	82.274	1196	204	7	1	1192	1	1192	0.0	1177
Ga0393523_50_207_1418	CP000240.1:2553363-2554557|CDS|CYB_2454	82.471	1198	198	11	1	1192	1	1192	0.0	1176
Ga0393523_50_207_1418	CP000239.1:712444-713638|CDS|CYA_0704	82.008	1195	209	6	1	1192	1	1192	0.0	1165
Ga0393523_50_207_1418	CP000240.1:2210858-2212052|CDS|CYB_2117	81.099	1201	209	6	1	1192	1	1192	0.0	1132
Ga0393523_50_207_1418	CP000239.1:994256-995468|CDS|CYA_0981	80.886	1219	219	10	1	1212	1	1212	0.0	1116
Ga0393523_50_207_1418	CP000240.1:1954838-1956056|CDS|CYB_1872	80.428	1216	214	6	1	1192	1	1216	0.0	1115
Ga0393523_50_207_1418	CP000240.1:2247371-2248565|CDS|CYB_2147	80.478	1214	215	6	1	1212	1	1194	0.0	1114
Ga0393523_50_207_1418	CP000240.1:2796782-2798000|CDS|CYB_2707	80.345	1216	215	6	1	1192	1	1216	0.0	1111
Ga0393523_50_207_1418	CP000240.1:2168360-2169515|CDS|CYB_2071	82.092	1128	196	5	1	1125	1	1125	0.0	1107
Ga0393523_50_207_1418	CP000240.1:1803089-1804283|CDS|CYB_1722	80.853	1196	221	7	1	1192	1	1192	0.0	1101
Ga0393523_50_207_1418	CP000240.1:1083184-1084426|CDS|CYB_1042	79.435	1240	207	7	1	1192	1	1240	0.0	1099
Ga0393523_50_207_1418	CP000239.1:629980-631174|CDS|CYA_0620	80.301	1198	224	8	1	1192	1	1192	0.0	1072
Ga0393523_50_207_1418	CP000240.1:1064975-1066169|CDS|CYB_1023	80.167	1195	231	5	1	1192	1	1192	0.0	1070
Ga0393523_50_207_1418	CP000240.1:2644164-2645358|CDS|CYB_2538	80.084	1195	232	5	1	1192	1	1192	0.0	1066
Ga0393523_50_207_1418	CP000240.1:1190675-1191869|CDS|CYB_1151	80.100	1196	230	7	1	1192	1	1192	0.0	1060
Ga0393523_50_207_1418	CP000240.1:1316312-1317548|CDS|CYB_1259	78.935	1239	231	6	1	1212	1	1236	0.0	1058
Ga0393523_50_207_1418	CP000240.1:3008652-3009870|CDS|CYB_2910	79.081	1219	225	6	1	1192	1	1216	0.0	1049
Ga0393523_50_207_1418	CP000239.1:1594889-1596107|CDS|CYA_1585	80.657	1127	214	4	1	1125	1	1125	0.0	1036
Ga0393523_50_207_1418	CP000240.1:638632-639850|CDS|CYB_0630	78.671	1219	230	6	1	1192	1	1216	0.0	1027
Ga0393523_50_207_1418	CP000240.1:1384265-1385459|CDS|CYB_1322	78.835	1219	226	12	1	1212	1	1194	0.0	1011
Ga0393523_50_207_1418	CP000240.1:1521392-1522610|CDS|CYB_1450	78.361	1220	232	8	1	1192	1	1216	0.0	1003
Ga0393523_50_207_1418	CP000240.1:52430-53648|CDS|CYB_0041	78.372	1216	239	6	1	1192	1	1216	0.0	1003
Ga0393523_50_207_1418	CP000240.1:605550-606744|CDS|CYB_0598	79.135	1203	229	13	1	1192	1	1192	0.0	1000
Ga0393523_50_207_1418	CP000240.1:481588-482800|CDS|CYB_0472	78.753	1219	245	10	1	1212	1	1212	0.0	999
Ga0393523_50_207_1418	CP000240.1:1358129-1359347|CDS|CYB_1297	77.951	1220	237	8	1	1192	1	1216	0.0	981
Ga0393523_50_207_1418	CP000240.1:345730-346924|CDS|CYB_0329	79.576	1131	219	9	1	1125	1	1125	0.0	969
Ga0393523_50_207_1418	CP000240.1:2565689-2566883|CDS|CYB_2468	79.399	1131	221	8	1	1125	1	1125	0.0	965
Ga0393523_50_207_1418	CP000240.1:2619921-2621115|CDS|CYB_2521	78.261	1196	252	7	1	1192	1	1192	0.0	961
Ga0393523_50_207_1418	CP000240.1:1267756-1268992|CDS|CYB_1227	77.393	1243	243	11	1	1212	1	1236	0.0	960
Ga0393523_50_207_1418	CP000240.1:1244785-1246021|CDS|CYB_1201	77.214	1242	247	9	1	1212	1	1236	0.0	957
Ga0393523_50_207_1418	CP000240.1:2933473-2934709|CDS|CYB_2835	77.072	1243	247	10	1	1212	1	1236	0.0	947
Ga0393523_50_207_1418	CP000240.1:2830275-2831565|CDS|CYB_2735	76.190	1260	235	8	1	1212	1	1243	0.0	943
Ga0393523_50_207_1418	CP000240.1:241642-242836|CDS|CYB_0233	77.605	1219	241	12	1	1212	1	1194	0.0	943
Ga0393523_50_207_1418	CP000240.1:1015074-1016268|CDS|CYB_0979	77.321	1217	248	9	1	1212	1	1194	0.0	936
Ga0393523_50_207_1418	CP000240.1:2661652-2662870|CDS|CYB_2557	77.314	1221	243	11	1	1192	1	1216	0.0	935
Ga0393523_50_207_1418	CP000240.1:629484-630702|CDS|CYB_0620	76.740	1221	250	6	1	1192	1	1216	0.0	926
Ga0393523_50_207_1418	CP000240.1:1842322-1843549|CDS|CYB_1759	77.114	1206	248	9	1	1180	1	1204	0.0	916
Ga0393523_50_207_1418	CP000240.1:102811-104029|CDS|CYB_0087	77.344	1152	231	6	1	1125	1	1149	0.0	902
Ga0393523_50_207_1418	CP000239.1:893439-894633|CDS|CYA_0887	76.026	1218	262	10	1	1212	1	1194	0.0	863
Ga0393523_50_207_1418	CP000239.1:698055-699204|CDS|CYA_0690	75.739	1150	249	10	1	1123	1	1147	0.0	799
Ga0393523_50_207_1418	CP000239.1:88305-89487|CDS|CYA_0091	73.357	1126	266	9	1	1115	1	1103	0.0	669
Ga0393523_50_207_1418	CP000240.1:2506708-2507857|CDS|CYB_2410	70.246	1136	214	14	1	1014	1	1134	5.62e-164	574
Ga0393523_50_1743_2489	CP000240.1:2217974-2218721|CDS|CYB_2125	96.787	747	24	0	1	747	1	747	0.0	1240
Ga0393523_50_1743_2489	CP000239.1:692082-692787|CDS|CYA_0686	97.589	705	17	0	43	747	1	705	0.0	1196
Ga0393523_52_453_1475	CP000240.1:1431557-1432418|CDS|CYB_1360	99.518	830	4	0	194	1023	32	861	0.0	1480
Ga0393523_52_1552_2325	CP000240.1:1430707-1431481|CDS|CYB_1359	99.225	774	6	0	1	774	1	774	0.0	1370
Ga0393523_52_2359_2679	CP000240.1:1429581-1430670|CDS|CYB_1358	93.458	321	21	0	1	321	769	1089	1.97e-137	485
Ga0393523_52_2359_2679	CP000239.1:1140937-1142029|CDS|CYA_1112	85.759	316	45	0	1	316	769	1084	3.80e-102	368
Ga0393523_53_328_1464	CP000239.1:1996732-1997869|CDS|CYA_1978	98.593	1137	16	0	1	1137	1	1137	0.0	1979
Ga0393523_53_328_1464	CP000240.1:101493-102624|CDS|CYB_0086	88.263	1048	123	0	1	1048	1	1048	0.0	1336
Ga0393523_53_1584_1958	CP000239.1:1997988-1998363|CDS|CYA_1979	100.000	375	0	0	1	375	1	375	0.0	677
Ga0393523_53_1584_1958	CP000240.1:1180685-1181060|CDS|CYB_1143	89.160	369	40	0	1	369	1	369	6.63e-138	486
Ga0393523_54_4_840	CP000239.1:2742708-2744052|CDS|CYA_2727	99.761	837	2	0	1	837	508	1344	0.0	1501
Ga0393523_54_4_840	CP000240.1:1047611-1048967|CDS|CYB_1008	78.225	845	159	7	1	828	496	1332	0.0	686
Ga0393523_54_908_1324	CP000239.1:2744119-2744623|CDS|CYA_2728	99.522	418	1	1	1	417	1	418	0.0	742
Ga0393523_54_908_1324	CP000240.1:1047060-1047564|CDS|CYB_1007	80.397	403	78	1	14	415	14	416	5.01e-102	368
Ga0393523_54_1476_2321	CP000239.1:2744658-2745534|CDS|CYA_2729	99.882	846	1	0	1	846	31	876	0.0	1522
Ga0393523_54_1476_2321	CP000240.1:1046131-1046998|CDS|CYB_1006	82.551	831	139	1	1	825	31	861	0.0	847
Ga0393523_55_103_1500	CP000239.1:2734802-2736242|CDS|CYA_2715	99.928	1398	1	0	1	1398	43	1440	0.0	2517
Ga0393523_55_103_1500	CP000240.1:1756308-1757748|CDS|CYB_1680	86.872	1394	174	3	2	1392	44	1431	0.0	1684
Ga0393523_55_1769_2119	CP000239.1:2736468-2736819|CDS|CYA_2716	100.000	351	0	0	1	351	1	351	0.0	634
Ga0393523_55_1769_2119	CP000240.1:1757982-1758333|CDS|CYB_1682	84.639	332	51	0	1	332	1	332	1.19e-102	370
Ga0393523_55_2232_2456	CP000239.1:2736916-2737156|CDS|CYA_2717	100.000	225	0	0	1	225	16	240	2.94e-114	407
Ga0393523_55_2232_2456	CP000240.1:1853532-1853763|CDS|CYB_1769	80.952	231	38	1	1	225	1	231	8.44e-58	220
Ga0393523_56_364_1032	CP000239.1:2643683-2644310|CDS|CYA_2627	92.344	627	42	3	49	669	1	627	0.0	907
Ga0393523_56_364_1032	CP000240.1:90875-91556|CDS|CYB_0078	85.017	574	86	0	45	618	78	651	0.0	648
Ga0393523_56_1015_1635	CP000239.1:2644292-2644913|CDS|CYA_2626	88.387	620	72	0	1	620	1	620	0.0	794
Ga0393523_56_1015_1635	CP000240.1:684862-685483|CDS|CYB_0671	85.484	620	90	0	1	620	1	620	0.0	713
Ga0393523_58_1680_1976	CP000239.1:1301240-1301537|CDS|CYA_1292	100.000	297	0	0	1	297	1	297	3.27e-153	536
Ga0393523_58_2056_2454	CP000239.1:34556-34955|CDS|CYA_0037	99.499	399	2	0	1	399	1	399	0.0	711
Ga0393523_58_2056_2454	CP000239.1:2728529-2728928|CDS|CYA_2709	98.997	399	4	0	1	399	1	399	0.0	702
Ga0393523_58_2056_2454	CP000239.1:1152553-1152952|CDS|CYA_1126	98.997	399	4	0	1	399	1	399	0.0	702
Ga0393523_58_2056_2454	CP000239.1:1013062-1013461|CDS|CYA_0999	98.997	399	4	0	1	399	1	399	0.0	702
Ga0393523_58_2056_2454	CP000239.1:1290362-1291310|CDS|CYA_1279	99.000	400	3	1	1	399	1	400	0.0	700
Ga0393523_58_2056_2454	CP000239.1:2654240-2654639|CDS|CYA_2639	98.747	399	5	0	1	399	1	399	0.0	698
Ga0393523_58_2056_2454	CP000239.1:1663935-1664334|CDS|CYA_1661	98.747	399	5	0	1	399	1	399	0.0	698
Ga0393523_58_2056_2454	CP000239.1:1300762-1301161|CDS|CYA_1291	98.747	399	5	0	1	399	1	399	0.0	698
Ga0393523_58_2056_2454	CP000239.1:1612111-1613059|CDS|CYA_1604	98.750	400	4	1	1	399	1	400	0.0	696
Ga0393523_58_2056_2454	CP000239.1:1321049-1321982|CDS|CYA_1311	98.750	400	4	1	1	399	1	400	0.0	696
Ga0393523_58_2056_2454	CP000239.1:51699-52647|CDS|CYA_0053	98.750	400	4	1	1	399	1	400	0.0	696
Ga0393523_58_2056_2454	CP000239.1:2862566-2862965|CDS|CYA_2845	98.496	399	6	0	1	399	1	399	0.0	693
Ga0393523_58_2056_2454	CP000239.1:2101748-2102147|CDS|CYA_2082	98.496	399	6	0	1	399	1	399	0.0	693
Ga0393523_58_2056_2454	CP000239.1:1367794-1368193|CDS|CYA_1358	98.496	399	6	0	1	399	1	399	0.0	693
Ga0393523_58_2056_2454	CP000239.1:2740042-2740447|CDS|CYA_2722	98.496	399	5	1	1	399	1	398	0.0	690
Ga0393523_58_2056_2454	CP000239.1:2026942-2027347|CDS|CYA_2010	98.496	399	5	1	1	399	1	398	0.0	690
Ga0393523_60_5_1213	CP000239.1:1363310-1364600|CDS|CYA_1353	99.586	1209	5	0	1	1209	82	1290	0.0	2159
Ga0393523_60_5_1213	CP000240.1:1452737-1454039|CDS|CYB_1382	80.413	1210	235	2	1	1209	94	1302	0.0	1107
Ga0393523_60_1421_2353	CP000239.1:1364667-1366251|CDS|CYA_1354	97.320	933	25	0	1	933	652	1584	0.0	1571
Ga0393523_60_1421_2353	CP000240.1:1454115-1455696|CDS|CYB_1383	87.191	929	116	1	1	929	652	1577	0.0	1138
Ga0393523_62_771_1478	CP000239.1:1691547-1692159|CDS|CYA_1692	99.837	612	1	0	97	708	1	612	0.0	1100
Ga0393523_62_771_1478	CP000240.1:2098002-2098731|CDS|CYB_1992	82.276	615	104	3	11	624	8	618	1.57e-174	609
Ga0393523_63_150_446	CP000239.1:1240338-1240980|CDS|CYA_1229	99.663	297	0	1	1	297	1	296	1.69e-150	528
Ga0393523_63_150_446	CP000240.1:1468227-1468863|CDS|CYB_1400	83.165	297	43	2	1	297	1	290	2.87e-84	308
Ga0393523_63_1009_1767	CP000239.1:1241543-1242302|CDS|CYA_1230	99.736	759	2	0	1	759	1	759	0.0	1361
Ga0393523_63_1009_1767	CP000240.1:1623298-1624045|CDS|CYB_1548	84.203	747	118	0	13	759	1	747	0.0	816
Ga0393523_64_1003_1758	CP000239.1:1243651-1244401|CDS|CYA_1232	99.733	750	2	0	7	756	1	750	0.0	1344
Ga0393523_64_1003_1758	CP000240.1:1625445-1626153|CDS|CYB_1550	86.187	695	96	0	53	747	11	705	0.0	821
Ga0393523_66_208_903	CP000239.1:1285136-1286150|CDS|CYA_1270	99.702	672	1	1	25	696	1	671	0.0	1200
Ga0393523_66_208_903	CP000240.1:1134769-1135801|CDS|CYB_1099	74.355	698	112	4	47	696	2	680	2.45e-140	495
Ga0393523_66_845_1240	CP000239.1:1285136-1286150|CDS|CYA_1270	94.150	359	21	0	1	359	613	971	5.76e-158	554
Ga0393523_66_845_1240	CP000240.1:1134769-1135801|CDS|CYB_1099	69.129	379	87	2	22	370	643	1021	5.79e-44	175
Ga0393523_66_1440_1898	CP000239.1:1284500-1285112|CDS|CYA_1269	99.782	459	1	0	1	459	154	612	0.0	824
Ga0393523_66_1440_1898	CP000240.1:337001-337604|CDS|CYB_0321	85.526	456	66	0	2	457	146	601	9.36e-150	526
Ga0393523_67_660_1571	CP000239.1:1314339-1315251|CDS|CYA_1304	100.000	912	0	0	1	912	1	912	0.0	1645
Ga0393523_67_660_1571	CP000240.1:961554-962472|CDS|CYB_0923	87.473	918	109	1	1	912	1	918	0.0	1139
Ga0393523_67_1568_2155	CP000239.1:1313461-1314343|CDS|CYA_1305	100.000	588	0	0	1	588	295	882	0.0	1061
Ga0393523_67_1568_2155	CP000240.1:960697-961558|CDS|CYB_0924	84.150	612	73	2	1	588	250	861	0.0	680
Ga0393523_68_646_984	CP000239.1:1583157-1583496|CDS|CYA_1572	99.705	339	1	0	1	339	1	339	2.54e-174	608
Ga0393523_68_646_984	CP000240.1:393662-394001|CDS|CYB_0377	80.597	335	65	0	1	335	1	335	2.72e-85	312
Ga0393523_68_1033_1374	CP000239.1:1583544-1583886|CDS|CYA_1573	100.000	342	0	0	1	342	1	342	1.42e-177	618
Ga0393523_68_1033_1374	CP000240.1:394085-394427|CDS|CYB_0378	85.503	338	49	0	1	338	1	338	1.25e-108	389
Ga0393523_68_1456_2106	CP000239.1:1583967-1584618|CDS|CYA_1574	100.000	651	0	0	1	651	1	651	0.0	1175
Ga0393523_68_1456_2106	CP000240.1:394511-395162|CDS|CYB_0379	86.207	638	88	0	1	638	1	638	0.0	755
Ga0393523_69_150_1328	CP000239.1:2697359-2698538|CDS|CYA_2683	98.558	1179	17	0	1	1179	1	1179	0.0	2050
Ga0393523_69_150_1328	CP000240.1:1171595-1172774|CDS|CYB_1135	88.041	1179	141	0	1	1179	1	1179	0.0	1491
Ga0393523_69_1492_1890	CP000239.1:2696797-2697196|CDS|CYA_2682	98.496	399	6	0	1	399	1	399	0.0	693
Ga0393523_69_1492_1890	CP000240.1:1172962-1173361|CDS|CYB_1136	83.709	399	65	0	1	399	1	399	5.82e-120	427
Ga0393523_69_1907_2134	CP000239.1:2696301-2696781|CDS|CYA_2681	99.561	228	1	0	1	228	253	480	2.98e-114	407
Ga0393523_69_1907_2134	CP000240.1:2304178-2304658|CDS|CYB_2196	83.710	221	36	0	1	221	253	473	3.19e-63	237
Ga0393523_70_837_2006	CP000239.1:2874782-2876375|CDS|CYA_2859	94.550	1156	55	3	1	1154	1	1150	0.0	1795
Ga0393523_70_837_2006	CP000240.1:2609448-2611092|CDS|CYB_2515	90.231	1167	113	1	1	1167	1	1166	0.0	1588
