Ga0393388_01_24_224	CP000240.1:435719-435920|CDS|CYB_0427	99.005	201	2	0	1	201	1	201	1.43e-98	354
Ga0393388_01_24_224	CP000239.1:1823894-1824095|CDS|CYA_1818	98.507	201	3	0	1	201	1	201	6.10e-97	350
Ga0393388_01_221_484	CP000240.1:435459-435723|CDS|CYB_0426	99.621	264	1	0	1	264	1	264	1.00e-133	472
Ga0393388_01_221_484	CP000239.1:1824091-1824355|CDS|CYA_1819	99.621	264	1	0	1	264	1	264	1.00e-133	472
Ga0393388_01_481_630	CP000240.1:435313-435463|CDS|CYB_0425	97.333	150	4	0	1	150	1	150	2.60e-68	253
Ga0393388_01_620_1816	CP000240.1:434136-435324|CDS|CYB_0424	97.559	1188	29	0	10	1197	1	1188	0.0	2012
Ga0393388_01_620_1816	CP000239.1:1824490-1825678|CDS|CYA_1820	97.306	1188	32	0	10	1197	1	1188	0.0	1999
Ga0393388_01_2056_3591	CP000239.1:1825926-1827462|CDS|CYA_1821	99.479	1536	8	0	1	1536	1	1536	0.0	2735
Ga0393388_01_2056_3591	CP000240.1:432347-433883|CDS|CYB_0423	99.154	1536	13	0	1	1536	1	1536	0.0	2712
Ga0393388_01_3657_5120	CP000239.1:1827527-1828991|CDS|CYA_1823	98.839	1464	17	0	1	1464	1	1464	0.0	2564
Ga0393388_01_3657_5120	CP000240.1:430818-432282|CDS|CYB_0422	94.467	1464	81	0	1	1464	1	1464	0.0	2276
Ga0393388_01_5217_6095	CP000239.1:1829087-1829966|CDS|CYA_1824	99.431	879	5	0	1	879	1	879	0.0	1563
Ga0393388_01_5217_6095	CP000240.1:429844-430723|CDS|CYB_0421	98.180	879	16	0	1	879	1	879	0.0	1514
Ga0393388_01_6373_7284	CP000239.1:1830243-1831182|CDS|CYA_1825	95.101	939	19	1	1	912	1	939	0.0	1507
Ga0393388_01_6373_7284	CP000240.1:428628-429567|CDS|CYB_0420	93.930	939	30	1	1	912	1	939	0.0	1457
Ga0393388_01_7341_8540	CP000239.1:1831238-1832429|CDS|CYA_1826	99.328	1191	8	0	10	1200	1	1191	0.0	2113
Ga0393388_01_7341_8540	CP000240.1:427381-428572|CDS|CYB_0419	98.405	1191	19	0	10	1200	1	1191	0.0	2063
Ga0393388_01_8580_8678	CP000239.1:1832477-1832771|CDS|CYA_1827	100.000	99	0	0	1	99	196	294	2.83e-46	179
Ga0393388_01_8580_8678	CP000240.1:427044-427338|CDS|CYB_0418	97.980	99	2	0	1	99	196	294	1.46e-43	170
Ga0393388_01_8604_8900	CP000239.1:1832477-1832771|CDS|CYA_1827	99.630	270	1	0	1	270	270	1	6.31e-137	483
Ga0393388_01_8604_8900	CP000240.1:427044-427338|CDS|CYB_0418	97.778	270	6	0	1	270	270	1	2.06e-130	461
Ga0393388_01_8897_10177	CP000239.1:1832796-1834233|CDS|CYA_1828	98.669	1277	17	0	1	1277	157	1433	0.0	2227
Ga0393388_01_8897_10177	CP000240.1:425582-427019|CDS|CYB_0417	98.277	1277	22	0	1	1277	157	1433	0.0	2205
Ga0393388_01_11105_11398	CP000240.1:424515-424845|CDS|CYB_0415	99.320	294	2	0	1	294	37	330	7.12e-149	522
Ga0393388_01_11105_11398	CP000239.1:1835004-1835298|CDS|CYA_1830	97.959	294	6	0	1	294	1	294	1.91e-143	504
Ga0393388_01_11585_11998	CP000240.1:423915-424461|CDS|CYB_0414	99.275	414	3	0	1	414	133	546	0.0	734
Ga0393388_01_11585_11998	CP000239.1:1835352-1835898|CDS|CYA_1831	98.551	414	6	0	1	414	133	546	0.0	720
Ga0393388_01_11585_11998	CP000239.1:2474425-2474977|CDS|CYA_2464	70.471	403	117	2	1	402	133	534	1.17e-46	184
Ga0393388_01_11585_11998	CP000240.1:1503975-1504527|CDS|CYB_1434	68.642	405	121	4	1	402	133	534	2.95e-35	146
Ga0393388_01_12041_12265	CP000240.1:423648-423873|CDS|CYB_0413	99.556	225	1	0	1	225	1	225	1.25e-112	402
Ga0393388_01_12041_12265	CP000239.1:1835940-1836165|CDS|CYA_1832	96.889	225	7	0	1	225	1	225	1.74e-104	375
Ga0393388_01_12269_12628	CP000240.1:423285-423645|CDS|CYB_0412	99.718	355	1	0	1	355	1	355	0.0	636
Ga0393388_01_12269_12628	CP000239.1:1836168-1836528|CDS|CYA_1833	99.167	360	3	0	1	360	1	360	0.0	636
Ga0393388_01_12625_14013	CP000240.1:421900-423295|CDS|CYB_0411	98.919	1388	15	0	2	1389	8	1395	0.0	2436
Ga0393388_01_12625_14013	CP000239.1:1836518-1837925|CDS|CYA_1834	98.559	1388	20	0	2	1389	8	1395	0.0	2414
Ga0393388_01_14272_15351	CP000240.1:420563-421901|CDS|CYB_0410	98.704	1080	14	0	1	1080	259	1338	0.0	1885
Ga0393388_01_14272_15351	CP000239.1:1837912-1839250|CDS|CYA_1835	98.519	1080	16	0	1	1080	259	1338	0.0	1876
Ga0393388_01_15426_15845	CP000240.1:420062-420482|CDS|CYB_0409	100.000	420	0	0	1	420	1	420	0.0	758
Ga0393388_01_15426_15845	CP000239.1:1839324-1839744|CDS|CYA_1836	100.000	420	0	0	1	420	1	420	0.0	758
Ga0393388_01_15848_16303	CP000239.1:1839746-1840202|CDS|CYA_1837	96.272	456	17	0	1	456	1	456	0.0	746
Ga0393388_01_15848_16303	CP000240.1:419604-420060|CDS|CYB_0408	95.614	456	20	0	1	456	1	456	0.0	733
Ga0393388_01_16364_16627	CP000239.1:1840268-1840532|CDS|CYA_1838	95.455	264	12	0	1	264	1	264	4.56e-119	423
Ga0393388_01_16364_16627	CP000240.1:419274-419538|CDS|CYB_0407	94.318	264	15	0	1	264	1	264	1.00e-114	409
Ga0393388_01_16624_16989	CP000240.1:418912-419278|CDS|CYB_0406	97.814	366	8	0	1	366	1	366	1.02e-179	625
Ga0393388_01_16624_16989	CP000239.1:1840528-1840894|CDS|CYA_1839	95.902	366	15	0	1	366	1	366	6.04e-170	593
Ga0393388_01_17032_17331	CP000240.1:418570-418870|CDS|CYB_0405	98.000	300	6	0	1	300	1	300	1.08e-146	515
Ga0393388_01_17032_17331	CP000239.1:1840936-1841236|CDS|CYA_1840	97.667	300	7	0	1	300	1	300	4.59e-145	510
Ga0393388_01_17420_17746	CP000239.1:1841264-1841642|CDS|CYA_1841	98.471	327	5	0	1	327	52	378	2.14e-162	568
Ga0393388_01_17420_17746	CP000240.1:418164-418542|CDS|CYB_0404	97.859	327	7	0	1	327	52	378	1.11e-159	559
Ga0393388_01_17846_18103	CP000240.1:417807-418065|CDS|CYB_0403	96.512	258	9	0	1	258	1	258	1.27e-119	425
Ga0393388_01_17846_18103	CP000239.1:1841736-1841994|CDS|CYA_1842	96.512	258	9	0	1	258	1	258	1.27e-119	425
Ga0393388_01_18639_20099	CP000239.1:1842336-1843989|CDS|CYA_1843	98.563	1461	21	0	1	1461	193	1653	0.0	2541
Ga0393388_01_18639_20099	CP000240.1:415812-417465|CDS|CYB_0402	97.878	1461	31	0	1	1461	193	1653	0.0	2496
Ga0393388_01_20128_20358	CP000240.1:415574-415784|CDS|CYB_0401	95.714	210	9	0	22	231	1	210	1.29e-93	339
Ga0393388_01_20128_20358	CP000239.1:1844017-1844227|CDS|CYA_1844	95.238	210	10	0	22	231	1	210	1.57e-92	334
Ga0393388_01_20545_21354	CP000239.1:1844476-1845244|CDS|CYA_1845	98.047	768	15	0	43	810	1	768	0.0	1318
Ga0393388_01_20545_21354	CP000240.1:414554-415322|CDS|CYB_0399	97.656	768	18	0	43	810	1	768	0.0	1305
Ga0393388_01_21499_21903	CP000240.1:412729-414517|CDS|CYB_0398	98.025	405	8	0	1	405	512	108	0.0	695
Ga0393388_01_21499_21903	CP000239.1:1845267-1847055|CDS|CYA_1846	96.049	405	16	0	1	405	512	108	0.0	659
Ga0393388_01_22359_23180	CP000240.1:412729-414517|CDS|CYB_0398	99.392	822	5	0	1	822	967	1788	0.0	1461
Ga0393388_01_22359_23180	CP000239.1:1845267-1847055|CDS|CYA_1846	99.392	822	5	0	1	822	967	1788	0.0	1461
Ga0393388_01_23199_24452	CP000239.1:1847073-1848795|CDS|CYA_1847	97.847	1254	27	0	1	1254	469	1722	0.0	2140
Ga0393388_01_23199_24452	CP000240.1:410817-412713|CDS|CYB_0397	94.118	1241	49	4	1	1241	670	1886	0.0	1913
Ga0393388_01_23199_24452	CP000239.1:1599798-1601667|CDS|CYA_1591	80.000	1230	199	6	1	1229	676	1859	0.0	1125
Ga0393388_01_25524_26174	CP000239.1:1811889-1814445|CDS|CYA_1810	100.000	651	0	0	1	651	1906	2556	0.0	1175
Ga0393388_01_25524_26174	CP000239.1:1849176-1850049|CDS|CYA_1848	99.846	651	1	0	1	651	223	873	0.0	1170
Ga0393388_01_25524_26174	CP000240.1:385744-388288|CDS|CYB_0372	83.229	638	101	3	1	635	1906	2540	0.0	661
Ga0393388_01_26279_27343	CP000239.1:1288197-1289262|CDS|CYA_1274	99.343	1065	7	0	1	1065	1	1065	0.0	1890
Ga0393388_01_26279_27343	CP000239.1:1850153-1851218|CDS|CYA_1849	98.779	1065	13	0	1	1065	1	1065	0.0	1863
Ga0393388_01_26279_27343	CP000239.1:1814549-1815614|CDS|CYA_1811	98.589	1063	15	0	1	1063	1	1063	0.0	1850
Ga0393388_01_26279_27343	CP000240.1:384572-385637|CDS|CYB_0371	93.039	1063	74	0	1	1063	1	1063	0.0	1584
Ga0393388_01_26279_27343	CP000240.1:443946-445011|CDS|CYB_0433	92.944	1063	75	0	1	1063	1	1063	0.0	1580
Ga0393388_01_26279_27343	CP000240.1:226513-227569|CDS|CYB_0216	73.927	955	240	5	49	997	58	1009	2.72e-167	586
Ga0393388_01_26279_27343	CP000239.1:1753540-1754599|CDS|CYA_1748	72.755	991	263	6	49	1034	58	1046	1.96e-156	550
Ga0393388_01_27517_28629	CP000239.1:1851391-1852504|CDS|CYA_1850	99.910	1113	1	0	1	1113	1	1113	0.0	2003
Ga0393388_01_27517_28629	CP000239.1:1815753-1816890|CDS|CYA_1812	82.850	1137	171	5	1	1113	1	1137	0.0	1171
Ga0393388_01_27517_28629	CP000240.1:442669-443806|CDS|CYB_0432	82.234	1137	178	6	1	1113	1	1137	0.0	1135
Ga0393388_01_28667_31366	CP000239.1:1852541-1855241|CDS|CYA_1851	99.519	2700	13	0	1	2700	1	2700	0.0	4811
Ga0393388_01_28667_31366	CP000239.1:1817210-1819907|CDS|CYA_1814	89.704	2700	275	1	1	2700	1	2697	0.0	3615
Ga0393388_01_28667_31366	CP000240.1:439913-442607|CDS|CYB_0431	89.370	2700	281	2	1	2700	1	2694	0.0	3572
Ga0393388_01_32177_33712	CP000239.1:1855685-1857611|CDS|CYA_1852	92.453	1537	110	1	1	1531	385	1921	0.0	2250
Ga0393388_01_32177_33712	CP000240.1:437527-439684|CDS|CYB_0430	76.675	1552	321	15	1	1527	610	2145	0.0	1137
Ga0393388_01_32177_33712	CP000239.1:1820136-1822299|CDS|CYA_1816	75.835	1556	327	16	1	1527	616	2151	0.0	1084
Ga0393388_01_33861_35831	CP000239.1:1857738-1859988|CDS|CYA_1854	97.463	1971	50	0	1	1971	280	2250	0.0	3330
Ga0393388_01_33861_35831	CP000240.1:474360-476334|CDS|CYB_0468	72.222	1908	509	3	25	1911	25	1932	0.0	1058
Ga0393388_01_36142_38339_DR1	CP000239.1:1860048-1860273|CDS|CYA_1856	97.222	36	1	0	1	36	52	87	3.97e-11	61.7
Ga0393388_01_36142_38339_DR2	CP000239.1:1860048-1860273|CDS|CYA_1856	97.222	36	1	0	1	36	52	87	3.97e-11	61.7
Ga0393388_01_36142_38339_DR3	CP000239.1:1860048-1860273|CDS|CYA_1856	97.222	36	1	0	1	36	52	87	3.97e-11	61.7
Ga0393388_01_36142_38339_DR4	CP000239.1:1860048-1860273|CDS|CYA_1856	97.222	36	1	0	1	36	52	87	3.97e-11	61.7
Ga0393388_01_36142_38339_DR5	CP000239.1:1860048-1860273|CDS|CYA_1856	97.222	36	1	0	1	36	52	87	3.97e-11	61.7
Ga0393388_01_36142_38339_DR6	CP000239.1:1860048-1860273|CDS|CYA_1856	97.222	36	1	0	1	36	52	87	3.97e-11	61.7
Ga0393388_01_36142_38339_DR7	CP000239.1:1860048-1860273|CDS|CYA_1856	97.222	36	1	0	1	36	52	87	3.97e-11	61.7
Ga0393388_01_36142_38339_DR8	CP000239.1:1860048-1860273|CDS|CYA_1856	97.222	36	1	0	1	36	52	87	3.97e-11	61.7
Ga0393388_01_36142_38339_DR9	CP000239.1:1860048-1860273|CDS|CYA_1856	97.222	36	1	0	1	36	52	87	3.97e-11	61.7
Ga0393388_01_36142_38339_DR10	CP000239.1:1860048-1860273|CDS|CYA_1856	97.222	36	1	0	1	36	52	87	3.97e-11	61.7
Ga0393388_01_36142_38339_DR11	CP000239.1:1860048-1860273|CDS|CYA_1856	97.222	36	1	0	1	36	52	87	3.97e-11	61.7
Ga0393388_01_36142_38339_DR12	CP000239.1:1860048-1860273|CDS|CYA_1856	97.222	36	1	0	1	36	52	87	3.97e-11	61.7
Ga0393388_01_36142_38339_DR13	CP000239.1:1860048-1860273|CDS|CYA_1856	97.222	36	1	0	1	36	52	87	3.97e-11	61.7
Ga0393388_01_36142_38339_DR14	CP000239.1:1860048-1860273|CDS|CYA_1856	97.222	36	1	0	1	36	52	87	3.97e-11	61.7
Ga0393388_01_36142_38339_DR15	CP000239.1:1860048-1860273|CDS|CYA_1856	97.222	36	1	0	1	36	52	87	3.97e-11	61.7
Ga0393388_01_36142_38339_DR16	CP000239.1:1860048-1860273|CDS|CYA_1856	97.222	36	1	0	1	36	52	87	3.97e-11	61.7
Ga0393388_01_36142_38339_DR17	CP000239.1:1860048-1860273|CDS|CYA_1856	97.222	36	1	0	1	36	52	87	3.97e-11	61.7
Ga0393388_01_36142_38339_DR18	CP000239.1:1860048-1860273|CDS|CYA_1856	97.222	36	1	0	1	36	52	87	3.97e-11	61.7
Ga0393388_01_36142_38339_DR19	CP000239.1:1860048-1860273|CDS|CYA_1856	97.222	36	1	0	1	36	52	87	3.97e-11	61.7
Ga0393388_01_36142_38339_DR20	CP000239.1:1860048-1860273|CDS|CYA_1856	97.222	36	1	0	1	36	52	87	3.97e-11	61.7
Ga0393388_01_36142_38339_DR21	CP000239.1:1860048-1860273|CDS|CYA_1856	97.222	36	1	0	1	36	52	87	3.97e-11	61.7
Ga0393388_01_36142_38339_DR22	CP000239.1:1860048-1860273|CDS|CYA_1856	97.222	36	1	0	1	36	52	87	3.97e-11	61.7
Ga0393388_01_36142_38339_DR23	CP000239.1:1860048-1860273|CDS|CYA_1856	97.222	36	1	0	1	36	52	87	3.97e-11	61.7
Ga0393388_01_36142_38339_DR24	CP000239.1:1860048-1860273|CDS|CYA_1856	97.222	36	1	0	1	36	52	87	3.97e-11	61.7
Ga0393388_01_36142_38339_DR28	CP000239.1:1860048-1860273|CDS|CYA_1856	97.222	36	1	0	1	36	52	87	3.97e-11	61.7
Ga0393388_01_39020_40477	CP000239.1:1861250-1862810|CDS|CYA_1857	98.354	1458	24	0	1	1458	103	1560	0.0	2522
Ga0393388_01_39020_40477	CP000240.1:1359647-1361204|CDS|CYB_1298	83.322	1451	242	0	1	1451	100	1550	0.0	1526
Ga0393388_01_40667_41614	CP000239.1:1862897-1863845|CDS|CYA_1858	99.895	948	1	0	1	948	1	948	0.0	1706
Ga0393388_01_40667_41614	CP000240.1:1362409-1363360|CDS|CYB_1299	85.523	898	130	0	45	942	48	945	0.0	1034
Ga0393388_01_41608_42732	CP000239.1:1863838-1864972|CDS|CYA_1859	97.867	1125	24	0	1	1125	10	1134	0.0	1921
Ga0393388_01_41608_42732	CP000240.1:1363353-1364508|CDS|CYB_1301	83.393	1120	178	3	13	1125	37	1155	0.0	1176
Ga0393388_01_42809_43675	CP000239.1:1865039-1865843|CDS|CYA_1860	100.000	804	0	0	64	867	1	804	0.0	1451
Ga0393388_01_42809_43675	CP000240.1:1364732-1365587|CDS|CYB_1302	80.832	793	152	0	29	821	14	806	0.0	746
Ga0393388_01_43853_44374	CP000239.1:1866056-1866605|CDS|CYA_1862	100.000	522	0	0	1	522	28	549	0.0	942
Ga0393388_01_43853_44374	CP000240.1:2995099-2995648|CDS|CYB_2897	87.332	521	66	0	1	521	28	548	0.0	643
Ga0393388_01_43853_44374	CP000239.1:711146-711695|CDS|CYA_0703	86.873	518	68	0	1	518	28	545	1.22e-180	628
Ga0393388_01_44587_47181	CP000239.1:1866700-1869412|CDS|CYA_1863	96.146	2595	100	0	1	2595	118	2712	0.0	4230
Ga0393388_01_44587_47181	CP000240.1:2995884-2998611|CDS|CYB_2898	84.176	2591	404	1	1	2585	118	2708	0.0	2826
Ga0393388_01_44587_47181	CP000239.1:708184-710911|CDS|CYA_0702	84.137	2591	405	1	1	2585	118	2708	0.0	2821
Ga0393388_01_47352_48206	CP000239.1:1869501-1870437|CDS|CYA_1864	99.883	855	1	0	1	855	82	936	0.0	1538
Ga0393388_01_47352_48206	CP000240.1:330803-331757|CDS|CYB_0315	80.046	862	154	2	10	853	91	952	0.0	787
Ga0393388_01_48699_49040	CP000239.1:455920-457171|CDS|CYA_0436	90.312	320	31	0	4	323	1	320	2.74e-123	438
Ga0393388_02_45_305	CP000239.1:1063840-1064101|CDS|CYA_1043	100.000	261	0	0	1	261	1	261	9.91e-134	471
Ga0393388_02_45_305	CP000240.1:2965280-2965541|CDS|CYB_2866	87.356	261	33	0	1	261	1	261	1.13e-88	323
Ga0393388_02_408_2231	CP000239.1:1061914-1063738|CDS|CYA_1042	98.519	1823	27	0	1	1823	1	1823	0.0	3167
Ga0393388_02_408_2231	CP000240.1:2963261-2965085|CDS|CYB_2865	87.219	1823	233	0	1	1823	1	1823	0.0	2238
Ga0393388_02_2385_2846	CP000239.1:455920-457171|CDS|CYA_0436	86.287	474	46	2	5	459	512	985	2.53e-163	571
Ga0393388_02_2828_3109	CP000239.1:455920-457171|CDS|CYA_0436	93.617	282	18	0	1	282	970	1251	1.15e-120	428
Ga0393388_02_3266_5122	CP000239.1:1056279-1058187|CDS|CYA_1038	81.233	1849	296	9	1	1798	1	1849	0.0	1776
Ga0393388_02_3266_5122	CP000240.1:2958120-2960031|CDS|CYB_2861	79.787	1786	310	8	64	1798	67	1852	0.0	1604
Ga0393388_02_5169_5657	CP000239.1:1055744-1056233|CDS|CYA_1037	100.000	489	0	0	1	489	1	489	0.0	883
Ga0393388_02_5169_5657	CP000240.1:2956991-2957483|CDS|CYB_2859	87.373	491	59	1	1	488	1	491	1.30e-173	605
Ga0393388_02_5907_6362	CP000239.1:1055039-1055432|CDS|CYA_1035	99.491	393	2	0	64	456	1	393	0.0	700
Ga0393388_02_5907_6362	CP000240.1:2956211-2956679|CDS|CYB_2858	79.618	471	78	3	1	456	1	468	9.95e-118	420
Ga0393388_02_6330_6824	CP000239.1:88305-89487|CDS|CYA_0091	76.497	451	75	2	1	444	718	1144	3.79e-98	355
Ga0393388_02_6877_7335	CP000239.1:88305-89487|CDS|CYA_0091	77.458	417	87	3	3	413	184	599	2.07e-88	322
Ga0393388_02_6877_7335	CP000240.1:2796782-2798000|CDS|CYB_2707	73.474	475	99	4	3	451	184	657	2.87e-80	296
Ga0393388_02_6877_7335	CP000239.1:1594889-1596107|CDS|CYA_1585	76.145	415	92	3	1	409	182	595	2.87e-80	296
Ga0393388_02_6877_7335	CP000240.1:1384265-1385459|CDS|CYB_1322	73.109	476	101	4	1	450	182	656	4.27e-78	288
Ga0393388_02_6877_7335	CP000240.1:2247371-2248565|CDS|CYB_2147	75.663	415	94	3	1	409	182	595	1.49e-77	287
Ga0393388_02_6877_7335	CP000240.1:1316312-1317548|CDS|CYB_1259	73.053	475	101	4	3	451	184	657	1.49e-77	287
Ga0393388_02_6877_7335	CP000240.1:1190675-1191869|CDS|CYB_1151	75.663	415	94	3	1	409	182	595	1.49e-77	287
Ga0393388_02_6877_7335	CP000239.1:2170714-2171908|CDS|CYA_2158	72.842	475	102	4	3	451	184	657	1.81e-76	282
Ga0393388_02_6877_7335	CP000240.1:1842322-1843549|CDS|CYB_1759	72.785	474	102	4	3	450	184	656	6.33e-76	280
Ga0393388_02_6877_7335	CP000240.1:2644164-2645358|CDS|CYB_2538	75.243	412	95	3	1	406	182	592	7.71e-75	277
Ga0393388_02_6877_7335	CP000240.1:241642-242836|CDS|CYB_0233	72.421	475	104	4	3	451	184	657	9.40e-74	273
Ga0393388_02_6877_7335	CP000240.1:2565689-2566883|CDS|CYB_2468	75.061	413	94	4	1	406	182	592	3.28e-73	271
Ga0393388_02_6877_7335	CP000240.1:2661652-2662870|CDS|CYB_2557	74.818	413	97	3	3	409	184	595	1.14e-72	269
Ga0393388_02_6877_7335	CP000239.1:893439-894633|CDS|CYA_0887	74.818	413	97	3	3	409	184	595	1.14e-72	269
Ga0393388_02_6877_7335	CP000240.1:2619921-2621115|CDS|CYB_2521	72.211	475	105	4	3	451	184	657	4.00e-72	269
Ga0393388_02_6877_7335	CP000240.1:1803089-1804283|CDS|CYB_1722	72.117	477	106	4	1	451	182	657	4.00e-72	268
Ga0393388_02_6877_7335	CP000240.1:629484-630702|CDS|CYB_0620	75.510	392	89	3	24	409	229	619	4.00e-72	268
Ga0393388_02_6877_7335	CP000240.1:345730-346924|CDS|CYB_0329	74.757	412	97	3	1	406	182	592	4.00e-72	268
Ga0393388_02_6877_7335	CP000240.1:1521392-1522610|CDS|CYB_1450	72.687	454	97	4	24	451	229	681	1.39e-71	267
Ga0393388_02_6877_7335	CP000240.1:1064975-1066169|CDS|CYB_1023	71.908	477	107	4	1	451	182	657	1.70e-70	263
Ga0393388_02_6877_7335	CP000239.1:994256-995468|CDS|CYA_0981	74.515	412	98	3	1	406	182	592	1.70e-70	263
Ga0393388_02_6877_7335	CP000239.1:712444-713638|CDS|CYA_0704	74.334	413	99	3	3	409	184	595	5.93e-70	260
Ga0393388_02_6877_7335	CP000240.1:2128026-2129220|CDS|CYB_2026	74.390	410	98	3	1	404	182	590	2.07e-69	260
Ga0393388_02_6877_7335	CP000240.1:52430-53648|CDS|CYB_0041	74.390	410	98	3	3	406	184	592	2.07e-69	260
Ga0393388_02_6877_7335	CP000240.1:2933473-2934709|CDS|CYB_2835	75.000	392	91	3	24	409	229	619	2.07e-69	259
Ga0393388_02_6877_7335	CP000240.1:3008652-3009870|CDS|CYB_2910	72.247	454	99	4	24	451	229	681	7.23e-69	258
Ga0393388_02_6877_7335	CP000240.1:1267756-1268992|CDS|CYB_1227	72.247	454	99	4	24	451	229	681	7.23e-69	258
Ga0393388_02_6877_7335	CP000239.1:774779-775973|CDS|CYA_0767	71.730	474	107	4	3	450	184	656	7.23e-69	258
Ga0393388_02_6877_7335	CP000240.1:1954838-1956056|CDS|CYB_1872	74.092	413	100	3	3	409	184	595	2.52e-68	256
Ga0393388_02_6877_7335	CP000239.1:698055-699204|CDS|CYA_0690	74.146	410	99	3	3	406	184	592	2.52e-68	255
Ga0393388_02_6877_7335	CP000240.1:102811-104029|CDS|CYB_0087	72.026	454	100	4	24	451	229	681	8.80e-68	253
Ga0393388_02_6877_7335	CP000240.1:2168360-2169515|CDS|CYB_2071	71.548	478	103	6	3	451	184	657	3.07e-67	252
Ga0393388_02_6877_7335	CP000240.1:2210858-2212052|CDS|CYB_2117	73.850	413	101	3	3	409	184	595	3.07e-67	251
Ga0393388_02_6877_7335	CP000239.1:629980-631174|CDS|CYA_0620	73.850	413	101	3	3	409	184	595	3.07e-67	251
Ga0393388_02_6877_7335	CP000240.1:2219258-2220470|CDS|CYB_2126	73.786	412	101	3	1	406	182	592	1.07e-66	250
Ga0393388_02_6877_7335	CP000240.1:481588-482800|CDS|CYB_0472	71.279	477	110	4	1	451	182	657	1.07e-66	250
Ga0393388_02_6877_7335	CP000240.1:1358129-1359347|CDS|CYB_1297	71.806	454	101	4	24	451	229	681	3.74e-66	249
Ga0393388_02_6877_7335	CP000240.1:638632-639850|CDS|CYB_0630	71.806	454	101	4	24	451	229	681	3.74e-66	249
Ga0393388_02_6877_7335	CP000240.1:605550-606744|CDS|CYB_0598	71.158	475	110	4	3	451	184	657	1.31e-65	246
Ga0393388_02_6877_7335	CP000240.1:1917270-1918464|CDS|CYB_1826	73.544	412	102	3	1	406	182	592	4.56e-65	245
Ga0393388_02_6877_7335	CP000240.1:1015074-1016268|CDS|CYB_0979	71.069	477	111	4	1	451	182	657	4.56e-65	245
Ga0393388_02_6877_7335	CP000239.1:693322-694534|CDS|CYA_0687	73.544	412	102	3	1	406	182	592	4.56e-65	245
Ga0393388_02_6877_7335	CP000240.1:1083184-1084426|CDS|CYB_1042	71.586	454	102	4	24	451	229	681	4.56e-65	244
Ga0393388_02_6877_7335	CP000240.1:2830275-2831565|CDS|CYB_2735	71.302	453	103	4	24	450	229	680	6.77e-63	238
Ga0393388_02_6877_7335	CP000240.1:1763450-1764623|CDS|CYB_1688	73.058	412	104	3	1	406	182	592	2.36e-62	236
Ga0393388_02_6877_7335	CP000240.1:2553363-2554557|CDS|CYB_2454	72.577	423	108	4	3	419	184	604	1.00e-60	230
Ga0393388_02_6877_7335	CP000240.1:1244785-1246021|CDS|CYB_1201	68.938	499	104	5	3	451	184	681	4.27e-59	225
Ga0393388_02_6877_7335	CP000240.1:2506708-2507857|CDS|CYB_2410	66.733	502	92	6	24	451	253	753	7.23e-50	194
Ga0393388_02_7770_8795	CP000239.1:1052606-1053632|CDS|CYA_1034	99.903	1026	1	0	1	1026	1	1026	0.0	1847
Ga0393388_02_7770_8795	CP000240.1:2954904-2955939|CDS|CYB_2857	86.184	1035	134	1	1	1026	1	1035	0.0	1226
Ga0393388_02_8965_10302	CP000239.1:1051099-1052437|CDS|CYA_1032	99.253	1338	10	0	1	1338	1	1338	0.0	2369
Ga0393388_02_8965_10302	CP000240.1:2953376-2954759|CDS|CYB_2855	76.453	1376	240	8	3	1318	15	1366	0.0	1061
Ga0393388_02_10299_11048	CP000239.1:1050353-1051103|CDS|CYA_1033	98.533	750	11	0	1	750	1	750	0.0	1304
Ga0393388_02_10299_11048	CP000240.1:2952636-2953380|CDS|CYB_2856	87.200	750	90	1	1	750	1	744	0.0	921
Ga0393388_02_11306_12208	CP000239.1:1049193-1050096|CDS|CYA_1031	100.000	903	0	0	1	903	1	903	0.0	1629
Ga0393388_02_11306_12208	CP000240.1:2951359-2952262|CDS|CYB_2854	84.828	903	137	0	1	903	1	903	0.0	1012
Ga0393388_02_12225_12827	CP000239.1:1047275-1049177|CDS|CYA_1030	100.000	603	0	0	1	603	1300	1902	0.0	1088
Ga0393388_02_12225_12827	CP000240.1:2717149-2719069|CDS|CYB_2625	84.848	594	85	2	11	603	1331	1920	0.0	662
Ga0393388_02_13055_14128	CP000239.1:1047275-1049177|CDS|CYA_1030	99.814	1074	0	1	1	1074	1	1072	0.0	1926
Ga0393388_02_13055_14128	CP000240.1:2717149-2719069|CDS|CYB_2625	85.940	1074	149	1	1	1074	1	1072	0.0	1254
Ga0393388_02_14144_15148	CP000239.1:1046249-1047260|CDS|CYA_1029	100.000	1005	0	0	1	1005	7	1011	0.0	1813
Ga0393388_02_14144_15148	CP000240.1:2719084-2720125|CDS|CYB_2626	81.467	1036	160	7	1	1005	7	1041	0.0	1001
Ga0393388_02_15243_15686	CP000239.1:1045717-1046161|CDS|CYA_1028	100.000	444	0	0	1	444	1	444	0.0	801
Ga0393388_02_15243_15686	CP000240.1:2720213-2720657|CDS|CYB_2627	87.162	444	57	0	1	444	1	444	3.37e-155	545
Ga0393388_02_16131_16541	CP000239.1:1044862-1045273|CDS|CYA_1027	100.000	411	0	0	1	411	1	411	0.0	742
Ga0393388_02_16131_16541	CP000240.1:2720920-2721424|CDS|CYB_2628	88.264	409	48	0	1	409	94	502	1.01e-148	522
Ga0393388_02_16591_17394	CP000239.1:1044009-1044813|CDS|CYA_1026	98.881	804	9	0	1	804	1	804	0.0	1410
Ga0393388_02_16591_17394	CP000240.1:2721473-2722277|CDS|CYB_2629	84.826	804	122	0	1	804	1	804	0.0	901
Ga0393388_02_17669_17881	CP000239.1:1043738-1043951|CDS|CYA_1025	95.775	213	9	0	1	213	1	213	2.77e-95	344
Ga0393388_02_17669_17881	CP000240.1:2722675-2722888|CDS|CYB_2630	88.263	213	25	0	1	213	1	213	1.43e-73	272
Ga0393388_02_18126_18794	CP000239.1:1042832-1043561|CDS|CYA_1024	98.645	664	9	0	1	664	64	727	0.0	1158
Ga0393388_02_18126_18794	CP000240.1:2723145-2723826|CDS|CYB_2631	86.474	658	89	0	1	658	22	679	0.0	786
Ga0393388_02_18891_19160	CP000239.1:1042529-1042799|CDS|CYA_1023	100.000	270	0	0	1	270	1	270	1.34e-138	488
Ga0393388_02_18891_19160	CP000240.1:2723862-2724132|CDS|CYB_2632	85.283	265	35	2	1	263	1	263	4.68e-81	297
Ga0393388_02_19253_19999	CP000239.1:1041546-1042437|CDS|CYA_1022	97.724	747	17	0	1	747	145	891	0.0	1271
Ga0393388_02_19253_19999	CP000240.1:1490935-1491823|CDS|CYB_1422	82.548	722	126	0	2	723	128	849	0.0	735
Ga0393388_02_20327_21571	CP000239.1:1038332-1041368|CDS|CYA_1021	95.663	1245	54	0	1	1245	1792	3036	0.0	2003
Ga0393388_02_21683_23542	CP000239.1:1038332-1041368|CDS|CYA_1021	70.762	1693	422	28	211	1853	16	1685	0.0	762
Ga0393388_02_23545_24213	CP000239.1:1037439-1038135|CDS|CYA_1020	81.241	693	99	8	1	664	1	691	0.0	656
Ga0393388_02_24267_24935	CP000239.1:1075231-1077295|CDS|CYA_1059	99.698	662	2	0	8	669	1403	2064	0.0	1186
Ga0393388_02_24267_24935	CP000240.1:288322-290380|CDS|CYB_0274	87.424	660	83	0	10	669	1399	2058	0.0	817
Ga0393388_02_25180_26277	CP000239.1:1073889-1075026|CDS|CYA_1058	99.727	1098	3	0	1	1098	40	1137	0.0	1967
Ga0393388_02_25180_26277	CP000240.1:2494155-2495304|CDS|CYB_2393	94.718	1098	58	0	1	1098	52	1149	0.0	1719
Ga0393388_02_26265_26462	CP000239.1:1073704-1073902|CDS|CYA_1057	100.000	198	0	0	1	198	1	198	1.16e-99	358
Ga0393388_02_26265_26462	CP000240.1:2495291-2495489|CDS|CYB_2394	89.394	198	21	0	1	198	1	198	6.84e-71	263
Ga0393388_02_26559_27335	CP000239.1:1072831-1073605|CDS|CYA_1056	99.742	774	2	0	4	777	1	774	0.0	1388
Ga0393388_02_26559_27335	CP000240.1:2495572-2496349|CDS|CYB_2395	89.392	773	82	0	1	773	1	773	0.0	1025
Ga0393388_02_27348_27794	CP000239.1:1072186-1072819|CDS|CYA_1055	100.000	447	0	0	1	447	187	633	0.0	807
Ga0393388_02_27348_27794	CP000240.1:2496371-2497004|CDS|CYB_2396	82.103	447	80	0	1	447	187	633	7.01e-126	446
Ga0393388_02_28236_28913	CP000239.1:1071254-1071986|CDS|CYA_1053	100.000	678	0	0	1	678	55	732	0.0	1223
Ga0393388_02_28236_28913	CP000240.1:2497102-2497912|CDS|CYB_2397	86.263	677	93	0	2	678	134	810	0.0	802
Ga0393388_02_29038_29169	CP000239.1:1070998-1071130|CDS|CYA_1052	100.000	132	0	0	1	132	1	132	4.91e-64	239
Ga0393388_02_29271_30404	CP000239.1:1069763-1070897|CDS|CYA_1051	99.912	1134	1	0	1	1134	1	1134	0.0	2041
Ga0393388_02_29271_30404	CP000240.1:2498323-2499439|CDS|CYB_2399	87.094	1108	143	0	1	1108	1	1108	0.0	1354
Ga0393388_02_30434_31420	CP000239.1:1068747-1069734|CDS|CYA_1050	100.000	987	0	0	1	987	1	987	0.0	1781
Ga0393388_02_30434_31420	CP000240.1:2499534-2500518|CDS|CYB_2400	87.248	941	120	0	46	986	43	983	0.0	1157
Ga0393388_02_31524_32480	CP000239.1:1067687-1068644|CDS|CYA_1049	96.656	957	32	0	1	957	1	957	0.0	1582
Ga0393388_02_31524_32480	CP000240.1:2970577-2971534|CDS|CYB_2874	89.551	957	100	0	1	957	1	957	0.0	1276
Ga0393388_02_32625_32915	CP000240.1:2970146-2970437|CDS|CYB_2873	93.080	289	20	0	1	289	1	289	9.79e-122	432
Ga0393388_02_32625_32915	CP000239.1:1067116-1067407|CDS|CYA_1048	91.003	289	26	0	1	289	1	289	1.36e-113	405
Ga0393388_02_32994_33512	CP000239.1:1066527-1067049|CDS|CYA_1047	90.038	522	49	2	1	519	1	522	0.0	701
Ga0393388_02_32994_33512	CP000240.1:2969531-2970068|CDS|CYB_2872	89.727	477	49	0	1	477	1	477	0.0	640
Ga0393388_02_33515_33673	CP000240.1:2969370-2969529|CDS|CYB_2871	98.742	159	2	0	1	159	1	159	6.98e-76	279
Ga0393388_02_33515_33673	CP000239.1:1066354-1066525|CDS|CYA_1046	84.028	144	23	0	1	144	1	144	5.74e-39	157
Ga0393388_02_33882_34715	CP000240.1:2968340-2969051|CDS|CYB_2870	99.719	711	2	0	124	834	1	711	0.0	1274
Ga0393388_02_34761_35225	CP000240.1:2967830-2968295|CDS|CYB_2869	99.355	465	3	0	1	465	1	465	0.0	826
Ga0393388_03_520_819	CP000239.1:2560973-2561273|CDS|CYA_2541	99.333	300	2	0	1	300	1	300	4.02e-152	533
Ga0393388_03_520_819	CP000240.1:868703-869003|CDS|CYB_0836	79.000	300	63	0	1	300	1	300	4.61e-69	258
Ga0393388_03_852_2612	CP000239.1:2561305-2563264|CDS|CYA_2542	95.968	1761	71	0	1	1761	199	1959	0.0	2856
Ga0393388_03_852_2612	CP000240.1:869032-870856|CDS|CYB_0837	74.888	1780	408	13	1	1756	55	1819	0.0	1172
Ga0393388_03_2840_3481	CP000239.1:2563293-2563935|CDS|CYA_2543	98.910	642	7	0	1	642	1	642	0.0	1127
Ga0393388_03_2840_3481	CP000240.1:870886-871528|CDS|CYB_0838	87.967	615	74	0	28	642	28	642	0.0	776
Ga0393388_03_3481_3873	CP000239.1:2563934-2564327|CDS|CYA_2544	99.491	393	2	0	1	393	1	393	0.0	700
Ga0393388_03_3481_3873	CP000240.1:871527-871920|CDS|CYB_0839	83.073	384	65	0	10	393	10	393	7.96e-112	400
Ga0393388_03_3887_4657	CP000239.1:2564340-2565111|CDS|CYA_2545	95.300	766	36	0	6	771	6	771	0.0	1220
Ga0393388_03_3887_4657	CP000240.1:871944-872715|CDS|CYB_0840	82.329	747	126	3	28	771	28	771	0.0	745
Ga0393388_03_4691_5791	CP000239.1:2565156-2566281|CDS|CYA_2546	96.239	1090	32	2	1	1090	37	1117	0.0	1781
Ga0393388_03_4691_5791	CP000240.1:872762-873902|CDS|CYB_0841	77.858	1102	238	2	1	1096	37	1138	0.0	884
Ga0393388_03_5824_8817	CP000239.1:2566277-2569103|CDS|CYA_2547	97.028	2826	84	0	169	2994	1	2826	0.0	4718
Ga0393388_03_5824_8817	CP000240.1:873898-876886|CDS|CYB_0842	80.314	2992	569	7	13	2994	7	2988	0.0	2727
Ga0393388_03_9064_10383	CP000239.1:2569517-2570837|CDS|CYA_2548	99.545	1320	6	0	1	1320	1	1320	0.0	2354
Ga0393388_03_9064_10383	CP000240.1:877088-878468|CDS|CYB_0843	80.749	1335	242	2	1	1320	46	1380	0.0	1254
Ga0393388_03_10562_11146	CP000239.1:2571015-2571600|CDS|CYA_2550	98.462	585	9	0	1	585	1	585	0.0	1015
Ga0393388_03_10562_11146	CP000240.1:878589-879339|CDS|CYB_0845	70.704	611	142	14	1	585	151	750	1.80e-71	266
Ga0393388_03_11174_11782	CP000239.1:2571627-2572236|CDS|CYA_2551	95.895	609	25	0	1	609	1	609	0.0	986
Ga0393388_03_11174_11782	CP000240.1:1861120-1861735|CDS|CYB_1775	81.239	581	109	0	29	609	35	615	7.44e-159	557
Ga0393388_03_11859_12425	CP000239.1:2572192-2572879|CDS|CYA_2552	99.824	567	1	0	1	567	121	687	0.0	1019
Ga0393388_03_11859_12425	CP000240.1:1860439-1861027|CDS|CYB_1774	74.638	552	126	4	7	557	7	545	1.03e-99	360
Ga0393388_03_12579_16295	CP000239.1:2573293-2576749|CDS|CYA_2553	90.066	3463	330	10	262	3717	1	3456	0.0	4662
Ga0393388_03_12579_16295	CP000240.1:1856513-1860257|CDS|CYB_1773	75.944	3654	826	19	93	3715	111	3742	0.0	2590
Ga0393388_03_16616_17872	CP000239.1:2577069-2579121|CDS|CYA_2555	99.364	1257	7	1	1	1257	1	1256	0.0	2228
Ga0393388_03_16616_17872	CP000240.1:2634101-2636165|CDS|CYB_2532	88.146	1257	148	1	1	1257	1	1256	0.0	1592
Ga0393388_03_17847_18668	CP000239.1:2577069-2579121|CDS|CYA_2555	100.000	822	0	0	1	822	1231	2052	0.0	1483
Ga0393388_03_17847_18668	CP000240.1:2634101-2636165|CDS|CYB_2532	91.492	811	69	0	1	811	1231	2041	0.0	1152
Ga0393388_03_18665_19963	CP000239.1:2579117-2580416|CDS|CYA_2554	99.461	1299	7	0	1	1299	1	1299	0.0	2312
Ga0393388_03_18665_19963	CP000240.1:2636161-2637445|CDS|CYB_2531	88.148	1274	151	0	1	1274	1	1274	0.0	1618
Ga0393388_03_20146_20550	CP000239.1:2580598-2581003|CDS|CYA_2556	99.012	405	4	0	1	405	1	405	0.0	713
Ga0393388_03_20146_20550	CP000240.1:2369615-2370020|CDS|CYB_2264	81.235	405	76	0	1	405	1	405	1.49e-108	389
Ga0393388_03_20707_21066	CP000239.1:2581159-2581519|CDS|CYA_2557	94.444	360	20	0	1	360	1	360	3.51e-160	560
Ga0393388_03_20707_21066	CP000239.1:2619424-2619778|CDS|CYA_2601	91.404	349	30	0	11	359	5	353	1.22e-140	495
Ga0393388_03_20707_21066	CP000240.1:841876-842233|CDS|CYB_0813	87.755	343	42	0	11	353	5	347	4.28e-121	430
Ga0393388_03_21180_21296	CP000239.1:2581636-2581753|CDS|CYA_2558	100.000	117	0	0	1	117	1	117	5.90e-56	212
Ga0393388_03_21180_21296	CP000239.1:2619211-2619328|CDS|CYA_2600	98.291	117	2	0	1	117	1	117	3.06e-53	203
Ga0393388_03_21180_21296	CP000240.1:841655-841772|CDS|CYB_0812	86.325	117	16	0	1	117	1	117	3.06e-34	140
Ga0393388_04_497_1003	CP000239.1:19705-20212|CDS|CYA_0019	100.000	507	0	0	1	507	1	507	0.0	915
Ga0393388_04_497_1003	CP000240.1:3019559-3020066|CDS|CYB_2920	83.401	494	82	0	10	503	10	503	1.27e-148	522
Ga0393388_04_1010_1381	CP000239.1:20218-20590|CDS|CYA_0021	93.801	371	23	0	2	372	2	372	8.54e-162	566
Ga0393388_04_1010_1381	CP000240.1:3020062-3020446|CDS|CYB_2921	77.457	346	68	3	12	352	12	352	3.20e-72	269
Ga0393388_04_1368_2144	CP000239.1:20576-21446|CDS|CYA_0022	97.040	777	23	0	1	777	94	870	0.0	1298
Ga0393388_04_1368_2144	CP000240.1:3020432-3021335|CDS|CYB_2922	84.485	767	119	0	1	767	127	893	0.0	847
Ga0393388_04_2579_2683	CP000239.1:21787-21895|CDS|CYA_0023	100.000	105	0	0	1	105	4	108	1.68e-49	190
Ga0393388_04_2579_2683	CP000240.1:3021525-3021633|CDS|CYB_2923	91.429	105	9	0	1	105	4	108	5.16e-37	150
Ga0393388_04_2875_3966	CP000239.1:22083-23175|CDS|CYA_0024	95.238	1092	52	0	1	1092	1	1092	0.0	1736
Ga0393388_04_2875_3966	CP000240.1:3021851-3022943|CDS|CYB_2924	85.256	1092	161	0	1	1092	1	1092	0.0	1244
Ga0393388_04_4082_5476	CP000239.1:23328-24723|CDS|CYA_0025	99.355	1395	9	0	1	1395	1	1395	0.0	2476
Ga0393388_04_4082_5476	CP000240.1:511014-512409|CDS|CYB_0500	84.395	1397	214	2	1	1395	1	1395	0.0	1532
Ga0393388_04_5664_6962	CP000239.1:24910-26074|CDS|CYA_0026	100.000	1164	0	0	136	1299	1	1164	0.0	2100
Ga0393388_04_5664_6962	CP000240.1:2387497-2388799|CDS|CYB_2281	77.391	1265	250	9	9	1240	6	1267	0.0	985
Ga0393388_04_6955_7320	CP000239.1:26201-26567|CDS|CYA_0027	99.727	366	1	0	1	366	1	366	0.0	656
Ga0393388_04_6955_7320	CP000240.1:2388798-2389182|CDS|CYB_2282	86.630	359	48	0	6	364	24	382	1.25e-121	432
Ga0393388_04_7470_7898	CP000239.1:26692-27145|CDS|CYA_0028	99.767	429	1	0	1	429	25	453	0.0	770
Ga0393388_04_7470_7898	CP000240.1:2389379-2389823|CDS|CYB_2283	86.398	397	54	0	2	398	26	422	4.83e-134	473
Ga0393388_04_7470_7898	CP000240.1:705025-705457|CDS|CYB_0688	77.370	327	74	0	73	399	100	426	6.73e-69	257
Ga0393388_04_7470_7898	CP000239.1:2512197-2512599|CDS|CYA_2501	74.312	327	84	0	73	399	70	396	2.51e-55	212
Ga0393388_04_7906_10287	CP000239.1:27152-29534|CDS|CYA_0029	99.916	2382	2	0	1	2382	1	2382	0.0	4287
Ga0393388_04_7906_10287	CP000240.1:2389873-2392255|CDS|CYB_2284	83.670	2376	373	2	1	2364	1	2373	0.0	2541
Ga0393388_04_10468_10914	CP000239.1:29714-30161|CDS|CYA_0030	100.000	447	0	0	1	447	1	447	0.0	807
Ga0393388_04_10468_10914	CP000240.1:2392457-2392904|CDS|CYB_2285	89.933	447	45	0	1	447	1	447	4.13e-173	604
Ga0393388_04_11241_11621	CP000239.1:30487-30868|CDS|CYA_0031	99.738	381	1	0	1	381	1	381	0.0	683
Ga0393388_04_11241_11621	CP000240.1:2393260-2393641|CDS|CYB_2286	88.189	381	45	0	1	381	1	381	2.35e-137	485
Ga0393388_04_11668_12942	CP000239.1:30914-32189|CDS|CYA_0032	99.765	1275	3	0	1	1275	1	1275	0.0	2287
Ga0393388_04_11668_12942	CP000240.1:2393680-2395045|CDS|CYB_2287	79.150	1271	232	3	38	1275	95	1365	0.0	1114
Ga0393388_04_13320_13973	CP000239.1:32566-33220|CDS|CYA_0034	99.847	654	1	0	1	654	1	654	0.0	1176
Ga0393388_04_14343_14813	CP000239.1:33589-34060|CDS|CYA_0035	99.788	471	1	0	1	471	1	471	0.0	846
Ga0393388_04_14343_14813	CP000240.1:1574006-1574477|CDS|CYB_1499	89.787	470	48	0	1	470	1	470	0.0	632
Ga0393388_04_14863_14976	CP000239.1:34109-34223|CDS|CYA_0036	100.000	114	0	0	1	114	1	114	2.43e-54	206
Ga0393388_04_14863_14976	CP000240.1:1574515-1574629|CDS|CYB_1500	90.265	113	11	0	1	113	1	113	1.34e-38	155
Ga0393388_04_15310_15708	CP000239.1:1152553-1152952|CDS|CYA_1126	99.749	399	1	0	1	399	1	399	0.0	716
Ga0393388_04_15310_15708	CP000239.1:1013062-1013461|CDS|CYA_0999	99.749	399	1	0	1	399	1	399	0.0	716
Ga0393388_04_15310_15708	CP000239.1:2654240-2654639|CDS|CYA_2639	99.499	399	2	0	1	399	1	399	0.0	711
Ga0393388_04_15310_15708	CP000239.1:2728529-2728928|CDS|CYA_2709	99.248	399	3	0	1	399	1	399	0.0	707
Ga0393388_04_15310_15708	CP000239.1:1367794-1368193|CDS|CYA_1358	99.248	399	3	0	1	399	1	399	0.0	707
Ga0393388_04_15310_15708	CP000239.1:34556-34955|CDS|CYA_0037	99.248	399	3	0	1	399	1	399	0.0	707
Ga0393388_04_15310_15708	CP000239.1:1290362-1291310|CDS|CYA_1279	99.250	400	2	1	1	399	1	400	0.0	705
Ga0393388_04_15310_15708	CP000239.1:2740042-2740447|CDS|CYA_2722	99.248	399	2	1	1	399	1	398	0.0	703
Ga0393388_04_15310_15708	CP000239.1:2026942-2027347|CDS|CYA_2010	99.248	399	2	1	1	399	1	398	0.0	703
Ga0393388_04_15310_15708	CP000239.1:1663935-1664334|CDS|CYA_1661	98.997	399	4	0	1	399	1	399	0.0	702
Ga0393388_04_15310_15708	CP000239.1:1300762-1301161|CDS|CYA_1291	98.997	399	4	0	1	399	1	399	0.0	702
Ga0393388_04_15310_15708	CP000239.1:1612111-1613059|CDS|CYA_1604	99.000	400	3	1	1	399	1	400	0.0	700
Ga0393388_04_15310_15708	CP000239.1:1321049-1321982|CDS|CYA_1311	99.000	400	3	1	1	399	1	400	0.0	700
Ga0393388_04_15310_15708	CP000239.1:51699-52647|CDS|CYA_0053	99.000	400	3	1	1	399	1	400	0.0	700
Ga0393388_04_15310_15708	CP000239.1:2862566-2862965|CDS|CYA_2845	98.747	399	5	0	1	399	1	399	0.0	698
Ga0393388_04_15310_15708	CP000239.1:2101748-2102147|CDS|CYA_2082	98.747	399	5	0	1	399	1	399	0.0	698
Ga0393388_05_35_211	CP000239.1:970267-970444|CDS|CYA_0957	100.000	177	0	0	1	177	1	177	2.56e-88	320
Ga0393388_05_1611_3611	CP000239.1:1330744-1334707|CDS|CYA_1319	92.458	2002	150	1	1	2001	1	2002	0.0	2927
Ga0393388_05_1611_3611	CP000240.1:940184-944147|CDS|CYB_0908	90.859	2002	182	1	1	2001	1	2002	0.0	2782
Ga0393388_05_8150_8878	CP000239.1:971754-972450|CDS|CYA_0959	96.695	696	23	0	34	729	1	696	0.0	1152
Ga0393388_05_8955_10364	CP000239.1:972526-973936|CDS|CYA_0960	99.929	1410	1	0	1	1410	1	1410	0.0	2539
Ga0393388_05_8955_10364	CP000240.1:304467-305910|CDS|CYB_0292	80.334	1439	246	7	7	1410	7	1443	0.0	1322
Ga0393388_05_10937_11434	CP000239.1:973844-975005|CDS|CYA_0961	99.598	498	2	0	1	498	664	1161	0.0	890
Ga0393388_05_10937_11434	CP000240.1:305818-306979|CDS|CYB_0293	79.713	488	99	0	1	488	664	1151	4.96e-122	434
Ga0393388_05_11449_11589	CP000239.1:975019-975553|CDS|CYA_0962	99.291	141	1	0	1	141	394	534	2.94e-67	251
Ga0393388_05_11533_11853	CP000239.1:975019-975553|CDS|CYA_0962	100.000	321	0	0	1	321	450	130	3.32e-166	580
Ga0393388_05_13394_13996	CP000239.1:976928-977528|CDS|CYA_0965	87.500	600	75	0	4	603	1	600	0.0	745
Ga0393388_05_13394_13996	CP000240.1:909071-909683|CDS|CYB_0882	84.191	544	86	0	4	547	1	544	2.93e-170	594
Ga0393388_06_82_723	CP000239.1:1933910-1935068|CDS|CYA_1923	98.754	642	8	0	1	642	517	1158	0.0	1122
Ga0393388_06_82_723	CP000240.1:2118234-2119392|CDS|CYB_2014	95.483	642	29	0	1	642	517	1158	0.0	1028
Ga0393388_06_1082_1936	CP000239.1:1932698-1933907|CDS|CYA_1922	97.778	855	19	0	1	855	355	1209	0.0	1457
Ga0393388_06_1082_1936	CP000240.1:2117022-2118231|CDS|CYB_2013	97.310	855	23	0	1	855	355	1209	0.0	1439
Ga0393388_06_2107_2874	CP000240.1:2116080-2116848|CDS|CYB_2012	99.609	768	3	0	1	768	1	768	0.0	1372
Ga0393388_06_2107_2874	CP000239.1:1931760-1932528|CDS|CYA_1921	98.438	768	12	0	1	768	1	768	0.0	1332
Ga0393388_06_2921_3673	CP000239.1:1930961-1931726|CDS|CYA_1920	98.141	753	14	0	1	753	13	765	0.0	1296
Ga0393388_06_2921_3673	CP000240.1:2115281-2116046|CDS|CYB_2011	97.610	753	18	0	1	753	13	765	0.0	1278
Ga0393388_06_3725_5269	CP000239.1:1929458-1930910|CDS|CYA_1919	99.931	1452	1	0	94	1545	1	1452	0.0	2615
Ga0393388_06_5428_6015	CP000239.1:1928618-1929314|CDS|CYA_1918	99.830	588	1	0	1	588	1	588	0.0	1057
Ga0393388_06_6207_7280	CP000240.1:2113997-2115062|CDS|CYB_2008	99.051	1054	10	0	1	1054	1	1054	0.0	1856
Ga0393388_06_6207_7280	CP000239.1:1927377-1928427|CDS|CYA_1917	87.125	1033	133	0	1	1033	1	1033	0.0	1264
Ga0393388_06_7273_8076	CP000240.1:2113201-2114005|CDS|CYB_2009	97.886	804	17	0	1	804	1	804	0.0	1374
Ga0393388_06_8269_9303	CP000239.1:1926266-1927301|CDS|CYA_1916	99.204	1005	8	0	1	1005	1	1005	0.0	1777
Ga0393388_06_8269_9303	CP000240.1:2111974-2113009|CDS|CYB_2006	88.502	1035	119	0	1	1035	1	1035	0.0	1331
Ga0393388_06_9673_11280	CP000239.1:1924289-1925897|CDS|CYA_1915	99.876	1608	2	0	1	1608	1	1608	0.0	2892
Ga0393388_06_9673_11280	CP000240.1:2109128-2110733|CDS|CYB_2004	89.925	1598	159	2	1	1597	1	1597	0.0	2150
Ga0393388_06_11354_11995	CP000239.1:1921738-1922380|CDS|CYA_1912	99.221	642	5	0	1	642	1	642	0.0	1136
Ga0393388_06_11354_11995	CP000240.1:2108475-2109072|CDS|CYB_2003	83.505	582	96	0	1	582	1	582	2.74e-177	618
Ga0393388_06_12046_12792	CP000239.1:1920941-1921688|CDS|CYA_1911	99.732	747	2	0	1	747	1	747	0.0	1339
Ga0393388_06_12046_12792	CP000240.1:2107663-2108410|CDS|CYB_2002	84.070	747	119	0	1	747	1	747	0.0	811
Ga0393388_06_12953_13627	CP000239.1:1920106-1920781|CDS|CYA_1910	99.852	675	1	0	1	675	1	675	0.0	1214
Ga0393388_06_12953_13627	CP000240.1:2106781-2107456|CDS|CYB_2001	86.627	673	90	0	1	673	1	673	0.0	809
Ga0393388_07_2645_2938	CP000239.1:907762-908056|CDS|CYA_0900	100.000	294	0	0	1	294	1	294	1.37e-151	531
Ga0393388_07_2928_3281	CP000239.1:907419-907773|CDS|CYA_0899	99.718	354	1	0	1	354	1	354	0.0	635
Ga0393388_07_3820_4185	CP000239.1:906578-906881|CDS|CYA_0898	100.000	303	0	0	64	366	1	303	2.25e-156	547
Ga0393388_07_3820_4185	CP000240.1:2300204-2300507|CDS|CYB_2192	80.634	284	55	0	82	365	19	302	3.83e-71	265
Ga0393388_07_4716_6248	CP000239.1:904452-905985|CDS|CYA_0895	99.935	1533	1	0	1	1533	1	1533	0.0	2761
Ga0393388_07_4716_6248	CP000240.1:2301167-2302700|CDS|CYB_2193	88.911	1533	170	0	1	1533	1	1533	0.0	1999
Ga0393388_07_6214_7170	CP000239.1:903530-904487|CDS|CYA_0896	98.119	957	18	0	1	957	1	957	0.0	1645
Ga0393388_07_6214_7170	CP000239.1:662802-663885|CDS|CYA_0654	97.365	835	22	0	25	859	10	844	0.0	1407
Ga0393388_07_6214_7170	CP000240.1:616166-617264|CDS|CYB_0605	88.076	847	101	0	1	847	1	847	0.0	1073
Ga0393388_07_7210_8685	CP000239.1:902015-903320|CDS|CYA_0894	96.858	1305	41	0	172	1476	1	1305	0.0	2169
Ga0393388_07_7210_8685	CP000240.1:614651-615956|CDS|CYB_0604	93.257	1305	88	0	172	1476	1	1305	0.0	1957
Ga0393388_07_9153_9980	CP000239.1:900648-901476|CDS|CYA_0893	89.855	828	84	0	1	828	1	828	0.0	1115
Ga0393388_07_9153_9980	CP000240.1:613302-614130|CDS|CYB_0603	87.728	823	101	0	1	823	1	823	0.0	1030
Ga0393388_07_10167_12137	CP000239.1:898479-900489|CDS|CYA_0892	95.663	1983	74	1	1	1971	28	2010	0.0	3195
Ga0393388_07_10167_12137	CP000240.1:611236-613234|CDS|CYB_0602	93.607	1971	126	0	1	1971	28	1998	0.0	2987
Ga0393388_07_12200_13036	CP000239.1:897553-898417|CDS|CYA_0891	92.966	853	36	1	1	829	1	853	0.0	1286
Ga0393388_07_12200_13036	CP000240.1:610277-611165|CDS|CYB_0601	82.440	877	106	1	1	829	1	877	0.0	927
Ga0393388_07_12200_13036	CP000239.1:625839-626682|CDS|CYA_0616	70.827	641	179	5	119	755	131	767	4.40e-81	298
Ga0393388_07_12200_13036	CP000240.1:48230-49073|CDS|CYB_0038	70.515	641	181	5	119	755	131	767	2.28e-78	289
Ga0393388_08_285_1484	CP000239.1:2331573-2332773|CDS|CYA_2328	99.833	1200	2	0	1	1200	1	1200	0.0	2156
Ga0393388_08_285_1484	CP000240.1:1627419-1628604|CDS|CYB_1554	82.067	1171	206	2	1	1169	1	1169	0.0	1160
Ga0393388_08_285_1484	CP000240.1:1627638-1628709|CDS|CYB_1553	81.618	952	171	2	220	1169	1071	122	0.0	923
Ga0393388_08_1499_3394	CP000239.1:2332787-2334683|CDS|CYA_2329	99.736	1896	5	0	1	1896	1	1896	0.0	3397
Ga0393388_08_1499_3394	CP000240.1:1596007-1597948|CDS|CYB_1520	83.583	1937	270	9	1	1892	1	1934	0.0	2063
Ga0393388_08_3507_3887	CP000239.1:2334828-2335176|CDS|CYA_2330	100.000	348	0	0	34	381	1	348	0.0	628
Ga0393388_08_3507_3887	CP000240.1:1595530-1595872|CDS|CYB_1519	85.050	301	45	0	79	379	40	340	6.33e-94	341
Ga0393388_08_3887_4234	CP000239.1:2335175-2335523|CDS|CYA_2331	99.709	344	1	0	1	344	1	344	5.03e-177	617
Ga0393388_08_3887_4234	CP000240.1:1595183-1595483|CDS|CYB_1518	85.172	290	43	0	59	348	11	300	1.04e-90	330
Ga0393388_08_4297_4884	CP000240.1:1594527-1595121|CDS|CYB_1517	85.160	593	82	1	1	587	1	593	0.0	674
Ga0393388_08_4297_4884	CP000239.1:2335567-2336134|CDS|CYA_2332	83.365	523	87	0	8	530	5	527	3.05e-157	552
Ga0393388_08_4902_6497	CP000239.1:2336151-2337768|CDS|CYA_2334	90.839	1561	131	3	48	1596	57	1617	0.0	2168
Ga0393388_08_4902_6497	CP000240.1:1592884-1594510|CDS|CYB_1516	75.469	1598	314	16	19	1562	28	1601	0.0	1113
Ga0393388_08_6494_9352	CP000239.1:2337764-2340623|CDS|CYA_2333	99.790	2859	6	0	1	2859	1	2859	0.0	5130
Ga0393388_08_6494_9352	CP000240.1:1588913-1592726|CDS|CYB_1515	79.627	2253	441	8	1	2250	1	2238	0.0	1975
Ga0393388_08_9437_9835	CP000239.1:2340707-2341106|CDS|CYA_2335	99.499	399	2	0	1	399	1	399	0.0	711
Ga0393388_08_9437_9835	CP000240.1:1796273-1796669|CDS|CYB_1713	79.793	386	78	0	12	397	9	394	1.56e-95	345
Ga0393388_08_10167_11108	CP000239.1:2341358-2342393|CDS|CYA_2336	99.894	942	1	0	1	942	94	1035	0.0	1695
Ga0393388_08_10167_11108	CP000240.1:1167879-1168899|CDS|CYB_1130	86.200	942	130	0	1	942	79	1020	0.0	1113
Ga0393388_08_10167_11108	CP000240.1:953730-954756|CDS|CYB_0917	73.282	902	225	8	1	894	76	969	2.93e-147	519
Ga0393388_08_11147_11464	CP000239.1:2342431-2342749|CDS|CYA_2337	99.371	318	2	0	1	318	1	318	7.25e-162	565
Ga0393388_09_74_1690	CP000239.1:35580-37047|CDS|CYA_0039	100.000	1467	0	0	151	1617	1	1467	0.0	2646
Ga0393388_09_74_1690	CP000240.1:2861532-2862999|CDS|CYB_2764	85.890	1467	207	0	151	1617	1	1467	0.0	1713
Ga0393388_09_1923_3377	CP000239.1:37429-38884|CDS|CYA_0041	100.000	1455	0	0	1	1455	1	1455	0.0	2625
Ga0393388_09_1923_3377	CP000240.1:2858007-2859468|CDS|CYB_2760	83.630	1460	233	2	1	1454	1	1460	0.0	1553
Ga0393388_09_3374_3727	CP000239.1:38880-39174|CDS|CYA_0040	100.000	294	0	0	61	354	1	294	1.67e-151	531
Ga0393388_09_3374_3727	CP000240.1:2857717-2858011|CDS|CYB_2761	82.624	282	49	0	61	342	1	282	3.24e-78	288
Ga0393388_09_4077_6185	CP000239.1:39583-41692|CDS|CYA_0042	99.953	2109	1	0	1	2109	1	2109	0.0	3800
Ga0393388_09_6235_7530	CP000239.1:41741-43040|CDS|CYA_0043	92.355	1295	97	2	1	1294	1	1294	0.0	1883
Ga0393388_09_6235_7530	CP000240.1:1231466-1232786|CDS|CYB_1193	85.152	1320	172	1	1	1296	1	1320	0.0	1515
Ga0393388_09_7596_8315	CP000239.1:43127-43799|CDS|CYA_0044	86.136	678	88	2	43	720	1	672	0.0	796
Ga0393388_09_8441_9235	CP000239.1:43924-44719|CDS|CYA_0045	99.748	795	2	0	1	795	1	795	0.0	1425
Ga0393388_09_9294_10304	CP000239.1:44777-45890|CDS|CYA_0046	98.714	1011	13	0	1	1011	103	1113	0.0	1765
Ga0393388_09_9294_10304	CP000240.1:1229528-1230635|CDS|CYB_1191	87.253	1012	127	2	1	1011	97	1107	0.0	1237
Ga0393388_09_10505_11242	CP000239.1:45988-46711|CDS|CYA_0047	99.447	723	4	0	16	738	1	723	0.0	1287
Ga0393388_09_10505_11242	CP000240.1:1228691-1229426|CDS|CYB_1190	86.122	735	90	1	16	738	1	735	0.0	873
Ga0393388_10_2060_2503	CP000239.1:2792560-2793019|CDS|CYA_2771	99.775	444	1	0	1	444	16	459	0.0	797
Ga0393388_10_2060_2503	CP000240.1:2570299-2570743|CDS|CYB_2472	91.059	425	38	0	1	425	1	425	6.09e-171	596
Ga0393388_10_2930_3724	CP000239.1:2791339-2792134|CDS|CYA_2769	100.000	795	0	0	1	795	1	795	0.0	1434
Ga0393388_10_2930_3724	CP000240.1:2559381-2560230|CDS|CYB_2462	83.697	779	127	0	1	779	40	818	0.0	833
Ga0393388_10_3781_4413	CP000239.1:2790650-2791283|CDS|CYA_2767	100.000	633	0	0	1	633	1	633	0.0	1142
Ga0393388_10_3781_4413	CP000240.1:2558713-2559358|CDS|CYB_2460	77.864	646	121	7	1	629	1	641	1.01e-144	509
Ga0393388_10_4566_5006	CP000239.1:2790057-2790498|CDS|CYA_2766	99.773	441	1	0	1	441	1	441	0.0	792
Ga0393388_10_4566_5006	CP000240.1:2558092-2558593|CDS|CYB_2459	77.904	439	97	0	1	439	61	499	3.35e-98	355
Ga0393388_10_5118_5234	CP000239.1:2789829-2789946|CDS|CYA_2765	99.145	117	1	0	1	117	1	117	2.51e-54	207
Ga0393388_10_5118_5234	CP000240.1:2557682-2557799|CDS|CYB_2458	88.496	113	13	0	1	113	1	113	7.19e-36	146
Ga0393388_10_5896_6522	CP000240.1:2556337-2557312|CDS|CYB_2457	80.556	612	119	0	7	618	301	912	4.24e-162	568
Ga0393388_10_6578_7564	CP000239.1:2787499-2788486|CDS|CYA_2762	99.797	987	2	0	1	987	1	987	0.0	1772
Ga0393388_10_6578_7564	CP000240.1:2555325-2556312|CDS|CYB_2456	88.057	988	116	2	1	987	1	987	0.0	1243
Ga0393388_10_7565_7885	CP000239.1:2786899-2787499|CDS|CYA_2761	100.000	321	0	0	1	321	280	600	3.32e-166	580
Ga0393388_10_7565_7885	CP000240.1:2554732-2555314|CDS|CYB_2455	77.640	322	70	2	1	321	262	582	7.35e-67	250
Ga0393388_10_8507_9436	CP000239.1:2785627-2786557|CDS|CYA_2760	94.946	930	47	0	1	930	1	930	0.0	1466
Ga0393388_10_8507_9436	CP000240.1:2552207-2553134|CDS|CYB_2452	83.388	909	151	0	1	909	1	909	0.0	959
Ga0393388_10_9490_11616	CP000239.1:2782775-2785574|CDS|CYA_2759	95.487	2127	96	0	1	2127	673	2799	0.0	3404
Ga0393388_10_9490_11616	CP000240.1:786056-788822|CDS|CYB_0765	84.439	2095	318	2	1	2091	673	2763	0.0	2307
Ga0393388_11_313_1086	CP000239.1:240855-241740|CDS|CYA_0238	99.871	774	1	0	1	774	112	885	0.0	1392
Ga0393388_11_313_1086	CP000240.1:1867813-1868575|CDS|CYB_1782	77.747	728	150	6	1	722	25	746	5.26e-162	567
Ga0393388_11_1370_2695	CP000239.1:241888-243349|CDS|CYA_0239	97.285	1326	36	0	1	1326	136	1461	0.0	2230
Ga0393388_11_2706_3476	CP000239.1:243359-244130|CDS|CYA_0240	93.532	773	46	2	1	771	1	771	0.0	1164
Ga0393388_11_2706_3476	CP000240.1:1870498-1871242|CDS|CYB_1784	91.826	734	57	2	1	732	1	733	0.0	1048
Ga0393388_11_3544_4905	CP000239.1:244137-245547|CDS|CYA_0241	92.731	1362	87	1	1	1362	61	1410	0.0	2017
Ga0393388_11_5102_5881	CP000239.1:245743-246574|CDS|CYA_0242	90.168	834	25	3	1	780	1	831	0.0	1173
Ga0393388_11_5977_6987	CP000239.1:246675-247608|CDS|CYA_0243	97.106	933	27	0	79	1011	1	933	0.0	1562
Ga0393388_11_5977_6987	CP000240.1:1873482-1874415|CDS|CYB_1786	88.317	933	109	0	79	1011	1	933	0.0	1192
Ga0393388_11_7239_7700	CP000239.1:247937-248399|CDS|CYA_0244	100.000	462	0	0	1	462	1	462	0.0	834
Ga0393388_11_7239_7700	CP000240.1:1874747-1875209|CDS|CYB_1787	90.672	461	43	0	1	461	1	461	0.0	638
Ga0393388_11_7838_9334	CP000239.1:248587-250033|CDS|CYA_0245	99.931	1446	1	0	52	1497	1	1446	0.0	2604
Ga0393388_11_7838_9334	CP000240.1:1875396-1876878|CDS|CYB_1788	80.554	1481	242	17	52	1491	1	1476	0.0	1338
Ga0393388_11_9408_10400	CP000239.1:250106-251099|CDS|CYA_0246	95.639	986	43	0	1	986	1	986	0.0	1585
Ga0393388_11_9408_10400	CP000240.1:1876941-1877934|CDS|CYB_1789	86.506	993	134	0	1	993	1	993	0.0	1187
Ga0393388_12_120_1178	CP000239.1:2367487-2368546|CDS|CYA_2360	100.000	1059	0	0	1	1059	1	1059	0.0	1911
Ga0393388_12_120_1178	CP000240.1:885360-886419|CDS|CYB_0852	86.969	1059	138	0	1	1059	1	1059	0.0	1288
Ga0393388_12_1240_2220	CP000239.1:2368607-2369564|CDS|CYA_2361	99.791	957	2	0	25	981	1	957	0.0	1718
Ga0393388_12_1240_2220	CP000240.1:884300-885257|CDS|CYB_0851	87.056	958	122	2	25	981	1	957	0.0	1162
Ga0393388_12_2485_3444	CP000239.1:2369786-2370812|CDS|CYA_2362	99.896	960	1	0	1	960	67	1026	0.0	1728
Ga0393388_12_2485_3444	CP000240.1:883062-884091|CDS|CYB_0850	92.083	960	76	0	1	960	70	1029	0.0	1389
Ga0393388_12_3521_5638	CP000239.1:2370849-2373006|CDS|CYA_2363	99.906	2118	2	0	1	2118	40	2157	0.0	3811
Ga0393388_12_5643_6383	CP000239.1:2373010-2373751|CDS|CYA_2364	100.000	741	0	0	1	741	1	741	0.0	1337
Ga0393388_12_5643_6383	CP000240.1:2442008-2442875|CDS|CYB_2337	66.612	605	162	12	9	577	61	661	2.01e-40	163
Ga0393388_12_6508_7395	CP000239.1:2373875-2374745|CDS|CYA_2365	99.770	870	2	0	19	888	1	870	0.0	1561
Ga0393388_12_6508_7395	CP000240.1:2445286-2446153|CDS|CYB_2339	86.775	862	114	0	19	880	1	862	0.0	1041
Ga0393388_12_7397_8404	CP000239.1:2374764-2375772|CDS|CYA_2366	99.901	1008	1	0	1	1008	1	1008	0.0	1814
Ga0393388_12_7397_8404	CP000240.1:2446157-2447159|CDS|CYB_2340	84.471	1011	145	2	1	1008	1	1002	0.0	1118
Ga0393388_12_8410_9480	CP000239.1:2375777-2376869|CDS|CYA_2367	99.813	1071	2	0	1	1071	22	1092	0.0	1923
Ga0393388_12_8410_9480	CP000240.1:2447145-2448270|CDS|CYB_2341	87.241	964	123	0	1	964	22	985	0.0	1185
Ga0393388_13_18_917	CP000239.1:2452832-2454146|CDS|CYA_2444	99.889	900	1	0	1	900	415	1314	0.0	1619
Ga0393388_13_18_917	CP000240.1:2617456-2618620|CDS|CYB_2519	77.778	900	196	3	1	898	265	1162	0.0	712
Ga0393388_13_1253_1828	CP000239.1:2454481-2455057|CDS|CYA_2445	100.000	576	0	0	1	576	1	576	0.0	1040
Ga0393388_13_1253_1828	CP000240.1:2646245-2646818|CDS|CYB_2541	90.493	568	54	0	1	568	1	568	0.0	782
Ga0393388_13_2549_3802	CP000239.1:2455786-2457031|CDS|CYA_2446	100.000	1245	0	0	10	1254	1	1245	0.0	2246
Ga0393388_13_2549_3802	CP000240.1:2647745-2648990|CDS|CYB_2542	84.405	1244	194	0	10	1253	1	1244	0.0	1370
Ga0393388_13_4134_4694	CP000239.1:2457020-2457923|CDS|CYA_2447	99.643	561	2	0	1	561	343	903	0.0	1003
Ga0393388_13_4134_4694	CP000240.1:2649087-2649894|CDS|CYB_2543	82.585	557	97	0	5	561	251	807	3.78e-162	568
Ga0393388_13_5016_5231	CP000239.1:2458259-2458475|CDS|CYA_2448	100.000	216	0	0	1	216	1	216	2.16e-109	390
Ga0393388_13_5016_5231	CP000240.1:2650187-2650430|CDS|CYB_2544	88.837	215	24	0	1	215	28	242	2.81e-76	280
Ga0393388_13_5259_5576	CP000239.1:2458517-2458820|CDS|CYA_2449	99.670	303	1	0	16	318	1	303	8.27e-155	543
Ga0393388_13_5259_5576	CP000240.1:2650457-2650775|CDS|CYB_2546	76.730	318	74	0	1	318	1	318	3.77e-64	241
Ga0393388_13_5660_6289	CP000239.1:2458903-2459488|CDS|CYA_2450	99.487	585	3	0	46	630	1	585	0.0	1042
Ga0393388_13_5660_6289	CP000240.1:1796867-1797500|CDS|CYB_1714	86.284	627	83	1	1	624	1	627	0.0	742
Ga0393388_13_6508_6945	CP000239.1:2459751-2460189|CDS|CYA_2453	100.000	438	0	0	1	438	1	438	0.0	791
Ga0393388_13_6508_6945	CP000240.1:1797698-1798208|CDS|CYB_1716	82.420	438	77	0	1	438	73	510	8.35e-125	444
Ga0393388_13_7233_8345	CP000239.1:2460476-2461535|CDS|CYA_2454	99.056	1059	10	0	55	1113	1	1059	0.0	1865
Ga0393388_13_7233_8345	CP000240.1:2403205-2404264|CDS|CYB_2298	87.063	1059	137	0	55	1113	1	1059	0.0	1293
Ga0393388_13_8445_9422	CP000239.1:2461688-2463218|CDS|CYA_2455	100.000	978	0	0	1	978	553	1530	0.0	1764
Ga0393388_13_9409_9969	CP000239.1:2461688-2463218|CDS|CYA_2455	99.822	561	0	1	1	561	7	566	0.0	1004
Ga0393388_13_9409_9969	CP000240.1:2404434-2406081|CDS|CYB_2299	73.090	602	121	12	1	561	1	602	3.32e-93	339
Ga0393388_14_76_897	CP000239.1:1803821-1804709|CDS|CYA_1802	99.878	822	1	0	1	822	67	888	0.0	1479
Ga0393388_14_76_897	CP000240.1:2641935-2642823|CDS|CYB_2536	83.150	819	136	2	1	818	67	884	0.0	848
Ga0393388_14_905_2023	CP000239.1:1802689-1803814|CDS|CYA_1801	98.844	1125	7	1	1	1119	1	1125	0.0	1972
Ga0393388_14_2105_3904	CP000239.1:1800808-1802608|CDS|CYA_1800	96.611	1800	61	0	1	1800	1	1800	0.0	2972
Ga0393388_14_2105_3904	CP000240.1:2638663-2640514|CDS|CYB_2534	84.099	1786	282	2	1	1785	1	1785	0.0	1934
Ga0393388_14_4171_4845	CP000239.1:1799867-1800542|CDS|CYA_1799	99.852	675	1	0	1	675	1	675	0.0	1214
Ga0393388_14_4171_4845	CP000240.1:2637683-2638358|CDS|CYB_2533	86.963	675	88	0	1	675	1	675	0.0	821
Ga0393388_14_4961_6106	CP000239.1:1798606-1799752|CDS|CYA_1798	100.000	1146	0	0	1	1146	1	1146	0.0	2067
Ga0393388_14_4961_6106	CP000240.1:1701591-1702707|CDS|CYB_1631	84.941	1109	167	0	1	1109	1	1109	0.0	1248
Ga0393388_14_6249_6767	CP000239.1:1797969-1798464|CDS|CYA_1797	99.596	495	2	0	25	519	1	495	0.0	884
Ga0393388_14_6249_6767	CP000240.1:1700871-1701384|CDS|CYB_1630	88.672	512	58	0	7	518	1	512	0.0	663
Ga0393388_14_6839_7486	CP000239.1:1797226-1797874|CDS|CYA_1796	99.846	648	1	0	1	648	1	648	0.0	1165
Ga0393388_14_6839_7486	CP000240.1:1700083-1700773|CDS|CYB_1629	88.889	648	72	0	1	648	43	690	0.0	845
Ga0393388_14_7806_9005	CP000239.1:1795707-1797021|CDS|CYA_1795	100.000	1200	0	0	1	1200	115	1314	0.0	2165
Ga0393388_14_7806_9005	CP000240.1:1698659-1699937|CDS|CYB_1628	84.475	1153	177	2	1	1152	91	1242	0.0	1266
Ga0393388_14_9094_9648	CP000239.1:1795064-1795619|CDS|CYA_1794	100.000	555	0	0	1	555	1	555	0.0	1002
Ga0393388_14_9094_9648	CP000240.1:1697950-1698505|CDS|CYB_1626	85.586	555	80	0	1	555	1	555	0.0	641
Ga0393388_14_9661_10182	CP000239.1:1794530-1795040|CDS|CYA_1793	100.000	510	0	0	13	522	1	510	0.0	921
Ga0393388_14_9661_10182	CP000240.1:1697421-1697934|CDS|CYB_1625	76.331	507	113	4	21	522	9	513	2.70e-100	362
Ga0393388_15_471_1805	CP000239.1:2203377-2204712|CDS|CYA_2184	99.850	1335	2	0	1	1335	1	1335	0.0	2399
Ga0393388_15_471_1805	CP000240.1:1478036-1479386|CDS|CYB_1410	85.224	1340	183	3	1	1325	1	1340	0.0	1525
Ga0393388_15_1831_2436	CP000239.1:2204737-2205343|CDS|CYA_2185	100.000	606	0	0	1	606	1	606	0.0	1094
Ga0393388_15_1831_2436	CP000240.1:1477420-1478002|CDS|CYB_1409	83.392	572	95	0	34	605	10	581	5.68e-173	604
Ga0393388_15_2638_3723	CP000239.1:2205544-2206615|CDS|CYA_2186	99.907	1071	1	0	16	1086	1	1071	0.0	1928
Ga0393388_15_2638_3723	CP000240.1:1475731-1476802|CDS|CYB_1407	90.756	1071	99	0	16	1086	1	1071	0.0	1486
Ga0393388_15_4255_5610	CP000239.1:2207154-2208510|CDS|CYA_2187	99.853	1356	2	0	1	1356	1	1356	0.0	2437
Ga0393388_15_5874_6539	CP000239.1:2208773-2209502|CDS|CYA_2189	92.749	662	48	0	5	666	68	729	0.0	978
Ga0393388_15_5874_6539	CP000240.1:1474725-1475442|CDS|CYB_1406	83.994	631	101	0	1	631	64	694	0.0	683
Ga0393388_15_6734_8170	CP000239.1:2209664-2211101|CDS|CYA_2190	90.132	1439	138	2	1	1437	1	1437	0.0	1950
Ga0393388_15_6734_8170	CP000240.1:1473109-1474546|CDS|CYB_1405	89.770	1437	147	0	1	1437	1	1437	0.0	1929
Ga0393388_15_8272_9045	CP000240.1:1471669-1472485|CDS|CYB_1403	86.939	758	99	0	1	758	1	758	0.0	921
Ga0393388_15_8272_9045	CP000239.1:2211841-2212657|CDS|CYA_2193	85.488	758	110	0	1	758	1	758	0.0	872
Ga0393388_16_569_1450	CP000239.1:2884601-2885483|CDS|CYA_2868	100.000	882	0	0	1	882	1	882	0.0	1591
Ga0393388_16_569_1450	CP000239.1:2885817-2886651|CDS|CYA_2869	81.727	695	127	0	1	695	1	695	0.0	682
Ga0393388_16_569_1450	CP000240.1:1559946-1560831|CDS|CYB_1483	78.187	706	154	0	1	706	1	706	9.54e-166	580
Ga0393388_16_569_1450	CP000240.1:1558658-1559549|CDS|CYB_1482	75.354	706	171	1	1	706	1	703	4.63e-138	488
Ga0393388_16_569_1450	CP000239.1:2886812-2887649|CDS|CYA_2870	74.822	703	174	1	1	703	1	700	4.34e-132	469
Ga0393388_16_1575_1943	CP000239.1:2884108-2884477|CDS|CYA_2867	100.000	369	0	0	1	369	1	369	0.0	666
Ga0393388_16_1575_1943	CP000240.1:1560911-1561280|CDS|CYB_1484	81.793	368	67	0	1	368	1	368	1.87e-100	362
Ga0393388_16_1997_2554	CP000239.1:2883500-2884055|CDS|CYA_2866	92.586	553	41	0	1	553	1	553	0.0	813
Ga0393388_16_1997_2554	CP000240.1:1561334-1561886|CDS|CYB_1485	82.784	546	94	0	1	546	1	546	1.60e-160	562
Ga0393388_16_2601_3140	CP000239.1:2882904-2883444|CDS|CYA_2865	97.407	540	14	0	1	540	1	540	0.0	911
Ga0393388_16_2601_3140	CP000240.1:1562118-1562664|CDS|CYB_1486	82.051	546	92	1	1	540	1	546	4.14e-155	545
Ga0393388_16_3253_3705	CP000239.1:2882339-2882792|CDS|CYA_2864	100.000	453	0	0	1	453	1	453	0.0	818
Ga0393388_16_3253_3705	CP000240.1:1331509-1331944|CDS|CYB_1274	79.808	416	82	2	39	453	21	435	1.91e-101	365
Ga0393388_16_3713_4636	CP000239.1:2881408-2882332|CDS|CYA_2863	99.566	922	4	0	1	922	1	922	0.0	1645
Ga0393388_16_3713_4636	CP000240.1:2615877-2616801|CDS|CYB_2518	82.162	925	161	4	1	923	1	923	0.0	911
Ga0393388_16_4689_6881	CP000239.1:2879173-2881366|CDS|CYA_2862	94.480	2192	121	0	1	2192	1	2192	0.0	3408
Ga0393388_16_4689_6881	CP000240.1:2613612-2615805|CDS|CYB_2517	90.652	2193	205	0	1	2193	1	2193	0.0	3031
Ga0393388_16_7364_9415	CP000239.1:2876636-2878715|CDS|CYA_2861	92.881	2079	121	1	1	2052	1	2079	0.0	3112
Ga0393388_16_7364_9415	CP000240.1:2611354-2613433|CDS|CYB_2516	90.813	2079	164	1	1	2052	1	2079	0.0	2918
Ga0393388_16_9616_9960	CP000239.1:2874083-2874683|CDS|CYA_2858	94.203	345	20	0	1	345	256	600	4.68e-152	533
Ga0393388_16_9616_9960	CP000240.1:2608751-2609351|CDS|CYB_2514	87.536	345	43	0	1	345	256	600	1.43e-120	429
Ga0393388_17_2958_3194	CP000239.1:843615-844305|CDS|CYA_0834	99.528	212	1	0	1	212	1	212	1.51e-105	379
Ga0393388_17_3251_3730	CP000239.1:843079-843559|CDS|CYA_0833	99.792	480	1	0	1	480	1	480	0.0	862
Ga0393388_17_3251_3730	CP000240.1:1925043-1925481|CDS|CYB_1837	81.903	431	78	0	22	452	1	431	7.07e-120	426
Ga0393388_17_3776_4027	CP000239.1:842782-843034|CDS|CYA_0832	100.000	252	0	0	1	252	1	252	7.33e-129	455
Ga0393388_17_3776_4027	CP000240.1:1924734-1924986|CDS|CYB_1836	78.788	231	49	0	22	252	22	252	1.09e-50	196
Ga0393388_17_4035_4676	CP000239.1:842102-842786|CDS|CYA_0831	100.000	617	0	0	1	617	1	617	0.0	1113
Ga0393388_17_4035_4676	CP000240.1:1924054-1924738|CDS|CYB_1835	87.358	617	78	0	1	617	1	617	0.0	762
Ga0393388_17_4828_5046	CP000239.1:841732-841951|CDS|CYA_0830	100.000	219	0	0	1	219	1	219	5.16e-111	396
Ga0393388_17_4828_5046	CP000240.1:1923467-1923731|CDS|CYB_1834	85.388	219	32	0	1	219	46	264	1.39e-67	251
Ga0393388_17_6206_6913	CP000239.1:839460-840459|CDS|CYA_0827	100.000	594	0	0	1	594	594	1	0.0	1072
Ga0393388_17_6206_6913	CP000240.1:1921581-1922598|CDS|CYB_1831	75.367	613	147	2	8	618	611	1	1.57e-117	420
Ga0393388_17_7130_7318	CP000239.1:839460-840459|CDS|CYA_0827	100.000	189	0	0	1	189	811	999	8.44e-95	342
Ga0393388_17_7130_7318	CP000240.1:1921581-1922598|CDS|CYB_1831	81.921	177	32	0	6	182	834	1010	7.41e-45	176
Ga0393388_17_7407_8291	CP000239.1:838487-839372|CDS|CYA_0826	100.000	885	0	0	1	885	1	885	0.0	1597
Ga0393388_17_7407_8291	CP000240.1:1920617-1921502|CDS|CYB_1830	90.169	885	87	0	1	885	1	885	0.0	1205
Ga0393388_17_8331_8663	CP000239.1:838115-838448|CDS|CYA_0825	100.000	333	0	0	1	333	1	333	1.06e-172	601
Ga0393388_17_8331_8663	CP000240.1:1920240-1920576|CDS|CYB_1829	84.545	330	51	0	1	330	1	330	1.38e-101	366
Ga0393388_17_8733_9164	CP000239.1:837614-838040|CDS|CYA_0824	100.000	426	0	0	7	432	1	426	0.0	769
Ga0393388_17_8733_9164	CP000240.1:1919746-1920166|CDS|CYB_1828	81.742	356	59	1	63	418	57	406	4.00e-97	351
Ga0393388_18_793_912	CP000239.1:2256884-2258225|CDS|CYA_2247	99.083	109	1	0	1	109	1125	1017	5.70e-50	193
Ga0393388_18_793_912	CP000240.1:2508112-2509453|CDS|CYB_2411	85.185	108	16	0	1	108	1125	1018	2.43e-29	123
Ga0393388_18_2242_3702	CP000239.1:2261007-2262468|CDS|CYA_2252	100.000	1461	0	0	1	1461	1	1461	0.0	2636
Ga0393388_18_2242_3702	CP000240.1:2503543-2505004|CDS|CYB_2405	85.000	1460	219	0	1	1460	1	1460	0.0	1646
Ga0393388_18_3873_4613	CP000239.1:2262758-2263379|CDS|CYA_2253	93.559	621	40	0	121	741	1	621	0.0	940
Ga0393388_18_3873_4613	CP000240.1:2502642-2503263|CDS|CYB_2404	85.668	621	89	0	121	741	1	621	0.0	719
Ga0393388_18_4694_5542	CP000239.1:2263459-2264308|CDS|CYA_2254	99.882	849	1	0	1	849	1	849	0.0	1527
Ga0393388_18_4694_5542	CP000240.1:2501737-2502595|CDS|CYB_2403	85.000	840	126	0	2	841	2	841	0.0	948
Ga0393388_18_5665_7272	CP000239.1:2264430-2266038|CDS|CYA_2256	96.642	1608	54	0	1	1608	1	1608	0.0	2657
Ga0393388_18_5665_7272	CP000240.1:2348918-2350535|CDS|CYB_2244	82.804	1605	274	2	1	1604	1	1604	0.0	1644
Ga0393388_18_7293_8051	CP000239.1:2266058-2266988|CDS|CYA_2257	94.071	759	45	0	1	759	172	930	0.0	1167
Ga0393388_18_7293_8051	CP000240.1:1421430-1422348|CDS|CYB_1353	78.464	729	157	0	1	729	172	900	5.88e-174	608
Ga0393388_18_8343_8654	CP000239.1:2267108-2267420|CDS|CYA_2258	99.679	312	1	0	1	312	1	312	1.05e-159	559
Ga0393388_18_8343_8654	CP000240.1:1420707-1421019|CDS|CYB_1351	97.742	310	7	0	1	310	1	310	1.78e-150	528
Ga0393388_18_8660_9409	CP000239.1:2267425-2268175|CDS|CYA_2259	96.933	750	23	0	1	750	1	750	0.0	1250
Ga0393388_18_8660_9409	CP000240.1:1419904-1420654|CDS|CYB_1350	84.893	748	113	0	1	748	1	748	0.0	840
Ga0393388_19_638_1435	CP000239.1:2288682-2289480|CDS|CYA_2283	100.000	798	0	0	1	798	1	798	0.0	1440
Ga0393388_19_638_1435	CP000240.1:452437-453265|CDS|CYB_0444	80.220	819	134	5	4	796	10	826	0.0	750
Ga0393388_19_1447_1911	CP000239.1:2289491-2289956|CDS|CYA_2284	100.000	465	0	0	1	465	1	465	0.0	839
Ga0393388_19_1447_1911	CP000240.1:451960-452425|CDS|CYB_0443	88.362	464	54	0	1	464	1	464	2.23e-170	594
Ga0393388_19_2080_2853	CP000239.1:2290124-2290898|CDS|CYA_2285	100.000	774	0	0	1	774	1	774	0.0	1397
Ga0393388_19_2080_2853	CP000240.1:450943-451711|CDS|CYB_0442	85.455	770	106	2	1	770	1	764	0.0	881
Ga0393388_19_3504_4475	CP000239.1:2291816-2293013|CDS|CYA_2289	100.000	972	0	0	1	972	226	1197	0.0	1754
Ga0393388_19_3504_4475	CP000240.1:1379590-1380676|CDS|CYB_1318	88.382	964	112	0	2	965	119	1082	0.0	1234
Ga0393388_19_4945_5373	CP000239.1:2293257-2293686|CDS|CYA_2290	99.767	429	1	0	1	429	1	429	0.0	770
Ga0393388_19_4945_5373	CP000240.1:1381003-1381438|CDS|CYB_1319	85.308	422	62	0	1	422	1	422	9.32e-137	482
Ga0393388_19_5438_7543	CP000239.1:2293750-2295856|CDS|CYA_2291	98.955	2106	22	0	1	2106	1	2106	0.0	3699
Ga0393388_19_5438_7543	CP000240.1:1381485-1383591|CDS|CYB_1320	86.752	2106	279	0	1	2106	1	2106	0.0	2541
Ga0393388_19_7666_8169	CP000239.1:2295978-2296602|CDS|CYA_2292	100.000	504	0	0	1	504	121	624	0.0	910
Ga0393388_19_7666_8169	CP000240.1:1383697-1384201|CDS|CYB_1321	90.982	499	45	0	1	499	1	499	0.0	698
Ga0393388_19_8240_8707	CP000239.1:2296552-2297020|CDS|CYA_2293	100.000	468	0	0	1	468	1	468	0.0	845
Ga0393388_19_8240_8707	CP000240.1:1385547-1386015|CDS|CYB_1323	89.316	468	50	0	1	468	1	468	5.64e-178	619
Ga0393388_20_1696_2076	CP000239.1:2931983-2932364|CDS|CYA_2904	100.000	381	0	0	1	381	1	381	0.0	688
Ga0393388_20_1696_2076	CP000240.1:3045884-3046286|CDS|CYB_2941	87.006	354	46	0	1	354	1	354	1.30e-121	432
Ga0393388_20_2167_2307	CP000239.1:2932454-2932595|CDS|CYA_2905	100.000	141	0	0	1	141	1	141	6.91e-69	255
Ga0393388_20_2167_2307	CP000240.1:3046379-3046520|CDS|CYB_2942	93.617	141	9	0	1	141	1	141	2.12e-56	214
Ga0393388_20_2549_3952	CP000239.1:70-1474|CDS|CYA_0001	99.074	1404	13	0	1	1404	1	1404	0.0	2474
Ga0393388_20_2549_3952	CP000240.1:63-1467|CDS|CYB_0001	87.749	1404	172	0	1	1404	1	1404	0.0	1757
Ga0393388_20_4123_4812	CP000239.1:1644-2334|CDS|CYA_0003	100.000	690	0	0	1	690	1	690	0.0	1245
Ga0393388_20_4123_4812	CP000240.1:1492-2317|CDS|CYB_0002	82.754	690	113	1	1	690	142	825	0.0	710
Ga0393388_20_4809_5630	CP000239.1:2330-3152|CDS|CYA_0002	99.878	822	1	0	1	822	1	822	0.0	1479
Ga0393388_20_4809_5630	CP000240.1:2442-3264|CDS|CYB_0003	84.146	820	130	0	1	820	1	820	0.0	893
Ga0393388_20_5734_7620	CP000239.1:3255-5142|CDS|CYA_0004	99.947	1887	1	0	1	1887	1	1887	0.0	3399
Ga0393388_20_5734_7620	CP000240.1:3371-5294|CDS|CYB_0004	88.070	1886	213	1	1	1874	1	1886	0.0	2394
Ga0393388_20_7746_8432	CP000239.1:5267-6143|CDS|CYA_0005	100.000	687	0	0	1	687	190	876	0.0	1240
Ga0393388_20_7746_8432	CP000240.1:5430-6306|CDS|CYB_0005	90.525	686	65	0	1	686	190	875	0.0	945
Ga0393388_21_344_922	CP000239.1:2510291-2511791|CDS|CYA_2500	91.228	456	40	0	121	576	1	456	0.0	643
Ga0393388_21_344_922	CP000240.1:705841-707362|CDS|CYB_0689	82.692	468	66	1	121	573	1	468	3.00e-138	489
Ga0393388_21_1143_1610	CP000239.1:2512197-2512599|CDS|CYA_2501	89.055	402	44	0	67	468	1	402	2.74e-150	527
Ga0393388_21_1143_1610	CP000240.1:705025-705457|CDS|CYB_0688	87.374	396	50	0	67	462	31	426	6.88e-139	489
Ga0393388_21_1748_3691	CP000239.1:2512761-2514654|CDS|CYA_2502	92.868	1893	135	0	52	1944	1	1893	0.0	2806
Ga0393388_21_1748_3691	CP000240.1:702939-704877|CDS|CYB_0687	86.555	1852	245	4	95	1944	89	1938	0.0	2204
Ga0393388_21_3752_6046	CP000240.1:700560-702855|CDS|CYB_0686	89.286	2296	244	2	1	2295	1	2295	0.0	3025
Ga0393388_21_3752_6046	CP000239.1:2515199-2517008|CDS|CYA_2503	95.799	1809	76	0	487	2295	1	1809	0.0	2920
Ga0393388_21_6102_6461	CP000240.1:700144-700504|CDS|CYB_0685	98.611	360	5	0	1	360	1	360	2.88e-180	627
Ga0393388_21_6102_6461	CP000239.1:2517065-2517425|CDS|CYA_2504	92.758	359	26	0	1	359	1	359	1.70e-151	531
Ga0393388_21_6696_6914	CP000240.1:698176-699904|CDS|CYB_0684	96.804	219	7	0	1	219	1510	1728	3.05e-101	364
Ga0393388_21_6696_6914	CP000239.1:2517679-2519407|CDS|CYA_2506	84.475	219	34	0	1	219	1510	1728	7.18e-65	242
Ga0393388_21_7752_7982	CP000240.1:697610-697892|CDS|CYB_0683	94.805	231	12	0	1	231	52	282	3.23e-101	363
Ga0393388_21_7752_7982	CP000239.1:2519671-2519953|CDS|CYA_2507	92.641	231	17	0	1	231	52	282	3.69e-94	341
Ga0393388_22_375_794	CP000239.1:370636-371056|CDS|CYA_0353	100.000	420	0	0	1	420	1	420	0.0	758
Ga0393388_22_375_794	CP000240.1:718708-719137|CDS|CYB_0702	82.619	420	73	0	1	420	10	429	1.76e-120	429
Ga0393388_22_858_1409	CP000239.1:370021-370573|CDS|CYA_0352	100.000	552	0	0	1	552	1	552	0.0	996
Ga0393388_22_858_1409	CP000240.1:2191975-2192503|CDS|CYB_2096	80.479	543	82	1	9	551	9	527	1.69e-147	519
Ga0393388_22_1979_2845	CP000239.1:368585-369452|CDS|CYA_0350	99.769	867	2	0	1	867	1	867	0.0	1555
Ga0393388_22_1979_2845	CP000240.1:2193346-2194222|CDS|CYB_2099	84.552	848	125	1	1	842	1	848	0.0	940
Ga0393388_22_2965_5124	CP000239.1:366345-368466|CDS|CYA_0349	99.953	2121	1	0	40	2160	1	2121	0.0	3821
Ga0393388_22_2965_5124	CP000240.1:2194341-2196501|CDS|CYB_2100	84.796	2131	312	3	18	2142	18	2142	0.0	2380
Ga0393388_22_5136_5993	CP000239.1:365437-366295|CDS|CYA_0348	100.000	858	0	0	1	858	1	858	0.0	1548
Ga0393388_22_5136_5993	CP000240.1:2196512-2197373|CDS|CYB_2101	86.792	795	105	0	64	858	67	861	0.0	961
Ga0393388_23_128_706	CP000239.1:2486027-2486582|CDS|CYA_2476	100.000	555	0	0	25	579	1	555	0.0	1002
Ga0393388_23_128_706	CP000240.1:2176930-2177467|CDS|CYB_2081	84.381	525	82	0	43	567	1	525	2.16e-165	578
Ga0393388_23_745_2976	CP000239.1:2486620-2488672|CDS|CYA_2477	100.000	2051	0	0	182	2232	2	2052	0.0	3699
Ga0393388_23_745_2976	CP000240.1:2177547-2179722|CDS|CYB_2082	88.230	2175	256	0	58	2232	1	2175	0.0	2769
Ga0393388_23_2978_3937	CP000239.1:2488853-2489813|CDS|CYA_2478	100.000	960	0	0	1	960	1	960	0.0	1732
Ga0393388_23_2978_3937	CP000240.1:2179780-2180740|CDS|CYB_2083	88.450	961	109	2	1	960	1	960	0.0	1226
Ga0393388_23_3937_4794	CP000239.1:2489812-2490670|CDS|CYA_2479	99.767	858	2	0	1	858	1	858	0.0	1539
Ga0393388_23_3937_4794	CP000240.1:2180739-2181609|CDS|CYB_2084	84.928	836	126	0	1	836	1	836	0.0	940
Ga0393388_23_5032_5901	CP000239.1:2490775-2491777|CDS|CYA_2480	99.885	870	1	0	1	870	133	1002	0.0	1565
Ga0393388_23_5032_5901	CP000240.1:2182577-2183543|CDS|CYB_2087	81.933	869	133	1	1	869	121	965	0.0	877
Ga0393388_24_497_1183	CP000239.1:1712347-1713088|CDS|CYA_1704	99.709	687	2	0	1	687	55	741	0.0	1231
Ga0393388_24_497_1183	CP000240.1:1066520-1067435|CDS|CYB_1024	79.751	642	126	2	2	641	188	827	4.66e-162	567
Ga0393388_24_1703_2974	CP000239.1:1709017-1711828|CDS|CYA_1703	97.107	1210	35	0	1	1210	1	1210	0.0	2025
Ga0393388_24_1703_2974	CP000240.1:1061683-1064512|CDS|CYB_1022	88.678	1210	137	0	1	1210	1	1210	0.0	1565
Ga0393388_24_2953_4011	CP000239.1:1713943-1715746|CDS|CYA_1706	100.000	1059	0	0	1	1059	745	1803	0.0	1911
Ga0393388_24_2953_4011	CP000240.1:1068087-1069890|CDS|CYB_1026	87.667	1046	129	0	4	1049	751	1796	0.0	1306
Ga0393388_24_4100_4525	CP000239.1:1715834-1716260|CDS|CYA_1707	100.000	426	0	0	1	426	1	426	0.0	769
Ga0393388_25_1717_2529	CP000239.1:69814-70660|CDS|CYA_0073	100.000	813	0	0	1	813	34	846	0.0	1467
Ga0393388_25_1717_2529	CP000240.1:1843775-1844789|CDS|CYB_1760	85.153	815	118	1	2	813	200	1014	0.0	923
Ga0393388_25_2536_3612	CP000239.1:68587-69808|CDS|CYA_0072	99.907	1077	1	0	1	1077	145	1221	0.0	1939
Ga0393388_25_2536_3612	CP000240.1:1844796-1846017|CDS|CYB_1761	90.038	1064	106	0	1	1064	145	1208	0.0	1442
Ga0393388_25_4699_4917	CP000239.1:66761-67652|CDS|CYA_0070	100.000	219	0	0	1	219	673	891	5.16e-111	396
Ga0393388_25_4699_4917	CP000240.1:1210124-1211165|CDS|CYB_1172	85.354	198	29	0	7	204	835	1032	5.52e-60	227
Ga0393388_27_1690_1860	CP000239.1:2851880-2852051|CDS|CYA_2834	90.643	171	16	0	1	171	1	171	2.32e-63	237
Ga0393388_27_1690_1860	CP000239.1:2851883-2852084|CDS|CYA_2833	90.476	168	16	0	4	171	201	34	9.88e-62	232
Ga0393388_27_1690_1860	CP000240.1:518073-518244|CDS|CYB_0506	88.889	171	19	0	1	171	1	171	5.12e-59	224
Ga0393388_27_1934_2998	CP000239.1:2850742-2851807|CDS|CYA_2832	98.216	1065	19	0	1	1065	1	1065	0.0	1836
Ga0393388_27_1934_2998	CP000240.1:516913-518011|CDS|CYB_0505	81.315	1065	199	0	1	1065	34	1098	0.0	1024
Ga0393388_27_3096_4055	CP000239.1:2849658-2850645|CDS|CYA_2831	96.429	924	28	3	41	960	65	987	0.0	1509
Ga0393388_27_3096_4055	CP000240.1:865059-866037|CDS|CYB_0833	76.861	873	202	0	33	905	57	929	0.0	664
Ga0393388_27_4269_4850	CP000239.1:2848920-2849535|CDS|CYA_2830	95.536	560	25	0	1	560	31	590	0.0	898
Ga0393388_27_4269_4850	CP000240.1:863962-864583|CDS|CYB_0832	82.979	564	96	0	1	564	31	594	1.46e-167	585
Ga0393388_28_258_626	CP000240.1:2750791-2751199|CDS|CYB_2663	100.000	369	0	0	1	369	40	408	0.0	666
Ga0393388_28_258_626	CP000240.1:2182109-2182517|CDS|CYB_2086	100.000	369	0	0	1	369	40	408	0.0	666
Ga0393388_28_258_626	CP000240.1:1332150-1332558|CDS|CYB_1275	100.000	369	0	0	1	369	40	408	0.0	666
Ga0393388_28_258_626	CP000240.1:214453-214861|CDS|CYB_0203	100.000	369	0	0	1	369	40	408	0.0	666
Ga0393388_28_258_626	CP000240.1:210759-211167|CDS|CYB_0198	100.000	369	0	0	1	369	40	408	0.0	666
Ga0393388_28_258_626	CP000240.1:2692187-2692595|CDS|CYB_2591	99.729	369	1	0	1	369	40	408	0.0	662
Ga0393388_28_258_626	CP000240.1:2505835-2506243|CDS|CYB_2408	99.729	369	1	0	1	369	40	408	0.0	662
Ga0393388_28_258_626	CP000240.1:2353707-2354115|CDS|CYB_2249	99.729	369	1	0	1	369	40	408	0.0	662
Ga0393388_28_258_626	CP000240.1:2165635-2166043|CDS|CYB_2068	99.729	369	1	0	1	369	40	408	0.0	662
Ga0393388_28_258_626	CP000240.1:1639015-1639423|CDS|CYB_1566	99.729	369	1	0	1	369	40	408	0.0	662
Ga0393388_28_258_626	CP000240.1:1128193-1128601|CDS|CYB_1093	99.729	369	1	0	1	369	40	408	0.0	662
Ga0393388_28_258_626	CP000240.1:2728785-2729193|CDS|CYB_2639	99.458	369	2	0	1	369	40	408	0.0	657
Ga0393388_28_258_626	CP000240.1:2571340-2571748|CDS|CYB_2475	99.458	369	2	0	1	369	40	408	0.0	657
Ga0393388_28_258_626	CP000240.1:651866-652274|CDS|CYB_0641	99.458	369	2	0	1	369	40	408	0.0	657
Ga0393388_28_258_626	CP000240.1:65861-66269|CDS|CYB_0052	99.458	369	2	0	1	369	40	408	0.0	657
Ga0393388_28_258_626	CP000240.1:1839104-1839512|CDS|CYB_1755	99.187	369	3	0	1	369	40	408	0.0	653
Ga0393388_28_258_626	CP000240.1:1750145-1750553|CDS|CYB_1672	99.187	369	3	0	1	369	40	408	0.0	653
Ga0393388_28_623_1000	CP000240.1:2750456-2750834|CDS|CYB_2662	100.000	378	0	0	1	378	1	378	0.0	682
Ga0393388_28_623_1000	CP000240.1:2571005-2571383|CDS|CYB_2474	100.000	378	0	0	1	378	1	378	0.0	682
Ga0393388_28_623_1000	CP000240.1:2181774-2182152|CDS|CYB_2085	100.000	378	0	0	1	378	1	378	0.0	682
Ga0393388_28_623_1000	CP000240.1:214818-215196|CDS|CYB_0204	100.000	378	0	0	1	378	1	378	0.0	682
Ga0393388_28_623_1000	CP000240.1:66226-66604|CDS|CYB_0053	100.000	378	0	0	1	378	1	378	0.0	682
Ga0393388_28_623_1000	CP000240.1:2692552-2692930|CDS|CYB_2592	99.735	378	1	0	1	378	1	378	0.0	678
Ga0393388_28_623_1000	CP000240.1:2505500-2505878|CDS|CYB_2407	99.735	378	1	0	1	378	1	378	0.0	678
Ga0393388_28_623_1000	CP000240.1:2354072-2354450|CDS|CYB_2250	99.735	378	1	0	1	378	1	378	0.0	678
Ga0393388_28_623_1000	CP000240.1:2165300-2165678|CDS|CYB_2067	99.735	378	1	0	1	378	1	378	0.0	678
Ga0393388_28_623_1000	CP000240.1:1839469-1839847|CDS|CYB_1756	99.735	378	1	0	1	378	1	378	0.0	678
Ga0393388_28_623_1000	CP000240.1:1127858-1128236|CDS|CYB_1092	99.735	378	1	0	1	378	1	378	0.0	678
Ga0393388_28_623_1000	CP000240.1:2728450-2728828|CDS|CYB_2638	99.471	378	2	0	1	378	1	378	0.0	673
Ga0393388_28_623_1000	CP000240.1:1750510-1750888|CDS|CYB_1673	99.471	378	2	0	1	378	1	378	0.0	673
Ga0393388_28_623_1000	CP000240.1:1639380-1639758|CDS|CYB_1567	99.471	378	2	0	1	378	1	378	0.0	673
Ga0393388_28_623_1000	CP000240.1:1332515-1332893|CDS|CYB_1276	99.471	378	2	0	1	378	1	378	0.0	673
Ga0393388_28_623_1000	CP000240.1:210424-210802|CDS|CYB_0197	99.471	378	2	0	1	378	1	378	0.0	673
Ga0393388_28_1283_2656	CP000239.1:1079820-1081194|CDS|CYA_1064	99.199	1374	11	0	1	1374	1	1374	0.0	2429
Ga0393388_28_1283_2656	CP000240.1:283432-284806|CDS|CYB_0268	87.792	1368	165	2	1	1367	1	1367	0.0	1708
Ga0393388_28_2675_4402	CP000239.1:1081212-1082940|CDS|CYA_1065	99.942	1728	1	0	1	1728	1	1728	0.0	3112
Ga0393388_28_2675_4402	CP000240.1:281682-283410|CDS|CYB_0267	88.477	1727	199	0	1	1727	1	1727	0.0	2218
Ga0393388_28_4489_4773	CP000239.1:1083026-1083311|CDS|CYA_1066	100.000	285	0	0	1	285	1	285	1.02e-146	515
Ga0393388_28_4489_4773	CP000240.1:281336-281615|CDS|CYB_0266	84.155	284	39	2	2	285	2	279	9.59e-84	306
Ga0393388_29_18_368	CP000239.1:357667-358867|CDS|CYA_0339	98.575	351	5	0	1	351	850	1200	2.15e-175	611
Ga0393388_29_18_368	CP000240.1:1580595-1581873|CDS|CYB_1508	83.880	366	35	1	1	342	907	1272	1.12e-115	412
Ga0393388_29_757_1116	CP000239.1:359123-359483|CDS|CYA_0340	100.000	360	0	0	1	360	1	360	0.0	650
Ga0393388_29_757_1116	CP000240.1:1580055-1580415|CDS|CYB_1507	81.667	360	66	0	1	360	1	360	9.43e-98	352
Ga0393388_29_1344_1778	CP000239.1:359626-360145|CDS|CYA_0341	99.540	435	2	0	1	435	85	519	0.0	776
Ga0393388_29_1344_1778	CP000240.1:1579253-1579796|CDS|CYB_1505	79.556	450	68	2	10	435	94	543	4.90e-115	410
Ga0393388_29_1827_2387	CP000239.1:360157-360754|CDS|CYA_0342	100.000	561	0	0	1	561	37	597	0.0	1012
Ga0393388_29_1827_2387	CP000240.1:1578642-1579203|CDS|CYB_1504	82.111	559	93	4	8	561	5	561	1.23e-155	546
Ga0393388_29_2387_3928	CP000239.1:360753-362295|CDS|CYA_0343	99.611	1542	6	0	1	1542	1	1542	0.0	2755
Ga0393388_29_2387_3928	CP000240.1:1577050-1578643|CDS|CYB_1503	81.910	1592	237	3	1	1541	1	1592	0.0	1606
Ga0393388_29_4422_4958	CP000239.1:1949093-1950374|CDS|CYA_1938	99.628	537	2	0	1	537	745	1281	0.0	960
Ga0393388_29_4422_4958	CP000239.1:1644791-1646072|CDS|CYA_1646	99.628	537	2	0	1	537	745	1281	0.0	960
Ga0393388_29_4422_4958	CP000239.1:1478618-1479899|CDS|CYA_1471	99.628	537	2	0	1	537	745	1281	0.0	960
Ga0393388_29_4422_4958	CP000239.1:410292-411573|CDS|CYA_0395	99.628	537	2	0	1	537	745	1281	0.0	960
Ga0393388_29_4422_4958	CP000239.1:731378-732659|CDS|CYA_0726	99.441	537	3	0	1	537	745	1281	0.0	956
Ga0393388_29_4422_4958	CP000239.1:2433345-2434626|CDS|CYA_2424	99.255	537	4	0	1	537	745	1281	0.0	951
Ga0393388_29_4422_4958	CP000239.1:2598895-2600176|CDS|CYA_2573	99.069	537	5	0	1	537	745	1281	0.0	947
Ga0393388_29_4422_4958	CP000239.1:1897468-1898749|CDS|CYA_1890	99.069	537	5	0	1	537	745	1281	0.0	947
Ga0393388_29_4422_4958	CP000239.1:2450640-2451921|CDS|CYA_2440	98.883	537	6	0	1	537	745	1281	0.0	942
Ga0393388_29_4422_4958	CP000239.1:2403315-2404596|CDS|CYA_2393	98.883	537	6	0	1	537	745	1281	0.0	942
Ga0393388_29_4422_4958	CP000239.1:1779349-1780630|CDS|CYA_1773	98.883	537	6	0	1	537	745	1281	0.0	942
Ga0393388_29_4422_4958	CP000239.1:2258726-2260007|CDS|CYA_2249	98.696	537	7	0	1	537	745	1281	0.0	938
Ga0393388_29_4422_4958	CP000239.1:2017852-2019133|CDS|CYA_2001	98.696	537	7	0	1	537	745	1281	0.0	938
Ga0393388_29_4422_4958	CP000239.1:2699277-2700558|CDS|CYA_2685	98.510	537	8	0	1	537	745	1281	0.0	933
Ga0393388_29_4422_4958	CP000239.1:1385448-1386729|CDS|CYA_1375	98.510	537	8	0	1	537	745	1281	0.0	933
Ga0393388_29_4422_4958	CP000239.1:362788-364069|CDS|CYA_0345	98.510	537	8	0	1	537	745	1281	0.0	933
Ga0393388_29_4422_4958	CP000239.1:2710017-2711283|CDS|CYA_2695	98.851	522	6	0	1	522	745	1266	0.0	915
Ga0393388_29_4422_4958	CP000240.1:21293-22574|CDS|CYB_0018	95.531	537	24	0	1	537	745	1281	0.0	861
Ga0393388_29_4422_4958	CP000240.1:32082-33315|CDS|CYB_0026	89.572	537	8	1	1	537	745	1233	0.0	755
Ga0393388_29_4422_4958	CP000239.1:818225-819443|CDS|CYA_0807	98.588	425	6	0	1	425	745	1169	0.0	740
Ga0393388_29_4422_4958	CP000239.1:607043-608261|CDS|CYA_0596	98.588	425	6	0	1	425	745	1169	0.0	740
Ga0393388_29_4422_4958	CP000240.1:1256770-1257394|CDS|CYB_1210	88.641	537	13	1	1	537	136	624	0.0	733
Ga0393388_29_4422_4958	CP000239.1:1445168-1446401|CDS|CYA_1438	95.294	425	20	0	1	425	745	1169	0.0	677
Ga0393388_30_294_2813	CP000239.1:2467679-2471015|CDS|CYA_2459	93.373	2520	167	0	1	2520	817	3336	0.0	3792
Ga0393388_30_294_2813	CP000240.1:2410494-2413935|CDS|CYB_2303	89.807	2492	234	5	2	2483	887	3368	0.0	3345
Ga0393388_30_3626_4804	CP000239.1:2466504-2467683|CDS|CYA_2458	99.830	1179	2	0	1	1179	1	1179	0.0	2118
Ga0393388_30_3626_4804	CP000240.1:2409409-2410498|CDS|CYB_2302	89.348	1089	116	0	91	1179	1	1089	0.0	1442
Ga0393388_31_318_2618	CP000239.1:2081586-2083899|CDS|CYA_2062	97.709	2313	41	1	1	2301	1	2313	0.0	3939
Ga0393388_31_318_2618	CP000240.1:2076485-2078777|CDS|CYB_1978	86.181	2265	313	0	1	2265	1	2265	0.0	2674
Ga0393388_31_2819_3097	CP000239.1:2085906-2086185|CDS|CYA_2065	100.000	279	0	0	1	279	1	279	1.80e-143	504
Ga0393388_31_3346_4179	CP000239.1:2086423-2087257|CDS|CYA_2066	100.000	834	0	0	1	834	1	834	0.0	1505
Ga0393388_31_3346_4179	CP000240.1:2073417-2074254|CDS|CYB_1974	80.825	824	128	2	1	794	1	824	0.0	792
Ga0393388_32_1152_1415	CP000239.1:798685-798949|CDS|CYA_0789	98.485	264	4	0	1	264	1	264	6.33e-130	459
Ga0393388_32_1152_1415	CP000240.1:3039346-3039616|CDS|CYB_2936	76.494	251	59	0	1	251	1	251	5.95e-48	187
Ga0393388_32_1457_2491	CP000239.1:798945-800037|CDS|CYA_0790	99.614	1035	4	0	1	1035	58	1092	0.0	1849
Ga0393388_32_1457_2491	CP000240.1:3039612-3040641|CDS|CYB_2937	81.433	921	165	6	1	918	43	960	0.0	869
Ga0393388_32_2626_4146	CP000239.1:800171-801692|CDS|CYA_0791	99.737	1521	4	0	1	1521	1	1521	0.0	2726
Ga0393388_32_2626_4146	CP000240.1:1415905-1417561|CDS|CYB_1347	76.810	1561	321	10	1	1521	97	1656	0.0	1176
Ga0393388_33_64_1176	CP000240.1:2305534-2306647|CDS|CYB_2199	91.465	1113	95	0	1	1113	1	1113	0.0	1580
Ga0393388_33_1338_2354	CP000239.1:2414645-2415662|CDS|CYA_2405	99.803	1017	2	0	1	1017	1	1017	0.0	1826
Ga0393388_33_1338_2354	CP000240.1:2307178-2308195|CDS|CYB_2200	87.316	1017	129	0	1	1017	1	1017	0.0	1253
Ga0393388_33_2493_2978	CP000239.1:2415795-2416281|CDS|CYA_2406	99.383	486	3	0	1	486	1	486	0.0	864
Ga0393388_33_2493_2978	CP000240.1:2308379-2308865|CDS|CYB_2201	86.214	486	67	0	1	486	1	486	2.19e-164	575
Ga0393388_34_476_1342	CP000239.1:2815491-2816349|CDS|CYA_2796	99.883	858	1	0	10	867	1	858	0.0	1544
Ga0393388_34_476_1342	CP000240.1:1002316-1003060|CDS|CYB_0966	83.984	743	119	0	125	867	2	744	0.0	804
Ga0393388_34_1547_2368	CP000239.1:2816490-2817261|CDS|CYA_2797	100.000	693	0	0	1	693	64	756	0.0	1251
Ga0393388_34_1547_2368	CP000240.1:1001413-1002196|CDS|CYB_0965	87.157	693	89	0	1	693	76	768	0.0	849
Ga0393388_34_2771_3226	CP000239.1:2812904-2814101|CDS|CYA_2794	100.000	456	0	0	1	456	742	1197	0.0	823
Ga0393388_34_2771_3226	CP000240.1:203164-204388|CDS|CYB_0190	83.251	406	66	2	1	405	754	1158	9.95e-118	419
Ga0393388_36_286_651	CP000239.1:2088581-2088947|CDS|CYA_2069	100.000	366	0	0	1	366	1	366	0.0	661
Ga0393388_36_286_651	CP000240.1:654686-655052|CDS|CYB_0644	86.066	366	51	0	1	366	1	366	4.36e-121	431
Ga0393388_36_726_1178	CP000239.1:2089021-2089474|CDS|CYA_2070	99.558	453	2	0	1	453	1	453	0.0	809
Ga0393388_36_726_1178	CP000240.1:655132-655558|CDS|CYB_0645	77.483	453	75	3	1	453	1	426	1.57e-102	369
Ga0393388_36_1376_2851	CP000239.1:2089671-2091147|CDS|CYA_2071	99.797	1476	3	0	1	1476	1	1476	0.0	2649
Ga0393388_36_1376_2851	CP000240.1:656103-657579|CDS|CYB_0646	87.534	1476	184	0	1	1476	1	1476	0.0	1833
Ga0393388_37_1608_1988	CP000239.1:2796654-2797047|CDS|CYA_2778	98.425	381	6	0	1	381	13	393	0.0	661
Ga0393388_37_1608_1988	CP000240.1:2564781-2565153|CDS|CYB_2466	86.943	314	41	0	19	332	19	332	2.07e-106	382
Ga0393388_37_2029_2193	CP000239.1:2796425-2796614|CDS|CYA_2777	100.000	165	0	0	1	165	25	189	7.78e-82	298
Ga0393388_37_2029_2193	CP000240.1:2565176-2565338|CDS|CYB_2467	82.911	158	27	0	1	158	1	158	4.03e-41	164
Ga0393388_37_2233_2322	CP000239.1:2796320-2796410|CDS|CYA_2776	100.000	90	0	0	1	90	1	90	1.95e-41	163
Ga0393388_37_2456_2701	CP000239.1:2795941-2796187|CDS|CYA_2775	99.593	246	1	0	1	246	1	246	5.49e-124	440
Ga0393388_37_2456_2701	CP000240.1:2566903-2567194|CDS|CYB_2469	87.398	246	31	0	1	246	46	291	2.85e-83	305
Ga0393388_38_1107_1592	CP000239.1:2010165-2010651|CDS|CYA_1989	100.000	486	0	0	1	486	1	486	0.0	877
Ga0393388_38_1107_1592	CP000240.1:2435564-2436077|CDS|CYB_2327	79.739	459	91	2	1	458	1	458	2.85e-112	402
Ga0393388_38_1712_2329	CP000239.1:2010770-2011592|CDS|CYA_1991	100.000	618	0	0	1	618	205	822	0.0	1115
Ga0393388_38_1712_2329	CP000240.1:2436196-2436928|CDS|CYB_2329	79.074	583	113	2	36	618	159	732	5.09e-142	501
Ga0393388_38_2676_3071	CP000239.1:2011734-2012391|CDS|CYA_1992	99.747	396	1	0	1	396	262	657	0.0	710
Ga0393388_38_2676_3071	CP000240.1:2437163-2437823|CDS|CYB_2330	80.100	402	74	1	1	396	259	660	1.66e-101	366
Ga0393388_40_919_1839	CP000240.1:2450469-2451390|CDS|CYB_2343	97.286	921	25	0	1	921	1	921	0.0	1549
Ga0393388_40_919_1839	CP000239.1:2379497-2380418|CDS|CYA_2369	85.854	919	130	0	1	919	1	919	0.0	1072
Ga0393388_41_26_1027	CP000239.1:2491859-2493524|CDS|CYA_2481	96.961	1020	13	1	1	1002	646	1665	0.0	1712
Ga0393388_41_26_1027	CP000240.1:2183650-2185402|CDS|CYB_2088	87.911	852	93	2	1	845	673	1521	0.0	1073
Ga0393388_41_1031_1519	CP000239.1:2493527-2494016|CDS|CYA_2482	100.000	489	0	0	1	489	1	489	0.0	883
Ga0393388_41_1031_1519	CP000240.1:2185414-2185909|CDS|CYB_2089	87.071	495	58	2	1	489	1	495	1.58e-172	601
Ga0393388_41_1933_2694	CP000239.1:2494429-2495191|CDS|CYA_2483	97.900	762	16	0	1	762	1	762	0.0	1303
Ga0393388_41_1933_2694	CP000240.1:2186453-2187215|CDS|CYB_2090	93.307	762	51	0	1	762	1	762	0.0	1145
Ga0393388_41_2700_3005	CP000240.1:2187220-2188864|CDS|CYB_2091	99.673	306	1	0	1	306	1339	1644	1.87e-156	548
Ga0393388_41_2700_3005	CP000239.1:2495196-2496843|CDS|CYA_2484	99.673	306	1	0	1	306	1342	1647	1.87e-156	548
Ga0393388_42_472_1401	CP000240.1:2602623-2603373|CDS|CYB_2508	96.311	732	27	0	1	732	1	732	0.0	1199
Ga0393388_42_472_1401	CP000239.1:2109019-2110315|CDS|CYA_2093	87.996	933	106	2	1	930	367	1296	0.0	1175
Ga0393388_42_1637_2383	CP000239.1:2108028-2109066|CDS|CYA_2091	97.858	747	16	0	1	747	292	1038	0.0	1276
Ga0393388_43_302_1120	CP000239.1:2021156-2021975|CDS|CYA_2004	99.878	819	1	0	1	819	1	819	0.0	1473
Ga0393388_43_302_1120	CP000240.1:1339836-1340559|CDS|CYB_1285	86.546	721	97	0	97	817	1	721	0.0	864
Ga0393388_43_1224_2486	CP000239.1:2019790-2021053|CDS|CYA_2003	100.000	1263	0	0	1	1263	1	1263	0.0	2278
Ga0393388_43_1224_2486	CP000240.1:1340740-1342003|CDS|CYB_1286	85.036	1263	189	0	1	1263	1	1263	0.0	1426
Ga0393388_43_1224_2486	CP000239.1:458676-459972|CDS|CYA_0439	67.010	970	305	7	44	1001	35	1001	3.47e-78	289
Ga0393388_43_1224_2486	CP000240.1:814083-815385|CDS|CYB_0788	65.200	977	311	18	43	1000	34	1000	1.93e-43	175
Ga0393388_44_495_806	CP000239.1:437289-437601|CDS|CYA_0417	100.000	312	0	0	1	312	1	312	2.48e-161	563
Ga0393388_44_495_806	CP000239.1:437250-437646|CDS|CYA_0416	100.000	312	0	0	1	312	357	46	2.48e-161	563
Ga0393388_44_495_806	CP000240.1:2545443-2545752|CDS|CYB_2443	87.255	306	39	0	1	306	1	306	7.12e-105	377
Ga0393388_44_1002_1733	CP000239.1:436362-437094|CDS|CYA_0415	100.000	732	0	0	1	732	1	732	0.0	1321
Ga0393388_44_1002_1733	CP000240.1:2544517-2545240|CDS|CYB_2442	84.882	721	109	0	12	732	3	723	0.0	810
Ga0393388_44_1994_2527	CP000239.1:440424-441165|CDS|CYA_0421	99.813	534	1	0	1	534	208	741	0.0	959
Ga0393388_44_1994_2527	CP000240.1:2595566-2596268|CDS|CYB_2501	86.965	491	64	0	1	491	208	698	2.12e-171	598
Ga0393388_45_35_490	CP000239.1:782540-783770|CDS|CYA_0777	94.407	447	25	0	1	447	403	849	0.0	694
Ga0393388_45_35_490	CP000239.1:1966854-1968081|CDS|CYA_1956	91.574	451	37	1	1	451	403	852	0.0	639
Ga0393388_45_35_490	CP000240.1:2424097-2424871|CDS|CYB_2313	76.638	351	82	0	1	351	400	750	4.83e-71	264
Ga0393388_45_35_490	CP000240.1:544792-546037|CDS|CYB_0530	73.103	435	109	2	1	431	400	830	2.50e-68	256
Ga0393388_45_35_490	CP000240.1:2581305-2582079|CDS|CYB_2484	76.068	351	84	0	1	351	400	750	2.50e-68	255
Ga0393388_45_35_490	CP000240.1:86287-87061|CDS|CYB_0074	75.424	354	81	2	1	351	400	750	1.58e-64	243
Ga0393388_45_35_490	CP000240.1:1126684-1127458|CDS|CYB_1091	73.446	354	88	2	1	351	400	750	2.68e-55	212
Ga0393388_45_852_1877	CP000239.1:2483585-2484572|CDS|CYA_2474	99.696	987	3	0	40	1026	1	987	0.0	1767
Ga0393388_45_852_1877	CP000240.1:2174262-2175306|CDS|CYB_2078	87.691	983	121	0	40	1022	1	983	0.0	1228
Ga0393388_45_2014_2439	CP000239.1:2483023-2483449|CDS|CYA_2472	100.000	426	0	0	1	426	1	426	0.0	769
Ga0393388_46_356_697	CP000239.1:1721995-1722337|CDS|CYA_1714	100.000	342	0	0	1	342	1	342	1.42e-177	618
Ga0393388_46_762_1154	CP000239.1:1722401-1723214|CDS|CYA_1715	99.746	393	1	0	1	393	421	813	0.0	705
Ga0393388_46_762_1154	CP000240.1:364016-364817|CDS|CYB_0345	75.610	369	86	2	1	367	427	793	2.14e-68	255
Ga0393388_46_1571_2113	CP000239.1:1723210-1723624|CDS|CYA_1716	100.000	414	0	0	130	543	1	414	0.0	747
Ga0393388_46_2135_2869	CP000239.1:1723768-1724923|CDS|CYA_1717	99.856	695	1	0	1	695	7	701	0.0	1250
Ga0393388_48_1776_2471	CP000239.1:2841218-2841914|CDS|CYA_2823	99.713	696	2	0	1	696	1	696	0.0	1247
Ga0393388_49_46_153	CP000239.1:2807748-2808024|CDS|CYA_2788	100.000	108	0	0	1	108	169	276	4.11e-51	196
Ga0393388_49_46_153	CP000240.1:198054-198330|CDS|CYB_0184	90.654	107	10	0	2	108	170	276	5.34e-37	149
Ga0393388_49_166_321	CP000239.1:2807748-2808024|CDS|CYA_2788	100.000	154	0	0	1	154	1	154	6.82e-76	279
Ga0393388_49_166_321	CP000240.1:198054-198330|CDS|CYB_0184	86.364	154	21	0	1	154	1	154	4.04e-47	184
Ga0393388_49_410_1090	CP000239.1:2808112-2808793|CDS|CYA_2789	99.853	681	1	0	1	681	1	681	0.0	1224
Ga0393388_49_410_1090	CP000240.1:198422-199106|CDS|CYB_0185	82.344	691	105	5	1	681	1	684	0.0	690
Ga0393388_49_1157_1642	CP000239.1:2808859-2809345|CDS|CYA_2790	100.000	486	0	0	1	486	1	486	0.0	877
Ga0393388_49_1157_1642	CP000240.1:199110-199596|CDS|CYB_0186	86.626	486	65	0	1	486	1	486	4.23e-167	584
Ga0393388_49_1830_2609	CP000239.1:2809532-2810900|CDS|CYA_2791	99.872	780	1	0	1	780	589	1368	0.0	1403
Ga0393388_49_1830_2609	CP000240.1:199787-201146|CDS|CYB_0187	87.147	778	100	0	1	778	580	1357	0.0	953
Ga0393388_50_823_2157	CP000239.1:2298435-2299770|CDS|CYA_2296	99.775	1335	3	0	1	1335	1	1335	0.0	2395
Ga0393388_50_823_2157	CP000240.1:1387468-1388773|CDS|CYB_1326	84.718	1276	195	0	32	1307	2	1277	0.0	1423
Ga0393388_50_2182_2514	CP000239.1:2298078-2298411|CDS|CYA_2294	99.399	333	2	0	1	333	1	333	5.48e-170	592
Ga0393388_50_2182_2514	CP000240.1:1387082-1387433|CDS|CYB_1324	84.667	300	45	1	9	307	23	322	2.85e-91	331
Ga0393388_50_2511_2666	CP000239.1:2297212-2298082|CDS|CYA_2295	100.000	156	0	0	1	156	715	870	5.60e-77	282
Ga0393388_50_2511_2666	CP000240.1:1386258-1387086|CDS|CYB_1325	78.667	150	32	0	1	150	664	813	2.72e-30	127
Ga0393388_51_1666_2352	CP000239.1:2449284-2449941|CDS|CYA_2438	99.848	657	1	0	31	687	1	657	0.0	1181
Ga0393388_51_1666_2352	CP000240.1:1562863-1563481|CDS|CYB_1487	83.618	586	96	0	31	616	1	586	1.98e-179	625
Ga0393388_52_215_484	CP000239.1:1453684-1453906|CDS|CYA_1446	99.550	222	1	0	49	270	1	222	6.50e-111	397
Ga0393388_52_215_484	CP000240.1:1656219-1656444|CDS|CYB_1585	91.111	225	17	1	49	270	1	225	1.74e-86	315
Ga0393388_52_514_927	CP000239.1:1453983-1454397|CDS|CYA_1447	100.000	414	0	0	1	414	1	414	0.0	747
Ga0393388_52_514_927	CP000240.1:1655732-1656143|CDS|CYB_1584	85.856	403	57	0	12	414	9	411	5.66e-133	471
Ga0393388_52_924_1397	CP000239.1:1454393-1454849|CDS|CYA_1448	100.000	456	0	0	19	474	1	456	0.0	823
Ga0393388_52_924_1397	CP000240.1:1655280-1655736|CDS|CYB_1583	87.939	456	55	0	19	474	1	456	2.13e-164	575
Ga0393388_52_1429_2292	CP000239.1:1454898-1455762|CDS|CYA_1449	100.000	864	0	0	1	864	1	864	0.0	1559
Ga0393388_52_1429_2292	CP000240.1:1654377-1655235|CDS|CYB_1582	88.514	801	92	0	1	801	1	801	0.0	1031
Ga0393388_53_640_1053	CP000239.1:415942-416356|CDS|CYA_0400	99.517	414	2	0	1	414	1	414	0.0	738
Ga0393388_53_1252_2115	CP000239.1:416554-417418|CDS|CYA_0401	99.769	864	2	0	1	864	1	864	0.0	1550
Ga0393388_53_1252_2115	CP000240.1:2261151-2262021|CDS|CYB_2160	85.910	802	113	0	40	841	22	823	0.0	938
Ga0393388_54_124_1272	CP000239.1:237765-239034|CDS|CYA_0235	98.607	1149	16	0	1	1149	121	1269	0.0	2001
Ga0393388_54_124_1272	CP000240.1:1864407-1865727|CDS|CYB_1779	87.103	1101	142	0	1	1101	121	1221	0.0	1346
Ga0393388_54_1509_2246	CP000239.1:239219-240008|CDS|CYA_0236	99.729	738	2	0	1	738	52	789	0.0	1323
Ga0393388_54_1509_2246	CP000240.1:1865922-1866687|CDS|CYB_1780	84.688	738	89	1	1	738	52	765	0.0	839
Ga0393388_55_118_420	CP000239.1:2226776-2227883|CDS|CYA_2212	100.000	303	0	0	1	303	805	1107	1.85e-156	547
Ga0393388_55_118_420	CP000240.1:1090988-1092098|CDS|CYB_1054	72.982	285	71	1	1	279	805	1089	1.86e-42	168
Ga0393388_55_855_1031	CP000239.1:2226165-2226342|CDS|CYA_2211	100.000	177	0	0	1	177	1	177	2.56e-88	320
Ga0393388_57_492_1085	CP000239.1:2846997-2847591|CDS|CYA_2828	100.000	594	0	0	1	594	1	594	0.0	1072
Ga0393388_57_492_1085	CP000240.1:861972-862584|CDS|CYB_0830	82.069	580	102	2	1	579	1	579	3.29e-163	571
Ga0393388_57_1136_1801	CP000239.1:2846281-2846947|CDS|CYA_2827	100.000	666	0	0	1	666	1	666	0.0	1202
Ga0393388_57_1136_1801	CP000240.1:861248-861914|CDS|CYB_0829	85.779	661	94	0	1	661	1	661	0.0	769
Ga0393388_57_1824_2159	CP000239.1:2843802-2846259|CDS|CYA_2826	100.000	336	0	0	1	336	2122	2457	2.51e-174	607
Ga0393388_57_1824_2159	CP000240.1:858586-861259|CDS|CYB_0828	79.503	322	66	0	2	323	2312	2633	3.74e-77	284
Ga0393388_59_654_1373	CP000239.1:2319169-2319889|CDS|CYA_2316	100.000	720	0	0	1	720	1	720	0.0	1299
Ga0393388_59_654_1373	CP000240.1:2133373-2134093|CDS|CYB_2031	86.528	720	97	0	1	720	1	720	0.0	862
Ga0393388_59_1416_2054	CP000239.1:2318278-2319127|CDS|CYA_2315	100.000	639	0	0	1	639	211	849	0.0	1153
Ga0393388_59_1416_2054	CP000240.1:2132468-2133317|CDS|CYB_2030	87.284	637	81	0	2	638	212	848	0.0	784
Ga0393388_60_1786_2031	CP000239.1:2763845-2764490|CDS|CYA_2743	99.593	246	1	0	1	246	400	645	5.49e-124	440
Ga0393388_61_1398_1619	CP000239.1:2412210-2412432|CDS|CYA_2402	100.000	222	0	0	1	222	1	222	1.23e-112	401
Ga0393388_61_1398_1619	CP000240.1:846703-846928|CDS|CYB_0817	89.640	222	23	0	1	222	4	225	3.77e-81	297
Ga0393388_61_1721_2080	CP000239.1:2412533-2412893|CDS|CYA_2403	100.000	360	0	0	1	360	1	360	0.0	650
Ga0393388_61_1721_2080	CP000240.1:2304687-2305047|CDS|CYB_2197	83.287	359	58	2	1	358	1	358	3.52e-103	370
Ga0393388_62_37_315	CP000239.1:892608-892887|CDS|CYA_0885	86.477	281	34	3	1	279	1	279	1.00e-89	326
Ga0393388_62_37_315	CP000239.1:130864-131179|CDS|CYA_0135	82.079	279	34	3	3	279	51	315	1.30e-75	279
