Ga0374824_01_511_954	CP000239.1:2551994-2552438|CDS|CYA_2533	95.045	444	22	0	1	444	1	444	0.0	702
Ga0374824_01_511_954	CP000240.1:160486-160930|CDS|CYB_0143	81.124	445	82	2	1	444	1	444	3.38e-117	417
Ga0374824_01_968_2107	CP000239.1:2550889-2551981|CDS|CYA_2532	86.316	1140	108	4	1	1140	1	1092	0.0	1379
Ga0374824_01_968_2107	CP000240.1:160943-162065|CDS|CYB_0144	83.525	1129	162	3	15	1140	15	1122	0.0	1206
Ga0374824_01_2104_2880	CP000239.1:2550122-2550893|CDS|CYA_2531	89.633	762	79	0	16	777	10	771	0.0	1019
Ga0374824_01_2104_2880	CP000240.1:162061-162862|CDS|CYB_0145	79.357	746	154	0	1	746	1	746	0.0	652
Ga0374824_01_2890_3726	CP000239.1:2549276-2550113|CDS|CYA_2529	90.562	837	79	0	1	837	1	837	0.0	1154
Ga0374824_01_2890_3726	CP000240.1:162872-163709|CDS|CYB_0147	81.459	836	147	5	6	837	6	837	0.0	794
Ga0374824_01_3723_4466	CP000239.1:2548506-2549280|CDS|CYA_2530	98.849	695	8	0	1	695	52	746	0.0	1218
Ga0374824_01_3723_4466	CP000240.1:163677-164529|CDS|CYB_0146	84.964	685	99	2	63	744	141	824	0.0	766
Ga0374824_01_4659_6191	CP000239.1:2546832-2548365|CDS|CYA_2527	95.564	1533	68	0	1	1533	1	1533	0.0	2459
Ga0374824_01_4659_6191	CP000240.1:1904033-1905566|CDS|CYB_1818	80.809	1532	294	0	1	1532	1	1532	0.0	1438
Ga0374824_01_7561_8022	CP000240.1:17326-17938|CDS|CYB_0015	85.246	427	31	5	67	462	172	597	5.57e-140	493
Ga0374824_01_8675_9949	CP000239.1:2541913-2543251|CDS|CYA_2523	86.513	1216	140	9	1	1207	25	1225	0.0	1435
Ga0374824_01_10009_11598	CP000240.1:19690-21247|CDS|CYB_0017	96.660	1557	52	0	34	1590	1	1557	0.0	2574
Ga0374824_01_11647_12228	CP000240.1:23138-23720|CDS|CYB_0020	99.313	582	4	0	1	582	1	582	0.0	1032
Ga0374824_01_12336_14570	CP000239.1:2539235-2541473|CDS|CYA_2522	98.790	2232	27	0	4	2235	7	2238	0.0	3904
Ga0374824_01_12336_14570	CP000240.1:23827-26062|CDS|CYB_0021	92.528	2235	167	0	1	2235	1	2235	0.0	3278
Ga0374824_01_14592_16859	CP000239.1:2536946-2539214|CDS|CYA_2521	96.649	2268	76	0	1	2268	1	2268	0.0	3748
Ga0374824_01_14592_16859	CP000240.1:26083-28351|CDS|CYB_0022	92.196	2268	177	0	1	2268	1	2268	0.0	3293
Ga0374824_01_17270_18538	CP000239.1:2535267-2536536|CDS|CYA_2520	100.000	1269	0	0	1	1269	1	1269	0.0	2289
Ga0374824_01_17270_18538	CP000240.1:2070303-2071596|CDS|CYB_1971	84.972	1251	188	0	1	1251	1	1251	0.0	1409
Ga0374824_01_18541_22137	CP000239.1:2531668-2535265|CDS|CYA_2519	99.972	3597	1	0	1	3597	1	3597	0.0	6483
Ga0374824_01_18541_22137	CP000240.1:2066704-2070322|CDS|CYB_1970	78.744	3599	761	2	1	3597	22	3618	0.0	3037
Ga0374824_01_22127_23320	CP000239.1:2530485-2531679|CDS|CYA_2518	99.916	1194	1	0	1	1194	1	1194	0.0	2150
Ga0374824_01_22127_23320	CP000240.1:2065521-2066715|CDS|CYB_1969	83.333	1194	199	0	1	1194	1	1194	0.0	1257
Ga0374824_01_23317_23910	CP000239.1:2529895-2530489|CDS|CYA_2517	100.000	594	0	0	1	594	1	594	0.0	1072
Ga0374824_01_23317_23910	CP000240.1:2064931-2065525|CDS|CYB_1968	84.966	592	89	0	1	592	1	592	0.0	667
Ga0374824_01_23910_25634	CP000239.1:2528171-2529896|CDS|CYA_2516	99.942	1725	1	0	1	1725	1	1725	0.0	3107
Ga0374824_01_23910_25634	CP000240.1:2063225-2064932|CDS|CYB_1967	84.347	1693	257	4	37	1725	19	1707	0.0	1848
Ga0374824_01_25798_26421	CP000239.1:2527384-2527972|CDS|CYA_2515	100.000	588	0	0	37	624	1	588	0.0	1061
Ga0374824_01_25798_26421	CP000240.1:2062531-2063101|CDS|CYB_1966	84.043	564	90	0	61	624	7	570	1.13e-175	612
Ga0374824_01_26565_27755	CP000239.1:2526050-2527241|CDS|CYA_2514	100.000	1191	0	0	1	1191	1	1191	0.0	2149
Ga0374824_01_26565_27755	CP000240.1:2061327-2062518|CDS|CYB_1965	86.166	1171	158	2	7	1175	7	1175	0.0	1377
Ga0374824_01_28170_28955	CP000239.1:2524850-2525636|CDS|CYA_2513	100.000	786	0	0	1	786	1	786	0.0	1418
Ga0374824_01_28170_28955	CP000240.1:2060408-2061194|CDS|CYB_1964	84.879	787	117	2	1	786	1	786	0.0	876
Ga0374824_01_29067_29261	CP000239.1:455920-457171|CDS|CYA_0436	73.684	247	13	1	1	195	970	1216	8.20e-51	196
Ga0374824_01_29615_29950	CP000240.1:693114-693873|CDS|CYB_0679	85.764	288	35	1	1	282	379	666	6.76e-93	336
Ga0374824_01_30207_31223	CP000239.1:2522680-2523826|CDS|CYA_2512	100.000	1015	0	0	3	1017	132	1146	0.0	1831
Ga0374824_01_30207_31223	CP000240.1:693811-694969|CDS|CYB_0678	85.911	1015	143	0	3	1017	144	1158	0.0	1187
Ga0374824_01_31443_31688	CP000240.1:695047-695299|CDS|CYB_0680	98.283	233	4	0	1	233	1	233	3.95e-113	403
Ga0374824_01_31443_31688	CP000239.1:2522303-2522534|CDS|CYA_2511	84.103	195	31	0	47	241	32	226	1.38e-55	213
Ga0374824_01_31681_33168	CP000239.1:2520823-2522311|CDS|CYA_2510	95.957	1484	58	2	6	1488	6	1488	0.0	2399
Ga0374824_01_31681_33168	CP000240.1:695291-696746|CDS|CYB_0681	85.773	1448	204	2	1	1447	1	1447	0.0	1676
Ga0374824_01_33229_34029	CP000239.1:2519968-2520763|CDS|CYA_2509	93.641	802	43	4	1	801	1	795	0.0	1206
Ga0374824_01_33229_34029	CP000240.1:696770-697595|CDS|CYB_0682	85.052	776	116	0	1	776	1	776	0.0	877
Ga0374824_01_34045_34275	CP000240.1:697610-697892|CDS|CYB_0683	94.805	231	12	0	1	231	52	282	3.23e-101	363
Ga0374824_01_34045_34275	CP000239.1:2519671-2519953|CDS|CYA_2507	92.641	231	17	0	1	231	52	282	3.69e-94	341
Ga0374824_01_35113_35331	CP000240.1:698176-699904|CDS|CYB_0684	96.804	219	7	0	1	219	1510	1728	3.05e-101	364
Ga0374824_01_35113_35331	CP000239.1:2517679-2519407|CDS|CYA_2506	84.475	219	34	0	1	219	1510	1728	7.18e-65	242
Ga0374824_01_35566_35925	CP000240.1:700144-700504|CDS|CYB_0685	98.611	360	5	0	1	360	1	360	2.88e-180	627
Ga0374824_01_35566_35925	CP000239.1:2517065-2517425|CDS|CYA_2504	92.758	359	26	0	1	359	1	359	1.70e-151	531
Ga0374824_01_35981_38275	CP000240.1:700560-702855|CDS|CYB_0686	92.810	2295	165	0	1	2295	1	2295	0.0	3396
Ga0374824_01_35981_38275	CP000239.1:2515199-2517008|CDS|CYA_2503	90.547	1809	171	0	487	2295	1	1809	0.0	2492
Ga0374824_01_38360_40303	CP000239.1:2512761-2514654|CDS|CYA_2502	85.314	1893	278	0	52	1944	1	1893	0.0	2161
Ga0374824_01_38360_40303	CP000240.1:702939-704877|CDS|CYB_0687	83.909	1852	294	2	95	1944	89	1938	0.0	1992
Ga0374824_01_40441_40908	CP000239.1:2512197-2512599|CDS|CYA_2501	89.055	402	44	0	67	468	1	402	2.74e-150	527
Ga0374824_01_40441_40908	CP000240.1:705025-705457|CDS|CYB_0688	87.374	396	50	0	67	462	31	426	6.88e-139	489
Ga0374824_01_41129_42736	CP000240.1:705841-707362|CDS|CYB_0689	87.702	1488	154	4	121	1580	1	1487	0.0	1867
Ga0374824_01_41129_42736	CP000239.1:2510291-2511791|CDS|CYA_2500	85.533	1500	205	1	121	1608	1	1500	0.0	1734
Ga0374824_01_42733_43869	CP000239.1:2509158-2510295|CDS|CYA_2499	88.478	1137	131	0	1	1137	1	1137	0.0	1461
Ga0374824_01_42733_43869	CP000240.1:707358-708489|CDS|CYB_0690	85.535	1113	161	0	8	1120	8	1120	0.0	1282
Ga0374824_02_203_613	CP000239.1:1210708-1211260|CDS|CYA_1199	98.540	411	0	1	1	411	148	552	0.0	716
Ga0374824_02_203_613	CP000239.1:1210660-1211167|CDS|CYA_1200	98.540	411	0	1	1	411	453	49	0.0	716
Ga0374824_02_203_613	CP000240.1:2432096-2432645|CDS|CYB_2322	82.152	409	67	1	1	409	145	547	4.62e-115	410
Ga0374824_02_629_1033	CP000239.1:1209704-1210511|CDS|CYA_1197	100.000	405	0	0	1	405	403	807	0.0	731
Ga0374824_02_629_1033	CP000240.1:2680578-2681337|CDS|CYB_2576	85.608	403	58	0	1	403	355	757	6.74e-132	466
Ga0374824_02_1288_1620	CP000239.1:1209114-1209447|CDS|CYA_1196	99.700	333	1	0	1	333	1	333	4.50e-171	597
Ga0374824_02_1288_1620	CP000240.1:2681522-2681855|CDS|CYB_2577	87.915	331	40	0	1	331	1	331	2.49e-117	417
Ga0374824_02_1629_2036	CP000239.1:1208698-1209106|CDS|CYA_1195	100.000	408	0	0	1	408	1	408	0.0	737
Ga0374824_02_1629_2036	CP000240.1:2681863-2682271|CDS|CYB_2578	87.192	406	52	0	1	406	1	406	1.15e-141	499
Ga0374824_02_2107_3531	CP000239.1:1207203-1208628|CDS|CYA_1194	99.649	1425	5	0	1	1425	1	1425	0.0	2548
Ga0374824_02_2107_3531	CP000240.1:2682337-2683762|CDS|CYB_2579	90.175	1425	140	0	1	1425	1	1425	0.0	1939
Ga0374824_02_4040_4642	CP000239.1:1206092-1206695|CDS|CYA_1193	100.000	603	0	0	1	603	1	603	0.0	1088
Ga0374824_02_4040_4642	CP000240.1:2684271-2684874|CDS|CYB_2581	90.849	601	55	0	1	601	1	601	0.0	837
Ga0374824_02_4786_4896	CP000239.1:1205838-1206003|CDS|CYA_1192	100.000	110	0	0	1	110	55	164	3.49e-52	199
Ga0374824_02_4786_4896	CP000240.1:2685097-2685208|CDS|CYB_2582	87.059	85	11	0	1	85	1	85	2.06e-23	104
Ga0374824_02_5160_5507	CP000239.1:1205227-1205575|CDS|CYA_1190	100.000	348	0	0	1	348	1	348	0.0	628
Ga0374824_02_5160_5507	CP000240.1:2685647-2685995|CDS|CYB_2585	87.464	343	43	0	1	343	1	343	1.76e-119	425
Ga0374824_02_6253_7659	CP000239.1:1203075-1204482|CDS|CYA_1189	99.929	1407	1	0	1	1407	1	1407	0.0	2534
Ga0374824_02_6253_7659	CP000240.1:2687724-2689137|CDS|CYB_2586	84.964	1390	203	2	1	1384	1	1390	0.0	1562
Ga0374824_02_7677_8270	CP000239.1:1202371-1203058|CDS|CYA_1188	100.000	594	0	0	1	594	94	687	0.0	1072
Ga0374824_02_7677_8270	CP000240.1:2689153-2689921|CDS|CYB_2588	85.497	593	86	0	1	593	175	767	0.0	682
Ga0374824_02_8553_8921	CP000239.1:1201813-1202182|CDS|CYA_1187	100.000	369	0	0	1	369	1	369	0.0	666
Ga0374824_02_8553_8921	CP000240.1:2690053-2690422|CDS|CYB_2589	78.049	369	81	0	1	369	1	369	5.36e-82	301
Ga0374824_02_9403_10662	CP000239.1:1200072-1201317|CDS|CYA_1186	99.920	1245	1	0	16	1260	1	1245	0.0	2241
Ga0374824_02_9403_10662	CP000240.1:2690914-2692159|CDS|CYB_2590	89.228	1244	134	0	16	1259	1	1244	0.0	1640
Ga0374824_02_10947_11498	CP000239.1:1199236-1199788|CDS|CYA_1184	99.638	552	2	0	1	552	1	552	0.0	987
Ga0374824_02_10947_11498	CP000240.1:2693555-2694083|CDS|CYB_2594	77.830	424	73	5	1	421	1	406	3.27e-93	338
Ga0374824_02_11666_12103	CP000239.1:1198400-1199069|CDS|CYA_1183	100.000	438	0	0	1	438	232	669	0.0	791
Ga0374824_02_12331_12735	CP000239.1:1198071-1198404|CDS|CYA_1182	100.000	333	0	0	73	405	1	333	1.30e-172	601
Ga0374824_02_13774_15726	CP000239.1:1193691-1195644|CDS|CYA_1179	99.898	1953	2	0	1	1953	1	1953	0.0	3514
Ga0374824_02_16203_16847	CP000239.1:1192570-1193215|CDS|CYA_1178	99.845	645	1	0	1	645	1	645	0.0	1159
Ga0374824_02_16203_16847	CP000240.1:2699498-2700143|CDS|CYB_2597	89.286	644	69	0	1	644	1	644	0.0	851
Ga0374824_02_16899_17879	CP000239.1:1191538-1192519|CDS|CYA_1177	100.000	981	0	0	1	981	1	981	0.0	1770
Ga0374824_02_17872_18171	CP000239.1:1191246-1191546|CDS|CYA_1176	99.667	300	1	0	1	300	1	300	3.30e-153	537
Ga0374824_02_17872_18171	CP000240.1:2701136-2701436|CDS|CYB_2599	88.667	300	34	0	1	300	1	300	1.08e-108	389
Ga0374824_02_18232_19116	CP000239.1:1190301-1191186|CDS|CYA_1175	99.887	885	1	0	1	885	1	885	0.0	1592
Ga0374824_02_18232_19116	CP000240.1:2701485-2702370|CDS|CYB_2600	89.367	884	94	0	1	884	1	884	0.0	1171
Ga0374824_02_19195_19476	CP000239.1:1189941-1190223|CDS|CYA_1174	100.000	282	0	0	1	282	1	282	4.29e-145	509
Ga0374824_02_19195_19476	CP000240.1:2702436-2702718|CDS|CYB_2601	89.286	280	30	0	1	280	1	280	2.71e-103	370
Ga0374824_02_19519_19890	CP000239.1:1189527-1189899|CDS|CYA_1173	100.000	372	0	0	1	372	1	372	0.0	672
Ga0374824_02_19519_19890	CP000240.1:2702763-2703138|CDS|CYB_2602	88.235	374	41	1	1	371	1	374	1.19e-134	475
Ga0374824_02_19932_20678	CP000239.1:1188739-1189486|CDS|CYA_1172	99.866	747	1	0	1	747	1	747	0.0	1343
Ga0374824_02_19932_20678	CP000240.1:2703180-2703951|CDS|CYB_2603	83.658	771	102	2	1	747	1	771	0.0	836
Ga0374824_02_20734_21210	CP000239.1:1188207-1188684|CDS|CYA_1171	99.581	477	2	0	1	477	1	477	0.0	852
Ga0374824_02_20734_21210	CP000240.1:2704006-2704474|CDS|CYB_2604	87.444	446	56	0	1	446	1	446	7.02e-158	553
Ga0374824_02_21234_21464	CP000239.1:1187953-1188190|CDS|CYA_1170	100.000	231	0	0	1	231	7	237	1.67e-117	417
Ga0374824_02_21234_21464	CP000240.1:2704487-2704709|CDS|CYB_2605	87.629	194	24	0	1	194	7	200	7.62e-65	242
Ga0374824_02_21464_21715	CP000239.1:1187702-1187954|CDS|CYA_1169	100.000	252	0	0	1	252	1	252	7.33e-129	455
Ga0374824_02_21464_21715	CP000240.1:2704708-2704960|CDS|CYB_2606	88.889	252	28	0	1	252	1	252	7.34e-91	329
Ga0374824_02_21712_22080	CP000239.1:1187337-1187706|CDS|CYA_1168	99.729	369	1	0	1	369	1	369	0.0	662
Ga0374824_02_21712_22080	CP000240.1:2704956-2705325|CDS|CYB_2607	90.137	365	36	0	1	365	1	365	3.60e-141	497
Ga0374824_02_22080_22478	CP000239.1:1186939-1187338|CDS|CYA_1167	99.749	399	1	0	1	399	1	399	0.0	716
Ga0374824_02_22080_22478	CP000240.1:2705324-2705723|CDS|CYB_2608	87.000	400	50	2	1	399	1	399	3.01e-136	480
Ga0374824_02_22535_23077	CP000239.1:1186340-1186883|CDS|CYA_1166	100.000	543	0	0	1	543	1	543	0.0	980
Ga0374824_02_22535_23077	CP000240.1:2705791-2706334|CDS|CYB_2609	88.745	542	61	0	1	542	1	542	0.0	703
Ga0374824_02_23138_23542	CP000239.1:1185875-1186280|CDS|CYA_1165	100.000	405	0	0	1	405	1	405	0.0	731
Ga0374824_02_23138_23542	CP000240.1:2706380-2706791|CDS|CYB_2610	88.698	407	40	1	1	401	1	407	2.35e-150	528
Ga0374824_02_23569_24114	CP000239.1:1185303-1185849|CDS|CYA_1164	100.000	546	0	0	1	546	1	546	0.0	985
Ga0374824_02_23569_24114	CP000240.1:2706824-2707370|CDS|CYB_2611	83.119	545	92	0	1	545	1	545	1.05e-162	569
Ga0374824_02_24117_24485	CP000239.1:1184932-1185301|CDS|CYA_1163	100.000	369	0	0	1	369	1	369	0.0	666
Ga0374824_02_24117_24485	CP000240.1:2707401-2707770|CDS|CYB_2612	82.656	369	64	0	1	369	1	369	2.43e-105	378
Ga0374824_02_24504_25040	CP000239.1:1184377-1184914|CDS|CYA_1162	100.000	537	0	0	1	537	1	537	0.0	969
Ga0374824_02_24504_25040	CP000240.1:2707788-2708325|CDS|CYB_2613	85.607	535	77	0	1	535	1	535	2.27e-177	618
Ga0374824_02_25166_25537	CP000239.1:1183880-1184354|CDS|CYA_1161	100.000	372	0	0	1	372	103	474	0.0	672
Ga0374824_02_25166_25537	CP000240.1:2708362-2708815|CDS|CYB_2614	83.333	348	58	0	1	348	103	450	4.44e-102	367
Ga0374824_03_245_688	CP000239.1:383964-384408|CDS|CYA_0367	99.775	444	1	0	1	444	1	444	0.0	797
Ga0374824_03_245_688	CP000240.1:2587259-2587766|CDS|CYB_2490	74.940	419	99	3	13	428	79	494	2.60e-74	275
Ga0374824_03_1051_1758	CP000239.1:382851-383601|CDS|CYA_0366	99.859	708	1	0	1	708	43	750	0.0	1273
Ga0374824_03_1051_1758	CP000240.1:729395-730124|CDS|CYB_0713	76.791	698	158	4	10	705	10	705	2.66e-146	515
Ga0374824_03_1882_3828	CP000239.1:380751-382770|CDS|CYA_0365	99.795	1947	4	0	1	1947	73	2019	0.0	3494
Ga0374824_03_1882_3828	CP000240.1:730249-732268|CDS|CYB_0714	86.961	1971	233	2	1	1947	49	2019	0.0	2409
Ga0374824_03_4026_5468	CP000239.1:379183-380626|CDS|CYA_0364	99.931	1443	1	0	1	1443	1	1443	0.0	2599
Ga0374824_03_4026_5468	CP000240.1:732547-733990|CDS|CYB_0715	88.928	1436	159	0	1	1436	1	1436	0.0	1874
Ga0374824_03_5637_5828	CP000239.1:378823-379144|CDS|CYA_0363	100.000	192	0	0	1	192	130	321	2.02e-96	347
Ga0374824_03_5876_6109	CP000240.1:726364-726649|CDS|CYB_0710	82.479	234	41	0	1	234	52	285	3.29e-63	238
Ga0374824_03_6175_7647	CP000239.1:376701-378174|CDS|CYA_0359	99.932	1473	1	0	1	1473	1	1473	0.0	2653
Ga0374824_03_6175_7647	CP000240.1:724744-726217|CDS|CYB_0708	90.149	1472	145	0	1	1472	1	1472	0.0	2002
Ga0374824_03_7644_8237	CP000239.1:376111-376705|CDS|CYA_0360	95.960	594	24	0	1	594	1	594	0.0	964
Ga0374824_03_7644_8237	CP000240.1:724154-724748|CDS|CYB_0709	90.153	589	58	0	1	589	1	589	0.0	801
Ga0374824_03_8378_9259	CP000239.1:375089-375971|CDS|CYA_0358	100.000	882	0	0	1	882	1	882	0.0	1591
Ga0374824_03_8378_9259	CP000240.1:723190-724006|CDS|CYB_0707	84.321	810	122	2	1	809	1	806	0.0	884
Ga0374824_03_9282_9788	CP000239.1:374566-375007|CDS|CYA_0357	98.658	447	0	1	61	507	1	441	0.0	781
Ga0374824_03_9282_9788	CP000240.1:722621-723128|CDS|CYB_0706	82.389	494	87	0	1	494	1	494	1.45e-141	499
Ga0374824_03_9878_10291	CP000239.1:374063-374477|CDS|CYA_0356	100.000	414	0	0	1	414	1	414	0.0	747
Ga0374824_03_9878_10291	CP000240.1:722132-722546|CDS|CYB_0705	83.632	391	64	0	1	391	1	391	3.13e-117	417
Ga0374824_03_10294_11487	CP000239.1:372867-374061|CDS|CYA_0354	99.832	1194	2	0	1	1194	1	1194	0.0	2145
Ga0374824_03_10294_11487	CP000240.1:720894-722103|CDS|CYB_0703	83.460	1185	194	2	11	1194	26	1209	0.0	1247
Ga0374824_03_11481_13130	CP000239.1:371224-372874|CDS|CYA_0355	99.818	1650	3	0	1	1650	1	1650	0.0	2963
Ga0374824_03_11481_13130	CP000240.1:719293-720901|CDS|CYB_0704	77.971	1666	293	17	1	1650	1	1608	0.0	1341
Ga0374824_03_13299_13718	CP000239.1:370636-371056|CDS|CYA_0353	100.000	420	0	0	1	420	1	420	0.0	758
Ga0374824_03_13299_13718	CP000240.1:718708-719137|CDS|CYB_0702	82.619	420	73	0	1	420	10	429	1.76e-120	429
Ga0374824_03_13782_14333	CP000239.1:370021-370573|CDS|CYA_0352	100.000	552	0	0	1	552	1	552	0.0	996
Ga0374824_03_13782_14333	CP000240.1:2191975-2192503|CDS|CYB_2096	80.479	543	82	1	9	551	9	527	1.69e-147	519
Ga0374824_03_14903_15769	CP000239.1:368585-369452|CDS|CYA_0350	99.769	867	2	0	1	867	1	867	0.0	1555
Ga0374824_03_14903_15769	CP000240.1:2193346-2194222|CDS|CYB_2099	84.552	848	125	1	1	842	1	848	0.0	940
Ga0374824_03_15889_18048	CP000239.1:366345-368466|CDS|CYA_0349	99.906	2121	2	0	40	2160	1	2121	0.0	3817
Ga0374824_03_15889_18048	CP000240.1:2194341-2196501|CDS|CYB_2100	84.702	2131	314	3	18	2142	18	2142	0.0	2371
Ga0374824_03_18060_18917	CP000239.1:365437-366295|CDS|CYA_0348	100.000	858	0	0	1	858	1	858	0.0	1548
Ga0374824_03_18060_18917	CP000240.1:2196512-2197373|CDS|CYB_2101	86.792	795	105	0	64	858	67	861	0.0	961
Ga0374824_03_20044_20637	CP000239.1:732513-733107|CDS|CYA_0727	98.316	594	10	0	1	594	1	594	0.0	1027
Ga0374824_03_20044_20637	CP000239.1:819297-819891|CDS|CYA_0808	97.811	594	13	0	1	594	1	594	0.0	1013
Ga0374824_03_20044_20637	CP000239.1:1446255-1446849|CDS|CYA_1439	97.475	594	15	0	1	594	1	594	0.0	1004
Ga0374824_03_20044_20637	CP000239.1:2402867-2403461|CDS|CYA_2392	97.306	594	16	0	1	594	1	594	0.0	1000
Ga0374824_03_20044_20637	CP000239.1:2259861-2260479|CDS|CYA_2250	94.984	618	7	1	1	594	1	618	0.0	993
Ga0374824_03_20044_20637	CP000239.1:2434480-2435074|CDS|CYA_2425	96.970	594	18	0	1	594	1	594	0.0	991
Ga0374824_03_20044_20637	CP000239.1:411427-412021|CDS|CYA_0397	96.970	594	18	0	1	594	1	594	0.0	991
Ga0374824_03_20044_20637	CP000239.1:606571-607189|CDS|CYA_0595	94.660	618	9	1	1	594	1	618	0.0	984
Ga0374824_03_20044_20637	CP000239.1:363923-364541|CDS|CYA_0346	94.660	618	9	1	1	594	1	618	0.0	984
Ga0374824_03_20044_20637	CP000239.1:1898603-1899197|CDS|CYA_1891	96.633	594	20	0	1	594	1	594	0.0	982
Ga0374824_03_20044_20637	CP000239.1:1778901-1779495|CDS|CYA_1772	96.465	594	21	0	1	594	1	594	0.0	977
Ga0374824_03_20044_20637	CP000239.1:2709545-2710163|CDS|CYA_2694	94.337	618	11	1	1	594	1	618	0.0	975
Ga0374824_03_20044_20637	CP000239.1:1644319-1644937|CDS|CYA_1645	94.337	618	11	1	1	594	1	618	0.0	975
Ga0374824_03_20044_20637	CP000239.1:2698805-2699423|CDS|CYA_2684	94.013	618	13	1	1	594	1	618	0.0	966
Ga0374824_03_20044_20637	CP000239.1:2018987-2019605|CDS|CYA_2002	94.013	618	13	1	1	594	1	618	0.0	966
Ga0374824_03_20044_20637	CP000239.1:1948621-1949239|CDS|CYA_1937	94.013	618	13	1	1	594	1	618	0.0	966
Ga0374824_03_20044_20637	CP000239.1:1384976-1385594|CDS|CYA_1374	94.013	618	13	1	1	594	1	618	0.0	966
Ga0374824_03_20044_20637	CP000239.1:1479753-1480371|CDS|CYA_1472	93.851	618	14	1	1	594	1	618	0.0	961
Ga0374824_03_20044_20637	CP000240.1:31634-32228|CDS|CYB_0025	95.623	594	26	0	1	594	1	594	0.0	955
Ga0374824_03_20044_20637	CP000239.1:2450192-2450786|CDS|CYA_2439	95.455	594	27	0	1	594	1	594	0.0	950
Ga0374824_03_20044_20637	CP000240.1:22428-23022|CDS|CYB_0019	94.949	594	30	0	1	594	1	594	0.0	937
Ga0374824_03_20044_20637	CP000239.1:2598423-2599041|CDS|CYA_2572	92.718	618	21	1	1	594	1	618	0.0	930
Ga0374824_03_20999_21772	CP000239.1:1644791-1646072|CDS|CYA_1646	99.096	774	7	0	1	774	508	1281	0.0	1365
Ga0374824_03_20999_21772	CP000239.1:1478618-1479899|CDS|CYA_1471	99.096	774	7	0	1	774	508	1281	0.0	1365
Ga0374824_03_20999_21772	CP000239.1:2433345-2434626|CDS|CYA_2424	98.837	774	9	0	1	774	508	1281	0.0	1356
Ga0374824_03_20999_21772	CP000239.1:1385448-1386729|CDS|CYA_1375	98.579	774	11	0	1	774	508	1281	0.0	1347
Ga0374824_03_20999_21772	CP000239.1:410292-411573|CDS|CYA_0395	98.579	774	11	0	1	774	508	1281	0.0	1347
Ga0374824_03_20999_21772	CP000239.1:1949093-1950374|CDS|CYA_1938	98.450	774	12	0	1	774	508	1281	0.0	1342
Ga0374824_03_20999_21772	CP000239.1:1897468-1898749|CDS|CYA_1890	98.450	774	12	0	1	774	508	1281	0.0	1342
Ga0374824_03_20999_21772	CP000239.1:731378-732659|CDS|CYA_0726	98.320	774	13	0	1	774	508	1281	0.0	1338
Ga0374824_03_20999_21772	CP000239.1:2403315-2404596|CDS|CYA_2393	98.191	774	14	0	1	774	508	1281	0.0	1333
Ga0374824_03_20999_21772	CP000239.1:2017852-2019133|CDS|CYA_2001	98.191	774	14	0	1	774	508	1281	0.0	1333
Ga0374824_03_20999_21772	CP000239.1:2598895-2600176|CDS|CYA_2573	97.933	774	16	0	1	774	508	1281	0.0	1324
Ga0374824_03_20999_21772	CP000239.1:2450640-2451921|CDS|CYA_2440	97.804	774	17	0	1	774	508	1281	0.0	1320
Ga0374824_03_20999_21772	CP000239.1:2258726-2260007|CDS|CYA_2249	97.674	774	18	0	1	774	508	1281	0.0	1315
Ga0374824_03_20999_21772	CP000239.1:2710017-2711283|CDS|CYA_2695	98.287	759	13	0	1	759	508	1266	0.0	1311
Ga0374824_03_20999_21772	CP000239.1:2699277-2700558|CDS|CYA_2685	97.545	774	19	0	1	774	508	1281	0.0	1311
Ga0374824_03_20999_21772	CP000239.1:1779349-1780630|CDS|CYA_1773	97.545	774	19	0	1	774	508	1281	0.0	1311
Ga0374824_03_20999_21772	CP000239.1:362788-364069|CDS|CYA_0345	97.287	774	21	0	1	774	508	1281	0.0	1302
Ga0374824_03_20999_21772	CP000240.1:21293-22574|CDS|CYB_0018	95.478	774	35	0	1	774	508	1281	0.0	1239
Ga0374824_03_20999_21772	CP000239.1:818225-819443|CDS|CYA_0807	97.734	662	15	0	1	662	508	1169	0.0	1127
Ga0374824_03_20999_21772	CP000240.1:32082-33315|CDS|CYB_0026	91.085	774	21	1	1	774	508	1233	0.0	1124
Ga0374824_03_20999_21772	CP000239.1:607043-608261|CDS|CYA_0596	97.583	662	16	0	1	662	508	1169	0.0	1122
Ga0374824_03_20999_21772	CP000239.1:1445168-1446401|CDS|CYA_1438	95.921	662	27	0	1	662	508	1169	0.0	1073
Ga0374824_03_20999_21772	CP000240.1:1256770-1257394|CDS|CYB_1210	89.247	651	22	1	124	774	22	624	0.0	898
Ga0374824_04_71_1387	CP000239.1:2393476-2394877|CDS|CYA_2385	99.848	1317	2	0	1	1317	85	1401	0.0	2367
Ga0374824_04_71_1387	CP000240.1:1052453-1053854|CDS|CYB_1013	89.210	1316	142	0	1	1316	85	1400	0.0	1734
Ga0374824_04_1384_1620	CP000239.1:2394873-2395110|CDS|CYA_2384	100.000	237	0	0	1	237	1	237	9.52e-121	428
Ga0374824_04_1384_1620	CP000240.1:1052214-1052457|CDS|CYB_1014	82.716	243	36	1	1	237	1	243	5.28e-67	251
Ga0374824_04_1696_2931	CP000239.1:2395185-2396496|CDS|CYA_2386	99.919	1236	1	0	1	1236	76	1311	0.0	2225
Ga0374824_04_1696_2931	CP000240.1:1050865-1052176|CDS|CYB_1012	88.898	1234	137	0	1	1234	76	1309	0.0	1608
Ga0374824_04_3074_4216	CP000239.1:2396574-2397813|CDS|CYA_2387	100.000	1143	0	0	1	1143	97	1239	0.0	2062
Ga0374824_04_3074_4216	CP000240.1:133904-135134|CDS|CYB_0121	87.779	1121	137	0	1	1121	97	1217	0.0	1405
Ga0374824_04_5038_5553	CP000239.1:2398538-2399060|CDS|CYA_2388	100.000	516	0	0	1	516	7	522	0.0	931
Ga0374824_04_5038_5553	CP000240.1:132487-133003|CDS|CYB_0119	84.325	504	79	0	1	504	1	504	7.62e-158	554
Ga0374824_04_5619_6449	CP000239.1:2399146-2399950|CDS|CYA_2390	99.627	804	3	0	28	831	1	804	0.0	1437
Ga0374824_04_5619_6449	CP000240.1:131640-132396|CDS|CYB_0118	86.183	731	101	0	28	758	1	731	0.0	864
Ga0374824_04_6407_6763	CP000239.1:2399907-2400264|CDS|CYA_2389	99.160	357	3	0	1	357	1	357	0.0	631
Ga0374824_04_6407_6763	CP000240.1:131258-131615|CDS|CYB_0117	89.076	357	39	0	1	357	1	357	1.69e-132	469
Ga0374824_04_7136_9286	CP000239.1:2400636-2402787|CDS|CYA_2391	99.861	2151	3	0	1	2151	1	2151	0.0	3866
Ga0374824_04_7136_9286	CP000240.1:128765-130922|CDS|CYB_0115	86.463	2157	286	1	1	2151	1	2157	0.0	2575
Ga0374824_04_9779_10558	CP000239.1:2405089-2405869|CDS|CYA_2394	99.744	780	2	0	1	780	1	780	0.0	1398
Ga0374824_04_9779_10558	CP000240.1:2776913-2777723|CDS|CYB_2689	81.371	671	125	0	1	671	1	671	0.0	647
Ga0374824_04_10656_11732	CP000239.1:2405867-2407043|CDS|CYA_2395	99.907	1077	1	0	1	1077	100	1176	0.0	1939
Ga0374824_04_10656_11732	CP000240.1:2777872-2779012|CDS|CYB_2691	84.076	1055	168	0	1	1055	82	1136	0.0	1146
Ga0374824_04_11993_13453	CP000239.1:2407303-2408917|CDS|CYA_2396	99.932	1461	1	0	1	1461	154	1614	0.0	2631
Ga0374824_04_11993_13453	CP000240.1:2779283-2780882|CDS|CYB_2692	83.813	1458	234	2	1	1457	139	1595	0.0	1559
Ga0374824_04_13979_14674	CP000239.1:2409289-2409985|CDS|CYA_2399	100.000	696	0	0	1	696	1	696	0.0	1256
Ga0374824_04_13979_14674	CP000240.1:2781227-2781923|CDS|CYB_2694	87.356	696	88	0	1	696	1	696	0.0	859
Ga0374824_04_15044_16900	CP000239.1:2410354-2412211|CDS|CYA_2401	99.946	1857	1	0	1	1857	1	1857	0.0	3345
Ga0374824_04_15044_16900	CP000240.1:846924-848778|CDS|CYB_0818	86.577	1855	247	2	4	1857	1	1854	0.0	2216
Ga0374824_04_16900_17121	CP000239.1:2412210-2412432|CDS|CYA_2402	100.000	222	0	0	1	222	1	222	1.23e-112	401
Ga0374824_04_16900_17121	CP000240.1:846703-846928|CDS|CYB_0817	89.640	222	23	0	1	222	4	225	3.77e-81	297
Ga0374824_04_17223_17582	CP000239.1:2412533-2412893|CDS|CYA_2403	100.000	360	0	0	1	360	1	360	0.0	650
Ga0374824_04_17223_17582	CP000240.1:2304687-2305047|CDS|CYB_2197	83.287	359	58	2	1	358	1	358	3.52e-103	370
Ga0374824_04_18060_19172	CP000240.1:2305534-2306647|CDS|CYB_2199	91.465	1113	95	0	1	1113	1	1113	0.0	1580
Ga0374824_04_19334_19678	CP000239.1:2414645-2415662|CDS|CYA_2405	100.000	345	0	0	1	345	673	1017	3.36e-179	623
Ga0374824_04_19334_19678	CP000240.1:2307178-2308195|CDS|CYB_2200	86.667	345	46	0	1	345	673	1017	9.04e-117	416
Ga0374824_05_60_938	CP000239.1:1902122-1903463|CDS|CYA_1894	99.886	879	1	0	1	879	463	1341	0.0	1581
Ga0374824_05_60_938	CP000240.1:1905647-1906973|CDS|CYB_1819	86.530	876	103	1	3	878	465	1325	0.0	1058
Ga0374824_05_1089_2867	CP000239.1:1900193-1901972|CDS|CYA_1893	99.888	1779	2	0	1	1779	1	1779	0.0	3200
Ga0374824_05_1089_2867	CP000240.1:262490-264302|CDS|CYB_0248	86.316	1732	202	3	27	1733	27	1748	0.0	2074
Ga0374824_05_3015_3770	CP000239.1:1899290-1900046|CDS|CYA_1892	100.000	756	0	0	1	756	1	756	0.0	1364
Ga0374824_05_3015_3770	CP000240.1:264505-265258|CDS|CYB_0249	90.457	744	71	0	1	744	1	744	0.0	1022
Ga0374824_05_3835_4617	CP000239.1:1896633-1897416|CDS|CYA_1889	100.000	783	0	0	1	783	1	783	0.0	1413
Ga0374824_05_3835_4617	CP000240.1:267543-268326|CDS|CYB_0252	81.961	765	138	0	10	774	10	774	0.0	758
Ga0374824_05_4664_5137	CP000239.1:1896113-1896587|CDS|CYA_1888	100.000	474	0	0	1	474	1	474	0.0	856
Ga0374824_05_4664_5137	CP000240.1:268364-268817|CDS|CYB_0253	83.812	383	62	0	92	474	71	453	1.54e-115	412
Ga0374824_05_5642_9769	CP000239.1:1891481-1895570|CDS|CYA_1886	99.804	4089	8	0	40	4128	1	4089	0.0	7339
Ga0374824_05_5642_9769	CP000240.1:270932-275033|CDS|CYB_0259	75.280	4110	945	17	40	4112	1	4076	0.0	2819
Ga0374824_05_9793_10854	CP000239.1:1890396-1891458|CDS|CYA_1885	99.906	1062	1	0	1	1062	1	1062	0.0	1911
Ga0374824_05_9793_10854	CP000240.1:275060-276122|CDS|CYB_0260	85.052	1057	158	0	1	1057	1	1057	0.0	1195
Ga0374824_05_11061_11552	CP000239.1:1889698-1890190|CDS|CYA_1883	99.797	492	1	0	1	492	1	492	0.0	884
Ga0374824_05_11061_11552	CP000240.1:1602949-1603453|CDS|CYB_1523	80.785	484	87	4	1	479	1	483	3.30e-124	442
Ga0374824_05_11571_13244	CP000239.1:1888006-1889680|CDS|CYA_1882	100.000	1674	0	0	1	1674	1	1674	0.0	3020
Ga0374824_05_11571_13244	CP000240.1:1601050-1602712|CDS|CYB_1522	79.429	1682	310	5	1	1670	1	1658	0.0	1484
Ga0374824_05_13531_16182	CP000239.1:1885068-1887720|CDS|CYA_1881	99.623	2652	10	0	1	2652	1	2652	0.0	4738
Ga0374824_05_13531_16182	CP000240.1:1598111-1600766|CDS|CYB_1521	84.525	2643	397	2	1	2631	1	2643	0.0	2925
Ga0374824_06_237_1172	CP000239.1:1766700-1767636|CDS|CYA_1762	100.000	936	0	0	1	936	1	936	0.0	1689
Ga0374824_06_237_1172	CP000240.1:1248993-1249929|CDS|CYB_1206	84.418	937	144	2	1	936	1	936	0.0	1025
Ga0374824_06_1575_1934	CP000239.1:1765921-1766704|CDS|CYA_1761	95.833	360	15	0	1	360	424	783	1.07e-166	582
Ga0374824_06_1575_1934	CP000240.1:1248214-1248994|CDS|CYB_1205	86.351	359	49	0	2	360	422	780	5.21e-120	427
Ga0374824_06_1942_2469	CP000239.1:1765416-1765914|CDS|CYA_1760	100.000	471	0	0	58	528	28	498	0.0	850
Ga0374824_06_1942_2469	CP000240.1:1247662-1248196|CDS|CYB_1204	81.121	535	89	4	1	526	1	532	1.24e-142	503
Ga0374824_06_2678_2953	CP000239.1:1764599-1764986|CDS|CYA_1759	100.000	276	0	0	1	276	112	387	7.58e-142	499
Ga0374824_06_2678_2953	CP000240.1:1247140-1247623|CDS|CYB_1203	86.496	274	37	0	1	274	208	481	2.83e-90	328
Ga0374824_06_2963_3484	CP000239.1:1764134-1764590|CDS|CYA_1758	100.000	456	0	0	67	522	1	456	0.0	823
Ga0374824_06_2963_3484	CP000240.1:1244277-1244703|CDS|CYB_1200	85.308	422	62	0	68	489	2	423	1.15e-136	482
Ga0374824_06_3908_4519	CP000239.1:88305-89487|CDS|CYA_0091	80.616	552	107	0	20	571	389	940	7.99e-146	514
Ga0374824_06_3908_4519	CP000240.1:1316312-1317548|CDS|CYB_1259	79.423	520	107	0	38	557	407	926	1.88e-128	456
Ga0374824_06_3908_4519	CP000240.1:102811-104029|CDS|CYB_0087	78.598	542	116	0	1	542	394	935	1.88e-128	455
Ga0374824_06_3908_4519	CP000240.1:1190675-1191869|CDS|CYB_1151	78.453	543	117	0	1	543	370	912	2.29e-127	453
Ga0374824_06_3908_4519	CP000240.1:2644164-2645358|CDS|CYB_2538	78.269	543	118	0	1	543	370	912	2.79e-126	448
Ga0374824_06_3908_4519	CP000240.1:1521392-1522610|CDS|CYB_1450	78.269	543	118	0	1	543	394	936	2.79e-126	448
Ga0374824_06_3908_4519	CP000240.1:1358129-1359347|CDS|CYB_1297	78.085	543	119	0	1	543	394	936	1.19e-124	444
Ga0374824_06_3908_4519	CP000240.1:638632-639850|CDS|CYB_0630	78.085	543	119	0	1	543	394	936	1.19e-124	444
Ga0374824_06_3908_4519	CP000240.1:2210858-2212052|CDS|CYB_2117	77.697	547	122	0	11	557	380	926	5.05e-123	437
Ga0374824_06_3908_4519	CP000240.1:1803089-1804283|CDS|CYB_1722	78.049	533	117	0	11	543	380	912	6.15e-122	434
Ga0374824_06_3908_4519	CP000239.1:2170714-2171908|CDS|CYA_2158	77.716	543	121	0	1	543	370	912	6.15e-122	434
Ga0374824_06_3908_4519	CP000239.1:1594889-1596107|CDS|CYA_1585	77.020	557	128	0	1	557	370	926	2.61e-120	428
Ga0374824_06_3908_4519	CP000240.1:3008652-3009870|CDS|CYB_2910	77.348	543	123	0	1	543	394	936	3.18e-119	425
Ga0374824_06_3908_4519	CP000240.1:2247371-2248565|CDS|CYB_2147	77.148	547	125	0	11	557	380	926	1.11e-118	424
Ga0374824_06_3908_4519	CP000239.1:712444-713638|CDS|CYA_0704	76.840	557	129	0	1	557	370	926	1.11e-118	424
Ga0374824_06_3908_4519	CP000240.1:1267756-1268992|CDS|CYB_1227	77.390	544	121	2	1	543	394	936	1.35e-117	420
Ga0374824_06_3908_4519	CP000240.1:629484-630702|CDS|CYB_0620	77.390	544	121	2	1	543	394	936	1.35e-117	420
Ga0374824_06_3908_4519	CP000240.1:2553363-2554557|CDS|CYB_2454	76.357	571	134	1	1	571	371	940	4.73e-117	418
Ga0374824_06_3908_4519	CP000240.1:481588-482800|CDS|CYB_0472	77.206	544	122	2	1	543	370	912	1.65e-116	416
Ga0374824_06_3908_4519	CP000240.1:1064975-1066169|CDS|CYB_1023	76.937	542	125	0	1	542	370	911	5.76e-116	415
Ga0374824_06_3908_4519	CP000240.1:2619921-2621115|CDS|CYB_2521	76.796	543	126	0	1	543	370	912	2.01e-115	412
Ga0374824_06_3908_4519	CP000240.1:2796782-2798000|CDS|CYB_2707	75.309	567	116	1	1	543	370	936	2.45e-114	409
Ga0374824_06_3908_4519	CP000240.1:2506708-2507857|CDS|CYB_2410	77.255	510	90	3	59	543	524	1032	8.54e-114	407
Ga0374824_06_3908_4519	CP000240.1:2168360-2169515|CDS|CYB_2071	76.611	543	127	0	1	543	370	912	8.54e-114	407
Ga0374824_06_3908_4519	CP000240.1:52430-53648|CDS|CYB_0041	74.871	581	122	1	1	557	370	950	8.54e-114	407
Ga0374824_06_3908_4519	CP000240.1:241642-242836|CDS|CYB_0233	76.838	544	124	2	1	543	370	912	8.54e-114	407
Ga0374824_06_3908_4519	CP000239.1:893439-894633|CDS|CYA_0887	76.344	558	130	2	1	557	370	926	2.98e-113	405
Ga0374824_06_3908_4519	CP000239.1:774779-775973|CDS|CYA_0767	76.427	543	128	0	1	543	370	912	1.04e-112	403
Ga0374824_06_3908_4519	CP000240.1:1244785-1246021|CDS|CYB_1201	76.654	544	125	2	1	543	394	936	3.63e-112	402
Ga0374824_06_3908_4519	CP000239.1:994256-995468|CDS|CYA_0981	75.986	558	132	2	1	557	370	926	1.54e-110	396
Ga0374824_06_3908_4519	CP000240.1:1384265-1385459|CDS|CYB_1322	76.243	543	127	2	1	542	370	911	6.57e-109	391
Ga0374824_06_3908_4519	CP000240.1:2830275-2831565|CDS|CYB_2735	74.427	567	121	1	1	543	394	960	8.00e-108	387
Ga0374824_06_3908_4519	CP000240.1:2933473-2934709|CDS|CYB_2835	75.780	545	128	2	1	543	394	936	9.75e-107	383
Ga0374824_06_3908_4519	CP000240.1:1015074-1016268|CDS|CYB_0979	76.583	521	120	2	38	557	407	926	9.75e-107	383
Ga0374824_06_3908_4519	CP000240.1:1954838-1956056|CDS|CYB_1872	74.250	567	122	1	1	543	370	936	3.40e-106	382
Ga0374824_06_3908_4519	CP000239.1:629980-631174|CDS|CYA_0620	75.735	544	130	2	1	543	370	912	1.19e-105	379
Ga0374824_06_3908_4519	CP000240.1:1083184-1084426|CDS|CYB_1042	74.074	567	123	1	1	543	394	960	4.15e-105	378
Ga0374824_06_3908_4519	CP000240.1:2565689-2566883|CDS|CYB_2468	74.954	543	134	2	1	542	370	911	1.11e-99	360
Ga0374824_06_3908_4519	CP000240.1:605550-606744|CDS|CYB_0598	75.984	508	120	2	36	542	405	911	1.11e-99	360
Ga0374824_06_3908_4519	CP000240.1:2661652-2662870|CDS|CYB_2557	73.239	568	126	3	1	543	370	936	2.01e-96	350
Ga0374824_06_3908_4519	CP000239.1:698055-699204|CDS|CYA_0690	73.239	568	126	3	1	543	370	936	2.01e-96	350
Ga0374824_06_3908_4519	CP000240.1:1842322-1843549|CDS|CYB_1759	73.260	546	118	3	38	557	407	950	3.64e-93	339
Ga0374824_06_3908_4519	CP000240.1:345730-346924|CDS|CYB_0329	75.099	506	124	2	38	542	407	911	3.64e-93	338
Ga0374824_06_3908_4519	CP000240.1:2128026-2129220|CDS|CYB_2026	71.731	566	160	0	1	566	370	935	9.14e-82	300
Ga0374824_06_3908_4519	CP000240.1:2219258-2220470|CDS|CYB_2126	71.201	566	163	0	1	566	370	935	2.01e-77	287
Ga0374824_06_3908_4519	CP000240.1:1917270-1918464|CDS|CYB_1826	71.223	556	160	0	11	566	380	935	2.45e-76	282
Ga0374824_06_3908_4519	CP000239.1:693322-694534|CDS|CYA_0687	70.826	569	166	0	1	569	370	938	2.99e-75	279
Ga0374824_06_3908_4519	CP000240.1:1763450-1764623|CDS|CYB_1688	70.599	568	163	2	1	566	370	935	1.89e-71	267
Ga0374824_06_4533_4904	CP000239.1:88305-89487|CDS|CYA_0091	81.793	357	64	1	16	372	1	356	4.15e-96	348
Ga0374824_06_4533_4904	CP000240.1:1316312-1317548|CDS|CYB_1259	81.513	357	65	1	16	372	1	356	5.06e-95	343
Ga0374824_06_4533_4904	CP000240.1:1842322-1843549|CDS|CYB_1759	81.461	356	65	1	16	371	1	355	1.77e-94	342
Ga0374824_06_4533_4904	CP000239.1:698055-699204|CDS|CYA_0690	80.899	356	67	1	16	371	1	355	9.15e-92	333
Ga0374824_06_4533_4904	CP000239.1:893439-894633|CDS|CYA_0887	80.672	357	68	1	16	372	1	356	1.11e-90	330
Ga0374824_06_4533_4904	CP000240.1:605550-606744|CDS|CYB_0598	80.392	357	69	1	16	372	1	356	1.36e-89	325
Ga0374824_06_4533_4904	CP000240.1:2619921-2621115|CDS|CYB_2521	80.112	357	70	1	16	372	1	356	5.77e-88	321
Ga0374824_06_4533_4904	CP000240.1:2661652-2662870|CDS|CYB_2557	79.552	357	72	1	16	372	1	356	2.99e-85	312
Ga0374824_06_4533_4904	CP000239.1:774779-775973|CDS|CYA_0767	79.272	357	73	1	16	372	1	356	3.64e-84	307
Ga0374824_06_4533_4904	CP000240.1:2565689-2566883|CDS|CYB_2468	78.992	357	74	1	16	372	1	356	1.55e-82	303
Ga0374824_06_4533_4904	CP000240.1:2247371-2248565|CDS|CYB_2147	78.992	357	74	1	16	372	1	356	1.55e-82	303
Ga0374824_06_4533_4904	CP000240.1:345730-346924|CDS|CYB_0329	78.933	356	74	1	16	371	1	355	5.41e-82	301
Ga0374824_06_4533_4904	CP000239.1:1594889-1596107|CDS|CYA_1585	78.933	356	74	1	16	371	1	355	5.41e-82	301
Ga0374824_06_4533_4904	CP000240.1:1384265-1385459|CDS|CYB_1322	78.711	357	75	1	16	372	1	356	1.89e-81	298
Ga0374824_06_4533_4904	CP000239.1:629980-631174|CDS|CYA_0620	78.431	357	76	1	16	372	1	356	8.03e-80	294
Ga0374824_06_4533_4904	CP000240.1:1803089-1804283|CDS|CYB_1722	78.151	357	77	1	16	372	1	356	9.78e-79	289
Ga0374824_06_4533_4904	CP000240.1:481588-482800|CDS|CYB_0472	78.151	357	77	1	16	372	1	356	9.78e-79	289
Ga0374824_06_4533_4904	CP000240.1:2933473-2934709|CDS|CYB_2835	75.853	381	67	2	16	372	1	380	1.19e-77	287
Ga0374824_06_4533_4904	CP000240.1:2796782-2798000|CDS|CYB_2707	77.871	357	78	1	16	372	1	356	4.16e-77	285
Ga0374824_06_4533_4904	CP000240.1:2553363-2554557|CDS|CYB_2454	77.871	357	78	1	16	372	1	356	4.16e-77	285
Ga0374824_06_4533_4904	CP000240.1:2168360-2169515|CDS|CYB_2071	77.871	357	78	1	16	372	1	356	4.16e-77	285
Ga0374824_06_4533_4904	CP000240.1:1954838-1956056|CDS|CYB_1872	77.871	357	78	1	16	372	1	356	4.16e-77	285
Ga0374824_06_4533_4904	CP000240.1:241642-242836|CDS|CYB_0233	77.871	357	78	1	16	372	1	356	4.16e-77	285
Ga0374824_06_4533_4904	CP000239.1:2170714-2171908|CDS|CYA_2158	77.871	357	78	1	16	372	1	356	4.16e-77	285
Ga0374824_06_4533_4904	CP000239.1:994256-995468|CDS|CYA_0981	77.871	357	78	1	16	372	1	356	4.16e-77	285
Ga0374824_06_4533_4904	CP000239.1:712444-713638|CDS|CYA_0704	77.871	357	78	1	16	372	1	356	4.16e-77	285
Ga0374824_06_4533_4904	CP000240.1:2644164-2645358|CDS|CYB_2538	77.591	357	79	1	16	372	1	356	5.07e-76	280
Ga0374824_06_4533_4904	CP000240.1:1244785-1246021|CDS|CYB_1201	75.328	381	69	2	16	372	1	380	6.17e-75	278
Ga0374824_06_4533_4904	CP000240.1:52430-53648|CDS|CYB_0041	77.311	357	80	1	16	372	1	356	2.15e-74	276
Ga0374824_06_4533_4904	CP000240.1:2210858-2212052|CDS|CYB_2117	77.401	354	79	1	16	369	1	353	2.15e-74	275
Ga0374824_06_4533_4904	CP000240.1:1267756-1268992|CDS|CYB_1227	75.066	381	70	2	16	372	1	380	7.52e-74	273
Ga0374824_06_4533_4904	CP000240.1:2219258-2220470|CDS|CYB_2126	77.031	357	81	1	16	372	1	356	2.62e-73	271
Ga0374824_06_4533_4904	CP000240.1:1190675-1191869|CDS|CYB_1151	77.031	357	81	1	16	372	1	356	2.62e-73	271
Ga0374824_06_4533_4904	CP000240.1:1064975-1066169|CDS|CYB_1023	76.471	357	83	1	16	372	1	356	1.36e-70	262
Ga0374824_06_4533_4904	CP000240.1:1015074-1016268|CDS|CYB_0979	76.471	357	83	1	16	372	1	356	1.36e-70	262
Ga0374824_06_4533_4904	CP000240.1:629484-630702|CDS|CYB_0620	74.278	381	73	2	16	372	1	380	1.66e-69	260
Ga0374824_06_4533_4904	CP000240.1:1917270-1918464|CDS|CYB_1826	76.190	357	84	1	16	372	1	356	5.78e-69	258
Ga0374824_06_4533_4904	CP000239.1:693322-694534|CDS|CYA_0687	76.190	357	84	1	16	372	1	356	5.78e-69	258
Ga0374824_06_4533_4904	CP000240.1:2128026-2129220|CDS|CYB_2026	75.910	357	85	1	16	372	1	356	7.04e-68	253
Ga0374824_06_4533_4904	CP000240.1:1763450-1764623|CDS|CYB_1688	75.630	357	86	1	16	372	1	356	2.99e-66	249
Ga0374824_06_4533_4904	CP000240.1:1521392-1522610|CDS|CYB_1450	73.491	381	76	2	16	372	1	380	1.05e-65	246
Ga0374824_06_4533_4904	CP000240.1:638632-639850|CDS|CYB_0630	73.491	381	76	2	16	372	1	380	1.05e-65	246
Ga0374824_06_4533_4904	CP000240.1:2830275-2831565|CDS|CYB_2735	73.228	381	77	2	16	372	1	380	4.44e-64	242
Ga0374824_06_4533_4904	CP000240.1:1358129-1359347|CDS|CYB_1297	72.703	381	79	2	16	372	1	380	2.30e-61	233
Ga0374824_06_4533_4904	CP000240.1:1083184-1084426|CDS|CYB_1042	72.703	381	79	2	16	372	1	380	2.30e-61	233
Ga0374824_06_4533_4904	CP000240.1:3008652-3009870|CDS|CYB_2910	72.178	381	81	2	16	372	1	380	1.19e-58	224
Ga0374824_06_4533_4904	CP000240.1:102811-104029|CDS|CYB_0087	71.916	381	82	2	16	372	1	380	1.45e-57	219
Ga0374824_06_4533_4904	CP000240.1:2506708-2507857|CDS|CYB_2410	66.047	430	71	5	16	372	1	428	9.80e-41	163
Ga0374824_06_5020_5397	CP000239.1:1762155-1762494|CDS|CYA_1756	100.000	339	0	0	40	378	1	339	6.67e-176	612
Ga0374824_06_5020_5397	CP000240.1:218004-218367|CDS|CYB_0207	86.129	310	43	0	59	368	20	329	1.57e-101	366
Ga0374824_06_5390_6880	CP000239.1:1760672-1762163|CDS|CYA_1755	99.933	1491	1	0	1	1491	1	1491	0.0	2685
Ga0374824_06_5390_6880	CP000240.1:218359-219832|CDS|CYB_0208	82.409	1478	252	3	15	1491	3	1473	0.0	1488
Ga0374824_06_6864_7268	CP000239.1:1760284-1760671|CDS|CYA_1754	100.000	387	0	0	19	405	1	387	0.0	699
Ga0374824_06_6864_7268	CP000240.1:219833-220220|CDS|CYB_0209	85.146	377	56	0	29	405	11	387	1.69e-120	428
Ga0374824_06_7265_7516	CP000239.1:1760036-1760288|CDS|CYA_1753	100.000	252	0	0	1	252	1	252	7.33e-129	455
Ga0374824_06_7265_7516	CP000240.1:220216-220468|CDS|CYB_0210	86.853	251	33	0	1	251	1	251	2.92e-83	305
Ga0374824_06_7528_7809	CP000239.1:1759743-1760025|CDS|CYA_1752	100.000	282	0	0	1	282	1	282	4.29e-145	509
Ga0374824_06_7528_7809	CP000240.1:220487-220769|CDS|CYB_0211	90.071	282	28	0	1	282	1	282	4.30e-107	383
Ga0374824_06_7819_8340	CP000239.1:1759212-1759734|CDS|CYA_1751	100.000	522	0	0	1	522	1	522	0.0	942
Ga0374824_06_7819_8340	CP000240.1:220778-221300|CDS|CYB_0212	85.069	509	76	0	1	509	1	509	6.76e-165	576
Ga0374824_06_8337_8996	CP000239.1:1758556-1759216|CDS|CYA_1750	100.000	660	0	0	1	660	1	660	0.0	1191
Ga0374824_06_8337_8996	CP000240.1:221296-221977|CDS|CYB_0214	83.407	681	92	3	1	660	1	681	0.0	725
Ga0374824_06_9406_12630	CP000239.1:1754922-1758147|CDS|CYA_1749	95.039	3225	160	0	1	3225	1	3225	0.0	5095
Ga0374824_06_9406_12630	CP000240.1:222908-226157|CDS|CYB_0215	87.016	3204	416	0	1	3204	1	3204	0.0	3903
Ga0374824_06_12954_14012	CP000239.1:1753540-1754599|CDS|CYA_1748	90.566	1060	98	2	1	1059	1	1059	0.0	1454
Ga0374824_06_12954_14012	CP000240.1:226513-227569|CDS|CYB_0216	85.578	1047	149	2	1	1046	1	1046	0.0	1201
Ga0374824_06_12954_14012	CP000239.1:1850153-1851218|CDS|CYA_1849	72.188	978	267	4	58	1034	49	1022	7.76e-149	525
Ga0374824_06_12954_14012	CP000239.1:1814549-1815614|CDS|CYA_1811	72.086	978	268	4	58	1034	49	1022	9.45e-148	520
Ga0374824_06_12954_14012	CP000239.1:1288197-1289262|CDS|CYA_1274	71.984	978	269	4	58	1034	49	1022	4.02e-146	516
Ga0374824_06_12954_14012	CP000240.1:384572-385637|CDS|CYB_0371	72.053	984	258	8	58	1034	49	1022	4.02e-146	515
Ga0374824_06_12954_14012	CP000240.1:443946-445011|CDS|CYB_0433	71.951	984	259	8	58	1034	49	1022	1.71e-144	510
Ga0374824_06_14009_15763	CP000239.1:1751515-1753342|CDS|CYA_1747	89.286	1736	186	0	1	1736	70	1805	0.0	2293
Ga0374824_06_14009_15763	CP000240.1:227575-229426|CDS|CYB_0217	83.873	1792	242	7	1	1755	70	1851	0.0	1940
Ga0374824_07_10_765	CP000239.1:2769532-2771449|CDS|CYA_2751	99.868	756	1	0	1	756	1162	1917	0.0	1360
Ga0374824_07_10_765	CP000240.1:639991-641908|CDS|CYB_0631	87.815	755	92	0	2	756	1163	1917	0.0	948
Ga0374824_07_945_3146	CP000239.1:2771628-2773785|CDS|CYA_2752	99.907	2157	2	0	46	2202	1	2157	0.0	3882
Ga0374824_07_945_3146	CP000240.1:642011-644168|CDS|CYB_0632	87.191	2147	275	0	46	2192	1	2147	0.0	2633
Ga0374824_07_945_3146	CP000239.1:2141367-2143968|CDS|CYA_2127	62.772	1703	585	28	343	2019	331	2010	3.61e-30	132
Ga0374824_07_945_3146	CP000240.1:2772842-2775443|CDS|CYB_2688	62.420	1711	578	28	343	2019	331	2010	6.53e-27	120
Ga0374824_07_3557_4660	CP000239.1:2774240-2775344|CDS|CYA_2753	99.909	1104	1	0	1	1104	1	1104	0.0	1987
Ga0374824_07_3557_4660	CP000240.1:644666-645770|CDS|CYB_0633	85.779	1104	155	2	1	1103	1	1103	0.0	1277
Ga0374824_07_5054_5503	CP000239.1:2775737-2776262|CDS|CYA_2754	100.000	450	0	0	1	450	76	525	0.0	812
Ga0374824_07_5054_5503	CP000240.1:646124-646640|CDS|CYB_0635	90.950	442	39	1	1	441	58	499	2.30e-176	614
Ga0374824_07_5973_6998	CP000239.1:2776449-2777682|CDS|CYA_2755	94.250	1026	59	0	1	1026	208	1233	0.0	1585
Ga0374824_07_5973_6998	CP000240.1:646850-648092|CDS|CYB_0636	84.646	1016	156	0	1	1016	217	1232	0.0	1130
Ga0374824_07_5973_6998	CP000239.1:2244161-2245424|CDS|CYA_2229	70.757	872	241	6	13	874	238	1105	4.16e-114	409
Ga0374824_07_5973_6998	CP000240.1:584582-585827|CDS|CYB_0578	67.014	961	291	13	13	957	220	1170	2.63e-72	269
Ga0374824_07_7317_8900	CP000239.1:2778000-2779584|CDS|CYA_2756	99.306	1584	11	0	1	1584	1	1584	0.0	2808
Ga0374824_07_7317_8900	CP000240.1:648159-649764|CDS|CYB_0637	84.365	1599	227	7	1	1577	1	1598	0.0	1746
Ga0374824_07_8968_9330	CP000239.1:2779651-2780014|CDS|CYA_2757	99.725	363	1	0	1	363	1	363	0.0	651
Ga0374824_07_10347_11648	CP000239.1:2781030-2782305|CDS|CYA_2758	99.843	1275	2	0	28	1302	1	1275	0.0	2291
Ga0374824_07_12084_13385	CP000239.1:2782775-2785574|CDS|CYA_2759	98.185	992	18	0	1	992	1	992	0.0	1709
Ga0374824_07_12084_13385	CP000240.1:786056-788822|CDS|CYB_0765	85.398	993	143	2	1	992	1	992	0.0	1131
Ga0374824_09_674_931	CP000239.1:657643-657901|CDS|CYA_0648	99.612	258	1	0	1	258	1	258	1.77e-130	462
Ga0374824_09_674_931	CP000240.1:299089-299347|CDS|CYB_0285	84.647	241	37	0	1	241	1	241	2.16e-72	269
Ga0374824_09_984_1661	CP000239.1:656913-657591|CDS|CYA_0646	99.558	678	3	0	1	678	1	678	0.0	1210
Ga0374824_09_984_1661	CP000240.1:298296-298974|CDS|CYB_0284	86.111	648	90	0	10	657	10	657	0.0	764
Ga0374824_09_1658_2065	CP000239.1:656509-656917|CDS|CYA_0647	99.755	408	1	0	1	408	1	408	0.0	732
Ga0374824_09_1658_2065	CP000240.1:297868-298279|CDS|CYB_0283	86.732	407	51	2	1	404	1	407	2.53e-137	485
Ga0374824_09_2463_2561	CP000239.1:656013-656112|CDS|CYA_0645	100.000	99	0	0	1	99	1	99	2.83e-46	179
Ga0374824_09_2463_2561	CP000240.1:297370-297469|CDS|CYB_0282	89.899	99	10	0	1	99	1	99	1.05e-32	134
Ga0374824_09_2675_4135	CP000239.1:654367-655900|CDS|CYA_0644	99.726	1461	4	0	1	1461	73	1533	0.0	2617
Ga0374824_09_2675_4135	CP000240.1:295731-297264|CDS|CYB_0281	89.726	1460	150	0	1	1460	73	1532	0.0	1957
Ga0374824_09_4570_4872	CP000239.1:653708-654005|CDS|CYA_0643	97.690	303	1	1	1	303	1	297	3.13e-147	517
Ga0374824_09_4570_4872	CP000240.1:295073-295370|CDS|CYB_0280	91.459	281	24	0	1	281	1	281	6.05e-112	399
Ga0374824_09_5413_7248	CP000239.1:651332-653168|CDS|CYA_0640	99.946	1836	1	0	1	1836	1	1836	0.0	3307
Ga0374824_09_5413_7248	CP000240.1:2971939-2973775|CDS|CYB_2875	87.309	1836	233	0	1	1836	1	1836	0.0	2261
Ga0374824_09_7289_8818	CP000239.1:649762-651292|CDS|CYA_0639	99.608	1530	6	0	1	1530	1	1530	0.0	2733
Ga0374824_09_7289_8818	CP000240.1:2973825-2975361|CDS|CYB_2876	86.608	1471	197	0	1	1471	1	1471	0.0	1765
Ga0374824_10_254_724	CP000240.1:286565-287237|CDS|CYB_0271	97.877	471	10	0	1	471	202	672	0.0	805
Ga0374824_10_254_724	CP000239.1:1078416-1079034|CDS|CYA_1062	86.551	461	62	0	4	464	151	611	6.92e-158	553
Ga0374824_10_812_1261	CP000239.1:1079108-1079558|CDS|CYA_1063	98.667	450	6	0	1	450	1	450	0.0	785
Ga0374824_10_812_1261	CP000240.1:286028-286478|CDS|CYB_0270	88.444	450	52	0	1	450	1	450	1.66e-165	578
Ga0374824_10_1524_2897	CP000239.1:1079820-1081194|CDS|CYA_1064	99.272	1374	10	0	1	1374	1	1374	0.0	2434
Ga0374824_10_1524_2897	CP000240.1:283432-284806|CDS|CYB_0268	87.865	1368	164	2	1	1367	1	1367	0.0	1712
Ga0374824_10_2916_4643	CP000239.1:1081212-1082940|CDS|CYA_1065	100.000	1728	0	0	1	1728	1	1728	0.0	3117
Ga0374824_10_2916_4643	CP000240.1:281682-283410|CDS|CYB_0267	88.535	1727	198	0	1	1727	1	1727	0.0	2223
Ga0374824_10_4730_5014	CP000239.1:1083026-1083311|CDS|CYA_1066	100.000	285	0	0	1	285	1	285	1.02e-146	515
Ga0374824_10_4730_5014	CP000240.1:281336-281615|CDS|CYB_0266	84.155	284	39	2	2	285	2	279	9.59e-84	306
Ga0374824_10_5098_5847	CP000239.1:1083394-1084351|CDS|CYA_1067	100.000	750	0	0	1	750	208	957	0.0	1353
Ga0374824_10_5098_5847	CP000240.1:280291-281254|CDS|CYB_0265	81.166	669	102	4	1	663	235	885	0.0	643
Ga0374824_10_6429_7877	CP000239.1:1084725-1086174|CDS|CYA_1068	99.931	1449	1	0	1	1449	1	1449	0.0	2609
Ga0374824_10_6429_7877	CP000240.1:278268-279717|CDS|CYB_0263	82.672	1437	249	0	1	1437	1	1437	0.0	1470
Ga0374824_10_8044_9495	CP000239.1:1086340-1087792|CDS|CYA_1069	99.380	1452	9	0	1	1452	1	1452	0.0	2579
Ga0374824_10_8044_9495	CP000240.1:276638-278102|CDS|CYB_0262	87.216	1455	172	5	1	1442	1	1454	0.0	1776
Ga0374824_10_9505_9960	CP000239.1:1087801-1088257|CDS|CYA_1071	100.000	456	0	0	1	456	1	456	0.0	823
Ga0374824_10_9505_9960	CP000240.1:276170-276629|CDS|CYB_0261	88.235	442	52	0	1	442	1	442	3.70e-161	563
Ga0374824_11_8216_8551	CP000239.1:1612111-1613059|CDS|CYA_1604	98.810	336	4	0	1	336	613	948	6.74e-169	589
Ga0374824_11_8216_8551	CP000239.1:51699-52647|CDS|CYA_0053	98.810	336	4	0	1	336	613	948	6.74e-169	589
Ga0374824_11_8216_8551	CP000239.1:2653692-2654259|CDS|CYA_2637	98.214	336	6	0	1	336	232	567	3.49e-166	580
Ga0374824_11_8216_8551	CP000239.1:1290362-1291310|CDS|CYA_1279	98.214	336	6	0	1	336	613	948	3.49e-166	580
Ga0374824_11_8216_8551	CP000239.1:1152933-1153500|CDS|CYA_1127	98.214	336	6	0	1	336	232	567	3.49e-166	580
Ga0374824_11_8216_8551	CP000239.1:1012514-1013081|CDS|CYA_0998	98.214	336	6	0	1	336	232	567	3.49e-166	580
Ga0374824_11_8216_8551	CP000239.1:2863003-2863513|CDS|CYA_2846	97.917	336	7	0	1	336	175	510	1.48e-164	575
Ga0374824_11_8216_8551	CP000239.1:1368174-1368741|CDS|CYA_1360	97.917	336	7	0	1	336	232	567	1.48e-164	575
Ga0374824_11_8216_8551	CP000239.1:2728909-2729476|CDS|CYA_2710	97.619	336	8	0	1	336	232	567	1.81e-163	571
Ga0374824_11_8216_8551	CP000239.1:1664315-1664882|CDS|CYA_1662	97.619	336	8	0	1	336	232	567	1.81e-163	571
Ga0374824_11_8216_8551	CP000239.1:1300214-1300781|CDS|CYA_1289	97.619	336	8	0	1	336	232	567	1.81e-163	571
Ga0374824_11_8216_8551	CP000239.1:34936-35488|CDS|CYA_0038	94.048	336	5	1	1	336	232	552	6.75e-150	526
Ga0374824_11_8216_8551	CP000239.1:1321049-1321982|CDS|CYA_1311	93.750	336	6	1	1	336	613	933	2.87e-148	521
Ga0374824_11_8216_8551	CP000239.1:2101215-2101767|CDS|CYA_2081	93.155	336	8	1	1	336	232	552	1.49e-145	512
Ga0374824_11_8705_8926	CP000239.1:1367794-1368193|CDS|CYA_1358	100.000	222	0	0	1	222	178	399	1.23e-112	401
Ga0374824_11_8705_8926	CP000239.1:2728529-2728928|CDS|CYA_2709	99.099	222	2	0	1	222	178	399	6.38e-110	392
Ga0374824_11_8705_8926	CP000239.1:2654240-2654639|CDS|CYA_2639	99.099	222	2	0	1	222	178	399	6.38e-110	392
Ga0374824_11_8705_8926	CP000239.1:2101748-2102147|CDS|CYA_2082	99.099	222	2	0	1	222	178	399	6.38e-110	392
Ga0374824_11_8705_8926	CP000239.1:1663935-1664334|CDS|CYA_1661	99.099	222	2	0	1	222	178	399	6.38e-110	392
Ga0374824_11_8705_8926	CP000239.1:1300762-1301161|CDS|CYA_1291	99.099	222	2	0	1	222	178	399	6.38e-110	392
Ga0374824_11_8705_8926	CP000239.1:1152553-1152952|CDS|CYA_1126	99.099	222	2	0	1	222	178	399	6.38e-110	392
Ga0374824_11_8705_8926	CP000239.1:1013062-1013461|CDS|CYA_0999	99.099	222	2	0	1	222	178	399	6.38e-110	392
Ga0374824_11_8705_8926	CP000239.1:34556-34955|CDS|CYA_0037	98.649	222	3	0	1	222	178	399	2.71e-108	388
Ga0374824_11_8705_8926	CP000239.1:1290362-1291310|CDS|CYA_1279	98.655	223	2	1	1	222	178	400	9.46e-108	386
Ga0374824_11_8705_8926	CP000239.1:2862566-2862965|CDS|CYA_2845	98.198	222	4	0	1	222	178	399	3.30e-107	383
Ga0374824_11_8705_8926	CP000239.1:1612111-1613059|CDS|CYA_1604	98.206	223	3	1	1	222	178	400	1.15e-106	381
Ga0374824_11_8705_8926	CP000239.1:1321049-1321982|CDS|CYA_1311	98.206	223	3	1	1	222	178	400	1.15e-106	381
Ga0374824_11_8705_8926	CP000239.1:51699-52647|CDS|CYA_0053	98.206	223	3	1	1	222	178	400	1.15e-106	381
Ga0374824_11_8705_8926	CP000239.1:2740042-2740447|CDS|CYA_2722	98.198	222	3	1	1	222	178	398	4.02e-106	379
Ga0374824_11_8705_8926	CP000239.1:2026942-2027347|CDS|CYA_2010	98.198	222	3	1	1	222	178	398	4.02e-106	379
Ga0374824_12_949_2040	CP000239.1:2651107-2652193|CDS|CYA_2635	99.816	1086	2	0	7	1092	1	1086	0.0	1950
Ga0374824_12_949_2040	CP000240.1:675946-677032|CDS|CYB_0662	85.649	1087	154	2	7	1092	1	1086	0.0	1251
Ga0374824_12_2405_2665	CP000239.1:2650476-2650803|CDS|CYA_2633	100.000	261	0	0	1	261	67	327	9.91e-134	471
Ga0374824_12_2405_2665	CP000240.1:677241-677640|CDS|CYB_0663	89.272	261	25	1	1	261	142	399	3.47e-95	343
Ga0374824_12_2998_3357	CP000239.1:2649784-2650144|CDS|CYA_2632	99.722	360	1	0	1	360	1	360	0.0	645
Ga0374824_12_2998_3357	CP000240.1:677970-678336|CDS|CYB_0664	79.714	350	59	3	1	341	7	353	1.01e-84	309
Ga0374824_12_3401_4078	CP000239.1:2649063-2649741|CDS|CYA_2631	100.000	678	0	0	1	678	1	678	0.0	1223
Ga0374824_12_3401_4078	CP000240.1:679815-680487|CDS|CYB_0666	87.309	654	83	0	1	654	1	654	0.0	806
Ga0374824_12_4088_4453	CP000239.1:2648736-2649054|CDS|CYA_2630	100.000	318	0	0	49	366	1	318	1.62e-164	574
Ga0374824_12_4088_4453	CP000240.1:680496-680868|CDS|CYB_0667	83.987	306	49	0	61	366	67	372	3.14e-91	332
Ga0374824_12_4670_6496	CP000239.1:2646699-2648472|CDS|CYA_2629	96.565	1776	58	1	52	1827	1	1773	0.0	2927
Ga0374824_12_4670_6496	CP000240.1:681089-682925|CDS|CYB_0668	75.499	1804	339	25	52	1778	1	1778	0.0	1242
Ga0374824_12_6586_7050	CP000239.1:2645143-2646559|CDS|CYA_2628	99.355	465	3	0	1	465	952	1416	0.0	826
Ga0374824_12_6586_7050	CP000240.1:683072-684488|CDS|CYB_0669	82.550	447	78	0	1	447	958	1404	1.41e-128	455
Ga0374824_13_1531_2418	CP000240.1:1772667-1773546|CDS|CYB_1695	94.257	888	42	1	1	888	1	879	0.0	1376
Ga0374824_13_1531_2418	CP000239.1:326767-327703|CDS|CYA_0317	93.131	888	61	0	1	888	49	936	0.0	1327
Ga0374824_13_2442_3257	CP000239.1:327726-328542|CDS|CYA_0319	99.877	816	1	0	1	816	1	816	0.0	1468
Ga0374824_13_2442_3257	CP000240.1:1773628-1774444|CDS|CYB_1697	88.235	816	96	0	1	816	1	816	0.0	1040
Ga0374824_14_88_1020	CP000239.1:662802-663885|CDS|CYA_0654	99.893	933	1	0	1	933	151	1083	0.0	1679
Ga0374824_14_88_1020	CP000240.1:616166-617264|CDS|CYB_0605	83.996	931	149	0	1	931	166	1096	0.0	1008
Ga0374824_14_1364_3838	CP000239.1:664228-666703|CDS|CYA_0656	99.879	2475	3	0	1	2475	1	2475	0.0	4451
Ga0374824_14_1364_3838	CP000240.1:617631-620106|CDS|CYB_0607	91.556	2475	209	0	1	2475	1	2475	0.0	3522
Ga0374824_14_3987_4619	CP000239.1:666851-667484|CDS|CYA_0657	100.000	633	0	0	1	633	1	633	0.0	1142
Ga0374824_14_3987_4619	CP000240.1:620233-620869|CDS|CYB_0608	89.117	634	66	1	1	631	1	634	0.0	831
Ga0374824_14_4637_5218	CP000239.1:667501-668083|CDS|CYA_0658	99.828	582	1	0	1	582	1	582	0.0	1046
Ga0374824_14_5246_5857	CP000239.1:668110-668722|CDS|CYA_0659	99.837	612	1	0	1	612	1	612	0.0	1100
Ga0374824_14_5246_5857	CP000240.1:621482-622094|CDS|CYB_0610	89.542	612	64	0	1	612	1	612	0.0	816
Ga0374824_14_6073_6399	CP000239.1:668841-669264|CDS|CYA_0660	100.000	327	0	0	1	327	97	423	1.88e-169	590
Ga0374824_15_468_857	CP000239.1:2555605-2556028|CDS|CYA_2536	99.487	390	2	0	1	390	34	423	0.0	695
Ga0374824_15_870_2300	CP000239.1:2556040-2557471|CDS|CYA_2537	99.720	1431	4	0	1	1431	1	1431	0.0	2563
Ga0374824_15_2307_2718_DR4	CP000239.1:1860048-1860273|CDS|CYA_1856	97.222	36	1	0	1	36	87	52	3.97e-11	61.7
Ga0374824_15_2307_2718_DR5	CP000239.1:1860048-1860273|CDS|CYA_1856	97.222	36	1	0	1	36	87	52	3.97e-11	61.7
Ga0374824_15_2307_2718_DR6	CP000239.1:1860048-1860273|CDS|CYA_1856	97.222	36	1	0	1	36	87	52	3.97e-11	61.7
Ga0374824_15_2813_2947	CP000240.1:516635-516815|CDS|CYB_0504	83.186	113	19	0	12	124	61	173	1.19e-27	119
Ga0374824_15_2813_2947	CP000239.1:1857738-1859988|CDS|CYA_1854	79.832	119	24	0	7	125	77	195	2.15e-24	107
Ga0374824_15_3094_3372	CP000239.1:2559706-2559985|CDS|CYA_2539	96.057	279	11	0	1	279	1	279	2.86e-128	454
Ga0374824_15_3094_3372	CP000240.1:867436-867715|CDS|CYB_0834	95.341	279	13	0	1	279	1	279	1.48e-125	445
Ga0374824_15_3372_4361	CP000240.1:867714-868704|CDS|CYB_0835	85.267	991	144	2	1	990	1	990	0.0	1122
Ga0374824_15_4361_4660	CP000239.1:2560973-2561273|CDS|CYA_2541	99.333	300	2	0	1	300	1	300	4.02e-152	533
Ga0374824_15_4361_4660	CP000240.1:868703-869003|CDS|CYB_0836	79.000	300	63	0	1	300	1	300	4.61e-69	258
Ga0374824_15_4693_6465	CP000239.1:2561305-2563264|CDS|CYA_2542	98.364	1773	17	3	1	1773	199	1959	0.0	3065
Ga0374824_15_4693_6465	CP000240.1:869032-870856|CDS|CYB_0837	75.953	1784	394	11	1	1768	55	1819	0.0	1266
Ga0374824_16_115_1578	CP000239.1:1827527-1828991|CDS|CYA_1823	98.224	1464	26	0	1	1464	1	1464	0.0	2524
Ga0374824_16_115_1578	CP000240.1:430818-432282|CDS|CYB_0422	95.082	1464	72	0	1	1464	1	1464	0.0	2316
Ga0374824_16_1644_3179	CP000239.1:1825926-1827462|CDS|CYA_1821	99.414	1536	9	0	1	1536	1	1536	0.0	2730
Ga0374824_16_1644_3179	CP000240.1:432347-433883|CDS|CYB_0423	99.089	1536	14	0	1	1536	1	1536	0.0	2708
Ga0374824_16_3419_4615	CP000240.1:434136-435324|CDS|CYB_0424	97.559	1188	29	0	10	1197	1	1188	0.0	2012
Ga0374824_16_3419_4615	CP000239.1:1824490-1825678|CDS|CYA_1820	97.475	1188	30	0	10	1197	1	1188	0.0	2008
Ga0374824_16_4605_4754	CP000240.1:435313-435463|CDS|CYB_0425	100.000	150	0	0	1	150	1	150	9.67e-74	271
Ga0374824_16_4751_5014	CP000240.1:435459-435723|CDS|CYB_0426	99.242	264	2	0	1	264	1	264	1.22e-132	468
Ga0374824_16_4751_5014	CP000239.1:1824091-1824355|CDS|CYA_1819	99.242	264	2	0	1	264	1	264	1.22e-132	468
Ga0374824_16_5011_5211	CP000240.1:435719-435920|CDS|CYB_0427	99.502	201	1	0	1	201	1	201	1.18e-99	359
Ga0374824_16_5011_5211	CP000239.1:1823894-1824095|CDS|CYA_1818	99.005	201	2	0	1	201	1	201	1.43e-98	354
Ga0374824_16_5300_6550	CP000239.1:1822539-1823742|CDS|CYA_1817	97.672	1203	28	0	49	1251	1	1203	0.0	2044
Ga0374824_16_5300_6550	CP000240.1:436072-437302|CDS|CYB_0428	97.661	1197	28	0	49	1245	1	1197	0.0	2033
Ga0374824_17_89_2725	CP000239.1:338497-341392|CDS|CYA_0322	99.810	2637	5	0	1	2637	259	2895	0.0	4734
Ga0374824_17_89_2725	CP000240.1:1784955-1787850|CDS|CYB_1701	78.820	2644	546	5	1	2637	259	2895	0.0	2234
Ga0374824_18_7_432	CP000239.1:2457020-2457923|CDS|CYA_2447	99.531	426	2	0	1	426	478	903	0.0	760
Ga0374824_18_7_432	CP000240.1:2649087-2649894|CDS|CYB_2543	82.160	426	76	0	1	426	382	807	6.24e-120	426
Ga0374824_18_754_969	CP000239.1:2458259-2458475|CDS|CYA_2448	100.000	216	0	0	1	216	1	216	2.16e-109	390
Ga0374824_18_754_969	CP000240.1:2650187-2650430|CDS|CYB_2544	88.837	215	24	0	1	215	28	242	2.81e-76	280
Ga0374824_18_997_1314	CP000239.1:2458517-2458820|CDS|CYA_2449	100.000	303	0	0	16	318	1	303	1.94e-156	547
Ga0374824_18_997_1314	CP000240.1:2650457-2650775|CDS|CYB_2546	76.415	318	75	0	1	318	1	318	1.60e-62	236
Ga0374824_18_1398_2027	CP000239.1:2458903-2459488|CDS|CYA_2450	99.487	585	3	0	46	630	1	585	0.0	1042
Ga0374824_18_1398_2027	CP000240.1:1796867-1797500|CDS|CYB_1714	86.284	627	83	1	1	624	1	627	0.0	742
Ga0374824_18_2246_2683	CP000239.1:2459751-2460189|CDS|CYA_2453	100.000	438	0	0	1	438	1	438	0.0	791
Ga0374824_18_2246_2683	CP000240.1:1797698-1798208|CDS|CYB_1716	82.420	438	77	0	1	438	73	510	8.35e-125	444
Ga0374824_18_2971_4083	CP000239.1:2460476-2461535|CDS|CYA_2454	97.450	1059	27	0	55	1113	1	1059	0.0	1789
Ga0374824_18_2971_4083	CP000240.1:2403205-2404264|CDS|CYB_2298	86.780	1059	140	0	55	1113	1	1059	0.0	1279
Ga0374824_18_4183_5259	CP000239.1:2461688-2463218|CDS|CYA_2455	99.907	1077	1	0	1	1077	454	1530	0.0	1939
Ga0374824_19_728_2149	CP000239.1:1126033-1127491|CDS|CYA_1101	98.523	1422	21	0	1	1422	37	1458	0.0	2470
Ga0374824_19_728_2149	CP000240.1:1493068-1494565|CDS|CYB_1424	77.898	1475	262	8	1	1413	13	1485	0.0	1213
Ga0374824_19_2237_3448	CP000239.1:1124635-1125982|CDS|CYA_1100	97.195	1212	34	0	1	1212	136	1347	0.0	2033
Ga0374824_19_2237_3448	CP000240.1:1494722-1496033|CDS|CYB_1425	83.251	1218	196	3	1	1211	94	1310	0.0	1271
Ga0374824_19_3699_4688	CP000239.1:1123530-1124484|CDS|CYA_1099	99.371	954	6	0	37	990	1	954	0.0	1694
Ga0374824_19_3699_4688	CP000240.1:687274-688180|CDS|CYB_0675	87.097	837	108	0	37	873	1	837	0.0	1023
Ga0374824_20_2051_3229	CP000239.1:2466504-2467683|CDS|CYA_2458	99.746	1179	3	0	1	1179	1	1179	0.0	2113
Ga0374824_20_2051_3229	CP000240.1:2409409-2410498|CDS|CYB_2302	89.256	1089	117	0	91	1179	1	1089	0.0	1437
Ga0374824_20_3307_5145	CP000239.1:2464588-2466427|CDS|CYA_2457	99.837	1839	3	0	1	1839	1	1839	0.0	3304
Ga0374824_20_3307_5145	CP000240.1:2407448-2409242|CDS|CYB_2301	84.128	1846	234	7	1	1839	1	1794	0.0	2030
Ga0374824_20_5287_5835	CP000239.1:2463469-2464447|CDS|CYA_2456	100.000	549	0	0	1	549	430	978	0.0	991
Ga0374824_20_5287_5835	CP000240.1:2406352-2407294|CDS|CYB_2300	87.013	539	70	0	1	539	394	932	0.0	657
Ga0374824_21_480_2522	CP000239.1:1129062-1131117|CDS|CYA_1104	98.251	2001	35	0	1	2001	19	2019	0.0	3452
Ga0374824_21_480_2522	CP000240.1:1395355-1397422|CDS|CYB_1334	80.130	1993	354	12	59	2012	74	2063	0.0	1793
Ga0374824_21_2571_3224	CP000239.1:1131147-1131801|CDS|CYA_1105	100.000	654	0	0	1	654	1	654	0.0	1180
Ga0374824_21_2571_3224	CP000240.1:1394603-1395251|CDS|CYB_1333	84.853	614	89	2	29	638	35	648	0.0	683
Ga0374824_21_3228_4097	CP000239.1:1131804-1132674|CDS|CYA_1106	99.885	870	1	0	1	870	1	870	0.0	1565
Ga0374824_21_3228_4097	CP000240.1:1393729-1394599|CDS|CYB_1332	80.667	869	168	0	1	869	1	869	0.0	810
Ga0374824_21_4107_4532	CP000239.1:1132683-1133100|CDS|CYA_1107	100.000	417	0	0	10	426	1	417	0.0	753
Ga0374824_21_4621_5664	CP000239.1:1133197-1135141|CDS|CYA_1108	99.808	1044	2	0	1	1044	901	1944	0.0	1874
Ga0374824_21_4621_5664	CP000240.1:1391211-1393182|CDS|CYB_1330	78.448	1044	225	0	1	1044	928	1971	0.0	869
Ga0374824_22_1281_1739	CP000239.1:88305-89487|CDS|CYA_0091	77.458	417	87	3	3	413	184	599	2.07e-88	322
Ga0374824_22_1281_1739	CP000239.1:1594889-1596107|CDS|CYA_1585	76.145	415	92	3	1	409	182	595	2.87e-80	296
Ga0374824_22_1281_1739	CP000240.1:2796782-2798000|CDS|CYB_2707	73.263	475	100	4	3	451	184	657	3.50e-79	291
Ga0374824_22_1281_1739	CP000240.1:2247371-2248565|CDS|CYB_2147	75.663	415	94	3	1	409	182	595	1.49e-77	287
Ga0374824_22_1281_1739	CP000240.1:1190675-1191869|CDS|CYB_1151	75.663	415	94	3	1	409	182	595	1.49e-77	287
Ga0374824_22_1281_1739	CP000240.1:1384265-1385459|CDS|CYB_1322	75.728	412	93	3	1	406	182	592	1.49e-77	286
Ga0374824_22_1281_1739	CP000240.1:1316312-1317548|CDS|CYB_1259	75.610	410	93	3	3	406	184	592	1.81e-76	282
Ga0374824_22_1281_1739	CP000240.1:1842322-1843549|CDS|CYB_1759	75.366	410	94	3	3	406	184	592	7.71e-75	278
Ga0374824_22_1281_1739	CP000239.1:2170714-2171908|CDS|CYA_2158	72.632	475	103	4	3	451	184	657	7.71e-75	278
Ga0374824_22_1281_1739	CP000240.1:2644164-2645358|CDS|CYB_2538	75.243	412	95	3	1	406	182	592	7.71e-75	277
Ga0374824_22_1281_1739	CP000240.1:2565689-2566883|CDS|CYB_2468	75.061	413	94	4	1	406	182	592	3.28e-73	271
Ga0374824_22_1281_1739	CP000240.1:2661652-2662870|CDS|CYB_2557	74.818	413	97	3	3	409	184	595	1.14e-72	269
Ga0374824_22_1281_1739	CP000240.1:241642-242836|CDS|CYB_0233	74.818	413	97	3	3	409	184	595	1.14e-72	269
Ga0374824_22_1281_1739	CP000239.1:893439-894633|CDS|CYA_0887	74.818	413	97	3	3	409	184	595	1.14e-72	269
Ga0374824_22_1281_1739	CP000240.1:629484-630702|CDS|CYB_0620	75.510	392	89	3	24	409	229	619	4.00e-72	268
Ga0374824_22_1281_1739	CP000240.1:345730-346924|CDS|CYB_0329	74.757	412	97	3	1	406	182	592	4.00e-72	268
Ga0374824_22_1281_1739	CP000240.1:2619921-2621115|CDS|CYB_2521	74.576	413	98	3	3	409	184	595	4.87e-71	265
Ga0374824_22_1281_1739	CP000240.1:1803089-1804283|CDS|CYB_1722	71.908	477	107	4	1	451	182	657	1.70e-70	263
Ga0374824_22_1281_1739	CP000239.1:994256-995468|CDS|CYA_0981	74.515	412	98	3	1	406	182	592	1.70e-70	263
Ga0374824_22_1281_1739	CP000240.1:1521392-1522610|CDS|CYB_1450	72.467	454	98	4	24	451	229	681	1.70e-70	262
Ga0374824_22_1281_1739	CP000239.1:712444-713638|CDS|CYA_0704	74.334	413	99	3	3	409	184	595	5.93e-70	260
Ga0374824_22_1281_1739	CP000240.1:2128026-2129220|CDS|CYB_2026	74.390	410	98	3	1	404	182	590	2.07e-69	260
Ga0374824_22_1281_1739	CP000240.1:52430-53648|CDS|CYB_0041	74.390	410	98	3	3	406	184	592	2.07e-69	260
Ga0374824_22_1281_1739	CP000240.1:2933473-2934709|CDS|CYB_2835	75.000	392	91	3	24	409	229	619	2.07e-69	259
Ga0374824_22_1281_1739	CP000240.1:1064975-1066169|CDS|CYB_1023	71.698	477	108	4	1	451	182	657	2.07e-69	259
Ga0374824_22_1281_1739	CP000240.1:1954838-1956056|CDS|CYB_1872	74.092	413	100	3	3	409	184	595	2.52e-68	256
Ga0374824_22_1281_1739	CP000239.1:698055-699204|CDS|CYA_0690	74.146	410	99	3	3	406	184	592	2.52e-68	255
Ga0374824_22_1281_1739	CP000240.1:3008652-3009870|CDS|CYB_2910	72.026	454	100	4	24	451	229	681	8.80e-68	253
Ga0374824_22_1281_1739	CP000240.1:1267756-1268992|CDS|CYB_1227	74.807	389	91	3	24	406	229	616	8.80e-68	253
Ga0374824_22_1281_1739	CP000239.1:774779-775973|CDS|CYA_0767	71.519	474	108	4	3	450	184	656	8.80e-68	253
Ga0374824_22_1281_1739	CP000240.1:2210858-2212052|CDS|CYB_2117	73.850	413	101	3	3	409	184	595	3.07e-67	251
Ga0374824_22_1281_1739	CP000239.1:629980-631174|CDS|CYA_0620	73.850	413	101	3	3	409	184	595	3.07e-67	251
Ga0374824_22_1281_1739	CP000240.1:2219258-2220470|CDS|CYB_2126	73.786	412	101	3	1	406	182	592	1.07e-66	250
Ga0374824_22_1281_1739	CP000240.1:102811-104029|CDS|CYB_0087	71.806	454	101	4	24	451	229	681	3.74e-66	249
Ga0374824_22_1281_1739	CP000240.1:2168360-2169515|CDS|CYB_2071	71.339	478	104	6	3	451	184	657	3.74e-66	248
Ga0374824_22_1281_1739	CP000240.1:1917270-1918464|CDS|CYB_1826	73.544	412	102	3	1	406	182	592	4.56e-65	245
Ga0374824_22_1281_1739	CP000240.1:481588-482800|CDS|CYB_0472	71.069	477	111	4	1	451	182	657	4.56e-65	245
Ga0374824_22_1281_1739	CP000239.1:693322-694534|CDS|CYA_0687	73.544	412	102	3	1	406	182	592	4.56e-65	245
Ga0374824_22_1281_1739	CP000240.1:1358129-1359347|CDS|CYB_1297	71.586	454	102	4	24	451	229	681	4.56e-65	244
Ga0374824_22_1281_1739	CP000240.1:638632-639850|CDS|CYB_0630	74.293	389	93	3	24	406	229	616	4.56e-65	244
Ga0374824_22_1281_1739	CP000240.1:605550-606744|CDS|CYB_0598	73.415	410	102	3	3	406	184	592	5.55e-64	242
Ga0374824_22_1281_1739	CP000240.1:1015074-1016268|CDS|CYB_0979	70.860	477	112	4	1	451	182	657	5.55e-64	241
Ga0374824_22_1281_1739	CP000240.1:1083184-1084426|CDS|CYB_1042	74.036	389	94	3	24	406	229	616	1.94e-63	240
Ga0374824_22_1281_1739	CP000240.1:1763450-1764623|CDS|CYB_1688	73.058	412	104	3	1	406	182	592	2.36e-62	236
Ga0374824_22_1281_1739	CP000240.1:2830275-2831565|CDS|CYB_2735	71.082	453	104	4	24	450	229	680	8.24e-62	233
Ga0374824_22_1281_1739	CP000240.1:2553363-2554557|CDS|CYB_2454	72.577	423	108	4	3	419	184	604	1.00e-60	230
Ga0374824_22_1281_1739	CP000240.1:1244785-1246021|CDS|CYB_1201	68.737	499	105	5	3	451	184	681	5.20e-58	221
Ga0374824_22_1281_1739	CP000240.1:2506708-2507857|CDS|CYB_2410	66.534	502	93	6	24	451	253	753	3.07e-48	189
Ga0374824_22_1792_2286	CP000239.1:88305-89487|CDS|CYA_0091	76.275	451	76	2	1	444	718	1144	4.62e-97	351
Ga0374824_22_2254_2709	CP000239.1:1055039-1055432|CDS|CYA_1035	99.491	393	2	0	64	456	1	393	0.0	700
Ga0374824_22_2254_2709	CP000240.1:2956211-2956679|CDS|CYB_2858	79.618	471	78	3	1	456	1	468	9.95e-118	420
Ga0374824_22_2959_3447	CP000239.1:1055744-1056233|CDS|CYA_1037	99.796	489	1	0	1	489	1	489	0.0	878
Ga0374824_22_2959_3447	CP000240.1:2956991-2957483|CDS|CYB_2859	87.169	491	60	1	1	488	1	491	5.53e-172	600
Ga0374824_22_3494_5350	CP000239.1:1056279-1058187|CDS|CYA_1038	81.233	1849	296	9	1	1798	1	1849	0.0	1776
Ga0374824_22_3494_5350	CP000240.1:2958120-2960031|CDS|CYB_2861	79.787	1786	310	8	64	1798	67	1852	0.0	1604
Ga0374824_23_665_1105	CP000239.1:931130-931571|CDS|CYA_0922	100.000	441	0	0	1	441	1	441	0.0	796
Ga0374824_23_665_1105	CP000240.1:2902367-2902820|CDS|CYB_2802	81.596	451	71	1	1	439	1	451	6.91e-126	446
Ga0374824_23_1806_2984	CP000239.1:929251-930337|CDS|CYA_0920	100.000	1086	0	0	94	1179	1	1086	0.0	1959
Ga0374824_23_1806_2984	CP000240.1:535599-536703|CDS|CYB_0520	81.393	1091	197	1	82	1166	1	1091	0.0	1054
Ga0374824_23_3132_3938	CP000239.1:928297-929104|CDS|CYA_0919	99.876	807	1	0	1	807	1	807	0.0	1452
Ga0374824_23_3132_3938	CP000240.1:1019365-1020172|CDS|CYB_0984	84.758	807	123	0	1	807	1	807	0.0	902
Ga0374824_23_4013_4621	CP000239.1:927518-928223|CDS|CYA_0918	100.000	609	0	0	1	609	97	705	0.0	1099
Ga0374824_23_4013_4621	CP000240.1:1020246-1020951|CDS|CYB_0985	85.809	606	86	0	2	607	98	703	0.0	706
Ga0374824_24_501_2324	CP000239.1:1061914-1063738|CDS|CYA_1042	98.519	1823	27	0	1	1823	1	1823	0.0	3167
Ga0374824_24_501_2324	CP000240.1:2963261-2965085|CDS|CYB_2865	87.219	1823	233	0	1	1823	1	1823	0.0	2238
Ga0374824_24_2427_2687	CP000239.1:1063840-1064101|CDS|CYA_1043	100.000	261	0	0	1	261	1	261	9.91e-134	471
Ga0374824_24_2427_2687	CP000240.1:2965280-2965541|CDS|CYB_2866	87.356	261	33	0	1	261	1	261	1.13e-88	323
Ga0374824_25_291_698	CP000239.1:2362619-2363096|CDS|CYA_2355	99.755	408	1	0	1	408	70	477	0.0	732
Ga0374824_25_291_698	CP000239.1:1922539-1923016|CDS|CYA_1913	99.510	408	2	0	1	408	70	477	0.0	728
Ga0374824_25_291_698	CP000239.1:65282-65759|CDS|CYA_0068	99.510	408	2	0	1	408	70	477	0.0	728
Ga0374824_25_291_698	CP000239.1:2610754-2611231|CDS|CYA_2587	99.265	408	3	0	1	408	70	477	0.0	723
Ga0374824_25_291_698	CP000239.1:2085206-2085683|CDS|CYA_2064	99.265	408	3	0	1	408	70	477	0.0	723
Ga0374824_25_291_698	CP000239.1:2604255-2604732|CDS|CYA_2580	99.261	406	3	0	3	408	72	477	0.0	719
Ga0374824_25_291_698	CP000239.1:2426211-2426688|CDS|CYA_2415	99.261	406	3	0	3	408	72	477	0.0	719
Ga0374824_25_291_698	CP000239.1:1161245-1161722|CDS|CYA_1137	99.261	406	3	0	3	408	72	477	0.0	719
Ga0374824_25_291_698	CP000239.1:563303-563780|CDS|CYA_0549	99.261	406	3	0	3	408	72	477	0.0	719
Ga0374824_25_291_698	CP000239.1:1968829-1969306|CDS|CYA_1958	99.015	406	4	0	3	408	72	477	0.0	715
Ga0374824_25_291_698	CP000239.1:2237233-2237710|CDS|CYA_2221	99.012	405	4	0	4	408	73	477	0.0	713
Ga0374824_25_291_698	CP000239.1:1153630-1154107|CDS|CYA_1128	98.768	406	5	0	3	408	72	477	0.0	710
Ga0374824_25_291_698	CP000239.1:152387-152861|CDS|CYA_0156	99.007	403	4	0	1	403	70	472	0.0	710
Ga0374824_25_291_698	CP000239.1:2741014-2741329|CDS|CYA_2724	98.095	315	6	0	94	408	1	315	1.08e-154	542
Ga0374824_25_291_698	CP000239.1:2654704-2655019|CDS|CYA_2640	98.095	315	6	0	94	408	1	315	1.08e-154	542
Ga0374824_25_1269_1376	CP000240.1:2300204-2300507|CDS|CYB_2192	76.923	91	21	0	1	91	202	292	4.11e-13	70.7
Ga0374824_25_1269_1376	CP000239.1:906578-906881|CDS|CYA_0898	76.923	91	21	0	1	91	202	292	4.11e-13	70.7
Ga0374824_25_1810_2076	CP000239.1:455920-457171|CDS|CYA_0436	80.887	293	30	3	1	267	917	625	8.36e-78	287
Ga0374824_25_2129_2410	CP000239.1:455920-457171|CDS|CYA_0436	94.681	282	15	0	1	282	970	1251	1.83e-124	442
Ga0374824_25_2571_3425	CP000239.1:2656898-2658311|CDS|CYA_2642	99.883	855	1	0	1	855	559	1413	0.0	1538
Ga0374824_25_2571_3425	CP000240.1:1192104-1193532|CDS|CYB_1152	84.083	823	116	1	1	808	559	1381	0.0	903
Ga0374824_26_341_850	CP000240.1:401388-402072|CDS|CYB_0387	98.833	514	2	1	1	510	1	514	0.0	900
Ga0374824_26_859_1020	CP000240.1:401388-402072|CDS|CYB_0387	100.000	162	0	0	1	162	523	684	3.24e-80	293
Ga0374824_26_1017_1634	CP000240.1:400774-401392|CDS|CYB_0386	99.515	618	3	0	1	618	1	618	0.0	1102
Ga0374824_26_1631_2062	CP000240.1:400346-400778|CDS|CYB_0385	93.721	430	27	0	1	430	1	430	0.0	655
Ga0374824_26_1631_2062	CP000239.1:1589129-1589561|CDS|CYA_1579	93.721	430	27	0	1	430	1	430	0.0	655
Ga0374824_27_260_1198	CP000239.1:2505748-2507278|CDS|CYA_2496	99.774	884	2	0	1	884	1	884	0.0	1586
Ga0374824_27_260_1198	CP000240.1:710393-711914|CDS|CYB_0693	77.506	818	140	10	1	802	1	790	0.0	641
Ga0374824_27_1206_2465	CP000239.1:2504481-2505741|CDS|CYA_2495	99.683	1260	4	0	1	1260	1	1260	0.0	2255
Ga0374824_27_1206_2465	CP000240.1:711907-713206|CDS|CYB_0694	86.512	1253	169	0	1	1253	1	1253	0.0	1498
Ga0374824_27_2546_3364	CP000239.1:2503582-2504401|CDS|CYA_2494	100.000	819	0	0	1	819	1	819	0.0	1478
Ga0374824_27_2546_3364	CP000240.1:713300-714170|CDS|CYB_0695	81.562	781	107	3	1	756	34	802	0.0	780
Ga0374824_28_475_2196	CP000239.1:924901-926623|CDS|CYA_0916	100.000	1722	0	0	1	1722	1	1722	0.0	3106
Ga0374824_28_475_2196	CP000240.1:1021949-1023713|CDS|CYB_0987	84.337	1660	260	0	1	1660	19	1678	0.0	1822
Ga0374824_28_2250_3122	CP000239.1:923753-924848|CDS|CYA_0915	99.771	873	2	0	1	873	223	1095	0.0	1566
Ga0374824_28_2250_3122	CP000240.1:1023739-1024873|CDS|CYB_0988	84.371	851	127	1	1	845	223	1073	0.0	937
Ga0374824_29_184_636	CP000239.1:1748696-1749167|CDS|CYA_1743	100.000	383	0	0	70	452	1	383	0.0	691
Ga0374824_29_184_636	CP000240.1:232120-232591|CDS|CYB_0221	84.856	383	58	0	70	452	1	383	5.46e-121	430
Ga0374824_29_1095_1478	CP000239.1:1747941-1748325|CDS|CYA_1742	100.000	384	0	0	1	384	1	384	0.0	693
Ga0374824_29_1095_1478	CP000240.1:633207-633606|CDS|CYB_0622	85.632	348	48	2	1	347	1	347	9.46e-111	396
Ga0374824_30_127_912	CP000239.1:2377351-2379085|CDS|CYA_2368	98.092	786	15	0	1	786	949	1734	0.0	1351
Ga0374824_30_127_912	CP000240.1:2448478-2450206|CDS|CYB_2342	87.179	780	94	1	1	780	949	1722	0.0	957
Ga0374824_31_629_1249	CP000239.1:2644292-2644913|CDS|CYA_2626	88.728	621	70	0	1	621	1	621	0.0	805
Ga0374824_31_629_1249	CP000240.1:684862-685483|CDS|CYB_0671	85.507	621	90	0	1	621	1	621	0.0	715
Ga0374824_31_1232_1906	CP000239.1:2643683-2644310|CDS|CYA_2627	99.681	627	2	0	49	675	1	627	0.0	1122
Ga0374824_31_1232_1906	CP000240.1:90875-91556|CDS|CYB_0078	85.017	574	86	0	45	618	78	651	0.0	648
Ga0374824_31_1970_2284	CP000239.1:2643257-2643572|CDS|CYA_2625	100.000	315	0	0	1	315	1	315	5.89e-163	569
Ga0374824_32_178_1458	CP000239.1:715878-717159|CDS|CYA_0709	100.000	1281	0	0	1	1281	1	1281	0.0	2311
Ga0374824_32_178_1458	CP000240.1:1833864-1835145|CDS|CYB_1751	89.428	1277	135	0	1	1277	1	1277	0.0	1695
Ga0374824_33_905_1447	CP000239.1:1744901-1745444|CDS|CYA_1740	100.000	543	0	0	1	543	1	543	0.0	980
Ga0374824_33_905_1447	CP000240.1:2214226-2214769|CDS|CYB_2120	82.143	532	89	2	6	534	6	534	3.20e-150	528
Ga0374824_33_905_1447	CP000239.1:688252-688795|CDS|CYA_0681	82.042	529	95	0	6	534	6	534	1.12e-149	526
Ga0374824_34_1448_2026	CP000239.1:2486027-2486582|CDS|CYA_2476	100.000	555	0	0	25	579	1	555	0.0	1002
Ga0374824_34_1448_2026	CP000240.1:2176930-2177467|CDS|CYB_2081	84.381	525	82	0	43	567	1	525	2.16e-165	578
Ga0374824_36_83_400	CP000239.1:1407995-1408382|CDS|CYA_1402	99.686	318	1	0	1	318	70	387	5.95e-163	570
Ga0374824_36_83_400	CP000240.1:1695495-1695813|CDS|CYB_1623	84.494	316	49	0	1	316	1	316	1.01e-96	350
Ga0374824_36_502_1743	CP000239.1:1406652-1407894|CDS|CYA_1401	100.000	1242	0	0	1	1242	1	1242	0.0	2241
Ga0374824_36_502_1743	CP000240.1:2339048-2340305|CDS|CYB_2233	85.251	1234	182	0	1	1234	1	1234	0.0	1406
