Ga0374812_01_91_1626	CP000239.1:1825926-1827462|CDS|CYA_1821	98.828	1536	18	0	1	1536	1	1536	0.0	2690
Ga0374812_01_91_1626	CP000240.1:432347-433883|CDS|CYB_0423	98.112	1536	29	0	1	1536	1	1536	0.0	2640
Ga0374812_01_1866_3062	CP000240.1:434136-435324|CDS|CYB_0424	98.148	1188	22	0	10	1197	1	1188	0.0	2044
Ga0374812_01_1866_3062	CP000239.1:1824490-1825678|CDS|CYA_1820	97.727	1188	27	0	10	1197	1	1188	0.0	2021
Ga0374812_01_3052_3201	CP000240.1:435313-435463|CDS|CYB_0425	100.000	150	0	0	1	150	1	150	9.67e-74	271
Ga0374812_01_3198_3461	CP000240.1:435459-435723|CDS|CYB_0426	100.000	264	0	0	1	264	1	264	2.36e-135	477
Ga0374812_01_3198_3461	CP000239.1:1824091-1824355|CDS|CYA_1819	100.000	264	0	0	1	264	1	264	2.36e-135	477
Ga0374812_01_3458_3658	CP000240.1:435719-435920|CDS|CYB_0427	99.502	201	1	0	1	201	1	201	1.18e-99	359
Ga0374812_01_3458_3658	CP000239.1:1823894-1824095|CDS|CYA_1818	99.005	201	2	0	1	201	1	201	1.43e-98	354
Ga0374812_01_3811_5001	CP000240.1:436072-437302|CDS|CYB_0428	96.633	1188	40	0	1	1188	1	1188	0.0	1963
Ga0374812_01_3811_5001	CP000239.1:1822539-1823742|CDS|CYA_1817	96.306	1191	44	0	1	1191	1	1191	0.0	1950
Ga0374812_01_5255_7144	CP000240.1:437527-439684|CDS|CYB_0430	97.882	1889	32	3	1	1888	274	2155	0.0	3221
Ga0374812_01_5255_7144	CP000239.1:1820136-1822299|CDS|CYA_1816	96.984	1890	57	0	1	1890	274	2163	0.0	3152
Ga0374812_01_5255_7144	CP000239.1:1855685-1857611|CDS|CYA_1852	75.507	1874	413	18	22	1878	73	1917	0.0	1271
Ga0374812_01_7649_10345	CP000239.1:1817210-1819907|CDS|CYA_1814	98.999	2697	27	0	1	2697	1	2697	0.0	4743
Ga0374812_01_7649_10345	CP000240.1:439913-442607|CDS|CYB_0431	96.663	2697	87	1	1	2697	1	2694	0.0	4457
Ga0374812_01_7649_10345	CP000239.1:1852541-1855241|CDS|CYA_1851	89.370	2700	284	1	1	2697	1	2700	0.0	3574
Ga0374812_01_10666_11802	CP000240.1:442669-443806|CDS|CYB_0432	99.472	1137	6	0	1	1137	1	1137	0.0	2024
Ga0374812_01_10666_11802	CP000239.1:1815753-1816890|CDS|CYA_1812	99.033	1137	11	0	1	1137	1	1137	0.0	2002
Ga0374812_01_10666_11802	CP000239.1:1851391-1852504|CDS|CYA_1850	82.058	1137	180	5	1	1137	1	1113	0.0	1131
Ga0374812_01_11943_13007	CP000240.1:443946-445011|CDS|CYB_0433	99.061	1065	10	0	1	1065	1	1065	0.0	1876
Ga0374812_01_11943_13007	CP000240.1:384572-385637|CDS|CYB_0371	99.061	1065	10	0	1	1065	1	1065	0.0	1876
Ga0374812_01_11943_13007	CP000239.1:1814549-1815614|CDS|CYA_1811	92.394	1065	81	0	1	1065	1	1065	0.0	1556
Ga0374812_01_11943_13007	CP000239.1:1850153-1851218|CDS|CYA_1849	92.192	1063	83	0	1	1063	1	1063	0.0	1544
Ga0374812_01_11943_13007	CP000239.1:1288197-1289262|CDS|CYA_1274	91.816	1063	87	0	1	1063	1	1063	0.0	1526
Ga0374812_01_11943_13007	CP000240.1:226513-227569|CDS|CYB_0216	74.101	946	236	5	58	997	67	1009	7.80e-168	588
Ga0374812_01_11943_13007	CP000239.1:1753540-1754599|CDS|CYA_1748	72.505	982	263	6	58	1034	67	1046	1.51e-151	534
Ga0374812_01_13106_13813	CP000240.1:445109-445817|CDS|CYB_0434	97.599	708	17	0	1	708	1	708	0.0	1201
Ga0374812_01_13106_13813	CP000239.1:1287415-1288099|CDS|CYA_1273	82.009	667	114	2	1	664	1	664	0.0	659
Ga0374812_01_13850_14407	CP000240.1:445853-446411|CDS|CYB_0435	99.642	558	2	0	1	558	1	558	0.0	998
Ga0374812_01_13850_14407	CP000239.1:1286821-1287379|CDS|CYA_1272	87.634	558	69	0	1	558	1	558	0.0	696
Ga0374812_01_14441_14950	CP000240.1:446480-446954|CDS|CYB_0436	99.578	474	2	0	37	510	1	474	0.0	847
Ga0374812_01_14441_14950	CP000239.1:1286274-1286754|CDS|CYA_1271	79.958	479	87	4	37	507	1	478	3.21e-118	422
Ga0374812_01_15414_16265	CP000240.1:447348-448278|CDS|CYB_0437	99.531	852	4	0	1	852	79	930	0.0	1519
Ga0374812_01_15414_16265	CP000239.1:1149395-1150319|CDS|CYA_1122	85.181	830	123	0	1	830	79	908	0.0	943
Ga0374812_01_16340_17086	CP000240.1:448354-449101|CDS|CYB_0438	99.866	747	1	0	1	747	1	747	0.0	1343
Ga0374812_01_16340_17086	CP000239.1:1150394-1151141|CDS|CYA_1123	86.059	746	104	0	1	746	1	746	0.0	877
Ga0374812_01_17090_17404	CP000240.1:449104-449419|CDS|CYB_0439	99.683	315	1	0	1	315	1	315	2.50e-161	564
Ga0374812_01_17090_17404	CP000239.1:1151169-1151457|CDS|CYA_1124	85.612	278	39	1	25	302	1	277	1.69e-87	318
Ga0374812_01_17703_18644	CP000240.1:449716-450658|CDS|CYB_0441	98.089	942	18	0	1	942	1	942	0.0	1618
Ga0374812_01_18930_19697	CP000240.1:450943-451711|CDS|CYB_0442	96.484	768	27	0	1	768	1	768	0.0	1264
Ga0374812_01_18930_19697	CP000239.1:2290124-2290898|CDS|CYA_2285	84.675	770	112	1	1	764	1	770	0.0	858
Ga0374812_01_20250_20714	CP000240.1:451960-452425|CDS|CYB_0443	99.140	465	4	0	1	465	1	465	0.0	821
Ga0374812_01_20250_20714	CP000239.1:2289491-2289956|CDS|CYA_2284	88.147	464	55	0	1	464	1	464	9.49e-169	590
Ga0374812_01_20727_21554	CP000240.1:452437-453265|CDS|CYB_0444	90.931	827	75	0	2	828	2	828	0.0	1154
Ga0374812_01_20727_21554	CP000239.1:2288682-2289480|CDS|CYA_2283	80.830	819	129	5	10	826	4	796	0.0	773
Ga0374812_01_21571_22332	CP000240.1:453280-454042|CDS|CYB_0445	93.963	762	46	0	1	762	1	762	0.0	1168
Ga0374812_01_21571_22332	CP000239.1:2287903-2288665|CDS|CYA_2282	88.095	756	90	0	1	756	1	756	0.0	958
Ga0374812_01_22394_23497	CP000240.1:454103-455207|CDS|CYB_0446	98.641	1104	15	0	1	1104	1	1104	0.0	1924
Ga0374812_01_22394_23497	CP000239.1:2286772-2287876|CDS|CYA_2281	88.305	1103	129	0	1	1103	1	1103	0.0	1408
Ga0374812_01_23494_23769	CP000240.1:455203-455479|CDS|CYB_0447	100.000	276	0	0	1	276	1	276	7.58e-142	499
Ga0374812_01_23494_23769	CP000239.1:2286515-2286776|CDS|CYA_2280	85.882	255	36	0	1	255	1	255	1.37e-81	298
Ga0374812_01_23822_24298	CP000240.1:455531-456011|CDS|CYB_0448	98.125	480	6	1	1	477	1	480	0.0	824
Ga0374812_01_24485_25006	CP000240.1:456260-456707|CDS|CYB_0449	96.197	447	17	0	76	522	1	447	0.0	730
Ga0374812_01_24485_25006	CP000239.1:2285308-2285746|CDS|CYA_2278	83.571	420	67	2	76	494	1	419	1.22e-123	440
Ga0374812_01_25240_25635	CP000240.1:456829-457225|CDS|CYB_0450	98.734	395	5	0	1	395	1	395	0.0	691
Ga0374812_01_25240_25635	CP000239.1:2284759-2285257|CDS|CYA_2277	85.101	396	59	0	1	396	103	498	1.77e-126	449
Ga0374812_01_25750_26721	CP000240.1:457348-458311|CDS|CYB_0451	98.962	963	10	0	10	972	1	963	0.0	1692
Ga0374812_01_25750_26721	CP000239.1:2283776-2284748|CDS|CYA_2276	85.877	963	136	0	1	963	1	963	0.0	1124
Ga0374812_01_26750_27436	CP000240.1:458339-459143|CDS|CYB_0452	99.709	687	2	0	1	687	118	804	0.0	1231
Ga0374812_01_26750_27436	CP000239.1:2283074-2283761|CDS|CYA_2275	85.452	653	94	1	1	652	1	653	0.0	746
Ga0374812_01_27598_27954	CP000240.1:459187-459544|CDS|CYB_0453	98.039	357	7	0	1	357	1	357	6.28e-176	613
Ga0374812_01_27598_27954	CP000239.1:2282599-2282914|CDS|CYA_2274	79.887	353	29	2	1	353	1	311	1.39e-95	346
Ga0374812_01_27986_29032	CP000240.1:459575-460622|CDS|CYB_0454	99.331	1047	7	0	1	1047	1	1047	0.0	1857
Ga0374812_01_27986_29032	CP000239.1:2281402-2282470|CDS|CYA_2273	83.129	1061	158	3	8	1047	8	1068	0.0	1113
Ga0374812_01_29201_29920	CP000240.1:460790-461510|CDS|CYB_0455	98.194	720	13	0	1	720	1	720	0.0	1241
Ga0374812_01_29201_29920	CP000239.1:2280496-2281234|CDS|CYA_2272	85.237	718	106	0	1	718	1	718	0.0	818
Ga0374812_01_29935_30567	CP000240.1:461524-462157|CDS|CYB_0456	99.684	633	2	0	1	633	1	633	0.0	1133
Ga0374812_01_29935_30567	CP000239.1:2279867-2280500|CDS|CYA_2271	88.608	632	72	0	1	632	1	632	0.0	816
Ga0374812_01_30823_31413	CP000240.1:462169-463003|CDS|CYB_0457	95.447	593	23	2	1	591	244	834	0.0	943
Ga0374812_01_30823_31413	CP000239.1:2279027-2279849|CDS|CYA_2270	78.732	489	90	4	10	497	259	734	2.36e-114	408
Ga0374812_01_31422_32360	CP000240.1:463029-463950|CDS|CYB_0458	96.851	921	29	0	19	939	1	921	0.0	1531
Ga0374812_01_31422_32360	CP000239.1:2278031-2279024|CDS|CYA_2269	78.160	902	154	7	79	939	94	993	0.0	746
Ga0374812_01_32758_33717	CP000240.1:464347-465361|CDS|CYB_0460	97.083	960	28	0	1	960	55	1014	0.0	1606
Ga0374812_01_32758_33717	CP000240.1:2080407-2081415|CDS|CYB_1980	96.767	959	31	0	2	960	50	1008	0.0	1590
Ga0374812_01_32758_33717	CP000239.1:2276670-2277645|CDS|CYA_2267	83.699	957	156	0	4	960	19	975	0.0	1023
Ga0374812_01_33936_35123	CP000240.1:2079055-2080213|CDS|CYB_1979	98.100	1158	22	0	31	1188	1	1158	0.0	1990
Ga0374812_01_33936_35123	CP000240.1:465555-466713|CDS|CYB_0461	98.100	1158	22	0	31	1188	1	1158	0.0	1990
Ga0374812_01_33936_35123	CP000239.1:2274971-2276132|CDS|CYA_2266	80.172	1160	227	1	32	1188	2	1161	0.0	1054
Ga0374812_01_35402_37693	CP000240.1:2076485-2078777|CDS|CYB_1978	98.866	2292	26	0	1	2292	1	2292	0.0	4017
Ga0374812_01_35402_37693	CP000239.1:2081586-2083899|CDS|CYA_2062	86.593	2275	305	0	1	2275	1	2275	0.0	2728
Ga0374812_01_37754_39229	CP000240.1:2074826-2076425|CDS|CYB_1977	98.577	1476	21	0	1	1476	124	1599	0.0	2568
Ga0374812_01_39425_39670	CP000240.1:2074480-2074726|CDS|CYB_1975	98.374	246	4	0	1	246	1	246	3.46e-120	426
Ga0374812_01_39425_39670	CP000239.1:2085906-2086185|CDS|CYA_2065	92.386	197	15	0	1	197	1	197	2.19e-78	288
Ga0374812_01_39897_40733	CP000240.1:2073417-2074254|CDS|CYB_1974	96.774	837	27	0	1	837	1	837	0.0	1388
Ga0374812_01_39897_40733	CP000239.1:2086423-2087257|CDS|CYA_2066	81.873	833	121	2	1	833	1	803	0.0	840
Ga0374812_01_40734_41225	CP000240.1:2072925-2073417|CDS|CYB_1973	94.512	492	27	0	1	492	1	492	0.0	766
Ga0374812_01_41493_42131	CP000240.1:2071776-2072670|CDS|CYB_1972	96.714	639	16	1	1	639	1	634	0.0	1058
Ga0374812_01_41493_42131	CP000239.1:2087285-2088311|CDS|CYA_2067	84.652	632	92	1	8	639	140	766	0.0	703
Ga0374812_01_42092_42391	CP000240.1:2071776-2072670|CDS|CYB_1972	97.297	296	8	0	1	296	595	890	8.30e-142	499
Ga0374812_01_42092_42391	CP000239.1:2087285-2088311|CDS|CYA_2067	82.986	288	49	0	1	288	727	1014	1.50e-81	299
Ga0374812_01_42568_43860	CP000240.1:2070303-2071596|CDS|CYB_1971	99.227	1293	10	0	1	1293	1	1293	0.0	2287
Ga0374812_01_42568_43860	CP000239.1:2535267-2536536|CDS|CYA_2520	84.732	1251	191	0	1	1251	1	1251	0.0	1396
Ga0374812_01_43863_47459	CP000240.1:2066704-2070322|CDS|CYB_1970	98.888	3597	40	0	1	3597	22	3618	0.0	6307
Ga0374812_01_43863_47459	CP000239.1:2531668-2535265|CDS|CYA_2519	79.216	3599	744	2	1	3597	1	3597	0.0	3113
Ga0374812_01_47449_48642	CP000240.1:2065521-2066715|CDS|CYB_1969	96.566	1194	41	0	1	1194	1	1194	0.0	1969
Ga0374812_01_47449_48642	CP000239.1:2530485-2531679|CDS|CYA_2518	83.333	1194	199	0	1	1194	1	1194	0.0	1257
Ga0374812_01_48639_49232	CP000240.1:2064931-2065525|CDS|CYB_1968	99.663	594	2	0	1	594	1	594	0.0	1063
Ga0374812_01_48639_49232	CP000239.1:2529895-2530489|CDS|CYA_2517	85.135	592	88	0	1	592	1	592	0.0	672
Ga0374812_02_826_1020	CP000240.1:2451752-2451947|CDS|CYB_2345	97.436	195	5	0	1	195	1	195	5.52e-91	330
Ga0374812_02_826_1020	CP000239.1:2380762-2380957|CDS|CYA_2371	83.077	195	33	0	1	195	1	195	5.53e-53	204
Ga0374812_02_1080_1319	CP000240.1:2451441-2451693|CDS|CYB_2344	100.000	240	0	0	1	240	13	252	2.27e-122	434
Ga0374812_02_1080_1319	CP000239.1:2380458-2380698|CDS|CYA_2370	90.000	240	24	0	1	240	1	240	8.48e-90	325
Ga0374812_02_1383_2303	CP000240.1:2450469-2451390|CDS|CYB_2343	96.743	921	30	0	1	921	1	921	0.0	1526
Ga0374812_02_1383_2303	CP000239.1:2379497-2380418|CDS|CYA_2369	86.289	919	126	0	1	919	1	919	0.0	1090
Ga0374812_02_2567_4294	CP000240.1:2448478-2450206|CDS|CYB_2342	98.611	1728	24	0	1	1728	1	1728	0.0	3009
Ga0374812_02_2567_4294	CP000239.1:2377351-2379085|CDS|CYA_2368	85.359	1728	247	1	1	1722	1	1728	0.0	1977
Ga0374812_02_4503_5627	CP000240.1:2447145-2448270|CDS|CYB_2341	98.756	1125	14	0	1	1125	1	1125	0.0	1966
Ga0374812_02_4503_5627	CP000239.1:2375777-2376869|CDS|CYA_2367	86.904	985	129	0	1	985	1	985	0.0	1196
Ga0374812_02_5614_6615	CP000240.1:2446157-2447159|CDS|CYB_2340	98.703	1002	13	0	1	1002	1	1002	0.0	1749
Ga0374812_02_5614_6615	CP000239.1:2374764-2375772|CDS|CYA_2366	84.866	1011	141	2	1	1002	1	1008	0.0	1136
Ga0374812_02_6620_7486	CP000240.1:2445286-2446153|CDS|CYB_2339	97.232	867	24	0	1	867	1	867	0.0	1456
Ga0374812_02_6620_7486	CP000239.1:2373875-2374745|CDS|CYA_2365	86.079	862	120	0	1	862	1	862	0.0	1014
Ga0374812_02_7522_9081	CP000240.1:2443450-2444986|CDS|CYB_2338	96.795	1560	26	1	1	1560	1	1536	0.0	2606
Ga0374812_02_9657_10523	CP000240.1:2442008-2442875|CDS|CYB_2337	99.423	867	5	0	1	867	1	867	0.0	1542
Ga0374812_02_10559_11785	CP000240.1:2440722-2441973|CDS|CYB_2336	93.765	1251	54	2	1	1227	1	1251	0.0	1918
Ga0374812_02_10559_11785	CP000239.1:2014780-2016007|CDS|CYA_1998	79.010	1172	225	5	55	1223	64	1217	0.0	1002
Ga0374812_02_11826_11999	CP000240.1:2440508-2440682|CDS|CYB_2335	98.276	174	3	0	1	174	1	174	2.35e-82	301
Ga0374812_02_11826_11999	CP000239.1:2014595-2014769|CDS|CYA_1997	89.535	172	18	0	1	172	1	172	3.49e-61	230
Ga0374812_02_12047_12598	CP000240.1:2439909-2440461|CDS|CYB_2334	98.551	552	8	0	1	552	1	552	0.0	960
Ga0374812_02_12047_12598	CP000239.1:2014002-2014548|CDS|CYA_1996	83.818	550	83	1	1	550	1	544	9.32e-170	592
Ga0374812_02_12600_13340	CP000240.1:2439173-2439908|CDS|CYB_2333	97.143	735	21	0	7	741	1	735	0.0	1232
Ga0374812_02_12600_13340	CP000239.1:2013266-2014001|CDS|CYA_1995	90.748	735	68	0	7	741	1	735	0.0	1020
Ga0374812_02_13331_13693	CP000240.1:2438814-2439177|CDS|CYB_2332	98.347	363	6	0	1	363	1	363	0.0	628
Ga0374812_02_13331_13693	CP000239.1:2012907-2013270|CDS|CYA_1994	90.358	363	35	0	1	363	1	363	3.54e-141	498
Ga0374812_02_13800_14042	CP000240.1:2438465-2438714|CDS|CYB_2331	99.177	243	2	0	1	243	1	243	2.80e-121	430
Ga0374812_02_13800_14042	CP000239.1:2012541-2012814|CDS|CYA_1993	85.909	220	31	0	19	238	28	247	3.66e-69	258
Ga0374812_02_14685_15344	CP000240.1:2437163-2437823|CDS|CYB_2330	97.727	660	15	0	1	660	1	660	0.0	1123
Ga0374812_02_14685_15344	CP000239.1:2011734-2012391|CDS|CYA_1992	81.146	663	116	2	1	660	1	657	0.0	632
Ga0374812_02_16006_16626	CP000240.1:2436196-2436928|CDS|CYB_2329	95.330	621	17	1	1	621	124	732	0.0	996
Ga0374812_02_16006_16626	CP000239.1:2010770-2011592|CDS|CYA_1991	78.778	589	116	2	36	621	240	822	1.79e-141	499
Ga0374812_02_16746_17258	CP000240.1:2435564-2436077|CDS|CYB_2327	98.441	513	8	0	1	513	1	513	0.0	890
Ga0374812_02_16746_17258	CP000239.1:2010165-2010651|CDS|CYA_1989	79.521	459	92	2	1	458	1	458	3.68e-111	398
Ga0374812_02_17235_18281	CP000240.1:2434457-2435588|CDS|CYB_2328	98.051	975	19	0	73	1047	157	1131	0.0	1673
Ga0374812_02_17235_18281	CP000239.1:2009038-2010169|CDS|CYA_1990	87.692	975	118	2	73	1046	157	1130	0.0	1211
Ga0374812_02_18390_18938	CP000240.1:2432096-2432645|CDS|CYB_2322	99.636	549	2	0	1	549	1	549	0.0	982
Ga0374812_02_18390_18938	CP000239.1:1210708-1211260|CDS|CYA_1199	80.727	550	103	1	1	547	1	550	7.13e-146	513
Ga0374812_02_18390_18938	CP000239.1:1210660-1211167|CDS|CYA_1200	81.838	457	83	0	91	547	507	51	7.14e-127	451
Ga0374812_02_19496_20479	CP000240.1:2430557-2431541|CDS|CYB_2320	98.882	984	11	0	1	984	1	984	0.0	1726
Ga0374812_02_19496_20479	CP000239.1:1211786-1212764|CDS|CYA_1201	88.347	944	110	0	41	984	35	978	0.0	1207
Ga0374812_02_20476_21201	CP000240.1:2429835-2430561|CDS|CYB_2318	99.036	726	7	0	1	726	1	726	0.0	1278
Ga0374812_02_20476_21201	CP000239.1:1212760-1213486|CDS|CYA_1203	80.801	724	139	0	1	724	1	724	0.0	680
Ga0374812_02_21179_21952	CP000240.1:2429084-2429858|CDS|CYB_2319	97.674	774	18	0	1	774	1	774	0.0	1315
Ga0374812_02_21179_21952	CP000239.1:1213463-1214252|CDS|CYA_1202	85.081	744	111	0	31	774	46	789	0.0	842
Ga0374812_02_21991_22680	CP000240.1:2428296-2429046|CDS|CYB_2317	98.253	687	12	0	4	690	64	750	0.0	1186
Ga0374812_02_21991_22680	CP000239.1:1214239-1214983|CDS|CYA_1204	80.406	689	131	2	3	689	48	734	1.63e-180	629
Ga0374812_02_22740_23873	CP000240.1:2427163-2428297|CDS|CYB_2316	99.118	1134	10	0	1	1134	1	1134	0.0	2001
Ga0374812_02_22740_23873	CP000239.1:1214994-1216128|CDS|CYA_1205	88.183	1134	134	0	1	1134	1	1134	0.0	1442
Ga0374812_02_24112_25002	CP000240.1:2426035-2426938|CDS|CYB_2315	99.776	891	1	1	1	891	14	903	0.0	1595
Ga0374812_02_24112_25002	CP000239.1:1216338-1217253|CDS|CYA_1206	87.571	885	109	1	3	887	28	911	0.0	1097
Ga0374812_02_25171_25941	CP000240.1:2422795-2423566|CDS|CYB_2311	98.054	771	15	0	1	771	1	771	0.0	1324
Ga0374812_02_25171_25941	CP000239.1:156187-156946|CDS|CYA_0160	86.104	770	95	1	1	770	1	758	0.0	913
Ga0374812_02_26455_27573	CP000240.1:2421461-2422580|CDS|CYB_2310	96.783	1119	36	0	1	1119	1	1119	0.0	1856
Ga0374812_02_26455_27573	CP000239.1:154881-156000|CDS|CYA_0159	87.936	1119	135	0	1	1119	1	1119	0.0	1410
Ga0374812_02_27749_28804	CP000240.1:2419548-2421423|CDS|CYB_2309	97.180	922	26	0	1	922	187	1108	0.0	1546
Ga0374812_02_28940_29449	CP000240.1:2419548-2421423|CDS|CYB_2309	98.235	510	9	0	1	510	1366	1875	0.0	880
Ga0374812_02_28940_29449	CP000239.1:154077-154842|CDS|CYA_0157	89.183	416	45	0	27	442	321	736	3.20e-156	548
Ga0374812_02_29546_29818	CP000240.1:2419212-2419452|CDS|CYB_2308	97.835	231	5	0	43	273	10	240	2.30e-110	395
Ga0374812_02_29546_29818	CP000239.1:151960-152200|CDS|CYA_0155	84.167	240	38	0	34	273	1	240	9.78e-71	262
Ga0374812_02_30026_30628	CP000240.1:2418299-2418983|CDS|CYB_2307	98.507	603	9	0	1	603	82	684	0.0	1048
Ga0374812_02_30026_30628	CP000239.1:824514-825198|CDS|CYA_0813	86.070	603	84	0	1	603	82	684	0.0	710
Ga0374812_02_31034_32044	CP000240.1:2417062-2418073|CDS|CYB_2306	96.142	1011	39	0	1	1011	1	1011	0.0	1648
Ga0374812_02_31034_32044	CP000239.1:2195309-2196320|CDS|CYA_2179	87.043	1011	131	0	1	1011	1	1011	0.0	1233
Ga0374812_03_2_196	CP000240.1:295073-295370|CDS|CYB_0280	95.897	195	8	0	1	195	103	297	3.48e-87	316
Ga0374812_03_2_196	CP000239.1:653708-654005|CDS|CYA_0643	90.769	195	18	0	1	195	103	297	1.30e-73	271
Ga0374812_03_282_389	CP000239.1:653520-653628|CDS|CYA_0642	88.298	94	11	0	1	94	1	94	2.59e-28	121
Ga0374812_03_516_902	CP000240.1:294355-294742|CDS|CYB_0279	94.832	387	20	0	1	387	1	387	8.34e-175	609
Ga0374812_03_516_902	CP000239.1:11267-11660|CDS|CYA_0010	83.152	368	62	0	1	368	1	368	1.72e-107	385
Ga0374812_03_1113_2480	CP000240.1:292777-294145|CDS|CYB_0278	95.687	1368	59	0	1	1368	1	1368	0.0	2202
Ga0374812_03_1113_2480	CP000239.1:11809-13177|CDS|CYA_0011	90.095	1363	135	0	1	1363	1	1363	0.0	1850
Ga0374812_03_2699_3436	CP000240.1:291857-292559|CDS|CYB_0277	95.863	701	29	0	38	738	2	702	0.0	1134
Ga0374812_03_2699_3436	CP000239.1:14216-14957|CDS|CYA_0013	87.637	728	90	0	1	728	1	728	0.0	908
Ga0374812_03_3482_3946	CP000240.1:291316-291781|CDS|CYB_0276	95.464	463	21	0	1	463	1	463	0.0	741
Ga0374812_03_3482_3946	CP000239.1:14997-15462|CDS|CYA_0014	89.183	453	49	0	1	453	1	453	6.39e-171	597
Ga0374812_03_3980_4441	CP000240.1:544294-544735|CDS|CYB_0529	93.839	422	26	0	1	422	1	422	0.0	645
Ga0374812_03_4499_5716	CP000240.1:544792-546037|CDS|CYB_0530	89.609	1203	123	2	1	1202	1	1202	0.0	1599
Ga0374812_03_4499_5716	CP000239.1:782540-783770|CDS|CYA_0777	74.675	1232	296	7	1	1218	1	1230	0.0	799
Ga0374812_03_4499_5716	CP000239.1:1966854-1968081|CDS|CYA_1956	73.938	1201	304	2	1	1192	1	1201	0.0	755
Ga0374812_03_5752_6279	CP000240.1:290737-291265|CDS|CYB_0275	98.295	528	9	0	1	528	1	528	0.0	912
Ga0374812_03_5752_6279	CP000239.1:15512-16040|CDS|CYA_0015	86.742	528	70	0	1	528	1	528	0.0	637
Ga0374812_03_6625_8433	CP000240.1:288322-290380|CDS|CYB_0274	96.904	1809	56	0	1	1809	250	2058	0.0	3011
Ga0374812_03_6625_8433	CP000239.1:1075231-1077295|CDS|CYA_1059	86.899	1809	231	1	1	1809	262	2064	0.0	2195
Ga0374812_03_8790_9056	CP000240.1:287861-288215|CDS|CYB_0273	94.757	267	14	0	1	267	88	354	5.62e-118	419
Ga0374812_03_8790_9056	CP000239.1:1077376-1077709|CDS|CYA_1060	88.015	267	32	0	1	267	67	333	1.51e-93	338
Ga0374812_03_9205_9717	CP000240.1:287287-287800|CDS|CYB_0272	98.635	513	7	0	1	513	1	513	0.0	894
Ga0374812_03_9205_9717	CP000239.1:1077737-1078295|CDS|CYA_1061	86.417	508	69	0	1	508	46	553	1.37e-173	606
Ga0374812_03_9968_10438	CP000240.1:286565-287237|CDS|CYB_0271	99.363	471	3	0	1	471	202	672	0.0	837
Ga0374812_03_9968_10438	CP000239.1:1078416-1079034|CDS|CYA_1062	88.069	461	55	0	4	464	151	611	4.09e-167	584
Ga0374812_03_10526_10975	CP000240.1:286028-286478|CDS|CYB_0270	99.332	449	3	0	1	449	1	449	0.0	797
Ga0374812_03_10526_10975	CP000239.1:1079108-1079558|CDS|CYA_1063	89.087	449	49	0	1	449	1	449	9.16e-169	590
Ga0374812_03_11106_12176	CP000240.1:284954-285965|CDS|CYB_0269	86.774	930	123	0	118	1047	34	963	0.0	1123
Ga0374812_03_12889_14262	CP000240.1:283432-284806|CDS|CYB_0268	97.817	1374	30	0	1	1374	1	1374	0.0	2343
Ga0374812_03_12889_14262	CP000239.1:1079820-1081194|CDS|CYA_1064	88.012	1368	162	2	1	1367	1	1367	0.0	1721
Ga0374812_03_14291_16018	CP000240.1:281682-283410|CDS|CYB_0267	97.801	1728	38	0	1	1728	1	1728	0.0	2946
Ga0374812_03_14291_16018	CP000239.1:1081212-1082940|CDS|CYA_1065	88.593	1727	197	0	1	1727	1	1727	0.0	2227
Ga0374812_03_16086_16376	CP000240.1:281336-281615|CDS|CYB_0266	94.158	291	5	1	1	291	1	279	8.58e-129	455
Ga0374812_03_16086_16376	CP000239.1:1083026-1083311|CDS|CYA_1066	85.019	267	37	1	28	291	19	285	4.17e-82	300
Ga0374812_03_16459_17187	CP000240.1:280291-281254|CDS|CYB_0265	98.217	729	13	0	1	729	235	963	0.0	1257
Ga0374812_03_16459_17187	CP000239.1:1083394-1084351|CDS|CYA_1067	81.614	669	99	3	1	651	208	870	0.0	661
Ga0374812_03_17877_19325	CP000240.1:278268-279717|CDS|CYB_0263	98.275	1449	25	0	1	1449	1	1449	0.0	2501
Ga0374812_03_17877_19325	CP000239.1:1084725-1086174|CDS|CYA_1068	82.603	1437	250	0	1	1437	1	1437	0.0	1465
Ga0374812_03_19492_20919	CP000240.1:276638-278102|CDS|CYB_0262	98.599	1428	19	1	1	1428	1	1427	0.0	2482
Ga0374812_03_19492_20919	CP000239.1:1086340-1087792|CDS|CYA_1069	86.844	1429	173	5	1	1428	1	1415	0.0	1721
Ga0374812_03_20966_21424	CP000240.1:276170-276629|CDS|CYB_0261	97.598	458	11	0	1	458	1	458	0.0	777
Ga0374812_03_20966_21424	CP000239.1:1087801-1088257|CDS|CYA_1071	88.235	442	52	0	1	442	1	442	3.73e-161	563
Ga0374812_03_21473_22534	CP000240.1:275060-276122|CDS|CYB_0260	98.493	1062	16	0	1	1062	1	1062	0.0	1844
Ga0374812_03_21473_22534	CP000239.1:1890396-1891458|CDS|CYA_1885	85.147	1057	157	0	1	1057	1	1057	0.0	1199
Ga0374812_03_22562_23266	CP000240.1:270932-275033|CDS|CYB_0259	96.028	705	28	0	1	705	3397	4101	0.0	1146
Ga0374812_03_22562_23266	CP000239.1:1891481-1895570|CDS|CYA_1886	76.686	682	152	3	1	680	3397	4073	1.37e-143	507
Ga0374812_04_513_1178	CP000240.1:1976130-1976796|CDS|CYB_1889	97.598	666	16	0	1	666	1	666	0.0	1130
Ga0374812_04_1426_2175	CP000240.1:1975133-1975883|CDS|CYB_1888	98.533	750	11	0	1	750	1	750	0.0	1304
Ga0374812_04_1426_2175	CP000239.1:140471-141203|CDS|CYA_0146	86.099	705	98	0	23	727	23	727	0.0	830
Ga0374812_04_2218_3057	CP000240.1:1974253-1974940|CDS|CYB_1887	98.981	687	7	0	154	840	1	687	0.0	1208
Ga0374812_04_2218_3057	CP000239.1:141728-142415|CDS|CYA_0147	87.045	687	89	0	154	840	1	687	0.0	838
Ga0374812_04_3234_5576	CP000240.1:1971811-1974076|CDS|CYB_1886	99.956	2265	1	0	79	2343	1	2265	0.0	4081
Ga0374812_04_3234_5576	CP000239.1:142591-144856|CDS|CYA_0148	99.779	2265	5	0	79	2343	1	2265	0.0	4063
Ga0374812_04_3234_5576	CP000239.1:164139-166383|CDS|CYA_0167	80.145	2211	431	7	103	2309	25	2231	0.0	1984
Ga0374812_04_6460_8028	CP000240.1:1969280-1970906|CDS|CYB_1885	99.809	1569	3	0	1	1569	58	1626	0.0	2817
Ga0374812_04_6460_8028	CP000239.1:145760-147386|CDS|CYA_0149	99.681	1569	5	0	1	1569	58	1626	0.0	2808
Ga0374812_04_8013_9014	CP000239.1:147370-148372|CDS|CYA_0150	100.000	1002	0	0	1	1002	1	1002	0.0	1808
Ga0374812_04_8013_9014	CP000240.1:1968294-1969296|CDS|CYB_1884	99.701	1002	3	0	1	1002	1	1002	0.0	1794
Ga0374812_04_9311_9904	CP000239.1:148368-149262|CDS|CYA_0151	100.000	594	0	0	1	594	301	894	0.0	1072
Ga0374812_04_9311_9904	CP000240.1:1967404-1968298|CDS|CYB_1883	99.663	594	2	0	1	594	301	894	0.0	1063
Ga0374812_04_9909_10838	CP000239.1:149266-150196|CDS|CYA_0152	99.677	930	3	0	1	930	1	930	0.0	1664
Ga0374812_04_9909_10838	CP000240.1:1966470-1967400|CDS|CYB_1882	99.570	930	4	0	1	930	1	930	0.0	1660
Ga0374812_04_10825_11499	CP000240.1:1965809-1966484|CDS|CYB_1881	100.000	675	0	0	1	675	1	675	0.0	1218
Ga0374812_04_10825_11499	CP000239.1:150182-150857|CDS|CYA_0153	98.519	675	10	0	1	675	1	675	0.0	1173
Ga0374812_04_11581_12504	CP000240.1:1964804-1965716|CDS|CYB_1880	98.355	912	15	0	13	924	1	912	0.0	1578
Ga0374812_04_11581_12504	CP000239.1:150949-151867|CDS|CYA_0154	87.706	911	112	0	13	923	1	911	0.0	1139
Ga0374812_04_12852_13169	CP000240.1:1964140-1964701|CDS|CYB_1879	100.000	318	0	0	1	318	244	561	1.40e-164	574
Ga0374812_04_12852_13169	CP000239.1:825280-825838|CDS|CYA_0814	81.962	316	54	1	2	317	245	557	2.54e-85	312
Ga0374812_04_13311_14411	CP000240.1:1962898-1964065|CDS|CYB_1878	98.638	1101	15	0	1	1101	67	1167	0.0	1919
Ga0374812_04_13311_14411	CP000239.1:825881-827066|CDS|CYA_0815	87.920	1101	133	0	1	1101	85	1185	0.0	1387
Ga0374812_04_14570_15370	CP000240.1:1961939-1962740|CDS|CYB_1877	98.252	801	14	0	1	801	1	801	0.0	1382
Ga0374812_04_15372_16205	CP000240.1:1961104-1961839|CDS|CYB_1876	99.184	735	6	0	100	834	1	735	0.0	1299
Ga0374812_05_751_1161	CP000240.1:2256064-2256475|CDS|CYB_2155	91.971	411	33	0	1	411	1	411	6.83e-170	593
Ga0374812_05_751_1161	CP000239.1:859233-859644|CDS|CYA_0850	83.942	411	66	0	1	411	1	411	2.24e-125	444
Ga0374812_05_1389_1805	CP000240.1:2255435-2255786|CDS|CYB_2154	99.430	351	2	0	67	417	1	351	1.17e-179	625
Ga0374812_05_1814_2803	CP000240.1:2254437-2255439|CDS|CYB_2153	99.495	990	5	0	1	990	13	1002	0.0	1764
Ga0374812_05_1814_2803	CP000239.1:857454-858429|CDS|CYA_0848	85.507	966	140	0	22	987	1	966	0.0	1112
Ga0374812_05_2834_3937	CP000240.1:2253303-2254407|CDS|CYB_2152	97.283	1104	30	0	1	1104	1	1104	0.0	1856
Ga0374812_05_2834_3937	CP000239.1:856358-857447|CDS|CYA_0847	80.423	1088	196	3	18	1104	18	1089	0.0	1004
Ga0374812_05_4043_4696	CP000240.1:2252544-2253183|CDS|CYB_2151	95.618	639	28	0	16	654	1	639	0.0	1027
Ga0374812_05_4043_4696	CP000239.1:855550-856219|CDS|CYA_0846	81.550	645	109	3	2	638	5	647	6.57e-179	623
Ga0374812_05_4713_6584	CP000240.1:2250656-2252528|CDS|CYB_2150	98.291	1872	32	0	1	1872	1	1872	0.0	3232
Ga0374812_05_4713_6584	CP000239.1:853702-855547|CDS|CYA_0845	82.149	1787	287	3	14	1799	20	1775	0.0	1801
Ga0374812_05_6591_7469	CP000240.1:2249861-2250650|CDS|CYB_2149	98.099	789	15	0	91	879	1	789	0.0	1356
Ga0374812_05_6591_7469	CP000239.1:852907-853696|CDS|CYA_0844	86.692	789	105	0	91	879	1	789	0.0	950
Ga0374812_05_7575_8000	CP000240.1:2249078-2249666|CDS|CYB_2148	99.765	426	1	0	1	426	163	588	0.0	765
Ga0374812_05_7575_8000	CP000239.1:852140-852719|CDS|CYA_0843	82.367	414	66	2	1	413	151	558	1.13e-116	416
Ga0374812_05_8302_8463	CP000239.1:851870-852020|CDS|CYA_0842	75.949	158	26	1	1	158	1	146	4.22e-28	121
Ga0374812_05_8710_9903	CP000240.1:2247371-2248565|CDS|CYB_2147	95.310	1194	56	0	1	1194	1	1194	0.0	1902
Ga0374812_05_8710_9903	CP000239.1:1594889-1596107|CDS|CYA_1585	92.118	1218	72	1	1	1194	1	1218	0.0	1782
Ga0374812_05_8710_9903	CP000240.1:2168360-2169515|CDS|CYB_2071	92.727	1155	84	0	1	1155	1	1155	0.0	1705
Ga0374812_05_8710_9903	CP000239.1:712444-713638|CDS|CYA_0704	92.838	1131	81	0	1	1131	1	1131	0.0	1675
Ga0374812_05_8710_9903	CP000240.1:1954838-1956056|CDS|CYB_1872	91.169	1155	78	1	1	1131	1	1155	0.0	1641
Ga0374812_05_8710_9903	CP000239.1:2170714-2171908|CDS|CYA_2158	92.131	1131	89	0	1	1131	1	1131	0.0	1639
Ga0374812_05_8710_9903	CP000240.1:2210858-2212052|CDS|CYB_2117	91.822	1125	92	0	1	1125	1	1125	0.0	1615
Ga0374812_05_8710_9903	CP000240.1:2796782-2798000|CDS|CYB_2707	90.339	1149	87	1	1	1125	1	1149	0.0	1590
Ga0374812_05_8710_9903	CP000240.1:1803089-1804283|CDS|CYB_1722	91.158	1131	100	0	1	1131	1	1131	0.0	1590
Ga0374812_05_8710_9903	CP000239.1:774779-775973|CDS|CYA_0767	91.111	1125	100	0	1	1125	1	1125	0.0	1579
Ga0374812_05_8710_9903	CP000240.1:1083184-1084426|CDS|CYB_1042	88.974	1179	82	2	1	1131	1	1179	0.0	1575
Ga0374812_05_8710_9903	CP000240.1:2830275-2831565|CDS|CYB_2735	87.289	1243	109	3	1	1194	1	1243	0.0	1561
Ga0374812_05_8710_9903	CP000240.1:2644164-2645358|CDS|CYB_2538	90.578	1125	106	0	1	1125	1	1125	0.0	1552
Ga0374812_05_8710_9903	CP000240.1:3008652-3009870|CDS|CYB_2910	89.264	1155	100	1	1	1131	1	1155	0.0	1542
Ga0374812_05_8710_9903	CP000240.1:1190675-1191869|CDS|CYB_1151	90.409	1126	106	2	1	1125	1	1125	0.0	1537
Ga0374812_05_8710_9903	CP000240.1:52430-53648|CDS|CYB_0041	88.831	1155	105	1	1	1131	1	1155	0.0	1519
Ga0374812_05_8710_9903	CP000240.1:2553363-2554557|CDS|CYB_2454	89.867	1125	114	0	1	1125	1	1125	0.0	1516
Ga0374812_05_8710_9903	CP000240.1:1015074-1016268|CDS|CYB_0979	88.107	1194	142	0	1	1194	1	1194	0.0	1514
Ga0374812_05_8710_9903	CP000240.1:241642-242836|CDS|CYB_0233	88.211	1196	137	4	1	1194	1	1194	0.0	1508
Ga0374812_05_8710_9903	CP000240.1:1384265-1385459|CDS|CYB_1322	88.033	1195	141	2	1	1194	1	1194	0.0	1504
Ga0374812_05_8710_9903	CP000239.1:893439-894633|CDS|CYA_0887	87.437	1194	150	0	1	1194	1	1194	0.0	1478
Ga0374812_05_8710_9903	CP000240.1:345730-346924|CDS|CYB_0329	87.186	1194	153	0	1	1194	1	1194	0.0	1464
Ga0374812_05_8710_9903	CP000240.1:2128026-2129220|CDS|CYB_2026	87.302	1197	146	5	1	1194	1	1194	0.0	1457
Ga0374812_05_8710_9903	CP000239.1:629980-631174|CDS|CYA_0620	88.810	1126	124	2	1	1125	1	1125	0.0	1456
Ga0374812_05_8710_9903	CP000240.1:102811-104029|CDS|CYB_0087	86.125	1218	145	1	1	1194	1	1218	0.0	1452
Ga0374812_05_8710_9903	CP000240.1:1064975-1066169|CDS|CYB_1023	88.178	1125	133	0	1	1125	1	1125	0.0	1430
Ga0374812_05_8710_9903	CP000240.1:1316312-1317548|CDS|CYB_1259	85.194	1236	141	3	1	1194	1	1236	0.0	1429
Ga0374812_05_8710_9903	CP000240.1:2565689-2566883|CDS|CYB_2468	86.444	1195	160	2	1	1194	1	1194	0.0	1418
Ga0374812_05_8710_9903	CP000239.1:994256-995468|CDS|CYA_0981	85.903	1213	151	4	1	1194	1	1212	0.0	1417
Ga0374812_05_8710_9903	CP000240.1:638632-639850|CDS|CYB_0630	86.771	1149	128	1	1	1125	1	1149	0.0	1405
Ga0374812_05_8710_9903	CP000240.1:1521392-1522610|CDS|CYB_1450	86.597	1149	130	1	1	1125	1	1149	0.0	1396
Ga0374812_05_8710_9903	CP000240.1:1842322-1843549|CDS|CYB_1759	85.739	1157	137	3	1	1131	1	1155	0.0	1355
Ga0374812_05_8710_9903	CP000240.1:1358129-1359347|CDS|CYB_1297	85.379	1149	144	1	1	1125	1	1149	0.0	1333
Ga0374812_05_8710_9903	CP000240.1:1917270-1918464|CDS|CYB_1826	84.461	1197	180	5	1	1194	1	1194	0.0	1304
Ga0374812_05_8710_9903	CP000240.1:2619921-2621115|CDS|CYB_2521	85.613	1126	160	2	1	1125	1	1125	0.0	1294
Ga0374812_05_8710_9903	CP000240.1:1267756-1268992|CDS|CYB_1227	82.876	1238	166	7	1	1194	1	1236	0.0	1287
Ga0374812_05_8710_9903	CP000240.1:1763450-1764623|CDS|CYB_1688	84.596	1175	175	5	1	1172	1	1172	0.0	1287
Ga0374812_05_8710_9903	CP000240.1:2661652-2662870|CDS|CYB_2557	84.435	1150	153	3	1	1125	1	1149	0.0	1278
Ga0374812_05_8710_9903	CP000240.1:481588-482800|CDS|CYB_0472	83.526	1214	178	7	1	1194	1	1212	0.0	1277
Ga0374812_05_8710_9903	CP000240.1:629484-630702|CDS|CYB_0620	84.069	1155	160	1	1	1131	1	1155	0.0	1271
Ga0374812_05_8710_9903	CP000240.1:1244785-1246021|CDS|CYB_1201	82.377	1237	174	5	1	1194	1	1236	0.0	1266
Ga0374812_05_8710_9903	CP000240.1:2933473-2934709|CDS|CYB_2835	82.324	1239	171	7	1	1194	1	1236	0.0	1260
Ga0374812_05_8710_9903	CP000240.1:2219258-2220470|CDS|CYB_2126	81.878	1214	198	5	1	1194	1	1212	0.0	1196
Ga0374812_05_8710_9903	CP000239.1:698055-699204|CDS|CYA_0690	82.840	1148	171	3	1	1123	1	1147	0.0	1193
Ga0374812_05_8710_9903	CP000239.1:693322-694534|CDS|CYA_0687	81.466	1214	203	5	1	1194	1	1212	0.0	1173
Ga0374812_05_8710_9903	CP000240.1:605550-606744|CDS|CYB_0598	82.686	1132	194	2	1	1131	1	1131	0.0	1151
Ga0374812_05_8710_9903	CP000240.1:2506708-2507857|CDS|CYB_2410	75.221	1130	158	6	1	1009	1	1129	0.0	859
Ga0374812_05_8710_9903	CP000239.1:88305-89487|CDS|CYA_0091	74.665	1121	260	6	1	1115	1	1103	0.0	737
Ga0374812_05_9983_11044	CP000240.1:2246230-2247292|CDS|CYB_2146	98.023	1062	21	0	1	1062	1	1062	0.0	1821
Ga0374812_05_9983_11044	CP000239.1:1972841-1973888|CDS|CYA_1962	83.797	1043	169	0	19	1061	4	1046	0.0	1120
Ga0374812_05_11044_12096	CP000240.1:2245178-2246231|CDS|CYB_2145	98.291	1053	18	0	1	1053	1	1053	0.0	1819
Ga0374812_05_11044_12096	CP000239.1:1973892-1974942|CDS|CYA_1963	92.932	1047	74	0	1	1047	1	1047	0.0	1555
Ga0374812_05_12275_13912	CP000240.1:2243362-2245000|CDS|CYB_2144	98.046	1638	32	0	1	1638	1	1638	0.0	2810
Ga0374812_05_12275_13912	CP000239.1:1975120-1976758|CDS|CYA_1964	97.253	1638	45	0	1	1638	1	1638	0.0	2752
Ga0374812_05_14069_16132	CP000240.1:2241124-2243206|CDS|CYB_2143	96.254	2082	60	1	1	2064	1	2082	0.0	3415
Ga0374812_05_14069_16132	CP000239.1:1976914-1978981|CDS|CYA_1965	91.340	2067	176	1	1	2064	1	2067	0.0	2920
Ga0374812_06_952_1491	CP000240.1:1365813-1366362|CDS|CYB_1303	97.407	540	14	0	1	540	10	549	0.0	911
Ga0374812_06_1545_3893	CP000240.1:1366406-1368746|CDS|CYB_1304	98.932	2340	19	1	16	2349	1	2340	0.0	4109
Ga0374812_06_4001_4504	CP000240.1:1368868-1369348|CDS|CYB_1305	95.415	458	9	1	28	485	1	446	0.0	738
Ga0374812_06_4001_4504	CP000239.1:578156-578693|CDS|CYA_0564	81.917	459	75	3	1	452	1	458	2.28e-126	448
Ga0374812_06_4534_5265	CP000240.1:1369404-1370121|CDS|CYB_1306	97.908	717	15	0	16	732	1	717	0.0	1226
Ga0374812_06_4534_5265	CP000239.1:578721-579414|CDS|CYA_0565	75.589	721	137	9	16	725	1	693	1.74e-142	502
Ga0374812_06_5268_6986	CP000240.1:1370138-1371857|CDS|CYB_1307	97.615	1719	41	0	1	1719	1	1719	0.0	2916
Ga0374812_06_5268_6986	CP000239.1:579513-581181|CDS|CYA_0566	88.350	1588	185	0	29	1616	29	1616	0.0	2030
Ga0374812_06_6976_7347	CP000240.1:1371846-1372218|CDS|CYB_1308	97.312	372	10	0	1	372	1	372	2.98e-180	627
Ga0374812_06_6976_7347	CP000239.1:581170-581542|CDS|CYA_0567	83.602	372	61	0	1	372	1	372	9.14e-111	397
Ga0374812_06_7814_8734	CP000240.1:1372686-1373607|CDS|CYB_1309	98.371	921	15	0	1	921	1	921	0.0	1594
Ga0374812_06_7814_8734	CP000239.1:581830-582655|CDS|CYA_0568	84.453	804	121	2	97	898	1	802	0.0	882
Ga0374812_06_8895_10619	CP000240.1:1373767-1375492|CDS|CYB_1310	96.754	1725	56	0	1	1725	1	1725	0.0	2859
Ga0374812_06_8895_10619	CP000239.1:582702-584529|CDS|CYA_0569	85.203	1703	252	0	23	1725	125	1827	0.0	1936
Ga0374812_06_11061_11342	CP000240.1:1375773-1376055|CDS|CYB_1311	97.509	281	7	0	1	281	1	281	8.85e-135	476
Ga0374812_06_11061_11342	CP000239.1:584809-585091|CDS|CYA_0570	90.426	282	27	0	1	282	1	282	3.53e-108	388
Ga0374812_06_11794_12027	CP000240.1:1376500-1377226|CDS|CYB_1313	90.171	234	23	0	1	234	493	726	1.22e-87	319
Ga0374812_06_11794_12027	CP000239.1:585521-586202|CDS|CYA_0572	80.769	234	45	0	1	234	448	681	8.82e-58	220
Ga0374812_06_12059_12562	CP000240.1:1376500-1377226|CDS|CYB_1313	96.753	462	14	1	43	504	1	461	0.0	763
Ga0374812_06_12059_12562	CP000239.1:585521-586202|CDS|CYA_0572	75.476	420	96	4	88	504	1	416	2.00e-76	282
Ga0374812_06_12562_12852	CP000240.1:1377267-1377837|CDS|CYB_1314	97.595	291	7	0	1	291	280	570	3.41e-140	494
Ga0374812_06_12562_12852	CP000239.1:586288-586831|CDS|CYA_0573	81.625	283	52	0	1	283	253	535	4.76e-75	277
Ga0374812_06_13222_13473	CP000240.1:1377926-1378178|CDS|CYB_1315	98.413	252	4	0	1	252	1	252	1.97e-123	437
Ga0374812_06_13721_14068	CP000240.1:1378425-1378770|CDS|CYB_1316	95.942	345	14	0	4	348	1	345	3.40e-160	560
Ga0374812_06_13721_14068	CP000239.1:1151588-1151933|CDS|CYA_1125	84.058	345	53	2	4	347	1	344	4.15e-102	368
Ga0374812_06_14442_15245	CP000240.1:1379590-1380676|CDS|CYB_1318	98.881	804	9	0	1	804	283	1086	0.0	1410
Ga0374812_06_14442_15245	CP000239.1:2291816-2293013|CDS|CYA_2289	88.250	800	94	0	1	800	391	1190	0.0	1020
Ga0374812_07_548_1078	CP000240.1:1891500-1892169|CDS|CYB_1807	97.928	531	11	0	1	531	139	669	0.0	909
Ga0374812_07_548_1078	CP000239.1:1608478-1609147|CDS|CYA_1598	83.681	527	86	0	1	527	139	665	4.34e-161	563
Ga0374812_07_1102_2085	CP000240.1:1890421-1891471|CDS|CYB_1806	96.850	984	31	0	1	984	67	1050	0.0	1636
Ga0374812_07_1102_2085	CP000239.1:1609165-1610215|CDS|CYA_1599	86.802	985	128	2	1	984	67	1050	0.0	1184
Ga0374812_07_2240_2452	CP000240.1:1890120-1890333|CDS|CYB_1805	98.592	213	3	0	1	213	1	213	1.99e-103	371
Ga0374812_07_2240_2452	CP000239.1:1610303-1610516|CDS|CYA_1600	80.282	213	42	0	1	213	1	213	9.06e-51	196
Ga0374812_07_2489_2719	CP000240.1:1889853-1890084|CDS|CYB_1804	100.000	231	0	0	1	231	1	231	1.67e-117	417
Ga0374812_07_2489_2719	CP000239.1:1610555-1610786|CDS|CYA_1601	85.590	229	33	0	1	229	1	229	2.33e-71	265
Ga0374812_07_2903_3313	CP000240.1:1889259-1889670|CDS|CYB_1803	95.134	411	20	0	1	411	1	411	0.0	652
Ga0374812_07_2903_3313	CP000239.1:1610937-1611348|CDS|CYA_1602	82.250	400	71	0	11	410	11	410	2.39e-112	402
Ga0374812_07_4916_5320	CP000240.1:1887576-1887981|CDS|CYB_1801	96.782	404	13	0	1	404	1	404	0.0	671
Ga0374812_07_4916_5320	CP000239.1:1614026-1614413|CDS|CYA_1606	77.150	407	69	3	1	404	1	386	5.19e-89	324
Ga0374812_07_5450_5668	CP000240.1:1887227-1887446|CDS|CYB_1800	100.000	219	0	0	1	219	1	219	5.16e-111	396
Ga0374812_07_5450_5668	CP000239.1:1614467-1614686|CDS|CYA_1607	87.671	219	27	0	1	219	1	219	4.24e-74	274
Ga0374812_07_5726_6553	CP000240.1:1886342-1887170|CDS|CYB_1799	97.340	827	22	0	1	827	1	827	0.0	1393
Ga0374812_07_5726_6553	CP000239.1:1614728-1615568|CDS|CYA_1608	80.999	821	144	1	1	809	1	821	0.0	784
Ga0374812_07_6561_7286	CP000240.1:1885609-1886335|CDS|CYB_1798	97.796	726	16	0	1	726	1	726	0.0	1238
Ga0374812_07_6561_7286	CP000239.1:1615589-1616315|CDS|CYA_1609	83.011	724	123	0	1	724	1	724	0.0	752
Ga0374812_07_7831_8121	CP000240.1:1884495-1884804|CDS|CYB_1797	99.656	291	1	0	1	291	19	309	2.46e-148	521
Ga0374812_07_7831_8121	CP000239.1:1616846-1617155|CDS|CYA_1611	88.966	290	32	0	1	290	19	308	5.42e-106	379
Ga0374812_07_7831_8121	CP000240.1:1884082-1884424|CDS|CYB_1796	87.018	285	37	0	1	285	19	303	3.20e-96	348
Ga0374812_07_7831_8121	CP000239.1:1617246-1617588|CDS|CYA_1612	83.158	285	48	0	1	285	19	303	1.46e-81	298
Ga0374812_07_8211_8534	CP000240.1:1884082-1884424|CDS|CYB_1796	99.691	324	1	0	1	324	19	342	3.36e-166	581
Ga0374812_07_8211_8534	CP000239.1:1617246-1617588|CDS|CYA_1612	91.925	322	26	0	1	322	19	340	1.86e-131	464
Ga0374812_07_8211_8534	CP000240.1:1884495-1884804|CDS|CYB_1797	87.719	285	35	0	1	285	19	303	6.94e-99	357
Ga0374812_07_8211_8534	CP000239.1:1616846-1617155|CDS|CYA_1611	82.042	284	51	0	1	284	19	302	1.26e-76	283
Ga0374812_07_8534_8833	CP000240.1:1883783-1884083|CDS|CYB_1795	98.000	300	6	0	1	300	1	300	1.08e-146	515
Ga0374812_07_8534_8833	CP000239.1:1617588-1617888|CDS|CYA_1613	88.333	300	35	0	1	300	1	300	4.60e-107	384
Ga0374812_07_8905_10866	CP000240.1:1881750-1883712|CDS|CYB_1794	97.961	1962	40	0	1	1962	1	1962	0.0	3359
Ga0374812_07_8905_10866	CP000239.1:1617936-1619901|CDS|CYA_1614	83.577	1985	283	13	1	1962	1	1965	0.0	2091
Ga0374812_07_10957_11598	CP000240.1:1881000-1881660|CDS|CYB_1793	95.289	658	13	1	1	640	1	658	0.0	1059
Ga0374812_07_10957_11598	CP000239.1:1619981-1620671|CDS|CYA_1615	75.940	665	122	11	4	634	22	682	1.33e-130	463
Ga0374812_07_11625_12347	CP000240.1:1880251-1880968|CDS|CYB_1792	96.374	717	26	0	7	723	1	717	0.0	1177
Ga0374812_07_11625_12347	CP000239.1:1620702-1621419|CDS|CYA_1616	86.890	717	94	0	7	723	1	717	0.0	870
Ga0374812_07_12580_12984	CP000240.1:1879608-1880013|CDS|CYB_1791	94.321	405	23	0	1	405	1	405	3.26e-180	627
Ga0374812_07_12580_12984	CP000239.1:1621687-1622101|CDS|CYA_1617	80.407	393	77	0	1	393	1	393	2.07e-100	362
Ga0374812_07_13318_14625	CP000240.1:1877967-1879275|CDS|CYB_1790	97.706	1308	30	0	1	1308	1	1308	0.0	2224
Ga0374812_07_13318_14625	CP000239.1:251122-252430|CDS|CYA_0247	84.914	1286	194	0	1	1286	1	1286	0.0	1445
Ga0374812_08_181_822	CP000240.1:562272-562914|CDS|CYB_0552	99.377	642	4	0	1	642	1	642	0.0	1141
Ga0374812_08_181_822	CP000239.1:510207-510849|CDS|CYA_0495	88.629	642	73	0	1	642	1	642	0.0	829
Ga0374812_08_948_2180	CP000240.1:563049-564351|CDS|CYB_0553	97.161	1233	35	0	1	1233	70	1302	0.0	2067
Ga0374812_08_948_2180	CP000239.1:510981-512283|CDS|CYA_0496	89.756	1230	126	0	4	1233	73	1302	0.0	1651
Ga0374812_08_2387_2728	CP000240.1:564488-564941|CDS|CYB_0554	99.123	342	3	0	1	342	112	453	3.12e-173	604
Ga0374812_08_2387_2728	CP000239.1:512400-512853|CDS|CYA_0497	84.795	342	52	0	1	342	112	453	5.30e-107	383
Ga0374812_08_2897_4198	CP000240.1:564998-566426|CDS|CYB_0555	97.773	1302	29	0	1	1302	127	1428	0.0	2218
Ga0374812_08_2897_4198	CP000239.1:512910-514188|CDS|CYA_0498	76.730	1315	256	10	1	1302	1	1278	0.0	993
Ga0374812_08_4195_4752	CP000239.1:514184-515624|CDS|CYA_0499	88.593	526	60	0	15	540	897	1422	0.0	679
Ga0374812_08_4859_6148	CP000240.1:564998-566426|CDS|CYB_0555	80.015	1311	232	7	1	1290	127	1428	0.0	1179
Ga0374812_08_4859_6148	CP000239.1:512910-514188|CDS|CYA_0498	74.385	1300	301	13	1	1290	1	1278	0.0	814
Ga0374812_08_6145_7542	CP000239.1:514184-515624|CDS|CYA_0499	86.667	1380	184	0	1	1380	43	1422	0.0	1660
Ga0374812_08_7733_8887	CP000240.1:566646-567753|CDS|CYB_0556	97.398	1076	28	0	31	1106	1	1076	0.0	1815
Ga0374812_08_7733_8887	CP000239.1:515749-516856|CDS|CYA_0500	87.732	1076	132	0	31	1106	1	1076	0.0	1346
Ga0374812_08_9385_10131	CP000240.1:567965-568712|CDS|CYB_0557	97.858	747	16	0	1	747	1	747	0.0	1276
Ga0374812_08_10212_10562	CP000240.1:568792-569143|CDS|CYB_0558	98.860	351	4	0	1	351	1	351	5.06e-177	616
Ga0374812_08_10674_11129	CP000240.1:569326-569710|CDS|CYB_0559	99.479	384	2	0	73	456	1	384	0.0	684
Ga0374812_08_10674_11129	CP000239.1:2617088-2617463|CDS|CYA_2595	85.676	370	53	0	73	442	1	370	1.92e-120	429
Ga0374812_08_11147_11416	CP000240.1:569727-569997|CDS|CYB_0560	99.259	270	2	0	1	270	1	270	6.93e-136	479
Ga0374812_08_11147_11416	CP000239.1:2616762-2617065|CDS|CYA_2594	83.468	248	41	0	1	248	1	248	9.66e-71	263
Ga0374812_08_11690_12964	CP000240.1:570228-571530|CDS|CYB_0561	96.392	1275	27	1	1	1275	43	1298	0.0	2105
Ga0374812_08_11690_12964	CP000239.1:2615290-2616580|CDS|CYA_2593	84.256	1156	182	0	1	1156	43	1198	0.0	1265
Ga0374812_09_1020_2624	CP000240.1:648159-649764|CDS|CYB_0637	95.191	1601	71	3	1	1598	1	1598	0.0	2533
Ga0374812_09_1020_2624	CP000239.1:2778000-2779584|CDS|CYA_2756	85.171	1605	217	5	1	1605	1	1584	0.0	1819
Ga0374812_09_2691_3665	CP000240.1:646850-648092|CDS|CYB_0636	96.615	975	33	0	1	975	268	1242	0.0	1610
Ga0374812_09_2691_3665	CP000239.1:2776449-2777682|CDS|CYA_2755	84.870	965	146	0	1	965	259	1223	0.0	1083
Ga0374812_09_2691_3665	CP000240.1:584582-585827|CDS|CYB_0578	68.996	787	230	10	127	906	391	1170	9.31e-78	288
Ga0374812_09_4434_4658	CP000240.1:646124-646640|CDS|CYB_0635	98.222	225	4	0	1	225	292	516	7.89e-109	389
Ga0374812_09_4434_4658	CP000239.1:2775737-2776262|CDS|CYA_2754	91.827	208	16	1	1	208	310	516	1.34e-80	296
Ga0374812_09_5013_6116	CP000240.1:644666-645770|CDS|CYB_0633	96.920	1104	34	0	1	1104	1	1104	0.0	1838
Ga0374812_09_5013_6116	CP000239.1:2774240-2775344|CDS|CYA_2753	85.960	1104	153	2	1	1103	1	1103	0.0	1286
Ga0374812_09_6585_8786	CP000240.1:642011-644168|CDS|CYB_0632	97.775	2157	48	0	46	2202	1	2157	0.0	3674
Ga0374812_09_6585_8786	CP000239.1:2771628-2773785|CDS|CYA_2752	87.378	2147	271	0	46	2192	1	2147	0.0	2651
Ga0374812_09_8890_10824	CP000240.1:639991-641908|CDS|CYB_0631	97.079	1917	56	0	19	1935	1	1917	0.0	3205
Ga0374812_09_8890_10824	CP000239.1:2769532-2771449|CDS|CYA_2751	86.489	1917	259	0	19	1935	1	1917	0.0	2290
Ga0374812_09_11067_11540	CP000240.1:637943-638417|CDS|CYB_0627	97.890	474	10	0	1	474	1	474	0.0	810
Ga0374812_09_11067_11540	CP000239.1:2768829-2769303|CDS|CYA_2749	86.287	474	65	0	1	474	1	474	1.35e-160	563
Ga0374812_09_11537_11797	CP000240.1:637686-637947|CDS|CYB_0628	96.552	261	9	0	1	261	1	261	3.03e-121	431
Ga0374812_09_11537_11797	CP000239.1:2768581-2768833|CDS|CYA_2750	88.000	225	27	0	1	225	1	225	2.85e-77	285
Ga0374812_09_12389_13777	CP000240.1:635935-637345|CDS|CYB_0626	97.491	1355	34	0	1	1355	1	1355	0.0	2291
Ga0374812_09_12389_13777	CP000239.1:255873-257310|CDS|CYA_0254	83.272	1357	217	3	1	1355	1	1349	0.0	1420
Ga0374812_10_221_655	CP000240.1:1381003-1381438|CDS|CYB_1319	99.770	435	1	0	1	435	1	435	0.0	781
Ga0374812_10_221_655	CP000239.1:2293257-2293686|CDS|CYA_2290	85.545	422	61	0	1	422	1	422	7.76e-138	487
Ga0374812_10_703_2808	CP000240.1:1381485-1383591|CDS|CYB_1320	98.481	2106	32	0	1	2106	1	2106	0.0	3654
Ga0374812_10_703_2808	CP000239.1:2293750-2295856|CDS|CYA_2291	86.277	2106	289	0	1	2106	1	2106	0.0	2496
Ga0374812_10_2915_3451	CP000240.1:1383697-1384201|CDS|CYB_1321	96.825	504	16	0	34	537	1	504	0.0	838
Ga0374812_10_2915_3451	CP000239.1:2295978-2296602|CDS|CYA_2292	88.158	532	61	1	1	532	90	619	0.0	673
Ga0374812_10_3496_3963	CP000240.1:1385547-1386015|CDS|CYB_1323	98.077	468	9	0	1	468	1	468	0.0	804
Ga0374812_10_3496_3963	CP000239.1:2296552-2297020|CDS|CYA_2293	88.248	468	55	0	1	468	1	468	6.43e-171	597
Ga0374812_10_4257_5024	CP000239.1:2297212-2298082|CDS|CYA_2295	100.000	768	0	0	1	768	103	870	0.0	1386
Ga0374812_10_4257_5024	CP000240.1:1386258-1387086|CDS|CYB_1325	87.270	762	97	0	1	762	52	813	0.0	938
Ga0374812_10_5021_5353	CP000239.1:2298078-2298411|CDS|CYA_2294	99.399	333	2	0	1	333	1	333	5.48e-170	592
Ga0374812_10_5021_5353	CP000240.1:1387082-1387433|CDS|CYB_1324	84.667	300	45	1	9	307	23	322	2.85e-91	331
Ga0374812_10_5378_6682	CP000239.1:2298435-2299770|CDS|CYA_2296	94.709	1304	69	0	2	1305	32	1335	0.0	2041
Ga0374812_10_5378_6682	CP000240.1:1387468-1388773|CDS|CYB_1326	88.489	1277	147	0	1	1277	1	1277	0.0	1641
Ga0374812_10_6899_7858	CP000240.1:1388991-1389951|CDS|CYB_1327	98.854	960	11	0	1	960	1	960	0.0	1682
Ga0374812_10_6899_7858	CP000239.1:2300103-2301033|CDS|CYA_2297	85.264	889	131	0	62	950	38	926	0.0	1013
Ga0374812_10_8245_8583	CP000240.1:1390127-1390676|CDS|CYB_1328	96.450	338	12	0	1	338	211	548	4.02e-159	556
Ga0374812_10_9107_11077	CP000240.1:1391211-1393182|CDS|CYB_1330	97.768	1971	44	0	1	1971	1	1971	0.0	3357
Ga0374812_10_9107_11077	CP000239.1:1133197-1135141|CDS|CYA_1108	80.952	1869	356	0	103	1971	76	1944	0.0	1766
Ga0374812_10_11206_11613	CP000240.1:1393331-1393718|CDS|CYB_1331	97.674	387	9	0	22	408	1	387	0.0	658
Ga0374812_10_11206_11613	CP000239.1:1132683-1133100|CDS|CYA_1107	81.845	336	61	0	64	399	73	408	3.52e-91	332
Ga0374812_10_11625_12494	CP000240.1:1393729-1394599|CDS|CYB_1332	98.966	870	9	0	1	870	1	870	0.0	1529
Ga0374812_10_11625_12494	CP000239.1:1131804-1132674|CDS|CYA_1106	80.898	869	166	0	1	869	1	869	0.0	820
Ga0374812_10_12585_13139	CP000240.1:1394603-1395251|CDS|CYB_1333	96.937	555	17	0	1	555	94	648	0.0	925
Ga0374812_10_12585_13139	CP000239.1:1131147-1131801|CDS|CYA_1105	86.051	552	73	2	4	555	91	638	0.0	644
Ga0374812_11_423_1322	CP000239.1:1167977-1168946|CDS|CYA_1144	98.667	900	12	0	1	900	70	969	0.0	1570
Ga0374812_11_423_1322	CP000240.1:2734922-2735891|CDS|CYB_2647	95.546	898	40	0	1	898	70	967	0.0	1440
Ga0374812_11_1400_1612	CP000239.1:1167657-1167912|CDS|CYA_1143	100.000	213	0	0	1	213	243	31	9.04e-108	385
Ga0374812_11_1400_1612	CP000240.1:2735955-2736210|CDS|CYB_2648	98.122	213	4	0	1	213	243	31	2.42e-102	367
Ga0374812_11_2385_2795	CP000240.1:2737441-2737852|CDS|CYB_2649	99.757	411	1	0	1	411	1	411	0.0	737
Ga0374812_11_2385_2795	CP000239.1:1166504-1166915|CDS|CYA_1142	99.513	411	2	0	1	411	1	411	0.0	733
Ga0374812_11_2843_5377	CP000240.1:2737899-2740434|CDS|CYB_2650	98.422	2535	40	0	1	2535	1	2535	0.0	4392
Ga0374812_11_2843_5377	CP000239.1:1163922-1166457|CDS|CYA_1140	96.647	2535	85	0	1	2535	1	2535	0.0	4189
Ga0374812_11_5712_6365	CP000240.1:2740770-2741424|CDS|CYB_2652	98.165	654	12	0	1	654	1	654	0.0	1126
Ga0374812_11_5712_6365	CP000239.1:1345252-1345906|CDS|CYA_1331	82.569	654	114	0	1	654	1	654	0.0	666
Ga0374812_11_6683_8278	CP000240.1:2741718-2743389|CDS|CYB_2654	98.684	1596	21	0	1	1596	76	1671	0.0	2784
Ga0374812_11_6683_8278	CP000239.1:1346102-1347674|CDS|CYA_1332	82.393	1596	257	2	1	1596	1	1572	0.0	1625
Ga0374812_11_8354_8923	CP000240.1:2743389-2743959|CDS|CYB_2655	97.018	570	17	0	1	570	1	570	0.0	952
Ga0374812_11_8354_8923	CP000239.1:1347729-1348299|CDS|CYA_1333	87.679	560	69	0	1	560	1	560	0.0	700
Ga0374812_11_8957_9958	CP000240.1:2743992-2744994|CDS|CYB_2656	99.701	1002	3	0	1	1002	1	1002	0.0	1794
Ga0374812_11_8957_9958	CP000239.1:1348334-1349336|CDS|CYA_1334	84.731	1002	153	0	1	1002	1	1002	0.0	1118
Ga0374812_11_10301_11512	CP000239.1:712444-713638|CDS|CYA_0704	96.552	1131	39	0	19	1149	1	1131	0.0	1865
Ga0374812_11_10301_11512	CP000240.1:2210858-2212052|CDS|CYB_2117	95.911	1125	46	0	19	1143	1	1125	0.0	1822
Ga0374812_11_10301_11512	CP000240.1:2247371-2248565|CDS|CYB_2147	91.876	1194	97	0	19	1212	1	1194	0.0	1717
Ga0374812_11_10301_11512	CP000240.1:2168360-2169515|CDS|CYB_2071	92.468	1155	87	0	19	1173	1	1155	0.0	1691
Ga0374812_11_10301_11512	CP000239.1:1594889-1596107|CDS|CYA_1585	90.476	1218	92	1	19	1212	1	1218	0.0	1691
Ga0374812_11_10301_11512	CP000240.1:1954838-1956056|CDS|CYB_1872	92.121	1155	67	1	19	1149	1	1155	0.0	1691
Ga0374812_11_10301_11512	CP000239.1:2170714-2171908|CDS|CYA_2158	92.308	1131	87	0	19	1149	1	1131	0.0	1648
Ga0374812_11_10301_11512	CP000240.1:1083184-1084426|CDS|CYB_1042	89.652	1179	74	2	19	1149	1	1179	0.0	1611
Ga0374812_11_10301_11512	CP000240.1:2644164-2645358|CDS|CYB_2538	90.933	1125	102	0	19	1143	1	1125	0.0	1570
Ga0374812_11_10301_11512	CP000239.1:774779-775973|CDS|CYA_0767	90.844	1125	103	0	19	1143	1	1125	0.0	1565
Ga0374812_11_10301_11512	CP000240.1:2830275-2831565|CDS|CYB_2735	87.128	1243	111	3	19	1212	1	1243	0.0	1552
Ga0374812_11_10301_11512	CP000240.1:52430-53648|CDS|CYB_0041	89.437	1155	98	1	19	1149	1	1155	0.0	1551
Ga0374812_11_10301_11512	CP000240.1:2796782-2798000|CDS|CYB_2707	88.947	1149	103	1	19	1143	1	1149	0.0	1517
Ga0374812_11_10301_11512	CP000239.1:893439-894633|CDS|CYA_0887	88.107	1194	142	0	19	1212	1	1194	0.0	1514
Ga0374812_11_10301_11512	CP000239.1:629980-631174|CDS|CYA_0620	89.876	1126	112	2	19	1143	1	1125	0.0	1510
Ga0374812_11_10301_11512	CP000240.1:1803089-1804283|CDS|CYB_1722	89.390	1131	120	0	19	1149	1	1131	0.0	1499
Ga0374812_11_10301_11512	CP000240.1:2553363-2554557|CDS|CYB_2454	89.333	1125	120	0	19	1143	1	1125	0.0	1489
Ga0374812_11_10301_11512	CP000240.1:1190675-1191869|CDS|CYB_1151	89.165	1126	120	2	19	1143	1	1125	0.0	1474
Ga0374812_11_10301_11512	CP000240.1:1015074-1016268|CDS|CYB_0979	87.270	1194	152	0	19	1212	1	1194	0.0	1469
Ga0374812_11_10301_11512	CP000240.1:638632-639850|CDS|CYB_0630	87.293	1149	122	1	19	1143	1	1149	0.0	1432
Ga0374812_11_10301_11512	CP000240.1:3008652-3009870|CDS|CYB_2910	87.100	1155	125	1	19	1149	1	1155	0.0	1429
Ga0374812_11_10301_11512	CP000240.1:1384265-1385459|CDS|CYB_1322	86.109	1195	164	2	19	1212	1	1194	0.0	1400
Ga0374812_11_10301_11512	CP000239.1:994256-995468|CDS|CYA_0981	85.491	1213	156	4	19	1212	1	1212	0.0	1395
Ga0374812_11_10301_11512	CP000240.1:102811-104029|CDS|CYB_0087	84.729	1218	162	1	19	1212	1	1218	0.0	1376
Ga0374812_11_10301_11512	CP000240.1:1521392-1522610|CDS|CYB_1450	86.162	1149	135	1	19	1143	1	1149	0.0	1373
Ga0374812_11_10301_11512	CP000240.1:1358129-1359347|CDS|CYB_1297	86.162	1149	135	1	19	1143	1	1149	0.0	1373
Ga0374812_11_10301_11512	CP000240.1:1064975-1066169|CDS|CYB_1023	87.022	1125	146	0	19	1143	1	1125	0.0	1371
Ga0374812_11_10301_11512	CP000240.1:1316312-1317548|CDS|CYB_1259	83.981	1236	156	3	19	1212	1	1236	0.0	1361
Ga0374812_11_10301_11512	CP000240.1:241642-242836|CDS|CYB_0233	85.368	1196	171	4	19	1212	1	1194	0.0	1354
Ga0374812_11_10301_11512	CP000240.1:345730-346924|CDS|CYB_0329	85.008	1194	179	0	19	1212	1	1194	0.0	1347
Ga0374812_11_10301_11512	CP000240.1:481588-482800|CDS|CYB_0472	84.679	1214	164	7	19	1212	1	1212	0.0	1340
Ga0374812_11_10301_11512	CP000240.1:2128026-2129220|CDS|CYB_2026	84.783	1196	178	4	19	1212	1	1194	0.0	1323
Ga0374812_11_10301_11512	CP000240.1:1842322-1843549|CDS|CYB_1759	84.875	1157	147	3	19	1149	1	1155	0.0	1310
Ga0374812_11_10301_11512	CP000240.1:2619921-2621115|CDS|CYB_2521	85.346	1126	163	2	19	1143	1	1125	0.0	1280
Ga0374812_11_10301_11512	CP000240.1:2661652-2662870|CDS|CYB_2557	84.435	1150	153	3	19	1143	1	1149	0.0	1278
Ga0374812_11_10301_11512	CP000240.1:2565689-2566883|CDS|CYB_2468	83.682	1195	193	2	19	1212	1	1194	0.0	1269
Ga0374812_11_10301_11512	CP000240.1:629484-630702|CDS|CYB_0620	83.896	1155	162	1	19	1149	1	1155	0.0	1262
Ga0374812_11_10301_11512	CP000240.1:1244785-1246021|CDS|CYB_1201	82.215	1237	176	5	19	1212	1	1236	0.0	1257
Ga0374812_11_10301_11512	CP000240.1:605550-606744|CDS|CYB_0598	84.629	1132	172	2	19	1149	1	1131	0.0	1251
Ga0374812_11_10301_11512	CP000240.1:2933473-2934709|CDS|CYB_2835	81.759	1239	178	7	19	1212	1	1236	0.0	1228
Ga0374812_11_10301_11512	CP000239.1:698055-699204|CDS|CYA_0690	83.362	1148	165	3	19	1141	1	1147	0.0	1220
Ga0374812_11_10301_11512	CP000240.1:1267756-1268992|CDS|CYB_1227	81.502	1238	183	7	19	1212	1	1236	0.0	1211
Ga0374812_11_10301_11512	CP000240.1:1763450-1764623|CDS|CYB_1688	82.896	1181	184	6	19	1190	1	1172	0.0	1209
Ga0374812_11_10301_11512	CP000240.1:1917270-1918464|CDS|CYB_1826	82.107	1196	210	4	19	1212	1	1194	0.0	1178
Ga0374812_11_10301_11512	CP000239.1:693322-694534|CDS|CYA_0687	79.967	1213	223	4	19	1212	1	1212	0.0	1093
Ga0374812_11_10301_11512	CP000240.1:2219258-2220470|CDS|CYB_2126	79.555	1213	228	4	19	1212	1	1212	0.0	1070
Ga0374812_11_10301_11512	CP000240.1:2506708-2507857|CDS|CYB_2410	74.956	1134	164	5	19	1032	1	1134	0.0	851
Ga0374812_11_10301_11512	CP000239.1:88305-89487|CDS|CYA_0091	74.552	1116	260	4	24	1133	6	1103	0.0	737
Ga0374812_12_656_1615	CP000240.1:1839899-1840901|CDS|CYB_1757	96.979	960	29	0	1	960	43	1002	0.0	1601
Ga0374812_12_656_1615	CP000239.1:72363-73359|CDS|CYA_0075	88.307	898	105	0	3	900	54	951	0.0	1147
Ga0374812_12_1689_3563	CP000240.1:1837180-1839013|CDS|CYB_1754	97.872	1833	39	0	43	1875	1	1833	0.0	3131
Ga0374812_12_1689_3563	CP000239.1:73397-75167|CDS|CYA_0076	88.235	1768	208	0	106	1873	1	1768	0.0	2251
Ga0374812_12_3758_4960	CP000240.1:1835741-1836944|CDS|CYB_1752	96.985	1194	36	0	1	1194	1	1194	0.0	1992
Ga0374812_12_3758_4960	CP000239.1:717299-718511|CDS|CYA_0710	86.767	1194	158	0	1	1194	1	1194	0.0	1442
Ga0374812_12_5053_6333	CP000240.1:1833864-1835145|CDS|CYB_1751	98.749	1279	16	0	1	1279	1	1279	0.0	2235
Ga0374812_12_5053_6333	CP000239.1:715878-717159|CDS|CYA_0709	89.141	1280	139	0	1	1280	1	1280	0.0	1682
Ga0374812_12_6428_6940	CP000240.1:1833257-1833770|CDS|CYB_1750	99.610	513	2	0	1	513	1	513	0.0	917
Ga0374812_12_6428_6940	CP000239.1:715288-715768|CDS|CYA_0707	87.692	455	54	2	1	454	1	454	1.46e-160	562
Ga0374812_12_7081_8298	CP000240.1:1831899-1833117|CDS|CYB_1748	98.768	1218	15	0	1	1218	1	1218	0.0	2130
Ga0374812_12_7081_8298	CP000239.1:870346-871561|CDS|CYA_0862	83.750	1200	192	1	6	1205	6	1202	0.0	1284
Ga0374812_12_8295_9059	CP000240.1:1831099-1831903|CDS|CYB_1749	99.477	765	4	0	1	765	40	804	0.0	1362
Ga0374812_12_8295_9059	CP000239.1:869557-870361|CDS|CYA_0863	85.359	765	112	0	1	765	40	804	0.0	875
Ga0374812_12_9104_9478	CP000240.1:1830518-1831094|CDS|CYB_1747	99.733	375	1	0	1	375	202	576	0.0	673
Ga0374812_12_9104_9478	CP000239.1:868982-869552|CDS|CYA_0861	90.400	375	36	0	1	375	196	570	1.37e-146	515
Ga0374812_12_10261_10944	CP000240.1:1829256-1829940|CDS|CYB_1746	97.953	684	14	0	1	684	1	684	0.0	1171
Ga0374812_12_10261_10944	CP000239.1:867734-868409|CDS|CYA_0860	92.377	669	51	0	16	684	7	675	0.0	977
Ga0374812_12_11048_11200	CP000240.1:1828304-1829153|CDS|CYB_1745	99.346	153	1	0	1	153	697	849	9.90e-74	272
Ga0374812_13_1232_1525	CP000239.1:1835004-1835298|CDS|CYA_1830	100.000	294	0	0	1	294	1	294	1.37e-151	531
Ga0374812_13_1232_1525	CP000240.1:424515-424845|CDS|CYB_0415	98.639	294	4	0	1	294	37	330	3.69e-146	513
Ga0374812_13_1580_2125	CP000240.1:423915-424461|CDS|CYB_0414	99.634	546	2	0	1	546	1	546	0.0	976
Ga0374812_13_1580_2125	CP000239.1:1835352-1835898|CDS|CYA_1831	98.352	546	9	0	1	546	1	546	0.0	945
Ga0374812_13_1580_2125	CP000239.1:2474425-2474977|CDS|CYA_2464	69.530	489	147	2	47	534	47	534	1.68e-52	204
Ga0374812_13_1580_2125	CP000240.1:1503975-1504527|CDS|CYB_1434	69.321	427	125	4	111	534	111	534	1.21e-41	168
Ga0374812_13_2168_2392	CP000240.1:423648-423873|CDS|CYB_0413	99.556	225	1	0	1	225	1	225	1.25e-112	402
Ga0374812_13_2168_2392	CP000239.1:1835940-1836165|CDS|CYA_1832	96.889	225	7	0	1	225	1	225	1.74e-104	375
Ga0374812_13_2396_2755	CP000240.1:423285-423645|CDS|CYB_0412	99.437	355	2	0	1	355	1	355	0.0	632
Ga0374812_13_2396_2755	CP000239.1:1836168-1836528|CDS|CYA_1833	98.889	360	4	0	1	360	1	360	0.0	632
Ga0374812_13_2752_4152	CP000239.1:1836518-1837925|CDS|CYA_1834	99.357	1400	9	0	2	1401	8	1407	0.0	2485
Ga0374812_13_2752_4152	CP000240.1:421900-423295|CDS|CYB_0411	98.199	1388	25	0	2	1389	8	1395	0.0	2391
Ga0374812_13_4140_5477	CP000239.1:1837912-1839250|CDS|CYA_1835	98.356	1338	22	0	1	1338	1	1338	0.0	2315
Ga0374812_13_4140_5477	CP000240.1:420563-421901|CDS|CYB_0410	97.833	1338	29	0	1	1338	1	1338	0.0	2283
Ga0374812_13_5559_5978	CP000240.1:420062-420482|CDS|CYB_0409	99.286	420	3	0	1	420	1	420	0.0	745
Ga0374812_13_5559_5978	CP000239.1:1839324-1839744|CDS|CYA_1836	99.286	420	3	0	1	420	1	420	0.0	745
Ga0374812_13_5981_6436	CP000240.1:419604-420060|CDS|CYB_0408	98.246	456	8	0	1	456	1	456	0.0	787
Ga0374812_13_5981_6436	CP000239.1:1839746-1840202|CDS|CYA_1837	95.833	456	19	0	1	456	1	456	0.0	737
Ga0374812_13_6503_6766	CP000239.1:1840268-1840532|CDS|CYA_1838	98.864	264	3	0	1	264	1	264	5.20e-131	463
Ga0374812_13_6503_6766	CP000240.1:419274-419538|CDS|CYB_0407	97.727	264	6	0	1	264	1	264	3.28e-127	450
Ga0374812_13_6763_7128	CP000239.1:1840528-1840894|CDS|CYA_1839	96.721	366	12	0	1	366	1	366	2.74e-174	607
Ga0374812_13_6763_7128	CP000240.1:418912-419278|CDS|CYB_0406	95.355	366	17	0	1	366	1	366	3.13e-167	584
Ga0374812_13_7171_7470	CP000240.1:418570-418870|CDS|CYB_0405	97.667	300	7	0	1	300	1	300	4.59e-145	510
Ga0374812_13_7171_7470	CP000239.1:1840936-1841236|CDS|CYA_1840	97.333	300	8	0	1	300	1	300	5.59e-144	506
Ga0374812_13_7551_7877	CP000240.1:418164-418542|CDS|CYB_0404	99.694	327	1	0	1	327	52	378	7.97e-168	586
Ga0374812_13_7551_7877	CP000239.1:1841264-1841642|CDS|CYA_1841	96.024	327	13	0	1	327	52	378	1.54e-151	532
Ga0374812_13_7977_8234	CP000240.1:417807-418065|CDS|CYB_0403	98.837	258	3	0	1	258	1	258	9.17e-128	453
Ga0374812_13_7977_8234	CP000239.1:1841736-1841994|CDS|CYA_1842	97.287	258	7	0	1	258	1	258	2.46e-122	434
Ga0374812_14_485_2572	CP000240.1:833612-835700|CDS|CYB_0807	97.605	2088	50	0	1	2088	1	2088	0.0	3541
Ga0374812_14_485_2572	CP000239.1:2587474-2589562|CDS|CYA_2564	87.171	2089	266	2	1	2088	1	2088	0.0	2553
Ga0374812_14_2886_4718	CP000240.1:831481-833314|CDS|CYB_0806	97.488	1831	46	0	1	1831	1	1831	0.0	3095
Ga0374812_14_2886_4718	CP000239.1:313287-315018|CDS|CYA_0308	74.945	1828	342	12	1	1827	13	1725	0.0	1283
Ga0374812_14_4722_5165	CP000240.1:831034-831478|CDS|CYB_0805	98.423	444	7	0	1	444	1	444	0.0	770
Ga0374812_14_4722_5165	CP000239.1:312833-313277|CDS|CYA_0307	83.784	444	72	0	1	444	1	444	4.11e-135	477
Ga0374812_14_5307_5504	CP000240.1:830328-830916|CDS|CYB_0804	100.000	198	0	0	1	198	24	221	1.16e-99	358
Ga0374812_14_5307_5504	CP000239.1:312457-312718|CDS|CYA_0306	78.947	190	40	0	1	190	34	223	4.93e-41	163
Ga0374812_14_5587_5871	CP000240.1:830328-830916|CDS|CYB_0804	99.649	285	1	0	1	285	304	588	4.34e-145	510
Ga0374812_14_5587_5871	CP000239.1:312013-312340|CDS|CYA_0305	85.837	233	33	0	1	233	43	275	1.98e-73	272
Ga0374812_14_5884_7344	CP000240.1:828855-830316|CDS|CYB_0803	98.631	1461	20	0	1	1461	1	1461	0.0	2545
Ga0374812_14_5884_7344	CP000239.1:310545-312012|CDS|CYA_0303	80.632	1456	277	3	1	1455	1	1452	0.0	1346
Ga0374812_14_7649_8578	CP000240.1:827617-828547|CDS|CYB_0801	97.522	928	23	0	1	928	1	928	0.0	1571
Ga0374812_14_8702_9145	CP000240.1:827053-827497|CDS|CYB_0800	95.721	444	19	0	1	444	1	444	0.0	716
Ga0374812_14_8702_9145	CP000240.1:2192897-2193341|CDS|CYB_2098	77.169	438	100	0	7	444	7	444	7.44e-94	340
Ga0374812_15_299_535	CP000240.1:371549-371756|CDS|CYB_0355	100.000	207	0	0	31	237	1	207	1.84e-104	374
Ga0374812_15_576_803	CP000240.1:371796-372024|CDS|CYB_0356	99.561	228	1	0	1	228	1	228	2.98e-114	407
Ga0374812_15_576_803	CP000239.1:1510330-1510564|CDS|CYA_1501	82.297	209	37	0	20	228	26	234	4.44e-55	211
Ga0374812_15_957_2021	CP000240.1:372177-373257|CDS|CYB_0357	98.310	1065	18	0	1	1065	16	1080	0.0	1840
Ga0374812_15_957_2021	CP000239.1:1509141-1510221|CDS|CYA_1500	90.986	1065	96	0	1	1065	16	1080	0.0	1489
Ga0374812_15_2433_3005	CP000240.1:373632-374226|CDS|CYB_0358	97.208	573	16	0	1	573	22	594	0.0	962
Ga0374812_15_2433_3005	CP000239.1:1508119-1508881|CDS|CYA_1498	85.938	576	78	1	1	573	187	762	0.0	673
Ga0374812_15_3042_3920	CP000240.1:374261-375125|CDS|CYB_0359	98.590	851	12	0	1	851	1	851	0.0	1481
Ga0374812_15_3042_3920	CP000239.1:2196565-2197444|CDS|CYA_2180	84.036	877	140	0	1	877	1	877	0.0	951
Ga0374812_15_4098_4493	CP000240.1:375307-377185|CDS|CYB_0360	97.222	396	11	0	1	396	1483	1878	0.0	665
Ga0374812_15_4098_4493	CP000239.1:2197594-2199466|CDS|CYA_2181	86.514	393	53	0	1	393	1471	1863	5.40e-133	471
Ga0374812_15_4477_5910	CP000240.1:375307-377185|CDS|CYB_0360	98.326	1434	23	1	1	1434	67	1499	0.0	2475
Ga0374812_15_4477_5910	CP000239.1:2197594-2199466|CDS|CYA_2181	79.628	1453	250	16	3	1434	60	1487	0.0	1256
Ga0374812_15_6226_7242	CP000240.1:377265-378450|CDS|CYB_0361	96.165	1017	38	1	1	1017	170	1185	0.0	1655
Ga0374812_15_6226_7242	CP000239.1:2199574-2200729|CDS|CYA_2182	75.562	978	229	6	1	975	149	1119	0.0	669
Ga0374812_15_7674_8201	CP000240.1:378803-379409|CDS|CYB_0362	100.000	528	0	0	1	528	79	606	0.0	953
Ga0374812_15_7674_8201	CP000239.1:2766532-2767138|CDS|CYA_2746	85.164	519	77	0	1	519	79	597	1.08e-168	590
Ga0374812_15_8399_8617	CP000240.1:379606-379825|CDS|CYB_0363	100.000	219	0	0	1	219	1	219	5.16e-111	396
Ga0374812_15_8399_8617	CP000239.1:2767285-2767540|CDS|CYA_2747	83.105	219	31	1	1	219	43	255	4.53e-61	230
Ga0374812_15_9117_9635	CP000240.1:380442-381219|CDS|CYB_0364	99.807	519	1	0	1	519	259	777	0.0	932
Ga0374812_15_9117_9635	CP000239.1:2250413-2251124|CDS|CYA_2236	81.637	452	78	3	1	450	259	707	1.81e-121	433
Ga0374812_16_721_1044	CP000240.1:1333696-1334005|CDS|CYB_1278	96.440	309	11	0	16	324	1	309	1.74e-144	508
Ga0374812_16_721_1044	CP000239.1:1632593-1632902|CDS|CYA_1630	88.026	309	37	0	16	324	1	309	3.37e-109	391
Ga0374812_16_1108_1716	CP000240.1:1334082-1334691|CDS|CYB_1279	94.876	605	31	0	1	605	1	605	0.0	952
Ga0374812_16_1108_1716	CP000239.1:1632978-1633587|CDS|CYA_1631	85.620	605	87	0	1	605	1	605	0.0	700
Ga0374812_16_1836_3185	CP000240.1:1334810-1336124|CDS|CYB_1280	98.039	1326	14	1	25	1350	1	1314	0.0	2281
Ga0374812_16_1836_3185	CP000239.1:1633706-1634978|CDS|CYA_1632	94.824	1275	60	4	79	1350	1	1272	0.0	1990
Ga0374812_16_3331_4008	CP000240.1:1336293-1337025|CDS|CYB_1281	98.230	678	12	0	1	678	55	732	0.0	1169
Ga0374812_16_3331_4008	CP000239.1:1635201-1635933|CDS|CYA_1633	85.398	678	99	0	1	678	55	732	0.0	777
Ga0374812_16_4080_4544	CP000240.1:1337042-1337507|CDS|CYB_1282	97.204	465	13	0	1	465	1	465	0.0	781
Ga0374812_16_4080_4544	CP000239.1:1635932-1636400|CDS|CYA_1634	81.474	475	67	2	1	463	1	466	6.40e-133	471
Ga0374812_16_4767_5522	CP000240.1:1337728-1338484|CDS|CYB_1283	96.296	756	28	0	1	756	1	756	0.0	1238
Ga0374812_16_4767_5522	CP000239.1:1636900-1637653|CDS|CYA_1636	82.100	743	133	0	1	743	1	743	0.0	741
Ga0374812_16_5586_6539	CP000240.1:1338554-1339532|CDS|CYB_1284	99.161	954	8	0	1	954	25	978	0.0	1685
Ga0374812_16_5586_6539	CP000239.1:2022285-2023263|CDS|CYA_2005	87.185	952	122	0	1	952	25	976	0.0	1168
Ga0374812_16_6869_7687	CP000240.1:1339836-1340559|CDS|CYB_1285	95.989	723	29	0	97	819	1	723	0.0	1174
Ga0374812_16_6869_7687	CP000239.1:2021156-2021975|CDS|CYA_2004	86.414	817	111	0	1	817	1	817	0.0	974
Ga0374812_16_7773_9035	CP000240.1:1340740-1342003|CDS|CYB_1286	97.704	1263	29	0	1	1263	1	1263	0.0	2148
Ga0374812_16_7773_9035	CP000239.1:2019790-2021053|CDS|CYA_2003	84.719	1263	193	0	1	1263	1	1263	0.0	1408
Ga0374812_16_7773_9035	CP000240.1:814083-815385|CDS|CYB_0788	66.599	982	297	20	184	1145	175	1145	2.85e-60	231
Ga0374812_17_59_1441	CP000240.1:838432-839815|CDS|CYB_0810	99.422	1383	8	0	1	1383	1	1383	0.0	2459
Ga0374812_17_59_1441	CP000239.1:2583384-2584767|CDS|CYA_2560	78.016	1401	268	12	1	1381	1	1381	0.0	1121
Ga0374812_17_1696_2934	CP000240.1:1267756-1268992|CDS|CYB_1227	95.395	1216	54	2	23	1237	2	1216	0.0	1934
Ga0374812_17_1696_2934	CP000240.1:629484-630702|CDS|CYB_0620	94.495	1217	67	0	23	1239	2	1218	0.0	1893
Ga0374812_17_1696_2934	CP000240.1:2933473-2934709|CDS|CYB_2835	93.997	1216	71	2	23	1237	2	1216	0.0	1857
Ga0374812_17_1696_2934	CP000240.1:2619921-2621115|CDS|CYB_2521	93.350	1218	55	3	23	1239	2	1194	0.0	1842
Ga0374812_17_1696_2934	CP000240.1:2661652-2662870|CDS|CYB_2557	91.217	1241	61	2	23	1239	2	1218	0.0	1782
Ga0374812_17_1696_2934	CP000240.1:1244785-1246021|CDS|CYB_1201	90.153	1239	74	2	23	1237	2	1216	0.0	1719
Ga0374812_17_1696_2934	CP000239.1:629980-631174|CDS|CYA_0620	89.565	1217	103	1	23	1239	2	1194	0.0	1640
Ga0374812_17_1696_2934	CP000240.1:605550-606744|CDS|CYB_0598	89.482	1217	104	1	23	1239	2	1194	0.0	1636
Ga0374812_17_1696_2934	CP000239.1:893439-894633|CDS|CYA_0887	91.259	1144	76	1	23	1166	2	1121	0.0	1630
Ga0374812_17_1696_2934	CP000240.1:481588-482800|CDS|CYB_0472	89.309	1216	104	3	23	1237	2	1192	0.0	1618
Ga0374812_17_1696_2934	CP000239.1:698055-699204|CDS|CYA_0690	89.478	1169	75	2	23	1167	2	1146	0.0	1589
Ga0374812_17_1696_2934	CP000240.1:1521392-1522610|CDS|CYB_1450	88.661	1217	138	0	23	1239	2	1218	0.0	1573
Ga0374812_17_1696_2934	CP000239.1:994256-995468|CDS|CYA_0981	88.395	1215	117	1	23	1237	2	1192	0.0	1573
Ga0374812_17_1696_2934	CP000240.1:241642-242836|CDS|CYB_0233	90.078	1149	88	3	23	1170	2	1125	0.0	1569
Ga0374812_17_1696_2934	CP000240.1:638632-639850|CDS|CYB_0630	88.250	1217	143	0	23	1239	2	1218	0.0	1551
Ga0374812_17_1696_2934	CP000240.1:1083184-1084426|CDS|CYB_1042	87.188	1241	135	1	23	1239	2	1242	0.0	1539
Ga0374812_17_1696_2934	CP000240.1:3008652-3009870|CDS|CYB_2910	87.675	1217	150	0	23	1239	2	1218	0.0	1519
Ga0374812_17_1696_2934	CP000239.1:2170714-2171908|CDS|CYA_2158	87.346	1217	130	1	23	1239	2	1194	0.0	1518
Ga0374812_17_1696_2934	CP000239.1:774779-775973|CDS|CYA_0767	87.264	1217	131	1	23	1239	2	1194	0.0	1514
Ga0374812_17_1696_2934	CP000240.1:1358129-1359347|CDS|CYB_1297	87.510	1217	152	0	23	1239	2	1218	0.0	1510
Ga0374812_17_1696_2934	CP000240.1:1316312-1317548|CDS|CYB_1259	86.360	1239	121	2	23	1237	2	1216	0.0	1508
Ga0374812_17_1696_2934	CP000240.1:1842322-1843549|CDS|CYB_1759	86.227	1227	121	2	23	1225	2	1204	0.0	1486
Ga0374812_17_1696_2934	CP000240.1:2644164-2645358|CDS|CYB_2538	86.606	1217	139	1	23	1239	2	1194	0.0	1478
Ga0374812_17_1696_2934	CP000240.1:2796782-2798000|CDS|CYB_2707	85.012	1241	138	2	23	1239	2	1218	0.0	1434
Ga0374812_17_1696_2934	CP000240.1:2565689-2566883|CDS|CYB_2468	87.369	1148	121	1	23	1170	2	1125	0.0	1434
Ga0374812_17_1696_2934	CP000240.1:1954838-1956056|CDS|CYB_1872	85.024	1242	136	4	23	1239	2	1218	0.0	1429
Ga0374812_17_1696_2934	CP000240.1:2830275-2831565|CDS|CYB_2735	84.907	1239	146	2	23	1237	2	1223	0.0	1420
Ga0374812_17_1696_2934	CP000240.1:1384265-1385459|CDS|CYB_1322	87.021	1148	125	1	23	1170	2	1125	0.0	1416
Ga0374812_17_1696_2934	CP000240.1:1803089-1804283|CDS|CYB_1722	85.292	1217	155	1	23	1239	2	1194	0.0	1406
Ga0374812_17_1696_2934	CP000240.1:52430-53648|CDS|CYB_0041	84.287	1241	147	2	23	1239	2	1218	0.0	1394
Ga0374812_17_1696_2934	CP000240.1:2210858-2212052|CDS|CYB_2117	85.057	1218	156	3	23	1239	2	1194	0.0	1387
Ga0374812_17_1696_2934	CP000240.1:1190675-1191869|CDS|CYB_1151	84.975	1218	157	3	23	1239	2	1194	0.0	1382
Ga0374812_17_1696_2934	CP000240.1:2168360-2169515|CDS|CYB_2071	86.237	1148	134	1	23	1170	2	1125	0.0	1376
Ga0374812_17_1696_2934	CP000240.1:345730-346924|CDS|CYB_0329	86.063	1148	136	1	23	1170	2	1125	0.0	1367
Ga0374812_17_1696_2934	CP000240.1:1015074-1016268|CDS|CYB_0979	85.801	1148	139	1	23	1170	2	1125	0.0	1353
Ga0374812_17_1696_2934	CP000240.1:2553363-2554557|CDS|CYB_2454	84.224	1217	168	1	23	1239	2	1194	0.0	1347
Ga0374812_17_1696_2934	CP000239.1:712444-713638|CDS|CYA_0704	84.254	1213	165	3	28	1239	7	1194	0.0	1337
Ga0374812_17_1696_2934	CP000240.1:1064975-1066169|CDS|CYB_1023	82.991	1217	183	1	23	1239	2	1194	0.0	1279
Ga0374812_17_1696_2934	CP000239.1:1594889-1596107|CDS|CYA_1585	84.421	1149	153	3	23	1170	2	1125	0.0	1276
Ga0374812_17_1696_2934	CP000240.1:2247371-2248565|CDS|CYB_2147	84.247	1149	155	4	23	1170	2	1125	0.0	1262
Ga0374812_17_1696_2934	CP000240.1:102811-104029|CDS|CYB_0087	82.666	1148	199	0	23	1170	2	1149	0.0	1174
Ga0374812_17_1696_2934	CP000240.1:2506708-2507857|CDS|CYB_2410	80.335	1134	125	6	23	1059	2	1134	0.0	1102
Ga0374812_17_1696_2934	CP000240.1:2219258-2220470|CDS|CYB_2126	76.206	1223	251	9	23	1237	2	1192	0.0	890
Ga0374812_17_1696_2934	CP000239.1:693322-694534|CDS|CYA_0687	76.124	1223	252	9	23	1237	2	1192	0.0	885
Ga0374812_17_1696_2934	CP000240.1:2128026-2129220|CDS|CYB_2026	75.650	1154	245	8	23	1170	2	1125	0.0	811
Ga0374812_17_1696_2934	CP000240.1:1763450-1764623|CDS|CYB_1688	75.367	1157	243	11	23	1170	2	1125	0.0	791
Ga0374812_17_1696_2934	CP000240.1:1917270-1918464|CDS|CYB_1826	74.676	1157	251	11	23	1170	2	1125	0.0	755
Ga0374812_17_1696_2934	CP000239.1:88305-89487|CDS|CYA_0091	74.081	1142	252	7	23	1160	2	1103	0.0	734
Ga0374812_17_2953_3357	CP000240.1:2724876-2725314|CDS|CYB_2634	96.742	399	13	0	3	401	36	434	0.0	662
Ga0374812_17_2953_3357	CP000239.1:1176172-1176601|CDS|CYA_1152	84.750	400	61	0	4	403	28	427	6.31e-126	447
Ga0374812_17_3520_5418	CP000240.1:2725443-2727342|CDS|CYB_2635	97.736	1899	43	0	1	1899	1	1899	0.0	3232
Ga0374812_17_3520_5418	CP000239.1:1174188-1176054|CDS|CYA_1151	85.643	1804	253	2	1	1804	1	1798	0.0	2083
Ga0374812_17_5509_6762	CP000240.1:2277226-2278432|CDS|CYB_2174	84.662	1167	129	4	49	1214	49	1166	0.0	1325
Ga0374812_17_5509_6762	CP000239.1:229316-230522|CDS|CYA_0226	82.462	1186	149	6	33	1214	36	1166	0.0	1228
Ga0374812_17_5509_6762	CP000239.1:1196823-1198029|CDS|CYA_1181	82.378	1186	150	6	33	1214	36	1166	0.0	1223
Ga0374812_17_5509_6762	CP000239.1:1995329-1996559|CDS|CYA_1977	82.293	1186	151	6	33	1214	60	1190	0.0	1219
Ga0374812_17_6852_7298	CP000240.1:2729687-2730170|CDS|CYB_2641	98.210	447	8	0	1	447	37	483	0.0	771
Ga0374812_17_6852_7298	CP000239.1:1173594-1174071|CDS|CYA_1150	90.888	439	40	0	1	439	1	439	7.97e-176	612
Ga0374812_17_7351_7626	CP000240.1:2730221-2730497|CDS|CYB_2642	97.101	276	8	0	1	276	1	276	5.46e-131	462
Ga0374812_17_7351_7626	CP000239.1:1173296-1173572|CDS|CYA_1149	85.821	268	38	0	1	268	1	268	6.24e-86	313
Ga0374812_18_72_575	CP000240.1:2640597-2641905|CDS|CYB_2535	99.008	504	1	1	1	504	1	500	0.0	886
Ga0374812_18_659_2509	CP000240.1:2638663-2640514|CDS|CYB_2534	98.001	1851	37	0	1	1851	1	1851	0.0	3172
Ga0374812_18_659_2509	CP000239.1:1800808-1802608|CDS|CYA_1800	84.211	1786	280	2	1	1785	1	1785	0.0	1943
Ga0374812_18_2815_3489	CP000240.1:2637683-2638358|CDS|CYB_2533	99.407	675	4	0	1	675	1	675	0.0	1200
Ga0374812_18_2815_3489	CP000239.1:1799867-1800542|CDS|CYA_1799	86.963	675	88	0	1	675	1	675	0.0	821
Ga0374812_18_3728_5011	CP000240.1:2636161-2637445|CDS|CYB_2531	99.688	1284	4	0	1	1284	1	1284	0.0	2298
Ga0374812_18_3728_5011	CP000239.1:2579117-2580416|CDS|CYA_2554	87.912	1274	154	0	1	1274	1	1274	0.0	1604
Ga0374812_18_5008_7095	CP000240.1:2634101-2636165|CDS|CYB_2532	96.983	2088	39	1	1	2088	1	2064	0.0	3499
Ga0374812_18_5008_7095	CP000239.1:2577069-2579121|CDS|CYA_2555	88.717	2065	209	2	1	2065	1	2041	0.0	2687
Ga0374812_19_692_1459	CP000240.1:2795622-2796291|CDS|CYB_2706	99.103	669	6	0	100	768	1	669	0.0	1180
Ga0374812_19_692_1459	CP000239.1:1514373-1515081|CDS|CYA_1505	92.514	708	53	0	61	768	1	708	0.0	1039
Ga0374812_19_2310_3110	CP000240.1:2798461-2799262|CDS|CYB_2708	99.501	801	4	0	1	801	1	801	0.0	1427
Ga0374812_19_2310_3110	CP000239.1:1511998-1512763|CDS|CYA_1504	85.314	749	110	0	29	777	5	753	0.0	856
Ga0374812_19_3299_5380	CP000240.1:2799600-2801532|CDS|CYB_2709	97.412	1932	50	0	151	2082	1	1932	0.0	3259
Ga0374812_19_5419_6246	CP000240.1:2801570-2802398|CDS|CYB_2710	97.585	828	20	0	1	828	1	828	0.0	1404
Ga0374812_19_6243_7421	CP000240.1:2802394-2803573|CDS|CYB_2711	99.152	1179	10	0	1	1179	1	1179	0.0	2082
Ga0374812_20_489_1589	CP000240.1:1898316-1899534|CDS|CYB_1813	97.820	1101	24	0	1	1101	118	1218	0.0	1878
Ga0374812_20_489_1589	CP000239.1:1576087-1577257|CDS|CYA_1566	80.817	1053	196	1	1	1053	106	1152	0.0	990
Ga0374812_20_1688_3541	CP000240.1:1896358-1898188|CDS|CYB_1812	98.251	1830	32	0	25	1854	1	1830	0.0	3157
Ga0374812_20_1688_3541	CP000239.1:1602097-1603957|CDS|CYA_1593	85.222	1827	270	0	28	1854	34	1860	0.0	2078
Ga0374812_20_3554_5062	CP000240.1:1894837-1896346|CDS|CYB_1811	98.012	1509	30	0	1	1509	1	1509	0.0	2587
Ga0374812_20_3554_5062	CP000239.1:1603970-1605488|CDS|CYA_1594	84.261	1455	211	6	1	1446	1	1446	0.0	1581
Ga0374812_20_5099_6280	CP000240.1:1893619-1894801|CDS|CYB_1810	96.193	1182	45	0	1	1182	1	1182	0.0	1929
Ga0374812_20_5099_6280	CP000239.1:1605541-1606801|CDS|CYA_1595	85.214	1170	167	2	1	1167	1	1167	0.0	1327
Ga0374812_20_6469_7632	CP000240.1:1892267-1893431|CDS|CYB_1808	97.423	1164	30	0	1	1164	1	1164	0.0	1965
Ga0374812_20_6469_7632	CP000239.1:1607175-1608336|CDS|CYA_1597	85.838	1151	163	0	1	1151	1	1151	0.0	1342
Ga0374812_21_765_1010	CP000240.1:2492129-2492354|CDS|CYB_2390	96.618	207	7	0	1	207	207	1	1.13e-94	343
Ga0374812_21_1304_1876	CP000240.1:2491281-2491971|CDS|CYB_2389	99.127	573	5	0	1	573	118	690	0.0	1012
Ga0374812_21_1304_1876	CP000239.1:1805068-1805722|CDS|CYA_1803	84.135	561	89	0	3	563	90	650	3.61e-175	611
Ga0374812_21_2147_3031	CP000240.1:2490126-2491011|CDS|CYB_2388	99.435	885	5	0	1	885	1	885	0.0	1574
Ga0374812_21_2147_3031	CP000239.1:1806028-1806937|CDS|CYA_1804	79.626	908	161	2	1	884	1	908	0.0	817
Ga0374812_21_3018_3725	CP000240.1:2489432-2489963|CDS|CYB_2387	98.493	531	8	0	178	708	1	531	0.0	922
Ga0374812_21_3018_3725	CP000239.1:1807061-1807631|CDS|CYA_1805	79.791	574	108	5	139	708	1	570	7.14e-141	498
Ga0374812_21_3798_3980	CP000240.1:2489176-2489350|CDS|CYB_2386	93.333	165	10	1	13	177	11	174	1.68e-65	245
Ga0374812_21_4023_5144	CP000240.1:2487937-2489140|CDS|CYB_2385	97.326	1122	30	0	1	1122	82	1203	0.0	1889
Ga0374812_21_4023_5144	CP000239.1:1221033-1222236|CDS|CYA_1211	84.602	1117	172	0	1	1117	82	1198	0.0	1240
Ga0374812_21_5438_6868	CP000240.1:2486294-2487725|CDS|CYB_2384	95.649	1425	62	0	1	1425	1	1425	0.0	2291
Ga0374812_21_5438_6868	CP000239.1:1219395-1220859|CDS|CYA_1210	85.774	1427	203	0	1	1427	34	1460	0.0	1659
Ga0374812_21_6865_7383	CP000240.1:2485553-2486282|CDS|CYB_2383	98.459	519	8	0	1	519	211	729	0.0	901
Ga0374812_21_6865_7383	CP000239.1:1218654-1219383|CDS|CYA_1209	91.650	515	43	0	1	515	211	725	0.0	736
Ga0374812_22_109_990	CP000240.1:40888-41899|CDS|CYB_0033	97.166	882	25	0	1	882	130	1011	0.0	1479
Ga0374812_22_109_990	CP000239.1:618094-619252|CDS|CYA_0610	91.581	879	74	0	1	879	268	1146	0.0	1252
Ga0374812_22_1183_2730	CP000240.1:42091-43639|CDS|CYB_0034	99.354	1548	10	0	1	1548	1	1548	0.0	2747
Ga0374812_22_1183_2730	CP000239.1:619712-621260|CDS|CYA_0612	98.514	1548	23	0	1	1548	1	1548	0.0	2689
Ga0374812_22_2909_4114	CP000239.1:621321-622644|CDS|CYA_0613	98.176	1206	22	0	1	1206	118	1323	0.0	2076
Ga0374812_22_2909_4114	CP000240.1:43700-45023|CDS|CYB_0035	97.761	1206	27	0	1	1206	118	1323	0.0	2054
Ga0374812_22_4452_5219	CP000239.1:622777-623737|CDS|CYA_0614	98.956	766	8	0	3	768	195	960	0.0	1346
Ga0374812_22_4452_5219	CP000240.1:45168-46128|CDS|CYB_0036	96.867	766	24	0	3	768	195	960	0.0	1274
Ga0374812_23_54_881	CP000240.1:2963261-2965085|CDS|CYB_2865	93.116	828	57	0	1	828	997	1824	0.0	1237
Ga0374812_23_54_881	CP000239.1:1061914-1063738|CDS|CYA_1042	91.063	828	74	0	1	828	997	1824	0.0	1160
Ga0374812_23_1046_2503	CP000239.1:1060291-1061749|CDS|CYA_1041	98.148	1458	27	0	1	1458	1	1458	0.0	2508
Ga0374812_23_1046_2503	CP000240.1:2961627-2963085|CDS|CYB_2864	97.874	1458	31	0	1	1458	1	1458	0.0	2490
Ga0374812_23_2525_3085	CP000240.1:2961045-2961606|CDS|CYB_2863	95.076	528	26	0	34	561	34	561	0.0	836
Ga0374812_23_2525_3085	CP000239.1:1059441-1059936|CDS|CYA_1040	97.168	459	13	0	1	459	1	459	0.0	770
Ga0374812_23_3351_4346	CP000239.1:1058180-1059176|CDS|CYA_1039	98.092	996	19	0	1	996	1	996	0.0	1711
Ga0374812_23_3351_4346	CP000240.1:2960024-2961029|CDS|CYB_2862	97.636	973	23	0	1	973	1	973	0.0	1652
Ga0374812_23_4340_6250	CP000240.1:2958120-2960031|CDS|CYB_2861	95.395	1911	88	0	1	1911	1	1911	0.0	3050
Ga0374812_23_4340_6250	CP000239.1:1056279-1058187|CDS|CYA_1038	94.363	1845	104	0	67	1911	64	1908	0.0	2859
Ga0374812_23_6244_6702	CP000240.1:2957575-2958127|CDS|CYB_2860	97.168	459	13	0	1	459	94	552	0.0	770
Ga0374812_23_6888_7055	CP000240.1:2956991-2957483|CDS|CYB_2859	97.024	168	5	0	1	168	325	492	2.13e-76	281
Ga0374812_23_6888_7055	CP000239.1:1055744-1056233|CDS|CYA_1037	88.024	167	20	0	1	167	322	488	9.07e-56	212
Ga0374812_24_4744_5568	CP000240.1:575033-575858|CDS|CYB_0565	99.758	825	2	0	1	825	1	825	0.0	1480
Ga0374812_24_4744_5568	CP000239.1:545800-546625|CDS|CYA_0530	88.121	825	98	0	1	825	1	825	0.0	1047
Ga0374812_24_5686_6858	CP000240.1:575975-577478|CDS|CYB_0566	94.800	1173	61	0	1	1173	331	1503	0.0	1841
Ga0374812_24_5686_6858	CP000239.1:544261-545764|CDS|CYA_0529	83.348	1153	181	4	4	1146	334	1485	0.0	1206
Ga0374812_25_190_642	CP000240.1:268364-268817|CDS|CYB_0253	99.779	453	1	0	1	453	1	453	0.0	813
Ga0374812_25_190_642	CP000239.1:1896113-1896587|CDS|CYA_1888	83.551	383	63	0	71	453	92	474	6.23e-114	407
Ga0374812_25_589_1455	CP000240.1:267543-268326|CDS|CYB_0252	98.194	775	14	0	1	775	1	775	0.0	1335
Ga0374812_25_589_1455	CP000239.1:1896633-1897416|CDS|CYA_1889	81.438	765	142	0	10	774	10	774	0.0	740
Ga0374812_25_1524_3632	CP000240.1:265342-267475|CDS|CYB_0250	98.483	2109	32	0	1	2109	25	2133	0.0	3660
Ga0374812_25_3741_4493	CP000240.1:264505-265258|CDS|CYB_0249	100.000	753	0	0	1	753	1	753	0.0	1359
Ga0374812_25_3741_4493	CP000239.1:1899290-1900046|CDS|CYA_1892	90.457	744	71	0	1	744	1	744	0.0	1022
Ga0374812_25_4697_6508	CP000240.1:262490-264302|CDS|CYB_0248	99.172	1812	15	0	1	1812	1	1812	0.0	3201
Ga0374812_25_4697_6508	CP000239.1:1900193-1901972|CDS|CYA_1893	86.085	1732	206	3	27	1748	27	1733	0.0	2056
Ga0374812_26_143_1042	CP000240.1:577659-578670|CDS|CYB_0569	98.222	900	16	0	1	900	112	1011	0.0	1552
Ga0374812_26_143_1042	CP000239.1:543063-544068|CDS|CYA_0527	90.412	897	86	0	2	898	107	1003	0.0	1231
Ga0374812_26_143_1042	CP000239.1:954668-955745|CDS|CYA_0944	67.125	800	251	5	13	809	184	974	2.62e-65	246
Ga0374812_26_143_1042	CP000240.1:2492542-2493619|CDS|CYB_2391	66.524	702	223	5	13	711	184	876	4.16e-50	196
Ga0374812_26_1039_1263	CP000240.1:578666-579200|CDS|CYB_0568	100.000	225	0	0	1	225	310	534	2.94e-114	407
Ga0374812_26_1039_1263	CP000239.1:542536-543100|CDS|CYA_0528	85.463	227	30	1	2	225	305	531	9.62e-70	260
Ga0374812_26_1183_1695	CP000240.1:578666-579200|CDS|CYB_0568	96.410	390	8	1	1	384	390	1	0.0	642
Ga0374812_26_2170_2655	CP000240.1:579741-580272|CDS|CYB_0571	97.942	486	10	0	1	486	46	531	0.0	832
Ga0374812_26_2170_2655	CP000239.1:541606-542092|CDS|CYA_0526	88.161	473	56	0	1	473	1	473	1.57e-172	601
Ga0374812_26_2596_2730	CP000240.1:580212-580347|CDS|CYB_0570	88.148	135	16	0	1	135	1	135	6.15e-44	172
Ga0374812_26_2795_3568	CP000240.1:580503-581184|CDS|CYB_0572	99.266	681	5	0	94	774	1	681	0.0	1206
Ga0374812_26_2795_3568	CP000239.1:540750-541434|CDS|CYA_0525	88.018	676	81	0	99	774	9	684	0.0	855
Ga0374812_26_3628_3909	CP000240.1:581243-581525|CDS|CYB_0573	96.454	282	10	0	1	282	1	282	1.60e-131	464
Ga0374812_26_3628_3909	CP000239.1:539817-540696|CDS|CYA_0524	73.720	293	42	7	1	282	1	269	2.72e-46	182
Ga0374812_26_3917_4525	CP000240.1:581586-582180|CDS|CYB_0574	90.404	594	18	4	55	609	1	594	0.0	832
Ga0374812_26_4550_5020	CP000240.1:582204-582675|CDS|CYB_0575	99.151	471	4	0	1	471	1	471	0.0	832
Ga0374812_26_4550_5020	CP000239.1:539315-539795|CDS|CYA_0523	86.412	471	64	0	1	471	10	480	1.34e-160	562
Ga0374812_26_5209_5898	CP000240.1:582863-583553|CDS|CYB_0576	96.957	690	21	0	1	690	1	690	0.0	1150
Ga0374812_26_5209_5898	CP000239.1:538609-539299|CDS|CYA_0522	88.116	690	82	0	1	690	1	690	0.0	875
Ga0374812_26_5936_6409	CP000240.1:583590-584298|CDS|CYB_0577	99.156	474	4	0	1	474	235	708	0.0	838
Ga0374812_26_5936_6409	CP000239.1:2242916-2243624|CDS|CYA_2228	88.819	474	53	0	1	474	235	708	6.96e-177	617
Ga0374812_27_1983_2351	CP000240.1:2480948-2481353|CDS|CYB_2374	98.916	369	4	0	1	369	37	405	0.0	648
Ga0374812_27_1983_2351	CP000239.1:2603692-2604097|CDS|CYA_2579	84.595	370	55	2	1	369	37	405	6.11e-113	404
Ga0374812_27_2460_2681	CP000240.1:2481465-2481687|CDS|CYB_2375	98.649	222	3	0	1	222	1	222	2.71e-108	388
Ga0374812_27_2460_2681	CP000239.1:2603362-2603584|CDS|CYA_2578	83.085	201	32	2	22	221	22	221	6.39e-53	203
Ga0374812_27_2710_3045	CP000240.1:2481715-2482051|CDS|CYB_2376	97.619	336	8	0	1	336	1	336	1.81e-163	571
Ga0374812_27_2710_3045	CP000239.1:2602993-2603335|CDS|CYA_2577	81.495	281	52	0	1	281	1	281	6.77e-74	273
Ga0374812_27_3360_3878	CP000240.1:2482281-2482890|CDS|CYB_2377	97.333	525	8	1	1	519	85	609	0.0	885
Ga0374812_27_4152_5075	CP000240.1:2483163-2484087|CDS|CYB_2378	99.784	924	2	0	1	924	1	924	0.0	1658
Ga0374812_27_4152_5075	CP000239.1:291654-292578|CDS|CYA_0282	85.157	923	137	0	1	923	1	923	0.0	1048
Ga0374812_27_5323_5814	CP000240.1:2484334-2484835|CDS|CYB_2380	99.390	492	3	0	1	492	10	501	0.0	875
Ga0374812_27_5323_5814	CP000239.1:1217480-1217972|CDS|CYA_1208	83.537	492	81	0	1	492	1	492	1.23e-148	523
Ga0374812_28_151_1551	CP000239.1:2545022-2546408|CDS|CYA_2525	85.794	1070	143	3	1	1067	1	1064	0.0	1240
Ga0374812_28_1612_2682	CP000239.1:2543741-2544962|CDS|CYA_2524	93.464	1071	70	0	1	1071	151	1221	0.0	1617
Ga0374812_28_3272_4627	CP000239.1:2541913-2543251|CDS|CYA_2523	80.735	1225	210	9	55	1254	1	1224	0.0	1129
Ga0374812_29_14_292	CP000240.1:1700083-1700773|CDS|CYB_1629	97.849	279	6	0	1	279	412	690	2.51e-135	477
Ga0374812_29_14_292	CP000239.1:1797226-1797874|CDS|CYA_1796	86.022	279	39	0	1	279	370	648	2.87e-90	328
Ga0374812_29_391_903	CP000240.1:1700871-1701384|CDS|CYB_1630	99.610	513	2	0	1	513	1	513	0.0	917
Ga0374812_29_391_903	CP000239.1:1797969-1798464|CDS|CYA_1797	88.664	494	56	0	19	512	1	494	0.0	639
Ga0374812_29_1111_2226	CP000240.1:1701591-1702707|CDS|CYB_1631	97.760	1116	25	0	1	1116	1	1116	0.0	1901
Ga0374812_29_1111_2226	CP000239.1:1798606-1799752|CDS|CYA_1798	84.400	1109	173	0	1	1109	1	1109	0.0	1221
Ga0374812_29_2308_3393	CP000240.1:1702788-1703874|CDS|CYB_1632	98.343	1086	18	0	1	1086	1	1086	0.0	1878
Ga0374812_29_2308_3393	CP000239.1:1648459-1649500|CDS|CYA_1650	85.010	994	149	0	38	1031	2	995	0.0	1122
Ga0374812_29_3410_3625	CP000240.1:1703890-1704106|CDS|CYB_1633	98.148	216	4	0	1	216	1	216	5.79e-104	372
Ga0374812_29_3410_3625	CP000239.1:1649563-1649779|CDS|CYA_1651	85.581	215	31	0	1	215	1	215	1.66e-66	249
Ga0374812_29_3655_3849	CP000240.1:1704135-1704330|CDS|CYB_1634	96.923	195	6	0	1	195	1	195	6.72e-90	325
Ga0374812_29_3655_3849	CP000239.1:1649808-1650003|CDS|CYA_1652	90.256	195	19	0	1	195	1	195	5.52e-72	267
Ga0374812_29_3942_4805	CP000240.1:1704421-1705183|CDS|CYB_1635	97.900	762	16	0	103	864	1	762	0.0	1303
Ga0374812_29_3942_4805	CP000239.1:1650092-1650863|CDS|CYA_1653	82.687	774	119	2	103	864	1	771	0.0	797
Ga0374812_29_4835_5821	CP000240.1:1705314-1706301|CDS|CYB_1636	97.670	987	23	0	1	987	1	987	0.0	1677
Ga0374812_29_4835_5821	CP000239.1:1650994-1651969|CDS|CYA_1654	86.200	971	134	0	1	971	1	971	0.0	1148
Ga0374812_30_981_2816	CP000240.1:2971939-2973775|CDS|CYB_2875	96.678	1836	61	0	1	1836	1	1836	0.0	3037
Ga0374812_30_981_2816	CP000239.1:651332-653168|CDS|CYA_0640	87.092	1836	237	0	1	1836	1	1836	0.0	2243
Ga0374812_30_3339_4295	CP000240.1:2970577-2971534|CDS|CYB_2874	97.385	956	25	0	1	956	1	956	0.0	1612
Ga0374812_30_3339_4295	CP000239.1:1067687-1068644|CDS|CYA_1049	86.715	956	127	0	1	956	1	956	0.0	1152
Ga0374812_30_4445_4735	CP000240.1:2970146-2970437|CDS|CYB_2873	93.426	289	19	0	1	289	1	289	8.04e-123	436
Ga0374812_30_4445_4735	CP000239.1:1067116-1067407|CDS|CYA_1048	91.349	289	25	0	1	289	1	289	1.12e-114	409
Ga0374812_30_4814_5248	CP000240.1:2969531-2970068|CDS|CYB_2872	93.216	398	27	0	1	398	85	482	5.96e-171	597
Ga0374812_30_4814_5248	CP000239.1:1066527-1067049|CDS|CYA_1047	85.616	438	60	2	1	435	85	522	3.52e-142	500
Ga0374812_31_550_1419	CP000240.1:944224-945076|CDS|CYB_0909	96.362	852	31	0	19	870	1	852	0.0	1397
Ga0374812_31_550_1419	CP000239.1:1329841-1330684|CDS|CYA_1318	83.898	826	133	0	45	870	18	843	0.0	891
Ga0374812_31_1541_1741	CP000240.1:945216-945417|CDS|CYB_0910	95.522	201	9	0	1	201	1	201	8.47e-89	323
Ga0374812_31_1541_1741	CP000239.1:1329549-1329765|CDS|CYA_1317	89.552	201	21	0	1	201	16	216	1.64e-72	269
Ga0374812_31_2064_4760	CP000240.1:945777-948474|CDS|CYB_0911	99.073	2697	25	0	1	2697	1	2697	0.0	4752
Ga0374812_32_170_448	CP000239.1:892608-892887|CDS|CYA_0885	86.121	281	35	3	1	279	1	279	1.22e-88	322
Ga0374812_32_170_448	CP000239.1:130864-131179|CDS|CYA_0135	81.720	279	35	3	3	279	51	315	1.59e-74	275
Ga0374812_32_1471_2232	CP000240.1:606715-608173|CDS|CYB_0597	94.378	747	42	0	1	747	661	1407	0.0	1159
Ga0374812_32_1471_2232	CP000239.1:894896-895712|CDS|CYA_0889	82.614	765	127	2	1	762	55	816	0.0	777
Ga0374812_32_2296_2892	CP000240.1:606715-608173|CDS|CYB_0597	92.630	597	44	0	1	597	1	597	0.0	879
Ga0374812_32_3058_4002	CP000240.1:608338-609307|CDS|CYB_0599	97.523	969	0	1	1	945	1	969	0.0	1657
Ga0374812_32_3058_4002	CP000239.1:896417-897338|CDS|CYA_0890	93.832	843	52	0	103	945	79	921	0.0	1287
Ga0374812_32_4019_4897	CP000240.1:609410-610202|CDS|CYB_0600	98.737	792	10	0	88	879	1	792	0.0	1384
Ga0374812_33_1834_4068	CP000240.1:23827-26062|CDS|CYB_0021	93.426	2236	145	2	1	2235	1	2235	0.0	3363
Ga0374812_33_1834_4068	CP000239.1:2539235-2541473|CDS|CYA_2522	91.223	2233	194	2	4	2235	7	2238	0.0	3137
Ga0374812_33_4176_4757	CP000240.1:23138-23720|CDS|CYB_0020	98.282	582	10	0	1	582	1	582	0.0	1005
Ga0374812_34_191_325	CP000240.1:785521-785767|CDS|CYB_0764	100.000	135	0	0	1	135	112	246	1.19e-65	244
Ga0374812_34_356_808	CP000240.1:785038-785491|CDS|CYB_0763	98.675	453	6	0	1	453	1	453	0.0	791
Ga0374812_34_356_808	CP000239.1:2214616-2215069|CDS|CYA_2195	85.210	453	67	0	1	453	1	453	1.67e-146	516
Ga0374812_34_1093_2352	CP000240.1:783495-784899|CDS|CYB_0762	96.582	1258	43	0	1	1258	145	1402	0.0	2076
Ga0374812_34_1093_2352	CP000239.1:2215205-2216606|CDS|CYA_2196	81.446	1245	222	2	1	1242	145	1383	0.0	1204
Ga0374812_34_2531_2734	CP000239.1:1362668-1362881|CDS|CYA_1351	86.765	204	24	1	1	204	13	213	1.90e-65	245
Ga0374812_34_2857_3246	CP000240.1:781056-782130|CDS|CYB_0759	100.000	341	0	0	50	390	734	1074	5.66e-177	616
Ga0374812_34_3377_4489	CP000240.1:779824-780937|CDS|CYB_0758	94.699	1113	59	0	1	1113	1	1113	0.0	1742
Ga0374812_35_722_3352	CP000240.1:252155-254786|CDS|CYB_0241	97.263	2631	72	0	1	2631	1	2631	0.0	4421
Ga0374812_35_722_3352	CP000239.1:489056-491687|CDS|CYA_0473	87.224	2630	336	0	1	2630	1	2630	0.0	3229
Ga0374812_35_3471_3881	CP000240.1:254878-255289|CDS|CYB_0242	97.080	411	12	0	1	411	1	411	0.0	688
Ga0374812_35_3471_3881	CP000239.1:491777-492188|CDS|CYA_0474	81.481	405	75	0	2	406	2	406	1.24e-109	393
Ga0374812_35_4073_4822	CP000240.1:255471-256221|CDS|CYB_0243	97.867	750	16	0	1	750	1	750	0.0	1281
Ga0374812_35_4073_4822	CP000239.1:492369-493122|CDS|CYA_0475	81.099	746	138	2	1	743	1	746	0.0	704
Ga0374812_36_343_2370	CP000240.1:194179-196207|CDS|CYB_0181	97.682	2028	47	0	1	2028	1	2028	0.0	3446
Ga0374812_36_343_2370	CP000239.1:962730-964725|CDS|CYA_0951	83.559	1995	328	0	34	2028	1	1995	0.0	2120
Ga0374812_36_2533_4305	CP000240.1:192244-194026|CDS|CYB_0180	95.031	1771	88	0	1	1771	10	1780	0.0	2798
Ga0374812_36_2533_4305	CP000239.1:964841-966620|CDS|CYA_0952	86.067	1744	234	3	10	1750	19	1756	0.0	2045
Ga0374812_37_935_1816	CP000240.1:1944788-1945670|CDS|CYB_1862	99.773	882	2	0	1	882	1	882	0.0	1582
Ga0374812_37_935_1816	CP000239.1:390587-391445|CDS|CYA_0375	83.107	882	125	1	1	882	1	858	0.0	937
Ga0374812_37_1958_3934	CP000240.1:1945811-1947782|CDS|CYB_1864	97.825	1977	37	1	1	1977	1	1971	0.0	3373
Ga0374812_37_1958_3934	CP000239.1:388504-390457|CDS|CYA_0373	81.187	1988	304	11	1	1971	1	1935	0.0	1913
Ga0374812_38_1599_2585	CP000240.1:1414777-1415764|CDS|CYB_1346	97.163	987	28	0	1	987	1	987	0.0	1654
Ga0374812_38_1599_2585	CP000239.1:802084-803077|CDS|CYA_0793	83.704	988	159	2	1	987	7	993	0.0	1049
Ga0374812_38_2757_4208	CP000240.1:1413154-1414633|CDS|CYB_1345	99.449	1452	8	0	1	1452	28	1479	0.0	2583
Ga0374812_38_2757_4208	CP000239.1:803158-804700|CDS|CYA_0794	80.133	1500	245	11	1	1451	46	1541	0.0	1361
Ga0374812_39_774_1520	CP000240.1:1049216-1049963|CDS|CYB_1009	98.126	747	14	0	1	747	1	747	0.0	1285
Ga0374812_39_774_1520	CP000239.1:2741782-2742499|CDS|CYA_2726	79.073	712	137	5	43	745	7	715	2.46e-172	601
Ga0374812_39_2065_2340	CP000240.1:1050508-1050784|CDS|CYB_1011	95.652	276	12	0	1	276	1	276	1.46e-125	444
Ga0374812_39_2065_2340	CP000239.1:2738225-2738507|CDS|CYA_2719	86.232	276	38	0	1	276	7	282	2.83e-90	327
Ga0374812_39_2422_3732	CP000240.1:1050865-1052176|CDS|CYB_1012	97.407	1311	34	0	1	1311	1	1311	0.0	2212
Ga0374812_39_2422_3732	CP000239.1:2395185-2396496|CDS|CYA_2386	88.312	1309	153	0	1	1309	1	1309	0.0	1672
Ga0374812_39_3770_4012	CP000239.1:2394873-2395110|CDS|CYA_2384	82.700	237	35	1	1	237	1	231	2.31e-65	244
Ga0374812_39_3770_4012	CP000240.1:1052214-1052457|CDS|CYB_1014	82.203	236	42	0	1	236	1	236	3.43e-63	237
Ga0374812_40_227_1270	CP000240.1:818330-819434|CDS|CYB_0793	96.080	1046	39	1	1	1044	28	1073	0.0	1700
Ga0374812_40_227_1270	CP000239.1:462768-463866|CDS|CYA_0444	81.275	1004	174	2	43	1044	76	1067	0.0	967
Ga0374812_40_1422_1859	CP000240.1:819558-820029|CDS|CYB_0794	99.087	438	4	0	1	438	34	471	0.0	773
Ga0374812_40_1422_1859	CP000239.1:464358-464856|CDS|CYA_0445	72.577	423	107	3	10	426	67	486	2.25e-62	235
Ga0374812_40_2483_3451	CP000240.1:820612-821581|CDS|CYB_0795	96.074	968	38	0	2	969	2	969	0.0	1575
Ga0374812_41_357_1184	CP000240.1:1634809-1635796|CDS|CYB_1560	95.894	828	34	0	1	828	160	987	0.0	1341
Ga0374812_41_357_1184	CP000239.1:1878065-1879004|CDS|CYA_1875	85.576	825	119	0	1	825	100	924	0.0	952
Ga0374812_41_1280_1564	CP000240.1:1635816-1636182|CDS|CYB_1561	98.921	278	3	0	8	285	89	366	1.42e-138	489
Ga0374812_41_1614_1832	CP000240.1:1636231-1636465|CDS|CYB_1562	100.000	219	0	0	1	219	16	234	5.16e-111	396
Ga0374812_41_2001_2651	CP000240.1:1636486-1637269|CDS|CYB_1564	96.621	651	22	0	1	651	133	783	0.0	1076
Ga0374812_41_2001_2651	CP000239.1:1875933-1876707|CDS|CYA_1870	88.326	651	70	2	1	651	130	774	0.0	829
Ga0374812_41_2617_3423	CP000240.1:1637234-1638041|CDS|CYB_1563	97.026	807	24	0	1	807	1	807	0.0	1348
Ga0374812_41_2617_3423	CP000239.1:1875185-1875968|CDS|CYA_1871	83.395	807	110	1	1	807	1	783	0.0	869
Ga0374812_41_3466_3906	CP000240.1:1638082-1638856|CDS|CYB_1565	97.279	441	12	0	1	441	334	774	0.0	742
Ga0374812_41_3466_3906	CP000239.1:1874379-1875156|CDS|CYA_1869	89.245	437	47	0	4	440	340	776	5.66e-165	577
Ga0374812_42_302_1075	CP000240.1:187661-188435|CDS|CYB_0175	99.612	774	3	0	1	774	1	774	0.0	1383
Ga0374812_42_1084_2211	CP000240.1:188443-189625|CDS|CYB_0176	96.986	1128	34	0	1	1128	55	1182	0.0	1882
Ga0374812_42_1084_2211	CP000239.1:968097-969234|CDS|CYA_0955	85.626	1127	162	0	2	1128	11	1137	0.0	1303
Ga0374812_42_2419_2766	CP000240.1:189778-190126|CDS|CYB_0177	97.414	348	9	0	1	348	1	348	2.44e-168	588
Ga0374812_42_2846_3670	CP000240.1:190205-191030|CDS|CYB_0178	97.697	825	19	0	1	825	1	825	0.0	1403
Ga0374812_42_2846_3670	CP000239.1:966735-967527|CDS|CYA_0953	83.119	776	128	1	1	773	1	776	0.0	808
Ga0374812_44_355_672	CP000240.1:1695495-1695813|CDS|CYB_1623	98.428	318	5	0	1	318	1	318	1.60e-157	552
Ga0374812_44_355_672	CP000239.1:1407995-1408382|CDS|CYA_1402	84.810	316	48	0	1	316	70	385	2.38e-98	354
Ga0374812_44_908_1891	CP000240.1:1693687-1694671|CDS|CYB_1621	96.748	984	32	0	1	984	1	984	0.0	1631
Ga0374812_44_908_1891	CP000239.1:1409482-1410466|CDS|CYA_1404	84.467	985	151	2	1	984	1	984	0.0	1080
Ga0374812_44_3117_3428	CP000240.1:1692254-1692566|CDS|CYB_1619	98.077	312	6	0	1	312	1	312	3.44e-153	536
Ga0374812_44_3117_3428	CP000239.1:1411584-1411896|CDS|CYA_1406	88.462	312	36	0	1	312	1	312	1.79e-112	401
Ga0374812_45_334_2523	CP000240.1:180950-183122|CDS|CYB_0169	93.867	2185	120	3	7	2190	1	2172	0.0	3336
Ga0374812_45_334_2523	CP000239.1:521664-523812|CDS|CYA_0505	83.521	2136	311	10	70	2168	1	2132	0.0	2258
Ga0374812_45_2564_3484	CP000240.1:179770-180910|CDS|CYB_0168	99.783	921	2	0	1	921	220	1140	0.0	1653
Ga0374812_46_542_1384	CP000240.1:1939144-1939984|CDS|CYB_1856	100.000	839	0	0	1	839	1	839	0.0	1514
Ga0374812_46_542_1384	CP000239.1:395884-396721|CDS|CYA_0380	84.731	799	122	0	1	799	1	799	0.0	892
Ga0374812_46_1474_1656	CP000240.1:1938869-1939052|CDS|CYB_1855	95.082	183	9	0	1	183	1	183	4.50e-79	290
Ga0374812_46_1474_1656	CP000239.1:396772-397039|CDS|CYA_0381	76.786	168	39	0	1	168	25	192	3.25e-30	128
Ga0374812_46_1857_2777	CP000240.1:1937613-1938669|CDS|CYB_1854	98.480	921	14	0	1	921	136	1056	0.0	1599
Ga0374812_47_672_1463	CP000240.1:38531-39323|CDS|CYB_0030	96.970	792	24	0	1	792	1	792	0.0	1321
Ga0374812_47_672_1463	CP000239.1:609476-610247|CDS|CYA_0598	80.349	687	135	0	1	687	1	687	0.0	631
Ga0374812_47_1690_2331	CP000240.1:37664-38306|CDS|CYB_0029	96.729	642	21	0	1	642	1	642	0.0	1064
Ga0374812_47_1690_2331	CP000239.1:2597703-2598345|CDS|CYA_2571	82.344	640	113	0	1	640	1	640	0.0	645
Ga0374812_48_51_1586	CP000240.1:1409783-1411427|CDS|CYB_1342	98.633	1536	21	0	1	1536	109	1644	0.0	2676
Ga0374812_48_51_1586	CP000239.1:806398-808078|CDS|CYA_0797	85.658	1534	217	2	1	1531	142	1675	0.0	1769
Ga0374812_48_1790_2299	CP000240.1:1405599-1406109|CDS|CYB_1340	90.456	482	45	1	28	508	1	482	0.0	659
Ga0374812_48_1790_2299	CP000239.1:808141-808642|CDS|CYA_0798	88.462	442	47	3	70	509	61	500	1.77e-159	558
Ga0374812_48_2769_2963	CP000240.1:1403996-1405103|CDS|CYB_1339	98.969	194	2	0	1	194	913	1106	8.74e-95	342
Ga0374812_48_2769_2963	CP000239.1:809058-810159|CDS|CYA_0799	87.692	195	24	0	1	195	907	1101	1.80e-65	244
Ga0374812_49_1338_2030	CP000240.1:2571798-2572497|CDS|CYB_2476	98.268	693	12	0	1	693	7	699	0.0	1196
Ga0374812_49_2273_2395	CP000240.1:2570299-2570743|CDS|CYB_2472	100.000	123	0	0	1	123	322	444	3.47e-59	223
Ga0374812_49_2273_2395	CP000239.1:2792560-2793019|CDS|CYA_2771	89.423	104	11	0	1	104	337	440	1.13e-33	139
Ga0374812_50_77_322	CP000240.1:1933937-1935041|CDS|CYB_1848	96.341	246	9	0	1	246	859	1104	3.95e-113	404
Ga0374812_50_77_322	CP000239.1:399355-400294|CDS|CYA_0385	91.057	246	22	0	1	246	694	939	9.30e-96	345
Ga0374812_50_437_676	CP000240.1:1935155-1935377|CDS|CYB_1849	95.045	222	11	0	19	240	1	222	2.13e-97	352
Ga0374812_50_437_676	CP000239.1:398919-399153|CDS|CYA_0384	79.808	208	42	0	1	208	1	208	5.36e-48	187
Ga0374812_50_726_1022	CP000240.1:1935444-1935825|CDS|CYB_1850	99.663	297	1	0	1	297	85	381	1.39e-151	532
Ga0374812_50_1189_1437	CP000240.1:1935907-1936156|CDS|CYB_1851	98.795	249	3	0	1	249	1	249	6.78e-123	436
Ga0374812_50_1189_1437	CP000239.1:398276-398516|CDS|CYA_0382	81.405	242	39	1	1	242	1	236	1.23e-62	235
Ga0374812_50_1753_2583	CP000240.1:1936471-1937302|CDS|CYB_1852	97.473	831	21	0	1	831	1	831	0.0	1405
Ga0374812_50_1753_2583	CP000239.1:397452-398280|CDS|CYA_0383	84.417	815	127	0	10	824	10	824	0.0	898
Ga0374812_51_122_733	CP000240.1:861972-862584|CDS|CYB_0830	99.673	612	2	0	1	612	1	612	0.0	1095
Ga0374812_51_122_733	CP000239.1:2846997-2847591|CDS|CYA_2828	81.897	580	103	2	1	579	1	579	1.44e-161	566
Ga0374812_51_1523_2089	CP000240.1:862695-863940|CDS|CYB_0831	99.295	567	4	0	1	567	679	1245	0.0	1005
Ga0374812_51_1523_2089	CP000239.1:2847783-2848905|CDS|CYA_2829	90.106	566	56	0	1	566	556	1121	0.0	769
Ga0374812_52_1043_1723	CP000240.1:2723145-2723826|CDS|CYB_2631	97.797	681	15	0	1	681	1	681	0.0	1161
Ga0374812_52_1043_1723	CP000239.1:1042832-1043561|CDS|CYA_1024	86.425	663	90	0	12	674	54	716	0.0	791
Ga0374812_52_1760_2029	CP000240.1:2723862-2724132|CDS|CYB_2632	98.148	270	5	0	1	270	1	270	1.53e-131	465
Ga0374812_52_1760_2029	CP000239.1:1042529-1042799|CDS|CYA_1023	86.415	265	32	2	1	263	1	263	2.13e-85	311
Ga0374812_52_2181_2639	CP000240.1:2724283-2724742|CDS|CYB_2633	98.475	459	7	0	1	459	1	459	0.0	797
Ga0374812_52_2181_2639	CP000239.1:1128532-1128991|CDS|CYA_1102	81.149	435	82	0	24	458	24	458	1.22e-116	416
Ga0374812_53_184_909	CP000240.1:867714-868704|CDS|CYB_0835	97.383	726	19	0	1	726	265	990	0.0	1224
Ga0374812_53_1173_1472	CP000240.1:868703-869003|CDS|CYB_0836	98.333	300	5	0	1	300	1	300	8.86e-148	519
Ga0374812_53_1173_1472	CP000239.1:2560973-2561273|CDS|CYA_2541	78.667	300	64	0	1	300	1	300	5.61e-68	253
Ga0374812_55_742_1593	CP000240.1:1866869-1867760|CDS|CYB_1781	92.480	891	19	1	10	852	1	891	0.0	1344
Ga0374812_55_1671_2408	CP000240.1:1867813-1868575|CDS|CYB_1782	100.000	738	0	0	1	738	25	762	0.0	1332
Ga0374812_55_1671_2408	CP000239.1:240855-241740|CDS|CYA_0238	77.885	728	149	6	1	722	112	833	4.12e-163	572
Ga0374812_57_384_977	CP000240.1:1949758-1950352|CDS|CYB_1866	98.822	594	7	0	1	594	1	594	0.0	1040
Ga0374812_57_384_977	CP000239.1:1908706-1909300|CDS|CYA_1898	85.520	587	85	0	1	587	1	587	0.0	676
Ga0374812_58_382_1260	CP000239.1:1829087-1829966|CDS|CYA_1824	99.431	879	5	0	1	879	1	879	0.0	1563
Ga0374812_58_382_1260	CP000240.1:429844-430723|CDS|CYB_0421	98.635	879	12	0	1	879	1	879	0.0	1532
Ga0374812_59_2_424	CP000240.1:778411-779665|CDS|CYB_0757	95.704	419	17	1	4	422	754	1171	0.0	672
Ga0374812_59_2_424	CP000239.1:1266980-1268219|CDS|CYA_1254	89.674	368	37	1	2	369	749	1115	6.18e-139	489
Ga0374812_59_578_805	CP000240.1:778112-778340|CDS|CYB_0756	97.807	228	5	0	1	228	1	228	8.00e-109	389
Ga0374812_59_802_1524	CP000240.1:777393-778116|CDS|CYB_0755	98.202	723	13	0	1	723	1	723	0.0	1246
Ga0374812_59_802_1524	CP000239.1:816710-817436|CDS|CYA_0804	82.213	714	127	0	1	714	1	714	0.0	716
Ga0374812_59_1717_2010	CP000240.1:776907-777240|CDS|CYB_0754	97.619	294	7	0	1	294	40	333	8.12e-142	499
Ga0374812_59_1717_2010	CP000239.1:817527-817860|CDS|CYA_0805	80.645	279	54	0	1	279	40	318	3.70e-70	260
Ga0374812_60_579_1805	CP000240.1:2238426-2239653|CDS|CYB_2141	97.066	1227	36	0	1	1227	1	1227	0.0	2051
Ga0374812_60_579_1805	CP000239.1:1980444-1981671|CDS|CYA_1967	92.421	1227	93	0	1	1227	1	1227	0.0	1794
Ga0374812_61_1099_2133	CP000240.1:2954904-2955939|CDS|CYB_2857	98.647	1035	14	0	1	1035	1	1035	0.0	1804
Ga0374812_61_1099_2133	CP000239.1:1052606-1053632|CDS|CYA_1034	85.217	1035	144	1	1	1035	1	1026	0.0	1181
Ga0374812_62_535_834	CP000240.1:28678-30397|CDS|CYB_0023	100.000	300	0	0	1	300	451	152	7.77e-155	542
Ga0374812_62_535_834	CP000239.1:611849-613559|CDS|CYA_0603	71.552	232	66	0	13	244	433	202	2.39e-28	122
Ga0374812_63_22_636	CP000240.1:558346-558961|CDS|CYB_0546	97.398	615	16	0	1	615	1	615	0.0	1038
Ga0374812_63_22_636	CP000239.1:507551-508166|CDS|CYA_0490	89.106	615	67	0	1	615	1	615	0.0	808
Ga0374812_63_633_1241	CP000240.1:558957-559566|CDS|CYB_0547	99.179	609	5	0	1	609	1	609	0.0	1076
Ga0374812_63_633_1241	CP000239.1:508162-508786|CDS|CYA_0491	88.067	595	71	0	5	599	20	614	0.0	754
Ga0374812_63_1428_1676	CP000240.1:561038-561287|CDS|CYB_0549	100.000	249	0	0	1	249	1	249	3.08e-127	450
Ga0374812_63_1428_1676	CP000239.1:508946-509195|CDS|CYA_0492	89.879	247	25	0	1	247	1	247	5.95e-92	334
Ga0374812_64_99_1325	CP000240.1:896538-897762|CDS|CYB_0863	94.218	1228	66	3	1	1227	1	1224	0.0	1886
Ga0374812_64_1347_1700	CP000240.1:897783-898137|CDS|CYB_0864	98.023	354	7	0	1	354	1	354	2.65e-174	608
Ga0374812_65_276_1142	CP000240.1:177457-178324|CDS|CYB_0165	99.423	867	5	0	1	867	1	867	0.0	1542
Ga0374812_65_1126_2031	CP000240.1:176421-177474|CDS|CYB_0164	99.890	906	1	0	1	906	148	1053	0.0	1630
