Ga0374729_01_350_952	CP000239.1:343376-343979|CDS|CYA_0324	100.000	603	0	0	1	603	1	603	0.0	1088
Ga0374729_01_350_952	CP000240.1:1789718-1790279|CDS|CYB_1705	77.555	548	123	0	1	548	1	548	6.05e-122	434
Ga0374729_01_937_1956	CP000239.1:342372-343392|CDS|CYA_0325	100.000	1020	0	0	1	1020	1	1020	0.0	1840
Ga0374729_01_937_1956	CP000240.1:1788664-1789684|CDS|CYB_1704	88.725	1020	115	0	1	1020	1	1020	0.0	1322
Ga0374729_01_2137_2652	CP000239.1:341672-342188|CDS|CYA_0323	99.806	516	1	0	1	516	1	516	0.0	927
Ga0374729_01_2137_2652	CP000240.1:1787992-1788508|CDS|CYB_1702	85.078	516	77	0	1	516	1	516	4.50e-167	584
Ga0374729_01_2939_3157	CP000239.1:338497-341392|CDS|CYA_0322	100.000	219	0	0	1	219	231	13	5.16e-111	396
Ga0374729_01_2939_3157	CP000240.1:1784955-1787850|CDS|CYB_1701	86.585	164	22	0	56	219	176	13	2.68e-51	197
Ga0374729_01_3185_5821	CP000239.1:338497-341392|CDS|CYA_0322	99.810	2637	5	0	1	2637	259	2895	0.0	4734
Ga0374729_01_3185_5821	CP000240.1:1784955-1787850|CDS|CYB_1701	78.820	2644	546	5	1	2637	259	2895	0.0	2234
Ga0374729_01_10566_10769	CP000240.1:1780158-1780362|CDS|CYB_1699	99.510	204	1	0	1	204	1	204	2.81e-101	364
Ga0374729_01_10566_10769	CP000239.1:333688-333895|CDS|CYA_0320	82.741	197	25	1	1	188	1	197	4.77e-54	206
Ga0374729_01_10772_11167	CP000240.1:1779760-1780156|CDS|CYB_1698	100.000	396	0	0	1	396	1	396	0.0	715
Ga0374729_02_536_1084	CP000240.1:2995099-2995648|CDS|CYB_2897	98.543	549	8	0	1	549	1	549	0.0	955
Ga0374729_02_536_1084	CP000239.1:711146-711695|CDS|CYA_0703	97.258	547	15	0	1	547	1	547	0.0	920
Ga0374729_02_536_1084	CP000239.1:1866056-1866605|CDS|CYA_1862	87.044	548	71	0	1	548	1	548	0.0	669
Ga0374729_02_1316_4042	CP000239.1:708184-710911|CDS|CYA_0702	99.780	2727	6	0	1	2727	1	2727	0.0	4892
Ga0374729_02_1316_4042	CP000240.1:2995884-2998611|CDS|CYB_2898	98.240	2727	48	0	1	2727	1	2727	0.0	4702
Ga0374729_02_1316_4042	CP000239.1:1866700-1869412|CDS|CYA_1863	83.936	2708	429	1	1	2708	1	2702	0.0	2924
Ga0374729_02_4052_4558	CP000239.1:707668-708175|CDS|CYA_0701	100.000	507	0	0	1	507	1	507	0.0	915
Ga0374729_02_4052_4558	CP000240.1:2998620-2999127|CDS|CYB_2899	99.211	507	4	0	1	507	1	507	0.0	897
Ga0374729_02_4052_4558	CP000239.1:1279027-1279534|CDS|CYA_1263	87.771	507	62	0	1	507	1	507	0.0	636
Ga0374729_02_4651_5592	CP000239.1:706634-707576|CDS|CYA_0700	99.894	942	1	0	1	942	1	942	0.0	1695
Ga0374729_02_4651_5592	CP000240.1:2999219-3000161|CDS|CYB_2900	98.089	942	18	0	1	942	1	942	0.0	1618
Ga0374729_02_5714_6643	CP000239.1:705466-706513|CDS|CYA_0699	100.000	930	0	0	1	930	118	1047	0.0	1678
Ga0374729_02_6880_7035	CP000240.1:3000587-3001670|CDS|CYB_2901	98.077	156	3	0	1	156	1071	916	1.23e-72	269
Ga0374729_02_6880_7035	CP000239.1:705227-705359|CDS|CYA_0698	100.000	120	0	0	1	120	120	1	1.96e-57	217
Ga0374729_02_6880_7035	CP000239.1:2025295-2026390|CDS|CYA_2009	74.839	155	36	1	2	153	1082	928	1.08e-22	103
Ga0374729_02_7261_8229	CP000239.1:703997-704966|CDS|CYA_0697	100.000	969	0	0	1	969	1	969	0.0	1748
Ga0374729_02_7261_8229	CP000240.1:3000587-3001670|CDS|CYB_2901	99.016	915	9	0	1	915	1	915	0.0	1610
Ga0374729_02_7261_8229	CP000239.1:2025295-2026390|CDS|CYA_2009	81.926	924	156	3	1	914	1	923	0.0	911
Ga0374729_02_8210_8431	CP000239.1:703720-704017|CDS|CYA_0696	99.099	222	2	0	1	222	76	297	6.38e-110	392
Ga0374729_02_8942_9178	CP000240.1:3002382-3002619|CDS|CYB_2902	100.000	237	0	0	1	237	1	237	9.52e-121	428
Ga0374729_02_8942_9178	CP000239.1:703050-703287|CDS|CYA_0695	99.578	237	1	0	1	237	1	237	4.05e-119	424
Ga0374729_02_8942_9178	CP000239.1:1366454-1366745|CDS|CYA_1355	87.773	229	28	0	1	229	55	283	2.10e-78	288
Ga0374729_02_9644_10138	CP000239.1:702090-702585|CDS|CYA_0694	100.000	495	0	0	1	495	1	495	0.0	893
Ga0374729_02_9644_10138	CP000240.1:3003084-3003579|CDS|CYB_2903	99.192	495	4	0	1	495	1	495	0.0	875
Ga0374729_02_9644_10138	CP000239.1:719077-719575|CDS|CYA_0712	84.114	491	78	0	4	494	7	497	1.96e-152	535
Ga0374729_02_10360_11214	CP000239.1:701014-701869|CDS|CYA_0692	99.883	855	1	0	1	855	1	855	0.0	1538
Ga0374729_02_10360_11214	CP000240.1:3003800-3004655|CDS|CYB_2905	98.129	855	16	0	1	855	1	855	0.0	1471
Ga0374729_02_10360_11214	CP000239.1:719653-720526|CDS|CYA_0714	87.219	845	106	2	1	844	1	844	0.0	1031
Ga0374729_03_107_271	CP000240.1:2890401-2892327|CDS|CYB_2794	89.091	165	17	1	1	165	1738	1901	2.54e-56	214
Ga0374729_03_107_271	CP000239.1:1356159-1358178|CDS|CYA_1346	88.485	165	18	1	1	165	1831	1994	1.08e-54	209
Ga0374729_03_300_593	CP000239.1:1355155-1355449|CDS|CYA_1343	97.241	290	8	0	1	290	1	290	1.47e-138	488
Ga0374729_03_300_593	CP000240.1:2324649-2324943|CDS|CYB_2217	85.517	290	42	0	1	290	1	290	2.04e-92	334
Ga0374729_03_661_1182	CP000239.1:1354566-1355088|CDS|CYA_1342	99.808	522	1	0	1	522	1	522	0.0	938
Ga0374729_03_661_1182	CP000240.1:2324030-2324552|CDS|CYB_2216	89.080	522	57	0	1	522	1	522	0.0	685
Ga0374729_03_1260_1595	CP000239.1:1354153-1354489|CDS|CYA_1341	99.702	336	1	0	1	336	1	336	1.07e-172	602
Ga0374729_03_1260_1595	CP000240.1:2323573-2323858|CDS|CYB_2215	89.139	267	29	0	36	302	6	272	3.07e-97	352
Ga0374729_03_1688_2683	CP000239.1:1353065-1354061|CDS|CYA_1340	99.900	996	1	0	1	996	1	996	0.0	1792
Ga0374729_03_1688_2683	CP000240.1:2322454-2323450|CDS|CYB_2214	87.022	994	129	0	1	994	1	994	0.0	1212
Ga0374729_03_2696_3697	CP000239.1:1352021-1353053|CDS|CYA_1339	99.900	1002	1	0	1	1002	31	1032	0.0	1803
Ga0374729_03_2696_3697	CP000240.1:2321458-2322427|CDS|CYB_2213	85.936	967	121	2	49	1000	1	967	0.0	1136
Ga0374729_03_3793_4701	CP000239.1:1351047-1351947|CDS|CYA_1338	99.889	900	1	0	10	909	1	900	0.0	1619
Ga0374729_03_3793_4701	CP000240.1:2320415-2321315|CDS|CYB_2212	83.130	901	150	2	10	909	1	900	0.0	933
Ga0374729_03_4927_5430	CP000239.1:1350318-1350822|CDS|CYA_1337	99.802	504	1	0	1	504	1	504	0.0	905
Ga0374729_03_4927_5430	CP000240.1:2319672-2320176|CDS|CYB_2211	87.302	504	64	0	1	504	1	504	1.75e-178	621
Ga0374729_03_5432_6109	CP000239.1:1349639-1350317|CDS|CYA_1336	100.000	678	0	0	1	678	1	678	0.0	1223
Ga0374729_03_5432_6109	CP000240.1:2318972-2319650|CDS|CYB_2210	84.343	677	106	0	1	677	1	677	0.0	744
Ga0374729_03_6413_7414	CP000239.1:1348334-1349336|CDS|CYA_1334	99.900	1002	1	0	1	1002	1	1002	0.0	1803
Ga0374729_03_6413_7414	CP000240.1:2743992-2744994|CDS|CYB_2656	84.631	1002	154	0	1	1002	1	1002	0.0	1113
Ga0374729_03_7450_8019	CP000239.1:1347729-1348299|CDS|CYA_1333	99.825	570	1	0	1	570	1	570	0.0	1024
Ga0374729_03_7450_8019	CP000240.1:2743389-2743959|CDS|CYB_2655	87.321	560	71	0	1	560	1	560	0.0	691
Ga0374729_03_8042_9646	CP000239.1:1346102-1347674|CDS|CYA_1332	100.000	1572	0	0	34	1605	1	1572	0.0	2836
Ga0374729_03_8042_9646	CP000240.1:2741718-2743389|CDS|CYB_2654	81.829	1618	266	5	16	1605	54	1671	0.0	1596
Ga0374729_03_9810_10496	CP000239.1:1345252-1345906|CDS|CYA_1331	100.000	654	0	0	34	687	1	654	0.0	1180
Ga0374729_03_9810_10496	CP000240.1:2740770-2741424|CDS|CYB_2652	82.263	654	116	0	34	687	1	654	0.0	657
Ga0374729_04_197_598	CP000239.1:2817286-2817688|CDS|CYA_2798	100.000	402	0	0	1	402	1	402	0.0	726
Ga0374729_04_197_598	CP000240.1:1000293-1000695|CDS|CYB_0963	83.500	400	66	0	1	400	1	400	2.05e-119	425
Ga0374729_04_624_1394	CP000239.1:2816490-2817261|CDS|CYA_2797	100.000	771	0	0	1	771	1	771	0.0	1391
Ga0374729_04_624_1394	CP000240.1:1001413-1002196|CDS|CYB_0965	86.780	764	101	0	8	771	20	783	0.0	923
Ga0374729_04_1536_2423	CP000239.1:2815491-2816349|CDS|CYA_2796	99.883	858	1	0	31	888	1	858	0.0	1544
Ga0374729_04_1536_2423	CP000240.1:1002316-1003060|CDS|CYB_0966	83.984	743	119	0	146	888	2	744	0.0	804
Ga0374729_04_2435_3133	CP000239.1:2814556-2815450|CDS|CYA_2795	99.857	699	1	0	1	699	196	894	0.0	1257
Ga0374729_04_2435_3133	CP000240.1:1003216-1004071|CDS|CYB_0967	82.251	693	109	4	1	692	172	851	0.0	691
Ga0374729_04_3784_4980	CP000239.1:2812904-2814101|CDS|CYA_2794	100.000	1197	0	0	1	1197	1	1197	0.0	2159
Ga0374729_04_3784_4980	CP000240.1:203164-204388|CDS|CYB_0190	85.418	1159	155	3	1	1146	1	1158	0.0	1328
Ga0374729_04_5205_5930	CP000239.1:2811954-2812680|CDS|CYA_2793	99.725	726	2	0	1	726	1	726	0.0	1301
Ga0374729_04_5205_5930	CP000240.1:202190-202922|CDS|CYB_0189	84.563	732	107	1	1	726	1	732	0.0	812
Ga0374729_04_6054_6743	CP000239.1:2811141-2811831|CDS|CYA_2792	99.855	690	1	0	1	690	1	690	0.0	1241
Ga0374729_04_6054_6743	CP000240.1:201388-202078|CDS|CYB_0188	80.842	689	132	0	1	689	1	689	0.0	648
Ga0374729_04_7258_8352	CP000239.1:2809532-2810900|CDS|CYA_2791	100.000	1095	0	0	1	1095	274	1368	0.0	1975
Ga0374729_04_7258_8352	CP000240.1:199787-201146|CDS|CYB_0187	86.835	1071	141	0	23	1093	287	1357	0.0	1297
Ga0374729_04_8540_9025	CP000239.1:2808859-2809345|CDS|CYA_2790	99.794	486	1	0	1	486	1	486	0.0	873
Ga0374729_04_8540_9025	CP000240.1:199110-199596|CDS|CYB_0186	86.420	486	66	0	1	486	1	486	5.15e-166	580
Ga0374729_04_9092_9772	CP000239.1:2808112-2808793|CDS|CYA_2789	99.853	681	1	0	1	681	1	681	0.0	1224
Ga0374729_04_9092_9772	CP000240.1:198422-199106|CDS|CYB_0185	82.344	691	105	5	1	681	1	684	0.0	690
Ga0374729_05_29_484	CP000239.1:2153019-2153475|CDS|CYA_2140	99.781	456	1	0	1	456	1	456	0.0	819
Ga0374729_05_29_484	CP000240.1:546439-546901|CDS|CYB_0532	81.641	463	77	3	1	456	1	462	7.16e-126	446
Ga0374729_05_641_1561	CP000239.1:2151942-2152863|CDS|CYA_2138	100.000	921	0	0	1	921	1	921	0.0	1662
Ga0374729_05_641_1561	CP000240.1:547074-547995|CDS|CYB_0533	88.925	921	102	0	1	921	1	921	0.0	1202
Ga0374729_05_1789_2595	CP000239.1:2150920-2151715|CDS|CYA_2137	100.000	795	0	0	13	807	1	795	0.0	1434
Ga0374729_05_1789_2595	CP000240.1:548801-549620|CDS|CYB_0534	85.104	772	115	0	36	807	48	819	0.0	875
Ga0374729_05_2602_4098	CP000239.1:2149405-2150902|CDS|CYA_2136	99.933	1497	1	0	1	1497	1	1497	0.0	2696
Ga0374729_05_2602_4098	CP000240.1:549635-551156|CDS|CYB_0535	84.752	1515	207	2	1	1491	1	1515	0.0	1704
Ga0374729_05_4203_4778	CP000239.1:2148725-2149301|CDS|CYA_2135	100.000	576	0	0	1	576	1	576	0.0	1040
Ga0374729_05_4203_4778	CP000240.1:551296-551845|CDS|CYB_0536	85.505	545	79	0	1	545	1	545	4.72e-180	627
Ga0374729_05_4864_5910	CP000239.1:2147593-2148640|CDS|CYA_2134	100.000	1047	0	0	1	1047	1	1047	0.0	1889
Ga0374729_05_4864_5910	CP000240.1:1009688-1010732|CDS|CYB_0974	82.046	1036	183	1	1	1036	1	1033	0.0	1029
Ga0374729_05_6256_6795	CP000239.1:2146708-2147455|CDS|CYA_2132	91.111	540	48	0	1	540	208	747	0.0	758
Ga0374729_05_6256_6795	CP000240.1:1008789-1009407|CDS|CYB_0973	83.889	540	87	0	1	540	79	618	1.65e-166	582
Ga0374729_05_6984_7490	CP000239.1:2145878-2146520|CDS|CYA_2131	99.803	507	1	0	1	507	136	642	0.0	911
Ga0374729_05_6984_7490	CP000240.1:1008125-1008764|CDS|CYB_0972	78.469	418	83	2	1	413	118	533	2.01e-95	346
Ga0374729_05_7671_8204	CP000239.1:2145308-2145833|CDS|CYA_2130	99.810	525	1	0	10	534	1	525	0.0	943
Ga0374729_05_7671_8204	CP000240.1:1007583-1008108|CDS|CYB_0971	88.039	510	61	0	10	519	1	510	0.0	645
Ga0374729_05_8313_9479	CP000239.1:2144129-2145191|CDS|CYA_2128	100.000	1062	0	0	106	1167	1	1062	0.0	1916
Ga0374729_05_8313_9479	CP000240.1:2775855-2776917|CDS|CYB_2690	79.512	1025	210	0	106	1130	1	1025	0.0	902
Ga0374729_06_16_213	CP000239.1:1301240-1301537|CDS|CYA_1292	100.000	198	0	0	1	198	100	297	1.16e-99	358
Ga0374729_06_194_3007	CP000239.1:1301517-1304331|CDS|CYA_1293	99.787	2814	6	0	1	2814	1	2814	0.0	5048
Ga0374729_06_3357_3989	CP000239.1:1304680-1305313|CDS|CYA_1294	99.684	633	2	0	1	633	1	633	0.0	1133
Ga0374729_06_4009_4284	CP000239.1:1305332-1305617|CDS|CYA_1295	95.290	276	13	0	1	276	10	285	6.23e-124	440
Ga0374729_06_4009_4284	CP000240.1:951190-951475|CDS|CYB_0913	92.636	258	19	0	19	276	28	285	5.12e-106	380
Ga0374729_06_4533_5336	CP000239.1:1305856-1306660|CDS|CYA_1296	95.896	804	33	0	1	804	1	804	0.0	1302
Ga0374729_06_4533_5336	CP000240.1:951714-952518|CDS|CYB_0914	92.902	803	57	0	1	803	1	803	0.0	1192
Ga0374729_06_5506_6081	CP000239.1:1306700-1307639|CDS|CYA_1297	95.833	576	24	0	1	576	130	705	0.0	931
Ga0374729_06_5506_6081	CP000240.1:952598-953537|CDS|CYB_0915	92.657	572	42	0	1	572	130	701	0.0	843
Ga0374729_06_6094_6315	CP000239.1:1306700-1307639|CDS|CYA_1297	99.550	222	1	0	1	222	718	939	5.23e-111	397
Ga0374729_06_6094_6315	CP000240.1:952598-953537|CDS|CYB_0915	89.952	209	21	0	2	210	719	927	8.31e-77	283
Ga0374729_06_6316_6966	CP000239.1:1307639-1308344|CDS|CYA_1298	100.000	651	0	0	1	651	55	705	0.0	1175
Ga0374729_06_6316_6966	CP000240.1:954733-955426|CDS|CYB_0916	82.383	579	76	2	1	578	64	617	7.46e-172	600
Ga0374729_06_7218_7625	CP000239.1:1308541-1308949|CDS|CYA_1299	100.000	408	0	0	1	408	1	408	0.0	737
Ga0374729_06_7218_7625	CP000240.1:955635-956043|CDS|CYB_0918	86.765	408	54	0	1	408	1	408	4.89e-140	493
Ga0374729_06_7741_8139	CP000239.1:1308992-1309463|CDS|CYA_1300	99.499	399	2	0	1	399	73	471	0.0	711
Ga0374729_06_7741_8139	CP000240.1:956126-956597|CDS|CYB_0919	86.466	399	54	0	1	399	73	471	3.67e-135	477
Ga0374729_07_394_675	CP000239.1:2480162-2480444|CDS|CYA_2470	100.000	282	0	0	1	282	1	282	4.29e-145	509
Ga0374729_07_394_675	CP000240.1:2170907-2171189|CDS|CYB_2074	90.580	276	26	0	1	276	1	276	1.50e-106	381
Ga0374729_07_886_1374	CP000239.1:2479463-2479952|CDS|CYA_2469	100.000	489	0	0	1	489	1	489	0.0	883
Ga0374729_07_886_1374	CP000240.1:2170172-2170661|CDS|CYB_2073	88.106	454	54	0	1	454	1	454	6.31e-165	576
Ga0374729_07_1656_1943	CP000239.1:2478894-2479182|CDS|CYA_2468	100.000	288	0	0	1	288	1	288	2.43e-148	520
Ga0374729_07_1656_1943	CP000240.1:2169714-2170011|CDS|CYB_2072	86.777	242	32	0	1	242	1	242	6.12e-80	293
Ga0374729_07_2317_3279	CP000239.1:2477558-2478521|CDS|CYA_2467	100.000	963	0	0	1	963	1	963	0.0	1737
Ga0374729_07_2317_3279	CP000240.1:1507120-1508080|CDS|CYB_1437	88.217	959	110	1	1	959	1	956	0.0	1219
Ga0374729_07_3329_4351	CP000239.1:2476486-2477509|CDS|CYA_2466	100.000	1023	0	0	1	1023	1	1023	0.0	1846
Ga0374729_07_3329_4351	CP000240.1:1506068-1507049|CDS|CYB_1435	86.066	933	130	0	31	963	13	945	0.0	1097
Ga0374729_07_4359_5612	CP000239.1:2475225-2476479|CDS|CYA_2465	100.000	1254	0	0	1	1254	1	1254	0.0	2262
Ga0374729_07_4359_5612	CP000240.1:1504814-1506077|CDS|CYB_1436	82.703	1058	178	3	147	1203	159	1212	0.0	1075
Ga0374729_07_5861_6412	CP000239.1:2474425-2474977|CDS|CYA_2464	99.638	552	2	0	1	552	1	552	0.0	987
Ga0374729_07_5861_6412	CP000240.1:1503975-1504527|CDS|CYB_1434	86.594	552	74	0	1	552	1	552	0.0	663
Ga0374729_07_5861_6412	CP000239.1:1835352-1835898|CDS|CYA_1831	69.939	489	145	2	47	534	47	534	3.27e-55	213
Ga0374729_07_5861_6412	CP000240.1:423915-424461|CDS|CYB_0414	69.325	489	148	2	47	534	47	534	2.06e-51	199
Ga0374729_07_6559_6825	CP000239.1:2474012-2474291|CDS|CYA_2463	100.000	267	0	0	1	267	13	279	5.62e-137	482
Ga0374729_07_6559_6825	CP000240.1:1503573-1503852|CDS|CYB_1433	79.457	258	47	1	16	267	22	279	1.97e-60	228
Ga0374729_07_6809_7372	CP000239.1:2473465-2474020|CDS|CYA_2462	99.820	555	1	0	10	564	1	555	0.0	997
Ga0374729_08_441_1535	CP000239.1:2056744-2057839|CDS|CYA_2037	100.000	1095	0	0	1	1095	1	1095	0.0	1975
Ga0374729_08_441_1535	CP000240.1:2827532-2828633|CDS|CYB_2734	88.283	1101	123	1	1	1095	1	1101	0.0	1406
Ga0374729_08_1546_3075	CP000239.1:2057849-2059484|CDS|CYA_2038	100.000	1530	0	0	1	1530	106	1635	0.0	2760
Ga0374729_08_1546_3075	CP000240.1:2828629-2830276|CDS|CYB_2733	85.521	1478	211	2	1	1475	118	1595	0.0	1695
Ga0374729_08_3346_3711	CP000239.1:2059649-2060015|CDS|CYA_2039	100.000	366	0	0	1	366	1	366	0.0	661
Ga0374729_08_3925_4752	CP000239.1:2060228-2061056|CDS|CYA_2040	99.758	828	2	0	1	828	1	828	0.0	1485
Ga0374729_08_3925_4752	CP000240.1:2831817-2832648|CDS|CYB_2736	80.774	827	156	2	1	824	1	827	0.0	769
Ga0374729_08_4785_5615	CP000239.1:2061088-2061946|CDS|CYA_2041	100.000	831	0	0	1	831	28	858	0.0	1499
Ga0374729_08_4785_5615	CP000240.1:2832681-2833539|CDS|CYB_2737	87.937	829	100	0	1	829	28	856	0.0	1045
Ga0374729_08_5917_6399	CP000239.1:2062220-2062703|CDS|CYA_2042	100.000	483	0	0	1	483	1	483	0.0	872
Ga0374729_08_5917_6399	CP000240.1:2834009-2834492|CDS|CYB_2738	91.701	482	40	0	1	482	1	482	0.0	690
Ga0374729_08_5917_6399	CP000240.1:977555-978044|CDS|CYB_0940	68.842	475	134	8	19	483	19	489	1.06e-41	167
Ga0374729_08_5917_6399	CP000239.1:225112-225601|CDS|CYA_0220	67.992	478	133	10	18	482	18	488	3.47e-35	146
Ga0374729_08_6587_7105	CP000239.1:2062890-2063409|CDS|CYA_2043	99.807	519	1	0	1	519	1	519	0.0	932
Ga0374729_08_6587_7105	CP000240.1:2834685-2835204|CDS|CYB_2740	89.017	519	57	0	1	519	1	519	0.0	680
Ga0374729_09_38_724	CP000239.1:1015045-1016581|CDS|CYA_1002	98.544	687	10	0	1	687	850	1536	0.0	1195
Ga0374729_09_38_724	CP000240.1:493689-495231|CDS|CYB_0482	81.460	685	119	3	1	681	850	1530	0.0	657
Ga0374729_09_729_2171	CP000240.1:492231-493674|CDS|CYB_0481	92.151	1427	112	0	1	1427	1	1427	0.0	2069
Ga0374729_09_729_2171	CP000239.1:1016585-1018019|CDS|CYA_1003	90.991	1443	121	1	1	1443	1	1434	0.0	2021
Ga0374729_09_2408_2530	CP000240.1:491705-491966|CDS|CYB_0480	88.525	122	14	0	2	123	140	261	1.21e-39	158
Ga0374729_09_2408_2530	CP000239.1:1018221-1018578|CDS|CYA_1004	85.000	120	18	0	2	121	200	319	3.96e-33	136
Ga0374729_09_2527_2649	CP000240.1:491705-491966|CDS|CYB_0480	94.167	120	7	0	1	120	31	150	8.72e-48	186
Ga0374729_09_2527_2649	CP000239.1:1018221-1018578|CDS|CYA_1004	81.915	94	17	0	27	120	117	210	4.23e-20	94.2
Ga0374729_09_3323_4237	CP000239.1:1018843-1019764|CDS|CYA_1005	92.755	911	66	0	1	911	1	911	0.0	1346
Ga0374729_09_3323_4237	CP000240.1:490116-491037|CDS|CYB_0479	89.243	911	98	0	1	911	1	911	0.0	1202
Ga0374729_09_4305_4817	CP000239.1:1019841-1020354|CDS|CYA_1006	95.322	513	24	0	1	513	1	513	0.0	818
Ga0374729_09_4305_4817	CP000240.1:489532-490051|CDS|CYB_0478	87.861	519	57	1	1	513	1	519	0.0	654
Ga0374729_09_5031_7403	CP000240.1:485682-489318|CDS|CYB_0476	92.116	2131	168	0	243	2373	1506	3636	0.0	3086
Ga0374729_09_5031_7403	CP000239.1:1020397-1024249|CDS|CYA_1007	77.627	2132	457	3	243	2373	1740	3852	0.0	1700
Ga0374729_10_1156_2943	CP000240.1:412729-414517|CDS|CYB_0398	97.707	1788	41	0	1	1788	1	1788	0.0	3040
Ga0374729_10_1156_2943	CP000239.1:1845267-1847055|CDS|CYA_1846	97.483	1788	45	0	1	1788	1	1788	0.0	3022
Ga0374729_10_2981_3793	CP000239.1:1844476-1845244|CDS|CYA_1845	97.786	768	17	0	46	813	1	768	0.0	1309
Ga0374729_10_2981_3793	CP000240.1:414554-415322|CDS|CYB_0399	97.396	768	20	0	46	813	1	768	0.0	1296
Ga0374729_10_3990_4199	CP000240.1:415574-415784|CDS|CYB_0401	95.238	210	10	0	1	210	1	210	1.41e-92	334
Ga0374729_10_3990_4199	CP000239.1:1844017-1844227|CDS|CYA_1844	94.762	210	11	0	1	210	1	210	6.00e-91	330
Ga0374729_10_4228_5688	CP000240.1:415812-417465|CDS|CYB_0402	99.042	1461	14	0	1	1461	193	1653	0.0	2572
Ga0374729_10_4228_5688	CP000239.1:1842336-1843989|CDS|CYA_1843	98.084	1461	28	0	1	1461	193	1653	0.0	2509
Ga0374729_10_6224_6481	CP000240.1:417807-418065|CDS|CYB_0403	97.287	258	7	0	1	258	1	258	2.46e-122	434
Ga0374729_10_6224_6481	CP000239.1:1841736-1841994|CDS|CYA_1842	95.736	258	11	0	1	258	1	258	6.60e-117	416
Ga0374729_10_6581_6907	CP000240.1:418164-418542|CDS|CYB_0404	100.000	327	0	0	1	327	52	378	1.88e-169	590
Ga0374729_10_6581_6907	CP000239.1:1841264-1841642|CDS|CYA_1841	96.330	327	12	0	1	327	52	378	3.62e-153	536
Ga0374729_10_6996_7295	CP000240.1:418570-418870|CDS|CYB_0405	97.667	300	7	0	1	300	1	300	4.59e-145	510
Ga0374729_10_6996_7295	CP000239.1:1840936-1841236|CDS|CYA_1840	97.333	300	8	0	1	300	1	300	5.59e-144	506
Ga0374729_10_7338_7703	CP000240.1:418912-419278|CDS|CYB_0406	96.448	366	13	0	1	366	1	366	1.17e-172	602
Ga0374729_10_7338_7703	CP000239.1:1840528-1840894|CDS|CYA_1839	95.628	366	16	0	1	366	1	366	7.36e-169	589
Ga0374729_11_346_921	CP000239.1:776203-776698|CDS|CYA_0768	100.000	495	0	0	82	576	1	495	0.0	893
Ga0374729_11_346_921	CP000240.1:114810-115398|CDS|CYB_0097	81.614	533	98	0	44	576	56	588	5.05e-148	520
Ga0374729_11_1134_2345	CP000239.1:774779-775973|CDS|CYA_0767	99.916	1194	1	0	19	1212	1	1194	0.0	2150
Ga0374729_11_1134_2345	CP000239.1:2170714-2171908|CDS|CYA_2158	93.886	1194	73	0	19	1212	1	1194	0.0	1825
Ga0374729_11_1134_2345	CP000240.1:1954838-1956056|CDS|CYB_1872	92.200	1218	71	1	19	1212	1	1218	0.0	1786
Ga0374729_11_1134_2345	CP000240.1:1083184-1084426|CDS|CYB_1042	90.338	1242	72	2	19	1212	1	1242	0.0	1734
Ga0374729_11_1134_2345	CP000240.1:1803089-1804283|CDS|CYB_1722	92.044	1194	95	0	19	1212	1	1194	0.0	1726
Ga0374729_11_1134_2345	CP000240.1:2796782-2798000|CDS|CYB_2707	90.805	1218	88	1	19	1212	1	1218	0.0	1709
Ga0374729_11_1134_2345	CP000240.1:2644164-2645358|CDS|CYB_2538	91.206	1194	105	0	19	1212	1	1194	0.0	1681
Ga0374729_11_1134_2345	CP000239.1:712444-713638|CDS|CYA_0704	90.955	1194	108	0	19	1212	1	1194	0.0	1667
Ga0374729_11_1134_2345	CP000240.1:2168360-2169515|CDS|CYB_2071	92.800	1125	81	0	19	1143	1	1125	0.0	1664
Ga0374729_11_1134_2345	CP000240.1:1190675-1191869|CDS|CYB_1151	90.460	1195	112	2	19	1212	1	1194	0.0	1635
Ga0374729_11_1134_2345	CP000240.1:1358129-1359347|CDS|CYB_1297	89.409	1218	105	1	19	1212	1	1218	0.0	1633
Ga0374729_11_1134_2345	CP000240.1:1521392-1522610|CDS|CYB_1450	89.327	1218	106	1	19	1212	1	1218	0.0	1628
Ga0374729_11_1134_2345	CP000240.1:2619921-2621115|CDS|CYB_2521	90.126	1195	116	2	19	1212	1	1194	0.0	1617
Ga0374729_11_1134_2345	CP000240.1:638632-639850|CDS|CYB_0630	89.080	1218	109	1	19	1212	1	1218	0.0	1615
Ga0374729_11_1134_2345	CP000240.1:52430-53648|CDS|CYB_0041	88.916	1218	111	1	19	1212	1	1218	0.0	1606
Ga0374729_11_1134_2345	CP000240.1:1064975-1066169|CDS|CYB_1023	89.615	1194	124	0	19	1212	1	1194	0.0	1595
Ga0374729_11_1134_2345	CP000240.1:3008652-3009870|CDS|CYB_2910	88.670	1218	114	1	19	1212	1	1218	0.0	1592
Ga0374729_11_1134_2345	CP000240.1:2830275-2831565|CDS|CYB_2735	87.581	1240	89	3	19	1210	1	1223	0.0	1588
Ga0374729_11_1134_2345	CP000240.1:2553363-2554557|CDS|CYB_2454	89.447	1194	126	0	19	1212	1	1194	0.0	1586
Ga0374729_11_1134_2345	CP000240.1:2210858-2212052|CDS|CYB_2117	89.112	1194	130	0	19	1212	1	1194	0.0	1568
Ga0374729_11_1134_2345	CP000239.1:629980-631174|CDS|CYA_0620	89.112	1194	130	0	19	1212	1	1194	0.0	1568
Ga0374729_11_1134_2345	CP000240.1:1244785-1246021|CDS|CYB_1201	88.240	1216	119	1	19	1210	1	1216	0.0	1566
Ga0374729_11_1134_2345	CP000240.1:1267756-1268992|CDS|CYB_1227	88.250	1217	117	3	19	1210	1	1216	0.0	1561
Ga0374729_11_1134_2345	CP000240.1:2661652-2662870|CDS|CYB_2557	87.849	1218	124	1	19	1212	1	1218	0.0	1547
Ga0374729_11_1134_2345	CP000240.1:1316312-1317548|CDS|CYB_1259	87.664	1216	126	1	19	1210	1	1216	0.0	1535
Ga0374729_11_1134_2345	CP000240.1:481588-482800|CDS|CYB_0472	88.600	1193	134	2	19	1210	1	1192	0.0	1532
Ga0374729_11_1134_2345	CP000240.1:629484-630702|CDS|CYB_0620	87.192	1218	132	1	19	1212	1	1218	0.0	1511
Ga0374729_11_1134_2345	CP000240.1:2933473-2934709|CDS|CYB_2835	86.710	1219	132	5	19	1210	1	1216	0.0	1473
Ga0374729_11_1134_2345	CP000240.1:605550-606744|CDS|CYB_0598	86.516	1194	161	0	19	1212	1	1194	0.0	1428
Ga0374729_11_1134_2345	CP000240.1:2247371-2248565|CDS|CYB_2147	87.911	1125	136	0	19	1143	1	1125	0.0	1416
Ga0374729_11_1134_2345	CP000239.1:698055-699204|CDS|CYA_0690	86.486	1147	131	1	19	1141	1	1147	0.0	1388
Ga0374729_11_1134_2345	CP000239.1:1594889-1596107|CDS|CYA_1585	87.289	1125	143	0	19	1143	1	1125	0.0	1385
Ga0374729_11_1134_2345	CP000239.1:893439-894633|CDS|CYA_0887	87.200	1125	144	0	19	1143	1	1125	0.0	1380
Ga0374729_11_1134_2345	CP000240.1:241642-242836|CDS|CYB_0233	86.590	1126	149	2	19	1143	1	1125	0.0	1343
Ga0374729_11_1134_2345	CP000239.1:994256-995468|CDS|CYA_0981	84.815	1192	181	0	19	1210	1	1192	0.0	1334
Ga0374729_11_1134_2345	CP000240.1:1842322-1843549|CDS|CYB_1759	83.748	1206	168	3	19	1198	1	1204	0.0	1304
Ga0374729_11_1134_2345	CP000240.1:102811-104029|CDS|CYB_0087	84.508	1149	154	1	19	1143	1	1149	0.0	1287
Ga0374729_11_1134_2345	CP000240.1:1384265-1385459|CDS|CYB_1322	83.822	1125	182	0	19	1143	1	1125	0.0	1209
Ga0374729_11_1134_2345	CP000240.1:345730-346924|CDS|CYB_0329	83.644	1125	184	0	19	1143	1	1125	0.0	1200
Ga0374729_11_1134_2345	CP000240.1:1015074-1016268|CDS|CYB_0979	83.289	1125	188	0	19	1143	1	1125	0.0	1182
Ga0374729_11_1134_2345	CP000240.1:2565689-2566883|CDS|CYB_2468	83.022	1125	191	0	19	1143	1	1125	0.0	1168
Ga0374729_11_1134_2345	CP000240.1:2128026-2129220|CDS|CYB_2026	83.171	1129	182	7	19	1143	1	1125	0.0	1156
Ga0374729_11_1134_2345	CP000239.1:693322-694534|CDS|CYA_0687	81.506	1195	215	5	19	1210	1	1192	0.0	1142
Ga0374729_11_1134_2345	CP000240.1:2219258-2220470|CDS|CYB_2126	81.255	1195	218	5	19	1210	1	1192	0.0	1129
Ga0374729_11_1134_2345	CP000240.1:1763450-1764623|CDS|CYB_1688	81.577	1129	200	7	19	1143	1	1125	0.0	1075
Ga0374729_11_1134_2345	CP000240.1:1917270-1918464|CDS|CYB_1826	80.337	1129	214	7	19	1143	1	1125	0.0	1012
Ga0374729_11_1134_2345	CP000240.1:2506708-2507857|CDS|CYB_2410	77.768	1129	131	7	19	1027	1	1129	0.0	982
Ga0374729_11_1134_2345	CP000239.1:88305-89487|CDS|CYA_0091	74.754	1117	256	6	24	1133	6	1103	0.0	740
Ga0374729_11_2377_2502	CP000239.1:774622-774748|CDS|CYA_0766	100.000	126	0	0	1	126	1	126	8.40e-61	228
Ga0374729_11_2377_2502	CP000240.1:1004568-1004760|CDS|CYB_0968	86.842	114	15	0	1	114	67	180	1.17e-33	139
Ga0374729_11_2620_5166	CP000239.1:771958-774466|CDS|CYA_0765	97.687	2508	58	0	40	2547	1	2508	0.0	4262
Ga0374729_11_2620_5166	CP000240.1:1004905-1007419|CDS|CYB_0970	82.806	2466	421	3	82	2545	48	2512	0.0	2526
Ga0374729_11_5176_5886	CP000239.1:771238-771949|CDS|CYA_0764	88.062	712	83	2	1	711	1	711	0.0	894
Ga0374729_11_5176_5886	CP000240.1:140384-141068|CDS|CYB_0127	81.053	665	124	2	18	681	18	681	2.05e-179	625
Ga0374729_11_5924_6682	CP000239.1:770445-771204|CDS|CYA_0763	97.497	759	19	0	1	759	1	759	0.0	1284
Ga0374729_11_5924_6682	CP000240.1:141132-141891|CDS|CYB_0128	87.879	759	92	0	1	759	1	759	0.0	955
Ga0374729_12_1257_2786	CP000239.1:2505748-2507278|CDS|CYA_2496	99.869	1530	2	0	1	1530	1	1530	0.0	2751
Ga0374729_12_1257_2786	CP000240.1:710393-711914|CDS|CYB_0693	73.711	1590	285	27	1	1528	1	1519	0.0	982
Ga0374729_12_2801_3637	CP000239.1:2507292-2508129|CDS|CYA_2497	92.234	837	65	0	1	837	1	837	0.0	1217
Ga0374729_12_2801_3637	CP000240.1:709542-710385|CDS|CYB_0692	88.129	834	99	0	1	834	1	834	0.0	1058
Ga0374729_12_3739_4593	CP000239.1:2508230-2509130|CDS|CYA_2498	84.678	855	128	1	1	855	49	900	0.0	950
Ga0374729_12_3739_4593	CP000240.1:708583-709441|CDS|CYB_0691	83.186	791	133	0	63	853	66	856	0.0	828
Ga0374729_12_4692_5801	CP000239.1:2509158-2510295|CDS|CYA_2499	86.667	1140	119	4	1	1110	1	1137	0.0	1383
Ga0374729_12_4692_5801	CP000240.1:707358-708489|CDS|CYB_0690	84.857	1116	136	4	8	1093	8	1120	0.0	1263
Ga0374729_13_879_1835	CP000239.1:2158112-2160044|CDS|CYA_2146	97.910	957	19	1	1	957	1	956	0.0	1633
Ga0374729_13_879_1835	CP000240.1:536867-538766|CDS|CYB_0522	88.375	886	102	1	67	952	1	885	0.0	1131
Ga0374729_13_1962_2426	CP000239.1:2157521-2157986|CDS|CYA_2145	100.000	465	0	0	1	465	1	465	0.0	839
Ga0374729_13_1962_2426	CP000240.1:538940-539405|CDS|CYB_0523	87.931	464	56	0	1	464	1	464	1.16e-167	585
Ga0374729_13_2442_2972	CP000239.1:2156948-2157506|CDS|CYA_2144	100.000	531	0	0	1	531	28	558	0.0	958
Ga0374729_13_2442_2972	CP000240.1:539420-539978|CDS|CYB_0524	93.511	524	34	0	1	524	28	551	0.0	792
Ga0374729_13_3296_3562	CP000239.1:2156385-2156652|CDS|CYA_2143	100.000	267	0	0	1	267	1	267	5.62e-137	482
Ga0374729_13_3296_3562	CP000240.1:540237-540549|CDS|CYB_0525	86.139	202	28	0	3	204	45	246	1.09e-63	239
Ga0374729_13_3572_4984	CP000239.1:2154963-2156349|CDS|CYA_2142	100.000	1386	0	0	28	1413	1	1386	0.0	2500
Ga0374729_13_3572_4984	CP000240.1:540590-541976|CDS|CYB_0526	88.824	1378	154	0	28	1405	1	1378	0.0	1792
Ga0374729_14_677_1864	CP000239.1:1624446-1625658|CDS|CYA_1621	100.000	1188	0	0	1	1188	25	1212	0.0	2143
Ga0374729_14_677_1864	CP000240.1:2989446-2990658|CDS|CYB_2892	85.497	1186	172	0	1	1186	25	1210	0.0	1364
Ga0374729_14_1958_2857	CP000239.1:1625730-1626651|CDS|CYA_1622	99.667	900	3	0	1	900	22	921	0.0	1610
Ga0374729_14_1958_2857	CP000240.1:1987413-1988340|CDS|CYB_1902	84.546	893	138	0	1	893	22	914	0.0	989
Ga0374729_14_3086_3454	CP000239.1:1626879-1627374|CDS|CYA_1623	100.000	369	0	0	1	369	127	495	0.0	666
Ga0374729_14_3086_3454	CP000240.1:1986963-1987389|CDS|CYB_1901	82.370	346	61	0	19	364	58	403	1.18e-96	350
Ga0374729_14_3612_4103	CP000239.1:1627405-1628002|CDS|CYA_1624	100.000	492	0	0	1	492	106	597	0.0	888
Ga0374729_14_3612_4103	CP000240.1:1986368-1986860|CDS|CYB_1900	80.285	492	97	0	1	492	1	492	6.36e-127	451
Ga0374729_14_4489_5229	CP000239.1:1628282-1629023|CDS|CYA_1625	99.865	741	1	0	1	741	1	741	0.0	1333
Ga0374729_14_4489_5229	CP000240.1:1985629-1986343|CDS|CYB_1899	84.245	603	95	0	1	603	1	603	0.0	660
Ga0374729_15_521_766	CP000239.1:2795941-2796187|CDS|CYA_2775	100.000	246	0	0	1	246	1	246	1.29e-125	444
Ga0374729_15_521_766	CP000240.1:2566903-2567194|CDS|CYB_2469	87.805	246	30	0	1	246	46	291	6.70e-85	309
Ga0374729_15_900_989	CP000239.1:2796320-2796410|CDS|CYA_2776	100.000	90	0	0	1	90	1	90	1.95e-41	163
Ga0374729_15_1029_1193	CP000239.1:2796425-2796614|CDS|CYA_2777	100.000	165	0	0	1	165	25	189	7.78e-82	298
Ga0374729_15_1029_1193	CP000240.1:2565176-2565338|CDS|CYB_2467	82.911	158	27	0	1	158	1	158	4.03e-41	164
Ga0374729_15_1234_1614	CP000239.1:2796654-2797047|CDS|CYA_2778	99.738	381	1	0	1	381	13	393	0.0	683
Ga0374729_15_1234_1614	CP000240.1:2564781-2565153|CDS|CYB_2466	85.350	314	46	0	19	332	19	332	6.75e-100	360
Ga0374729_15_1614_4127	CP000239.1:2797034-2799542|CDS|CYA_2779	99.562	2514	5	1	1	2514	1	2508	0.0	4486
Ga0374729_15_1614_4127	CP000240.1:2562272-2564777|CDS|CYB_2465	83.145	2474	388	5	29	2501	35	2480	0.0	2586
Ga0374729_15_4252_5019	CP000239.1:2799666-2800452|CDS|CYA_2780	100.000	768	0	0	1	768	19	786	0.0	1386
Ga0374729_15_4252_5019	CP000240.1:2561277-2562057|CDS|CYB_2464	85.220	751	111	0	4	754	22	772	0.0	855
Ga0374729_16_206_619	CP000239.1:1785641-1786055|CDS|CYA_1784	99.517	414	2	0	1	414	1	414	0.0	738
Ga0374729_16_206_619	CP000239.1:1785658-1786702|CDS|CYA_1783	99.496	397	2	0	18	414	1044	648	0.0	708
Ga0374729_16_206_619	CP000240.1:1266949-1267360|CDS|CYB_1224	86.473	414	53	1	1	414	1	411	4.96e-140	493
Ga0374729_16_949_2127	CP000239.1:1786384-1787563|CDS|CYA_1785	100.000	1179	0	0	1	1179	1	1179	0.0	2127
Ga0374729_16_949_2127	CP000240.1:2346623-2347814|CDS|CYB_2241	86.650	1191	147	1	1	1179	1	1191	0.0	1438
Ga0374729_16_2234_2812	CP000239.1:1787606-1788275|CDS|CYA_1786	97.582	579	1	1	1	579	64	629	0.0	989
Ga0374729_16_2234_2812	CP000240.1:2345662-2346151|CDS|CYB_2239	80.087	462	79	1	118	579	1	449	8.61e-120	426
Ga0374729_16_2938_3441	CP000239.1:1788360-1788864|CDS|CYA_1787	100.000	504	0	0	1	504	1	504	0.0	910
Ga0374729_16_2938_3441	CP000240.1:2345084-2345573|CDS|CYB_2238	83.636	495	72	2	1	495	1	486	2.96e-150	527
Ga0374729_16_3494_4405	CP000239.1:1788916-1789828|CDS|CYA_1788	100.000	912	0	0	1	912	1	912	0.0	1645
Ga0374729_16_3494_4405	CP000240.1:2344164-2345076|CDS|CYB_2237	83.111	900	147	4	16	911	13	911	0.0	925
Ga0374729_16_4464_4979	CP000239.1:1789886-1790675|CDS|CYA_1789	100.000	516	0	0	1	516	274	789	0.0	931
Ga0374729_16_4464_4979	CP000240.1:2343335-2344115|CDS|CYB_2236	85.659	516	74	0	1	516	265	780	2.04e-171	598
Ga0374729_17_3_1073	CP000239.1:777429-778500|CDS|CYA_0770	100.000	1071	0	0	1	1071	1	1071	0.0	1932
Ga0374729_17_3_1073	CP000240.1:206713-207784|CDS|CYB_0193	86.181	1071	148	0	1	1071	1	1071	0.0	1265
Ga0374729_17_1096_1776	CP000239.1:778522-779203|CDS|CYA_0771	99.853	681	1	0	1	681	1	681	0.0	1224
Ga0374729_17_1096_1776	CP000240.1:207846-208548|CDS|CYB_0194	79.822	674	121	3	1	659	1	674	6.42e-173	603
Ga0374729_17_1799_2629	CP000239.1:779225-780056|CDS|CYA_0772	99.880	831	1	0	1	831	1	831	0.0	1495
Ga0374729_17_1799_2629	CP000240.1:208564-209434|CDS|CYB_0195	78.903	839	150	5	1	812	22	860	0.0	718
Ga0374729_17_2739_3557	CP000239.1:780165-780984|CDS|CYA_0773	99.878	819	1	0	1	819	1	819	0.0	1473
Ga0374729_17_2739_3557	CP000240.1:209502-210327|CDS|CYB_0196	84.494	761	115	1	1	758	1	761	0.0	839
Ga0374729_17_3602_4111	CP000239.1:781028-781538|CDS|CYA_0774	99.804	510	1	0	1	510	1	510	0.0	916
Ga0374729_17_3602_4111	CP000240.1:211181-211715|CDS|CYB_0199	87.910	488	59	0	1	488	1	488	2.62e-176	615
Ga0374729_17_4471_4920	CP000239.1:781897-782347|CDS|CYA_0776	100.000	450	0	0	1	450	1	450	0.0	812
Ga0374729_17_4471_4920	CP000240.1:212011-212446|CDS|CYB_0200	85.548	429	50	2	1	429	1	417	4.45e-141	497
Ga0374729_18_379_630	CP000240.1:1085680-1086127|CDS|CYB_1046	80.000	210	30	1	27	224	417	208	1.09e-50	196
Ga0374729_18_925_1188	CP000239.1:936771-937035|CDS|CYA_0926	99.621	264	1	0	1	264	1	264	1.00e-133	472
Ga0374729_18_925_1188	CP000240.1:1085268-1085532|CDS|CYB_1043	85.496	262	38	0	1	262	1	262	1.07e-82	302
Ga0374729_18_1210_1881	CP000239.1:937056-937728|CDS|CYA_0927	100.000	672	0	0	1	672	1	672	0.0	1213
Ga0374729_18_1210_1881	CP000240.1:1084593-1085283|CDS|CYB_1044	86.544	654	85	1	1	654	1	651	0.0	782
Ga0374729_18_2065_2853	CP000239.1:937911-938700|CDS|CYA_0928	99.873	789	1	0	1	789	1	789	0.0	1419
Ga0374729_18_2065_2853	CP000240.1:1082301-1083090|CDS|CYB_1041	86.312	789	108	0	1	789	1	789	0.0	937
Ga0374729_18_2850_3608	CP000239.1:938696-939455|CDS|CYA_0929	96.311	759	28	0	1	759	1	759	0.0	1243
Ga0374729_18_2850_3608	CP000240.1:1081522-1082305|CDS|CYB_1040	87.380	729	92	0	1	729	1	729	0.0	901
Ga0374729_18_3676_4431	CP000239.1:939522-940422|CDS|CYA_0930	99.735	756	2	0	1	756	145	900	0.0	1355
Ga0374729_18_3676_4431	CP000240.1:1080663-1081458|CDS|CYB_1039	79.377	771	120	6	1	732	1	771	0.0	682
Ga0374729_19_1104_1394	CP000240.1:936729-937020|CDS|CYB_0907	98.969	291	3	0	1	291	1	291	1.27e-145	512
Ga0374729_19_1468_1866	CP000239.1:2101748-2102147|CDS|CYA_2082	99.499	399	2	0	1	399	1	399	0.0	711
Ga0374729_19_1468_1866	CP000239.1:1152553-1152952|CDS|CYA_1126	99.499	399	2	0	1	399	1	399	0.0	711
Ga0374729_19_1468_1866	CP000239.1:1013062-1013461|CDS|CYA_0999	99.499	399	2	0	1	399	1	399	0.0	711
Ga0374729_19_1468_1866	CP000239.1:34556-34955|CDS|CYA_0037	99.499	399	2	0	1	399	1	399	0.0	711
Ga0374729_19_1468_1866	CP000239.1:2654240-2654639|CDS|CYA_2639	99.248	399	3	0	1	399	1	399	0.0	707
Ga0374729_19_1468_1866	CP000239.1:1663935-1664334|CDS|CYA_1661	99.248	399	3	0	1	399	1	399	0.0	707
Ga0374729_19_1468_1866	CP000239.1:1300762-1301161|CDS|CYA_1291	99.248	399	3	0	1	399	1	399	0.0	707
Ga0374729_19_1468_1866	CP000239.1:2728529-2728928|CDS|CYA_2709	98.997	399	4	0	1	399	1	399	0.0	702
Ga0374729_19_1468_1866	CP000239.1:1367794-1368193|CDS|CYA_1358	98.997	399	4	0	1	399	1	399	0.0	702
Ga0374729_19_1468_1866	CP000239.1:1290362-1291310|CDS|CYA_1279	99.000	400	3	1	1	399	1	400	0.0	700
Ga0374729_19_1468_1866	CP000239.1:2740042-2740447|CDS|CYA_2722	98.997	399	3	1	1	399	1	398	0.0	699
Ga0374729_19_1468_1866	CP000239.1:2026942-2027347|CDS|CYA_2010	98.997	399	3	1	1	399	1	398	0.0	699
Ga0374729_19_1468_1866	CP000239.1:1612111-1613059|CDS|CYA_1604	98.750	400	4	1	1	399	1	400	0.0	696
Ga0374729_19_1468_1866	CP000239.1:1321049-1321982|CDS|CYA_1311	98.750	400	4	1	1	399	1	400	0.0	696
Ga0374729_19_1468_1866	CP000239.1:51699-52647|CDS|CYA_0053	98.750	400	4	1	1	399	1	400	0.0	696
Ga0374729_19_1468_1866	CP000239.1:2862566-2862965|CDS|CYA_2845	98.496	399	6	0	1	399	1	399	0.0	693
Ga0374729_19_2040_2399	CP000239.1:34936-35488|CDS|CYA_0038	100.000	360	0	0	1	360	193	552	0.0	650
Ga0374729_19_2040_2399	CP000239.1:1321049-1321982|CDS|CYA_1311	99.722	360	1	0	1	360	574	933	0.0	645
Ga0374729_19_2040_2399	CP000239.1:2101215-2101767|CDS|CYA_2081	99.167	360	3	0	1	360	193	552	0.0	636
Ga0374729_19_2040_2399	CP000239.1:2653692-2654259|CDS|CYA_2637	95.733	375	1	1	1	360	193	567	1.81e-176	614
Ga0374729_19_2040_2399	CP000239.1:1290362-1291310|CDS|CYA_1279	95.733	375	1	1	1	360	574	948	1.81e-176	614
Ga0374729_19_2040_2399	CP000239.1:1152933-1153500|CDS|CYA_1127	95.733	375	1	1	1	360	193	567	1.81e-176	614
Ga0374729_19_2040_2399	CP000239.1:1012514-1013081|CDS|CYA_0998	95.733	375	1	1	1	360	193	567	1.81e-176	614
Ga0374729_19_2040_2399	CP000239.1:2863003-2863513|CDS|CYA_2846	95.467	375	2	1	1	360	136	510	7.72e-175	609
Ga0374729_19_2040_2399	CP000239.1:1368174-1368741|CDS|CYA_1360	95.467	375	2	1	1	360	193	567	7.72e-175	609
Ga0374729_19_2040_2399	CP000239.1:2728909-2729476|CDS|CYA_2710	95.200	375	3	1	1	360	193	567	9.40e-174	605
Ga0374729_19_2040_2399	CP000239.1:1664315-1664882|CDS|CYA_1662	95.200	375	3	1	1	360	193	567	9.40e-174	605
Ga0374729_19_2040_2399	CP000239.1:1300214-1300781|CDS|CYA_1289	95.200	375	3	1	1	360	193	567	9.40e-174	605
Ga0374729_19_2040_2399	CP000239.1:1612111-1613059|CDS|CYA_1604	94.667	375	5	1	1	360	574	948	4.87e-171	596
Ga0374729_19_2040_2399	CP000239.1:51699-52647|CDS|CYA_0053	94.667	375	5	1	1	360	574	948	4.87e-171	596
Ga0374729_20_10_186	CP000239.1:2064144-2064744|CDS|CYA_2044	100.000	177	0	0	1	177	424	600	2.56e-88	320
Ga0374729_20_10_186	CP000240.1:2835852-2836452|CDS|CYB_2741	87.006	177	23	0	1	177	424	600	7.84e-57	216
Ga0374729_20_338_1339	CP000239.1:2064895-2065897|CDS|CYA_2045	94.910	1002	51	0	1	1002	1	1002	0.0	1578
Ga0374729_20_338_1339	CP000240.1:759277-760279|CDS|CYB_0735	86.527	1002	135	0	1	1002	1	1002	0.0	1199
Ga0374729_20_1837_2421	CP000239.1:2066389-2066974|CDS|CYA_2047	100.000	585	0	0	1	585	1	585	0.0	1056
Ga0374729_20_1837_2421	CP000240.1:760834-761410|CDS|CYB_0737	77.041	588	118	4	1	584	1	575	7.63e-127	450
Ga0374729_20_2509_3252	CP000239.1:2067061-2067805|CDS|CYA_2048	100.000	744	0	0	1	744	1	744	0.0	1342
Ga0374729_20_2509_3252	CP000240.1:761606-762362|CDS|CYB_0738	86.418	751	90	3	1	739	1	751	0.0	893
Ga0374729_21_7_924	CP000240.1:1242591-1243941|CDS|CYB_1198	88.565	927	97	2	1	918	424	1350	0.0	1194
Ga0374729_21_7_924	CP000239.1:785883-787233|CDS|CYA_0781	88.026	927	102	2	1	918	424	1350	0.0	1171
Ga0374729_21_1107_2546	CP000239.1:784261-785701|CDS|CYA_0780	93.889	1440	88	0	1	1440	1	1440	0.0	2201
Ga0374729_21_1107_2546	CP000240.1:212975-214439|CDS|CYB_0202	85.222	1421	208	2	1	1420	1	1420	0.0	1609
Ga0374729_21_2634_2855	CP000239.1:783952-784174|CDS|CYA_0778	99.550	222	1	0	1	222	1	222	5.23e-111	397
Ga0374729_21_2634_2855	CP000240.1:212622-212853|CDS|CYB_0201	86.170	188	26	0	1	188	1	188	6.83e-59	223
Ga0374729_21_3092_4267	CP000239.1:782540-783770|CDS|CYA_0777	97.445	1174	30	0	1	1174	55	1228	0.0	1983
Ga0374729_21_3092_4267	CP000239.1:1966854-1968081|CDS|CYA_1956	93.723	1147	72	0	1	1147	55	1201	0.0	1745
Ga0374729_21_3092_4267	CP000240.1:544792-546037|CDS|CYB_0530	75.194	1157	270	4	10	1162	64	1207	0.0	791
Ga0374729_22_182_718	CP000239.1:2248276-2248867|CDS|CYA_2233	100.000	537	0	0	1	537	55	591	0.0	969
Ga0374729_22_182_718	CP000240.1:588837-589461|CDS|CYB_0582	75.091	550	89	6	20	521	56	605	5.73e-109	391
Ga0374729_22_739_1506	CP000239.1:2248887-2249655|CDS|CYA_2234	99.870	768	1	0	1	768	1	768	0.0	1381
Ga0374729_22_1557_2171	CP000239.1:2249699-2250320|CDS|CYA_2235	100.000	615	0	0	1	615	7	621	0.0	1110
Ga0374729_22_1557_2171	CP000240.1:590398-591046|CDS|CYB_0584	81.918	636	88	2	7	615	13	648	0.0	645
Ga0374729_22_2291_2536	CP000239.1:2247461-2248079|CDS|CYA_2232	100.000	241	0	0	1	241	1	241	6.69e-123	435
Ga0374729_22_2291_2536	CP000240.1:588094-588712|CDS|CYB_0581	87.083	240	31	0	2	241	2	241	5.15e-80	294
Ga0374729_22_2533_3501	CP000239.1:2246496-2247465|CDS|CYA_2231	100.000	969	0	0	1	969	1	969	0.0	1748
Ga0374729_22_2533_3501	CP000240.1:587129-588098|CDS|CYB_0580	87.410	969	122	0	1	969	1	969	0.0	1198
Ga0374729_22_3523_4041	CP000239.1:2245575-2246475|CDS|CYA_2230	99.615	519	2	0	1	519	382	900	0.0	928
Ga0374729_22_3523_4041	CP000240.1:586179-587103|CDS|CYB_0579	89.703	505	52	0	2	506	407	911	0.0	677
Ga0374729_23_297_716	CP000240.1:420062-420482|CDS|CYB_0409	97.619	420	10	0	1	420	1	420	0.0	713
Ga0374729_23_297_716	CP000239.1:1839324-1839744|CDS|CYA_1836	97.619	420	10	0	1	420	1	420	0.0	713
Ga0374729_23_798_2138	CP000240.1:420563-421901|CDS|CYB_0410	98.655	1338	18	0	4	1341	1	1338	0.0	2333
Ga0374729_23_798_2138	CP000239.1:1837912-1839250|CDS|CYA_1835	98.281	1338	23	0	4	1341	1	1338	0.0	2310
Ga0374729_23_2135_3529	CP000240.1:421900-423295|CDS|CYB_0411	99.211	1395	11	0	1	1395	1	1395	0.0	2467
Ga0374729_23_2135_3529	CP000239.1:1836518-1837925|CDS|CYA_1834	98.710	1395	18	0	1	1395	1	1395	0.0	2435
Ga0374729_23_3520_3879	CP000240.1:423285-423645|CDS|CYB_0412	99.444	360	2	0	1	360	1	360	0.0	641
Ga0374729_23_3520_3879	CP000239.1:1836168-1836528|CDS|CYA_1833	99.444	360	2	0	1	360	1	360	0.0	641
Ga0374729_24_921_2729	CP000239.1:185640-187449|CDS|CYA_0184	98.010	1809	36	0	1	1809	1	1809	0.0	3101
Ga0374729_24_921_2729	CP000240.1:2632125-2633949|CDS|CYB_2529	85.151	1825	252	4	1	1808	1	1823	0.0	2069
Ga0374729_24_3252_3347	CP000239.1:187887-188067|CDS|CYA_0187	100.000	96	0	0	1	96	85	180	1.15e-44	174
Ga0374729_24_3252_3347	CP000240.1:1270031-1271426|CDS|CYB_1228	81.944	72	13	0	1	72	1300	1371	1.01e-13	72.5
Ga0374729_24_3410_3595	CP000239.1:188129-188315|CDS|CYA_0188	100.000	186	0	0	1	186	1	186	3.52e-93	336
Ga0374729_24_3410_3595	CP000240.1:1271495-1271681|CDS|CYB_1229	91.935	186	15	0	1	186	1	186	1.50e-72	269
Ga0374729_25_8_1264	CP000239.1:943316-944390|CDS|CYA_0933	99.814	1074	2	0	184	1257	1	1074	0.0	1929
Ga0374729_25_8_1264	CP000240.1:1076532-1077627|CDS|CYB_1034	78.329	1089	216	5	178	1250	1	1085	0.0	896
Ga0374729_25_1237_2187	CP000240.1:1077776-1078727|CDS|CYB_1036	75.754	928	223	2	25	951	25	951	0.0	653
Ga0374729_25_2184_2795	CP000239.1:941581-942214|CDS|CYA_0932	100.000	612	0	0	1	612	22	633	0.0	1104
Ga0374729_25_2184_2795	CP000240.1:1078723-1079557|CDS|CYB_1037	74.007	604	155	2	10	612	232	834	5.05e-104	375
Ga0374729_25_3024_3431	CP000239.1:940420-941374|CDS|CYA_0931	100.000	408	0	0	1	408	547	954	0.0	737
Ga0374729_25_3024_3431	CP000240.1:1079567-1080521|CDS|CYB_1038	84.559	408	63	0	1	408	547	954	1.50e-127	453
Ga0374729_26_369_2660	CP000239.1:2606278-2608678|CDS|CYA_2582	99.956	2292	1	0	1	2292	109	2400	0.0	4130
Ga0374729_26_369_2660	CP000240.1:2478039-2480457|CDS|CYB_2373	83.355	2295	368	3	1	2282	115	2408	0.0	2416
Ga0374729_26_2796_3020	CP000239.1:2608813-2609137|CDS|CYA_2584	99.556	225	1	0	1	225	100	324	1.25e-112	402
Ga0374729_26_2796_3020	CP000240.1:2477689-2477944|CDS|CYB_2372	82.456	228	37	1	1	225	28	255	4.67e-61	230
Ga0374729_27_758_1819	CP000239.1:1736015-1737077|CDS|CYA_1732	99.529	1062	5	0	1	1062	1	1062	0.0	1893
Ga0374729_27_758_1819	CP000240.1:2000171-2001233|CDS|CYB_1915	99.058	1062	10	0	1	1062	1	1062	0.0	1871
Ga0374729_27_1967_2950	CP000239.1:1737225-1738209|CDS|CYA_1733	99.289	984	7	0	1	984	1	984	0.0	1744
Ga0374729_27_1967_2950	CP000240.1:1999039-2000023|CDS|CYB_1914	98.984	984	10	0	1	984	1	984	0.0	1730
Ga0374729_28_784_1062	CP000239.1:892608-892887|CDS|CYA_0885	98.566	279	4	0	1	279	1	279	4.84e-138	486
Ga0374729_28_784_1062	CP000239.1:130864-131179|CDS|CYA_0135	89.892	277	16	1	3	279	51	315	5.18e-106	380
Ga0374729_28_2787_3083	CP000240.1:603174-604356|CDS|CYB_0596	100.000	297	0	0	1	297	886	1182	3.27e-153	536
Ga0374729_28_2787_3083	CP000239.1:887771-888923|CDS|CYA_0883	96.959	296	9	0	2	297	857	1152	3.49e-140	494
Ga0374729_29_25_1287	CP000239.1:2244161-2245424|CDS|CYA_2229	99.842	1263	2	0	1	1263	1	1263	0.0	2269
Ga0374729_29_25_1287	CP000240.1:584582-585827|CDS|CYB_0578	85.962	1268	146	4	1	1261	1	1243	0.0	1496
Ga0374729_29_1954_2526	CP000239.1:2242916-2243624|CDS|CYA_2228	96.200	579	16	1	1	573	130	708	0.0	947
Ga0374729_29_1954_2526	CP000240.1:583590-584298|CDS|CYB_0577	87.392	579	67	1	1	573	130	708	0.0	717
Ga0374729_30_344_1072	CP000239.1:1614728-1615568|CDS|CYA_1608	99.863	729	1	0	1	729	112	840	0.0	1311
Ga0374729_30_344_1072	CP000240.1:1886342-1887170|CDS|CYB_1799	81.286	700	119	1	11	710	122	809	0.0	679
Ga0374729_30_1226_1444	CP000239.1:1614467-1614686|CDS|CYA_1607	100.000	219	0	0	1	219	1	219	5.16e-111	396
Ga0374729_30_1226_1444	CP000240.1:1887227-1887446|CDS|CYB_1800	87.671	219	27	0	1	219	1	219	4.24e-74	274
Ga0374729_30_1499_1885	CP000239.1:1614026-1614413|CDS|CYA_1606	100.000	387	0	0	1	387	1	387	0.0	699
Ga0374729_30_1499_1885	CP000240.1:1887576-1887981|CDS|CYB_1801	77.696	408	67	3	1	387	1	405	2.73e-92	334
Ga0374729_30_2288_2455	CP000239.1:1613456-1613624|CDS|CYA_1605	100.000	168	0	0	1	168	1	168	1.87e-83	304
Ga0374729_31_109_1371	CP000239.1:2806201-2807254|CDS|CYA_2786	98.006	1053	21	0	211	1263	1	1053	0.0	1805
Ga0374729_31_109_1371	CP000240.1:2574289-2575342|CDS|CYB_2478	89.934	1053	106	0	211	1263	1	1053	0.0	1422
Ga0374729_31_1418_2794	CP000239.1:2804597-2805950|CDS|CYA_2785	99.409	1353	8	0	25	1377	1	1353	0.0	2405
Ga0374729_31_1418_2794	CP000240.1:2572675-2574028|CDS|CYB_2477	90.607	1352	127	0	25	1376	1	1352	0.0	1866
Ga0374729_32_1981_2529	CP000239.1:2132047-2132596|CDS|CYA_2114	99.818	549	1	0	1	549	1	549	0.0	986
Ga0374729_32_1981_2529	CP000240.1:2763259-2763808|CDS|CYB_2674	81.204	548	103	0	1	548	1	548	3.94e-149	525
Ga0374729_33_599_1777	CP000239.1:2611972-2613151|CDS|CYA_2590	99.915	1179	1	0	1	1179	1	1179	0.0	2122
Ga0374729_33_599_1777	CP000240.1:2475196-2476366|CDS|CYB_2369	80.763	1180	212	6	1	1177	1	1168	0.0	1092
Ga0374729_33_2177_2380	CP000240.1:2476793-2477096|CDS|CYB_2370	81.068	206	26	2	3	195	77	282	7.08e-52	199
Ga0374729_34_634_1092	CP000239.1:587312-587771|CDS|CYA_0574	99.782	459	1	0	1	459	1	459	0.0	824
Ga0374729_34_634_1092	CP000240.1:69558-70017|CDS|CYB_0057	85.403	459	67	0	1	459	1	459	9.36e-150	526
Ga0374729_34_1121_2059	CP000239.1:587799-588738|CDS|CYA_0575	99.894	939	1	0	1	939	1	939	0.0	1690
Ga0374729_34_1121_2059	CP000240.1:70136-71075|CDS|CYB_0058	84.914	928	140	0	1	928	1	928	0.0	1043
