Ga0374732_01_624_1058	CP000239.1:551961-552357|CDS|CYA_0536	99.747	396	1	0	40	435	1	396	0.0	710
Ga0374732_01_624_1058	CP000240.1:2356576-2357002|CDS|CYB_2253	88.967	426	47	0	10	435	1	426	5.23e-159	557
Ga0374732_01_1428_2036	CP000239.1:552726-553335|CDS|CYA_0537	100.000	609	0	0	1	609	1	609	0.0	1099
Ga0374732_01_1428_2036	CP000240.1:2357236-2357845|CDS|CYB_2254	92.447	609	46	0	1	609	1	609	0.0	892
Ga0374732_01_2252_2443	CP000239.1:553497-553734|CDS|CYA_0539	99.429	175	1	0	18	192	63	237	1.45e-85	312
Ga0374732_01_2252_2443	CP000240.1:2358009-2358276|CDS|CYB_2255	81.865	193	29	1	4	190	73	265	9.82e-50	192
Ga0374732_01_2445_2702	CP000239.1:553735-553993|CDS|CYA_0540	100.000	258	0	0	1	258	1	258	4.16e-132	466
Ga0374732_01_2445_2702	CP000240.1:2358349-2358625|CDS|CYB_2256	82.456	228	40	0	1	228	1	228	1.56e-61	232
Ga0374732_01_2958_4001	CP000239.1:554248-555292|CDS|CYA_0542	99.808	1044	2	0	1	1044	1	1044	0.0	1874
Ga0374732_01_2958_4001	CP000240.1:2358883-2359927|CDS|CYB_2257	90.307	1042	101	0	1	1042	1	1042	0.0	1425
Ga0374732_01_4320_5615	CP000239.1:555610-556906|CDS|CYA_0543	96.991	1296	39	0	1	1296	1	1296	0.0	2162
Ga0374732_01_4320_5615	CP000240.1:2360254-2361550|CDS|CYB_2258	89.275	1296	139	0	1	1296	1	1296	0.0	1711
Ga0374732_01_5699_5806	CP000240.1:2361657-2361765|CDS|CYB_2259	87.736	106	13	0	1	106	1	106	4.11e-32	133
Ga0374732_01_5699_5806	CP000239.1:557018-557126|CDS|CYA_0544	86.792	106	14	0	1	106	1	106	5.01e-31	129
Ga0374732_01_5931_7748	CP000239.1:557309-559127|CDS|CYA_0545	93.319	1811	121	0	8	1818	8	1818	0.0	2721
Ga0374732_01_5931_7748	CP000240.1:2361939-2363757|CDS|CYB_2260	86.085	1811	252	0	8	1818	8	1818	0.0	2131
Ga0374732_01_7759_9867	CP000239.1:559137-561246|CDS|CYA_0546	99.953	2109	1	0	1	2109	1	2109	0.0	3800
Ga0374732_01_7759_9867	CP000240.1:2363787-2365941|CDS|CYB_2261	82.637	2154	322	8	1	2107	1	2149	0.0	2210
Ga0374732_01_9905_11221	CP000239.1:561283-562600|CDS|CYA_0547	99.924	1317	1	0	1	1317	1	1317	0.0	2371
Ga0374732_01_9905_11221	CP000240.1:2366010-2367327|CDS|CYB_2262	86.698	1293	172	0	1	1293	1	1293	0.0	1557
Ga0374732_01_11343_11837	CP000239.1:562721-563216|CDS|CYA_0548	100.000	495	0	0	1	495	1	495	0.0	893
Ga0374732_01_11343_11837	CP000240.1:789171-789684|CDS|CYB_0766	86.089	496	67	2	1	495	19	513	6.39e-165	577
Ga0374732_01_11895_12182	CP000239.1:565109-565394|CDS|CYA_0551	100.000	285	0	0	4	288	1	285	1.03e-146	515
Ga0374732_01_11895_12182	CP000240.1:789734-790004|CDS|CYB_0767	78.509	228	47	2	20	246	2	228	7.97e-47	184
Ga0374732_01_12360_13442	CP000239.1:565574-566657|CDS|CYA_0553	100.000	1083	0	0	1	1083	1	1083	0.0	1954
Ga0374732_01_12360_13442	CP000240.1:790195-791278|CDS|CYB_0769	89.012	1083	119	0	1	1083	1	1083	0.0	1417
Ga0374732_01_13439_13720	CP000239.1:566653-567022|CDS|CYA_0552	99.645	282	1	0	1	282	88	369	1.82e-143	505
Ga0374732_01_13439_13720	CP000240.1:791274-791643|CDS|CYB_0768	91.459	281	24	0	2	282	89	369	5.59e-112	399
Ga0374732_01_13872_15572	CP000239.1:567086-569000|CDS|CYA_0554	99.765	1701	4	0	1	1701	214	1914	0.0	3050
Ga0374732_01_13872_15572	CP000240.1:791708-793724|CDS|CYB_0770	87.662	1702	206	2	1	1700	316	2015	0.0	2118
Ga0374732_01_16165_16512	CP000239.1:569379-569727|CDS|CYA_0555	100.000	348	0	0	1	348	1	348	0.0	628
Ga0374732_01_16165_16512	CP000240.1:793827-794172|CDS|CYB_0771	69.429	350	92	2	1	344	1	341	4.74e-38	154
Ga0374732_01_16881_17645	CP000239.1:570095-570899|CDS|CYA_0556	99.869	765	1	0	1	765	40	804	0.0	1376
Ga0374732_01_16881_17645	CP000240.1:2948745-2949525|CDS|CYB_2852	84.342	760	107	2	3	762	18	765	0.0	837
Ga0374732_01_17868_18209	CP000239.1:571082-571424|CDS|CYA_0558	99.708	342	1	0	1	342	1	342	6.02e-176	613
Ga0374732_01_17868_18209	CP000240.1:2470725-2471067|CDS|CYB_2364	88.304	342	40	0	1	342	1	342	2.74e-123	437
Ga0374732_01_18218_18520	CP000239.1:571432-571714|CDS|CYA_0559	100.000	264	0	0	1	264	1	264	2.74e-135	477
Ga0374732_01_18218_18520	CP000240.1:2470405-2470696|CDS|CYB_2363	77.444	266	51	3	1	266	1	257	2.58e-53	205
Ga0374732_01_19280_22108	CP000239.1:572481-575142|CDS|CYA_0561	99.842	2524	4	0	76	2599	1	2524	0.0	4534
Ga0374732_01_19280_22108	CP000240.1:2463812-2466614|CDS|CYB_2358	89.064	2533	265	5	76	2599	1	2530	0.0	3308
Ga0374732_01_22234_22653	CP000239.1:575342-575762|CDS|CYA_0562	100.000	420	0	0	1	420	1	420	0.0	758
Ga0374732_01_22234_22653	CP000240.1:2463158-2463617|CDS|CYB_2357	86.618	411	55	0	1	411	1	411	5.04e-140	494
Ga0374732_01_23178_25262	CP000239.1:575989-578068|CDS|CYA_0563	99.807	2068	4	0	1	2068	1	2068	0.0	3712
Ga0374732_01_25351_25887	CP000239.1:578156-578693|CDS|CYA_0564	100.000	537	0	0	1	537	1	537	0.0	969
Ga0374732_01_25916_26608	CP000239.1:578721-579414|CDS|CYA_0565	100.000	693	0	0	1	693	1	693	0.0	1251
Ga0374732_01_25916_26608	CP000240.1:1369404-1370121|CDS|CYB_1306	75.278	720	141	9	1	693	1	710	1.04e-138	489
Ga0374732_01_26708_28231	CP000239.1:579513-581181|CDS|CYA_0566	98.163	1524	27	1	1	1524	146	1668	0.0	2619
Ga0374732_01_26708_28231	CP000240.1:1370138-1371857|CDS|CYB_1307	89.495	1466	154	0	7	1472	151	1616	0.0	1950
Ga0374732_01_28366_28737	CP000239.1:581170-581542|CDS|CYA_0567	99.194	372	3	0	1	372	1	372	0.0	658
Ga0374732_01_28366_28737	CP000240.1:1371846-1372218|CDS|CYB_1308	83.871	372	60	0	1	372	1	372	2.15e-112	401
Ga0374732_01_28960_29850	CP000239.1:581830-582655|CDS|CYA_0568	100.000	825	0	0	67	891	1	825	0.0	1489
Ga0374732_01_28960_29850	CP000240.1:1372686-1373607|CDS|CYB_1309	84.700	817	121	2	54	868	84	898	0.0	905
Ga0374732_01_29898_31724	CP000239.1:582702-584529|CDS|CYA_0569	100.000	1827	0	0	1	1827	1	1827	0.0	3296
Ga0374732_01_29898_31724	CP000240.1:1373767-1375492|CDS|CYB_1310	85.607	1723	248	0	105	1827	3	1725	0.0	1990
Ga0374732_01_32005_32286	CP000239.1:584809-585091|CDS|CYA_0570	100.000	282	0	0	1	282	1	282	4.29e-145	509
Ga0374732_01_32005_32286	CP000240.1:1375773-1376055|CDS|CYB_1311	91.103	281	25	0	1	281	1	281	2.38e-110	395
Ga0374732_02_40_933	CP000239.1:1860269-1861091|CDS|CYA_1855	99.757	822	2	0	73	894	1	822	0.0	1474
Ga0374732_02_930_1058	CP000239.1:1860048-1860273|CDS|CYA_1856	98.450	129	2	0	1	129	97	225	1.05e-59	224
Ga0374732_02_1068_4261_DR1	CP000239.1:1860048-1860273|CDS|CYA_1856	100.000	36	0	0	1	36	87	52	9.34e-13	66.2
Ga0374732_02_1068_4261_DR2	CP000239.1:1860048-1860273|CDS|CYA_1856	97.222	36	1	0	1	36	87	52	3.97e-11	61.7
Ga0374732_02_1068_4261_DR3	CP000239.1:1860048-1860273|CDS|CYA_1856	100.000	36	0	0	1	36	87	52	9.34e-13	66.2
Ga0374732_02_1068_4261_DR4	CP000239.1:1860048-1860273|CDS|CYA_1856	97.222	36	1	0	1	36	87	52	3.97e-11	61.7
Ga0374732_02_1068_4261_DR5	CP000239.1:1860048-1860273|CDS|CYA_1856	97.222	36	1	0	1	36	87	52	3.97e-11	61.7
Ga0374732_02_1068_4261_DR6	CP000239.1:1860048-1860273|CDS|CYA_1856	97.222	36	1	0	1	36	87	52	3.97e-11	61.7
Ga0374732_02_1068_4261_DR7	CP000239.1:1860048-1860273|CDS|CYA_1856	97.222	36	1	0	1	36	87	52	3.97e-11	61.7
Ga0374732_02_1068_4261_DR9	CP000239.1:1860048-1860273|CDS|CYA_1856	97.222	36	1	0	1	36	87	52	3.97e-11	61.7
Ga0374732_02_1068_4261_DR10	CP000239.1:1860048-1860273|CDS|CYA_1856	97.222	36	1	0	1	36	87	52	3.97e-11	61.7
Ga0374732_02_1068_4261_DR11	CP000239.1:1860048-1860273|CDS|CYA_1856	97.222	36	1	0	1	36	87	52	3.97e-11	61.7
Ga0374732_02_1068_4261_DR12	CP000239.1:1860048-1860273|CDS|CYA_1856	97.222	36	1	0	1	36	87	52	3.97e-11	61.7
Ga0374732_02_1068_4261_DR13	CP000239.1:1860048-1860273|CDS|CYA_1856	97.222	36	1	0	1	36	87	52	3.97e-11	61.7
Ga0374732_02_1068_4261_DR14	CP000239.1:1860048-1860273|CDS|CYA_1856	97.222	36	1	0	1	36	87	52	3.97e-11	61.7
Ga0374732_02_1068_4261_DR15	CP000239.1:1860048-1860273|CDS|CYA_1856	97.222	36	1	0	1	36	87	52	3.97e-11	61.7
Ga0374732_02_1068_4261_DR16	CP000239.1:1860048-1860273|CDS|CYA_1856	97.222	36	1	0	1	36	87	52	3.97e-11	61.7
Ga0374732_02_1068_4261_DR17	CP000239.1:1860048-1860273|CDS|CYA_1856	97.222	36	1	0	1	36	87	52	3.97e-11	61.7
Ga0374732_02_1068_4261_DR18	CP000239.1:1860048-1860273|CDS|CYA_1856	97.222	36	1	0	1	36	87	52	3.97e-11	61.7
Ga0374732_02_1068_4261_DR19	CP000239.1:1860048-1860273|CDS|CYA_1856	97.222	36	1	0	1	36	87	52	3.97e-11	61.7
Ga0374732_02_1068_4261_DR20	CP000239.1:1860048-1860273|CDS|CYA_1856	97.222	36	1	0	1	36	87	52	3.97e-11	61.7
Ga0374732_02_1068_4261_DR21	CP000239.1:1860048-1860273|CDS|CYA_1856	97.222	36	1	0	1	36	87	52	3.97e-11	61.7
Ga0374732_02_1068_4261_DR22	CP000239.1:1860048-1860273|CDS|CYA_1856	97.222	36	1	0	1	36	87	52	3.97e-11	61.7
Ga0374732_02_1068_4261_DR23	CP000239.1:1860048-1860273|CDS|CYA_1856	97.222	36	1	0	1	36	87	52	3.97e-11	61.7
Ga0374732_02_1068_4261_DR24	CP000239.1:1860048-1860273|CDS|CYA_1856	97.222	36	1	0	1	36	87	52	3.97e-11	61.7
Ga0374732_02_1068_4261_DR25	CP000239.1:1860048-1860273|CDS|CYA_1856	97.222	36	1	0	1	36	87	52	3.97e-11	61.7
Ga0374732_02_1068_4261_DR26	CP000239.1:1860048-1860273|CDS|CYA_1856	97.222	36	1	0	1	36	87	52	3.97e-11	61.7
Ga0374732_02_1068_4261_DR27	CP000239.1:1860048-1860273|CDS|CYA_1856	97.222	36	1	0	1	36	87	52	3.97e-11	61.7
Ga0374732_02_1068_4261_DR28	CP000239.1:1860048-1860273|CDS|CYA_1856	97.222	36	1	0	1	36	87	52	3.97e-11	61.7
Ga0374732_02_1068_4261_DR29	CP000239.1:1860048-1860273|CDS|CYA_1856	97.222	36	1	0	1	36	87	52	3.97e-11	61.7
Ga0374732_02_1068_4261_DR30	CP000239.1:1860048-1860273|CDS|CYA_1856	97.222	36	1	0	1	36	87	52	3.97e-11	61.7
Ga0374732_02_1068_4261_DR31	CP000239.1:1860048-1860273|CDS|CYA_1856	97.222	36	1	0	1	36	87	52	3.97e-11	61.7
Ga0374732_02_1068_4261_DR32	CP000239.1:1860048-1860273|CDS|CYA_1856	97.222	36	1	0	1	36	87	52	3.97e-11	61.7
Ga0374732_02_1068_4261_DR33	CP000239.1:1860048-1860273|CDS|CYA_1856	97.222	36	1	0	1	36	87	52	3.97e-11	61.7
Ga0374732_02_1068_4261_DR34	CP000239.1:1860048-1860273|CDS|CYA_1856	97.222	36	1	0	1	36	87	52	3.97e-11	61.7
Ga0374732_02_1068_4261_DR35	CP000239.1:1860048-1860273|CDS|CYA_1856	97.222	36	1	0	1	36	87	52	3.97e-11	61.7
Ga0374732_02_1068_4261_DR36	CP000239.1:1860048-1860273|CDS|CYA_1856	97.222	36	1	0	1	36	87	52	3.97e-11	61.7
Ga0374732_02_1068_4261_DR37	CP000239.1:1860048-1860273|CDS|CYA_1856	97.222	36	1	0	1	36	87	52	3.97e-11	61.7
Ga0374732_02_1068_4261_DR38	CP000239.1:1860048-1860273|CDS|CYA_1856	97.222	36	1	0	1	36	87	52	3.97e-11	61.7
Ga0374732_02_1068_4261_DR39	CP000239.1:1860048-1860273|CDS|CYA_1856	97.222	36	1	0	1	36	87	52	3.97e-11	61.7
Ga0374732_02_1068_4261_DR40	CP000239.1:1860048-1860273|CDS|CYA_1856	97.222	36	1	0	1	36	87	52	3.97e-11	61.7
Ga0374732_02_1068_4261_DR41	CP000239.1:1860048-1860273|CDS|CYA_1856	97.222	36	1	0	1	36	87	52	3.97e-11	61.7
Ga0374732_02_1068_4261_DR42	CP000239.1:1860048-1860273|CDS|CYA_1856	97.222	36	1	0	1	36	87	52	3.97e-11	61.7
Ga0374732_02_1068_4261_DR43	CP000239.1:1860048-1860273|CDS|CYA_1856	97.222	36	1	0	1	36	87	52	3.97e-11	61.7
Ga0374732_02_4572_6542	CP000239.1:1857738-1859988|CDS|CYA_1854	91.785	1972	160	2	1	1971	280	2250	0.0	2819
Ga0374732_02_4572_6542	CP000240.1:474360-476334|CDS|CYB_0468	72.970	1909	493	5	25	1911	25	1932	0.0	1115
Ga0374732_02_6691_8502	CP000239.1:1855685-1857611|CDS|CYA_1852	92.113	1813	137	1	1	1807	109	1921	0.0	2626
Ga0374732_02_6691_8502	CP000240.1:437527-439684|CDS|CYB_0430	75.971	1777	386	16	52	1803	385	2145	0.0	1245
Ga0374732_02_6691_8502	CP000239.1:1820136-1822299|CDS|CYA_1816	75.322	1783	387	19	52	1803	391	2151	0.0	1195
Ga0374732_02_9049_11748	CP000239.1:1852541-1855241|CDS|CYA_1851	98.185	2700	49	0	1	2700	1	2700	0.0	4649
Ga0374732_02_9049_11748	CP000239.1:1817210-1819907|CDS|CYA_1814	90.296	2700	259	1	1	2700	1	2697	0.0	3687
Ga0374732_02_9049_11748	CP000240.1:439913-442607|CDS|CYB_0431	89.630	2700	274	2	1	2700	1	2694	0.0	3604
Ga0374732_02_11786_12898	CP000239.1:1851391-1852504|CDS|CYA_1850	99.820	1113	2	0	1	1113	1	1113	0.0	1999
Ga0374732_02_11786_12898	CP000239.1:1815753-1816890|CDS|CYA_1812	82.850	1137	171	5	1	1113	1	1137	0.0	1171
Ga0374732_02_11786_12898	CP000240.1:442669-443806|CDS|CYB_0432	82.234	1137	178	6	1	1113	1	1137	0.0	1135
Ga0374732_02_15267_15698	CP000240.1:400346-400778|CDS|CYB_0385	93.721	430	27	0	1	430	1	430	0.0	655
Ga0374732_02_15267_15698	CP000239.1:1589129-1589561|CDS|CYA_1579	93.721	430	27	0	1	430	1	430	0.0	655
Ga0374732_02_15695_16312	CP000240.1:400774-401392|CDS|CYB_0386	99.515	618	3	0	1	618	1	618	0.0	1102
Ga0374732_02_16309_16470	CP000240.1:401388-402072|CDS|CYB_0387	100.000	162	0	0	1	162	523	684	3.24e-80	293
Ga0374732_02_16479_16988	CP000240.1:401388-402072|CDS|CYB_0387	98.833	514	2	1	1	510	1	514	0.0	900
Ga0374732_02_17055_17960	CP000240.1:402138-403095|CDS|CYB_0388	97.682	906	21	0	1	906	52	957	0.0	1540
Ga0374732_02_17055_17960	CP000239.1:1589901-1590858|CDS|CYA_1581	95.143	906	44	0	1	906	52	957	0.0	1436
Ga0374732_02_18018_19067	CP000239.1:1590864-1591914|CDS|CYA_1582	97.143	1050	30	0	1	1050	1	1050	0.0	1759
Ga0374732_02_18018_19067	CP000240.1:403101-404151|CDS|CYB_0389	96.952	1050	32	0	1	1050	1	1050	0.0	1750
Ga0374732_02_19057_20583	CP000240.1:404140-405703|CDS|CYB_0390	99.083	1527	14	0	1	1527	37	1563	0.0	2691
Ga0374732_02_19057_20583	CP000239.1:1591903-1593466|CDS|CYA_1583	98.756	1527	19	0	1	1527	37	1563	0.0	2669
Ga0374732_02_20591_21619	CP000240.1:405674-406703|CDS|CYB_0391	98.348	1029	17	0	1	1029	1	1029	0.0	1780
Ga0374732_02_20591_21619	CP000239.1:1593437-1594466|CDS|CYA_1584	97.959	1029	21	0	1	1029	1	1029	0.0	1762
Ga0374732_02_22021_23391	CP000239.1:1596164-1597439|CDS|CYA_1587	91.830	1273	104	0	1	1273	1	1273	0.0	1828
Ga0374732_02_22021_23391	CP000240.1:407104-408379|CDS|CYB_0393	90.024	1273	127	0	1	1273	1	1273	0.0	1724
Ga0374732_02_23299_23757	CP000240.1:408375-408834|CDS|CYB_0392	90.549	455	43	0	1	455	1	455	3.72e-180	627
Ga0374732_02_23299_23757	CP000239.1:1597435-1597876|CDS|CYA_1586	87.345	403	51	0	53	455	35	437	4.54e-141	498
Ga0374732_02_23789_24238	CP000240.1:408865-409492|CDS|CYB_0394	93.556	450	29	0	1	450	178	627	0.0	682
Ga0374732_02_23789_24238	CP000239.1:1597901-1598534|CDS|CYA_1588	89.579	451	46	1	1	450	178	628	1.77e-171	599
Ga0374732_02_24428_24892	CP000240.1:409536-410001|CDS|CYB_0395	96.129	465	18	0	1	465	1	465	0.0	758
Ga0374732_02_24428_24892	CP000239.1:1598578-1599034|CDS|CYA_1589	87.253	455	58	0	11	465	2	456	4.60e-160	560
Ga0374732_02_24952_25632	CP000240.1:410060-410741|CDS|CYB_0396	98.238	681	12	0	1	681	1	681	0.0	1175
Ga0374732_02_24952_25632	CP000239.1:1599101-1599743|CDS|CYA_1590	79.274	661	101	5	9	669	9	633	1.72e-167	585
Ga0374732_03_871_1314	CP000239.1:1045717-1046161|CDS|CYA_1028	100.000	444	0	0	1	444	1	444	0.0	801
Ga0374732_03_871_1314	CP000240.1:2720213-2720657|CDS|CYB_2627	87.162	444	57	0	1	444	1	444	3.37e-155	545
Ga0374732_03_1517_2170	CP000240.1:2720920-2721424|CDS|CYB_2628	86.939	490	64	0	163	652	13	502	9.13e-171	596
Ga0374732_03_2220_3023	CP000239.1:1044009-1044813|CDS|CYA_1026	98.756	804	10	0	1	804	1	804	0.0	1406
Ga0374732_03_2220_3023	CP000240.1:2721473-2722277|CDS|CYB_2629	84.826	804	122	0	1	804	1	804	0.0	901
Ga0374732_03_3298_3510	CP000239.1:1043738-1043951|CDS|CYA_1025	95.775	213	9	0	1	213	1	213	2.77e-95	344
Ga0374732_03_3298_3510	CP000240.1:2722675-2722888|CDS|CYB_2630	88.263	213	25	0	1	213	1	213	1.43e-73	272
Ga0374732_03_3755_4423	CP000239.1:1042832-1043561|CDS|CYA_1024	98.343	664	11	0	1	664	64	727	0.0	1149
Ga0374732_03_3755_4423	CP000240.1:2723145-2723826|CDS|CYB_2631	86.170	658	91	0	1	658	22	679	0.0	777
Ga0374732_03_4520_4789	CP000239.1:1042529-1042799|CDS|CYA_1023	100.000	270	0	0	1	270	1	270	1.34e-138	488
Ga0374732_03_4520_4789	CP000240.1:2723862-2724132|CDS|CYB_2632	85.283	265	35	2	1	263	1	263	4.68e-81	297
Ga0374732_03_4882_5628	CP000239.1:1041546-1042437|CDS|CYA_1022	95.850	747	31	0	1	747	145	891	0.0	1208
Ga0374732_03_4882_5628	CP000240.1:1490935-1491823|CDS|CYB_1422	82.133	722	129	0	2	723	128	849	0.0	721
Ga0374732_03_5956_9192	CP000239.1:1038332-1041368|CDS|CYA_1021	98.225	3042	48	1	196	3237	1	3036	0.0	5244
Ga0374732_03_9195_9890	CP000239.1:1037439-1038135|CDS|CYA_1020	98.563	696	10	0	1	696	1	696	0.0	1211
Ga0374732_03_9913_10932	CP000239.1:1036397-1037417|CDS|CYA_1019	98.922	1020	11	0	1	1020	1	1020	0.0	1791
Ga0374732_03_11696_12214	CP000239.1:1035069-1035588|CDS|CYA_1016	95.568	519	23	0	1	519	1	519	0.0	833
Ga0374732_03_11696_12214	CP000240.1:1343930-1344449|CDS|CYB_1288	86.127	519	72	0	1	519	1	519	9.33e-176	612
Ga0374732_03_12230_13261	CP000239.1:1034022-1035054|CDS|CYA_1015	95.326	1027	48	0	1	1027	1	1027	0.0	1636
Ga0374732_03_12230_13261	CP000240.1:1344743-1345835|CDS|CYB_1289	91.781	1022	84	0	1	1022	1	1022	0.0	1465
Ga0374732_03_14045_14770	CP000240.1:1348754-1349453|CDS|CYB_1292	97.711	699	16	0	28	726	1	699	0.0	1189
Ga0374732_03_14045_14770	CP000239.1:1032527-1033253|CDS|CYA_1013	87.586	725	90	0	1	725	1	725	0.0	902
Ga0374732_03_14804_17497	CP000240.1:1352303-1355057|CDS|CYB_1294	78.902	2768	476	21	1	2678	1	2750	0.0	2362
Ga0374732_03_14804_17497	CP000239.1:1029767-1032461|CDS|CYA_1012	74.432	2683	678	8	1	2679	1	2679	0.0	1718
Ga0374732_03_17525_19552	CP000240.1:1355061-1357113|CDS|CYB_1295	92.128	2007	153	3	1	2003	1	2006	0.0	2899
Ga0374732_03_17525_19552	CP000240.1:476535-478557|CDS|CYB_0469	91.282	1973	160	7	1	1964	1	1970	0.0	2763
Ga0374732_03_17525_19552	CP000239.1:1027703-1029731|CDS|CYA_1011	73.813	1875	455	15	141	1994	153	2012	0.0	1133
Ga0374732_03_21832_21975	CP000240.1:480812-480956|CDS|CYB_0471	100.000	144	0	0	1	144	1	144	1.67e-70	260
Ga0374732_04_2408_3601	CP000239.1:2530485-2531679|CDS|CYA_2518	100.000	1194	0	0	1	1194	1	1194	0.0	2154
Ga0374732_04_2408_3601	CP000240.1:2065521-2066715|CDS|CYB_1969	83.250	1194	200	0	1	1194	1	1194	0.0	1252
Ga0374732_04_3598_4191	CP000239.1:2529895-2530489|CDS|CYA_2517	100.000	594	0	0	1	594	1	594	0.0	1072
Ga0374732_04_3598_4191	CP000240.1:2064931-2065525|CDS|CYB_1968	84.966	592	89	0	1	592	1	592	0.0	667
Ga0374732_04_4191_5915	CP000239.1:2528171-2529896|CDS|CYA_2516	99.942	1725	1	0	1	1725	1	1725	0.0	3107
Ga0374732_04_4191_5915	CP000240.1:2063225-2064932|CDS|CYB_1967	84.347	1693	257	4	37	1725	19	1707	0.0	1848
Ga0374732_04_6079_6702	CP000239.1:2527384-2527972|CDS|CYA_2515	100.000	588	0	0	37	624	1	588	0.0	1061
Ga0374732_04_6079_6702	CP000240.1:2062531-2063101|CDS|CYB_1966	84.043	564	90	0	61	624	7	570	1.13e-175	612
Ga0374732_04_6846_8036	CP000239.1:2526050-2527241|CDS|CYA_2514	100.000	1191	0	0	1	1191	1	1191	0.0	2149
Ga0374732_04_6846_8036	CP000240.1:2061327-2062518|CDS|CYB_1965	86.166	1171	158	2	7	1175	7	1175	0.0	1377
Ga0374732_04_8451_9236	CP000239.1:2524850-2525636|CDS|CYA_2513	100.000	786	0	0	1	786	1	786	0.0	1418
Ga0374732_04_8451_9236	CP000240.1:2060408-2061194|CDS|CYB_1964	84.879	787	117	2	1	786	1	786	0.0	876
Ga0374732_04_9348_9542	CP000239.1:455920-457171|CDS|CYA_0436	73.684	247	13	1	1	195	970	1216	8.20e-51	196
Ga0374732_04_9896_10231	CP000240.1:693114-693873|CDS|CYB_0679	85.417	288	36	1	1	282	379	666	2.88e-91	332
Ga0374732_04_10488_11504	CP000239.1:2522680-2523826|CDS|CYA_2512	100.000	1015	0	0	3	1017	132	1146	0.0	1831
Ga0374732_04_10488_11504	CP000240.1:693811-694969|CDS|CYB_0678	85.911	1015	143	0	3	1017	144	1158	0.0	1187
Ga0374732_04_11724_11969	CP000240.1:695047-695299|CDS|CYB_0680	98.712	233	3	0	1	233	1	233	3.24e-114	407
Ga0374732_04_11724_11969	CP000239.1:2522303-2522534|CDS|CYA_2511	84.615	195	30	0	47	241	32	226	3.25e-57	217
Ga0374732_04_11962_13449	CP000239.1:2520823-2522311|CDS|CYA_2510	95.957	1484	58	2	6	1488	6	1488	0.0	2399
Ga0374732_04_11962_13449	CP000240.1:695291-696746|CDS|CYB_0681	85.773	1448	204	2	1	1447	1	1447	0.0	1676
Ga0374732_04_13510_13986	CP000239.1:2519968-2520763|CDS|CYA_2509	99.790	477	1	0	1	477	319	795	0.0	856
Ga0374732_04_13510_13986	CP000240.1:696770-697595|CDS|CYB_0682	81.208	447	84	0	6	452	330	776	2.01e-120	428
Ga0374732_04_14689_15156	CP000239.1:2512197-2512599|CDS|CYA_2501	89.055	402	44	0	67	468	1	402	2.74e-150	527
Ga0374732_04_14689_15156	CP000240.1:705025-705457|CDS|CYB_0688	87.374	396	50	0	67	462	31	426	6.88e-139	489
Ga0374732_04_15294_17237	CP000239.1:2512761-2514654|CDS|CYA_2502	85.631	1893	272	0	52	1944	1	1893	0.0	2188
Ga0374732_04_15294_17237	CP000240.1:702939-704877|CDS|CYB_0687	84.611	1852	281	2	95	1944	89	1938	0.0	2050
Ga0374732_04_17451_19616	CP000240.1:700560-702855|CDS|CYB_0686	93.075	2166	150	0	1	2166	130	2295	0.0	3231
Ga0374732_04_17451_19616	CP000239.1:2515199-2517008|CDS|CYA_2503	93.919	1809	110	0	358	2166	1	1809	0.0	2767
Ga0374732_04_19672_20031	CP000240.1:700144-700504|CDS|CYB_0685	98.611	360	5	0	1	360	1	360	2.88e-180	627
Ga0374732_04_19672_20031	CP000239.1:2517065-2517425|CDS|CYA_2504	92.758	359	26	0	1	359	1	359	1.70e-151	531
Ga0374732_04_20266_20484	CP000240.1:698176-699904|CDS|CYB_0684	96.804	219	7	0	1	219	1510	1728	3.05e-101	364
Ga0374732_04_20266_20484	CP000239.1:2517679-2519407|CDS|CYA_2506	84.475	219	34	0	1	219	1510	1728	7.18e-65	242
Ga0374732_04_21322_21552	CP000240.1:697610-697892|CDS|CYB_0683	94.805	231	12	0	1	231	52	282	3.23e-101	363
Ga0374732_04_21322_21552	CP000239.1:2519671-2519953|CDS|CYA_2507	92.641	231	17	0	1	231	52	282	3.69e-94	341
Ga0374732_05_36_305	CP000240.1:1214558-1215359|CDS|CYB_1177	94.737	209	11	0	1	209	209	1	2.76e-90	328
Ga0374732_05_499_1260	CP000239.1:61713-62496|CDS|CYA_0064	96.296	783	8	1	1	762	1	783	0.0	1297
Ga0374732_05_499_1260	CP000240.1:1213521-1214304|CDS|CYB_1176	84.291	783	102	1	1	762	1	783	0.0	873
Ga0374732_05_1278_2021	CP000239.1:62513-63257|CDS|CYA_0065	99.866	744	1	0	1	744	1	744	0.0	1338
Ga0374732_05_1278_2021	CP000240.1:1212760-1213504|CDS|CYB_1175	85.618	744	107	0	1	744	1	744	0.0	860
Ga0374732_05_2070_2495	CP000239.1:63305-63791|CDS|CYA_0066	100.000	426	0	0	1	426	61	486	0.0	769
Ga0374732_05_3067_3627	CP000239.1:66080-66722|CDS|CYA_0069	100.000	561	0	0	1	561	82	642	0.0	1012
Ga0374732_05_3067_3627	CP000240.1:1211145-1211790|CDS|CYB_1173	86.879	564	71	1	1	561	82	645	0.0	682
Ga0374732_05_3667_4557	CP000239.1:66761-67652|CDS|CYA_0070	100.000	891	0	0	1	891	1	891	0.0	1608
Ga0374732_05_5637_6713	CP000239.1:68587-69808|CDS|CYA_0072	99.814	1077	2	0	1	1077	145	1221	0.0	1934
Ga0374732_05_5637_6713	CP000240.1:1844796-1846017|CDS|CYB_1761	89.944	1064	107	0	1	1064	145	1208	0.0	1437
Ga0374732_05_6720_7532	CP000239.1:69814-70660|CDS|CYA_0073	100.000	813	0	0	1	813	34	846	0.0	1467
Ga0374732_05_6720_7532	CP000240.1:1843775-1844789|CDS|CYB_1760	85.153	815	118	1	2	813	200	1014	0.0	923
Ga0374732_05_7926_9272	CP000239.1:71020-72367|CDS|CYA_0074	99.926	1347	1	0	1	1347	1	1347	0.0	2425
Ga0374732_05_7926_9272	CP000240.1:1840897-1842244|CDS|CYB_1758	88.716	1347	152	0	1	1347	1	1347	0.0	1745
Ga0374732_05_9269_10264	CP000239.1:72363-73359|CDS|CYA_0075	99.900	996	1	0	1	996	1	996	0.0	1792
Ga0374732_05_9269_10264	CP000240.1:1839899-1840901|CDS|CYB_1757	87.171	951	113	2	1	951	1	942	0.0	1165
Ga0374732_05_10303_11847	CP000239.1:73397-75167|CDS|CYA_0076	99.806	1545	3	0	1	1545	226	1770	0.0	2773
Ga0374732_05_10303_11847	CP000240.1:1837180-1839013|CDS|CYB_1754	88.140	1543	183	0	1	1543	289	1831	0.0	1958
Ga0374732_05_12809_14146	CP000239.1:75902-77240|CDS|CYA_0077	100.000	1338	0	0	1	1338	1	1338	0.0	2414
Ga0374732_05_12809_14146	CP000240.1:2140818-2142156|CDS|CYB_2039	83.433	1334	219	2	1	1333	1	1333	0.0	1403
Ga0374732_05_14244_14465	CP000239.1:77337-77559|CDS|CYA_0078	100.000	222	0	0	1	222	1	222	1.23e-112	401
Ga0374732_05_14244_14465	CP000240.1:2142258-2142483|CDS|CYB_2040	84.932	219	31	2	4	221	7	224	8.88e-64	240
Ga0374732_05_14819_15199	CP000239.1:77912-78449|CDS|CYA_0079	99.475	381	2	0	1	381	1	381	0.0	679
Ga0374732_05_15210_15356	CP000239.1:77912-78449|CDS|CYA_0079	100.000	147	0	0	1	147	391	537	4.02e-72	266
Ga0374732_05_15210_15356	CP000240.1:2142771-2143104|CDS|CYB_2041	84.397	141	22	0	7	147	193	333	5.23e-39	156
Ga0374732_05_15464_15706	CP000239.1:78556-79003|CDS|CYA_0080	100.000	243	0	0	1	243	205	447	5.41e-124	439
Ga0374732_05_15464_15706	CP000240.1:2143236-2143479|CDS|CYB_2042	91.770	243	20	0	1	243	1	243	7.53e-97	349
Ga0374732_05_16019_17812	CP000239.1:79111-80905|CDS|CYA_0082	98.885	1794	20	0	1	1794	1	1794	0.0	3146
Ga0374732_05_16019_17812	CP000240.1:2144572-2146399|CDS|CYB_2045	81.722	1800	288	13	25	1790	31	1823	0.0	1742
Ga0374732_05_17736_18602	CP000239.1:80828-81851|CDS|CYA_0081	99.308	867	6	0	1	867	157	1023	0.0	1537
Ga0374732_05_17736_18602	CP000240.1:2146322-2147387|CDS|CYB_2044	79.739	918	135	1	1	867	148	1065	0.0	859
Ga0374732_05_19147_19725	CP000239.1:82002-82824|CDS|CYA_0083	89.897	584	53	1	1	578	238	821	0.0	789
Ga0374732_05_19147_19725	CP000240.1:2147547-2148366|CDS|CYB_2046	81.557	591	92	8	1	578	232	818	2.46e-158	554
Ga0374732_05_19793_20503	CP000239.1:82981-83692|CDS|CYA_0084	98.590	709	10	0	1	709	1	709	0.0	1234
Ga0374732_05_19793_20503	CP000240.1:2148515-2149226|CDS|CYB_2047	89.189	703	76	0	7	709	7	709	0.0	926
Ga0374732_05_20663_20848	CP000239.1:83851-84037|CDS|CYA_0085	100.000	186	0	0	1	186	1	186	3.52e-93	336
Ga0374732_05_20663_20848	CP000240.1:2149331-2149643|CDS|CYB_2048	87.838	148	15	3	1	148	1	145	7.28e-45	176
Ga0374732_05_20663_20848	CP000240.1:2149241-2149673|CDS|CYB_2049	87.838	148	15	3	1	148	402	258	7.28e-45	176
Ga0374732_06_13_1239	CP000239.1:2826211-2828101|CDS|CYA_2809	97.392	1227	32	0	1	1227	664	1890	0.0	2069
Ga0374732_06_13_1239	CP000240.1:2940110-2941997|CDS|CYB_2845	88.462	1222	139	2	1	1221	661	1881	0.0	1562
Ga0374732_06_1236_2726	CP000239.1:2828097-2829564|CDS|CYA_2808	97.410	1467	38	0	25	1491	1	1467	0.0	2475
Ga0374732_06_1236_2726	CP000240.1:2942058-2943564|CDS|CYB_2846	89.288	1475	158	0	13	1487	28	1502	0.0	1948
Ga0374732_06_2796_4022	CP000239.1:2829693-2830884|CDS|CYA_2810	99.832	1191	2	0	37	1227	1	1191	0.0	2140
Ga0374732_06_2796_4022	CP000240.1:2943651-2944884|CDS|CYB_2847	85.940	1202	169	0	7	1208	13	1214	0.0	1407
Ga0374732_06_4145_4345	CP000239.1:2831006-2831207|CDS|CYA_2811	100.000	201	0	0	1	201	1	201	2.77e-101	363
Ga0374732_06_4145_4345	CP000240.1:2945012-2945213|CDS|CYB_2848	88.557	201	23	0	1	201	1	201	8.48e-70	260
Ga0374732_06_4468_4824	CP000239.1:2831329-2831686|CDS|CYA_2812	99.440	357	2	0	1	357	1	357	0.0	636
Ga0374732_06_4468_4824	CP000240.1:2945346-2945703|CDS|CYB_2849	90.704	355	33	0	1	355	1	355	1.48e-139	492
Ga0374732_06_5316_7178	CP000239.1:2832487-2834101|CDS|CYA_2813	99.937	1584	1	0	1	1584	1	1584	0.0	2853
Ga0374732_06_7448_8164	CP000239.1:2834359-2835076|CDS|CYA_2815	99.861	717	1	0	1	717	1	717	0.0	1289
Ga0374732_06_7448_8164	CP000240.1:848998-849694|CDS|CYB_0819	89.914	694	70	0	23	716	2	695	0.0	937
Ga0374732_06_8168_8593	CP000239.1:2835079-2835505|CDS|CYA_2816	100.000	426	0	0	1	426	1	426	0.0	769
Ga0374732_06_8168_8593	CP000240.1:849697-850123|CDS|CYB_0820	86.341	410	56	0	1	410	1	410	2.18e-138	488
Ga0374732_06_8627_9571	CP000239.1:2835538-2836483|CDS|CYA_2817	99.683	945	3	0	1	945	1	945	0.0	1691
Ga0374732_06_8627_9571	CP000240.1:850393-851338|CDS|CYB_0821	86.892	946	122	2	1	945	1	945	0.0	1141
Ga0374732_06_9677_10972	CP000239.1:2836588-2837884|CDS|CYA_2818	99.923	1296	1	0	1	1296	1	1296	0.0	2333
Ga0374732_06_9677_10972	CP000240.1:851515-852811|CDS|CYB_0822	87.975	1289	155	0	1	1289	1	1289	0.0	1627
Ga0374732_06_11221_12588	CP000239.1:2838132-2839500|CDS|CYA_2820	98.465	1368	21	0	1	1368	1	1368	0.0	2373
Ga0374732_06_11221_12588	CP000240.1:853142-854510|CDS|CYB_0823	85.756	1369	193	2	1	1368	1	1368	0.0	1583
Ga0374732_06_12855_13412	CP000239.1:2839763-2840309|CDS|CYA_2821	97.670	558	1	1	1	558	1	546	0.0	955
Ga0374732_06_12855_13412	CP000240.1:854763-855291|CDS|CYB_0824	78.815	557	86	6	1	556	1	526	1.82e-134	475
Ga0374732_06_13546_14298	CP000239.1:2840400-2841195|CDS|CYA_2822	100.000	753	0	0	1	753	43	795	0.0	1359
Ga0374732_06_13546_14298	CP000240.1:855382-856177|CDS|CYB_0825	88.253	681	80	0	73	753	115	795	0.0	868
Ga0374732_07_1330_1833	CP000239.1:2295978-2296602|CDS|CYA_2292	100.000	504	0	0	1	504	121	624	0.0	910
Ga0374732_07_1330_1833	CP000240.1:1383697-1384201|CDS|CYB_1321	90.982	499	45	0	1	499	1	499	0.0	698
Ga0374732_07_1904_2371	CP000239.1:2296552-2297020|CDS|CYA_2293	100.000	468	0	0	1	468	1	468	0.0	845
Ga0374732_07_1904_2371	CP000240.1:1385547-1386015|CDS|CYB_1323	89.316	468	50	0	1	468	1	468	5.64e-178	619
Ga0374732_07_2666_3433	CP000239.1:2297212-2298082|CDS|CYA_2295	100.000	768	0	0	1	768	103	870	0.0	1386
Ga0374732_07_2666_3433	CP000240.1:1386258-1387086|CDS|CYB_1325	87.270	762	97	0	1	762	52	813	0.0	938
Ga0374732_07_3430_3762	CP000239.1:2298078-2298411|CDS|CYA_2294	99.399	333	2	0	1	333	1	333	5.48e-170	592
Ga0374732_07_3430_3762	CP000240.1:1387082-1387433|CDS|CYB_1324	84.667	300	45	1	9	307	23	322	2.85e-91	331
Ga0374732_07_3787_5121	CP000239.1:2298435-2299770|CDS|CYA_2296	99.775	1335	3	0	1	1335	1	1335	0.0	2395
Ga0374732_07_3787_5121	CP000240.1:1387468-1388773|CDS|CYB_1326	84.718	1276	195	0	32	1307	2	1277	0.0	1423
Ga0374732_07_5485_6384	CP000239.1:2300103-2301033|CDS|CYA_2297	99.889	900	1	0	1	900	31	930	0.0	1619
Ga0374732_07_5485_6384	CP000240.1:1388991-1389951|CDS|CYB_1327	85.602	889	128	0	8	896	62	950	0.0	1027
Ga0374732_07_6711_7025	CP000239.1:2301137-2301674|CDS|CYA_2299	100.000	315	0	0	1	315	223	537	5.89e-163	569
Ga0374732_07_7022_7765	CP000239.1:2301670-2302414|CDS|CYA_2298	99.866	744	1	0	1	744	1	744	0.0	1338
Ga0374732_07_7022_7765	CP000240.1:1422602-1423346|CDS|CYB_1354	86.425	744	101	0	1	744	1	744	0.0	887
Ga0374732_07_7896_8756	CP000239.1:2302544-2303405|CDS|CYA_2300	100.000	861	0	0	1	861	1	861	0.0	1553
Ga0374732_07_7896_8756	CP000240.1:634115-635006|CDS|CYB_0624	80.307	848	167	0	1	848	1	848	0.0	777
Ga0374732_07_8927_9487	CP000239.1:2303621-2304125|CDS|CYA_2301	100.000	504	0	0	58	561	1	504	0.0	910
Ga0374732_07_8927_9487	CP000240.1:1193649-1194105|CDS|CYB_1153	78.306	484	64	6	58	537	1	447	6.41e-115	410
Ga0374732_07_9535_10290	CP000239.1:2304172-2304928|CDS|CYA_2302	100.000	756	0	0	1	756	1	756	0.0	1364
Ga0374732_07_9535_10290	CP000240.1:1194256-1195009|CDS|CYB_1154	81.284	732	134	1	1	732	1	729	0.0	701
Ga0374732_07_11258_12346	CP000239.1:2305895-2306984|CDS|CYA_2304	99.908	1089	1	0	1	1089	1	1089	0.0	1960
Ga0374732_07_11258_12346	CP000240.1:1442815-1443910|CDS|CYB_1374	86.124	1081	148	2	1	1080	7	1086	0.0	1267
Ga0374732_08_650_2449	CP000239.1:1559183-1560959|CDS|CYA_1550	99.437	1776	10	0	25	1800	1	1776	0.0	3158
Ga0374732_08_650_2449	CP000240.1:1116585-1118361|CDS|CYB_1081	85.023	1776	266	0	25	1800	1	1776	0.0	2004
Ga0374732_08_2536_2997	CP000239.1:1561069-1561531|CDS|CYA_1551	100.000	462	0	0	1	462	1	462	0.0	834
Ga0374732_08_2536_2997	CP000240.1:1115957-1116407|CDS|CYB_1080	82.921	445	76	0	14	458	2	446	3.29e-130	461
Ga0374732_08_3357_4436	CP000239.1:1561866-1562946|CDS|CYA_1552	99.074	1080	10	0	1	1080	1	1080	0.0	1903
Ga0374732_08_3357_4436	CP000240.1:1114090-1115167|CDS|CYB_1077	81.094	1079	201	1	1	1079	1	1076	0.0	1025
Ga0374732_08_4508_5476	CP000239.1:1562970-1563939|CDS|CYA_1553	99.690	969	3	0	1	969	1	969	0.0	1735
Ga0374732_08_4508_5476	CP000240.1:1113088-1114057|CDS|CYB_1076	80.251	957	189	0	13	969	13	969	0.0	875
Ga0374732_08_5483_6382	CP000239.1:1563945-1564845|CDS|CYA_1554	99.222	900	7	0	1	900	1	900	0.0	1592
Ga0374732_08_5483_6382	CP000240.1:1112191-1113082|CDS|CYB_1075	81.266	790	148	0	109	898	100	889	0.0	758
Ga0374732_08_6419_7246	CP000239.1:1564881-1565709|CDS|CYA_1555	99.517	828	4	0	1	828	1	828	0.0	1476
Ga0374732_08_6419_7246	CP000240.1:1111281-1112109|CDS|CYB_1074	84.358	748	115	2	82	828	82	828	0.0	815
Ga0374732_08_6419_7246	CP000239.1:1739211-1740009|CDS|CYA_1735	70.240	625	186	0	79	703	52	676	2.25e-78	289
Ga0374732_08_6419_7246	CP000240.1:1997239-1998037|CDS|CYB_1912	69.649	626	188	2	79	703	52	676	2.57e-71	266
Ga0374732_08_7312_8139	CP000239.1:1565774-1566602|CDS|CYA_1556	97.222	828	23	0	1	828	1	828	0.0	1390
Ga0374732_08_7312_8139	CP000240.1:1110358-1111186|CDS|CYB_1073	80.653	827	160	0	1	827	1	827	0.0	771
Ga0374732_08_8183_8617	CP000239.1:1566645-1567080|CDS|CYA_1557	99.770	435	1	0	1	435	1	435	0.0	781
Ga0374732_08_8183_8617	CP000240.1:1109889-1110315|CDS|CYB_1072	84.878	410	62	0	13	422	13	422	3.09e-130	461
Ga0374732_08_9388_10569	CP000239.1:1567850-1569032|CDS|CYA_1559	98.223	1182	21	0	1	1182	1	1182	0.0	2038
Ga0374732_08_9388_10569	CP000240.1:1107830-1109021|CDS|CYB_1070	87.575	1159	144	0	11	1169	29	1187	0.0	1442
Ga0374732_08_10683_11054	CP000239.1:1569145-1569517|CDS|CYA_1560	100.000	372	0	0	1	372	1	372	0.0	672
Ga0374732_08_10683_11054	CP000240.1:1107298-1107664|CDS|CYB_1069	83.696	368	54	2	1	368	1	362	3.89e-109	390
Ga0374732_08_11183_11965	CP000239.1:1569645-1570428|CDS|CYA_1561	94.125	783	46	0	1	783	1	783	0.0	1205
Ga0374732_08_11183_11965	CP000240.1:1106375-1107158|CDS|CYB_1068	85.696	783	112	0	1	783	1	783	0.0	908
Ga0374732_09_18_365	CP000239.1:1782769-1783441|CDS|CYA_1778	100.000	262	0	0	84	345	78	339	3.88e-134	473
Ga0374732_09_362_688	CP000239.1:1782769-1783441|CDS|CYA_1778	99.694	327	1	0	1	327	346	672	7.97e-168	586
Ga0374732_09_362_688	CP000240.1:1264104-1264770|CDS|CYB_1220	90.214	327	32	0	1	327	340	666	5.04e-126	446
Ga0374732_09_698_1123	CP000239.1:1783450-1783876|CDS|CYA_1779	99.765	426	1	0	1	426	1	426	0.0	765
Ga0374732_09_698_1123	CP000240.1:1264779-1265205|CDS|CYB_1221	86.854	426	56	0	1	426	1	426	4.48e-147	517
Ga0374732_09_1223_1933	CP000239.1:1783975-1784686|CDS|CYA_1780	99.859	711	1	0	1	711	1	711	0.0	1278
Ga0374732_09_1223_1933	CP000240.1:1265311-1266022|CDS|CYB_1222	88.762	703	79	0	1	703	1	703	0.0	912
Ga0374732_09_2252_2815	CP000239.1:1785004-1785568|CDS|CYA_1782	99.645	564	2	0	1	564	1	564	0.0	1009
Ga0374732_09_2252_2815	CP000240.1:1266320-1266884|CDS|CYB_1223	88.078	562	67	0	1	562	1	562	0.0	712
Ga0374732_09_2889_3302	CP000239.1:1785641-1786055|CDS|CYA_1784	99.517	414	2	0	1	414	1	414	0.0	738
Ga0374732_09_2889_3302	CP000239.1:1785658-1786702|CDS|CYA_1783	99.496	397	2	0	18	414	1044	648	0.0	708
Ga0374732_09_2889_3302	CP000240.1:1266949-1267360|CDS|CYB_1224	86.715	414	52	1	1	414	1	411	4.07e-141	498
Ga0374732_09_3632_4810	CP000239.1:1786384-1787563|CDS|CYA_1785	100.000	1179	0	0	1	1179	1	1179	0.0	2127
Ga0374732_09_3632_4810	CP000240.1:2346623-2347814|CDS|CYB_2241	86.650	1191	147	1	1	1179	1	1191	0.0	1438
Ga0374732_09_4917_5522	CP000239.1:1787606-1788275|CDS|CYA_1786	99.835	606	1	0	1	606	64	669	0.0	1089
Ga0374732_09_4917_5522	CP000240.1:2345662-2346151|CDS|CYB_2239	82.255	479	85	0	118	596	1	479	4.67e-136	481
Ga0374732_09_5608_6111	CP000239.1:1788360-1788864|CDS|CYA_1787	100.000	504	0	0	1	504	1	504	0.0	910
Ga0374732_09_5608_6111	CP000240.1:2345084-2345573|CDS|CYB_2238	83.636	495	72	2	1	495	1	486	2.96e-150	527
Ga0374732_09_6164_7075	CP000239.1:1788916-1789828|CDS|CYA_1788	100.000	912	0	0	1	912	1	912	0.0	1645
Ga0374732_09_6164_7075	CP000240.1:2344164-2345076|CDS|CYB_2237	83.111	900	147	4	16	911	13	911	0.0	925
Ga0374732_09_7134_7922	CP000239.1:1789886-1790675|CDS|CYA_1789	100.000	789	0	0	1	789	1	789	0.0	1424
Ga0374732_09_7134_7922	CP000240.1:2343335-2344115|CDS|CYB_2236	82.323	775	125	2	27	789	6	780	0.0	783
Ga0374732_09_8175_9998	CP000239.1:1790927-1792973|CDS|CYA_1791	99.178	1824	15	0	1	1824	223	2046	0.0	3223
Ga0374732_09_8175_9998	CP000240.1:2340848-2342864|CDS|CYB_2234	82.253	1820	317	2	1	1817	169	1985	0.0	1823
Ga0374732_10_158_1522	CP000239.1:2153497-2154880|CDS|CYA_2141	99.927	1361	1	0	1	1361	1	1361	0.0	2451
Ga0374732_10_158_1522	CP000240.1:542836-544225|CDS|CYB_0528	87.278	1352	172	0	1	1352	1	1352	0.0	1663
Ga0374732_10_1606_3018	CP000239.1:2154963-2156349|CDS|CYA_2142	100.000	1386	0	0	28	1413	1	1386	0.0	2500
Ga0374732_10_1606_3018	CP000240.1:540590-541976|CDS|CYB_0526	88.824	1378	154	0	28	1405	1	1378	0.0	1792
Ga0374732_10_3028_3294	CP000239.1:2156385-2156652|CDS|CYA_2143	100.000	267	0	0	1	267	1	267	5.62e-137	482
Ga0374732_10_3028_3294	CP000240.1:540237-540549|CDS|CYB_0525	86.139	202	28	0	3	204	45	246	1.09e-63	239
Ga0374732_10_3618_4148	CP000239.1:2156948-2157506|CDS|CYA_2144	100.000	531	0	0	1	531	28	558	0.0	958
Ga0374732_10_3618_4148	CP000240.1:539420-539978|CDS|CYB_0524	93.511	524	34	0	1	524	28	551	0.0	792
Ga0374732_10_4164_4628	CP000239.1:2157521-2157986|CDS|CYA_2145	99.785	465	1	0	1	465	1	465	0.0	835
Ga0374732_10_4164_4628	CP000240.1:538940-539405|CDS|CYB_0523	88.147	464	55	0	1	464	1	464	9.49e-169	590
Ga0374732_10_4755_6686	CP000239.1:2158112-2160044|CDS|CYA_2146	99.948	1932	1	0	1	1932	1	1932	0.0	3480
Ga0374732_10_4755_6686	CP000240.1:536867-538766|CDS|CYB_0522	81.090	1872	310	7	67	1904	1	1862	0.0	1789
Ga0374732_10_6738_8297	CP000239.1:2160095-2161619|CDS|CYA_2147	99.738	1524	4	0	37	1560	1	1524	0.0	2731
Ga0374732_10_6738_8297	CP000240.1:2855902-2857357|CDS|CYB_2759	82.074	1456	259	2	106	1560	1	1455	0.0	1443
Ga0374732_10_8534_8710	CP000239.1:2161891-2162068|CDS|CYA_2149	99.435	177	1	0	1	177	1	177	1.09e-86	315
Ga0374732_10_8534_8710	CP000240.1:2855484-2855664|CDS|CYB_2758	80.663	181	30	3	1	177	1	180	5.29e-40	160
Ga0374732_10_8754_9254	CP000239.1:2162125-2162611|CDS|CYA_2150	98.982	491	0	1	11	501	1	486	0.0	864
Ga0374732_10_8754_9254	CP000240.1:2854865-2855417|CDS|CYB_2757	92.200	500	39	0	1	500	52	551	0.0	727
Ga0374732_11_776_1060	CP000239.1:1547331-1547745|CDS|CYA_1536	100.000	285	0	0	1	285	130	414	1.02e-146	515
Ga0374732_11_776_1060	CP000240.1:1487620-1488043|CDS|CYB_1418	79.392	296	49	2	2	285	128	423	3.58e-70	261
Ga0374732_11_1057_2313	CP000239.1:1546078-1547335|CDS|CYA_1537	99.761	1257	3	0	1	1257	1	1257	0.0	2254
Ga0374732_11_1057_2313	CP000240.1:1486358-1487624|CDS|CYB_1419	85.857	1202	168	2	30	1230	36	1236	0.0	1395
Ga0374732_11_2326_2934	CP000239.1:1545457-1545988|CDS|CYA_1535	100.000	531	0	0	79	609	1	531	0.0	958
Ga0374732_11_2326_2934	CP000240.1:1485676-1486204|CDS|CYB_1417	85.827	508	72	0	84	591	6	513	1.03e-169	592
Ga0374732_11_3012_3236	CP000239.1:1545155-1545380|CDS|CYA_1534	100.000	225	0	0	1	225	1	225	2.94e-114	407
Ga0374732_11_3012_3236	CP000240.1:556996-557377|CDS|CYB_0544	88.444	225	26	0	1	225	157	381	5.68e-79	289
Ga0374732_11_3474_3944	CP000239.1:1544447-1544918|CDS|CYA_1533	99.788	471	1	0	1	471	1	471	0.0	846
Ga0374732_11_3474_3944	CP000240.1:556211-556736|CDS|CYB_0541	85.996	457	64	0	1	457	1	457	5.32e-153	536
Ga0374732_11_3950_4702	CP000239.1:1543566-1544442|CDS|CYA_1532	98.406	753	12	0	1	753	124	876	0.0	1305
Ga0374732_11_3950_4702	CP000240.1:553988-555035|CDS|CYB_0539	87.034	671	87	0	1	671	232	902	0.0	819
Ga0374732_11_5190_5993	CP000239.1:1542428-1543451|CDS|CYA_1531	87.221	806	84	6	1	804	235	1023	0.0	980
Ga0374732_11_5190_5993	CP000240.1:552871-553828|CDS|CYB_0538	78.195	798	148	5	1	773	148	944	0.0	656
Ga0374732_11_6125_6682	CP000239.1:1541631-1542297|CDS|CYA_1530	100.000	558	0	0	1	558	109	666	0.0	1007
Ga0374732_11_6125_6682	CP000240.1:552116-552782|CDS|CYB_0537	83.303	557	93	0	2	558	110	666	1.40e-167	586
Ga0374732_11_6863_7951	CP000239.1:1540473-1541559|CDS|CYA_1529	99.541	1089	2	1	1	1089	1	1086	0.0	1940
Ga0374732_11_6863_7951	CP000240.1:342763-343864|CDS|CYB_0326	78.794	1061	220	3	11	1067	20	1079	0.0	891
Ga0374732_12_1023_1148	CP000239.1:774622-774748|CDS|CYA_0766	100.000	126	0	0	1	126	1	126	8.40e-61	228
Ga0374732_12_1023_1148	CP000240.1:1004568-1004760|CDS|CYB_0968	86.842	114	15	0	1	114	67	180	1.17e-33	139
Ga0374732_12_1180_2391	CP000239.1:774779-775973|CDS|CYA_0767	99.916	1194	1	0	19	1212	1	1194	0.0	2150
Ga0374732_12_1180_2391	CP000239.1:2170714-2171908|CDS|CYA_2158	93.886	1194	73	0	19	1212	1	1194	0.0	1825
Ga0374732_12_1180_2391	CP000240.1:1954838-1956056|CDS|CYB_1872	92.200	1218	71	1	19	1212	1	1218	0.0	1786
Ga0374732_12_1180_2391	CP000240.1:1083184-1084426|CDS|CYB_1042	90.338	1242	72	2	19	1212	1	1242	0.0	1734
Ga0374732_12_1180_2391	CP000240.1:1803089-1804283|CDS|CYB_1722	92.044	1194	95	0	19	1212	1	1194	0.0	1726
Ga0374732_12_1180_2391	CP000240.1:2796782-2798000|CDS|CYB_2707	90.805	1218	88	1	19	1212	1	1218	0.0	1709
Ga0374732_12_1180_2391	CP000240.1:2644164-2645358|CDS|CYB_2538	91.206	1194	105	0	19	1212	1	1194	0.0	1681
Ga0374732_12_1180_2391	CP000239.1:712444-713638|CDS|CYA_0704	90.955	1194	108	0	19	1212	1	1194	0.0	1667
Ga0374732_12_1180_2391	CP000240.1:2168360-2169515|CDS|CYB_2071	92.800	1125	81	0	19	1143	1	1125	0.0	1664
Ga0374732_12_1180_2391	CP000240.1:1190675-1191869|CDS|CYB_1151	90.460	1195	112	2	19	1212	1	1194	0.0	1635
Ga0374732_12_1180_2391	CP000240.1:1358129-1359347|CDS|CYB_1297	89.409	1218	105	1	19	1212	1	1218	0.0	1633
Ga0374732_12_1180_2391	CP000240.1:1521392-1522610|CDS|CYB_1450	89.327	1218	106	1	19	1212	1	1218	0.0	1628
Ga0374732_12_1180_2391	CP000240.1:2619921-2621115|CDS|CYB_2521	90.126	1195	116	2	19	1212	1	1194	0.0	1617
Ga0374732_12_1180_2391	CP000240.1:638632-639850|CDS|CYB_0630	89.080	1218	109	1	19	1212	1	1218	0.0	1615
Ga0374732_12_1180_2391	CP000240.1:52430-53648|CDS|CYB_0041	88.916	1218	111	1	19	1212	1	1218	0.0	1606
Ga0374732_12_1180_2391	CP000240.1:1064975-1066169|CDS|CYB_1023	89.615	1194	124	0	19	1212	1	1194	0.0	1595
Ga0374732_12_1180_2391	CP000240.1:3008652-3009870|CDS|CYB_2910	88.670	1218	114	1	19	1212	1	1218	0.0	1592
Ga0374732_12_1180_2391	CP000240.1:2830275-2831565|CDS|CYB_2735	87.581	1240	89	3	19	1210	1	1223	0.0	1588
Ga0374732_12_1180_2391	CP000240.1:2553363-2554557|CDS|CYB_2454	89.447	1194	126	0	19	1212	1	1194	0.0	1586
Ga0374732_12_1180_2391	CP000240.1:2210858-2212052|CDS|CYB_2117	89.112	1194	130	0	19	1212	1	1194	0.0	1568
Ga0374732_12_1180_2391	CP000239.1:629980-631174|CDS|CYA_0620	89.112	1194	130	0	19	1212	1	1194	0.0	1568
Ga0374732_12_1180_2391	CP000240.1:1244785-1246021|CDS|CYB_1201	88.240	1216	119	1	19	1210	1	1216	0.0	1566
Ga0374732_12_1180_2391	CP000240.1:1267756-1268992|CDS|CYB_1227	88.250	1217	117	3	19	1210	1	1216	0.0	1561
Ga0374732_12_1180_2391	CP000240.1:2661652-2662870|CDS|CYB_2557	87.849	1218	124	1	19	1212	1	1218	0.0	1547
Ga0374732_12_1180_2391	CP000240.1:1316312-1317548|CDS|CYB_1259	87.664	1216	126	1	19	1210	1	1216	0.0	1535
Ga0374732_12_1180_2391	CP000240.1:481588-482800|CDS|CYB_0472	88.600	1193	134	2	19	1210	1	1192	0.0	1532
Ga0374732_12_1180_2391	CP000240.1:629484-630702|CDS|CYB_0620	87.192	1218	132	1	19	1212	1	1218	0.0	1511
Ga0374732_12_1180_2391	CP000240.1:2933473-2934709|CDS|CYB_2835	86.710	1219	132	5	19	1210	1	1216	0.0	1473
Ga0374732_12_1180_2391	CP000240.1:605550-606744|CDS|CYB_0598	86.516	1194	161	0	19	1212	1	1194	0.0	1428
Ga0374732_12_1180_2391	CP000240.1:2247371-2248565|CDS|CYB_2147	87.911	1125	136	0	19	1143	1	1125	0.0	1416
Ga0374732_12_1180_2391	CP000239.1:698055-699204|CDS|CYA_0690	86.486	1147	131	1	19	1141	1	1147	0.0	1388
Ga0374732_12_1180_2391	CP000239.1:1594889-1596107|CDS|CYA_1585	87.289	1125	143	0	19	1143	1	1125	0.0	1385
Ga0374732_12_1180_2391	CP000239.1:893439-894633|CDS|CYA_0887	87.200	1125	144	0	19	1143	1	1125	0.0	1380
Ga0374732_12_1180_2391	CP000240.1:241642-242836|CDS|CYB_0233	86.590	1126	149	2	19	1143	1	1125	0.0	1343
Ga0374732_12_1180_2391	CP000239.1:994256-995468|CDS|CYA_0981	84.815	1192	181	0	19	1210	1	1192	0.0	1334
Ga0374732_12_1180_2391	CP000240.1:1842322-1843549|CDS|CYB_1759	83.748	1206	168	3	19	1198	1	1204	0.0	1304
Ga0374732_12_1180_2391	CP000240.1:102811-104029|CDS|CYB_0087	84.508	1149	154	1	19	1143	1	1149	0.0	1287
Ga0374732_12_1180_2391	CP000240.1:1384265-1385459|CDS|CYB_1322	83.822	1125	182	0	19	1143	1	1125	0.0	1209
Ga0374732_12_1180_2391	CP000240.1:345730-346924|CDS|CYB_0329	83.644	1125	184	0	19	1143	1	1125	0.0	1200
Ga0374732_12_1180_2391	CP000240.1:1015074-1016268|CDS|CYB_0979	83.289	1125	188	0	19	1143	1	1125	0.0	1182
Ga0374732_12_1180_2391	CP000240.1:2565689-2566883|CDS|CYB_2468	83.022	1125	191	0	19	1143	1	1125	0.0	1168
Ga0374732_12_1180_2391	CP000240.1:2128026-2129220|CDS|CYB_2026	83.171	1129	182	7	19	1143	1	1125	0.0	1156
Ga0374732_12_1180_2391	CP000239.1:693322-694534|CDS|CYA_0687	81.506	1195	215	5	19	1210	1	1192	0.0	1142
Ga0374732_12_1180_2391	CP000240.1:2219258-2220470|CDS|CYB_2126	81.255	1195	218	5	19	1210	1	1192	0.0	1129
Ga0374732_12_1180_2391	CP000240.1:1763450-1764623|CDS|CYB_1688	81.577	1129	200	7	19	1143	1	1125	0.0	1075
Ga0374732_12_1180_2391	CP000240.1:1917270-1918464|CDS|CYB_1826	80.337	1129	214	7	19	1143	1	1125	0.0	1012
Ga0374732_12_1180_2391	CP000240.1:2506708-2507857|CDS|CYB_2410	77.768	1129	131	7	19	1027	1	1129	0.0	982
Ga0374732_12_1180_2391	CP000239.1:88305-89487|CDS|CYA_0091	74.754	1117	256	6	24	1133	6	1103	0.0	740
Ga0374732_12_2604_3179	CP000239.1:776203-776698|CDS|CYA_0768	100.000	495	0	0	82	576	1	495	0.0	893
Ga0374732_12_2604_3179	CP000240.1:114810-115398|CDS|CYB_0097	81.614	533	98	0	44	576	56	588	5.05e-148	520
Ga0374732_12_3358_3699	CP000239.1:776957-777299|CDS|CYA_0769	100.000	342	0	0	1	342	1	342	1.42e-177	618
Ga0374732_12_3358_3699	CP000240.1:206257-206599|CDS|CYB_0192	88.060	335	40	0	1	335	1	335	1.73e-119	425
Ga0374732_12_3832_4902	CP000239.1:777429-778500|CDS|CYA_0770	100.000	1071	0	0	1	1071	1	1071	0.0	1932
Ga0374732_12_3832_4902	CP000240.1:206713-207784|CDS|CYB_0193	86.181	1071	148	0	1	1071	1	1071	0.0	1265
Ga0374732_12_4925_5605	CP000239.1:778522-779203|CDS|CYA_0771	99.853	681	1	0	1	681	1	681	0.0	1224
Ga0374732_12_4925_5605	CP000240.1:207846-208548|CDS|CYB_0194	79.822	674	121	3	1	659	1	674	6.42e-173	603
Ga0374732_12_5628_6458	CP000239.1:779225-780056|CDS|CYA_0772	99.880	831	1	0	1	831	1	831	0.0	1495
Ga0374732_12_5628_6458	CP000240.1:208564-209434|CDS|CYB_0195	78.903	839	150	5	1	812	22	860	0.0	718
Ga0374732_12_6568_7386	CP000239.1:780165-780984|CDS|CYA_0773	99.878	819	1	0	1	819	1	819	0.0	1473
Ga0374732_12_6568_7386	CP000240.1:209502-210327|CDS|CYB_0196	84.494	761	115	1	1	758	1	761	0.0	839
Ga0374732_12_7431_7940	CP000239.1:781028-781538|CDS|CYA_0774	99.804	510	1	0	1	510	1	510	0.0	916
Ga0374732_12_7431_7940	CP000240.1:211181-211715|CDS|CYB_0199	87.910	488	59	0	1	488	1	488	2.62e-176	615
Ga0374732_12_8300_8749	CP000239.1:781897-782347|CDS|CYA_0776	100.000	450	0	0	1	450	1	450	0.0	812
Ga0374732_12_8300_8749	CP000240.1:212011-212446|CDS|CYB_0200	85.548	429	50	2	1	429	1	417	4.45e-141	497
Ga0374732_13_35_367	CP000239.1:509433-509811|CDS|CYA_0493	100.000	333	0	0	1	333	46	378	1.06e-172	601
Ga0374732_13_387_683	CP000239.1:509830-510205|CDS|CYA_0494	100.000	297	0	0	1	297	79	375	3.27e-153	536
Ga0374732_13_387_683	CP000240.1:561906-562269|CDS|CYB_0551	82.890	263	45	0	1	263	70	332	2.07e-73	272
Ga0374732_13_764_1405	CP000239.1:510207-510849|CDS|CYA_0495	100.000	642	0	0	1	642	1	642	0.0	1159
Ga0374732_13_764_1405	CP000240.1:562272-562914|CDS|CYB_0552	89.252	642	69	0	1	642	1	642	0.0	847
Ga0374732_13_1538_2839	CP000239.1:510981-512283|CDS|CYA_0496	99.846	1302	2	0	1	1302	1	1302	0.0	2340
Ga0374732_13_1538_2839	CP000240.1:563049-564351|CDS|CYB_0553	89.017	1302	143	0	1	1302	1	1302	0.0	1704
Ga0374732_13_2957_3298	CP000239.1:512400-512853|CDS|CYA_0497	100.000	342	0	0	1	342	112	453	1.42e-177	618
Ga0374732_13_2957_3298	CP000240.1:564488-564941|CDS|CYB_0554	84.503	342	53	0	1	342	112	453	2.25e-105	379
Ga0374732_13_3467_4744	CP000239.1:512910-514188|CDS|CYA_0498	99.922	1278	1	0	1	1278	1	1278	0.0	2301
Ga0374732_13_3467_4744	CP000240.1:564998-566426|CDS|CYB_0555	76.730	1315	256	10	1	1278	127	1428	0.0	993
Ga0374732_13_4741_6138	CP000239.1:514184-515624|CDS|CYA_0499	99.857	1398	2	0	1	1398	43	1440	0.0	2513
Ga0374732_13_6311_7447	CP000239.1:515749-516856|CDS|CYA_0500	100.000	1107	0	0	31	1137	1	1107	0.0	1997
Ga0374732_13_6311_7447	CP000240.1:566646-567753|CDS|CYB_0556	87.353	1107	140	0	31	1137	1	1107	0.0	1366
Ga0374732_13_8337_8693	CP000239.1:455920-457171|CDS|CYA_0436	89.869	306	19	1	1	294	772	1077	7.67e-118	419
Ga0374732_14_1080_1325	CP000239.1:2133776-2134022|CDS|CYA_2117	100.000	246	0	0	1	246	1	246	1.29e-125	444
Ga0374732_14_1080_1325	CP000240.1:2764995-2765241|CDS|CYB_2677	90.083	242	24	0	1	242	1	242	7.15e-91	329
Ga0374732_14_1420_1893	CP000239.1:2133208-2133682|CDS|CYA_2116	99.578	474	2	0	1	474	1	474	0.0	847
Ga0374732_14_1420_1893	CP000240.1:2764427-2764901|CDS|CYB_2676	83.510	473	78	0	1	473	1	473	1.11e-142	502
Ga0374732_14_1929_2489	CP000239.1:2132612-2133155|CDS|CYA_2115	100.000	543	0	0	19	561	1	543	0.0	980
Ga0374732_14_1929_2489	CP000240.1:2763828-2764392|CDS|CYB_2675	78.483	567	111	4	1	560	1	563	3.32e-131	465
Ga0374732_14_2506_3054	CP000239.1:2132047-2132596|CDS|CYA_2114	100.000	549	0	0	1	549	1	549	0.0	991
Ga0374732_14_2506_3054	CP000240.1:2763259-2763808|CDS|CYB_2674	81.387	548	102	0	1	548	1	548	9.28e-151	529
Ga0374732_14_3114_4634	CP000239.1:2130467-2131988|CDS|CYA_2113	99.803	1521	3	0	1	1521	1	1521	0.0	2730
Ga0374732_14_3114_4634	CP000240.1:2761694-2763215|CDS|CYB_2673	88.823	1521	170	0	1	1521	1	1521	0.0	1977
Ga0374732_14_4680_5624	CP000239.1:2129477-2130422|CDS|CYA_2112	99.788	945	2	0	1	945	1	945	0.0	1696
Ga0374732_14_4680_5624	CP000240.1:2760688-2761633|CDS|CYB_2672	85.275	944	139	0	1	944	1	944	0.0	1076
Ga0374732_14_5740_7449	CP000239.1:2127640-2129362|CDS|CYA_2111	98.480	1710	26	0	1	1710	13	1722	0.0	2967
Ga0374732_14_5740_7449	CP000240.1:2758982-2760683|CDS|CYB_2671	85.603	1674	241	0	1	1674	13	1686	0.0	1933
Ga0374732_15_719_1525	CP000239.1:2150920-2151715|CDS|CYA_2137	100.000	795	0	0	13	807	1	795	0.0	1434
Ga0374732_15_719_1525	CP000240.1:548801-549620|CDS|CYB_0534	85.104	772	115	0	36	807	48	819	0.0	875
Ga0374732_15_1532_3028	CP000239.1:2149405-2150902|CDS|CYA_2136	100.000	1497	0	0	1	1497	1	1497	0.0	2700
Ga0374732_15_1532_3028	CP000240.1:549635-551156|CDS|CYB_0535	84.818	1515	206	2	1	1491	1	1515	0.0	1709
Ga0374732_15_3133_3708	CP000239.1:2148725-2149301|CDS|CYA_2135	100.000	576	0	0	1	576	1	576	0.0	1040
Ga0374732_15_3133_3708	CP000240.1:551296-551845|CDS|CYB_0536	85.505	545	79	0	1	545	1	545	4.72e-180	627
Ga0374732_15_3794_4840	CP000239.1:2147593-2148640|CDS|CYA_2134	100.000	1047	0	0	1	1047	1	1047	0.0	1889
Ga0374732_15_3794_4840	CP000240.1:1009688-1010732|CDS|CYB_0974	82.046	1036	183	1	1	1036	1	1033	0.0	1029
Ga0374732_15_5186_5725	CP000239.1:2146708-2147455|CDS|CYA_2132	91.296	540	47	0	1	540	208	747	0.0	763
Ga0374732_15_5186_5725	CP000240.1:1008789-1009407|CDS|CYB_0973	84.074	540	86	0	1	540	79	618	3.87e-168	587
Ga0374732_15_5914_6420	CP000239.1:2145878-2146520|CDS|CYA_2131	99.606	507	2	0	1	507	136	642	0.0	906
Ga0374732_15_5914_6420	CP000240.1:1008125-1008764|CDS|CYB_0972	78.469	418	83	2	1	413	118	533	2.01e-95	346
Ga0374732_15_6601_7134	CP000239.1:2145308-2145833|CDS|CYA_2130	100.000	525	0	0	10	534	1	525	0.0	948
Ga0374732_15_6601_7134	CP000240.1:1007583-1008108|CDS|CYB_0971	87.843	510	62	0	10	519	1	510	0.0	641
Ga0374732_16_5_979	CP000239.1:1242267-1243389|CDS|CYA_1231	99.897	975	1	0	1	975	148	1122	0.0	1755
Ga0374732_16_5_979	CP000240.1:1624022-1625144|CDS|CYB_1549	88.000	975	117	0	1	975	148	1122	0.0	1232
Ga0374732_16_945_1703	CP000239.1:1241543-1242302|CDS|CYA_1230	99.736	759	2	0	1	759	1	759	0.0	1361
Ga0374732_16_945_1703	CP000240.1:1623298-1624045|CDS|CYB_1548	84.203	747	118	0	13	759	1	747	0.0	816
Ga0374732_16_2268_2909	CP000239.1:1240338-1240980|CDS|CYA_1229	100.000	642	0	0	1	642	1	642	0.0	1159
Ga0374732_16_2268_2909	CP000240.1:1468227-1468863|CDS|CYB_1400	86.625	643	78	3	1	642	1	636	0.0	766
Ga0374732_16_3067_4206	CP000239.1:1238960-1240181|CDS|CYA_1228	98.772	1140	14	0	1	1140	82	1221	0.0	1994
Ga0374732_16_3067_4206	CP000240.1:1468880-1470101|CDS|CYB_1401	86.702	1143	144	2	1	1139	82	1220	0.0	1375
Ga0374732_16_4788_5702	CP000239.1:1237545-1238460|CDS|CYA_1227	100.000	915	0	0	1	915	1	915	0.0	1651
Ga0374732_16_4788_5702	CP000240.1:880479-881394|CDS|CYB_0847	80.022	911	182	0	1	911	1	911	0.0	823
Ga0374732_16_5856_6305	CP000239.1:1236951-1237392|CDS|CYA_1226	99.773	441	1	0	10	450	1	441	0.0	792
Ga0374732_16_5856_6305	CP000240.1:881471-881912|CDS|CYB_0848	82.540	441	77	0	10	450	1	441	2.02e-126	449
Ga0374732_16_6426_7421	CP000239.1:1235826-1236822|CDS|CYA_1224	99.900	996	1	0	1	996	1	996	0.0	1792
Ga0374732_16_6426_7421	CP000240.1:882042-883038|CDS|CYB_0849	85.141	996	148	0	1	996	1	996	0.0	1130
Ga0374732_16_7475_7900	CP000239.1:1235329-1235773|CDS|CYA_1223	92.342	444	0	2	1	410	1	444	0.0	670
Ga0374732_17_290_934	CP000239.1:1192570-1193215|CDS|CYA_1178	99.845	645	1	0	1	645	1	645	0.0	1159
Ga0374732_17_290_934	CP000240.1:2699498-2700143|CDS|CYB_2597	89.286	644	69	0	1	644	1	644	0.0	851
Ga0374732_17_986_1966	CP000239.1:1191538-1192519|CDS|CYA_1177	100.000	981	0	0	1	981	1	981	0.0	1770
Ga0374732_17_1959_2258	CP000239.1:1191246-1191546|CDS|CYA_1176	99.667	300	1	0	1	300	1	300	3.30e-153	537
Ga0374732_17_1959_2258	CP000240.1:2701136-2701436|CDS|CYB_2599	88.667	300	34	0	1	300	1	300	1.08e-108	389
Ga0374732_17_2319_3203	CP000239.1:1190301-1191186|CDS|CYA_1175	100.000	885	0	0	1	885	1	885	0.0	1597
Ga0374732_17_2319_3203	CP000240.1:2701485-2702370|CDS|CYB_2600	89.480	884	93	0	1	884	1	884	0.0	1176
Ga0374732_17_3282_3563	CP000239.1:1189941-1190223|CDS|CYA_1174	100.000	282	0	0	1	282	1	282	4.29e-145	509
Ga0374732_17_3282_3563	CP000240.1:2702436-2702718|CDS|CYB_2601	89.286	280	30	0	1	280	1	280	2.71e-103	370
Ga0374732_17_3606_3977	CP000239.1:1189527-1189899|CDS|CYA_1173	100.000	372	0	0	1	372	1	372	0.0	672
Ga0374732_17_3606_3977	CP000240.1:2702763-2703138|CDS|CYB_2602	88.235	374	41	1	1	371	1	374	1.19e-134	475
Ga0374732_17_4019_4765	CP000239.1:1188739-1189486|CDS|CYA_1172	99.866	747	1	0	1	747	1	747	0.0	1343
Ga0374732_17_4019_4765	CP000240.1:2703180-2703951|CDS|CYB_2603	83.658	771	102	2	1	747	1	771	0.0	836
Ga0374732_17_4821_5297	CP000239.1:1188207-1188684|CDS|CYA_1171	99.790	477	1	0	1	477	1	477	0.0	856
Ga0374732_17_4821_5297	CP000240.1:2704006-2704474|CDS|CYB_2604	87.668	446	55	0	1	446	1	446	5.76e-159	557
Ga0374732_17_5321_5551	CP000239.1:1187953-1188190|CDS|CYA_1170	100.000	231	0	0	1	231	7	237	1.67e-117	417
Ga0374732_17_5321_5551	CP000240.1:2704487-2704709|CDS|CYB_2605	87.629	194	24	0	1	194	7	200	7.62e-65	242
Ga0374732_17_5551_5802	CP000239.1:1187702-1187954|CDS|CYA_1169	100.000	252	0	0	1	252	1	252	7.33e-129	455
Ga0374732_17_5551_5802	CP000240.1:2704708-2704960|CDS|CYB_2606	88.889	252	28	0	1	252	1	252	7.34e-91	329
Ga0374732_17_5799_6167	CP000239.1:1187337-1187706|CDS|CYA_1168	99.729	369	1	0	1	369	1	369	0.0	662
Ga0374732_17_5799_6167	CP000240.1:2704956-2705325|CDS|CYB_2607	90.137	365	36	0	1	365	1	365	3.60e-141	497
Ga0374732_17_6167_6565	CP000239.1:1186939-1187338|CDS|CYA_1167	99.749	399	1	0	1	399	1	399	0.0	716
Ga0374732_17_6167_6565	CP000240.1:2705324-2705723|CDS|CYB_2608	87.000	400	50	2	1	399	1	399	3.01e-136	480
Ga0374732_17_6622_7164	CP000239.1:1186340-1186883|CDS|CYA_1166	100.000	543	0	0	1	543	1	543	0.0	980
Ga0374732_17_6622_7164	CP000240.1:2705791-2706334|CDS|CYB_2609	88.745	542	61	0	1	542	1	542	0.0	703
Ga0374732_18_1443_2042	CP000239.1:669297-669954|CDS|CYA_0661	99.833	600	1	0	1	600	58	657	0.0	1078
Ga0374732_18_1443_2042	CP000240.1:622508-623096|CDS|CYB_0612	87.319	552	68	2	25	575	16	566	0.0	673
Ga0374732_18_2076_2402	CP000239.1:668841-669264|CDS|CYA_0660	100.000	327	0	0	1	327	97	423	1.88e-169	590
Ga0374732_18_2618_3229	CP000239.1:668110-668722|CDS|CYA_0659	99.837	612	1	0	1	612	1	612	0.0	1100
Ga0374732_18_2618_3229	CP000240.1:621482-622094|CDS|CYB_0610	89.542	612	64	0	1	612	1	612	0.0	816
Ga0374732_18_3257_3838	CP000239.1:667501-668083|CDS|CYA_0658	99.828	582	1	0	1	582	1	582	0.0	1046
Ga0374732_18_3856_4488	CP000239.1:666851-667484|CDS|CYA_0657	100.000	633	0	0	1	633	1	633	0.0	1142
Ga0374732_18_3856_4488	CP000240.1:620233-620869|CDS|CYB_0608	89.117	634	66	1	1	631	1	634	0.0	831
Ga0374732_18_4637_6526	CP000239.1:664228-666703|CDS|CYA_0656	99.894	1890	2	0	1	1890	586	2475	0.0	3400
Ga0374732_18_4637_6526	CP000240.1:617631-620106|CDS|CYB_0607	90.688	1890	176	0	1	1890	586	2475	0.0	2616
Ga0374732_19_924_1127	CP000240.1:2476793-2477096|CDS|CYB_2370	81.068	206	26	2	3	195	77	282	7.08e-52	199
Ga0374732_19_1266_1580	CP000239.1:1153630-1154107|CDS|CYA_1128	99.365	315	2	0	1	315	163	477	3.05e-160	560
Ga0374732_19_1266_1580	CP000239.1:2741014-2741329|CDS|CYA_2724	98.413	315	5	0	1	315	1	315	6.72e-156	546
Ga0374732_19_1266_1580	CP000239.1:2085206-2085683|CDS|CYA_2064	98.413	315	5	0	1	315	163	477	6.72e-156	546
Ga0374732_19_1266_1580	CP000239.1:1922539-1923016|CDS|CYA_1913	98.413	315	5	0	1	315	163	477	6.72e-156	546
Ga0374732_19_1266_1580	CP000239.1:65282-65759|CDS|CYA_0068	98.413	315	5	0	1	315	163	477	6.72e-156	546
Ga0374732_19_1266_1580	CP000239.1:2610754-2611231|CDS|CYA_2587	98.095	315	6	0	1	315	163	477	8.19e-155	542
Ga0374732_19_1266_1580	CP000239.1:2604255-2604732|CDS|CYA_2580	98.095	315	6	0	1	315	163	477	8.19e-155	542
Ga0374732_19_1266_1580	CP000239.1:2426211-2426688|CDS|CYA_2415	98.095	315	6	0	1	315	163	477	8.19e-155	542
Ga0374732_19_1266_1580	CP000239.1:2362619-2363096|CDS|CYA_2355	98.095	315	6	0	1	315	163	477	8.19e-155	542
Ga0374732_19_1266_1580	CP000239.1:1161245-1161722|CDS|CYA_1137	98.095	315	6	0	1	315	163	477	8.19e-155	542
Ga0374732_19_1266_1580	CP000239.1:563303-563780|CDS|CYA_0549	98.095	315	6	0	1	315	163	477	8.19e-155	542
Ga0374732_19_1266_1580	CP000239.1:2654704-2655019|CDS|CYA_2640	97.778	315	7	0	1	315	1	315	3.48e-153	537
Ga0374732_19_1266_1580	CP000239.1:2237233-2237710|CDS|CYA_2221	97.778	315	7	0	1	315	163	477	3.48e-153	537
Ga0374732_19_1266_1580	CP000239.1:1968829-1969306|CDS|CYA_1958	97.778	315	7	0	1	315	163	477	3.48e-153	537
Ga0374732_19_1266_1580	CP000239.1:152387-152861|CDS|CYA_0156	97.742	310	7	0	1	310	163	472	1.80e-150	528
Ga0374732_19_1698_2969	CP000239.1:2083979-2085251|CDS|CYA_2063	98.113	1272	24	0	1	1272	1	1272	0.0	2186
Ga0374732_19_1698_2969	CP000239.1:152816-154088|CDS|CYA_0158	98.113	1272	24	0	1	1272	1	1272	0.0	2186
Ga0374732_19_1698_2969	CP000239.1:2604687-2605959|CDS|CYA_2581	97.642	1272	30	0	1	1272	1	1272	0.0	2159
Ga0374732_19_1698_2969	CP000239.1:2652297-2653569|CDS|CYA_2636	97.406	1272	33	0	1	1272	1	1272	0.0	2146
Ga0374732_19_1698_2969	CP000239.1:1969261-1970533|CDS|CYA_1959	97.406	1272	33	0	1	1272	1	1272	0.0	2146
Ga0374732_19_1698_2969	CP000239.1:1160018-1161290|CDS|CYA_1136	97.248	1272	35	0	1	1272	1	1272	0.0	2137
Ga0374732_19_2982_4640	CP000239.1:1356159-1358178|CDS|CYA_1346	96.854	1653	52	0	1	1653	136	1788	0.0	2747
Ga0374732_19_2982_4640	CP000240.1:2890401-2892327|CDS|CYB_2794	88.264	1653	194	0	1	1653	43	1695	0.0	2107
Ga0374732_20_43_753	CP000239.1:676303-677014|CDS|CYA_0666	100.000	711	0	0	1	711	1	711	0.0	1283
Ga0374732_20_43_753	CP000239.1:688929-689640|CDS|CYA_0683	87.201	711	91	0	1	711	1	711	0.0	873
Ga0374732_20_43_753	CP000240.1:2214903-2215566|CDS|CYB_2122	86.898	664	85	2	49	711	1	663	0.0	799
Ga0374732_20_803_1750	CP000239.1:677063-678011|CDS|CYA_0667	100.000	948	0	0	1	948	1	948	0.0	1710
Ga0374732_20_803_1750	CP000240.1:2215663-2216611|CDS|CYB_2123	84.494	948	147	0	1	948	1	948	0.0	1048
Ga0374732_20_803_1750	CP000239.1:689689-690649|CDS|CYA_0684	83.650	948	155	0	1	948	13	960	0.0	1012
Ga0374732_20_1882_3333	CP000239.1:678142-679594|CDS|CYA_0668	98.003	1452	29	0	1	1452	1	1452	0.0	2489
Ga0374732_20_1882_3333	CP000240.1:1097610-1099053|CDS|CYB_1060	89.020	1439	152	1	1	1433	1	1439	0.0	1884
Ga0374732_20_3593_4333	CP000240.1:1096452-1097280|CDS|CYB_1058	92.213	732	57	0	1	732	1	732	0.0	1064
Ga0374732_20_3593_4333	CP000239.1:679853-680588|CDS|CYA_0671	89.098	743	71	4	1	741	1	735	0.0	966
Ga0374732_20_4382_4819	CP000239.1:680627-681065|CDS|CYA_0672	99.542	437	2	0	1	437	1	437	0.0	780
Ga0374732_20_4382_4819	CP000240.1:1095966-1096404|CDS|CYB_1057	90.411	438	42	0	1	438	1	438	1.41e-172	601
Ga0374732_20_4890_5513	CP000239.1:681135-681759|CDS|CYA_0673	100.000	624	0	0	1	624	1	624	0.0	1126
Ga0374732_20_4890_5513	CP000240.1:1095278-1095896|CDS|CYB_1056	82.910	591	101	0	1	591	1	591	3.95e-175	611
Ga0374732_21_457_924	CP000239.1:2309628-2310096|CDS|CYA_2305	99.786	468	1	0	1	468	1	468	0.0	840
Ga0374732_21_457_924	CP000240.1:1446804-1447272|CDS|CYB_1376	86.026	458	64	0	1	458	1	458	1.51e-153	538
Ga0374732_22_616_873	CP000239.1:130864-131179|CDS|CYA_0135	100.000	258	0	0	1	258	58	315	4.16e-132	466
Ga0374732_22_616_873	CP000239.1:892608-892887|CDS|CYA_0885	90.741	270	13	1	1	258	10	279	1.36e-106	381
Ga0374732_22_1267_3147	CP000239.1:128590-130471|CDS|CYA_0133	95.481	1881	85	0	1	1881	1	1881	0.0	3010
Ga0374732_22_1267_3147	CP000240.1:2286827-2288714|CDS|CYB_2181	87.527	1876	227	2	1	1870	1	1875	0.0	2326
Ga0374732_22_3144_3464	CP000239.1:128273-128594|CDS|CYA_0134	100.000	321	0	0	1	321	1	321	3.32e-166	580
Ga0374732_22_3144_3464	CP000240.1:2286472-2286817|CDS|CYB_2180	84.735	321	49	0	1	321	25	345	1.97e-99	359
Ga0374732_22_3685_5010	CP000239.1:126727-128053|CDS|CYA_0131	99.849	1326	2	0	1	1326	1	1326	0.0	2383
Ga0374732_22_3685_5010	CP000240.1:2278763-2280074|CDS|CYB_2175	86.518	1298	175	0	1	1298	1	1298	0.0	1553
Ga0374732_23_503_1069	CP000239.1:1484411-1485188|CDS|CYA_1475	100.000	567	0	0	1	567	211	777	0.0	1023
Ga0374732_23_503_1069	CP000240.1:1746271-1747084|CDS|CYB_1669	74.532	534	127	5	1	527	226	757	1.17e-92	336
Ga0374732_23_1580_2173	CP000239.1:1482539-1483133|CDS|CYA_1474	100.000	594	0	0	1	594	1	594	0.0	1072
Ga0374732_23_1580_2173	CP000240.1:1748342-1748924|CDS|CYB_1670	84.007	594	83	1	1	594	1	582	0.0	650
Ga0374732_23_2258_2908	CP000239.1:1481804-1482455|CDS|CYA_1473	99.846	651	1	0	1	651	1	651	0.0	1170
Ga0374732_24_349_1707	CP000239.1:2700631-2701987|CDS|CYA_2686	99.410	1356	8	0	4	1359	1	1356	0.0	2410
Ga0374732_24_349_1707	CP000240.1:64390-65770|CDS|CYB_0051	86.828	1321	174	0	37	1357	58	1378	0.0	1599
Ga0374732_24_2047_3225	CP000239.1:2697359-2698538|CDS|CYA_2683	99.150	1177	10	0	1	1177	1	1177	0.0	2078
Ga0374732_24_2047_3225	CP000240.1:1171595-1172774|CDS|CYB_1135	88.000	1175	141	0	1	1175	1	1175	0.0	1484
Ga0374732_24_3389_3787	CP000239.1:2696797-2697196|CDS|CYA_2682	96.742	399	13	0	1	399	1	399	0.0	662
Ga0374732_24_3389_3787	CP000240.1:1172962-1173361|CDS|CYB_1136	83.459	399	66	0	1	399	1	399	7.09e-119	423
Ga0374732_24_3804_4283	CP000239.1:2696301-2696781|CDS|CYA_2681	93.333	480	32	0	1	480	1	480	0.0	722
Ga0374732_24_3804_4283	CP000240.1:2304178-2304658|CDS|CYB_2196	84.355	473	74	0	1	473	1	473	4.17e-148	520
Ga0374732_24_4306_4641	CP000239.1:2695943-2696279|CDS|CYA_2680	95.238	336	16	0	1	336	1	336	1.30e-152	535
Ga0374732_24_4306_4641	CP000240.1:2303822-2304158|CDS|CYB_2195	84.337	332	52	0	1	332	1	332	1.39e-101	365
Ga0374732_25_134_2146	CP000239.1:521664-523812|CDS|CYA_0505	99.901	2013	2	0	1	2013	136	2148	0.0	3622
Ga0374732_25_134_2146	CP000240.1:180950-183122|CDS|CYB_0169	83.008	2001	287	7	1	1997	199	2150	0.0	2093
Ga0374732_25_2686_3243	CP000239.1:524216-524708|CDS|CYA_0506	99.797	492	1	0	67	558	1	492	0.0	884
Ga0374732_25_3367_3900	CP000239.1:524897-525431|CDS|CYA_0507	100.000	534	0	0	1	534	1	534	0.0	964
Ga0374732_25_3367_3900	CP000240.1:184302-184857|CDS|CYB_0171	81.121	535	86	1	2	521	8	542	1.63e-147	519
Ga0374732_26_1771_2373	CP000239.1:2692423-2693002|CDS|CYA_2676	100.000	579	0	0	25	603	1	579	0.0	1045
Ga0374732_26_1771_2373	CP000240.1:2274846-2275374|CDS|CYB_2171	83.366	511	76	4	25	532	1	505	1.02e-150	529
Ga0374732_27_1103_1576	CP000239.1:171020-171494|CDS|CYA_0174	99.789	474	1	0	1	474	1	474	0.0	851
Ga0374732_27_1573_3675	CP000239.1:627357-629493|CDS|CYA_0619	68.589	1595	456	20	274	1850	301	1868	4.17e-162	569
Ga0374732_27_1573_3675	CP000240.1:49773-51909|CDS|CYB_0040	68.296	1596	459	21	274	1850	301	1868	4.76e-155	545
Ga0374732_28_52_303	CP000239.1:2608813-2609137|CDS|CYA_2584	100.000	252	0	0	1	252	73	324	7.33e-129	455
Ga0374732_28_52_303	CP000240.1:2477689-2477944|CDS|CYB_2372	82.353	255	42	1	1	252	1	255	1.33e-68	256
Ga0374732_28_439_2727	CP000239.1:2606278-2608678|CDS|CYA_2582	99.869	2292	0	1	1	2289	109	2400	0.0	4119
Ga0374732_28_439_2727	CP000240.1:2478039-2480457|CDS|CYB_2373	83.268	2295	367	4	1	2279	115	2408	0.0	2406
Ga0374732_28_3222_3614	CP000239.1:2603692-2604097|CDS|CYA_2579	100.000	393	0	0	1	393	13	405	0.0	710
Ga0374732_28_3222_3614	CP000240.1:2480948-2481353|CDS|CYB_2374	84.772	394	58	2	1	393	13	405	3.86e-122	434
Ga0374732_28_3723_3944	CP000239.1:2603362-2603584|CDS|CYA_2578	99.550	222	1	0	1	222	1	222	5.23e-111	397
Ga0374732_28_3723_3944	CP000240.1:2481465-2481687|CDS|CYB_2375	83.582	201	31	2	22	221	22	221	5.25e-54	207
Ga0374732_29_72_632	CP000239.1:675282-676173|CDS|CYA_0665	99.465	561	3	0	1	561	331	891	0.0	999
Ga0374732_29_1282_3414	CP000239.1:672501-674634|CDS|CYA_0663	99.953	2133	1	0	1	2133	1	2133	0.0	3843
Ga0374732_29_1282_3414	CP000240.1:626982-629181|CDS|CYB_0617	76.892	2220	405	10	1	2133	1	2199	0.0	1744
Ga0374732_29_3411_4082	CP000239.1:671833-672505|CDS|CYA_0664	100.000	672	0	0	1	672	1	672	0.0	1213
Ga0374732_29_3411_4082	CP000240.1:626314-626986|CDS|CYB_0618	88.690	672	76	0	1	672	1	672	0.0	870
Ga0374732_30_2_556	CP000239.1:860605-861961|CDS|CYA_0852	99.820	555	1	0	1	555	802	1356	0.0	997
Ga0374732_30_2_556	CP000240.1:1462918-1464274|CDS|CYB_1391	94.775	555	29	0	1	555	802	1356	0.0	871
Ga0374732_30_639_1646	CP000239.1:862121-863051|CDS|CYA_0853	99.892	930	1	0	79	1008	1	930	0.0	1673
Ga0374732_30_639_1646	CP000240.1:1464368-1465361|CDS|CYB_1392	88.922	993	110	0	16	1008	1	993	0.0	1296
Ga0374732_30_1810_2823	CP000239.1:863214-864228|CDS|CYA_0855	100.000	1014	0	0	1	1014	1	1014	0.0	1829
Ga0374732_30_1810_2823	CP000240.1:1465525-1466551|CDS|CYB_1393	88.986	1026	101	1	1	1014	1	1026	0.0	1348
Ga0374732_30_2814_3416	CP000239.1:864218-864821|CDS|CYA_0856	100.000	603	0	0	1	603	1	603	0.0	1088
Ga0374732_30_3742_4026	CP000239.1:865146-865431|CDS|CYA_0857	100.000	285	0	0	1	285	1	285	1.02e-146	515
Ga0374732_30_3742_4026	CP000240.1:1467671-1468097|CDS|CYB_1398	87.018	285	37	0	1	285	142	426	3.13e-96	348
Ga0374732_31_456_1340	CP000239.1:1880797-1881943|CDS|CYA_1877	99.209	885	7	0	1	885	262	1146	0.0	1565
Ga0374732_31_456_1340	CP000240.1:1631826-1632849|CDS|CYB_1558	85.407	884	125	2	4	885	142	1023	0.0	1008
Ga0374732_31_1350_2534	CP000239.1:1881952-1883137|CDS|CYA_1878	99.072	1185	11	0	1	1185	1	1185	0.0	2088
Ga0374732_31_1350_2534	CP000240.1:1630632-1631817|CDS|CYB_1557	89.358	1184	126	0	1	1184	1	1184	0.0	1568
Ga0374732_31_2713_3450	CP000239.1:1883315-1884053|CDS|CYA_1880	100.000	738	0	0	1	738	1	738	0.0	1332
Ga0374732_31_2713_3450	CP000240.1:1629669-1630407|CDS|CYB_1555	87.381	737	93	0	1	737	1	737	0.0	911
Ga0374732_31_3447_3845	CP000239.1:1884049-1885003|CDS|CYA_1879	100.000	399	0	0	1	399	556	954	0.0	720
Ga0374732_31_3447_3845	CP000240.1:1628713-1629673|CDS|CYB_1556	86.305	387	53	0	1	387	556	942	9.84e-130	460
Ga0374732_32_1997_2446	CP000239.1:1094295-1094745|CDS|CYA_1075	100.000	450	0	0	1	450	1	450	0.0	812
Ga0374732_32_1997_2446	CP000240.1:1039002-1039398|CDS|CYB_0999	87.047	386	50	0	61	446	7	392	1.77e-133	471
Ga0374732_32_2490_3239	CP000239.1:1094788-1095538|CDS|CYA_1076	99.733	750	2	0	1	750	1	750	0.0	1344
Ga0374732_32_2490_3239	CP000240.1:1039633-1040269|CDS|CYB_1000	73.244	598	156	2	127	722	25	620	2.03e-97	352
Ga0374732_33_764_2017	CP000239.1:2111264-2112518|CDS|CYA_2096	91.308	1254	109	0	1	1254	1	1254	0.0	1771
Ga0374732_33_764_2017	CP000240.1:2604699-2605941|CDS|CYB_2511	87.304	1150	146	0	77	1226	65	1214	0.0	1416
Ga0374732_33_2426_2788	CP000239.1:2112927-2113326|CDS|CYA_2097	100.000	363	0	0	1	363	37	399	0.0	655
Ga0374732_33_2426_2788	CP000240.1:149362-149767|CDS|CYB_0136	82.385	369	59	1	1	363	37	405	2.91e-104	374
Ga0374732_34_11_163	CP000239.1:1250866-1251250|CDS|CYA_1239	100.000	153	0	0	1	153	232	384	2.33e-75	277
Ga0374732_34_11_163	CP000240.1:98089-98473|CDS|CYB_0083	88.816	152	17	0	2	153	233	384	1.79e-51	198
Ga0374732_34_252_1925	CP000239.1:1249104-1250778|CDS|CYA_1238	99.881	1674	2	0	1	1674	1	1674	0.0	3011
Ga0374732_34_252_1925	CP000240.1:96347-98018|CDS|CYB_0082	85.619	1349	191	1	1	1349	1	1346	0.0	1557
Ga0374732_34_1995_2987	CP000239.1:1247910-1249035|CDS|CYA_1237	99.698	993	3	0	1	993	133	1125	0.0	1778
Ga0374732_34_1995_2987	CP000240.1:1846141-1847293|CDS|CYB_1762	81.471	1020	162	5	1	993	133	1152	0.0	990
Ga0374732_35_7_198	CP000239.1:1570545-1571832|CDS|CYA_1562	100.000	192	0	0	1	192	1096	1287	2.02e-96	347
Ga0374732_35_7_198	CP000240.1:1104957-1106244|CDS|CYB_1067	94.792	192	10	0	1	192	1096	1287	7.53e-83	302
Ga0374732_35_345_2123	CP000239.1:1571984-1573757|CDS|CYA_1563	99.887	1773	2	0	7	1779	1	1773	0.0	3189
Ga0374732_35_345_2123	CP000240.1:1103049-1104822|CDS|CYB_1066	85.892	1772	250	0	7	1778	1	1772	0.0	2069
Ga0374732_35_2166_2540	CP000239.1:1573799-1574174|CDS|CYA_1564	100.000	375	0	0	1	375	1	375	0.0	677
Ga0374732_35_2166_2540	CP000240.1:1102632-1103001|CDS|CYB_1065	83.378	373	56	1	1	373	1	367	3.22e-110	395
Ga0374732_35_2703_3032	CP000239.1:1574336-1574666|CDS|CYA_1565	97.872	329	7	0	1	329	1	329	9.19e-161	563
Ga0374732_35_2703_3032	CP000240.1:1102132-1102462|CDS|CYB_1064	90.578	329	31	0	1	329	1	329	3.43e-128	454
Ga0374732_36_187_672	CP000239.1:167116-167602|CDS|CYA_0169	99.794	486	1	0	1	486	1	486	0.0	873
Ga0374732_36_673_936	CP000239.1:167602-167866|CDS|CYA_0170	100.000	264	0	0	1	264	1	264	2.36e-135	477
Ga0374732_36_911_2005	CP000239.1:167840-168935|CDS|CYA_0171	99.817	1095	2	0	1	1095	1	1095	0.0	1966
Ga0374732_37_455_1087	CP000239.1:2279867-2280500|CDS|CYA_2271	100.000	633	0	0	1	633	1	633	0.0	1142
Ga0374732_37_455_1087	CP000240.1:461524-462157|CDS|CYB_0456	88.291	632	74	0	1	632	1	632	0.0	807
Ga0374732_37_1106_1927	CP000239.1:2279027-2279849|CDS|CYA_2270	95.620	822	36	0	1	822	1	822	0.0	1321
Ga0374732_37_1106_1927	CP000240.1:462169-463003|CDS|CYB_0457	78.032	742	141	5	1	728	1	734	2.71e-172	601
Ga0374732_39_841_1293	CP000239.1:2089021-2089474|CDS|CYA_2070	99.779	453	1	0	1	453	1	453	0.0	813
Ga0374732_39_841_1293	CP000240.1:655132-655558|CDS|CYB_0645	77.704	453	74	3	1	453	1	426	1.29e-103	373
Ga0374732_39_1368_1733	CP000239.1:2088581-2088947|CDS|CYA_2069	100.000	366	0	0	1	366	1	366	0.0	661
Ga0374732_39_1368_1733	CP000240.1:654686-655052|CDS|CYB_0644	86.066	366	51	0	1	366	1	366	4.36e-121	431
Ga0374732_40_501_2186	CP000240.1:2863170-2865693|CDS|CYB_2765	83.009	1642	270	4	2	1640	212	1847	0.0	1694
Ga0374732_41_916_1179	CP000239.1:2107233-2107683|CDS|CYA_2089	67.559	299	50	7	2	260	155	446	1.08e-25	113
Ga0374732_42_54_1637	CP000239.1:546669-549456|CDS|CYA_0531	99.684	1584	5	0	1	1584	1204	2787	0.0	2835
Ga0374732_42_54_1637	CP000240.1:137265-140061|CDS|CYB_0126	84.071	1582	252	0	2	1583	1214	2795	0.0	1718
Ga0374732_42_1703_1963	CP000239.1:549521-549782|CDS|CYA_0532	97.318	261	7	0	1	261	1	261	5.86e-124	440
Ga0374732_42_1703_1963	CP000240.1:136912-137173|CDS|CYB_0125	87.692	260	32	0	1	260	1	260	9.30e-90	325
Ga0374732_43_743_1672	CP000240.1:2602623-2603373|CDS|CYB_2508	96.721	732	24	0	1	732	1	732	0.0	1213
Ga0374732_43_743_1672	CP000239.1:2109019-2110315|CDS|CYA_2093	88.639	933	100	2	1	930	367	1296	0.0	1202
Ga0374732_44_4_1107	CP000239.1:771958-774466|CDS|CYA_0765	98.551	1104	16	0	1	1104	1405	2508	0.0	1920
Ga0374732_44_4_1107	CP000240.1:1004905-1007419|CDS|CYB_0970	81.382	1085	200	2	19	1102	1429	2512	0.0	1040
Ga0374732_44_1117_1827	CP000239.1:771238-771949|CDS|CYA_0764	88.062	712	83	2	1	711	1	711	0.0	894
Ga0374732_44_1117_1827	CP000240.1:140384-141068|CDS|CYB_0127	81.053	665	124	2	18	681	18	681	2.05e-179	625
Ga0374732_45_823_1608	CP000239.1:2499424-2500210|CDS|CYA_2489	100.000	786	0	0	1	786	1	786	0.0	1418
Ga0374732_45_823_1608	CP000240.1:717482-718268|CDS|CYB_0701	85.513	780	113	0	1	780	1	780	0.0	898
