Ga0393485_01_4_846	CP000240.1:2796782-2798000|CDS|CYB_2707	94.233	867	26	1	1	843	352	1218	0.0	1356
Ga0393485_01_4_846	CP000240.1:1521392-1522610|CDS|CYB_1450	95.492	843	38	0	1	843	376	1218	0.0	1350
Ga0393485_01_4_846	CP000240.1:638632-639850|CDS|CYB_0630	95.374	843	39	0	1	843	376	1218	0.0	1345
Ga0393485_01_4_846	CP000240.1:2644164-2645358|CDS|CYB_2538	95.255	843	40	0	1	843	352	1194	0.0	1341
Ga0393485_01_4_846	CP000239.1:774779-775973|CDS|CYA_0767	95.255	843	40	0	1	843	352	1194	0.0	1341
Ga0393485_01_4_846	CP000240.1:1190675-1191869|CDS|CYB_1151	95.142	844	39	2	1	843	352	1194	0.0	1331
Ga0393485_01_4_846	CP000240.1:1803089-1804283|CDS|CYB_1722	94.781	843	44	0	1	843	352	1194	0.0	1323
Ga0393485_01_4_846	CP000240.1:1358129-1359347|CDS|CYB_1297	94.543	843	46	0	1	843	376	1218	0.0	1314
Ga0393485_01_4_846	CP000239.1:2170714-2171908|CDS|CYA_2158	93.950	843	51	0	1	843	352	1194	0.0	1291
Ga0393485_01_4_846	CP000240.1:3008652-3009870|CDS|CYB_2910	93.594	843	54	0	1	843	376	1218	0.0	1278
Ga0393485_01_4_846	CP000240.1:1064975-1066169|CDS|CYB_1023	93.357	843	56	0	1	843	352	1194	0.0	1269
Ga0393485_01_4_846	CP000240.1:1083184-1084426|CDS|CYB_1042	91.696	867	48	1	1	843	376	1242	0.0	1257
Ga0393485_01_4_846	CP000240.1:52430-53648|CDS|CYB_0041	91.003	867	54	1	1	843	352	1218	0.0	1230
Ga0393485_01_4_846	CP000240.1:2168360-2169515|CDS|CYB_2071	94.703	774	41	0	1	774	352	1125	0.0	1212
Ga0393485_01_4_846	CP000240.1:1954838-1956056|CDS|CYB_1872	90.542	867	58	1	1	843	352	1218	0.0	1212
Ga0393485_01_4_846	CP000239.1:712444-713638|CDS|CYA_0704	91.135	846	69	2	1	843	352	1194	0.0	1185
Ga0393485_01_4_846	CP000240.1:2210858-2212052|CDS|CYB_2117	90.780	846	72	2	1	843	352	1194	0.0	1171
Ga0393485_01_4_846	CP000240.1:2553363-2554557|CDS|CYB_2454	90.307	846	76	2	1	843	352	1194	0.0	1153
Ga0393485_01_4_846	CP000240.1:2830275-2831565|CDS|CYB_2735	88.671	865	57	2	1	841	376	1223	0.0	1147
Ga0393485_01_4_846	CP000240.1:1316312-1317548|CDS|CYB_1259	88.671	865	74	1	1	841	352	1216	0.0	1136
Ga0393485_01_4_846	CP000240.1:2661652-2662870|CDS|CYB_2557	88.581	867	75	1	1	843	352	1218	0.0	1135
Ga0393485_01_4_846	CP000239.1:629980-631174|CDS|CYA_0620	89.798	843	86	0	1	843	352	1194	0.0	1133
Ga0393485_01_4_846	CP000240.1:2619921-2621115|CDS|CYB_2521	89.810	844	84	2	1	843	352	1194	0.0	1128
Ga0393485_01_4_846	CP000240.1:1267756-1268992|CDS|CYB_1227	89.667	842	85	2	1	841	376	1216	0.0	1120
Ga0393485_01_4_846	CP000240.1:1244785-1246021|CDS|CYB_1201	89.417	841	89	0	1	841	376	1216	0.0	1116
Ga0393485_01_4_846	CP000240.1:2247371-2248565|CDS|CYB_2147	91.473	774	66	0	1	774	352	1125	0.0	1099
Ga0393485_01_4_846	CP000240.1:481588-482800|CDS|CYB_0472	88.836	842	92	2	1	841	352	1192	0.0	1088
Ga0393485_01_4_846	CP000240.1:629484-630702|CDS|CYB_0620	88.493	843	97	0	1	843	376	1218	0.0	1084
Ga0393485_01_4_846	CP000239.1:1594889-1596107|CDS|CYA_1585	90.445	764	73	0	11	774	362	1125	0.0	1049
Ga0393485_01_4_846	CP000240.1:2933473-2934709|CDS|CYB_2835	87.796	844	97	4	1	841	376	1216	0.0	1046
Ga0393485_01_4_846	CP000239.1:994256-995468|CDS|CYA_0981	86.611	844	107	2	1	841	352	1192	0.0	1010
Ga0393485_01_4_846	CP000240.1:241642-242836|CDS|CYB_0233	88.903	775	84	2	1	774	352	1125	0.0	1003
Ga0393485_01_4_846	CP000240.1:102811-104029|CDS|CYB_0087	88.630	774	88	0	1	774	376	1149	0.0	1000
Ga0393485_01_4_846	CP000240.1:605550-606744|CDS|CYB_0598	85.106	846	120	2	1	843	352	1194	0.0	955
Ga0393485_01_4_846	CP000240.1:1842322-1843549|CDS|CYB_1759	84.379	845	104	3	11	829	362	1204	0.0	941
Ga0393485_01_4_846	CP000239.1:698055-699204|CDS|CYA_0690	85.878	786	87	1	11	772	362	1147	0.0	935
Ga0393485_01_4_846	CP000239.1:893439-894633|CDS|CYA_0887	86.693	774	103	0	1	774	352	1125	0.0	932
Ga0393485_01_4_846	CP000240.1:1384265-1385459|CDS|CYB_1322	84.755	774	118	0	1	774	352	1125	0.0	865
Ga0393485_01_4_846	CP000240.1:345730-346924|CDS|CYB_0329	84.817	764	116	0	11	774	362	1125	0.0	856
Ga0393485_01_4_846	CP000240.1:1015074-1016268|CDS|CYB_0979	83.979	774	124	0	1	774	352	1125	0.0	838
Ga0393485_01_4_846	CP000240.1:2565689-2566883|CDS|CYB_2468	83.075	774	131	0	1	774	352	1125	0.0	806
Ga0393485_01_4_846	CP000240.1:2506708-2507857|CDS|CYB_2410	81.728	706	81	2	1	658	424	1129	0.0	727
Ga0393485_01_4_846	CP000240.1:2128026-2129220|CDS|CYB_2026	81.362	778	137	7	1	774	352	1125	0.0	726
Ga0393485_01_4_846	CP000240.1:2219258-2220470|CDS|CYB_2126	77.962	844	180	5	1	841	352	1192	0.0	667
Ga0393485_01_4_846	CP000239.1:693322-694534|CDS|CYA_0687	77.962	844	180	5	1	841	352	1192	0.0	667
Ga0393485_01_4_846	CP000240.1:1917270-1918464|CDS|CYB_1826	76.992	778	171	7	1	774	352	1125	1.35e-163	572
Ga0393485_01_4_846	CP000240.1:1763450-1764623|CDS|CYB_1688	76.735	778	173	7	1	774	352	1125	7.00e-161	563
Ga0393485_01_4_846	CP000239.1:88305-89487|CDS|CYA_0091	73.403	767	177	6	6	764	356	1103	6.14e-130	462
Ga0393485_01_865_1446	CP000240.1:3040801-3041383|CDS|CYB_2938	98.270	578	10	0	1	578	1	578	0.0	998
Ga0393485_01_865_1446	CP000240.1:3041564-3042146|CDS|CYB_2939	93.739	575	36	0	1	575	1	575	0.0	875
Ga0393485_01_865_1446	CP000239.1:2926368-2926956|CDS|CYA_2901	81.272	566	104	2	11	575	11	575	6.64e-153	536
Ga0393485_01_1632_2213	CP000240.1:3041564-3042146|CDS|CYB_2939	99.141	582	5	0	1	582	1	582	0.0	1028
Ga0393485_01_1632_2213	CP000240.1:3040801-3041383|CDS|CYB_2938	92.870	575	41	0	1	575	1	575	0.0	853
Ga0393485_01_1632_2213	CP000239.1:2926368-2926956|CDS|CYA_2901	83.831	569	90	2	11	578	11	578	1.56e-173	605
Ga0393485_01_2302_5868	CP000240.1:3042234-3045801|CDS|CYB_2940	97.589	3567	86	0	1	3567	1	3567	0.0	6046
Ga0393485_01_2302_5868	CP000239.1:2928365-2931908|CDS|CYA_2903	87.184	3558	432	1	1	3558	1	3534	0.0	4378
Ga0393485_01_5951_6331	CP000240.1:3045884-3046286|CDS|CYB_2941	98.615	361	5	0	1	361	1	361	0.0	629
Ga0393485_01_5951_6331	CP000239.1:2931983-2932364|CDS|CYA_2904	86.158	354	49	0	1	354	1	354	2.87e-117	418
Ga0393485_01_6791_8194	CP000240.1:63-1467|CDS|CYB_0001	97.863	1404	30	0	1	1404	1	1404	0.0	2397
Ga0393485_01_6791_8194	CP000239.1:70-1474|CDS|CYA_0001	87.607	1404	174	0	1	1404	1	1404	0.0	1748
Ga0393485_01_8313_9044	CP000240.1:1492-2317|CDS|CYB_0002	98.907	732	8	0	1	732	94	825	0.0	1285
Ga0393485_01_8313_9044	CP000239.1:1644-2334|CDS|CYA_0003	83.768	690	106	2	49	732	1	690	0.0	737
Ga0393485_01_9173_9832	CP000240.1:2442-3264|CDS|CYB_0003	97.121	660	19	0	1	660	163	822	0.0	1105
Ga0393485_01_9173_9832	CP000239.1:2330-3152|CDS|CYA_0002	83.587	658	108	0	1	658	163	820	0.0	700
Ga0393485_01_10102_12024	CP000240.1:3371-5294|CDS|CYB_0004	98.283	1922	33	0	1	1922	1	1922	0.0	3318
Ga0393485_01_10102_12024	CP000239.1:3255-5142|CDS|CYA_0004	87.911	1886	216	1	1	1886	1	1874	0.0	2380
Ga0393485_01_12161_13036	CP000240.1:5430-6306|CDS|CYB_0005	96.575	876	30	0	1	876	1	876	0.0	1445
Ga0393485_01_12161_13036	CP000239.1:5267-6143|CDS|CYA_0005	89.486	875	92	0	1	875	1	875	0.0	1164
Ga0393485_01_13341_13850	CP000240.1:6532-7120|CDS|CYB_0007	100.000	510	0	0	1	510	79	588	0.0	921
Ga0393485_01_13341_13850	CP000239.1:6353-7019|CDS|CYA_0007	85.098	510	70	1	1	510	163	666	1.89e-165	579
Ga0393485_01_13873_16398	CP000240.1:7142-9602|CDS|CYB_0008	97.276	2460	67	0	67	2526	1	2460	0.0	4135
Ga0393485_01_13873_16398	CP000239.1:7056-9606|CDS|CYA_0008	86.510	2550	320	2	1	2526	1	2550	0.0	3061
Ga0393485_01_16604_18007	CP000240.1:15044-16448|CDS|CYB_0014	93.900	1377	84	0	11	1387	11	1387	0.0	2105
Ga0393485_01_16604_18007	CP000239.1:9805-11209|CDS|CYA_0009	86.030	1403	194	2	1	1402	1	1402	0.0	1640
Ga0393485_01_19580_19867	CP000240.1:17326-17938|CDS|CYB_0015	94.035	285	17	0	1	285	307	591	2.28e-123	438
Ga0393485_01_20682_22067	CP000239.1:2541913-2543251|CDS|CYA_2523	95.064	1337	60	2	55	1385	1	1337	0.0	2111
Ga0393485_01_22127_23683	CP000240.1:19690-21247|CDS|CYB_0017	96.724	1557	51	0	1	1557	1	1557	0.0	2579
Ga0393485_02_491_1348	CP000240.1:367080-367986|CDS|CYB_0349	99.184	858	7	0	1	858	49	906	0.0	1517
Ga0393485_02_491_1348	CP000239.1:499315-500221|CDS|CYA_0481	88.112	858	102	0	1	858	49	906	0.0	1088
Ga0393485_02_1431_1820	CP000240.1:366609-366999|CDS|CYB_0348	97.423	388	10	0	1	388	1	388	0.0	655
Ga0393485_02_1431_1820	CP000239.1:500299-500689|CDS|CYA_0482	86.856	388	51	0	1	388	1	388	5.31e-133	471
Ga0393485_02_1842_2729	CP000240.1:365637-366588|CDS|CYB_0347	95.829	887	37	0	2	888	65	951	0.0	1434
Ga0393485_02_1842_2729	CP000239.1:500692-501478|CDS|CYA_0483	73.511	789	201	4	104	888	2	786	1.25e-132	471
Ga0393485_02_3185_3616	CP000240.1:364813-365245|CDS|CYB_0346	98.148	432	8	0	1	432	1	432	0.0	744
Ga0393485_02_3185_3616	CP000239.1:1723210-1723624|CDS|CYA_1716	83.333	378	63	0	2	379	2	379	3.07e-111	398
Ga0393485_02_3739_4413	CP000240.1:364016-364817|CDS|CYB_0345	97.926	675	14	0	1	675	127	801	0.0	1155
Ga0393485_02_3739_4413	CP000239.1:1722401-1723214|CDS|CYA_1715	74.107	672	156	6	2	667	128	787	5.23e-117	417
Ga0393485_02_4756_5124	CP000239.1:1721995-1722337|CDS|CYA_1714	76.803	319	74	0	50	368	23	341	1.26e-64	242
Ga0393485_02_5106_5606	CP000240.1:362823-363420|CDS|CYB_0344	98.603	501	7	0	1	501	97	597	0.0	873
Ga0393485_02_5106_5606	CP000239.1:1721508-1722021|CDS|CYA_1713	79.545	484	86	5	8	485	15	491	1.34e-116	416
Ga0393485_02_5603_6310	CP000240.1:362119-362827|CDS|CYB_0343	97.575	701	17	0	1	701	1	701	0.0	1188
Ga0393485_02_5603_6310	CP000239.1:1720789-1721488|CDS|CYA_1712	77.988	686	142	2	1	686	1	677	8.70e-159	556
Ga0393485_02_6562_7026	CP000240.1:361400-362072|CDS|CYB_0342	94.861	467	17	4	1	465	211	672	0.0	723
Ga0393485_02_6562_7026	CP000239.1:1720145-1720778|CDS|CYA_1711	75.599	459	82	4	1	456	193	624	1.16e-91	333
Ga0393485_02_7887_8348	CP000240.1:360078-361053|CDS|CYB_0341	97.403	462	12	0	1	462	514	975	0.0	780
Ga0393485_02_7887_8348	CP000239.1:1719051-1720002|CDS|CYA_1710	81.609	348	64	0	113	460	602	949	7.76e-94	340
Ga0393485_02_8419_9660	CP000240.1:358766-360056|CDS|CYB_0340	97.262	1242	34	0	1	1242	49	1290	0.0	2087
Ga0393485_02_8419_9660	CP000239.1:1717993-1719319|CDS|CYA_1709	88.363	1014	118	0	10	1023	313	1326	0.0	1297
Ga0393485_02_9684_10103	CP000239.1:1715834-1716260|CDS|CYA_1707	87.711	415	49	1	1	413	1	415	4.42e-147	517
Ga0393485_02_10354_11481	CP000240.1:356718-357846|CDS|CYB_0338	97.518	1128	28	0	1	1128	1	1128	0.0	1909
Ga0393485_02_10354_11481	CP000239.1:1005260-1006382|CDS|CYA_0992	86.642	1093	146	0	17	1109	11	1103	0.0	1314
Ga0393485_02_11506_12435	CP000240.1:355764-356694|CDS|CYB_0337	99.892	930	1	0	1	930	1	930	0.0	1673
Ga0393485_02_11506_12435	CP000239.1:1004331-1005240|CDS|CYA_0991	84.838	897	134	2	29	924	11	906	0.0	998
Ga0393485_02_12696_13817	CP000240.1:354382-355504|CDS|CYB_0336	99.020	1122	11	0	1	1122	1	1122	0.0	1975
Ga0393485_02_12696_13817	CP000239.1:1002933-1004052|CDS|CYA_0990	87.166	1122	141	1	1	1122	1	1119	0.0	1373
Ga0393485_02_13945_14253	CP000240.1:353346-354255|CDS|CYB_0335	99.676	309	1	0	1	309	601	909	4.43e-158	554
Ga0393485_02_13945_14253	CP000239.1:1001744-1002821|CDS|CYA_0989	85.667	300	41	2	1	299	769	1067	5.07e-94	341
Ga0393485_02_15206_16486	CP000240.1:351714-352995|CDS|CYB_0334	98.673	1281	17	0	1	1281	1	1281	0.0	2234
Ga0393485_02_15206_16486	CP000239.1:1000283-1001570|CDS|CYA_0986	93.939	1287	72	1	1	1281	1	1287	0.0	1971
Ga0393485_02_16589_17620	CP000240.1:350301-351342|CDS|CYB_0333	97.463	1025	26	0	1	1025	1	1025	0.0	1732
Ga0393485_02_16589_17620	CP000239.1:998870-999911|CDS|CYA_0985	96.878	1025	32	0	1	1025	1	1025	0.0	1705
Ga0393485_02_17729_18691	CP000239.1:997797-998757|CDS|CYA_0984	97.715	963	19	1	1	963	1	960	0.0	1636
Ga0393485_02_17729_18691	CP000240.1:349222-350188|CDS|CYB_0332	95.666	969	33	2	1	963	1	966	0.0	1558
Ga0393485_02_18816_19967	CP000240.1:347946-349098|CDS|CYB_0331	97.830	1152	25	0	1	1152	1	1152	0.0	1966
Ga0393485_02_18816_19967	CP000239.1:996508-997660|CDS|CYA_0983	97.049	1152	34	0	1	1152	1	1152	0.0	1925
Ga0393485_02_20335_20736	CP000240.1:346994-347858|CDS|CYB_0330	96.010	401	16	0	1	401	1	401	0.0	652
Ga0393485_02_20335_20736	CP000239.1:995538-996033|CDS|CYA_0982	98.738	317	4	0	85	401	1	317	1.68e-158	554
Ga0393485_02_21186_22589	CP000240.1:344053-345457|CDS|CYB_0327	98.575	1404	20	0	1	1404	1	1404	0.0	2443
Ga0393485_02_21186_22589	CP000239.1:294017-295421|CDS|CYA_0286	87.028	1403	182	0	1	1403	1	1403	0.0	1710
Ga0393485_03_959_4174	CP000240.1:222908-226157|CDS|CYB_0215	98.347	3206	53	0	1	3206	1	3206	0.0	5543
Ga0393485_03_959_4174	CP000239.1:1754922-1758147|CDS|CYA_1749	86.080	3204	446	0	1	3204	1	3204	0.0	3768
Ga0393485_03_4515_5570	CP000240.1:226513-227569|CDS|CYB_0216	97.538	1056	26	0	1	1056	1	1056	0.0	1788
Ga0393485_03_4515_5570	CP000239.1:1753540-1754599|CDS|CYA_1748	89.962	1046	105	0	1	1046	1	1046	0.0	1414
Ga0393485_03_4515_5570	CP000239.1:1850153-1851218|CDS|CYA_1849	73.266	995	251	8	58	1046	49	1034	1.70e-163	573
Ga0393485_03_4515_5570	CP000239.1:1814549-1815614|CDS|CYA_1811	73.266	995	251	8	58	1046	49	1034	1.70e-163	573
Ga0393485_03_4515_5570	CP000240.1:384572-385637|CDS|CYB_0371	73.613	955	243	5	58	1009	49	997	1.70e-163	572
Ga0393485_03_4515_5570	CP000239.1:1288197-1289262|CDS|CYA_1274	73.166	995	252	8	58	1046	49	1034	2.07e-162	569
Ga0393485_03_4515_5570	CP000240.1:443946-445011|CDS|CYB_0433	73.508	955	244	5	58	1009	49	997	7.24e-162	568
Ga0393485_03_5577_7427	CP000240.1:227575-229426|CDS|CYB_0217	98.487	1851	28	0	1	1851	1	1851	0.0	3213
Ga0393485_03_5577_7427	CP000239.1:1751515-1753342|CDS|CYA_1747	80.469	1833	305	7	13	1832	13	1805	0.0	1709
Ga0393485_03_7472_9007	CP000240.1:229470-231006|CDS|CYB_0218	98.503	1536	23	0	1	1536	1	1536	0.0	2667
Ga0393485_03_7472_9007	CP000239.1:1749935-1751471|CDS|CYA_1746	84.361	1541	231	8	1	1536	1	1536	0.0	1666
Ga0393485_03_9286_9528	CP000240.1:231284-231545|CDS|CYB_0220	99.588	243	1	0	1	243	19	261	2.30e-122	434
Ga0393485_03_9286_9528	CP000239.1:1749394-1749670|CDS|CYA_1744	85.135	222	33	0	1	222	22	243	1.56e-67	252
Ga0393485_03_10053_10592	CP000240.1:232120-232591|CDS|CYB_0221	98.938	471	5	0	70	540	1	471	0.0	828
Ga0393485_03_10053_10592	CP000239.1:1748696-1749167|CDS|CYA_1743	85.775	471	67	0	70	540	1	471	3.40e-156	548
Ga0393485_03_10807_11406	CP000240.1:232757-233405|CDS|CYB_0223	99.833	600	1	0	1	600	49	648	0.0	1078
Ga0393485_03_10807_11406	CP000239.1:473957-474605|CDS|CYA_0458	85.666	593	85	0	1	593	49	641	0.0	687
Ga0393485_03_11533_12342	CP000240.1:233531-234650|CDS|CYB_0224	97.407	810	21	0	1	810	310	1119	0.0	1367
Ga0393485_03_11533_12342	CP000239.1:474746-475817|CDS|CYA_0459	86.785	787	104	0	1	787	262	1048	0.0	951
Ga0393485_03_12780_13406	CP000240.1:234764-235391|CDS|CYB_0225	97.608	627	15	0	1	627	1	627	0.0	1064
Ga0393485_03_12780_13406	CP000239.1:476310-476940|CDS|CYA_0461	80.099	608	121	0	20	627	23	630	3.26e-157	552
Ga0393485_03_13440_14186	CP000240.1:235397-236291|CDS|CYB_0226	83.045	867	27	5	1	747	28	894	0.0	987
Ga0393485_03_13440_14186	CP000239.1:476946-477861|CDS|CYA_0462	85.991	671	94	0	76	746	244	914	0.0	787
Ga0393485_03_14295_15446	CP000240.1:236291-237551|CDS|CYB_0227	97.049	1152	34	0	1	1152	109	1260	0.0	1925
Ga0393485_03_14295_15446	CP000239.1:477861-479121|CDS|CYA_0463	83.800	1142	183	2	1	1141	109	1249	0.0	1219
Ga0393485_03_15493_16095	CP000240.1:237597-238200|CDS|CYB_0228	97.512	603	15	0	1	603	1	603	0.0	1021
Ga0393485_03_15493_16095	CP000239.1:479155-479752|CDS|CYA_0464	88.889	603	61	1	1	603	1	597	0.0	787
Ga0393485_04_2117_3559	CP000240.1:388292-389735|CDS|CYB_0373	98.060	1443	28	0	1	1443	1	1443	0.0	2477
Ga0393485_04_2117_3559	CP000239.1:1810514-1811885|CDS|CYA_1809	84.018	1339	214	0	1	1339	1	1339	0.0	1451
Ga0393485_04_3668_3952	CP000240.1:389843-390128|CDS|CYB_0374	98.596	285	4	0	1	285	1	285	2.74e-141	497
Ga0393485_04_3668_3952	CP000239.1:1810184-1810472|CDS|CYA_1808	84.561	285	44	0	1	285	1	285	5.30e-87	316
Ga0393485_04_3974_4738	CP000240.1:390214-390883|CDS|CYB_0375	94.661	693	13	1	73	765	1	669	0.0	1101
Ga0393485_04_4771_6912	CP000240.1:390960-393057|CDS|CYB_0376	98.569	2097	30	0	46	2142	1	2097	0.0	3647
Ga0393485_04_4771_6912	CP000239.1:1580612-1582763|CDS|CYA_1571	81.980	2081	341	8	2	2082	36	2082	0.0	2058
Ga0393485_04_7239_7577	CP000240.1:393662-394001|CDS|CYB_0377	98.820	339	4	0	1	339	1	339	1.60e-170	594
Ga0393485_04_7239_7577	CP000239.1:1583157-1583496|CDS|CYA_1572	80.597	335	65	0	1	335	1	335	2.72e-85	312
Ga0393485_04_7662_8003	CP000240.1:394085-394427|CDS|CYB_0378	98.521	338	5	0	1	338	1	338	2.40e-168	588
Ga0393485_04_7662_8003	CP000239.1:1583544-1583886|CDS|CYA_1573	85.044	341	51	0	1	341	1	341	1.52e-107	386
Ga0393485_04_8088_8738	CP000240.1:394511-395162|CDS|CYB_0379	98.310	651	11	0	1	651	1	651	0.0	1125
Ga0393485_04_8088_8738	CP000239.1:1583967-1584618|CDS|CYA_1574	86.520	638	86	0	1	638	1	638	0.0	764
Ga0393485_04_8977_9408	CP000240.1:395662-396133|CDS|CYB_0380	81.328	482	27	6	2	432	2	471	5.19e-140	494
Ga0393485_04_9513_11261	CP000240.1:396251-398000|CDS|CYB_0381	97.027	1749	52	0	1	1749	1	1749	0.0	2920
Ga0393485_04_9513_11261	CP000239.1:1585246-1586977|CDS|CYA_1576	89.039	1697	186	0	51	1747	33	1729	0.0	2223
Ga0393485_04_11377_13143	CP000240.1:398115-399882|CDS|CYB_0382	96.661	1767	59	0	1	1767	1	1767	0.0	2921
Ga0393485_04_11377_13143	CP000239.1:1587091-1588858|CDS|CYA_1577	95.293	1721	81	0	1	1721	1	1721	0.0	2739
Ga0393485_04_13415_13846	CP000239.1:1589129-1589561|CDS|CYA_1579	99.767	430	1	0	1	430	1	430	0.0	772
Ga0393485_04_13415_13846	CP000240.1:400346-400778|CDS|CYB_0385	99.302	430	3	0	1	430	1	430	0.0	763
Ga0393485_04_13843_14022	CP000240.1:400774-401392|CDS|CYB_0386	98.824	170	2	0	11	180	449	618	8.53e-82	298
Ga0393485_04_14187_15143	CP000240.1:402138-403095|CDS|CYB_0388	98.433	957	15	0	1	957	1	957	0.0	1659
Ga0393485_04_14187_15143	CP000239.1:1589901-1590858|CDS|CYA_1581	96.343	957	35	0	1	957	1	957	0.0	1569
Ga0393485_05_2462_3955	CP000240.1:2809890-2811441|CDS|CYB_2718	99.665	1494	5	0	1	1494	58	1551	0.0	2672
Ga0393485_05_2462_3955	CP000239.1:2037845-2039396|CDS|CYA_2021	90.128	1489	147	0	1	1489	58	1546	0.0	2023
Ga0393485_05_4045_5238	CP000240.1:2811528-2812671|CDS|CYB_2719	95.287	1167	31	1	28	1194	1	1143	0.0	1874
Ga0393485_05_4045_5238	CP000239.1:2039457-2040600|CDS|CYA_2022	82.472	1141	174	3	28	1167	1	1116	0.0	1167
Ga0393485_05_5378_6070	CP000240.1:2812837-2813530|CDS|CYB_2721	97.980	693	14	0	1	693	1	693	0.0	1187
Ga0393485_05_5378_6070	CP000239.1:2040703-2041396|CDS|CYA_2023	79.066	664	135	2	1	662	1	662	1.64e-161	566
Ga0393485_05_6120_7586	CP000240.1:2813526-2814921|CDS|CYB_2722	99.851	1342	1	1	127	1467	1	1342	0.0	2408
Ga0393485_05_7609_8298	CP000240.1:2815069-2815759|CDS|CYB_2723	99.565	690	3	0	1	690	1	690	0.0	1232
Ga0393485_05_7609_8298	CP000239.1:2043230-2043920|CDS|CYA_2027	89.244	688	74	0	1	688	1	688	0.0	908
Ga0393485_05_8391_8774	CP000240.1:2815851-2816235|CDS|CYB_2724	99.479	384	2	0	1	384	1	384	0.0	684
Ga0393485_05_8391_8774	CP000239.1:2043998-2044391|CDS|CYA_2028	82.456	342	60	0	43	384	52	393	4.30e-96	347
Ga0393485_05_9071_9730	CP000240.1:2816531-2817419|CDS|CYB_2725	100.000	660	0	0	1	660	229	888	0.0	1191
Ga0393485_05_9071_9730	CP000239.1:2044445-2045318|CDS|CYA_2029	88.450	658	76	0	1	658	205	862	0.0	845
Ga0393485_05_9991_10182	CP000240.1:2817451-2818783|CDS|CYB_2726	100.000	192	0	0	1	192	1141	1332	2.02e-96	347
Ga0393485_05_9991_10182	CP000239.1:2045347-2046667|CDS|CYA_2030	83.854	192	31	0	1	192	1129	1320	4.46e-54	207
Ga0393485_05_11357_13783	CP000240.1:2818829-2821259|CDS|CYB_2727	95.695	2439	84	5	1	2427	1	2430	0.0	3922
Ga0393485_05_11357_13783	CP000239.1:2046707-2049128|CDS|CYA_2031	88.752	2427	267	1	1	2427	1	2421	0.0	3148
Ga0393485_05_13849_14682	CP000240.1:2821323-2822157|CDS|CYB_2728	98.321	834	14	0	1	834	1	834	0.0	1442
Ga0393485_05_13849_14682	CP000239.1:2049165-2050011|CDS|CYA_2032	85.115	786	117	0	9	794	15	800	0.0	891
Ga0393485_05_14679_15092	CP000240.1:2822153-2823197|CDS|CYB_2729	99.275	414	3	0	1	414	631	1044	0.0	734
Ga0393485_05_14679_15092	CP000239.1:2050007-2051051|CDS|CYA_2033	85.024	414	62	0	1	414	631	1044	1.98e-132	468
Ga0393485_06_16_363	CP000240.1:1896358-1898188|CDS|CYB_1812	100.000	348	0	0	1	348	1483	1830	0.0	628
Ga0393485_06_16_363	CP000239.1:1602097-1603957|CDS|CYA_1593	84.150	347	55	0	2	348	1514	1860	2.29e-105	379
Ga0393485_06_376_1884	CP000240.1:1894837-1896346|CDS|CYB_1811	97.018	1509	45	0	1	1509	1	1509	0.0	2519
Ga0393485_06_376_1884	CP000239.1:1603970-1605488|CDS|CYA_1594	83.884	1452	222	4	1	1446	1	1446	0.0	1557
Ga0393485_06_1921_3102	CP000240.1:1893619-1894801|CDS|CYB_1810	99.831	1182	2	0	1	1182	1	1182	0.0	2123
Ga0393485_06_1921_3102	CP000239.1:1605541-1606801|CDS|CYA_1595	87.061	1167	151	0	1	1167	1	1167	0.0	1425
Ga0393485_06_3291_4454	CP000240.1:1892267-1893431|CDS|CYB_1808	97.595	1164	28	0	1	1164	1	1164	0.0	1974
Ga0393485_06_3291_4454	CP000239.1:1607175-1608336|CDS|CYA_1597	86.012	1151	161	0	1	1151	1	1151	0.0	1351
Ga0393485_06_4691_5221	CP000240.1:1891500-1892169|CDS|CYB_1807	96.987	531	16	0	1	531	139	669	0.0	886
Ga0393485_06_4691_5221	CP000239.1:1608478-1609147|CDS|CYA_1598	84.630	527	81	0	1	527	139	665	1.33e-167	586
Ga0393485_06_5251_6234	CP000240.1:1890421-1891471|CDS|CYB_1806	98.272	984	17	0	1	984	67	1050	0.0	1699
Ga0393485_06_5251_6234	CP000239.1:1609165-1610215|CDS|CYA_1599	87.093	984	127	0	1	984	67	1050	0.0	1203
Ga0393485_06_6389_6601	CP000240.1:1890120-1890333|CDS|CYB_1805	94.836	213	11	0	1	213	1	213	1.43e-92	335
Ga0393485_06_6389_6601	CP000239.1:1610303-1610516|CDS|CYA_1600	78.873	213	45	0	1	213	1	213	2.00e-46	182
Ga0393485_06_6638_6868	CP000240.1:1889853-1890084|CDS|CYB_1804	98.701	231	3	0	1	231	1	231	3.69e-113	404
Ga0393485_06_6638_6868	CP000239.1:1610555-1610786|CDS|CYA_1601	85.586	222	32	0	1	222	1	222	3.46e-69	257
Ga0393485_06_7053_7463	CP000240.1:1889259-1889670|CDS|CYB_1803	95.134	411	20	0	1	411	1	411	0.0	652
Ga0393485_06_7053_7463	CP000239.1:1610937-1611348|CDS|CYA_1602	83.000	400	68	0	11	410	11	410	1.09e-116	416
Ga0393485_06_9057_9461	CP000240.1:1887576-1887981|CDS|CYB_1801	97.772	404	9	0	1	404	1	404	0.0	689
Ga0393485_06_9057_9461	CP000239.1:1614026-1614413|CDS|CYA_1606	76.413	407	72	3	1	404	1	386	1.14e-84	310
Ga0393485_06_9591_9809	CP000240.1:1887227-1887446|CDS|CYB_1800	100.000	219	0	0	1	219	1	219	5.16e-111	396
Ga0393485_06_9591_9809	CP000239.1:1614467-1614686|CDS|CYA_1607	87.671	219	27	0	1	219	1	219	4.24e-74	274
Ga0393485_06_9867_10694	CP000240.1:1886342-1887170|CDS|CYB_1799	97.464	828	21	0	1	828	1	828	0.0	1399
Ga0393485_06_9867_10694	CP000239.1:1614728-1615568|CDS|CYA_1608	80.877	821	145	1	1	809	1	821	0.0	780
Ga0393485_06_10702_11424	CP000240.1:1885609-1886335|CDS|CYB_1798	95.989	723	29	0	1	723	1	723	0.0	1174
Ga0393485_06_10702_11424	CP000239.1:1615589-1616315|CDS|CYA_1609	83.264	723	121	0	1	723	1	723	0.0	759
Ga0393485_06_11954_12244	CP000240.1:1884495-1884804|CDS|CYB_1797	98.282	291	5	0	1	291	19	309	6.59e-143	503
Ga0393485_06_11954_12244	CP000239.1:1616846-1617155|CDS|CYA_1611	88.621	290	33	0	1	290	19	308	2.30e-104	375
Ga0393485_06_11954_12244	CP000240.1:1884082-1884424|CDS|CYB_1796	86.667	285	38	0	1	285	19	303	3.90e-95	343
Ga0393485_06_11954_12244	CP000239.1:1617246-1617588|CDS|CYA_1612	82.807	285	49	0	1	285	19	303	6.19e-80	294
Ga0393485_06_12334_12657	CP000240.1:1884082-1884424|CDS|CYB_1796	98.765	324	4	0	1	324	19	342	2.12e-162	567
Ga0393485_06_12334_12657	CP000239.1:1617246-1617588|CDS|CYA_1612	92.236	322	25	0	1	322	19	340	1.53e-132	469
Ga0393485_06_12334_12657	CP000240.1:1884495-1884804|CDS|CYB_1797	86.667	285	38	0	1	285	19	303	4.38e-95	343
Ga0393485_06_12334_12657	CP000239.1:1616846-1617155|CDS|CYA_1611	82.394	284	50	0	1	284	19	302	2.96e-78	288
Ga0393485_06_12657_12956	CP000240.1:1883783-1884083|CDS|CYB_1795	98.667	300	4	0	1	300	1	300	2.08e-149	524
Ga0393485_06_12657_12956	CP000239.1:1617588-1617888|CDS|CYA_1613	89.000	300	33	0	1	300	1	300	8.88e-110	393
Ga0393485_08_330_860	CP000240.1:539420-539978|CDS|CYB_0524	99.058	531	5	0	1	531	28	558	0.0	936
Ga0393485_08_330_860	CP000239.1:2156948-2157506|CDS|CYA_2144	94.084	524	31	0	1	524	28	551	0.0	806
Ga0393485_08_1184_1450	CP000239.1:2156385-2156652|CDS|CYA_2143	100.000	267	0	0	1	267	1	267	5.62e-137	482
Ga0393485_08_1184_1450	CP000240.1:540237-540549|CDS|CYB_0525	86.139	202	28	0	3	204	45	246	1.09e-63	239
Ga0393485_08_1460_2872	CP000240.1:540590-541976|CDS|CYB_0526	98.052	1386	27	0	28	1413	1	1386	0.0	2379
Ga0393485_08_1460_2872	CP000239.1:2154963-2156349|CDS|CYA_2142	90.058	1378	137	0	28	1405	1	1378	0.0	1868
Ga0393485_08_2913_3653	CP000240.1:542016-542757|CDS|CYB_0527	99.730	741	2	0	1	741	1	741	0.0	1328
Ga0393485_08_3730_5121	CP000240.1:542836-544225|CDS|CYB_0528	99.352	1389	9	0	4	1392	1	1389	0.0	2465
Ga0393485_08_3730_5121	CP000239.1:2153497-2154880|CDS|CYA_2141	87.352	1352	171	0	4	1355	1	1352	0.0	1668
Ga0393485_08_5191_5631	CP000240.1:544294-544735|CDS|CYB_0529	99.546	441	2	0	1	441	1	441	0.0	787
Ga0393485_08_5743_6933	CP000240.1:544792-546037|CDS|CYB_0530	99.160	1191	10	0	1	1191	55	1245	0.0	2104
Ga0393485_08_5743_6933	CP000239.1:782540-783770|CDS|CYA_0777	75.194	1157	270	4	10	1153	64	1216	0.0	791
Ga0393485_08_5743_6933	CP000239.1:1966854-1968081|CDS|CYA_1956	74.869	1142	270	4	10	1138	64	1201	0.0	764
Ga0393485_08_7336_7797	CP000240.1:546439-546901|CDS|CYB_0532	95.022	462	23	0	1	462	1	462	0.0	730
Ga0393485_08_7336_7797	CP000239.1:2153019-2153475|CDS|CYA_2140	80.952	462	82	1	1	462	1	456	3.76e-123	438
Ga0393485_08_7971_9077	CP000240.1:547074-547995|CDS|CYB_0533	97.611	921	22	0	187	1107	1	921	0.0	1563
Ga0393485_08_7971_9077	CP000239.1:2151942-2152863|CDS|CYA_2138	89.468	921	97	0	187	1107	1	921	0.0	1224
Ga0393485_08_9674_10504	CP000240.1:548801-549620|CDS|CYB_0534	96.581	819	28	0	13	831	1	819	0.0	1352
Ga0393485_08_9674_10504	CP000239.1:2150920-2151715|CDS|CYA_2137	86.140	772	107	0	60	831	24	795	0.0	911
Ga0393485_08_10508_11968	CP000240.1:549635-551156|CDS|CYB_0535	97.194	1461	41	0	1	1461	61	1521	0.0	2451
Ga0393485_08_10508_11968	CP000239.1:2149405-2150902|CDS|CYA_2136	84.742	1455	198	2	1	1455	61	1491	0.0	1636
Ga0393485_09_20_676	CP000240.1:1071392-1072049|CDS|CYB_1028	98.174	657	12	0	1	657	1	657	0.0	1131
Ga0393485_09_20_676	CP000239.1:2592634-2593231|CDS|CYA_2568	79.564	597	98	1	1	597	1	573	5.08e-155	545
Ga0393485_09_1387_2454	CP000240.1:1069917-1070976|CDS|CYB_1027	99.056	1059	10	0	10	1068	1	1059	0.0	1865
Ga0393485_09_1387_2454	CP000239.1:2593698-2594769|CDS|CYA_2570	83.896	1037	167	0	10	1046	1	1037	0.0	1118
Ga0393485_09_2482_4284	CP000240.1:1068087-1069890|CDS|CYB_1026	97.726	1803	41	0	1	1803	1	1803	0.0	3067
Ga0393485_09_2482_4284	CP000239.1:1713943-1715746|CDS|CYA_1706	85.356	1796	260	1	1	1796	1	1793	0.0	2052
Ga0393485_09_4411_4785	CP000240.1:1067555-1067930|CDS|CYB_1025	99.465	374	2	0	1	374	1	374	0.0	666
Ga0393485_09_4411_4785	CP000239.1:1713323-1713767|CDS|CYA_1705	85.753	365	52	0	1	365	1	365	1.90e-119	425
Ga0393485_09_5095_5820	CP000240.1:1066520-1067435|CDS|CYB_1024	97.658	726	17	0	1	726	190	915	0.0	1233
Ga0393485_09_5095_5820	CP000239.1:1712347-1713088|CDS|CYA_1704	79.136	671	136	2	1	669	58	726	3.33e-164	574
Ga0393485_09_6636_9419	CP000240.1:1061683-1064512|CDS|CYB_1022	98.886	2784	31	0	1	2784	46	2829	0.0	4882
Ga0393485_09_6636_9419	CP000239.1:1709017-1711828|CDS|CYA_1703	86.057	2790	359	5	1	2784	46	2811	0.0	3283
Ga0393485_09_9518_10822	CP000240.1:1060248-1061595|CDS|CYB_1021	95.172	1305	39	1	1	1305	67	1347	0.0	2087
Ga0393485_09_9518_10822	CP000239.1:1666619-1667954|CDS|CYA_1664	78.183	1288	241	11	1	1274	55	1316	0.0	1043
Ga0393485_09_10891_11553	CP000240.1:1058902-1060246|CDS|CYB_1020	97.587	663	16	0	1	663	682	1344	0.0	1124
Ga0393485_09_10891_11553	CP000239.1:1665243-1666608|CDS|CYA_1663	83.994	656	105	0	1	656	703	1358	0.0	710
Ga0393485_10_124_366	CP000240.1:2945346-2945703|CDS|CYB_2849	100.000	243	0	0	1	243	115	357	5.41e-124	439
Ga0393485_10_124_366	CP000239.1:2831329-2831686|CDS|CYA_2812	90.871	241	22	0	1	241	115	355	4.75e-93	336
Ga0393485_10_621_821	CP000240.1:2945012-2945213|CDS|CYB_2848	99.502	201	1	0	1	201	1	201	1.18e-99	359
Ga0393485_10_621_821	CP000239.1:2831006-2831207|CDS|CYA_2811	88.557	201	23	0	1	201	1	201	8.48e-70	260
Ga0393485_10_949_2004	CP000240.1:2943651-2944884|CDS|CYB_2847	98.295	1056	18	0	1	1056	178	1233	0.0	1824
Ga0393485_10_949_2004	CP000239.1:2829693-2830884|CDS|CYA_2810	85.728	1037	148	0	1	1037	136	1172	0.0	1204
Ga0393485_10_2254_3765	CP000240.1:2942058-2943564|CDS|CYB_2846	99.270	1506	11	0	7	1512	1	1506	0.0	2667
Ga0393485_10_2254_3765	CP000239.1:2828097-2829564|CDS|CYA_2808	89.315	1460	156	0	49	1508	4	1463	0.0	1930
Ga0393485_10_3827_5713	CP000240.1:2940110-2941997|CDS|CYB_2845	99.682	1887	6	0	1	1887	1	1887	0.0	3377
Ga0393485_10_3827_5713	CP000239.1:2826211-2828101|CDS|CYA_2809	86.039	1891	245	6	2	1881	2	1884	0.0	2211
Ga0393485_10_6116_6805	CP000240.1:2939366-2939987|CDS|CYB_2844	99.834	601	1	0	90	690	21	621	0.0	1080
Ga0393485_10_6841_7413	CP000240.1:2938413-2938983|CDS|CYB_2841	99.825	570	1	0	4	573	1	570	0.0	1024
Ga0393485_10_6841_7413	CP000239.1:2825524-2826088|CDS|CYA_2807	85.740	561	80	0	4	564	1	561	0.0	652
Ga0393485_10_8465_8761	CP000240.1:2937062-2937359|CDS|CYB_2839	99.663	297	1	0	1	297	1	297	1.39e-151	532
Ga0393485_10_8465_8761	CP000239.1:873306-873600|CDS|CYA_0867	86.195	297	38	1	1	297	1	294	9.38e-97	350
Ga0393485_10_8976_9218	CP000240.1:2936605-2936848|CDS|CYB_2838	100.000	243	0	0	1	243	1	243	5.41e-124	439
Ga0393485_10_8976_9218	CP000239.1:873813-874056|CDS|CYA_0868	87.243	243	31	0	1	243	1	243	1.19e-81	299
Ga0393485_10_9362_10378	CP000240.1:2935445-2936459|CDS|CYB_2837	99.310	1014	7	0	4	1017	1	1014	0.0	1798
Ga0393485_10_9362_10378	CP000239.1:874177-875191|CDS|CYA_0869	86.026	1009	141	0	4	1012	1	1009	0.0	1185
Ga0393485_10_10496_11113	CP000240.1:2934710-2935394|CDS|CYB_2836	99.674	614	2	0	1	614	67	680	0.0	1099
Ga0393485_10_10496_11113	CP000239.1:875222-875918|CDS|CYA_0870	80.880	591	111	2	1	590	79	668	1.12e-156	550
Ga0393485_11_2151_2582	CP000239.1:2705995-2706538|CDS|CYA_2690	97.454	432	11	0	1	432	112	543	0.0	730
Ga0393485_11_2151_2582	CP000240.1:1458253-1458796|CDS|CYB_1386	96.991	432	13	0	1	432	112	543	0.0	721
Ga0393485_11_3293_3757	CP000240.1:1457259-1457724|CDS|CYB_1385	97.849	465	10	0	1	465	1	465	0.0	794
Ga0393485_11_3293_3757	CP000239.1:2704984-2705455|CDS|CYA_2689	83.036	448	73	1	18	465	27	471	2.72e-131	464
Ga0393485_11_3876_5087	CP000240.1:1455929-1457141|CDS|CYB_1384	99.505	1211	6	0	1	1211	1	1211	0.0	2158
Ga0393485_11_3876_5087	CP000239.1:2703598-2704810|CDS|CYA_2688	80.763	1206	230	2	7	1211	7	1211	0.0	1122
Ga0393485_11_5321_6901	CP000240.1:1454115-1455696|CDS|CYB_1383	99.304	1581	11	0	1	1581	1	1581	0.0	2802
Ga0393485_11_5321_6901	CP000239.1:1364667-1366251|CDS|CYA_1354	88.228	1580	183	1	1	1577	1	1580	0.0	2010
Ga0393485_11_6963_8279	CP000240.1:1452737-1454039|CDS|CYB_1382	98.003	1302	26	0	16	1317	1	1302	0.0	2232
Ga0393485_11_6963_8279	CP000239.1:1363310-1364600|CDS|CYA_1353	79.735	1283	258	2	36	1317	9	1290	0.0	1135
Ga0393485_12_2304_3446	CP000240.1:603174-604356|CDS|CYB_0596	99.738	1143	3	0	1	1143	40	1182	0.0	2049
Ga0393485_12_2304_3446	CP000239.1:887771-888923|CDS|CYA_0883	94.908	1139	58	0	5	1143	14	1152	0.0	1793
Ga0393485_12_5082_6503	CP000240.1:606715-608173|CDS|CYB_0597	95.807	1407	59	0	1	1407	1	1407	0.0	2272
Ga0393485_12_6669_7637	CP000240.1:608338-609307|CDS|CYB_0599	100.000	969	0	0	1	969	1	969	0.0	1748
Ga0393485_12_6669_7637	CP000239.1:896417-897338|CDS|CYA_0890	93.832	843	52	0	127	969	79	921	0.0	1287
Ga0393485_12_7654_8532	CP000240.1:609410-610202|CDS|CYB_0600	99.874	792	1	0	88	879	1	792	0.0	1425
Ga0393485_12_8608_9495	CP000240.1:610277-611165|CDS|CYB_0601	99.775	888	2	0	1	888	1	888	0.0	1593
Ga0393485_12_8608_9495	CP000239.1:897553-898417|CDS|CYA_0891	89.302	888	71	1	1	888	1	864	0.0	1191
Ga0393485_12_9567_10628	CP000240.1:611236-613234|CDS|CYB_0602	98.211	1062	19	0	1	1062	937	1998	0.0	1830
Ga0393485_12_9567_10628	CP000239.1:898479-900489|CDS|CYA_0892	93.497	1061	69	0	2	1062	950	2010	0.0	1603
Ga0393485_13_57_1856	CP000240.1:1479695-1481996|CDS|CYB_1412	96.778	1800	58	0	1	1800	502	2301	0.0	2985
Ga0393485_13_57_1856	CP000239.1:2200784-2203076|CDS|CYA_2183	79.143	1798	356	10	1	1793	499	2282	0.0	1525
Ga0393485_13_2117_3727	CP000240.1:1482256-1483867|CDS|CYB_1414	98.200	1611	29	0	1	1611	1	1611	0.0	2775
Ga0393485_13_2117_3727	CP000239.1:2764602-2766219|CDS|CYA_2744	80.854	1546	272	8	68	1610	68	1592	0.0	1440
Ga0393485_13_3959_4495	CP000240.1:1484098-1484635|CDS|CYB_1415	99.628	537	2	0	1	537	1	537	0.0	960
Ga0393485_13_3959_4495	CP000239.1:505953-506490|CDS|CYA_0488	87.747	506	62	0	1	506	1	506	0.0	634
Ga0393485_13_4505_5440	CP000240.1:1484644-1485580|CDS|CYB_1416	99.573	936	4	0	1	936	1	936	0.0	1671
Ga0393485_13_4505_5440	CP000239.1:506499-507435|CDS|CYA_0489	87.073	936	121	0	1	936	1	936	0.0	1143
Ga0393485_13_5537_6064	CP000240.1:1485676-1486204|CDS|CYB_1417	96.780	528	17	0	1	528	1	528	0.0	876
Ga0393485_13_5537_6064	CP000239.1:1545457-1545988|CDS|CYA_1535	86.417	508	69	0	6	513	6	513	1.41e-173	606
Ga0393485_13_6219_7484	CP000240.1:1486358-1487624|CDS|CYB_1419	99.842	1266	2	0	1	1266	1	1266	0.0	2275
Ga0393485_13_6219_7484	CP000239.1:1546078-1547335|CDS|CYA_1537	85.774	1202	169	2	36	1236	30	1230	0.0	1390
Ga0393485_13_7481_7897	CP000240.1:1487620-1488043|CDS|CYB_1418	89.362	423	39	1	1	417	1	423	1.17e-160	562
Ga0393485_13_7481_7897	CP000239.1:1547331-1547745|CDS|CYA_1536	79.097	421	77	3	1	417	1	414	7.43e-100	360
Ga0393485_13_8069_8896	CP000240.1:1488217-1489042|CDS|CYB_1420	98.545	825	12	0	4	828	1	825	0.0	1434
Ga0393485_13_8069_8896	CP000239.1:1547899-1548724|CDS|CYA_1538	85.455	825	120	0	4	828	1	825	0.0	948
Ga0393485_13_9335_10057	CP000240.1:1489480-1490731|CDS|CYB_1421	99.723	723	2	0	1	723	529	1251	0.0	1296
Ga0393485_13_9335_10057	CP000239.1:2471112-2472348|CDS|CYA_2460	88.000	700	84	0	1	700	529	1228	0.0	884
Ga0393485_14_137_1219	CP000240.1:1656498-1657581|CDS|CYB_1586	98.800	1083	13	0	1	1083	1	1083	0.0	1895
Ga0393485_14_137_1219	CP000239.1:1452528-1453614|CDS|CYA_1445	89.391	1084	112	1	1	1081	1	1084	0.0	1435
Ga0393485_14_1322_3946	CP000240.1:1657683-1660308|CDS|CYB_1587	97.448	2625	67	0	1	2625	1	2625	0.0	4433
Ga0393485_14_1322_3946	CP000239.1:1449820-1452454|CDS|CYA_1444	88.242	2594	305	0	1	2594	1	2594	0.0	3304
Ga0393485_14_4014_4325	CP000240.1:1660375-1660687|CDS|CYB_1588	99.359	312	2	0	1	312	1	312	1.28e-158	554
Ga0393485_14_4014_4325	CP000239.1:1449433-1449745|CDS|CYA_1443	95.848	289	12	0	24	312	24	312	1.47e-132	468
Ga0393485_14_4501_4941	CP000240.1:1660865-1661306|CDS|CYB_1589	97.052	441	13	0	1	441	1	441	0.0	737
Ga0393485_14_4501_4941	CP000239.1:1448814-1449255|CDS|CYA_1442	96.128	439	17	0	1	439	1	439	0.0	716
Ga0393485_14_5222_6343	CP000239.1:1447463-1448585|CDS|CYA_1441	94.742	1122	59	0	1	1122	1	1122	0.0	1758
Ga0393485_14_5222_6343	CP000240.1:1661585-1662707|CDS|CYB_1590	94.385	1122	63	0	1	1122	1	1122	0.0	1740
Ga0393485_14_6396_7667	CP000240.1:1664147-1665416|CDS|CYB_1592	78.045	1248	263	3	28	1271	28	1268	0.0	1012
Ga0393485_14_6396_7667	CP000239.1:1443424-1444693|CDS|CYA_1437	77.564	1248	269	5	28	1271	28	1268	0.0	976
Ga0393485_15_555_989	CP000240.1:212011-212446|CDS|CYB_0200	99.310	435	3	0	1	435	1	435	0.0	772
Ga0393485_15_555_989	CP000239.1:781897-782347|CDS|CYA_0776	85.315	429	51	2	1	417	1	429	1.83e-139	492
Ga0393485_15_1166_1396	CP000240.1:212622-212853|CDS|CYB_0201	99.134	231	2	0	1	231	1	231	8.67e-115	408
Ga0393485_15_1166_1396	CP000239.1:783952-784174|CDS|CYA_0778	84.574	188	29	0	1	188	1	188	1.57e-54	209
Ga0393485_15_1521_2984	CP000240.1:212975-214439|CDS|CYB_0202	98.087	1464	28	0	1	1464	1	1464	0.0	2515
Ga0393485_15_1521_2984	CP000239.1:784261-785701|CDS|CYA_0780	84.448	1421	219	2	1	1420	1	1420	0.0	1560
Ga0393485_15_4124_5368	CP000240.1:216391-217609|CDS|CYB_0206	98.768	1218	15	0	28	1245	1	1218	0.0	2130
Ga0393485_15_5718_6080	CP000240.1:218004-218367|CDS|CYB_0207	98.623	363	5	0	1	363	1	363	0.0	633
Ga0393485_15_5718_6080	CP000239.1:1762155-1762494|CDS|CYA_1756	86.174	311	43	0	19	329	19	329	4.32e-102	368
Ga0393485_15_6073_7533	CP000240.1:218359-219832|CDS|CYB_0208	96.741	1473	36	1	1	1461	1	1473	0.0	2447
Ga0393485_15_6073_7533	CP000239.1:1760672-1762163|CDS|CYA_1755	82.409	1478	240	4	3	1461	15	1491	0.0	1494
Ga0393485_15_7517_7921	CP000240.1:219833-220220|CDS|CYB_0209	100.000	387	0	0	19	405	1	387	0.0	699
Ga0393485_15_7517_7921	CP000239.1:1760284-1760671|CDS|CYA_1754	85.146	377	56	0	29	405	11	387	1.69e-120	428
Ga0393485_15_7918_8169	CP000240.1:220216-220468|CDS|CYB_0210	100.000	252	0	0	1	252	1	252	7.33e-129	455
Ga0393485_15_7918_8169	CP000239.1:1760036-1760288|CDS|CYA_1753	86.853	251	33	0	1	251	1	251	2.92e-83	305
Ga0393485_15_8189_8470	CP000240.1:220487-220769|CDS|CYB_0211	97.518	282	7	0	1	282	1	282	2.54e-135	478
Ga0393485_15_8189_8470	CP000239.1:1759743-1760025|CDS|CYA_1752	90.071	282	28	0	1	282	1	282	4.30e-107	383
Ga0393485_15_8480_9001	CP000240.1:220778-221300|CDS|CYB_0212	97.893	522	11	0	1	522	1	522	0.0	893
Ga0393485_15_8480_9001	CP000239.1:1759212-1759734|CDS|CYA_1751	85.265	509	75	0	1	509	1	509	5.55e-166	581
Ga0393485_16_1_1539	CP000240.1:791708-793724|CDS|CYB_0770	97.398	1537	40	0	1	1537	478	2014	0.0	2592
Ga0393485_16_1_1539	CP000239.1:567086-569000|CDS|CYA_0554	88.564	1539	172	2	1	1537	376	1912	0.0	1977
Ga0393485_16_1605_1973	CP000240.1:791274-791643|CDS|CYB_0768	92.954	369	26	0	1	369	1	369	6.51e-157	549
Ga0393485_16_1605_1973	CP000239.1:566653-567022|CDS|CYA_0552	88.949	371	37	2	1	369	1	369	9.67e-136	480
Ga0393485_16_1970_3052	CP000240.1:790195-791278|CDS|CYB_0769	97.784	1083	24	0	1	1083	1	1083	0.0	1846
Ga0393485_16_1970_3052	CP000239.1:565574-566657|CDS|CYA_0553	88.550	1083	124	0	1	1083	1	1083	0.0	1395
Ga0393485_16_3582_4076	CP000240.1:789171-789684|CDS|CYB_0766	99.596	495	2	0	1	495	19	513	0.0	884
Ga0393485_16_3582_4076	CP000239.1:562721-563216|CDS|CYA_0548	86.089	496	67	2	1	495	1	495	6.39e-165	577
Ga0393485_16_4532_5383	CP000240.1:652536-653388|CDS|CYB_0642	98.239	852	15	0	1	852	1	852	0.0	1470
Ga0393485_16_4532_5383	CP000239.1:1957238-1958108|CDS|CYA_1945	82.109	844	151	0	1	844	1	844	0.0	842
Ga0393485_16_5474_6562	CP000240.1:653483-654602|CDS|CYB_0643	99.816	1089	2	0	1	1089	31	1119	0.0	1956
Ga0393485_16_6677_7042	CP000240.1:654686-655052|CDS|CYB_0644	98.361	366	6	0	1	366	1	366	0.0	634
Ga0393485_16_6677_7042	CP000239.1:2088581-2088947|CDS|CYA_2069	86.066	366	51	0	1	366	1	366	4.36e-121	431
Ga0393485_16_7123_7548	CP000240.1:655132-655558|CDS|CYB_0645	99.765	426	1	0	1	426	1	426	0.0	765
Ga0393485_16_7123_7548	CP000239.1:2089021-2089474|CDS|CYA_2070	77.704	453	74	3	1	426	1	453	1.21e-103	373
Ga0393485_17_407_1195	CP000240.1:1082301-1083090|CDS|CYB_1041	98.986	789	8	0	1	789	1	789	0.0	1388
Ga0393485_17_407_1195	CP000239.1:937911-938700|CDS|CYA_0928	86.185	789	109	0	1	789	1	789	0.0	932
Ga0393485_17_1192_1974	CP000240.1:1081522-1082305|CDS|CYB_1040	99.745	783	2	0	1	783	1	783	0.0	1404
Ga0393485_17_1192_1974	CP000239.1:938696-939455|CDS|CYA_0929	87.106	729	94	0	1	729	1	729	0.0	892
Ga0393485_17_2039_2833	CP000240.1:1080663-1081458|CDS|CYB_1039	99.874	795	1	0	1	795	1	795	0.0	1430
Ga0393485_17_2039_2833	CP000239.1:939522-940422|CDS|CYA_0930	79.248	771	121	6	1	771	145	876	0.0	678
Ga0393485_17_2976_3929	CP000240.1:1079567-1080521|CDS|CYB_1038	96.122	954	37	0	1	954	1	954	0.0	1554
Ga0393485_17_2976_3929	CP000239.1:940420-941374|CDS|CYA_0931	88.260	954	112	0	1	954	1	954	0.0	1216
Ga0393485_17_3934_4620	CP000240.1:1075818-1076499|CDS|CYB_1033	95.197	687	27	1	1	687	1	681	0.0	1092
Ga0393485_17_3934_4620	CP000239.1:944701-945376|CDS|CYA_0934	89.374	687	61	1	1	687	1	675	0.0	917
Ga0393485_17_4945_5553	CP000240.1:1074735-1075494|CDS|CYB_1032	100.000	609	0	0	1	609	151	759	0.0	1099
Ga0393485_17_4945_5553	CP000239.1:1670798-1671482|CDS|CYA_1668	79.475	609	119	1	1	603	55	663	6.97e-153	536
Ga0393485_17_5784_6314	CP000240.1:1074129-1074669|CDS|CYB_1031	95.669	531	19	1	1	531	1	527	0.0	854
Ga0393485_17_5784_6314	CP000239.1:1670100-1670631|CDS|CYA_1667	86.252	531	73	0	1	531	1	531	1.24e-180	629
Ga0393485_17_6329_7420	CP000240.1:1073023-1074115|CDS|CYB_1030	98.260	1092	19	0	1	1092	1	1092	0.0	1884
Ga0393485_17_6329_7420	CP000239.1:1669030-1670131|CDS|CYA_1666	78.538	1081	218	5	1	1080	1	1068	0.0	894
Ga0393485_17_7445_7744	CP000240.1:1072023-1072998|CDS|CYB_1029	97.667	300	7	0	1	300	676	975	4.59e-145	510
Ga0393485_17_7445_7744	CP000239.1:1668087-1669062|CDS|CYA_1665	87.943	282	34	0	1	282	640	921	6.39e-99	356
Ga0393485_17_7880_8350	CP000240.1:2830275-2831565|CDS|CYB_2735	96.170	470	17	1	3	471	774	1243	0.0	764
Ga0393485_17_7880_8350	CP000240.1:241642-242836|CDS|CYB_0233	95.106	470	21	2	3	471	726	1194	0.0	737
Ga0393485_17_7880_8350	CP000240.1:2247371-2248565|CDS|CYB_2147	94.030	469	28	0	3	471	726	1194	0.0	720
Ga0393485_17_7880_8350	CP000239.1:893439-894633|CDS|CYA_0887	93.590	468	30	0	4	471	727	1194	0.0	710
Ga0393485_17_7880_8350	CP000240.1:2168360-2169515|CDS|CYB_2071	96.047	430	17	0	3	432	726	1155	0.0	700
Ga0393485_17_7880_8350	CP000240.1:1083184-1084426|CDS|CYB_1042	97.783	406	9	0	3	408	774	1179	0.0	692
Ga0393485_17_7880_8350	CP000240.1:2644164-2645358|CDS|CYB_2538	98.010	402	8	0	1	402	724	1125	0.0	690
Ga0393485_17_7880_8350	CP000240.1:1954838-1956056|CDS|CYB_1872	97.291	406	11	0	3	408	750	1155	0.0	683
Ga0393485_17_7880_8350	CP000240.1:1015074-1016268|CDS|CYB_0979	91.258	469	41	0	3	471	726	1194	0.0	662
Ga0393485_17_7880_8350	CP000240.1:1803089-1804283|CDS|CYB_1722	95.588	408	18	0	1	408	724	1131	0.0	655
Ga0393485_17_7880_8350	CP000239.1:2170714-2171908|CDS|CYA_2158	94.853	408	21	0	1	408	724	1131	0.0	642
Ga0393485_17_7880_8350	CP000240.1:2796782-2798000|CDS|CYB_2707	95.500	400	18	0	3	402	750	1149	0.0	641
Ga0393485_17_7880_8350	CP000239.1:1594889-1596107|CDS|CYA_1585	87.830	493	36	1	3	471	726	1218	0.0	636
Ga0393485_17_7880_8350	CP000239.1:629980-631174|CDS|CYA_0620	95.250	400	19	0	3	402	726	1125	0.0	636
Ga0393485_17_7880_8350	CP000240.1:3008652-3009870|CDS|CYB_2910	94.363	408	23	0	1	408	748	1155	0.0	633
Ga0393485_17_7880_8350	CP000240.1:1244785-1246021|CDS|CYB_1201	88.296	487	39	2	3	471	750	1236	1.10e-180	629
Ga0393485_17_7880_8350	CP000240.1:2661652-2662870|CDS|CYB_2557	94.750	400	21	0	3	402	750	1149	3.83e-180	627
Ga0393485_17_7880_8350	CP000239.1:698055-699204|CDS|CYA_0690	94.724	398	21	0	3	400	750	1147	4.66e-179	624
Ga0393485_17_7880_8350	CP000239.1:774779-775973|CDS|CYA_0767	94.500	400	22	0	3	402	726	1125	4.66e-179	623
Ga0393485_17_7880_8350	CP000240.1:1384265-1385459|CDS|CYB_1322	89.339	469	50	0	3	471	726	1194	1.63e-178	621
Ga0393485_17_7880_8350	CP000240.1:2933473-2934709|CDS|CYB_2835	88.115	488	38	4	3	471	750	1236	5.68e-178	619
Ga0393485_17_7880_8350	CP000240.1:638632-639850|CDS|CYB_0630	94.000	400	24	0	3	402	750	1149	2.41e-176	614
Ga0393485_17_7880_8350	CP000240.1:345730-346924|CDS|CYB_0329	88.913	469	52	0	3	471	726	1194	8.43e-176	612
Ga0393485_17_7880_8350	CP000240.1:629484-630702|CDS|CYB_0620	93.103	406	28	0	3	408	750	1155	3.58e-174	607
Ga0393485_17_7880_8350	CP000240.1:1190675-1191869|CDS|CYB_1151	93.267	401	25	2	3	402	726	1125	2.26e-170	595
Ga0393485_17_7880_8350	CP000240.1:1267756-1268992|CDS|CYB_1227	86.885	488	44	4	3	471	750	1236	7.89e-170	592
Ga0393485_17_7880_8350	CP000240.1:2619921-2621115|CDS|CYB_2521	93.017	401	26	2	3	402	726	1125	2.75e-169	590
Ga0393485_17_7880_8350	CP000240.1:1521392-1522610|CDS|CYB_1450	92.500	400	30	0	3	402	750	1149	3.36e-168	587
Ga0393485_17_7880_8350	CP000240.1:1358129-1359347|CDS|CYB_1297	92.500	400	30	0	3	402	750	1149	3.36e-168	587
Ga0393485_17_7880_8350	CP000240.1:481588-482800|CDS|CYB_0472	86.680	488	45	5	3	471	726	1212	4.09e-167	583
Ga0393485_17_7880_8350	CP000240.1:52430-53648|CDS|CYB_0041	91.626	406	34	0	3	408	750	1155	4.98e-166	580
Ga0393485_17_7880_8350	CP000240.1:1842322-1843549|CDS|CYB_1759	91.379	406	35	0	3	408	750	1155	2.12e-164	575
Ga0393485_17_7880_8350	CP000240.1:2565689-2566883|CDS|CYB_2468	86.780	469	62	0	3	471	726	1194	3.14e-162	567
Ga0393485_17_7880_8350	CP000239.1:712444-713638|CDS|CYA_0704	90.887	406	37	0	3	408	726	1131	1.10e-161	566
Ga0393485_17_7880_8350	CP000240.1:102811-104029|CDS|CYB_0087	86.141	469	65	0	3	471	750	1218	6.92e-158	554
Ga0393485_17_7880_8350	CP000240.1:2553363-2554557|CDS|CYB_2454	90.500	400	38	0	3	402	726	1125	2.42e-157	551
Ga0393485_17_7880_8350	CP000239.1:994256-995468|CDS|CYA_0981	84.189	487	59	2	3	471	726	1212	1.52e-153	539
Ga0393485_17_7880_8350	CP000240.1:1064975-1066169|CDS|CYB_1023	88.750	400	45	0	3	402	726	1125	1.43e-147	519
Ga0393485_17_7880_8350	CP000240.1:1316312-1317548|CDS|CYB_1259	81.213	511	54	3	3	471	726	1236	6.07e-146	514
Ga0393485_17_7880_8350	CP000240.1:2210858-2212052|CDS|CYB_2117	87.750	400	49	0	3	402	726	1125	3.83e-142	501
Ga0393485_17_7880_8350	CP000240.1:605550-606744|CDS|CYB_0598	85.714	406	58	0	3	408	726	1131	1.86e-133	471
Ga0393485_17_7880_8350	CP000240.1:2128026-2129220|CDS|CYB_2026	80.535	411	74	2	64	471	787	1194	3.15e-105	378
Ga0393485_17_7880_8350	CP000240.1:1917270-1918464|CDS|CYB_1826	80.535	411	74	2	64	471	787	1194	3.15e-105	378
Ga0393485_17_7880_8350	CP000240.1:1763450-1764623|CDS|CYB_1688	79.949	389	72	2	64	449	787	1172	5.34e-96	347
Ga0393485_17_7880_8350	CP000239.1:693322-694534|CDS|CYA_0687	72.619	420	91	4	73	471	796	1212	1.64e-64	243
Ga0393485_17_7880_8350	CP000240.1:2219258-2220470|CDS|CYB_2126	72.028	429	96	4	64	471	787	1212	6.95e-63	237
Ga0393485_17_7880_8350	CP000239.1:88305-89487|CDS|CYA_0091	70.886	395	91	3	4	392	727	1103	1.43e-52	203
Ga0393485_18_830_1315	CP000240.1:844278-844764|CDS|CYB_0815	100.000	486	0	0	1	486	1	486	0.0	877
Ga0393485_18_830_1315	CP000239.1:1958287-1958773|CDS|CYA_1946	82.316	475	84	0	1	475	1	475	1.29e-135	479
Ga0393485_18_830_1315	CP000240.1:579741-580272|CDS|CYB_0571	68.490	384	109	6	37	413	80	458	7.69e-31	132
Ga0393485_18_1453_2796	CP000240.1:844859-846245|CDS|CYB_0816	99.479	1344	7	0	1	1344	43	1386	0.0	2393
Ga0393485_18_1453_2796	CP000239.1:1958779-1960201|CDS|CYA_1947	78.652	1335	265	10	1	1328	43	1364	0.0	1096
Ga0393485_18_3253_3474	CP000240.1:846703-846928|CDS|CYB_0817	98.649	222	3	0	1	222	4	225	2.71e-108	388
Ga0393485_18_3253_3474	CP000239.1:2412210-2412432|CDS|CYA_2402	89.189	222	24	0	1	222	1	222	4.60e-80	293
Ga0393485_18_3474_5327	CP000240.1:846924-848778|CDS|CYB_0818	98.598	1854	26	0	1	1854	1	1854	0.0	3227
Ga0393485_18_3474_5327	CP000239.1:2410354-2412211|CDS|CYA_2401	86.792	1855	243	2	1	1854	4	1857	0.0	2234
Ga0393485_18_5547_6242	CP000240.1:848998-849694|CDS|CYB_0819	99.425	696	4	0	1	696	1	696	0.0	1238
Ga0393485_18_5547_6242	CP000239.1:2834359-2835076|CDS|CYA_2815	89.193	694	75	0	2	695	23	716	0.0	914
Ga0393485_18_6246_6671	CP000240.1:849697-850123|CDS|CYB_0820	95.540	426	19	0	1	426	1	426	0.0	683
Ga0393485_18_6246_6671	CP000239.1:2835079-2835505|CDS|CYA_2816	85.545	422	61	0	1	422	1	422	7.59e-138	487
Ga0393485_18_6792_7142	CP000240.1:850393-851338|CDS|CYB_0821	99.140	349	3	0	1	349	595	943	5.06e-177	617
Ga0393485_18_6792_7142	CP000239.1:2835538-2836483|CDS|CYA_2817	84.923	325	49	0	23	347	617	941	1.45e-101	366
Ga0393485_18_7223_7627	CP000240.1:850393-851338|CDS|CYB_0821	98.272	405	7	0	1	405	516	112	0.0	700
Ga0393485_18_7223_7627	CP000239.1:2835538-2836483|CDS|CYA_2817	89.526	401	42	0	2	402	515	115	1.58e-152	535
Ga0393485_19_970_1665	CP000240.1:2798461-2799262|CDS|CYB_2708	99.713	696	2	0	1	696	106	801	0.0	1247
Ga0393485_19_970_1665	CP000239.1:1511998-1512763|CDS|CYA_1504	85.522	670	97	0	1	670	82	751	0.0	772
Ga0393485_19_1854_2633	CP000240.1:2799600-2801532|CDS|CYB_2709	93.258	623	41	1	151	773	1	622	0.0	931
Ga0393485_19_2704_3939	CP000240.1:2799600-2801532|CDS|CYB_2709	97.411	1236	32	0	1	1236	697	1932	0.0	2085
Ga0393485_19_3978_4805	CP000240.1:2801570-2802398|CDS|CYB_2710	97.343	828	22	0	1	828	1	828	0.0	1395
Ga0393485_19_4802_5980	CP000240.1:2802394-2803573|CDS|CYB_2711	98.304	1179	20	0	1	1179	1	1179	0.0	2037
Ga0393485_19_6148_6630	CP000240.1:2803740-2804223|CDS|CYB_2712	100.000	483	0	0	1	483	1	483	0.0	872
Ga0393485_19_6148_6630	CP000239.1:1511144-1511633|CDS|CYA_1503	84.490	490	64	2	1	481	1	487	3.68e-155	544
Ga0393485_20_245_628	CP000240.1:98089-98473|CDS|CYB_0083	97.650	383	9	0	1	383	1	383	0.0	651
Ga0393485_20_245_628	CP000239.1:1250866-1251250|CDS|CYA_1239	86.945	383	50	0	1	383	1	383	6.37e-132	466
Ga0393485_20_705_2375	CP000240.1:96347-98018|CDS|CYB_0082	98.203	1669	30	0	1	1669	1	1669	0.0	2875
Ga0393485_20_705_2375	CP000239.1:1249104-1250778|CDS|CYA_1238	85.248	1349	196	1	1	1346	1	1349	0.0	1535
Ga0393485_20_2541_4040	CP000240.1:93395-94895|CDS|CYB_0080	97.867	1500	32	0	1	1500	1	1500	0.0	2562
Ga0393485_20_2541_4040	CP000239.1:2924668-2926240|CDS|CYA_2900	84.302	1376	207	5	123	1498	204	1570	0.0	1494
Ga0393485_20_4252_5601	CP000240.1:91834-93184|CDS|CYB_0079	99.481	1350	7	0	1	1350	1	1350	0.0	2404
Ga0393485_20_4252_5601	CP000239.1:2923161-2924511|CDS|CYA_2899	87.852	1350	164	0	1	1350	1	1350	0.0	1696
Ga0393485_20_5881_6573	CP000240.1:90875-91556|CDS|CYB_0078	98.825	681	8	0	13	693	1	681	0.0	1193
Ga0393485_20_5881_6573	CP000239.1:2643683-2644310|CDS|CYA_2627	84.386	570	89	0	94	663	1	570	5.73e-180	627
Ga0393485_20_6628_7041	CP000240.1:90395-90809|CDS|CYB_0077	99.517	414	2	0	1	414	1	414	0.0	738
Ga0393485_21_96_353	CP000240.1:668014-669001|CDS|CYB_0653	98.394	249	2	1	10	258	1	247	1.05e-120	429
Ga0393485_21_96_353	CP000239.1:1465839-1466739|CDS|CYA_1460	80.269	223	42	1	36	258	12	232	2.64e-52	202
Ga0393485_21_350_1093	CP000240.1:668014-669001|CDS|CYB_0653	99.462	744	4	0	1	744	244	987	0.0	1324
Ga0393485_21_350_1093	CP000239.1:1465839-1466739|CDS|CYA_1460	80.441	680	91	3	1	680	229	866	0.0	652
Ga0393485_21_1350_2207	CP000240.1:667102-667960|CDS|CYB_0652	98.485	858	13	0	1	858	1	858	0.0	1489
Ga0393485_21_1350_2207	CP000239.1:1464768-1465722|CDS|CYA_1459	75.629	874	192	3	3	855	69	942	3.03e-178	622
Ga0393485_21_2406_4268	CP000240.1:665041-666871|CDS|CYB_0651	99.180	1830	15	0	34	1863	1	1830	0.0	3233
Ga0393485_21_4805_5983	CP000240.1:661654-663232|CDS|CYB_0649	99.401	1169	7	0	7	1175	220	1388	0.0	2077
Ga0393485_21_4805_5983	CP000239.1:1461998-1463558|CDS|CYA_1457	85.201	1169	173	0	7	1175	202	1370	0.0	1329
Ga0393485_22_347_1576	CP000240.1:104063-105293|CDS|CYB_0088	99.024	1230	12	0	1	1230	1	1230	0.0	2165
Ga0393485_22_347_1576	CP000239.1:1994054-1995290|CDS|CYA_1976	83.209	1203	202	0	28	1230	34	1236	0.0	1260
Ga0393485_22_1557_1793	CP000240.1:105273-105510|CDS|CYB_0089	96.847	222	7	0	1	222	1	222	7.82e-103	370
Ga0393485_22_1557_1793	CP000239.1:1993837-1994074|CDS|CYA_1975	87.342	237	30	0	1	237	1	237	4.94e-80	293
Ga0393485_22_1886_2767	CP000240.1:105602-106484|CDS|CYB_0090	98.186	882	16	0	1	882	1	882	0.0	1519
Ga0393485_22_1886_2767	CP000239.1:1992866-1993736|CDS|CYA_1974	86.175	868	120	0	1	868	1	868	0.0	1025
Ga0393485_22_3031_3603	CP000240.1:107026-107731|CDS|CYB_0091	97.208	573	16	0	1	573	133	705	0.0	962
Ga0393485_22_3031_3603	CP000239.1:2003652-2004384|CDS|CYA_1984	75.676	555	96	4	28	573	208	732	6.55e-115	410
Ga0393485_22_3845_4462	CP000240.1:107840-108458|CDS|CYB_0092	97.087	618	18	0	1	618	1	618	0.0	1034
Ga0393485_22_3845_4462	CP000239.1:2004447-2005065|CDS|CYA_1985	80.711	591	114	0	26	616	26	616	9.20e-158	553
Ga0393485_22_4511_5785	CP000240.1:108514-109690|CDS|CYB_0093	98.807	1174	14	0	100	1273	1	1174	0.0	2055
Ga0393485_22_4511_5785	CP000239.1:2005092-2006355|CDS|CYA_1986	82.367	1276	211	6	1	1275	1	1263	0.0	1273
Ga0393485_22_6013_6666	CP000240.1:110016-110670|CDS|CYB_0094	98.165	654	12	0	1	654	1	654	0.0	1126
Ga0393485_22_6013_6666	CP000239.1:2006474-2007128|CDS|CYA_1987	87.768	654	80	0	1	654	1	654	0.0	820
Ga0393485_23_654_917	CP000240.1:1923467-1923731|CDS|CYB_1834	100.000	264	0	0	1	264	1	264	2.36e-135	477
Ga0393485_23_654_917	CP000239.1:841732-841951|CDS|CYA_0830	85.388	219	32	0	46	264	1	219	1.70e-67	251
Ga0393485_23_1208_1924	CP000240.1:1924054-1924738|CDS|CYB_1835	99.415	684	4	0	34	717	1	684	0.0	1216
Ga0393485_23_1208_1924	CP000239.1:842102-842786|CDS|CYA_0831	87.135	684	88	0	34	717	1	684	0.0	838
Ga0393485_23_1921_2172	CP000240.1:1924734-1924986|CDS|CYB_1836	100.000	252	0	0	1	252	1	252	7.33e-129	455
Ga0393485_23_1921_2172	CP000239.1:842782-843034|CDS|CYA_0832	78.788	231	49	0	22	252	22	252	1.09e-50	196
Ga0393485_23_2209_2667	CP000240.1:1925043-1925481|CDS|CYB_1837	98.174	438	8	0	22	459	1	438	0.0	755
Ga0393485_23_2209_2667	CP000239.1:843079-843559|CDS|CYA_0833	83.258	442	74	0	1	442	1	442	2.69e-131	464
Ga0393485_23_4265_4951	CP000240.1:1925750-1926437|CDS|CYB_1838	96.798	687	22	0	1	687	1	687	0.0	1141
Ga0393485_23_4265_4951	CP000239.1:843615-844305|CDS|CYA_0834	86.957	644	84	0	38	681	38	681	0.0	783
Ga0393485_23_5140_5439	CP000240.1:1926540-1926915|CDS|CYB_1839	98.333	300	5	0	1	300	76	375	8.86e-148	519
Ga0393485_23_5140_5439	CP000239.1:844396-844771|CDS|CYA_0836	80.137	292	58	0	7	298	82	373	8.89e-72	266
Ga0393485_23_5780_6181	CP000240.1:1927299-1927701|CDS|CYB_1840	98.750	400	4	1	1	400	1	399	0.0	696
Ga0393485_23_5780_6181	CP000239.1:844767-845169|CDS|CYA_0835	84.000	400	64	0	1	400	1	400	3.95e-122	434
Ga0393485_24_926_1939	CP000240.1:2321458-2322427|CDS|CYB_2213	97.626	969	20	1	49	1014	1	969	0.0	1643
Ga0393485_24_926_1939	CP000239.1:1352021-1353053|CDS|CYA_1339	85.714	1015	127	3	1	1012	31	1030	0.0	1180
Ga0393485_24_1967_2962	CP000240.1:2322454-2323450|CDS|CYB_2214	97.686	994	23	0	1	994	1	994	0.0	1690
Ga0393485_24_1967_2962	CP000239.1:1353065-1354061|CDS|CYA_1340	86.834	995	131	0	1	995	1	995	0.0	1205
Ga0393485_24_3086_3370	CP000240.1:2323573-2323858|CDS|CYB_2215	98.587	283	4	0	1	283	1	283	3.34e-140	493
Ga0393485_24_3086_3370	CP000239.1:1354153-1354489|CDS|CYA_1341	89.139	267	29	0	6	272	36	302	2.57e-97	352
Ga0393485_24_3564_4085	CP000240.1:2324030-2324552|CDS|CYB_2216	96.552	522	18	0	1	522	1	522	0.0	861
Ga0393485_24_3564_4085	CP000239.1:1354566-1355088|CDS|CYA_1342	88.314	522	61	0	1	522	1	522	0.0	667
Ga0393485_24_4183_4476	CP000240.1:2324649-2324943|CDS|CYB_2217	95.578	294	13	0	1	294	1	294	1.13e-133	472
Ga0393485_24_4183_4476	CP000239.1:1355155-1355449|CDS|CYA_1343	86.054	294	41	0	1	294	1	294	1.13e-95	346
Ga0393485_24_5133_5771	CP000240.1:2325599-2326238|CDS|CYB_2220	99.061	639	6	0	1	639	1	639	0.0	1126
Ga0393485_24_5133_5771	CP000239.1:1550207-1550846|CDS|CYA_1541	88.553	629	72	0	1	629	1	629	0.0	810
Ga0393485_24_6085_6489	CP000240.1:2326544-2326958|CDS|CYB_2222	98.765	405	5	0	1	405	10	414	0.0	709
Ga0393485_24_6085_6489	CP000239.1:1551103-1551511|CDS|CYA_1542	89.147	387	42	0	1	387	10	396	6.31e-145	509
Ga0393485_25_206_706	CP000240.1:2071776-2072670|CDS|CYB_1972	98.148	378	7	0	1	378	1	378	0.0	651
Ga0393485_25_974_1465	CP000240.1:2072925-2073417|CDS|CYB_1973	97.561	492	12	0	1	492	1	492	0.0	834
Ga0393485_25_1466_2302	CP000240.1:2073417-2074254|CDS|CYB_1974	96.416	837	30	0	1	837	1	837	0.0	1375
Ga0393485_25_1466_2302	CP000239.1:2086423-2087257|CDS|CYA_2066	81.273	833	126	3	1	833	1	803	0.0	813
Ga0393485_25_2521_2766	CP000240.1:2074480-2074726|CDS|CYB_1975	97.154	246	7	0	1	246	1	246	7.63e-116	413
Ga0393485_25_2521_2766	CP000239.1:2085906-2086185|CDS|CYA_2065	90.732	205	19	0	1	205	1	205	2.67e-77	285
Ga0393485_25_2962_4437	CP000240.1:2074826-2076425|CDS|CYB_1977	98.982	1474	15	0	1	1474	124	1597	0.0	2591
Ga0393485_26_698_1225	CP000240.1:2191975-2192503|CDS|CYB_2096	99.432	528	3	0	1	528	1	528	0.0	939
Ga0393485_26_698_1225	CP000239.1:370021-370573|CDS|CYA_0352	80.663	543	81	1	9	527	9	551	3.79e-149	524
Ga0393485_26_1620_2063	CP000240.1:2192897-2193341|CDS|CYB_2098	99.099	444	4	0	1	444	1	444	0.0	783
Ga0393485_26_1620_2063	CP000239.1:470547-470958|CDS|CYA_0452	82.883	333	57	0	100	432	76	408	6.11e-95	344
Ga0393485_26_1620_2063	CP000240.1:827053-827497|CDS|CYB_0800	76.484	438	103	0	7	444	7	444	1.64e-89	326
Ga0393485_26_2069_2944	CP000240.1:2193346-2194222|CDS|CYB_2099	98.059	876	17	0	1	876	1	876	0.0	1504
Ga0393485_26_2069_2944	CP000239.1:368585-369452|CDS|CYA_0350	85.259	848	119	2	1	848	1	842	0.0	963
Ga0393485_26_3064_5160	CP000240.1:2194341-2196501|CDS|CYB_2100	99.380	2097	13	0	1	2097	64	2160	0.0	3724
Ga0393485_26_3064_5160	CP000239.1:366345-368466|CDS|CYA_0349	84.988	2085	301	3	1	2079	25	2103	0.0	2347
Ga0393485_26_5235_6095	CP000240.1:2196512-2197373|CDS|CYB_2101	98.722	861	11	0	1	861	1	861	0.0	1504
Ga0393485_26_5235_6095	CP000239.1:365437-366295|CDS|CYA_0348	87.421	795	100	0	67	861	64	858	0.0	984
Ga0393485_27_990_1943	CP000240.1:1520350-1521286|CDS|CYB_1449	97.805	911	20	0	4	914	1	911	0.0	1553
Ga0393485_27_990_1943	CP000239.1:139455-140352|CDS|CYA_0145	83.198	863	145	0	37	899	19	881	0.0	903
Ga0393485_27_2011_2493	CP000240.1:1519800-1520283|CDS|CYB_1448	97.516	483	12	0	1	483	1	483	0.0	818
Ga0393485_27_2011_2493	CP000239.1:138936-139419|CDS|CYA_0144	88.235	476	56	0	1	476	1	476	3.68e-174	607
Ga0393485_27_2690_2911	CP000240.1:1519382-1519604|CDS|CYB_1447	95.045	222	11	0	1	222	1	222	1.95e-97	352
Ga0393485_27_2690_2911	CP000239.1:136942-137164|CDS|CYA_0142	87.442	215	27	0	1	215	1	215	6.39e-72	267
Ga0393485_27_3491_4288	CP000240.1:1516616-1518803|CDS|CYB_1446	97.494	798	20	0	1	798	1390	2187	0.0	1350
Ga0393485_27_3491_4288	CP000239.1:2231059-2233144|CDS|CYA_2217	83.291	796	133	0	1	796	1288	2083	0.0	837
Ga0393485_27_4404_5522	CP000240.1:1516616-1518803|CDS|CYB_1446	98.570	1119	15	1	1	1119	157	1274	0.0	1943
Ga0393485_27_4404_5522	CP000239.1:2231059-2233144|CDS|CYA_2217	86.748	898	110	4	189	1085	273	1162	0.0	1074
Ga0393485_28_16_969	CP000240.1:1522978-1525192|CDS|CYB_1451	96.855	954	30	0	1	954	1261	2214	0.0	1586
Ga0393485_28_16_969	CP000239.1:1505723-1508000|CDS|CYA_1497	76.559	930	160	6	17	941	1298	2174	0.0	720
Ga0393485_28_1115_1732	CP000240.1:1525406-1525955|CDS|CYB_1452	98.179	549	10	0	70	618	1	549	0.0	946
Ga0393485_28_1115_1732	CP000239.1:1505049-1505595|CDS|CYA_1496	84.528	530	81	1	70	599	1	529	5.43e-167	583
Ga0393485_28_2143_5031	CP000240.1:1526590-1529545|CDS|CYB_1453	97.656	2901	56	1	1	2889	55	2955	0.0	4932
Ga0393485_28_2143_5031	CP000239.1:1501965-1504893|CDS|CYA_1494	80.662	2870	451	16	1	2860	58	2833	0.0	2696
Ga0393485_29_426_866	CP000240.1:598052-598493|CDS|CYB_0592	99.546	441	2	0	1	441	1	441	0.0	787
Ga0393485_29_426_866	CP000239.1:882667-883114|CDS|CYA_0879	85.202	446	60	1	1	440	1	446	2.41e-144	508
Ga0393485_29_870_1517	CP000240.1:597401-598049|CDS|CYB_0591	99.846	648	1	0	1	648	1	648	0.0	1165
Ga0393485_29_1537_2388	CP000240.1:596530-597382|CDS|CYB_0590	100.000	852	0	0	1	852	1	852	0.0	1537
Ga0393485_29_1537_2388	CP000239.1:881676-882519|CDS|CYA_0877	87.089	852	101	1	1	852	1	843	0.0	1045
Ga0393485_29_2555_3529	CP000240.1:595383-596364|CDS|CYB_0589	98.777	981	6	1	1	975	1	981	0.0	1717
Ga0393485_29_2555_3529	CP000239.1:880647-881622|CDS|CYA_0876	89.641	975	101	0	1	975	1	975	0.0	1304
Ga0393485_29_3526_3978	CP000240.1:594934-595387|CDS|CYB_0588	99.779	453	1	0	1	453	1	453	0.0	813
Ga0393485_29_3526_3978	CP000239.1:880192-880651|CDS|CYA_0875	90.687	451	42	0	1	451	1	451	1.28e-179	625
Ga0393485_29_4074_5060	CP000240.1:593852-594932|CDS|CYB_0587	97.264	987	27	0	1	987	94	1080	0.0	1659
Ga0393485_29_4074_5060	CP000239.1:879143-880196|CDS|CYA_0874	90.631	982	92	0	6	987	72	1053	0.0	1357
Ga0393485_30_96_614	CP000240.1:2392457-2392904|CDS|CYB_2285	99.553	447	2	0	73	519	1	447	0.0	798
Ga0393485_30_96_614	CP000239.1:29714-30161|CDS|CYA_0030	89.933	447	45	0	73	519	1	447	4.83e-173	604
Ga0393485_30_899_1279	CP000240.1:2393260-2393641|CDS|CYB_2286	97.900	381	8	0	1	381	1	381	0.0	652
Ga0393485_30_899_1279	CP000239.1:30487-30868|CDS|CYA_0031	89.239	381	41	0	1	381	1	381	8.77e-143	503
Ga0393485_30_1595_2683	CP000240.1:2393680-2395045|CDS|CYB_2287	96.051	1089	43	0	1	1089	277	1365	0.0	1771
Ga0393485_30_1595_2683	CP000239.1:30914-32189|CDS|CYA_0032	81.870	1059	180	4	37	1089	223	1275	0.0	1038
Ga0393485_30_3335_3670	CP000240.1:2395869-2396205|CDS|CYB_2290	100.000	336	0	0	1	336	1	336	2.51e-174	607
Ga0393485_30_3335_3670	CP000239.1:2432986-2433358|CDS|CYA_2423	83.032	277	45	2	61	336	97	372	4.56e-76	281
Ga0393485_30_3786_3935	CP000240.1:2396320-2396470|CDS|CYB_2291	99.333	150	1	0	1	150	1	150	4.11e-72	267
Ga0393485_30_3786_3935	CP000239.1:2432726-2432879|CDS|CYA_2422	91.156	147	13	0	1	147	1	147	3.38e-54	207
Ga0393485_31_28_2019	CP000240.1:2906475-2908782|CDS|CYB_2807	98.896	1992	22	0	1	1992	316	2307	0.0	3494
Ga0393485_31_28_2019	CP000239.1:1369434-1371735|CDS|CYA_1361	87.902	1992	229	1	1	1992	322	2301	0.0	2513
Ga0393485_32_498_989	CP000239.1:524216-524708|CDS|CYA_0506	82.020	495	81	4	1	491	1	491	3.76e-136	481
Ga0393485_32_1229_1783	CP000240.1:184302-184857|CDS|CYB_0171	99.820	555	1	0	1	555	1	555	0.0	997
Ga0393485_32_1229_1783	CP000239.1:524897-525431|CDS|CYA_0507	80.935	535	87	1	8	542	2	521	2.07e-146	515
Ga0393485_32_1817_2980	CP000240.1:184890-186201|CDS|CYB_0172	95.962	1164	2	1	1	1164	193	1311	0.0	1924
Ga0393485_32_3733_4425	CP000240.1:186761-187454|CDS|CYB_0174	98.413	693	11	0	1	693	1	693	0.0	1201
Ga0393485_32_3733_4425	CP000239.1:2714419-2715112|CDS|CYA_2699	84.470	689	107	0	1	689	1	689	0.0	761
Ga0393485_33_328_2298	CP000240.1:1391211-1393182|CDS|CYB_1330	97.208	1970	55	0	1	1970	1	1970	0.0	3305
Ga0393485_33_328_2298	CP000239.1:1133197-1135141|CDS|CYA_1108	80.246	1868	369	0	103	1970	76	1943	0.0	1706
Ga0393485_33_2400_2828	CP000240.1:1393331-1393718|CDS|CYB_1331	97.933	387	8	0	43	429	1	387	0.0	663
Ga0393485_33_2400_2828	CP000239.1:1132683-1133100|CDS|CYA_1107	82.143	336	60	0	85	420	73	408	8.74e-93	336
Ga0393485_33_2840_3709	CP000240.1:1393729-1394599|CDS|CYB_1332	99.310	870	6	0	1	870	1	870	0.0	1543
Ga0393485_33_2840_3709	CP000239.1:1131804-1132674|CDS|CYA_1106	80.783	869	167	0	1	869	1	869	0.0	815
Ga0393485_33_3827_4354	CP000240.1:1394603-1395251|CDS|CYB_1333	98.864	528	6	0	1	528	121	648	0.0	926
Ga0393485_33_3827_4354	CP000239.1:1131147-1131801|CDS|CYA_1105	86.857	525	65	2	4	528	118	638	0.0	631
Ga0393485_34_3102_4169	CP000240.1:1222136-1223204|CDS|CYB_1184	98.689	1068	14	0	1	1068	1	1068	0.0	1864
Ga0393485_34_3102_4169	CP000239.1:52801-53860|CDS|CYA_0055	83.760	1016	165	0	1	1016	1	1016	0.0	1089
Ga0393485_35_1_357	CP000240.1:2113997-2115062|CDS|CYB_2008	98.980	294	3	0	1	294	148	441	3.71e-147	517
Ga0393485_35_1_357	CP000239.1:1927377-1928427|CDS|CYA_1917	85.374	294	43	0	1	294	148	441	7.19e-93	337
Ga0393485_35_453_1214	CP000240.1:2115281-2116046|CDS|CYB_2011	98.525	678	9	1	1	677	88	765	0.0	1175
Ga0393485_35_453_1214	CP000239.1:1930961-1931726|CDS|CYA_1920	97.345	678	17	1	1	677	88	765	0.0	1139
Ga0393485_35_1712_3640	CP000240.1:2121154-2123083|CDS|CYB_2016	98.082	1929	37	0	1	1929	1	1929	0.0	3313
Ga0393485_35_1712_3640	CP000239.1:1936844-1938779|CDS|CYA_1925	90.818	1906	175	0	1	1906	1	1906	0.0	2649
Ga0393485_36_300_1709	CP000240.1:772179-773562|CDS|CYB_0749	97.035	1383	41	0	28	1410	1	1383	0.0	2310
Ga0393485_36_300_1709	CP000239.1:2077342-2078725|CDS|CYA_2059	86.127	1384	190	2	28	1410	1	1383	0.0	1624
Ga0393485_36_1758_3086	CP000240.1:773670-774939|CDS|CYB_0750	98.818	1269	15	0	61	1329	1	1269	0.0	2222
Ga0393485_36_1758_3086	CP000239.1:2078860-2080132|CDS|CYA_2060	83.874	1265	204	0	61	1325	1	1265	0.0	1362
Ga0393485_36_3320_3457	CP000240.1:775172-775310|CDS|CYB_0751	99.275	138	1	0	1	138	1	138	1.22e-65	245
Ga0393485_37_577_933	CP000240.1:841876-842233|CDS|CYB_0813	100.000	357	0	0	1	357	1	357	0.0	645
Ga0393485_37_577_933	CP000239.1:2619424-2619778|CDS|CYA_2601	90.116	344	34	0	1	344	1	344	1.69e-132	468
Ga0393485_37_577_933	CP000239.1:2581159-2581519|CDS|CYA_2557	86.297	343	47	0	5	347	11	353	4.84e-114	407
Ga0393485_37_1038_1154	CP000240.1:841655-841772|CDS|CYB_0812	100.000	117	0	0	1	117	1	117	5.90e-56	212
Ga0393485_37_1038_1154	CP000239.1:2619211-2619328|CDS|CYA_2600	86.325	117	16	0	1	117	1	117	3.06e-34	140
Ga0393485_37_1038_1154	CP000239.1:2581636-2581753|CDS|CYA_2558	86.325	117	16	0	1	117	1	117	3.06e-34	140
Ga0393485_37_1423_2814	CP000240.1:839995-841399|CDS|CYB_0811	99.641	1392	5	0	1	1392	13	1404	0.0	2489
Ga0393485_37_1423_2814	CP000239.1:2581835-2583239|CDS|CYA_2559	85.714	1386	198	0	7	1392	19	1404	0.0	1608
Ga0393485_40_786_1004	CP000240.1:1160014-1160992|CDS|CYB_1123	98.174	219	4	0	1	219	760	978	1.38e-105	378
Ga0393485_40_786_1004	CP000239.1:2349172-2350231|CDS|CYA_2342	91.324	219	19	0	1	219	841	1059	5.89e-85	310
Ga0393485_40_1086_1373	CP000240.1:1161073-1161361|CDS|CYB_1124	97.917	288	6	0	1	288	1	288	3.38e-140	493
Ga0393485_40_1401_2018	CP000240.1:1161388-1162006|CDS|CYB_1125	98.544	618	9	0	1	618	1	618	0.0	1075
Ga0393485_40_1401_2018	CP000239.1:2348186-2348804|CDS|CYA_2340	85.275	618	91	0	1	618	1	618	0.0	705
Ga0393485_41_30_569	CP000240.1:2205521-2206241|CDS|CYB_2111	99.815	540	1	0	1	540	181	720	0.0	970
Ga0393485_41_1433_2479	CP000240.1:2203611-2204727|CDS|CYB_2110	98.758	1047	13	0	1	1047	70	1116	0.0	1830
Ga0393485_41_1433_2479	CP000239.1:104218-105340|CDS|CYA_0109	83.947	1059	152	4	1	1047	70	1122	0.0	1142
Ga0393485_41_2549_3526	CP000240.1:2202564-2203542|CDS|CYB_2109	98.152	974	18	0	1	974	1	974	0.0	1676
Ga0393485_41_2549_3526	CP000239.1:105409-106381|CDS|CYA_0110	85.840	911	127	2	1	910	1	910	0.0	1055
Ga0393485_42_269_958	CP000240.1:1215657-1216239|CDS|CYB_1178	98.797	582	7	0	109	690	1	582	0.0	1019
Ga0393485_42_269_958	CP000239.1:59791-60373|CDS|CYA_0061	85.763	583	81	2	109	690	1	582	0.0	671
Ga0393485_42_955_1710	CP000240.1:1216235-1216991|CDS|CYB_1179	96.561	756	26	0	1	756	1	756	0.0	1247
Ga0393485_42_955_1710	CP000239.1:59051-59795|CDS|CYA_0060	82.540	756	120	3	1	756	1	744	0.0	766
Ga0393485_42_1860_2081	CP000240.1:1217124-1217346|CDS|CYB_1180	95.495	222	10	0	1	222	1	222	4.59e-99	356
Ga0393485_42_1860_2081	CP000239.1:58598-58820|CDS|CYA_0059	85.135	222	33	0	1	222	1	222	1.41e-67	252
Ga0393485_42_2122_2949	CP000240.1:1217386-1218214|CDS|CYB_1181	99.155	828	7	0	1	828	1	828	0.0	1462
Ga0393485_42_2122_2949	CP000239.1:57734-58562|CDS|CYA_0058	84.662	828	127	0	1	828	1	828	0.0	921
Ga0393485_42_3016_3219	CP000240.1:1218223-1218484|CDS|CYB_1182	100.000	204	0	0	1	204	58	261	6.62e-103	369
Ga0393485_42_3016_3219	CP000239.1:57449-57725|CDS|CYA_0056	79.798	198	40	0	6	203	63	260	2.32e-45	178
Ga0393485_44_633_800	CP000240.1:796049-796199|CDS|CYB_0773	97.902	143	1	1	1	143	10	150	5.35e-65	242
Ga0393485_44_904_2148	CP000240.1:794682-795936|CDS|CYB_0772	97.430	1245	32	0	1	1245	10	1254	0.0	2102
Ga0393485_44_904_2148	CP000239.1:2638448-2639702|CDS|CYA_2621	84.096	1245	198	0	1	1245	10	1254	0.0	1353
Ga0393485_44_2412_2756	CP000240.1:793827-794172|CDS|CYB_0771	100.000	345	0	0	1	345	1	345	3.36e-179	623
Ga0393485_44_2412_2756	CP000239.1:569379-569727|CDS|CYA_0555	69.429	350	92	2	1	341	1	344	4.70e-38	154
Ga0393485_46_47_301	CP000240.1:1270031-1271426|CDS|CYB_1228	97.647	255	6	0	1	255	1141	1395	2.43e-122	434
Ga0393485_46_371_556	CP000240.1:1271495-1271681|CDS|CYB_1229	96.774	186	6	0	1	186	1	186	4.90e-85	309
Ga0393485_46_371_556	CP000239.1:188129-188315|CDS|CYA_0188	94.086	186	11	0	1	186	1	186	5.59e-78	287
Ga0393485_46_865_1644	CP000240.1:1268971-1269817|CDS|CYB_1226	96.325	762	28	0	1	762	55	816	0.0	1249
Ga0393485_47_889_2526	CP000240.1:2130060-2131608|CDS|CYB_2028	96.260	1551	33	3	79	1607	1	1548	0.0	2554
Ga0393485_47_889_2526	CP000239.1:2315835-2317419|CDS|CYA_2313	89.262	1518	142	1	79	1575	1	1518	0.0	2027
Ga0393485_48_735_1823	CP000240.1:1850374-1851397|CDS|CYB_1766	96.755	1017	33	0	1	1017	1	1017	0.0	1686
Ga0393485_48_735_1823	CP000239.1:2326911-2327961|CDS|CYA_2324	77.259	1007	219	4	1	1002	1	1002	0.0	775
Ga0393485_49_1083_2480	CP000240.1:2963261-2965085|CDS|CYB_2865	93.419	1398	80	2	1	1398	439	1824	0.0	2109
Ga0393485_49_1083_2480	CP000239.1:1061914-1063738|CDS|CYA_1042	86.338	1398	179	2	1	1398	439	1824	0.0	1663
Ga0393485_50_1_243	CP000240.1:778411-779665|CDS|CYB_0757	95.062	243	12	0	1	243	1012	1254	1.05e-107	385
Ga0393485_50_315_542	CP000240.1:778112-778340|CDS|CYB_0756	95.614	228	10	0	1	228	1	228	2.62e-102	367
Ga0393485_50_539_1261	CP000240.1:777393-778116|CDS|CYB_0755	97.925	723	15	0	1	723	1	723	0.0	1237
Ga0393485_50_539_1261	CP000239.1:816710-817436|CDS|CYA_0804	83.473	714	118	0	1	714	1	714	0.0	756
Ga0393485_50_1415_1747	CP000240.1:776907-777240|CDS|CYB_0754	97.598	333	8	0	1	333	1	333	7.62e-162	565
Ga0393485_50_1415_1747	CP000239.1:817527-817860|CDS|CYA_0805	81.017	295	56	0	24	318	24	318	4.52e-76	280
Ga0393485_50_1811_2086	CP000240.1:776568-776844|CDS|CYB_0753	98.913	276	3	0	1	276	1	276	1.67e-137	485
Ga0393485_50_1811_2086	CP000239.1:817917-818223|CDS|CYA_0806	83.643	269	44	0	1	269	31	299	2.48e-78	288
