Ga0374720_01_744_1667	CP000239.1:2918702-2919626|CDS|CYA_2894	99.892	924	1	0	1	924	1	924	0.0	1663
Ga0374720_01_744_1667	CP000240.1:1717558-1718482|CDS|CYB_1645	85.498	924	134	0	1	924	1	924	0.0	1063
Ga0374720_01_1903_3279	CP000239.1:2919861-2921238|CDS|CYA_2895	99.927	1377	1	0	1	1377	1	1377	0.0	2480
Ga0374720_01_1903_3279	CP000240.1:1715960-1717340|CDS|CYB_1644	82.332	1381	239	4	1	1377	1	1380	0.0	1378
Ga0374720_01_3659_5047	CP000239.1:2921617-2922979|CDS|CYA_2897	99.559	1362	6	0	28	1389	1	1362	0.0	2430
Ga0374720_01_3659_5047	CP000240.1:1758619-1759954|CDS|CYB_1683	88.123	1305	155	0	28	1332	1	1305	0.0	1655
Ga0374720_01_5203_6540	CP000239.1:2923161-2924511|CDS|CYA_2899	99.925	1338	1	0	1	1338	13	1350	0.0	2409
Ga0374720_01_5203_6540	CP000240.1:91834-93184|CDS|CYB_0079	87.743	1338	164	0	1	1338	13	1350	0.0	1674
Ga0374720_01_6710_7138	CP000239.1:2924668-2926240|CDS|CYA_2900	99.767	429	1	0	1	429	1144	1572	0.0	770
Ga0374720_01_6710_7138	CP000240.1:93395-94895|CDS|CYB_0080	88.993	427	47	0	1	427	1072	1498	1.48e-159	559
Ga0374720_01_6981_8123	CP000239.1:2924668-2926240|CDS|CYA_2900	99.825	1143	1	1	1	1143	160	1301	0.0	2049
Ga0374720_01_6981_8123	CP000240.1:93395-94895|CDS|CYB_0080	81.662	1107	195	4	45	1143	123	1229	0.0	1071
Ga0374720_01_8411_8998	CP000239.1:2926368-2926956|CDS|CYA_2901	92.542	590	40	3	1	588	1	588	0.0	856
Ga0374720_01_8411_8998	CP000240.1:3040801-3041383|CDS|CYB_2938	84.248	565	89	0	11	575	11	575	2.50e-177	618
Ga0374720_01_8411_8998	CP000240.1:3041564-3042146|CDS|CYB_2939	79.895	572	107	4	11	578	11	578	1.39e-142	503
Ga0374720_01_9102_10238	CP000239.1:2926873-2928259|CDS|CYA_2902	94.628	1117	36	2	7	1108	1	1108	0.0	1757
Ga0374720_01_10339_13881	CP000239.1:2928365-2931908|CDS|CYA_2903	99.972	3543	1	0	1	3543	1	3543	0.0	6386
Ga0374720_01_10339_13881	CP000240.1:3042234-3045801|CDS|CYB_2940	87.099	3558	435	1	1	3534	1	3558	0.0	4365
Ga0374720_01_13957_14337	CP000239.1:2931983-2932364|CDS|CYA_2904	100.000	381	0	0	1	381	1	381	0.0	688
Ga0374720_01_13957_14337	CP000240.1:3045884-3046286|CDS|CYB_2941	87.006	354	46	0	1	354	1	354	1.30e-121	432
Ga0374720_01_14428_14568	CP000239.1:2932454-2932595|CDS|CYA_2905	100.000	141	0	0	1	141	1	141	6.91e-69	255
Ga0374720_01_14428_14568	CP000240.1:3046379-3046520|CDS|CYB_2942	93.617	141	9	0	1	141	1	141	2.12e-56	214
Ga0374720_01_14810_16213	CP000239.1:70-1474|CDS|CYA_0001	99.858	1404	2	0	1	1404	1	1404	0.0	2524
Ga0374720_01_14810_16213	CP000240.1:63-1467|CDS|CYB_0001	87.607	1404	174	0	1	1404	1	1404	0.0	1748
Ga0374720_01_16384_17073	CP000239.1:1644-2334|CDS|CYA_0003	100.000	690	0	0	1	690	1	690	0.0	1245
Ga0374720_01_16384_17073	CP000240.1:1492-2317|CDS|CYB_0002	82.754	690	113	1	1	690	142	825	0.0	710
Ga0374720_01_17070_17891	CP000239.1:2330-3152|CDS|CYA_0002	99.878	822	1	0	1	822	1	822	0.0	1479
Ga0374720_01_17070_17891	CP000240.1:2442-3264|CDS|CYB_0003	84.146	820	130	0	1	820	1	820	0.0	893
Ga0374720_01_17995_19881	CP000239.1:3255-5142|CDS|CYA_0004	100.000	1887	0	0	1	1887	1	1887	0.0	3404
Ga0374720_01_17995_19881	CP000240.1:3371-5294|CDS|CYB_0004	88.123	1886	212	1	1	1874	1	1886	0.0	2398
Ga0374720_01_20007_20882	CP000239.1:5267-6143|CDS|CYA_0005	100.000	876	0	0	1	876	1	876	0.0	1581
Ga0374720_01_20007_20882	CP000240.1:5430-6306|CDS|CYB_0005	89.829	875	89	0	1	875	1	875	0.0	1177
Ga0374720_01_21219_21758	CP000239.1:6353-7019|CDS|CYA_0007	100.000	540	0	0	1	540	127	666	0.0	975
Ga0374720_01_21219_21758	CP000240.1:6532-7120|CDS|CYB_0007	83.978	543	81	1	4	540	46	588	1.11e-168	589
Ga0374720_01_21796_24252	CP000239.1:7056-9606|CDS|CYA_0008	99.919	2457	2	0	1	2457	94	2550	0.0	4423
Ga0374720_01_21796_24252	CP000240.1:7142-9602|CDS|CYB_0008	85.755	2457	326	2	1	2457	28	2460	0.0	2866
Ga0374720_01_24797_26200	CP000239.1:9805-11209|CDS|CYA_0009	99.137	1391	12	0	14	1404	14	1404	0.0	2455
Ga0374720_01_24797_26200	CP000240.1:15044-16448|CDS|CYB_0014	86.139	1378	191	0	16	1393	16	1393	0.0	1625
Ga0374720_01_26259_26651	CP000239.1:11267-11660|CDS|CYA_0010	100.000	393	0	0	1	393	1	393	0.0	710
Ga0374720_01_26259_26651	CP000240.1:294355-294742|CDS|CYB_0279	83.696	368	60	0	1	368	1	368	3.38e-110	394
Ga0374720_01_26801_28117	CP000239.1:11809-13177|CDS|CYA_0011	99.924	1317	1	0	1	1317	52	1368	0.0	2371
Ga0374720_01_26801_28117	CP000240.1:292777-294145|CDS|CYB_0278	88.567	1312	150	0	1	1312	52	1363	0.0	1691
Ga0374720_01_28477_29244	CP000239.1:13485-14220|CDS|CYA_0012	100.000	735	0	0	34	768	1	735	0.0	1326
Ga0374720_01_29208_29981	CP000239.1:14216-14957|CDS|CYA_0013	100.000	741	0	0	34	774	1	741	0.0	1337
Ga0374720_01_29208_29981	CP000240.1:291857-292559|CDS|CYB_0277	86.831	691	91	0	71	761	2	692	0.0	837
Ga0374720_01_29989_30453	CP000239.1:14997-15462|CDS|CYA_0014	100.000	465	0	0	1	465	1	465	0.0	839
Ga0374720_01_29989_30453	CP000240.1:291316-291781|CDS|CYB_0276	91.398	465	40	0	1	465	1	465	0.0	659
Ga0374720_01_30504_31031	CP000239.1:15512-16040|CDS|CYA_0015	99.621	528	2	0	1	528	1	528	0.0	944
Ga0374720_01_30504_31031	CP000240.1:290737-291265|CDS|CYB_0275	87.121	528	68	0	1	528	1	528	0.0	646
Ga0374720_01_31192_31956	CP000239.1:16200-16965|CDS|CYA_0016	99.869	765	1	0	1	765	1	765	0.0	1376
Ga0374720_01_31192_31956	CP000240.1:1496237-1497014|CDS|CYB_1426	83.593	707	114	2	39	744	39	744	0.0	746
Ga0374720_01_32157_32777	CP000239.1:17165-17786|CDS|CYA_0018	99.839	621	1	0	1	621	1	621	0.0	1116
Ga0374720_01_32157_32777	CP000240.1:1497272-1497911|CDS|CYB_1428	86.409	596	72	1	1	596	22	608	0.0	714
Ga0374720_01_32760_33491	CP000239.1:17768-18500|CDS|CYA_0017	99.863	732	1	0	1	732	1	732	0.0	1316
Ga0374720_01_32760_33491	CP000240.1:1497842-1498625|CDS|CYB_1427	84.903	722	103	2	1	719	1	719	0.0	808
Ga0374720_01_33680_34711	CP000239.1:18688-19720|CDS|CYA_0020	99.612	1032	4	0	1	1032	1	1032	0.0	1844
Ga0374720_01_33680_34711	CP000240.1:1498812-1499829|CDS|CYB_1429	86.673	1013	132	1	1	1010	1	1013	0.0	1217
Ga0374720_01_34697_35203	CP000239.1:19705-20212|CDS|CYA_0019	99.803	507	1	0	1	507	1	507	0.0	911
Ga0374720_01_34697_35203	CP000240.1:3019559-3020066|CDS|CYB_2920	83.198	494	83	0	10	503	10	503	5.39e-147	517
Ga0374720_01_35210_35581	CP000239.1:20218-20590|CDS|CYA_0021	94.070	371	22	0	2	372	2	372	2.01e-163	571
Ga0374720_01_35210_35581	CP000240.1:3020062-3020446|CDS|CYB_2921	77.746	346	67	3	12	352	12	352	7.52e-74	273
Ga0374720_01_35568_36344	CP000239.1:20576-21446|CDS|CYA_0022	91.506	777	66	0	1	777	94	870	0.0	1104
Ga0374720_01_35568_36344	CP000240.1:3020432-3021335|CDS|CYB_2922	84.485	767	119	0	1	767	127	893	0.0	847
Ga0374720_01_36666_36770	CP000239.1:21787-21895|CDS|CYA_0023	95.238	105	5	0	1	105	4	108	1.92e-42	168
Ga0374720_01_36666_36770	CP000240.1:3021525-3021633|CDS|CYB_2923	88.571	105	12	0	1	105	4	108	3.26e-33	136
Ga0374720_01_36858_37949	CP000239.1:22083-23175|CDS|CYA_0024	98.901	1092	12	0	1	1092	1	1092	0.0	1916
Ga0374720_01_36858_37949	CP000240.1:3021851-3022943|CDS|CYB_2924	84.615	1092	168	0	1	1092	1	1092	0.0	1213
Ga0374720_01_38103_39497	CP000239.1:23328-24723|CDS|CYA_0025	99.857	1395	2	0	1	1395	1	1395	0.0	2507
Ga0374720_01_38103_39497	CP000240.1:511014-512409|CDS|CYB_0500	84.753	1397	209	2	1	1395	1	1395	0.0	1554
Ga0374720_01_39685_40905	CP000239.1:24910-26074|CDS|CYA_0026	100.000	1164	0	0	58	1221	1	1164	0.0	2100
Ga0374720_01_39685_40905	CP000240.1:2387497-2388799|CDS|CYB_2281	78.162	1186	223	9	10	1162	85	1267	0.0	964
Ga0374720_01_40976_41341	CP000239.1:26201-26567|CDS|CYA_0027	99.727	366	1	0	1	366	1	366	0.0	656
Ga0374720_01_40976_41341	CP000240.1:2388798-2389182|CDS|CYB_2282	86.072	359	50	0	6	364	24	382	6.46e-119	423
Ga0374720_01_41491_41919	CP000239.1:26692-27145|CDS|CYA_0028	99.767	429	1	0	1	429	25	453	0.0	770
Ga0374720_01_41491_41919	CP000240.1:2389379-2389823|CDS|CYB_2283	86.902	397	52	0	2	398	26	422	9.32e-137	482
Ga0374720_01_41491_41919	CP000240.1:705025-705457|CDS|CYB_0688	77.676	327	73	0	73	399	100	426	5.52e-70	261
Ga0374720_01_41491_41919	CP000239.1:2512197-2512599|CDS|CYA_2501	74.618	327	83	0	73	399	70	396	2.06e-56	216
Ga0374720_01_41927_44308	CP000239.1:27152-29534|CDS|CYA_0029	99.958	2382	1	0	1	2382	1	2382	0.0	4292
Ga0374720_01_41927_44308	CP000240.1:2389873-2392255|CDS|CYB_2284	83.712	2376	372	2	1	2364	1	2373	0.0	2545
Ga0374720_01_44489_44935	CP000239.1:29714-30161|CDS|CYA_0030	99.553	447	2	0	1	447	1	447	0.0	798
Ga0374720_01_44489_44935	CP000240.1:2392457-2392904|CDS|CYB_2285	89.933	447	45	0	1	447	1	447	4.13e-173	604
Ga0374720_01_45263_45643	CP000239.1:30487-30868|CDS|CYA_0031	100.000	381	0	0	1	381	1	381	0.0	688
Ga0374720_01_45263_45643	CP000240.1:2393260-2393641|CDS|CYB_2286	88.451	381	44	0	1	381	1	381	5.53e-139	489
Ga0374720_01_45697_46965	CP000239.1:30914-32189|CDS|CYA_0032	99.685	1269	3	1	1	1269	8	1275	0.0	2268
Ga0374720_01_45697_46965	CP000240.1:2393680-2395045|CDS|CYB_2287	79.183	1273	229	5	31	1269	95	1365	0.0	1112
Ga0374720_01_47343_47996	CP000239.1:32566-33220|CDS|CYA_0034	99.847	654	1	0	1	654	1	654	0.0	1176
Ga0374720_01_48366_48836	CP000239.1:33589-34060|CDS|CYA_0035	99.788	471	1	0	1	471	1	471	0.0	846
Ga0374720_01_48366_48836	CP000240.1:1574006-1574477|CDS|CYB_1499	89.787	470	48	0	1	470	1	470	0.0	632
Ga0374720_01_48886_48999	CP000239.1:34109-34223|CDS|CYA_0036	100.000	114	0	0	1	114	1	114	2.43e-54	206
Ga0374720_01_48886_48999	CP000240.1:1574515-1574629|CDS|CYB_1500	90.265	113	11	0	1	113	1	113	1.34e-38	155
Ga0374720_02_1319_2359	CP000239.1:989223-990264|CDS|CYA_0976	99.808	1041	2	0	1	1041	1	1041	0.0	1869
Ga0374720_02_1319_2359	CP000240.1:3028127-3029168|CDS|CYB_2928	87.608	1041	129	0	1	1041	1	1041	0.0	1297
Ga0374720_02_2441_4246	CP000239.1:990345-992028|CDS|CYA_0977	100.000	1683	0	0	124	1806	1	1683	0.0	3036
Ga0374720_02_2441_4246	CP000240.1:3026348-3028034|CDS|CYB_2927	85.003	1667	250	0	128	1794	2	1668	0.0	1880
Ga0374720_02_4618_5745	CP000239.1:992522-993647|CDS|CYA_0978	99.557	1128	2	1	1	1128	1	1125	0.0	2011
Ga0374720_02_4618_5745	CP000240.1:3024714-3025836|CDS|CYB_2926	79.683	1137	207	11	1	1128	1	1122	0.0	982
Ga0374720_02_5757_5873	CP000239.1:993658-993928|CDS|CYA_0979	100.000	117	0	0	1	117	154	270	5.90e-56	212
Ga0374720_02_5829_6041	CP000239.1:993658-993928|CDS|CYA_0979	100.000	198	0	0	1	198	198	1	1.26e-99	358
Ga0374720_02_5829_6041	CP000240.1:2806083-2806359|CDS|CYB_2713	81.726	197	36	0	2	198	197	1	3.16e-50	194
Ga0374720_02_6355_7566	CP000239.1:994256-995468|CDS|CYA_0981	99.917	1212	1	0	1	1212	1	1212	0.0	2182
Ga0374720_02_6355_7566	CP000240.1:1842322-1843549|CDS|CYB_1759	92.608	1204	65	1	1	1180	1	1204	0.0	1788
Ga0374720_02_6355_7566	CP000240.1:1015074-1016268|CDS|CYB_0979	91.584	1212	84	2	1	1212	1	1194	0.0	1734
Ga0374720_02_6355_7566	CP000240.1:345730-346924|CDS|CYB_0329	93.778	1125	70	0	1	1125	1	1125	0.0	1714
Ga0374720_02_6355_7566	CP000240.1:2565689-2566883|CDS|CYB_2468	93.156	1125	77	0	1	1125	1	1125	0.0	1682
Ga0374720_02_6355_7566	CP000240.1:1384265-1385459|CDS|CYB_1322	90.264	1212	100	2	1	1212	1	1194	0.0	1662
Ga0374720_02_6355_7566	CP000240.1:605550-606744|CDS|CYB_0598	90.101	1192	118	0	1	1192	1	1192	0.0	1618
Ga0374720_02_6355_7566	CP000240.1:241642-242836|CDS|CYB_0233	89.530	1213	107	4	1	1212	1	1194	0.0	1616
Ga0374720_02_6355_7566	CP000240.1:2933473-2934709|CDS|CYB_2835	88.763	1237	113	3	1	1212	1	1236	0.0	1615
Ga0374720_02_6355_7566	CP000239.1:629980-631174|CDS|CYA_0620	90.017	1192	119	0	1	1192	1	1192	0.0	1614
Ga0374720_02_6355_7566	CP000240.1:1267756-1268992|CDS|CYB_1227	88.440	1237	117	3	1	1212	1	1236	0.0	1597
Ga0374720_02_6355_7566	CP000240.1:481588-482800|CDS|CYB_0472	89.283	1213	128	2	1	1212	1	1212	0.0	1595
Ga0374720_02_6355_7566	CP000240.1:1244785-1246021|CDS|CYB_1201	88.269	1236	121	1	1	1212	1	1236	0.0	1593
Ga0374720_02_6355_7566	CP000240.1:2619921-2621115|CDS|CYB_2521	89.355	1193	125	2	1	1192	1	1192	0.0	1572
Ga0374720_02_6355_7566	CP000239.1:1594889-1596107|CDS|CYA_1585	90.941	1126	100	2	1	1125	1	1125	0.0	1564
Ga0374720_02_6355_7566	CP000240.1:629484-630702|CDS|CYB_0620	88.158	1216	120	1	1	1192	1	1216	0.0	1562
Ga0374720_02_6355_7566	CP000240.1:2661652-2662870|CDS|CYB_2557	88.076	1216	121	1	1	1192	1	1216	0.0	1557
Ga0374720_02_6355_7566	CP000239.1:893439-894633|CDS|CYA_0887	88.119	1212	126	2	1	1212	1	1194	0.0	1544
Ga0374720_02_6355_7566	CP000240.1:1316312-1317548|CDS|CYB_1259	87.298	1236	133	1	1	1212	1	1236	0.0	1539
Ga0374720_02_6355_7566	CP000239.1:698055-699204|CDS|CYA_0690	88.840	1147	104	1	1	1123	1	1147	0.0	1509
Ga0374720_02_6355_7566	CP000240.1:2210858-2212052|CDS|CYB_2117	87.846	1193	143	2	1	1192	1	1192	0.0	1491
Ga0374720_02_6355_7566	CP000240.1:2247371-2248565|CDS|CYB_2147	87.139	1213	136	4	1	1212	1	1194	0.0	1485
Ga0374720_02_6355_7566	CP000239.1:712444-713638|CDS|CYA_0704	87.343	1193	149	2	1	1192	1	1192	0.0	1464
Ga0374720_02_6355_7566	CP000240.1:1190675-1191869|CDS|CYB_1151	86.924	1193	154	2	1	1192	1	1192	0.0	1442
Ga0374720_02_6355_7566	CP000240.1:1064975-1066169|CDS|CYB_1023	86.745	1192	158	0	1	1192	1	1192	0.0	1438
Ga0374720_02_6355_7566	CP000240.1:2644164-2645358|CDS|CYB_2538	85.906	1192	168	0	1	1192	1	1192	0.0	1393
Ga0374720_02_6355_7566	CP000240.1:1803089-1804283|CDS|CYB_1722	85.570	1192	172	0	1	1192	1	1192	0.0	1375
Ga0374720_02_6355_7566	CP000240.1:3008652-3009870|CDS|CYB_2910	84.622	1216	163	1	1	1192	1	1216	0.0	1368
Ga0374720_02_6355_7566	CP000240.1:2553363-2554557|CDS|CYB_2454	84.983	1192	179	0	1	1192	1	1192	0.0	1343
Ga0374720_02_6355_7566	CP000240.1:638632-639850|CDS|CYB_0630	84.128	1216	169	1	1	1192	1	1216	0.0	1341
Ga0374720_02_6355_7566	CP000239.1:2170714-2171908|CDS|CYA_2158	84.815	1192	181	0	1	1192	1	1192	0.0	1334
Ga0374720_02_6355_7566	CP000239.1:774779-775973|CDS|CYA_0767	84.815	1192	181	0	1	1192	1	1192	0.0	1334
Ga0374720_02_6355_7566	CP000240.1:2796782-2798000|CDS|CYB_2707	83.964	1216	171	1	1	1192	1	1216	0.0	1332
Ga0374720_02_6355_7566	CP000240.1:52430-53648|CDS|CYB_0041	83.964	1216	171	1	1	1192	1	1216	0.0	1332
Ga0374720_02_6355_7566	CP000240.1:2168360-2169515|CDS|CYB_2071	86.044	1125	157	0	1	1125	1	1125	0.0	1322
Ga0374720_02_6355_7566	CP000240.1:1521392-1522610|CDS|CYB_1450	83.717	1216	174	1	1	1192	1	1216	0.0	1318
Ga0374720_02_6355_7566	CP000240.1:1954838-1956056|CDS|CYB_1872	83.320	1217	177	3	1	1192	1	1216	0.0	1290
Ga0374720_02_6355_7566	CP000240.1:1083184-1084426|CDS|CYB_1042	81.935	1240	176	2	1	1192	1	1240	0.0	1261
Ga0374720_02_6355_7566	CP000240.1:1358129-1359347|CDS|CYB_1297	82.648	1216	187	1	1	1192	1	1216	0.0	1260
Ga0374720_02_6355_7566	CP000240.1:2830275-2831565|CDS|CYB_2735	80.556	1260	180	3	1	1212	1	1243	0.0	1214
Ga0374720_02_6355_7566	CP000240.1:102811-104029|CDS|CYB_0087	81.549	1149	188	1	1	1125	1	1149	0.0	1134
Ga0374720_02_6355_7566	CP000240.1:2219258-2220470|CDS|CYB_2126	80.788	1218	222	8	1	1212	1	1212	0.0	1117
Ga0374720_02_6355_7566	CP000239.1:693322-694534|CDS|CYA_0687	80.131	1218	230	8	1	1212	1	1212	0.0	1081
Ga0374720_02_6355_7566	CP000240.1:2128026-2129220|CDS|CYB_2026	79.894	1129	219	7	1	1125	1	1125	0.0	989
Ga0374720_02_6355_7566	CP000240.1:1917270-1918464|CDS|CYB_1826	77.605	1219	241	12	1	1212	1	1194	0.0	943
Ga0374720_02_6355_7566	CP000240.1:1763450-1764623|CDS|CYB_1688	78.887	1132	225	10	1	1125	1	1125	0.0	932
Ga0374720_02_6355_7566	CP000240.1:2506708-2507857|CDS|CYB_2410	75.752	1130	152	6	1	1009	1	1129	0.0	886
Ga0374720_02_6355_7566	CP000239.1:88305-89487|CDS|CYA_0091	75.223	1122	252	6	1	1115	1	1103	0.0	767
Ga0374720_02_7637_8215	CP000239.1:995538-996033|CDS|CYA_0982	100.000	495	0	0	85	579	1	495	0.0	893
Ga0374720_02_7637_8215	CP000240.1:346994-347858|CDS|CYB_0330	95.446	549	25	0	1	549	1	549	0.0	878
Ga0374720_02_8607_9758	CP000239.1:996508-997660|CDS|CYA_0983	98.351	1152	19	0	1	1152	1	1152	0.0	1993
Ga0374720_02_8607_9758	CP000240.1:347946-349098|CDS|CYB_0331	98.264	1152	20	0	1	1152	1	1152	0.0	1988
Ga0374720_02_9883_10848	CP000240.1:349222-350188|CDS|CYB_0332	98.033	966	19	0	1	966	1	966	0.0	1657
Ga0374720_02_9883_10848	CP000239.1:997797-998757|CDS|CYA_0984	97.619	966	17	1	1	966	1	960	0.0	1640
Ga0374720_02_10962_11993	CP000239.1:998870-999911|CDS|CYA_0985	98.244	1025	18	0	1	1025	1	1025	0.0	1768
Ga0374720_02_10962_11993	CP000240.1:350301-351342|CDS|CYB_0333	98.049	1025	20	0	1	1025	1	1025	0.0	1759
Ga0374720_02_12096_13379	CP000239.1:1000283-1001570|CDS|CYA_0986	93.619	1285	79	1	1	1282	1	1285	0.0	1947
Ga0374720_02_12096_13379	CP000240.1:351714-352995|CDS|CYB_0334	89.339	1285	128	2	1	1282	1	1279	0.0	1700
Ga0374720_02_14323_14631	CP000239.1:1001744-1002821|CDS|CYA_0989	100.000	309	0	0	1	309	769	1077	1.04e-159	558
Ga0374720_02_14323_14631	CP000240.1:353346-354255|CDS|CYB_0335	85.333	300	42	2	1	299	601	899	6.18e-93	336
Ga0374720_02_14744_15862	CP000239.1:1002933-1004052|CDS|CYA_0990	100.000	1119	0	0	1	1119	1	1119	0.0	2019
Ga0374720_02_14744_15862	CP000240.1:354382-355504|CDS|CYB_0336	87.166	1122	141	1	1	1119	1	1122	0.0	1373
Ga0374720_02_16142_17050	CP000239.1:1004331-1005240|CDS|CYA_0991	95.930	909	37	0	1	909	1	909	0.0	1473
Ga0374720_02_16142_17050	CP000240.1:355764-356694|CDS|CYB_0337	86.845	897	116	2	11	906	29	924	0.0	1079
Ga0374720_02_17071_18192	CP000239.1:1005260-1006382|CDS|CYA_0992	99.554	1122	5	0	1	1122	1	1122	0.0	2002
Ga0374720_02_17071_18192	CP000240.1:356718-357846|CDS|CYB_0338	86.093	1093	152	0	11	1103	17	1109	0.0	1287
Ga0374720_02_18442_19560	CP000239.1:1006631-1007750|CDS|CYA_0993	99.911	1119	1	0	1	1119	1	1119	0.0	2014
Ga0374720_02_18442_19560	CP000240.1:499935-501054|CDS|CYB_0487	84.450	1119	174	0	1	1119	1	1119	0.0	1234
Ga0374720_02_19624_20328	CP000239.1:1007813-1008518|CDS|CYA_0994	100.000	705	0	0	1	705	1	705	0.0	1272
Ga0374720_02_19624_20328	CP000240.1:499167-499875|CDS|CYB_0486	81.294	711	124	2	1	705	1	708	0.0	682
Ga0374720_02_20328_21050	CP000239.1:1008517-1009240|CDS|CYA_0995	100.000	723	0	0	1	723	1	723	0.0	1305
Ga0374720_02_20328_21050	CP000240.1:498466-499168|CDS|CYB_0485	79.539	694	142	0	1	694	1	694	1.32e-175	612
Ga0374720_02_21338_23452	CP000240.1:496113-498204|CDS|CYB_0484	90.080	2117	182	11	1	2115	1	2091	0.0	2847
Ga0374720_02_23646_24212	CP000240.1:495353-495920|CDS|CYB_0483	99.471	567	3	0	1	567	1	567	0.0	1010
Ga0374720_02_23646_24212	CP000239.1:1014351-1014918|CDS|CYA_1001	86.772	567	75	0	1	567	1	567	0.0	685
Ga0374720_02_24290_25870	CP000239.1:1015045-1016581|CDS|CYA_1002	94.723	1535	81	0	47	1581	2	1536	0.0	2404
Ga0374720_02_24290_25870	CP000240.1:493689-495231|CDS|CYB_0482	86.962	1534	192	3	46	1575	1	1530	0.0	1859
Ga0374720_02_25875_27308	CP000239.1:1016585-1018019|CDS|CYA_1003	96.583	1434	49	0	1	1434	1	1434	0.0	2366
Ga0374720_02_25875_27308	CP000240.1:492231-493674|CDS|CYB_0481	86.265	1427	187	1	1	1418	1	1427	0.0	1694
Ga0374720_02_27511_27867	CP000239.1:1018221-1018578|CDS|CYA_1004	99.440	357	2	0	1	357	1	357	0.0	636
Ga0374720_02_28124_29053	CP000239.1:1018843-1019764|CDS|CYA_1005	98.480	921	14	0	10	930	1	921	0.0	1599
Ga0374720_02_28124_29053	CP000240.1:490116-491037|CDS|CYB_0479	88.491	921	106	0	10	930	1	921	0.0	1184
Ga0374720_02_29131_29643	CP000239.1:1019841-1020354|CDS|CYA_1006	98.416	505	8	0	1	505	1	505	0.0	875
Ga0374720_02_29131_29643	CP000240.1:489532-490051|CDS|CYB_0478	86.301	511	64	1	1	505	1	511	3.92e-174	608
Ga0374720_02_29725_32661	CP000239.1:1020397-1024249|CDS|CYA_1007	77.176	2252	499	8	1	2246	79	2321	0.0	1722
Ga0374720_03_209_1471	CP000239.1:2019790-2021053|CDS|CYA_2003	100.000	1263	0	0	1	1263	1	1263	0.0	2278
Ga0374720_03_209_1471	CP000240.1:1340740-1342003|CDS|CYB_1286	85.036	1263	189	0	1	1263	1	1263	0.0	1426
Ga0374720_03_209_1471	CP000239.1:458676-459972|CDS|CYA_0439	67.010	970	305	7	44	1001	35	1001	3.47e-78	289
Ga0374720_03_209_1471	CP000240.1:814083-815385|CDS|CYB_0788	65.200	977	311	18	43	1000	34	1000	1.93e-43	175
Ga0374720_03_1606_3096	CP000239.1:2016331-2017822|CDS|CYA_2000	100.000	1491	0	0	1	1491	1	1491	0.0	2690
Ga0374720_03_1606_3096	CP000240.1:1342376-1343864|CDS|CYB_1287	81.212	1485	216	7	55	1491	19	1488	0.0	1446
Ga0374720_03_3164_3424	CP000239.1:2015754-2016264|CDS|CYA_1999	100.000	261	0	0	1	261	250	510	9.91e-134	471
Ga0374720_03_3421_4617	CP000239.1:2014780-2016007|CDS|CYA_1998	100.000	1197	0	0	1	1197	31	1227	0.0	2159
Ga0374720_03_3421_4617	CP000240.1:2440722-2441973|CDS|CYB_2336	77.759	1196	221	9	34	1187	55	1247	0.0	958
Ga0374720_03_4659_4832	CP000239.1:2014595-2014769|CDS|CYA_1997	100.000	174	0	0	1	174	1	174	1.07e-86	315
Ga0374720_03_4659_4832	CP000240.1:2440508-2440682|CDS|CYB_2335	89.535	172	18	0	1	172	1	172	3.49e-61	230
Ga0374720_03_4880_5425	CP000239.1:2014002-2014548|CDS|CYA_1996	100.000	546	0	0	1	546	1	546	0.0	985
Ga0374720_03_4880_5425	CP000240.1:2439909-2440461|CDS|CYB_2334	83.273	550	86	1	1	544	1	550	2.03e-165	579
Ga0374720_03_5427_6167	CP000239.1:2013266-2014001|CDS|CYA_1995	99.864	735	1	0	7	741	1	735	0.0	1322
Ga0374720_03_5427_6167	CP000240.1:2439173-2439908|CDS|CYB_2333	91.020	735	66	0	7	741	1	735	0.0	1029
Ga0374720_03_6158_6520	CP000239.1:2012907-2013270|CDS|CYA_1994	100.000	363	0	0	1	363	1	363	0.0	655
Ga0374720_03_6158_6520	CP000240.1:2438814-2439177|CDS|CYB_2332	90.634	363	34	0	1	363	1	363	8.33e-143	502
Ga0374720_03_6605_6868	CP000239.1:2012541-2012814|CDS|CYA_1993	100.000	264	0	0	1	264	10	273	2.36e-135	477
Ga0374720_03_6605_6868	CP000240.1:2438465-2438714|CDS|CYB_2331	85.455	220	32	0	19	238	19	238	4.88e-68	253
Ga0374720_03_7028_7684	CP000239.1:2011734-2012391|CDS|CYA_1992	100.000	657	0	0	1	657	1	657	0.0	1186
Ga0374720_03_7028_7684	CP000240.1:2437163-2437823|CDS|CYB_2330	81.448	663	114	2	1	657	1	660	0.0	641
Ga0374720_03_8031_8648	CP000239.1:2010770-2011592|CDS|CYA_1991	100.000	618	0	0	1	618	205	822	0.0	1115
Ga0374720_03_8031_8648	CP000240.1:2436196-2436928|CDS|CYB_2329	79.074	583	113	2	36	618	159	732	5.09e-142	501
Ga0374720_03_8768_9253	CP000239.1:2010165-2010651|CDS|CYA_1989	100.000	486	0	0	1	486	1	486	0.0	877
Ga0374720_03_8768_9253	CP000240.1:2435564-2436077|CDS|CYB_2327	79.739	459	91	2	1	458	1	458	2.85e-112	402
Ga0374720_03_9250_10380	CP000239.1:2009038-2010169|CDS|CYA_1990	100.000	1131	0	0	1	1131	1	1131	0.0	2040
Ga0374720_03_9250_10380	CP000240.1:2434457-2435588|CDS|CYB_2328	87.798	1131	136	2	1	1130	1	1130	0.0	1411
Ga0374720_03_10502_11854	CP000239.1:2007471-2008917|CDS|CYA_1988	99.778	1353	3	0	1	1353	94	1446	0.0	2427
Ga0374720_03_10502_11854	CP000240.1:110943-112338|CDS|CYB_0095	87.287	1290	164	0	1	1290	91	1380	0.0	1588
Ga0374720_03_12291_12944	CP000239.1:2006474-2007128|CDS|CYA_1987	99.694	654	2	0	1	654	1	654	0.0	1171
Ga0374720_03_12291_12944	CP000240.1:110016-110670|CDS|CYB_0094	87.920	654	79	0	1	654	1	654	0.0	824
Ga0374720_03_13064_14326	CP000239.1:2005092-2006355|CDS|CYA_1986	99.921	1263	1	0	1	1263	1	1263	0.0	2274
Ga0374720_03_13064_14326	CP000240.1:108514-109690|CDS|CYB_0093	84.538	1093	164	4	100	1188	1	1092	0.0	1196
Ga0374720_03_14354_14971	CP000239.1:2004447-2005065|CDS|CYA_1985	100.000	618	0	0	1	618	1	618	0.0	1115
Ga0374720_03_14354_14971	CP000240.1:107840-108458|CDS|CYB_0092	80.743	592	112	2	26	616	26	616	3.91e-156	547
Ga0374720_03_15073_15180	CP000239.1:2003652-2004384|CDS|CYA_1984	100.000	108	0	0	1	108	39	146	4.11e-51	196
Ga0374720_03_15203_15766	CP000239.1:2003652-2004384|CDS|CYA_1984	100.000	564	0	0	1	564	169	732	0.0	1018
Ga0374720_03_15203_15766	CP000240.1:107026-107731|CDS|CYB_0091	75.135	555	99	4	40	564	160	705	1.42e-110	397
Ga0374720_03_15981_17051	CP000239.1:2002147-2003170|CDS|CYA_1982	99.609	1023	4	0	49	1071	1	1023	0.0	1828
Ga0374720_03_15981_17051	CP000240.1:1184834-1185857|CDS|CYB_1146	84.267	1017	158	2	49	1064	1	1016	0.0	1106
Ga0374720_03_17190_19565	CP000239.1:1999600-2001976|CDS|CYA_1981	99.285	2376	17	0	1	2376	1	2376	0.0	4209
Ga0374720_03_17190_19565	CP000240.1:1182310-1184686|CDS|CYB_1145	90.641	2372	222	0	1	2372	1	2372	0.0	3278
Ga0374720_03_19665_20663	CP000239.1:1998385-1999501|CDS|CYA_1980	99.800	999	2	0	1	999	118	1116	0.0	1793
Ga0374720_03_19665_20663	CP000240.1:1181164-1182199|CDS|CYB_1144	85.671	998	143	0	1	998	37	1034	0.0	1156
Ga0374720_03_20803_21189	CP000239.1:1997988-1998363|CDS|CYA_1979	97.867	375	8	0	13	387	1	375	0.0	641
Ga0374720_03_20803_21189	CP000240.1:1180685-1181060|CDS|CYB_1143	88.347	369	43	0	13	381	1	369	1.51e-133	472
Ga0374720_03_21266_22408	CP000239.1:1996732-1997869|CDS|CYA_1978	97.626	1053	25	0	1	1053	1	1053	0.0	1787
Ga0374720_03_21266_22408	CP000240.1:101493-102624|CDS|CYB_0086	87.714	1050	129	0	1	1050	1	1050	0.0	1313
Ga0374720_04_1191_1883	CP000239.1:89674-90367|CDS|CYA_0092	100.000	693	0	0	1	693	1	693	0.0	1251
Ga0374720_04_1191_1883	CP000240.1:2156694-2157387|CDS|CYB_2059	86.297	686	94	0	1	686	1	686	0.0	814
Ga0374720_04_1883_2539	CP000239.1:90366-91023|CDS|CYA_0093	99.391	657	4	0	1	657	1	657	0.0	1168
Ga0374720_04_1883_2539	CP000240.1:2157386-2158043|CDS|CYB_2060	84.018	657	105	0	1	657	1	657	0.0	712
Ga0374720_04_2778_3896	CP000239.1:91261-92380|CDS|CYA_0094	99.911	1119	1	0	1	1119	1	1119	0.0	2014
Ga0374720_04_2778_3896	CP000240.1:2158298-2159417|CDS|CYB_2061	86.238	1119	154	0	1	1119	1	1119	0.0	1324
Ga0374720_04_4049_4507	CP000239.1:92496-92991|CDS|CYA_0095	100.000	459	0	0	1	459	37	495	0.0	829
Ga0374720_04_4049_4507	CP000240.1:2159577-2160048|CDS|CYB_2062	80.000	465	78	4	1	453	1	462	1.22e-116	416
Ga0374720_04_4621_4965	CP000239.1:93104-93449|CDS|CYA_0096	100.000	345	0	0	1	345	1	345	3.36e-179	623
Ga0374720_04_4621_4965	CP000240.1:2160121-2160466|CDS|CYB_2063	84.802	329	50	0	1	329	1	329	1.18e-102	369
Ga0374720_04_5342_6715	CP000239.1:93642-95199|CDS|CYA_0097	99.854	1374	2	0	1	1374	184	1557	0.0	2470
Ga0374720_04_5342_6715	CP000240.1:2160616-2162161|CDS|CYB_2064	82.125	1365	229	5	2	1363	185	1537	0.0	1353
Ga0374720_04_6898_8088	CP000239.1:95381-96572|CDS|CYA_0099	99.916	1191	1	0	1	1191	1	1191	0.0	2144
Ga0374720_04_6898_8088	CP000240.1:2162300-2163470|CDS|CYB_2065	85.641	1177	148	3	1	1177	1	1156	0.0	1367
Ga0374720_04_8190_9929	CP000239.1:96916-98413|CDS|CYA_0100	99.933	1497	1	0	244	1740	1	1497	0.0	2696
Ga0374720_04_8190_9929	CP000240.1:2163802-2165248|CDS|CYB_2066	81.904	1481	232	2	260	1740	2	1446	0.0	1487
Ga0374720_04_10065_10241	CP000239.1:98506-98725|CDS|CYA_0102	99.435	177	1	0	1	177	43	219	1.09e-86	315
Ga0374720_04_10065_10241	CP000240.1:2166532-2166751|CDS|CYB_2069	88.636	176	20	0	1	176	43	218	1.24e-60	228
Ga0374720_04_10373_11842	CP000239.1:98856-100326|CDS|CYA_0103	100.000	1470	0	0	1	1470	1	1470	0.0	2652
Ga0374720_04_10373_11842	CP000240.1:2166881-2168315|CDS|CYB_2070	85.634	1420	202	2	1	1419	1	1419	0.0	1635
Ga0374720_04_11979_12554	CP000239.1:100417-101038|CDS|CYA_0104	99.653	576	2	0	1	576	46	621	0.0	1031
Ga0374720_04_11979_12554	CP000240.1:307436-308048|CDS|CYB_0296	85.590	576	83	0	1	576	37	612	0.0	665
Ga0374720_04_12668_12862	CP000240.1:307127-307346|CDS|CYB_0295	85.641	195	28	0	1	195	25	219	4.84e-60	226
Ga0374720_04_13438_14565	CP000239.1:101921-103049|CDS|CYA_0107	100.000	1128	0	0	1	1128	1	1128	0.0	2035
Ga0374720_04_13438_14565	CP000240.1:2206275-2207412|CDS|CYB_2112	85.284	1128	166	0	1	1128	1	1128	0.0	1287
Ga0374720_04_14772_14996	CP000240.1:2205521-2206241|CDS|CYB_2111	83.158	190	23	2	1	181	439	628	2.76e-51	198
Ga0374720_04_15735_16856	CP000239.1:104218-105340|CDS|CYA_0109	100.000	1122	0	0	1	1122	1	1122	0.0	2024
Ga0374720_04_15735_16856	CP000240.1:2203611-2204727|CDS|CYB_2110	84.220	1128	160	4	1	1122	1	1116	0.0	1231
Ga0374720_04_16926_17897	CP000239.1:105409-106381|CDS|CYA_0110	100.000	972	0	0	1	972	1	972	0.0	1754
Ga0374720_04_16926_17897	CP000240.1:2202564-2203542|CDS|CYB_2109	85.840	911	129	0	1	911	1	911	0.0	1062
Ga0374720_04_17917_18414	CP000239.1:106400-106871|CDS|CYA_0111	99.788	471	1	0	28	498	1	471	0.0	846
Ga0374720_04_18555_19220	CP000239.1:107038-107704|CDS|CYA_0112	100.000	666	0	0	1	666	1	666	0.0	1202
Ga0374720_04_18555_19220	CP000240.1:2201188-2201854|CDS|CYB_2107	87.087	666	86	0	1	666	1	666	0.0	814
Ga0374720_04_19272_20123	CP000239.1:107755-108475|CDS|CYA_0113	100.000	720	0	0	133	852	1	720	0.0	1299
Ga0374720_04_19272_20123	CP000240.1:2200319-2201048|CDS|CYB_2106	84.637	703	100	2	154	852	31	729	0.0	780
Ga0374720_04_20139_20711	CP000239.1:108622-109369|CDS|CYA_0114	100.000	573	0	0	1	573	175	747	0.0	1034
Ga0374720_04_20139_20711	CP000240.1:2199442-2200213|CDS|CYB_2104	85.844	551	78	0	1	551	175	725	0.0	643
Ga0374720_04_20958_21155	CP000239.1:109441-110236|CDS|CYA_0115	100.000	198	0	0	1	198	598	795	1.16e-99	358
Ga0374720_04_20958_21155	CP000240.1:2198610-2199366|CDS|CYB_2103	89.796	196	20	0	1	196	559	754	1.96e-71	264
Ga0374720_04_21814_22515	CP000239.1:110297-111221|CDS|CYA_0116	100.000	702	0	0	1	702	223	924	0.0	1267
Ga0374720_04_21814_22515	CP000240.1:2197589-2198528|CDS|CYB_2102	86.115	713	87	3	2	702	227	939	0.0	838
Ga0374720_05_701_1723	CP000239.1:1909496-1910519|CDS|CYA_1899	100.000	1023	0	0	1	1023	1	1023	0.0	1846
Ga0374720_05_701_1723	CP000240.1:1950553-1951576|CDS|CYB_1867	86.228	973	134	0	47	1019	47	1019	0.0	1151
Ga0374720_05_1807_3411	CP000239.1:1910602-1912207|CDS|CYA_1900	99.875	1605	2	0	1	1605	1	1605	0.0	2886
Ga0374720_05_1807_3411	CP000240.1:501273-502899|CDS|CYB_0488	87.898	1603	178	4	1	1589	1	1601	0.0	2013
Ga0374720_05_3437_3739	CP000239.1:1912232-1912535|CDS|CYA_1901	99.670	303	1	0	1	303	1	303	7.85e-155	543
Ga0374720_05_3437_3739	CP000240.1:502927-503230|CDS|CYB_0489	94.020	301	18	0	1	301	1	301	6.04e-131	462
Ga0374720_05_3743_4744	CP000239.1:1912538-1913453|CDS|CYA_1902	99.781	915	2	0	88	1002	1	915	0.0	1642
Ga0374720_05_3743_4744	CP000240.1:503232-504237|CDS|CYB_0490	76.892	1004	217	7	6	1000	6	1003	0.0	747
Ga0374720_05_4903_5835	CP000239.1:1913691-1914624|CDS|CYA_1903	99.893	933	1	0	1	933	1	933	0.0	1679
Ga0374720_05_4903_5835	CP000240.1:504358-505294|CDS|CYB_0491	84.492	935	142	1	1	932	1	935	0.0	1031
Ga0374720_05_5949_6431	CP000239.1:1914935-1915523|CDS|CYA_1904	100.000	483	0	0	1	483	106	588	0.0	872
Ga0374720_05_5949_6431	CP000240.1:505372-505891|CDS|CYB_0492	85.812	437	62	0	5	441	53	489	7.60e-145	509
Ga0374720_05_6532_6966	CP000239.1:1915476-1916058|CDS|CYA_1905	99.770	435	1	0	1	435	148	582	0.0	781
Ga0374720_05_6532_6966	CP000240.1:506210-506717|CDS|CYB_0493	79.391	427	88	0	2	428	74	500	3.53e-104	374
Ga0374720_05_7033_7680	CP000239.1:1916124-1916772|CDS|CYA_1906	99.846	648	1	0	1	648	1	648	0.0	1165
Ga0374720_05_7033_7680	CP000240.1:506812-507466|CDS|CYB_0494	88.037	652	72	2	1	646	1	652	0.0	821
Ga0374720_05_7810_8541	CP000239.1:1916901-1917633|CDS|CYA_1907	99.863	732	1	0	1	732	1	732	0.0	1316
Ga0374720_05_7810_8541	CP000240.1:507619-508351|CDS|CYB_0496	89.208	732	79	0	1	732	1	732	0.0	965
Ga0374720_05_8587_9645	CP000239.1:1917678-1918737|CDS|CYA_1908	99.811	1059	2	0	1	1059	1	1059	0.0	1902
Ga0374720_05_8587_9645	CP000240.1:508357-509446|CDS|CYB_0497	89.518	1059	111	0	1	1059	31	1089	0.0	1410
Ga0374720_05_9822_11009	CP000239.1:1918913-1920101|CDS|CYA_1909	99.916	1188	1	0	1	1188	1	1188	0.0	2139
Ga0374720_05_9822_11009	CP000240.1:509675-510863|CDS|CYB_0498	86.786	1173	155	0	1	1173	1	1173	0.0	1417
Ga0374720_05_11015_11689	CP000239.1:1920106-1920781|CDS|CYA_1910	99.852	675	1	0	1	675	1	675	0.0	1214
Ga0374720_05_11015_11689	CP000240.1:2106781-2107456|CDS|CYB_2001	86.627	673	90	0	1	673	1	673	0.0	809
Ga0374720_05_11850_12596	CP000239.1:1920941-1921688|CDS|CYA_1911	99.732	747	2	0	1	747	1	747	0.0	1339
Ga0374720_05_11850_12596	CP000240.1:2107663-2108410|CDS|CYB_2002	84.070	747	119	0	1	747	1	747	0.0	811
Ga0374720_05_12647_13288	CP000239.1:1921738-1922380|CDS|CYA_1912	99.065	642	6	0	1	642	1	642	0.0	1131
Ga0374720_05_12647_13288	CP000240.1:2108475-2109072|CDS|CYB_2003	83.505	582	96	0	1	582	1	582	2.74e-177	618
Ga0374720_05_13362_14969	CP000239.1:1924289-1925897|CDS|CYA_1915	99.876	1608	2	0	1	1608	1	1608	0.0	2892
Ga0374720_05_13362_14969	CP000240.1:2109128-2110733|CDS|CYB_2004	89.925	1598	159	2	1	1597	1	1597	0.0	2150
Ga0374720_05_15339_16373	CP000239.1:1926266-1927301|CDS|CYA_1916	99.204	1005	8	0	1	1005	1	1005	0.0	1777
Ga0374720_05_15339_16373	CP000240.1:2111974-2113009|CDS|CYB_2006	88.502	1035	119	0	1	1035	1	1035	0.0	1331
Ga0374720_05_16566_17369	CP000240.1:2113201-2114005|CDS|CYB_2009	97.388	804	21	0	1	804	1	804	0.0	1356
Ga0374720_05_17362_18426	CP000240.1:2113997-2115062|CDS|CYB_2008	99.061	1065	10	0	1	1065	1	1065	0.0	1876
Ga0374720_05_17362_18426	CP000239.1:1927377-1928427|CDS|CYA_1917	87.125	1033	133	0	1	1033	1	1033	0.0	1264
Ga0374720_05_18618_19313	CP000239.1:1928618-1929314|CDS|CYA_1918	100.000	696	0	0	1	696	1	696	0.0	1256
Ga0374720_05_19477_20907	CP000239.1:1929458-1930910|CDS|CYA_1919	100.000	1431	0	0	1	1431	22	1452	0.0	2581
Ga0374720_05_20959_21711	CP000239.1:1930961-1931726|CDS|CYA_1920	98.008	753	15	0	1	753	13	765	0.0	1291
Ga0374720_05_20959_21711	CP000240.1:2115281-2116046|CDS|CYB_2011	97.742	753	17	0	1	753	13	765	0.0	1282
Ga0374720_05_21758_21982	CP000240.1:2116080-2116848|CDS|CYB_2012	99.556	225	1	0	1	225	544	768	1.25e-112	402
Ga0374720_05_21758_21982	CP000239.1:1931760-1932528|CDS|CYA_1921	99.556	225	1	0	1	225	544	768	1.25e-112	402
Ga0374720_06_243_980	CP000239.1:239219-240008|CDS|CYA_0236	99.864	738	1	0	1	738	52	789	0.0	1327
Ga0374720_06_243_980	CP000240.1:1865922-1866687|CDS|CYB_1780	84.824	738	88	1	1	738	52	765	0.0	844
Ga0374720_06_1217_2365	CP000239.1:237765-239034|CDS|CYA_0235	99.913	1149	1	0	1	1149	121	1269	0.0	2068
Ga0374720_06_1217_2365	CP000240.1:1864407-1865727|CDS|CYB_1779	86.921	1101	144	0	1	1101	121	1221	0.0	1337
Ga0374720_06_2610_2996	CP000239.1:236955-237525|CDS|CYA_0234	85.124	363	54	0	6	368	189	551	1.24e-115	412
Ga0374720_06_2610_2996	CP000240.1:1863391-1863958|CDS|CYB_1778	84.530	362	56	0	6	367	189	550	2.24e-112	401
Ga0374720_06_3481_4686	CP000239.1:235425-236730|CDS|CYA_0232	98.833	1200	14	0	7	1206	106	1305	0.0	2102
Ga0374720_06_3481_4686	CP000240.1:1861855-1863166|CDS|CYB_1776	81.894	1193	210	1	7	1193	106	1298	0.0	1179
Ga0374720_06_4673_6493	CP000239.1:233618-235439|CDS|CYA_0233	99.945	1821	1	0	1	1821	1	1821	0.0	3280
Ga0374720_06_4673_6493	CP000240.1:2231649-2233479|CDS|CYB_2139	79.190	1802	327	7	1	1754	1	1802	0.0	1572
Ga0374720_06_6713_7330	CP000239.1:232781-233399|CDS|CYA_0231	100.000	618	0	0	1	618	1	618	0.0	1115
Ga0374720_06_6713_7330	CP000240.1:2230497-2231103|CDS|CYB_2138	83.882	608	92	2	1	608	1	602	0.0	652
Ga0374720_06_7403_7648	CP000239.1:232463-232709|CDS|CYA_0230	100.000	246	0	0	1	246	1	246	1.29e-125	444
Ga0374720_06_7403_7648	CP000240.1:2230153-2230390|CDS|CYB_2136	79.545	220	45	0	1	220	1	220	3.71e-50	195
Ga0374720_06_7981_8358	CP000239.1:231450-231828|CDS|CYA_0228	99.735	378	1	0	1	378	1	378	0.0	678
Ga0374720_06_7981_8358	CP000240.1:972110-972899|CDS|CYB_0933	91.777	377	31	0	1	377	412	788	3.46e-154	541
Ga0374720_06_7981_8358	CP000239.1:1295888-1296677|CDS|CYA_1285	91.777	377	31	0	1	377	412	788	3.46e-154	541
Ga0374720_06_8369_9181	CP000239.1:230627-231440|CDS|CYA_0227	100.000	813	0	0	1	813	1	813	0.0	1467
Ga0374720_06_8369_9181	CP000240.1:972907-973756|CDS|CYB_0934	80.618	841	117	14	1	800	1	836	0.0	761
Ga0374720_06_8369_9181	CP000239.1:1296685-1297534|CDS|CYA_1286	80.143	841	121	14	1	800	1	836	0.0	743
Ga0374720_06_9223_9438	CP000239.1:229066-229282|CDS|CYA_0225	100.000	216	0	0	1	216	1	216	2.16e-109	390
Ga0374720_06_9223_9438	CP000239.1:1297562-1297778|CDS|CYA_1287	82.547	212	37	0	1	212	1	212	9.83e-57	216
Ga0374720_06_9223_9438	CP000240.1:973784-974000|CDS|CYB_0935	82.075	212	38	0	1	212	1	212	1.20e-55	212
Ga0374720_06_9677_10954	CP000239.1:227550-228951|CDS|CYA_0224	100.000	1278	0	0	1	1278	124	1401	0.0	2305
Ga0374720_06_9677_10954	CP000240.1:974139-975555|CDS|CYB_0936	83.672	1280	205	2	1	1278	139	1416	0.0	1361
Ga0374720_06_11008_11823	CP000239.1:226681-227497|CDS|CYA_0223	99.877	816	1	0	1	816	1	816	0.0	1468
Ga0374720_06_11008_11823	CP000240.1:975616-976432|CDS|CYB_0937	88.903	793	88	0	1	793	1	793	0.0	1034
Ga0374720_06_11008_11823	CP000239.1:1299384-1300230|CDS|CYA_1290	87.894	793	96	0	1	793	1	793	0.0	998
Ga0374720_06_12238_12756	CP000239.1:225748-226267|CDS|CYA_0221	100.000	519	0	0	1	519	1	519	0.0	937
Ga0374720_06_12238_12756	CP000240.1:976891-977410|CDS|CYB_0939	91.489	517	44	0	1	517	1	517	0.0	735
Ga0374720_06_12904_13392	CP000239.1:225112-225601|CDS|CYA_0220	100.000	489	0	0	1	489	1	489	0.0	883
Ga0374720_06_12904_13392	CP000240.1:977555-978044|CDS|CYB_0940	90.369	488	47	0	1	488	1	488	0.0	669
Ga0374720_06_12904_13392	CP000240.1:2834009-2834492|CDS|CYB_2738	68.344	477	133	9	19	489	19	483	1.94e-38	156
Ga0374720_06_12904_13392	CP000239.1:2062220-2062703|CDS|CYA_2042	67.992	478	133	10	18	488	18	482	3.51e-35	146
Ga0374720_06_13681_13941	CP000239.1:224563-224824|CDS|CYA_0218	100.000	261	0	0	1	261	1	261	9.91e-134	471
Ga0374720_06_13681_13941	CP000240.1:978359-978629|CDS|CYB_0941	83.209	268	36	1	1	259	1	268	2.85e-77	285
Ga0374720_06_14014_14784	CP000239.1:223720-224473|CDS|CYA_0217	99.867	753	1	0	19	771	1	753	0.0	1354
Ga0374720_06_14014_14784	CP000240.1:978720-979473|CDS|CYB_0942	84.993	753	113	0	19	771	1	753	0.0	849
Ga0374720_06_14872_15513	CP000239.1:222991-223708|CDS|CYA_0216	99.688	642	2	0	1	642	76	717	0.0	1150
Ga0374720_06_14872_15513	CP000240.1:979489-980179|CDS|CYB_0943	82.059	641	115	0	1	641	49	689	0.0	638
Ga0374720_06_15556_16281	CP000239.1:222223-222949|CDS|CYA_0215	100.000	726	0	0	1	726	1	726	0.0	1310
Ga0374720_06_15556_16281	CP000240.1:980237-980963|CDS|CYB_0944	87.293	724	92	0	1	724	1	724	0.0	892
Ga0374720_06_16421_16732	CP000239.1:221772-222084|CDS|CYA_0214	100.000	312	0	0	1	312	1	312	2.48e-161	563
Ga0374720_06_16421_16732	CP000240.1:981104-981416|CDS|CYB_0945	86.218	312	43	0	1	312	1	312	1.06e-102	370
Ga0374720_06_16762_18465	CP000239.1:220039-221776|CDS|CYA_0213	99.707	1704	5	0	1	1704	34	1737	0.0	3051
Ga0374720_06_16762_18465	CP000240.1:981445-983149|CDS|CYB_0946	84.854	1710	247	2	1	1704	1	1704	0.0	1919
Ga0374720_06_18465_19184	CP000239.1:219320-220040|CDS|CYA_0212	100.000	720	0	0	1	720	1	720	0.0	1299
Ga0374720_06_18465_19184	CP000240.1:983148-983868|CDS|CYB_0947	82.500	720	126	0	1	720	1	720	0.0	731
Ga0374720_06_19196_19576	CP000239.1:218391-219309|CDS|CYA_0211	100.000	381	0	0	1	381	538	918	0.0	688
Ga0374720_06_19196_19576	CP000240.1:983879-984797|CDS|CYB_0948	83.990	381	61	0	1	381	538	918	1.22e-115	413
Ga0374720_07_1705_2643	CP000239.1:162932-163925|CDS|CYA_0166	99.894	939	1	0	1	939	55	993	0.0	1690
Ga0374720_07_1705_2643	CP000240.1:1011011-1012010|CDS|CYB_0976	86.961	928	121	0	1	928	64	991	0.0	1129
Ga0374720_07_2676_3890	CP000239.1:161685-162930|CDS|CYA_0164	99.918	1215	1	0	1	1215	31	1245	0.0	2187
Ga0374720_07_2676_3890	CP000240.1:1012023-1013241|CDS|CYB_0978	88.627	1187	135	0	1	1187	31	1217	0.0	1533
Ga0374720_07_3860_5521	CP000239.1:159946-161716|CDS|CYA_0165	99.940	1662	1	0	1	1662	109	1770	0.0	2993
Ga0374720_07_3860_5521	CP000240.1:1013237-1014965|CDS|CYB_0977	87.806	1673	192	2	2	1662	56	1728	0.0	2100
Ga0374720_07_5586_6317	CP000239.1:159201-159990|CDS|CYA_0163	99.863	732	1	0	1	732	58	789	0.0	1316
Ga0374720_07_5586_6317	CP000240.1:1016269-1017004|CDS|CYB_0980	85.736	652	93	0	80	731	83	734	0.0	757
Ga0374720_07_6634_6939	CP000239.1:158573-158942|CDS|CYA_0162	100.000	306	0	0	1	306	64	369	4.39e-158	553
Ga0374720_07_6634_6939	CP000240.1:1017329-1017698|CDS|CYB_0982	89.216	306	33	0	1	306	64	369	5.02e-113	404
Ga0374720_07_7352_8575	CP000239.1:157000-158224|CDS|CYA_0161	99.918	1224	1	0	1	1224	1	1224	0.0	2204
Ga0374720_07_7352_8575	CP000240.1:1018037-1019276|CDS|CYB_0983	84.007	1213	194	0	1	1213	1	1213	0.0	1314
Ga0374720_07_8630_9388	CP000239.1:156187-156946|CDS|CYA_0160	99.868	759	1	0	1	759	1	759	0.0	1365
Ga0374720_07_8630_9388	CP000240.1:2422795-2423566|CDS|CYB_2311	85.974	770	96	1	1	758	1	770	0.0	909
Ga0374720_07_9498_10694	CP000239.1:154881-156000|CDS|CYA_0159	100.000	1119	0	0	79	1197	1	1119	0.0	2019
Ga0374720_07_9498_10694	CP000240.1:2421461-2422580|CDS|CYB_2310	87.668	1119	138	0	79	1197	1	1119	0.0	1397
Ga0374720_07_10734_11537	CP000239.1:154077-154842|CDS|CYA_0157	99.865	741	1	0	1	741	1	741	0.0	1333
Ga0374720_07_11570_11809	CP000239.1:151960-152200|CDS|CYA_0155	100.000	240	0	0	1	240	1	240	2.27e-122	434
Ga0374720_07_11570_11809	CP000240.1:2419212-2419452|CDS|CYB_2308	87.324	213	27	0	28	240	28	240	8.49e-71	263
Ga0374720_07_11903_12820	CP000239.1:150949-151867|CDS|CYA_0154	99.020	918	9	0	1	918	1	918	0.0	1616
Ga0374720_07_11903_12820	CP000240.1:1964804-1965716|CDS|CYB_1880	86.498	911	123	0	1	911	1	911	0.0	1089
Ga0374720_07_12913_13599	CP000239.1:141728-142415|CDS|CYA_0147	98.399	687	11	0	1	687	1	687	0.0	1190
Ga0374720_07_12913_13599	CP000240.1:1974253-1974940|CDS|CYB_1887	86.463	687	93	0	1	687	1	687	0.0	820
Ga0374720_07_14110_14841	CP000239.1:140471-141203|CDS|CYA_0146	99.863	732	1	0	1	732	1	732	0.0	1316
Ga0374720_07_14110_14841	CP000240.1:1975133-1975883|CDS|CYB_1888	86.017	708	99	0	23	730	23	730	0.0	831
Ga0374720_07_14931_15857	CP000239.1:139455-140352|CDS|CYA_0145	99.889	897	1	0	31	927	1	897	0.0	1614
Ga0374720_07_14931_15857	CP000240.1:1520350-1521286|CDS|CYB_1449	84.144	864	137	0	49	912	34	897	0.0	941
Ga0374720_07_15894_16391	CP000239.1:138936-139419|CDS|CYA_0144	99.793	483	1	0	16	498	1	483	0.0	867
Ga0374720_07_15894_16391	CP000240.1:1519800-1520283|CDS|CYB_1448	88.025	476	57	0	16	491	1	476	1.62e-172	602
Ga0374720_07_16536_18074	CP000239.1:137265-138777|CDS|CYA_0143	99.934	1512	0	1	1	1512	1	1511	0.0	2719
Ga0374720_07_18150_18371	CP000239.1:136942-137164|CDS|CYA_0142	100.000	222	0	0	1	222	1	222	1.23e-112	401
Ga0374720_07_18150_18371	CP000240.1:1519382-1519604|CDS|CYB_1447	86.977	215	28	0	1	215	1	215	7.78e-71	262
Ga0374720_08_759_2174	CP000239.1:1640410-1641823|CDS|CYA_1640	99.506	1416	4	1	1	1416	1	1413	0.0	2521
Ga0374720_08_759_2174	CP000240.1:1611314-1612730|CDS|CYB_1536	85.897	1404	198	0	13	1416	13	1416	0.0	1640
Ga0374720_08_2237_3226	CP000239.1:1641846-1642875|CDS|CYA_1641	99.798	990	2	0	1	990	40	1029	0.0	1777
Ga0374720_08_2237_3226	CP000240.1:1612786-1613734|CDS|CYB_1537	86.966	936	122	0	1	936	1	936	0.0	1139
Ga0374720_08_3874_4068	CP000240.1:1613936-1615136|CDS|CYB_1538	74.227	194	50	0	1	194	352	545	1.22e-29	125
Ga0374720_08_4267_4797	CP000240.1:1613936-1615136|CDS|CYB_1538	84.977	426	64	0	8	433	770	1195	4.07e-136	480
Ga0374720_08_4794_5927	CP000239.1:1646276-1647641|CDS|CYA_1647	99.735	1134	3	0	1	1134	232	1365	0.0	2032
Ga0374720_08_4794_5927	CP000240.1:1615212-1616532|CDS|CYB_1539	82.812	1152	180	3	1	1134	169	1320	0.0	1188
Ga0374720_08_6628_6957	CP000239.1:1648110-1648440|CDS|CYA_1649	99.697	330	1	0	1	330	1	330	1.89e-169	591
Ga0374720_08_6977_8053	CP000239.1:1648459-1649500|CDS|CYA_1650	99.808	1041	2	0	37	1077	1	1041	0.0	1869
Ga0374720_08_6977_8053	CP000240.1:1702788-1703874|CDS|CYB_1632	84.869	1031	156	0	1	1031	1	1031	0.0	1157
Ga0374720_08_8081_8296	CP000239.1:1649563-1649779|CDS|CYA_1651	100.000	216	0	0	1	216	1	216	2.16e-109	390
Ga0374720_08_8081_8296	CP000240.1:1703890-1704106|CDS|CYB_1633	85.116	215	32	0	1	215	1	215	2.03e-65	244
Ga0374720_08_8326_8520	CP000239.1:1649808-1650003|CDS|CYA_1652	99.487	195	1	0	1	195	1	195	2.06e-96	348
Ga0374720_08_8326_8520	CP000240.1:1704135-1704330|CDS|CYB_1634	90.769	195	18	0	1	195	1	195	1.30e-73	271
Ga0374720_08_8610_9464	CP000239.1:1650092-1650863|CDS|CYA_1653	99.870	771	1	0	85	855	1	771	0.0	1387
Ga0374720_08_8610_9464	CP000240.1:1704421-1705183|CDS|CYB_1635	82.171	774	123	2	85	855	1	762	0.0	779
Ga0374720_08_9512_10486	CP000239.1:1650994-1651969|CDS|CYA_1654	99.897	975	1	0	1	975	1	975	0.0	1755
Ga0374720_08_9512_10486	CP000240.1:1705314-1706301|CDS|CYB_1636	86.612	971	130	0	1	971	1	971	0.0	1166
Ga0374720_08_10608_10964	CP000239.1:1652091-1652448|CDS|CYA_1655	100.000	357	0	0	1	357	1	357	0.0	645
Ga0374720_08_10608_10964	CP000240.1:1706411-1706768|CDS|CYB_1638	84.551	356	53	2	1	355	1	355	4.53e-108	388
Ga0374720_08_10965_12194	CP000239.1:1652448-1653678|CDS|CYA_1656	99.756	1230	3	0	1	1230	1	1230	0.0	2205
Ga0374720_08_10965_12194	CP000240.1:1706803-1708045|CDS|CYB_1639	76.705	1129	247	10	97	1217	112	1232	0.0	820
Ga0374720_08_12181_16086	CP000239.1:1653664-1658044|CDS|CYA_1657	92.145	3081	242	0	826	3906	1300	4380	0.0	4466
Ga0374720_08_12181_16086	CP000240.1:1708079-1712408|CDS|CYB_1640	76.538	3039	642	23	826	3818	1276	4289	0.0	2227
Ga0374720_08_16340_18952	CP000239.1:1658285-1661042|CDS|CYA_1658	99.885	2613	2	1	1	2613	79	2690	0.0	4696
Ga0374720_08_16340_18952	CP000240.1:1712649-1715439|CDS|CYB_1641	84.662	2647	370	5	1	2613	79	2723	0.0	2954
Ga0374720_09_551_1564	CP000239.1:2727384-2728404|CDS|CYA_2708	100.000	1014	0	0	1	1014	7	1020	0.0	1829
Ga0374720_09_551_1564	CP000240.1:1953692-1954718|CDS|CYB_1871	88.560	1014	116	0	1	1014	13	1026	0.0	1306
Ga0374720_09_1728_2582	CP000239.1:2729585-2730440|CDS|CYA_2711	100.000	855	0	0	1	855	1	855	0.0	1543
Ga0374720_09_1728_2582	CP000240.1:1952697-1953552|CDS|CYB_1870	88.889	855	95	0	1	855	1	855	0.0	1114
Ga0374720_09_2606_2821	CP000239.1:2730463-2730679|CDS|CYA_2712	100.000	216	0	0	1	216	1	216	2.16e-109	390
Ga0374720_09_2606_2821	CP000240.1:1952457-1952673|CDS|CYB_1869	79.724	217	42	2	1	216	1	216	4.77e-48	187
Ga0374720_09_2940_3584	CP000239.1:2730797-2731442|CDS|CYA_2713	97.674	645	15	0	1	645	1	645	0.0	1096
Ga0374720_09_2940_3584	CP000240.1:1951690-1952341|CDS|CYB_1868	84.087	641	96	1	1	635	1	641	0.0	698
Ga0374720_09_3767_6904	CP000239.1:2731624-2734870|CDS|CYA_2714	99.968	3138	1	0	1	3138	109	3246	0.0	5655
Ga0374720_09_6945_8315	CP000239.1:2734802-2736242|CDS|CYA_2715	99.927	1371	1	0	1	1371	70	1440	0.0	2469
Ga0374720_09_6945_8315	CP000240.1:1756308-1757748|CDS|CYB_1680	86.842	1368	171	3	1	1365	70	1431	0.0	1651
Ga0374720_09_8611_8961	CP000239.1:2736468-2736819|CDS|CYA_2716	100.000	351	0	0	1	351	1	351	0.0	634
Ga0374720_09_8611_8961	CP000240.1:1757982-1758333|CDS|CYB_1682	84.639	332	51	0	1	332	1	332	1.19e-102	370
Ga0374720_09_9074_9298	CP000239.1:2736916-2737156|CDS|CYA_2717	100.000	225	0	0	1	225	16	240	2.94e-114	407
Ga0374720_09_9074_9298	CP000240.1:1853532-1853763|CDS|CYB_1769	80.952	231	38	1	1	225	1	231	8.44e-58	220
Ga0374720_09_9345_9962	CP000239.1:2737202-2738195|CDS|CYA_2718	97.345	565	15	0	54	618	429	993	0.0	952
Ga0374720_09_9345_9962	CP000240.1:1852690-1853497|CDS|CYB_1768	75.763	524	109	8	76	584	253	773	1.67e-97	353
Ga0374720_09_9993_10268	CP000239.1:2738225-2738507|CDS|CYA_2719	100.000	276	0	0	1	276	7	282	7.58e-142	499
Ga0374720_09_9993_10268	CP000240.1:1050508-1050784|CDS|CYB_1011	86.957	276	36	0	1	276	1	276	5.47e-93	336
Ga0374720_09_10649_11419	CP000239.1:2741782-2742499|CDS|CYA_2726	89.212	723	69	3	52	771	1	717	0.0	948
Ga0374720_09_10649_11419	CP000240.1:1049216-1049963|CDS|CYB_1009	80.247	729	129	5	44	769	29	745	0.0	657
Ga0374720_09_11629_12972	CP000239.1:2742708-2744052|CDS|CYA_2727	99.777	1344	3	0	1	1344	1	1344	0.0	2411
Ga0374720_09_11629_12972	CP000240.1:1047611-1048967|CDS|CYB_1008	80.360	1222	215	7	131	1335	119	1332	0.0	1113
Ga0374720_09_13040_13543	CP000239.1:2744119-2744623|CDS|CYA_2728	99.802	504	1	0	1	504	1	504	0.0	905
Ga0374720_09_13040_13543	CP000240.1:1047060-1047564|CDS|CYB_1007	80.247	486	96	0	14	499	14	499	2.78e-125	444
Ga0374720_09_13609_14454	CP000239.1:2744658-2745534|CDS|CYA_2729	99.882	846	1	0	1	846	31	876	0.0	1522
Ga0374720_09_13609_14454	CP000240.1:1046131-1046998|CDS|CYB_1006	82.551	831	139	1	1	825	31	861	0.0	847
Ga0374720_09_14740_16395	CP000239.1:2745810-2747475|CDS|CYA_2730	99.457	1656	9	0	1	1656	10	1665	0.0	2947
Ga0374720_09_14740_16395	CP000240.1:2038634-2040356|CDS|CYB_1946	81.845	1724	239	12	1	1654	1	1720	0.0	1711
Ga0374720_09_16411_16626	CP000239.1:2747490-2747706|CDS|CYA_2731	100.000	216	0	0	1	216	1	216	2.16e-109	390
Ga0374720_09_16411_16626	CP000240.1:2038231-2038597|CDS|CYB_1945	77.523	218	46	2	1	216	1	217	4.46e-42	167
Ga0374720_09_16833_18053	CP000239.1:2747912-2749709|CDS|CYA_2732	96.560	1221	42	0	1	1221	577	1797	0.0	2013
Ga0374720_09_16833_18053	CP000240.1:2036151-2037948|CDS|CYB_1944	90.730	1219	113	0	1	1219	577	1795	0.0	1690
Ga0374720_10_152_466	CP000239.1:1495169-1495484|CDS|CYA_1487	100.000	315	0	0	1	315	1	315	5.89e-163	569
Ga0374720_10_152_466	CP000240.1:1536652-1536967|CDS|CYB_1461	88.571	315	36	0	1	315	1	315	4.25e-114	407
Ga0374720_10_518_832	CP000239.1:1495535-1496153|CDS|CYA_1488	100.000	315	0	0	1	315	304	618	5.89e-163	569
Ga0374720_10_518_832	CP000240.1:1535957-1536587|CDS|CYB_1460	91.746	315	26	0	1	315	316	630	1.14e-127	452
Ga0374720_10_1172_1738	CP000239.1:1496189-1496693|CDS|CYA_1489	99.802	504	1	0	64	567	1	504	0.0	905
Ga0374720_10_1172_1738	CP000240.1:1535307-1535922|CDS|CYB_1459	87.313	536	68	0	1	536	1	536	0.0	661
Ga0374720_10_1735_2397	CP000239.1:1496752-1497415|CDS|CYA_1490	100.000	663	0	0	1	663	1	663	0.0	1196
Ga0374720_10_1735_2397	CP000240.1:1534648-1535311|CDS|CYB_1458	90.799	663	61	0	1	663	1	663	0.0	921
Ga0374720_10_2666_3391	CP000239.1:1497683-1498391|CDS|CYA_1491	93.113	726	32	1	1	726	1	708	0.0	1096
Ga0374720_10_2666_3391	CP000240.1:1533680-1534388|CDS|CYB_1457	83.773	721	99	1	6	726	6	708	0.0	785
Ga0374720_10_3511_3915	CP000239.1:1498420-1498915|CDS|CYA_1492	100.000	405	0	0	1	405	91	495	0.0	731
Ga0374720_10_3511_3915	CP000240.1:1533166-1533661|CDS|CYB_1456	87.654	405	50	0	1	405	91	495	7.68e-144	506
Ga0374720_10_4026_6002	CP000239.1:1499031-1501002|CDS|CYA_1493	100.000	1971	0	0	7	1977	1	1971	0.0	3555
Ga0374720_10_6066_7028	CP000239.1:1501065-1502028|CDS|CYA_1495	99.792	963	2	0	1	963	1	963	0.0	1728
Ga0374720_10_6066_7028	CP000240.1:1529569-1530553|CDS|CYB_1454	81.635	991	143	4	1	961	1	982	0.0	985
Ga0374720_10_6808_9810	CP000239.1:1501965-1504893|CDS|CYA_1494	99.789	2845	5	1	1	2845	85	2928	0.0	5101
Ga0374720_10_6808_9810	CP000240.1:1526590-1529545|CDS|CYB_1453	80.259	2857	445	20	1	2750	82	2926	0.0	2627
Ga0374720_10_10051_10671	CP000239.1:1505049-1505595|CDS|CYA_1496	100.000	546	0	0	76	621	1	546	0.0	985
Ga0374720_10_10051_10671	CP000240.1:1525406-1525955|CDS|CYB_1452	84.717	530	80	1	76	604	1	530	4.48e-168	588
Ga0374720_10_10725_13001	CP000239.1:1505723-1508000|CDS|CYA_1497	99.780	2277	5	0	1	2277	1	2277	0.0	4085
Ga0374720_10_10725_13001	CP000240.1:1522978-1525192|CDS|CYB_1451	73.882	2213	419	26	109	2174	1	2201	0.0	1412
Ga0374720_10_13121_13600	CP000239.1:1508119-1508881|CDS|CYA_1498	100.000	480	0	0	1	480	283	762	0.0	866
Ga0374720_10_13121_13600	CP000240.1:373632-374226|CDS|CYB_0358	86.458	480	65	0	1	480	115	594	7.54e-164	573
Ga0374720_10_14158_15222	CP000239.1:1509141-1510221|CDS|CYA_1500	100.000	1065	0	0	1	1065	16	1080	0.0	1921
Ga0374720_10_14158_15222	CP000240.1:372177-373257|CDS|CYB_0357	90.798	1065	98	0	1	1065	16	1080	0.0	1480
Ga0374720_10_15332_15565	CP000239.1:1510330-1510564|CDS|CYA_1501	100.000	234	0	0	1	234	1	234	3.99e-119	423
Ga0374720_10_15332_15565	CP000240.1:371796-372024|CDS|CYB_0356	81.818	209	38	0	26	234	20	228	5.56e-54	206
Ga0374720_10_15606_15812	CP000239.1:1510604-1510952|CDS|CYA_1502	100.000	207	0	0	1	207	142	348	1.58e-104	374
Ga0374720_10_16146_16634	CP000239.1:1511144-1511633|CDS|CYA_1503	100.000	489	0	0	1	489	1	489	0.0	883
Ga0374720_10_16146_16634	CP000240.1:2803740-2804223|CDS|CYB_2712	84.490	490	64	2	1	487	1	481	3.73e-155	544
Ga0374720_11_10_4254	CP000239.1:328538-333596|CDS|CYA_0318	89.563	4254	432	6	1	4245	808	5058	0.0	5654
Ga0374720_11_10_4254	CP000240.1:1774440-1779645|CDS|CYB_1696	84.062	4254	664	6	1	4244	955	5204	0.0	4601
Ga0374720_11_4251_5066	CP000239.1:327726-328542|CDS|CYA_0319	99.755	816	2	0	1	816	1	816	0.0	1463
Ga0374720_11_4251_5066	CP000240.1:1773628-1774444|CDS|CYB_1697	88.113	816	97	0	1	816	1	816	0.0	1035
Ga0374720_11_5090_5767	CP000239.1:326767-327703|CDS|CYA_0317	98.969	679	6	1	1	678	258	936	0.0	1190
Ga0374720_11_5090_5767	CP000240.1:1772667-1773546|CDS|CYB_1695	88.365	679	69	2	1	678	210	879	0.0	869
Ga0374720_11_6101_7534	CP000239.1:325272-326691|CDS|CYA_0316	100.000	1419	0	0	16	1434	1	1419	0.0	2560
Ga0374720_11_6101_7534	CP000240.1:1771092-1772511|CDS|CYB_1694	88.656	1384	157	0	16	1399	1	1384	0.0	1789
Ga0374720_11_7697_8935	CP000239.1:323856-325095|CDS|CYA_0315	100.000	1239	0	0	1	1239	1	1239	0.0	2235
Ga0374720_11_7697_8935	CP000240.1:1769646-1770885|CDS|CYB_1693	87.813	1239	151	0	1	1239	1	1239	0.0	1554
Ga0374720_11_9054_9404	CP000239.1:323387-323738|CDS|CYA_0314	100.000	351	0	0	1	351	1	351	0.0	634
Ga0374720_11_9054_9404	CP000240.1:1769172-1769523|CDS|CYB_1692	94.017	351	21	0	1	351	1	351	1.12e-153	539
Ga0374720_11_9536_11047	CP000239.1:321744-323256|CDS|CYA_0313	100.000	1512	0	0	1	1512	1	1512	0.0	2727
Ga0374720_11_9536_11047	CP000240.1:1767536-1769048|CDS|CYB_1691	88.426	1512	175	0	1	1512	1	1512	0.0	1939
Ga0374720_11_11238_11609	CP000239.1:321182-321554|CDS|CYA_0312	99.731	372	1	0	1	372	1	372	0.0	667
Ga0374720_11_11238_11609	CP000240.1:1766987-1767338|CDS|CYB_1690	84.286	350	55	0	22	371	1	350	5.77e-107	384
Ga0374720_11_11989_13827	CP000239.1:318964-320803|CDS|CYA_0311	99.456	1839	10	0	1	1839	1	1839	0.0	3272
Ga0374720_11_11989_13827	CP000240.1:1764691-1766560|CDS|CYB_1689	85.561	1870	238	6	1	1839	1	1869	0.0	2158
Ga0374720_11_14037_14984	CP000239.1:317852-318755|CDS|CYA_0310	93.909	903	55	0	46	948	1	903	0.0	1381
Ga0374720_11_14037_14984	CP000240.1:1761443-1762382|CDS|CYB_1687	83.650	948	146	1	1	948	1	939	0.0	1015
Ga0374720_12_115_888	CP000239.1:657960-658734|CDS|CYA_0649	99.354	774	5	0	1	774	1	774	0.0	1374
Ga0374720_12_115_888	CP000240.1:299409-300183|CDS|CYB_0286	83.679	772	126	0	1	772	1	772	0.0	825
Ga0374720_12_948_1205	CP000239.1:657643-657901|CDS|CYA_0648	99.612	258	1	0	1	258	1	258	1.77e-130	462
Ga0374720_12_948_1205	CP000240.1:299089-299347|CDS|CYB_0285	84.647	241	37	0	1	241	1	241	2.16e-72	269
Ga0374720_12_1490_1936	CP000239.1:656913-657591|CDS|CYA_0646	99.776	447	0	1	1	447	233	678	0.0	799
Ga0374720_12_1490_1936	CP000240.1:298296-298974|CDS|CYB_0284	86.073	438	60	1	5	442	237	673	2.01e-145	512
Ga0374720_12_1933_2340	CP000239.1:656509-656917|CDS|CYA_0647	99.755	408	1	0	1	408	1	408	0.0	732
Ga0374720_12_1933_2340	CP000240.1:297868-298279|CDS|CYB_0283	86.732	407	51	2	1	404	1	407	2.53e-137	485
Ga0374720_12_2954_4414	CP000239.1:654367-655900|CDS|CYA_0644	99.932	1461	1	0	1	1461	73	1533	0.0	2631
Ga0374720_12_2954_4414	CP000240.1:295731-297264|CDS|CYB_0281	89.795	1460	149	0	1	1460	73	1532	0.0	1962
Ga0374720_12_4849_5145	CP000239.1:653708-654005|CDS|CYA_0643	99.663	297	1	0	1	297	1	297	1.39e-151	532
Ga0374720_12_4849_5145	CP000240.1:295073-295370|CDS|CYB_0280	90.572	297	28	0	1	297	1	297	3.27e-115	410
Ga0374720_12_5686_7521	CP000239.1:651332-653168|CDS|CYA_0640	99.946	1836	1	0	1	1836	1	1836	0.0	3307
Ga0374720_12_5686_7521	CP000240.1:2971939-2973775|CDS|CYB_2875	87.309	1836	233	0	1	1836	1	1836	0.0	2261
Ga0374720_12_7562_9091	CP000239.1:649762-651292|CDS|CYA_0639	99.608	1530	6	0	1	1530	1	1530	0.0	2733
Ga0374720_12_7562_9091	CP000240.1:2973825-2975361|CDS|CYB_2876	86.608	1471	197	0	1	1471	1	1471	0.0	1765
Ga0374720_12_9137_10447	CP000239.1:648406-649717|CDS|CYA_0638	96.034	1311	52	0	1	1311	1	1311	0.0	2131
Ga0374720_12_9137_10447	CP000240.1:2975419-2976730|CDS|CYB_2877	91.762	1311	108	0	1	1311	1	1311	0.0	1878
Ga0374720_12_10582_11082	CP000239.1:647771-648272|CDS|CYA_0636	99.800	501	1	0	1	501	1	501	0.0	900
Ga0374720_12_10582_11082	CP000240.1:2976811-2977270|CDS|CYB_2878	88.498	426	49	0	1	426	1	426	3.14e-156	548
Ga0374720_12_11048_12181	CP000239.1:646672-647806|CDS|CYA_0637	100.000	1134	0	0	1	1134	1	1134	0.0	2046
Ga0374720_12_11048_12181	CP000240.1:1981376-1982510|CDS|CYB_1895	85.450	1134	165	0	1	1134	1	1134	0.0	1302
Ga0374720_12_12328_12510	CP000239.1:646343-646526|CDS|CYA_0635	100.000	183	0	0	1	183	1	183	1.47e-91	331
Ga0374720_12_12328_12510	CP000240.1:1982808-1983009|CDS|CYB_1896	83.688	141	17	1	41	181	65	199	8.15e-38	152
Ga0374720_12_12602_13180	CP000239.1:645673-646252|CDS|CYA_0634	100.000	579	0	0	1	579	1	579	0.0	1045
Ga0374720_12_12602_13180	CP000240.1:935222-935801|CDS|CYB_0905	84.266	572	90	0	1	572	1	572	4.75e-180	627
Ga0374720_12_13197_13667	CP000239.1:645186-645657|CDS|CYA_0633	100.000	471	0	0	1	471	1	471	0.0	850
Ga0374720_12_13197_13667	CP000240.1:934707-935205|CDS|CYB_0904	87.339	387	49	0	85	471	112	498	4.37e-135	478
Ga0374720_13_804_1808	CP000239.1:2801730-2802735|CDS|CYA_2782	98.109	1005	19	0	1	1005	1	1005	0.0	1728
Ga0374720_13_2326_2895	CP000239.1:2800622-2801213|CDS|CYA_2781	99.649	570	2	0	1	570	22	591	0.0	1020
Ga0374720_13_2326_2895	CP000240.1:2560214-2560835|CDS|CYB_2461	92.832	558	40	0	1	558	55	612	0.0	827
Ga0374720_13_3105_3872	CP000239.1:2799666-2800452|CDS|CYA_2780	100.000	768	0	0	1	768	19	786	0.0	1386
Ga0374720_13_3105_3872	CP000240.1:2561277-2562057|CDS|CYB_2464	85.220	751	111	0	4	754	22	772	0.0	855
Ga0374720_13_3997_6504	CP000239.1:2797034-2799542|CDS|CYA_2779	99.880	2508	3	0	1	2508	1	2508	0.0	4510
Ga0374720_13_3997_6504	CP000240.1:2562272-2564777|CDS|CYB_2465	83.193	2493	396	4	4	2495	10	2480	0.0	2610
Ga0374720_13_6541_6885	CP000239.1:2796654-2797047|CDS|CYA_2778	99.420	345	1	1	1	345	50	393	2.12e-175	610
Ga0374720_13_6541_6885	CP000240.1:2564781-2565153|CDS|CYB_2466	86.735	294	38	1	3	296	40	332	3.16e-97	352
Ga0374720_13_6926_7090	CP000239.1:2796425-2796614|CDS|CYA_2777	100.000	165	0	0	1	165	25	189	7.78e-82	298
Ga0374720_13_6926_7090	CP000240.1:2565176-2565338|CDS|CYB_2467	82.911	158	27	0	1	158	1	158	4.03e-41	164
Ga0374720_13_7130_7219	CP000239.1:2796320-2796410|CDS|CYA_2776	100.000	90	0	0	1	90	1	90	1.95e-41	163
Ga0374720_13_7353_7598	CP000239.1:2795941-2796187|CDS|CYA_2775	100.000	246	0	0	1	246	1	246	1.29e-125	444
Ga0374720_13_7353_7598	CP000240.1:2566903-2567194|CDS|CYB_2469	87.805	246	30	0	1	246	46	291	6.70e-85	309
Ga0374720_13_7839_8261	CP000239.1:2795278-2795845|CDS|CYA_2774	99.764	423	1	0	1	423	145	567	0.0	759
Ga0374720_13_7839_8261	CP000240.1:2567348-2567933|CDS|CYB_2470	83.619	409	67	0	2	410	152	560	1.20e-122	436
Ga0374720_13_8402_10312	CP000239.1:2793173-2795138|CDS|CYA_2773	99.895	1911	2	0	1	1911	55	1965	0.0	3438
Ga0374720_13_8402_10312	CP000240.1:2568125-2569874|CDS|CYB_2471	84.774	1747	237	4	193	1911	4	1749	0.0	1960
Ga0374720_13_10536_10979	CP000239.1:2792560-2793019|CDS|CYA_2771	99.324	444	3	0	1	444	16	459	0.0	788
Ga0374720_13_10536_10979	CP000240.1:2570299-2570743|CDS|CYB_2472	91.059	425	38	0	1	425	1	425	6.09e-171	596
Ga0374720_13_11406_12200	CP000239.1:2791339-2792134|CDS|CYA_2769	100.000	795	0	0	1	795	1	795	0.0	1434
Ga0374720_13_11406_12200	CP000240.1:2559381-2560230|CDS|CYB_2462	83.697	779	127	0	1	779	40	818	0.0	833
Ga0374720_13_12257_12889	CP000239.1:2790650-2791283|CDS|CYA_2767	100.000	633	0	0	1	633	1	633	0.0	1142
Ga0374720_13_12257_12889	CP000240.1:2558713-2559358|CDS|CYB_2460	77.864	646	121	7	1	629	1	641	1.01e-144	509
Ga0374720_14_9_194	CP000239.1:88001-88187|CDS|CYA_0090	100.000	186	0	0	1	186	1	186	3.52e-93	336
Ga0374720_14_9_194	CP000240.1:2156366-2156552|CDS|CYB_2057	95.161	186	9	0	1	186	1	186	1.08e-80	296
Ga0374720_14_469_987	CP000239.1:87208-87829|CDS|CYA_0089	100.000	519	0	0	1	519	103	621	0.0	937
Ga0374720_14_469_987	CP000240.1:2155497-2156064|CDS|CYB_2056	85.870	460	65	0	48	507	96	555	5.89e-153	537
Ga0374720_14_1188_2021	CP000239.1:86174-87005|CDS|CYA_0087	99.880	831	1	0	4	834	1	831	0.0	1495
Ga0374720_14_1188_2021	CP000240.1:2154432-2155266|CDS|CYB_2055	85.036	822	121	2	1	821	1	821	0.0	921
Ga0374720_14_2018_3496	CP000239.1:84591-86178|CDS|CYA_0088	99.932	1479	1	0	1	1479	109	1587	0.0	2663
Ga0374720_14_2018_3496	CP000240.1:2150251-2151814|CDS|CYB_2051	83.596	1457	231	3	1	1450	55	1510	0.0	1544
Ga0374720_14_3601_3777	CP000239.1:84184-84595|CDS|CYA_0086	100.000	175	0	0	3	177	237	411	3.12e-87	316
Ga0374720_14_3601_3777	CP000240.1:2149724-2150195|CDS|CYB_2050	84.024	169	27	0	3	171	303	471	4.63e-47	184
Ga0374720_14_3726_4037	CP000239.1:84184-84595|CDS|CYA_0086	99.650	286	0	1	28	312	1	286	1.67e-144	508
Ga0374720_14_3726_4037	CP000240.1:2149724-2150195|CDS|CYB_2050	79.487	273	50	4	42	312	84	352	2.33e-60	228
Ga0374720_14_4158_4343	CP000239.1:83851-84037|CDS|CYA_0085	100.000	186	0	0	1	186	1	186	3.52e-93	336
Ga0374720_14_4158_4343	CP000240.1:2149331-2149643|CDS|CYB_2048	87.838	148	15	3	1	148	1	145	7.28e-45	176
Ga0374720_14_4158_4343	CP000240.1:2149241-2149673|CDS|CYB_2049	87.838	148	15	3	1	148	402	258	7.28e-45	176
Ga0374720_14_4503_5213	CP000239.1:82981-83692|CDS|CYA_0084	99.156	711	6	0	1	711	1	711	0.0	1256
Ga0374720_14_4503_5213	CP000240.1:2148515-2149226|CDS|CYB_2047	89.504	705	74	0	7	711	7	711	0.0	939
Ga0374720_14_5371_5955	CP000239.1:82002-82824|CDS|CYA_0083	99.487	585	3	0	1	585	238	822	0.0	1042
Ga0374720_14_5371_5955	CP000240.1:2147547-2148366|CDS|CYB_2046	81.757	592	97	4	1	585	232	819	9.28e-164	573
Ga0374720_14_6500_7366	CP000239.1:80828-81851|CDS|CYA_0081	99.885	867	1	0	1	867	157	1023	0.0	1560
Ga0374720_14_6500_7366	CP000240.1:2146322-2147387|CDS|CYB_2044	79.847	918	134	1	1	867	148	1065	0.0	864
Ga0374720_14_7290_9083	CP000239.1:79111-80905|CDS|CYA_0082	99.610	1794	7	0	1	1794	1	1794	0.0	3204
Ga0374720_14_7290_9083	CP000240.1:2144572-2146399|CDS|CYB_2045	82.016	1796	290	8	25	1790	31	1823	0.0	1777
Ga0374720_14_9396_9638	CP000239.1:78556-79003|CDS|CYA_0080	100.000	243	0	0	1	243	205	447	5.41e-124	439
Ga0374720_14_9396_9638	CP000240.1:2143236-2143479|CDS|CYB_2042	91.770	243	20	0	1	243	1	243	7.53e-97	349
Ga0374720_14_9746_10282	CP000239.1:77912-78449|CDS|CYA_0079	100.000	537	0	0	1	537	1	537	0.0	969
Ga0374720_14_10636_10857	CP000239.1:77337-77559|CDS|CYA_0078	100.000	222	0	0	1	222	1	222	1.23e-112	401
Ga0374720_14_10636_10857	CP000240.1:2142258-2142483|CDS|CYB_2040	84.932	219	31	2	4	221	7	224	8.88e-64	240
Ga0374720_14_10955_12166	CP000239.1:75902-77240|CDS|CYA_0077	99.835	1212	2	0	1	1212	127	1338	0.0	2177
Ga0374720_14_10955_12166	CP000240.1:2140818-2142156|CDS|CYB_2039	83.775	1208	194	2	1	1207	127	1333	0.0	1288
Ga0374720_15_81_806	CP000239.1:1530409-1531546|CDS|CYA_1520	99.862	726	1	0	1	726	412	1137	0.0	1306
Ga0374720_15_81_806	CP000240.1:1129403-1130540|CDS|CYB_1095	89.227	724	78	0	1	724	412	1135	0.0	955
Ga0374720_15_833_1216	CP000239.1:1530409-1531546|CDS|CYA_1520	99.740	385	0	1	1	384	1	385	0.0	687
Ga0374720_15_833_1216	CP000240.1:1129403-1130540|CDS|CYB_1095	89.610	385	39	1	1	384	1	385	1.71e-145	511
Ga0374720_15_1363_2724	CP000239.1:1531692-1533054|CDS|CYA_1521	100.000	1362	0	0	1	1362	1	1362	0.0	2457
Ga0374720_15_1363_2724	CP000240.1:1130672-1132055|CDS|CYB_1096	83.282	1304	218	0	13	1316	13	1316	0.0	1370
Ga0374720_15_2877_3953	CP000239.1:1533206-1534283|CDS|CYA_1522	99.814	1077	2	0	1	1077	1	1077	0.0	1934
Ga0374720_15_2877_3953	CP000240.1:1132451-1133432|CDS|CYB_1098	84.352	965	151	0	97	1061	1	965	0.0	1060
Ga0374720_15_4007_5266	CP000239.1:1534363-1535596|CDS|CYA_1524	99.189	1233	10	0	28	1260	1	1233	0.0	2179
Ga0374720_15_4007_5266	CP000240.1:1133481-1134786|CDS|CYB_1100	80.184	1196	199	6	49	1207	100	1294	0.0	1096
Ga0374720_15_5217_7145	CP000239.1:1535546-1537475|CDS|CYA_1523	100.000	1929	0	0	1	1929	1	1929	0.0	3479
Ga0374720_15_5217_7145	CP000240.1:337815-339744|CDS|CYB_0322	86.559	1927	259	0	1	1927	1	1927	0.0	2308
Ga0374720_15_7327_7887	CP000239.1:1537656-1538217|CDS|CYA_1525	100.000	561	0	0	1	561	1	561	0.0	1012
Ga0374720_15_7327_7887	CP000240.1:339945-340485|CDS|CYB_0323	82.890	526	90	0	14	539	11	536	4.31e-155	544
Ga0374720_15_7899_8867	CP000239.1:1538228-1539197|CDS|CYA_1526	99.897	969	1	0	1	969	1	969	0.0	1744
Ga0374720_15_7899_8867	CP000240.1:340497-341463|CDS|CYB_0324	86.350	967	129	1	1	967	1	964	0.0	1148
Ga0374720_15_9072_10064	CP000239.1:1539401-1540394|CDS|CYA_1528	100.000	993	0	0	1	993	1	993	0.0	1792
Ga0374720_15_9072_10064	CP000240.1:341669-342692|CDS|CYB_0325	83.923	989	159	0	1	989	1	989	0.0	1067
Ga0374720_15_10144_11232	CP000239.1:1540473-1541559|CDS|CYA_1529	99.725	1089	0	1	1	1089	1	1086	0.0	1949
Ga0374720_15_10144_11232	CP000240.1:342763-343864|CDS|CYB_0326	78.982	1061	218	3	11	1067	20	1079	0.0	900
Ga0374720_16_1_1572	CP000239.1:619712-621260|CDS|CYA_0612	97.692	1473	34	0	80	1552	62	1534	0.0	2504
Ga0374720_16_1_1572	CP000240.1:42091-43639|CDS|CYB_0034	97.352	1473	39	0	80	1552	62	1534	0.0	2481
Ga0374720_16_1722_2927	CP000239.1:621321-622644|CDS|CYA_0613	97.347	1206	32	0	1	1206	118	1323	0.0	2031
Ga0374720_16_1722_2927	CP000240.1:43700-45023|CDS|CYB_0035	96.766	1206	39	0	1	1206	118	1323	0.0	2000
Ga0374720_16_3073_4032	CP000240.1:45168-46128|CDS|CYB_0036	98.854	960	11	0	1	960	1	960	0.0	1682
Ga0374720_16_3073_4032	CP000239.1:622777-623737|CDS|CYA_0614	97.083	960	28	0	1	960	1	960	0.0	1606
Ga0374720_16_4105_6096	CP000240.1:46200-48192|CDS|CYB_0037	97.390	1992	52	0	1	1992	1	1992	0.0	3359
Ga0374720_16_4105_6096	CP000239.1:623809-625801|CDS|CYA_0615	96.637	1992	67	0	1	1992	1	1992	0.0	3291
Ga0374720_16_6132_6977	CP000240.1:48230-49073|CDS|CYB_0038	98.577	843	12	0	4	846	1	843	0.0	1467
Ga0374720_16_6132_6977	CP000239.1:625839-626682|CDS|CYA_0616	97.265	841	23	0	4	844	1	841	0.0	1414
Ga0374720_16_6995_7591	CP000240.1:49090-49687|CDS|CYB_0039	93.613	595	38	0	1	595	1	595	0.0	902
Ga0374720_16_7666_9813	CP000240.1:49773-51909|CDS|CYB_0040	97.378	2136	56	0	13	2148	1	2136	0.0	3600
Ga0374720_16_7666_9813	CP000239.1:627357-629493|CDS|CYA_0619	97.191	2136	60	0	13	2148	1	2136	0.0	3582
Ga0374720_16_9838_10338	CP000240.1:51933-52434|CDS|CYB_0042	99.800	501	1	0	1	501	1	501	0.0	900
Ga0374720_16_9838_10338	CP000239.1:629517-630009|CDS|CYA_0621	99.320	441	3	0	1	441	1	441	0.0	783
Ga0374720_17_924_1478	CP000239.1:2863853-2864408|CDS|CYA_2848	99.820	555	1	0	1	555	1	555	0.0	997
Ga0374720_17_924_1478	CP000240.1:128096-128666|CDS|CYB_0114	84.127	504	74	1	53	550	62	565	1.00e-156	550
Ga0374720_17_1685_2335	CP000239.1:2864614-2865265|CDS|CYA_2849	100.000	651	0	0	1	651	1	651	0.0	1175
Ga0374720_17_1685_2335	CP000240.1:127261-127912|CDS|CYB_0113	88.923	650	72	0	1	650	1	650	0.0	848
Ga0374720_17_2658_3671	CP000239.1:2865497-2866601|CDS|CYA_2850	99.704	1014	3	0	1	1014	91	1104	0.0	1816
Ga0374720_17_3721_4803	CP000239.1:2866650-2867733|CDS|CYA_2851	99.908	1083	1	0	1	1083	1	1083	0.0	1949
Ga0374720_17_4958_5812	CP000239.1:2867887-2868757|CDS|CYA_2852	99.649	855	3	0	1	855	16	870	0.0	1529
Ga0374720_17_4958_5812	CP000240.1:126235-127117|CDS|CYB_0112	87.250	800	102	0	23	822	62	861	0.0	984
Ga0374720_17_5974_6558	CP000239.1:2868879-2869464|CDS|CYA_2853	100.000	585	0	0	1	585	1	585	0.0	1056
Ga0374720_17_5974_6558	CP000240.1:125416-126004|CDS|CYB_0111	81.449	566	96	3	1	560	1	563	1.57e-154	543
Ga0374720_17_6710_7807	CP000239.1:2869615-2870695|CDS|CYA_2854	100.000	1080	0	0	19	1098	1	1080	0.0	1948
Ga0374720_17_6710_7807	CP000240.1:147254-148340|CDS|CYB_0134	80.300	1066	210	0	8	1073	8	1073	0.0	976
Ga0374720_17_8155_8370	CP000240.1:148417-149311|CDS|CYB_0135	72.727	187	34	3	45	214	489	303	1.05e-24	110
Ga0374720_18_23_2164	CP000239.1:2879173-2881366|CDS|CYA_2862	97.339	2142	57	0	1	2142	52	2193	0.0	3607
Ga0374720_18_23_2164	CP000240.1:2613612-2615805|CDS|CYB_2517	88.004	2134	256	0	1	2134	52	2185	0.0	2695
Ga0374720_18_2207_3130	CP000239.1:2881408-2882332|CDS|CYA_2863	99.784	924	2	0	1	924	1	924	0.0	1658
Ga0374720_18_2207_3130	CP000240.1:2615877-2616801|CDS|CYB_2518	81.926	924	163	4	1	922	1	922	0.0	900
Ga0374720_18_3138_3590	CP000239.1:2882339-2882792|CDS|CYA_2864	100.000	453	0	0	1	453	1	453	0.0	818
Ga0374720_18_3138_3590	CP000240.1:1331509-1331944|CDS|CYB_1274	79.808	416	82	2	39	453	21	435	1.91e-101	365
Ga0374720_18_3703_4242	CP000239.1:2882904-2883444|CDS|CYA_2865	100.000	540	0	0	1	540	1	540	0.0	975
Ga0374720_18_3703_4242	CP000240.1:1562118-1562664|CDS|CYB_1486	81.544	531	92	1	16	540	16	546	5.75e-147	517
Ga0374720_18_4299_4736	CP000239.1:2883500-2884055|CDS|CYA_2866	100.000	438	0	0	1	438	118	555	0.0	791
Ga0374720_18_4299_4736	CP000240.1:1561334-1561886|CDS|CYB_1485	84.198	424	67	0	1	424	118	541	8.92e-131	463
Ga0374720_18_4696_5547	CP000239.1:2885817-2886651|CDS|CYA_2869	81.923	780	141	0	1	780	1	780	0.0	772
Ga0374720_18_4696_5547	CP000239.1:2884601-2885483|CDS|CYA_2868	79.856	695	140	0	1	695	1	695	8.61e-179	623
Ga0374720_18_4696_5547	CP000240.1:1558658-1559549|CDS|CYB_1482	77.331	697	151	4	1	695	1	692	1.20e-151	534
Ga0374720_18_4696_5547	CP000240.1:1559946-1560831|CDS|CYB_1483	74.820	695	175	0	1	695	1	695	5.10e-131	465
Ga0374720_18_4696_5547	CP000239.1:2886812-2887649|CDS|CYA_2870	73.768	751	183	6	1	745	1	743	3.22e-127	453
Ga0374720_18_5826_8216	CP000239.1:2887937-2890445|CDS|CYA_2871	96.353	2358	86	0	1	2358	118	2475	0.0	3865
Ga0374720_18_5826_8216	CP000240.1:1555785-1558380|CDS|CYB_1481	79.234	2427	438	10	1	2361	139	2565	0.0	2120
Ga0374720_18_8468_8737	CP000239.1:2890537-2890807|CDS|CYA_2872	95.911	269	11	0	1	269	1	269	7.41e-123	436
Ga0374720_18_8468_8737	CP000240.1:1745940-1746210|CDS|CYB_1667	81.784	269	49	0	1	269	1	269	2.77e-71	265
Ga0374720_19_664_1515	CP000239.1:168939-169878|CDS|CYA_0172	100.000	852	0	0	1	852	88	939	0.0	1537
Ga0374720_19_1604_2767	CP000239.1:169879-171043|CDS|CYA_0173	99.742	1164	3	0	1	1164	1	1164	0.0	2086
Ga0374720_19_2745_3218	CP000239.1:171020-171494|CDS|CYA_0174	99.789	474	1	0	1	474	1	474	0.0	851
Ga0374720_19_3215_5317	CP000239.1:627357-629493|CDS|CYA_0619	68.589	1595	456	20	274	1850	301	1868	4.17e-162	569
Ga0374720_19_3215_5317	CP000240.1:49773-51909|CDS|CYB_0040	68.296	1596	459	21	274	1850	301	1868	4.76e-155	545
Ga0374720_19_5826_6260	CP000240.1:1330655-1331201|CDS|CYB_1272	82.558	430	75	0	1	430	112	541	3.53e-123	438
Ga0374720_19_6382_7704	CP000239.1:174652-175975|CDS|CYA_0178	99.395	1323	8	0	1	1323	1	1323	0.0	2351
Ga0374720_19_6382_7704	CP000240.1:2621228-2622539|CDS|CYB_2522	86.489	1310	177	0	14	1323	2	1311	0.0	1565
Ga0374720_20_146_1510	CP000239.1:2153497-2154880|CDS|CYA_2141	99.927	1361	1	0	1	1361	1	1361	0.0	2451
Ga0374720_20_146_1510	CP000240.1:542836-544225|CDS|CYB_0528	87.278	1352	172	0	1	1352	1	1352	0.0	1663
Ga0374720_20_1594_3006	CP000239.1:2154963-2156349|CDS|CYA_2142	99.928	1386	1	0	28	1413	1	1386	0.0	2496
Ga0374720_20_1594_3006	CP000240.1:540590-541976|CDS|CYB_0526	88.824	1378	154	0	28	1405	1	1378	0.0	1792
Ga0374720_20_3016_3282	CP000239.1:2156385-2156652|CDS|CYA_2143	100.000	267	0	0	1	267	1	267	5.62e-137	482
Ga0374720_20_3016_3282	CP000240.1:540237-540549|CDS|CYB_0525	86.139	202	28	0	3	204	45	246	1.09e-63	239
Ga0374720_20_3606_4136	CP000239.1:2156948-2157506|CDS|CYA_2144	100.000	531	0	0	1	531	28	558	0.0	958
Ga0374720_20_3606_4136	CP000240.1:539420-539978|CDS|CYB_0524	93.511	524	34	0	1	524	28	551	0.0	792
Ga0374720_20_4152_4616	CP000239.1:2157521-2157986|CDS|CYA_2145	99.785	465	1	0	1	465	1	465	0.0	835
Ga0374720_20_4152_4616	CP000240.1:538940-539405|CDS|CYB_0523	88.147	464	55	0	1	464	1	464	9.49e-169	590
Ga0374720_20_4743_6674	CP000239.1:2158112-2160044|CDS|CYA_2146	99.948	1932	1	0	1	1932	1	1932	0.0	3480
Ga0374720_20_4743_6674	CP000240.1:536867-538766|CDS|CYB_0522	81.090	1872	310	7	67	1904	1	1862	0.0	1789
Ga0374720_21_9_1256	CP000239.1:1596164-1597439|CDS|CYA_1587	93.590	1248	80	0	1	1248	28	1275	0.0	1891
Ga0374720_21_9_1256	CP000240.1:407104-408379|CDS|CYB_0393	93.189	1248	85	0	1	1248	28	1275	0.0	1868
Ga0374720_21_1253_1693	CP000239.1:1597435-1597876|CDS|CYA_1586	99.773	441	1	0	1	441	1	441	0.0	792
Ga0374720_21_1253_1693	CP000240.1:408375-408834|CDS|CYB_0392	97.789	407	9	0	35	441	53	459	0.0	694
Ga0374720_21_1719_2234	CP000239.1:1597901-1598534|CDS|CYA_1588	89.899	495	50	0	22	516	139	633	0.0	668
Ga0374720_21_1719_2234	CP000240.1:408865-409492|CDS|CYB_0394	85.714	490	69	1	22	511	139	627	1.21e-161	565
Ga0374720_21_2406_2870	CP000239.1:1598578-1599034|CDS|CYA_1589	98.465	456	7	0	10	465	1	456	0.0	792
Ga0374720_21_2406_2870	CP000240.1:409536-410001|CDS|CYB_0395	87.312	465	59	0	1	465	1	465	7.29e-164	573
Ga0374720_21_2929_3549	CP000239.1:1599101-1599743|CDS|CYA_1590	100.000	621	0	0	1	621	22	642	0.0	1121
Ga0374720_21_2929_3549	CP000240.1:410060-410741|CDS|CYB_0396	78.704	648	102	5	1	612	22	669	7.59e-159	557
Ga0374720_21_3626_5494	CP000239.1:1599798-1601667|CDS|CYA_1591	99.893	1869	2	0	1	1869	1	1869	0.0	3362
Ga0374720_21_3626_5494	CP000240.1:410817-412713|CDS|CYB_0397	80.952	1890	327	6	1	1866	1	1881	0.0	1789
Ga0374720_21_3626_5494	CP000239.1:1847073-1848795|CDS|CYA_1847	80.317	1702	280	8	208	1859	1	1697	0.0	1573
Ga0374720_22_657_2153	CP000239.1:248587-250033|CDS|CYA_0245	99.931	1446	1	0	52	1497	1	1446	0.0	2604
Ga0374720_22_657_2153	CP000240.1:1875396-1876878|CDS|CYB_1788	80.554	1481	242	17	52	1491	1	1476	0.0	1338
Ga0374720_22_2291_2752	CP000239.1:247937-248399|CDS|CYA_0244	100.000	462	0	0	1	462	1	462	0.0	834
Ga0374720_22_2291_2752	CP000240.1:1874747-1875209|CDS|CYB_1787	90.672	461	43	0	1	461	1	461	0.0	638
Ga0374720_22_3004_4014	CP000239.1:246675-247608|CDS|CYA_0243	96.245	932	35	0	79	1010	1	932	0.0	1524
Ga0374720_22_3004_4014	CP000240.1:1873482-1874415|CDS|CYB_1786	85.408	932	136	0	79	1010	1	932	0.0	1068
Ga0374720_22_4117_4605	CP000239.1:245743-246574|CDS|CYA_0242	74.899	494	108	7	6	485	336	827	3.28e-86	315
Ga0374720_22_4974_6104	CP000239.1:244137-245547|CDS|CYA_0241	92.108	1115	88	0	1	1115	283	1397	0.0	1615
Ga0374720_23_39_413	CP000239.1:859233-859644|CDS|CYA_0850	100.000	375	0	0	1	375	37	411	0.0	677
Ga0374720_23_39_413	CP000240.1:2256064-2256475|CDS|CYB_2155	83.200	375	63	0	1	375	37	411	1.12e-109	393
Ga0374720_23_1371_2726	CP000239.1:860605-861961|CDS|CYA_0852	99.705	1356	4	0	1	1356	1	1356	0.0	2428
Ga0374720_23_1371_2726	CP000240.1:1462918-1464274|CDS|CYB_1391	91.740	1356	112	0	1	1356	1	1356	0.0	1941
Ga0374720_23_2809_3816	CP000239.1:862121-863051|CDS|CYA_0853	99.892	930	1	0	79	1008	1	930	0.0	1673
Ga0374720_23_2809_3816	CP000240.1:1464368-1465361|CDS|CYB_1392	88.922	993	110	0	16	1008	1	993	0.0	1296
Ga0374720_23_3980_4993	CP000239.1:863214-864228|CDS|CYA_0855	100.000	1014	0	0	1	1014	1	1014	0.0	1829
Ga0374720_23_3980_4993	CP000240.1:1465525-1466551|CDS|CYB_1393	88.986	1026	101	1	1	1014	1	1026	0.0	1348
Ga0374720_23_4984_5586	CP000239.1:864218-864821|CDS|CYA_0856	100.000	603	0	0	1	603	1	603	0.0	1088
Ga0374720_24_149_766	CP000239.1:875222-875918|CDS|CYA_0870	99.029	618	6	0	1	618	79	696	0.0	1088
Ga0374720_24_149_766	CP000240.1:2934710-2935394|CDS|CYB_2836	80.711	591	112	2	1	590	67	656	1.37e-155	545
Ga0374720_24_876_1892	CP000239.1:874177-875191|CDS|CYA_0869	99.014	1014	10	0	4	1017	1	1014	0.0	1784
Ga0374720_24_876_1892	CP000240.1:2935445-2936459|CDS|CYB_2837	85.897	1014	143	0	4	1017	1	1014	0.0	1185
Ga0374720_24_2018_2260	CP000239.1:873813-874056|CDS|CYA_0868	100.000	243	0	0	1	243	1	243	5.41e-124	439
Ga0374720_24_2018_2260	CP000240.1:2936605-2936848|CDS|CYB_2838	87.243	243	31	0	1	243	1	243	1.19e-81	299
Ga0374720_24_2475_2768	CP000239.1:873306-873600|CDS|CYA_0867	100.000	294	0	0	1	294	1	294	1.37e-151	531
Ga0374720_24_2475_2768	CP000240.1:2937062-2937359|CDS|CYB_2839	86.532	297	37	1	1	294	1	297	2.18e-98	354
Ga0374720_24_3214_4464	CP000239.1:871610-872861|CDS|CYA_0864	99.760	1251	3	0	1	1251	1	1251	0.0	2243
Ga0374720_24_3214_4464	CP000240.1:989822-991103|CDS|CYB_0952	79.095	1215	245	2	1	1209	1	1212	0.0	1046
Ga0374720_24_4514_5728	CP000239.1:870346-871561|CDS|CYA_0862	100.000	1215	0	0	1	1215	1	1215	0.0	2192
Ga0374720_24_4514_5728	CP000240.1:1831899-1833117|CDS|CYB_1748	83.667	1200	193	1	6	1202	6	1205	0.0	1279
Ga0374720_25_1_2100	CP000239.1:1954757-1957040|CDS|CYA_1944	99.810	2100	4	0	1	2100	184	2283	0.0	3770
Ga0374720_25_1_2100	CP000240.1:1617329-1619612|CDS|CYB_1543	85.973	2096	292	2	1	2095	184	2278	0.0	2448
Ga0374720_25_2195_2779	CP000239.1:1954078-1954609|CDS|CYA_1943	100.000	531	0	0	55	585	1	531	0.0	958
Ga0374720_25_2195_2779	CP000240.1:142154-142679|CDS|CYB_0129	85.714	525	75	0	61	585	1	525	1.29e-174	609
Ga0374720_25_2997_3791	CP000239.1:1953066-1953891|CDS|CYA_1942	100.000	795	0	0	1	795	31	825	0.0	1434
Ga0374720_25_2997_3791	CP000240.1:142994-143789|CDS|CYB_0131	84.071	791	126	0	1	791	1	791	0.0	863
Ga0374720_26_913_1482	CP000239.1:1493270-1493840|CDS|CYA_1485	99.825	570	1	0	1	570	1	570	0.0	1024
Ga0374720_26_913_1482	CP000240.1:1538389-1538959|CDS|CYB_1463	88.246	570	67	0	1	570	1	570	0.0	727
Ga0374720_26_1649_3226	CP000239.1:1491526-1493104|CDS|CYA_1484	99.873	1578	2	0	1	1578	1	1578	0.0	2837
Ga0374720_26_1649_3226	CP000240.1:1546358-1547942|CDS|CYB_1471	85.649	1526	219	0	1	1526	1	1526	0.0	1765
Ga0374720_26_3346_4617	CP000239.1:1490110-1491406|CDS|CYA_1483	99.686	1272	4	0	1	1272	25	1296	0.0	2277
Ga0374720_26_3346_4617	CP000240.1:1548066-1549365|CDS|CYB_1472	84.779	1268	190	1	1	1265	25	1292	0.0	1416
Ga0374720_26_4728_5207	CP000239.1:1489544-1490024|CDS|CYA_1482	99.792	480	1	0	1	480	1	480	0.0	862
Ga0374720_26_4728_5207	CP000240.1:1549451-1549931|CDS|CYB_1473	88.542	480	55	0	1	480	1	480	2.02e-177	618
Ga0374720_27_1419_1772	CP000239.1:38880-39174|CDS|CYA_0040	100.000	294	0	0	61	354	1	294	1.67e-151	531
Ga0374720_27_1419_1772	CP000240.1:2857717-2858011|CDS|CYB_2761	82.624	282	49	0	61	342	1	282	3.24e-78	288
Ga0374720_27_1769_3223	CP000239.1:37429-38884|CDS|CYA_0041	99.863	1455	2	0	1	1455	1	1455	0.0	2616
Ga0374720_27_1769_3223	CP000240.1:2858007-2859468|CDS|CYB_2760	83.630	1460	233	2	1	1454	1	1460	0.0	1553
Ga0374720_28_14_772	CP000239.1:985154-986375|CDS|CYA_0973	99.736	759	0	1	1	759	1	757	0.0	1358
Ga0374720_28_14_772	CP000240.1:3032230-3033451|CDS|CYB_2931	89.855	759	75	1	1	759	1	757	0.0	1020
Ga0374720_28_730_1236	CP000239.1:985154-986375|CDS|CYA_0973	100.000	507	0	0	1	507	715	1221	0.0	915
Ga0374720_28_730_1236	CP000240.1:3032230-3033451|CDS|CYB_2931	92.308	507	39	0	1	507	715	1221	0.0	739
Ga0374720_28_1300_3003	CP000239.1:983429-985091|CDS|CYA_0972	99.880	1663	1	1	1	1663	1	1662	0.0	2987
Ga0374720_28_1300_3003	CP000240.1:3033491-3035153|CDS|CYB_2932	85.207	1663	245	1	1	1663	1	1662	0.0	1887
Ga0374720_28_3115_3852	CP000239.1:982539-983253|CDS|CYA_0971	99.860	714	1	0	25	738	1	714	0.0	1284
Ga0374720_28_3115_3852	CP000240.1:3035333-3036047|CDS|CYB_2933	86.197	710	98	0	25	734	1	710	0.0	839
Ga0374720_29_74_421	CP000239.1:1205227-1205575|CDS|CYA_1190	100.000	348	0	0	1	348	1	348	0.0	628
Ga0374720_29_74_421	CP000240.1:2685647-2685995|CDS|CYB_2585	87.464	343	43	0	1	343	1	343	1.76e-119	425
Ga0374720_29_685_795	CP000239.1:1205838-1206003|CDS|CYA_1192	100.000	110	0	0	1	110	55	164	3.49e-52	199
Ga0374720_29_685_795	CP000240.1:2685097-2685208|CDS|CYB_2582	87.059	85	11	0	1	85	1	85	2.06e-23	104
Ga0374720_29_1172_1558	CP000239.1:1206092-1206695|CDS|CYA_1193	100.000	387	0	0	1	387	217	603	0.0	699
Ga0374720_29_1172_1558	CP000240.1:2684271-2684874|CDS|CYB_2581	90.130	385	38	0	1	385	217	601	2.73e-149	524
Ga0374720_29_2067_3491	CP000239.1:1207203-1208628|CDS|CYA_1194	99.719	1425	4	0	1	1425	1	1425	0.0	2553
Ga0374720_29_2067_3491	CP000240.1:2682337-2683762|CDS|CYB_2579	90.246	1425	139	0	1	1425	1	1425	0.0	1944
Ga0374720_29_3562_3969	CP000239.1:1208698-1209106|CDS|CYA_1195	100.000	408	0	0	1	408	1	408	0.0	737
Ga0374720_29_3562_3969	CP000240.1:2681863-2682271|CDS|CYB_2578	87.192	406	52	0	1	406	1	406	1.15e-141	499
Ga0374720_29_3978_4310	CP000239.1:1209114-1209447|CDS|CYA_1196	99.700	333	1	0	1	333	1	333	4.50e-171	597
Ga0374720_29_3978_4310	CP000240.1:2681522-2681855|CDS|CYB_2577	87.915	331	40	0	1	331	1	331	2.49e-117	417
Ga0374720_30_484_2118	CP000239.1:1486961-1488596|CDS|CYA_1479	96.147	1635	63	0	1	1635	1	1635	0.0	2665
Ga0374720_30_484_2118	CP000240.1:1552233-1553868|CDS|CYB_1478	88.807	1635	183	0	1	1635	1	1635	0.0	2124
Ga0374720_30_2170_2682	CP000239.1:1486244-1486910|CDS|CYA_1478	100.000	513	0	0	1	513	154	666	0.0	926
Ga0374720_30_2170_2682	CP000240.1:1553928-1554426|CDS|CYB_1479	81.336	509	74	3	1	506	1	491	1.78e-140	496
Ga0374720_30_2866_3444	CP000239.1:1485216-1486212|CDS|CYA_1477	91.519	507	43	0	1	507	1	507	0.0	721
Ga0374720_30_2866_3444	CP000240.1:1554621-1555617|CDS|CYB_1480	88.618	492	56	0	16	507	16	507	0.0	636
Ga0374720_31_50_724	CP000239.1:944701-945376|CDS|CYA_0934	100.000	675	0	0	1	675	1	675	0.0	1218
Ga0374720_31_50_724	CP000240.1:1075818-1076499|CDS|CYB_1033	88.987	681	69	1	1	675	1	681	0.0	892
Ga0374720_31_900_1391	CP000239.1:945551-946043|CDS|CYA_0935	99.593	492	2	0	1	492	1	492	0.0	879
Ga0374720_31_900_1391	CP000240.1:923977-924469|CDS|CYB_0891	90.041	492	49	0	1	492	1	492	0.0	667
Ga0374720_31_1510_2352	CP000239.1:946161-947004|CDS|CYA_0936	99.881	843	1	0	1	843	1	843	0.0	1517
Ga0374720_31_1510_2352	CP000240.1:924586-925423|CDS|CYB_0892	92.221	797	62	0	1	797	1	797	0.0	1159
Ga0374720_31_2465_2827	CP000239.1:947116-947479|CDS|CYA_0938	100.000	363	0	0	1	363	1	363	0.0	655
Ga0374720_31_2465_2827	CP000240.1:925551-925917|CDS|CYB_0894	82.514	366	61	1	1	363	1	366	3.55e-103	370
Ga0374720_31_2824_4041	CP000239.1:947475-948816|CDS|CYA_0937	99.836	1218	2	0	1	1218	124	1341	0.0	2188
Ga0374720_31_2824_4041	CP000240.1:925903-927250|CDS|CYB_0893	83.983	1205	179	4	1	1194	124	1325	0.0	1298
Ga0374720_32_9_737	CP000239.1:2806201-2807254|CDS|CYA_2786	100.000	729	0	0	1	729	325	1053	0.0	1315
Ga0374720_32_9_737	CP000240.1:2574289-2575342|CDS|CYB_2478	87.654	729	90	0	1	729	325	1053	0.0	910
Ga0374720_32_762_1196	CP000239.1:2807278-2807713|CDS|CYA_2787	100.000	435	0	0	1	435	1	435	0.0	785
Ga0374720_32_762_1196	CP000240.1:197580-198018|CDS|CYB_0183	83.288	371	62	0	1	371	1	371	4.59e-109	390
Ga0374720_32_1232_1507	CP000239.1:2807748-2808024|CDS|CYA_2788	100.000	276	0	0	1	276	1	276	7.58e-142	499
Ga0374720_32_1232_1507	CP000240.1:198054-198330|CDS|CYB_0184	87.681	276	34	0	1	276	1	276	1.06e-95	345
Ga0374720_32_1596_2276	CP000239.1:2808112-2808793|CDS|CYA_2789	99.853	681	1	0	1	681	1	681	0.0	1224
Ga0374720_32_1596_2276	CP000240.1:198422-199106|CDS|CYB_0185	82.344	691	105	5	1	681	1	684	0.0	690
Ga0374720_32_2343_2828	CP000239.1:2808859-2809345|CDS|CYA_2790	100.000	486	0	0	1	486	1	486	0.0	877
Ga0374720_32_2343_2828	CP000240.1:199110-199596|CDS|CYB_0186	86.626	486	65	0	1	486	1	486	4.23e-167	584
Ga0374720_32_3016_3972	CP000239.1:2809532-2810900|CDS|CYA_2791	100.000	957	0	0	1	957	412	1368	0.0	1727
Ga0374720_32_3016_3972	CP000240.1:199787-201146|CDS|CYB_0187	87.434	947	119	0	9	955	411	1357	0.0	1172
Ga0374720_33_69_377	CP000239.1:2896297-2897866|CDS|CYA_2880	100.000	309	0	0	1	309	1261	1569	1.04e-159	558
Ga0374720_33_69_377	CP000240.1:1738815-1740378|CDS|CYB_1659	84.848	264	40	0	46	309	1300	1563	5.42e-81	297
Ga0374720_33_395_1816	CP000239.1:2894858-2896280|CDS|CYA_2879	99.930	1422	1	0	1	1422	1	1422	0.0	2561
Ga0374720_33_395_1816	CP000240.1:1740396-1741881|CDS|CYB_1660	78.992	1428	249	4	1	1380	1	1425	0.0	1251
Ga0374720_33_1837_2370	CP000239.1:2894124-2894838|CDS|CYA_2878	100.000	534	0	0	1	534	181	714	0.0	964
Ga0374720_33_1837_2370	CP000240.1:1741885-1742533|CDS|CYB_1661	92.121	495	39	0	1	495	115	609	0.0	718
Ga0374720_33_2583_3212	CP000239.1:2893462-2894092|CDS|CYA_2877	99.683	630	2	0	1	630	1	630	0.0	1128
Ga0374720_33_2583_3212	CP000240.1:1742628-1743189|CDS|CYB_1662	87.104	473	61	0	145	617	1	473	2.36e-165	579
Ga0374720_33_3239_3637	CP000239.1:2893037-2893436|CDS|CYA_2876	99.248	399	3	0	1	399	1	399	0.0	707
Ga0374720_33_3239_3637	CP000240.1:1743354-1743753|CDS|CYB_1663	81.955	399	72	0	1	399	1	399	9.85e-111	396
Ga0374720_34_552_1847	CP000239.1:1733212-1734508|CDS|CYA_1729	95.525	1296	58	0	1	1296	1	1296	0.0	2076
Ga0374720_34_552_1847	CP000240.1:2002740-2004036|CDS|CYB_1918	93.519	1296	84	0	1	1296	1	1296	0.0	1959
Ga0374720_34_1981_2562	CP000240.1:2004169-2004751|CDS|CYB_1919	99.828	582	1	0	1	582	1	582	0.0	1046
Ga0374720_34_1981_2562	CP000239.1:1732497-1733079|CDS|CYA_1728	99.828	582	1	0	1	582	1	582	0.0	1046
Ga0374720_34_2679_3650	CP000240.1:2168360-2169515|CDS|CYB_2071	91.426	933	80	0	1	933	223	1155	0.0	1323
Ga0374720_34_2679_3650	CP000239.1:2170714-2171908|CDS|CYA_2158	92.079	909	72	0	1	909	223	1131	0.0	1315
Ga0374720_34_2679_3650	CP000240.1:2247371-2248565|CDS|CYB_2147	90.010	971	97	0	2	972	224	1194	0.0	1315
Ga0374720_34_2679_3650	CP000239.1:774779-775973|CDS|CYA_0767	91.473	903	77	0	1	903	223	1125	0.0	1282
Ga0374720_34_2679_3650	CP000240.1:1083184-1084426|CDS|CYB_1042	90.119	921	67	1	13	909	259	1179	0.0	1269
Ga0374720_34_2679_3650	CP000240.1:2830275-2831565|CDS|CYB_2735	87.817	985	95	2	13	972	259	1243	0.0	1250
Ga0374720_34_2679_3650	CP000240.1:1954838-1956056|CDS|CYB_1872	89.175	933	77	1	1	909	223	1155	0.0	1245
Ga0374720_34_2679_3650	CP000240.1:2796782-2798000|CDS|CYB_2707	88.781	927	80	1	1	903	223	1149	0.0	1221
Ga0374720_34_2679_3650	CP000239.1:712444-713638|CDS|CYA_0704	89.219	909	98	0	1	909	223	1131	0.0	1198
Ga0374720_34_2679_3650	CP000240.1:1803089-1804283|CDS|CYB_1722	89.298	897	96	0	13	909	235	1131	0.0	1186
Ga0374720_34_2679_3650	CP000240.1:102811-104029|CDS|CYB_0087	87.292	960	122	0	13	972	259	1218	0.0	1182
Ga0374720_34_2679_3650	CP000239.1:1594889-1596107|CDS|CYA_1585	85.729	995	118	1	2	972	224	1218	0.0	1172
Ga0374720_34_2679_3650	CP000240.1:2553363-2554557|CDS|CYB_2454	88.594	903	103	0	1	903	223	1125	0.0	1165
Ga0374720_34_2679_3650	CP000240.1:52430-53648|CDS|CYB_0041	87.514	921	91	1	13	909	235	1155	0.0	1160
Ga0374720_34_2679_3650	CP000240.1:2210858-2212052|CDS|CYB_2117	88.372	903	105	0	1	903	223	1125	0.0	1156
Ga0374720_34_2679_3650	CP000240.1:3008652-3009870|CDS|CYB_2910	88.406	897	104	0	13	909	259	1155	0.0	1150
Ga0374720_34_2679_3650	CP000240.1:638632-639850|CDS|CYB_0630	88.328	891	104	0	13	903	259	1149	0.0	1139
Ga0374720_34_2679_3650	CP000240.1:1521392-1522610|CDS|CYB_1450	88.103	891	106	0	13	903	259	1149	0.0	1130
Ga0374720_34_2679_3650	CP000240.1:2644164-2645358|CDS|CYB_2538	87.991	891	107	0	13	903	235	1125	0.0	1125
Ga0374720_34_2679_3650	CP000239.1:893439-894633|CDS|CYA_0887	85.479	971	141	0	2	972	224	1194	0.0	1116
Ga0374720_34_2679_3650	CP000240.1:1316312-1317548|CDS|CYB_1259	83.909	1013	121	4	2	972	224	1236	0.0	1113
Ga0374720_34_2679_3650	CP000240.1:2128026-2129220|CDS|CYB_2026	85.538	975	135	5	1	972	223	1194	0.0	1106
Ga0374720_34_2679_3650	CP000240.1:241642-242836|CDS|CYB_0233	85.391	972	140	2	2	972	224	1194	0.0	1106
Ga0374720_34_2679_3650	CP000240.1:2565689-2566883|CDS|CYB_2468	84.861	971	147	0	2	972	224	1194	0.0	1089
Ga0374720_34_2679_3650	CP000240.1:1190675-1191869|CDS|CYB_1151	87.220	892	112	2	13	903	235	1125	0.0	1088
Ga0374720_34_2679_3650	CP000239.1:629980-631174|CDS|CYA_0620	86.268	903	124	0	1	903	223	1125	0.0	1070
Ga0374720_34_2679_3650	CP000240.1:1358129-1359347|CDS|CYB_1297	86.420	891	121	0	13	903	259	1149	0.0	1062
Ga0374720_34_2679_3650	CP000240.1:1064975-1066169|CDS|CYB_1023	86.420	891	121	0	13	903	235	1125	0.0	1062
Ga0374720_34_2679_3650	CP000240.1:1384265-1385459|CDS|CYB_1322	83.831	971	157	0	2	972	224	1194	0.0	1044
Ga0374720_34_2679_3650	CP000240.1:1015074-1016268|CDS|CYB_0979	84.062	960	153	0	13	972	235	1194	0.0	1042
Ga0374720_34_2679_3650	CP000240.1:345730-346924|CDS|CYB_0329	83.728	971	158	0	2	972	224	1194	0.0	1040
Ga0374720_34_2679_3650	CP000240.1:1267756-1268992|CDS|CYB_1227	82.424	990	154	4	2	972	248	1236	0.0	1002
Ga0374720_34_2679_3650	CP000240.1:629484-630702|CDS|CYB_0620	84.141	908	144	0	2	909	248	1155	0.0	989
Ga0374720_34_2679_3650	CP000240.1:1917270-1918464|CDS|CYB_1826	82.769	975	162	5	1	972	223	1194	0.0	985
Ga0374720_34_2679_3650	CP000240.1:2933473-2934709|CDS|CYB_2835	82.056	992	154	6	2	972	248	1236	0.0	982
Ga0374720_34_2679_3650	CP000240.1:2619921-2621115|CDS|CYB_2521	84.053	903	142	2	2	903	224	1125	0.0	973
Ga0374720_34_2679_3650	CP000240.1:2661652-2662870|CDS|CYB_2557	82.613	926	137	1	2	903	224	1149	0.0	962
Ga0374720_34_2679_3650	CP000240.1:1244785-1246021|CDS|CYB_1201	82.740	927	142	2	64	972	310	1236	0.0	958
Ga0374720_34_2679_3650	CP000240.1:481588-482800|CDS|CYB_0472	81.716	979	159	5	13	972	235	1212	0.0	955
Ga0374720_34_2679_3650	CP000239.1:994256-995468|CDS|CYA_0981	80.586	989	174	2	2	972	224	1212	0.0	926
Ga0374720_34_2679_3650	CP000240.1:1842322-1843549|CDS|CYB_1759	81.585	934	144	3	2	909	224	1155	0.0	921
Ga0374720_34_2679_3650	CP000240.1:1763450-1764623|CDS|CYB_1688	81.637	953	169	5	1	950	223	1172	0.0	913
Ga0374720_34_2679_3650	CP000239.1:698055-699204|CDS|CYA_0690	81.365	923	148	1	2	900	224	1146	0.0	907
Ga0374720_34_2679_3650	CP000240.1:605550-606744|CDS|CYB_0598	82.048	908	163	0	2	909	224	1131	0.0	903
Ga0374720_34_2679_3650	CP000239.1:693322-694534|CDS|CYA_0687	79.738	992	179	5	1	972	223	1212	0.0	881
Ga0374720_34_2679_3650	CP000240.1:2219258-2220470|CDS|CYB_2126	79.637	992	180	5	1	972	223	1212	0.0	876
Ga0374720_34_2679_3650	CP000240.1:2506708-2507857|CDS|CYB_2410	81.957	787	94	2	54	792	348	1134	0.0	814
Ga0374720_35_205_1887	CP000239.1:1697728-1699789|CDS|CYA_1696	93.404	1698	97	2	1	1683	364	2061	0.0	2562
Ga0374720_35_205_1887	CP000240.1:2090887-2092936|CDS|CYB_1988	91.988	1685	132	1	1	1682	364	2048	0.0	2429
Ga0374720_35_2131_3726	CP000239.1:1699912-1701610|CDS|CYA_1697	99.434	1589	8	1	1	1588	34	1622	0.0	2822
Ga0374720_35_2131_3726	CP000240.1:2089023-2090721|CDS|CYB_1987	89.042	1597	174	1	1	1596	34	1630	0.0	2088
Ga0374720_37_284_1540	CP000239.1:943316-944390|CDS|CYA_0933	99.814	1074	2	0	184	1257	1	1074	0.0	1929
Ga0374720_37_284_1540	CP000240.1:1076532-1077627|CDS|CYB_1034	78.329	1089	216	5	178	1250	1	1085	0.0	896
Ga0374720_37_1513_2463	CP000240.1:1077776-1078727|CDS|CYB_1036	75.754	928	223	2	25	951	25	951	0.0	653
Ga0374720_37_2460_3227	CP000239.1:941581-942214|CDS|CYA_0932	100.000	633	0	0	136	768	1	633	0.0	1142
Ga0374720_37_2460_3227	CP000240.1:1078723-1079557|CDS|CYB_1037	72.053	755	207	4	16	768	82	834	1.95e-110	397
Ga0374720_38_1_1149	CP000239.1:111442-113350|CDS|CYA_0117	99.826	1149	2	0	1	1149	760	1908	0.0	2064
Ga0374720_38_1290_2408	CP000239.1:113490-114609|CDS|CYA_0118	100.000	1119	0	0	1	1119	1	1119	0.0	2019
Ga0374720_38_1290_2408	CP000240.1:2865970-2867077|CDS|CYB_2767	79.765	1107	218	2	1	1104	1	1104	0.0	984
Ga0374720_38_2632_2985	CP000239.1:114832-115186|CDS|CYA_0119	99.435	354	2	0	1	354	1	354	0.0	630
Ga0374720_38_2632_2985	CP000240.1:2867276-2867630|CDS|CYB_2768	85.838	346	49	0	1	346	1	346	5.84e-113	404
Ga0374720_38_2987_3583	CP000239.1:115187-115784|CDS|CYA_0120	99.832	597	1	0	1	597	1	597	0.0	1073
Ga0374720_38_2987_3583	CP000240.1:2867668-2868259|CDS|CYB_2769	87.411	564	65	1	1	558	1	564	0.0	699
Ga0374720_39_96_1157	CP000239.1:1736015-1737077|CDS|CYA_1732	99.058	1062	10	0	1	1062	1	1062	0.0	1871
Ga0374720_39_96_1157	CP000240.1:2000171-2001233|CDS|CYB_1915	98.776	1062	13	0	1	1062	1	1062	0.0	1857
Ga0374720_39_1306_2289	CP000240.1:1999039-2000023|CDS|CYB_1914	99.289	984	7	0	1	984	1	984	0.0	1744
Ga0374720_39_1306_2289	CP000239.1:1737225-1738209|CDS|CYA_1733	98.374	984	16	0	1	984	1	984	0.0	1703
Ga0374720_39_2328_3221	CP000240.1:1998107-1999001|CDS|CYB_1913	99.441	894	5	0	1	894	1	894	0.0	1590
Ga0374720_39_2328_3221	CP000239.1:1738247-1739141|CDS|CYA_1734	98.993	894	9	0	1	894	1	894	0.0	1572
Ga0374720_40_14_145	CP000239.1:980721-981372|CDS|CYA_0969	100.000	132	0	0	1	132	520	651	4.91e-64	239
Ga0374720_40_14_145	CP000240.1:921847-922504|CDS|CYB_0889	81.159	138	20	1	1	132	520	657	5.26e-32	133
Ga0374720_40_152_613	CP000239.1:980253-980715|CDS|CYA_0968	97.835	462	10	0	1	462	1	462	0.0	789
Ga0374720_40_152_613	CP000240.1:921379-921841|CDS|CYB_0888	86.341	410	56	0	1	410	1	410	2.37e-138	488
Ga0374720_40_670_1449	CP000239.1:979417-980197|CDS|CYA_0967	100.000	780	0	0	1	780	1	780	0.0	1407
Ga0374720_40_670_1449	CP000240.1:911640-912438|CDS|CYB_0884	88.000	775	93	0	1	775	1	775	0.0	979
Ga0374720_40_1674_2261	CP000239.1:976928-977528|CDS|CYA_0965	88.095	588	70	0	1	588	13	600	0.0	746
Ga0374720_40_1674_2261	CP000240.1:909071-909683|CDS|CYB_0882	84.398	532	83	0	1	532	13	544	1.48e-167	586
Ga0374720_40_2201_2536	CP000239.1:977467-978337|CDS|CYA_0964	83.386	319	53	0	1	319	535	853	6.76e-93	337
Ga0374720_40_2201_2536	CP000240.1:909610-910528|CDS|CYB_0881	80.345	290	57	0	1	290	571	860	1.00e-71	267
Ga0374720_40_2584_3036	CP000239.1:977467-978337|CDS|CYA_0964	90.554	487	12	1	1	453	1	487	0.0	698
Ga0374720_40_2584_3036	CP000240.1:909610-910528|CDS|CYB_0881	81.031	485	58	1	1	451	37	521	8.10e-138	487
Ga0374720_40_3090_3626	CP000239.1:978379-979045|CDS|CYA_0966	99.814	537	1	0	1	537	130	666	0.0	965
Ga0374720_40_3090_3626	CP000240.1:910558-911224|CDS|CYB_0883	88.411	535	62	0	1	535	130	664	0.0	686
Ga0374720_41_600_860	CP000239.1:604691-604997|CDS|CYA_0593	99.617	261	1	0	1	261	46	306	4.21e-132	467
Ga0374720_41_600_860	CP000240.1:2583458-2583764|CDS|CYB_2487	89.655	261	27	0	1	261	46	306	8.15e-97	350
Ga0374720_41_1002_1712	CP000239.1:603884-604595|CDS|CYA_0592	99.719	711	2	0	1	711	1	711	0.0	1274
Ga0374720_41_1002_1712	CP000240.1:2582596-2583430|CDS|CYB_2486	85.664	565	81	0	5	569	110	674	0.0	655
Ga0374720_41_1876_2247	CP000239.1:602407-603721|CDS|CYA_0591	100.000	372	0	0	1	372	943	1314	0.0	672
Ga0374720_41_1876_2247	CP000240.1:84795-86109|CDS|CYB_0073	82.527	372	65	0	1	372	943	1314	2.45e-105	379
Ga0374720_43_28_1308	CP000239.1:2818864-2820454|CDS|CYA_2800	100.000	1281	0	0	1	1281	310	1590	0.0	2311
Ga0374720_43_28_1308	CP000240.1:997525-999121|CDS|CYB_0961	86.609	1277	169	2	1	1276	316	1591	0.0	1526
Ga0374720_43_1245_1670	CP000239.1:2818535-2818928|CDS|CYA_2801	100.000	393	0	0	34	426	1	393	0.0	710
Ga0374720_43_1245_1670	CP000240.1:999057-999534|CDS|CYB_0960	92.019	426	34	0	1	426	52	477	6.22e-177	616
Ga0374720_43_1672_2412	CP000239.1:2817784-2818501|CDS|CYA_2799	100.000	717	0	0	25	741	1	717	0.0	1294
Ga0374720_43_1672_2412	CP000240.1:999484-1000225|CDS|CYB_0962	86.370	741	101	0	1	741	1	741	0.0	882
Ga0374720_43_2485_2886	CP000239.1:2817286-2817688|CDS|CYA_2798	100.000	402	0	0	1	402	1	402	0.0	726
Ga0374720_43_2485_2886	CP000240.1:1000293-1000695|CDS|CYB_0963	83.500	400	66	0	1	400	1	400	2.05e-119	425
Ga0374720_43_2912_3211	CP000239.1:2816490-2817261|CDS|CYA_2797	100.000	300	0	0	1	300	472	771	7.77e-155	542
Ga0374720_43_2912_3211	CP000240.1:1001413-1002196|CDS|CYB_0965	86.195	297	41	0	4	300	487	783	2.72e-97	352
Ga0374720_44_4_783	CP000239.1:2141367-2143968|CDS|CYA_2127	98.974	780	8	0	1	780	1822	2601	0.0	1371
Ga0374720_44_4_783	CP000240.1:2772842-2775443|CDS|CYB_2688	84.923	776	117	0	1	776	1822	2597	0.0	873
Ga0374720_44_840_2006	CP000239.1:2144129-2145191|CDS|CYA_2128	100.000	1062	0	0	106	1167	1	1062	0.0	1916
Ga0374720_44_840_2006	CP000240.1:2775855-2776917|CDS|CYB_2690	79.512	1025	210	0	106	1130	1	1025	0.0	902
Ga0374720_44_2115_2648	CP000239.1:2145308-2145833|CDS|CYA_2130	100.000	525	0	0	10	534	1	525	0.0	948
Ga0374720_44_2115_2648	CP000240.1:1007583-1008108|CDS|CYB_0971	87.843	510	62	0	10	519	1	510	0.0	641
Ga0374720_44_2829_3335	CP000239.1:2145878-2146520|CDS|CYA_2131	99.408	507	3	0	1	507	136	642	0.0	902
Ga0374720_44_2829_3335	CP000240.1:1008125-1008764|CDS|CYB_0972	78.469	418	83	2	1	413	118	533	2.01e-95	346
Ga0374720_45_312_1085	CP000239.1:240855-241740|CDS|CYA_0238	99.871	774	1	0	1	774	112	885	0.0	1392
Ga0374720_45_312_1085	CP000240.1:1867813-1868575|CDS|CYB_1782	77.747	728	150	6	1	722	25	746	5.26e-162	567
Ga0374720_45_1444_2694	CP000239.1:241888-243349|CDS|CYA_0239	97.680	1250	29	0	2	1251	212	1461	0.0	2124
Ga0374720_47_949_2061	CP000239.1:1242267-1243389|CDS|CYA_1231	99.910	1113	1	0	1	1113	10	1122	0.0	2003
Ga0374720_47_949_2061	CP000240.1:1624022-1625144|CDS|CYB_1549	88.589	1113	127	0	1	1113	10	1122	0.0	1435
Ga0374720_47_2027_2785	CP000239.1:1241543-1242302|CDS|CYA_1230	99.736	759	2	0	1	759	1	759	0.0	1361
Ga0374720_47_2027_2785	CP000240.1:1623298-1624045|CDS|CYB_1548	84.203	747	118	0	13	759	1	747	0.0	816
Ga0374720_48_647_1693	CP000239.1:2147593-2148640|CDS|CYA_2134	100.000	1047	0	0	1	1047	1	1047	0.0	1889
Ga0374720_48_647_1693	CP000240.1:1009688-1010732|CDS|CYB_0974	82.046	1036	183	1	1	1036	1	1033	0.0	1029
Ga0374720_48_1779_2354	CP000239.1:2148725-2149301|CDS|CYA_2135	100.000	576	0	0	1	576	1	576	0.0	1040
Ga0374720_48_1779_2354	CP000240.1:551296-551845|CDS|CYB_0536	85.505	545	79	0	1	545	1	545	4.72e-180	627
Ga0374720_49_357_581	CP000239.1:1545155-1545380|CDS|CYA_1534	100.000	225	0	0	1	225	1	225	2.94e-114	407
Ga0374720_49_357_581	CP000240.1:556996-557377|CDS|CYB_0544	88.444	225	26	0	1	225	157	381	5.68e-79	289
Ga0374720_49_819_1289	CP000239.1:1544447-1544918|CDS|CYA_1533	99.788	471	1	0	1	471	1	471	0.0	846
Ga0374720_49_819_1289	CP000240.1:556211-556736|CDS|CYB_0541	85.996	457	64	0	1	457	1	457	5.32e-153	536
Ga0374720_49_1295_2047	CP000239.1:1543566-1544442|CDS|CYA_1532	99.602	753	3	0	1	753	124	876	0.0	1345
Ga0374720_49_1295_2047	CP000240.1:553988-555035|CDS|CYB_0539	87.630	671	83	0	1	671	232	902	0.0	837
Ga0374720_50_327_1871	CP000239.1:73397-75167|CDS|CYA_0076	99.741	1545	4	0	1	1545	226	1770	0.0	2769
Ga0374720_50_327_1871	CP000240.1:1837180-1839013|CDS|CYB_1754	88.075	1543	184	0	1	1543	289	1831	0.0	1954
Ga0374720_50_1910_2905	CP000239.1:72363-73359|CDS|CYA_0075	99.900	996	1	0	1	996	1	996	0.0	1792
Ga0374720_50_1910_2905	CP000240.1:1839899-1840901|CDS|CYB_1757	87.171	951	113	2	1	951	1	942	0.0	1165
Ga0374720_50_2902_3066	CP000239.1:71020-72367|CDS|CYA_0074	100.000	165	0	0	1	165	1183	1347	7.78e-82	298
Ga0374720_50_2902_3066	CP000240.1:1840897-1842244|CDS|CYB_1758	90.303	165	16	0	1	165	1183	1347	4.03e-60	226
Ga0374720_52_7_987	CP000239.1:1577758-1578805|CDS|CYA_1569	99.592	981	4	0	1	981	67	1047	0.0	1752
Ga0374720_52_7_987	CP000240.1:1900080-1901127|CDS|CYB_1815	87.153	973	125	0	7	979	73	1045	0.0	1192
Ga0374720_52_1028_2665	CP000239.1:1578941-1580483|CDS|CYA_1570	98.962	1542	16	0	97	1638	1	1542	0.0	2709
Ga0374720_52_1028_2665	CP000240.1:1901328-1902870|CDS|CYB_1816	88.120	1532	182	0	103	1634	7	1538	0.0	1943
Ga0374720_53_10_342	CP000239.1:2149405-2150902|CDS|CYA_2136	100.000	333	0	0	1	333	1165	1497	1.06e-172	601
Ga0374720_53_10_342	CP000240.1:549635-551156|CDS|CYB_0535	89.264	326	35	0	2	327	1190	1515	3.95e-121	431
Ga0374720_53_349_1155	CP000239.1:2150920-2151715|CDS|CYA_2137	100.000	795	0	0	13	807	1	795	0.0	1434
Ga0374720_53_349_1155	CP000240.1:548801-549620|CDS|CYB_0534	85.104	772	115	0	36	807	48	819	0.0	875
Ga0374720_53_1383_2303	CP000239.1:2151942-2152863|CDS|CYA_2138	100.000	921	0	0	1	921	1	921	0.0	1662
Ga0374720_53_1383_2303	CP000240.1:547074-547995|CDS|CYB_0533	88.925	921	102	0	1	921	1	921	0.0	1202
Ga0374720_54_308_1063	CP000239.1:939522-940422|CDS|CYA_0930	99.868	756	1	0	1	756	145	900	0.0	1360
Ga0374720_54_308_1063	CP000240.1:1080663-1081458|CDS|CYB_1039	79.377	771	120	6	1	732	1	771	0.0	682
Ga0374720_54_1131_1889	CP000239.1:938696-939455|CDS|CYA_0929	96.311	759	28	0	1	759	1	759	0.0	1243
Ga0374720_54_1131_1889	CP000240.1:1081522-1082305|CDS|CYB_1040	87.517	729	91	0	1	729	1	729	0.0	905
Ga0374720_54_1886_2674	CP000239.1:937911-938700|CDS|CYA_0928	100.000	789	0	0	1	789	1	789	0.0	1424
Ga0374720_54_1886_2674	CP000240.1:1082301-1083090|CDS|CYB_1041	86.439	789	107	0	1	789	1	789	0.0	941
Ga0374720_58_439_1440	CP000240.1:524189-525287|CDS|CYB_0511	87.009	993	129	0	1	993	103	1095	0.0	1210
Ga0374720_58_439_1440	CP000239.1:2859005-2860109|CDS|CYA_2841	86.727	1002	133	0	1	1002	103	1104	0.0	1208
Ga0374720_58_1542_1691	CP000239.1:2860210-2860822|CDS|CYA_2842	99.333	150	1	0	1	150	1	150	4.11e-72	267
Ga0374720_58_1542_1691	CP000240.1:525406-526018|CDS|CYB_0512	73.973	146	38	0	1	146	1	146	5.36e-20	93.3
Ga0374720_58_1695_2153	CP000239.1:2860210-2860822|CDS|CYA_2842	99.782	459	1	0	1	459	154	612	0.0	824
Ga0374720_58_1695_2153	CP000240.1:525406-526018|CDS|CYB_0512	78.097	452	99	0	1	452	154	605	1.59e-102	370
Ga0374720_59_239_610	CP000239.1:1569145-1569517|CDS|CYA_1560	100.000	372	0	0	1	372	1	372	0.0	672
Ga0374720_59_239_610	CP000240.1:1107298-1107664|CDS|CYB_1069	83.696	368	54	2	1	368	1	362	3.89e-109	390
Ga0374720_59_739_1521	CP000239.1:1569645-1570428|CDS|CYA_1561	100.000	783	0	0	1	783	1	783	0.0	1413
Ga0374720_59_739_1521	CP000240.1:1106375-1107158|CDS|CYB_1068	87.739	783	96	0	1	783	1	783	0.0	980
Ga0374720_60_47_742	CP000239.1:2681419-2682826|CDS|CYA_2666	100.000	696	0	0	1	696	712	1407	0.0	1256
Ga0374720_60_47_742	CP000240.1:2523863-2525267|CDS|CYB_2428	79.450	691	132	2	1	691	718	1398	5.39e-174	607
Ga0374720_60_739_1320	CP000239.1:2682822-2683404|CDS|CYA_2665	100.000	582	0	0	1	582	1	582	0.0	1050
Ga0374720_60_739_1320	CP000240.1:2525263-2525857|CDS|CYB_2427	80.134	599	95	4	1	581	1	593	3.67e-156	548
Ga0374720_60_1671_2426	CP000239.1:2683754-2684510|CDS|CYA_2667	99.735	756	2	0	1	756	1	756	0.0	1355
Ga0374720_60_1671_2426	CP000240.1:2526098-2526854|CDS|CYB_2430	78.968	756	159	0	1	756	1	756	0.0	647
Ga0374720_62_116_1030	CP000239.1:880647-881622|CDS|CYA_0876	93.878	735	39	1	181	915	247	975	0.0	1124
Ga0374720_62_116_1030	CP000240.1:595383-596364|CDS|CYB_0589	90.287	731	71	0	185	915	251	981	0.0	999
Ga0374720_62_1107_1511	CP000239.1:880192-880651|CDS|CYA_0875	93.750	400	25	0	6	405	60	459	8.75e-175	609
Ga0374720_62_1107_1511	CP000240.1:594934-595387|CDS|CYB_0588	83.163	392	66	0	6	397	60	451	4.54e-115	410
