Ga0393500_01_1538_2752	CP000239.1:304115-305456|CDS|CYA_0298	99.753	1215	3	0	1	1215	127	1341	0.0	2178
Ga0393500_01_1538_2752	CP000240.1:2921852-2923193|CDS|CYB_2820	89.959	1215	122	0	1	1215	127	1341	0.0	1642
Ga0393500_01_2888_3370	CP000239.1:305549-306074|CDS|CYA_0299	99.793	483	1	0	1	483	43	525	0.0	867
Ga0393500_01_2888_3370	CP000240.1:2921226-2921748|CDS|CYB_2819	91.332	473	38	2	14	483	50	522	0.0	663
Ga0393500_01_3407_3682	CP000239.1:306110-306386|CDS|CYA_0300	100.000	276	0	0	1	276	1	276	7.58e-142	499
Ga0393500_01_3407_3682	CP000240.1:2920914-2921190|CDS|CYB_2818	86.957	276	36	0	1	276	1	276	5.47e-93	336
Ga0393500_01_3679_4287	CP000239.1:306403-306991|CDS|CYA_0301	100.000	588	0	0	22	609	1	588	0.0	1061
Ga0393500_01_3679_4287	CP000240.1:2920309-2920888|CDS|CYB_2817	85.615	577	83	0	33	609	3	579	0.0	667
Ga0393500_01_4304_5572	CP000239.1:307007-308276|CDS|CYA_0302	100.000	1269	0	0	1	1269	1	1269	0.0	2289
Ga0393500_01_4304_5572	CP000240.1:2918610-2919879|CDS|CYB_2816	79.201	1226	177	6	106	1253	28	1253	0.0	1105
Ga0393500_01_5977_7800	CP000239.1:308635-310549|CDS|CYA_0304	86.968	1834	225	3	1	1821	46	1878	0.0	2230
Ga0393500_01_5977_7800	CP000240.1:2916338-2918288|CDS|CYB_2815	76.927	1881	356	16	3	1814	36	1907	0.0	1434
Ga0393500_01_7830_9296	CP000239.1:310545-312012|CDS|CYA_0303	95.637	1467	64	0	1	1467	1	1467	0.0	2358
Ga0393500_01_7830_9296	CP000240.1:828855-830316|CDS|CYB_0803	81.894	1447	257	3	11	1453	11	1456	0.0	1420
Ga0393500_01_9298_9633	CP000239.1:312013-312340|CDS|CYA_0305	86.364	330	42	1	7	336	1	327	3.50e-109	391
Ga0393500_01_9298_9633	CP000240.1:830328-830916|CDS|CYB_0804	86.972	284	37	0	7	290	259	542	1.31e-95	346
Ga0393500_01_9869_10096	CP000239.1:312457-312718|CDS|CYA_0306	86.500	200	27	0	1	200	34	233	9.15e-64	240
Ga0393500_01_9869_10096	CP000240.1:830328-830916|CDS|CYB_0804	85.128	195	29	0	1	195	24	218	2.45e-58	222
Ga0393500_01_10374_10685	CP000239.1:312833-313277|CDS|CYA_0307	97.428	311	8	0	2	312	134	444	6.23e-150	526
Ga0393500_01_10374_10685	CP000240.1:831034-831478|CDS|CYB_0805	83.333	312	52	0	1	312	133	444	9.27e-91	329
Ga0393500_01_10696_12414	CP000239.1:313287-315018|CDS|CYA_0308	99.884	1719	2	0	1	1719	13	1731	0.0	3092
Ga0393500_01_10696_12414	CP000240.1:831481-833314|CDS|CYB_0806	74.809	1834	346	12	1	1719	1	1833	0.0	1276
Ga0393500_01_12580_15057	CP000239.1:315171-317649|CDS|CYA_0309	99.112	2478	22	0	1	2478	1	2478	0.0	4370
Ga0393500_01_12580_15057	CP000240.1:3013353-3015831|CDS|CYB_2916	82.514	2482	424	5	1	2477	1	2477	0.0	2507
Ga0393500_01_15216_16199	CP000239.1:317852-318755|CDS|CYA_0310	99.213	889	7	0	46	934	1	889	0.0	1572
Ga0393500_01_15216_16199	CP000240.1:1761443-1762382|CDS|CYB_1687	86.428	921	116	1	1	921	1	912	0.0	1102
Ga0393500_01_16641_18479	CP000239.1:318964-320803|CDS|CYA_0311	99.782	1839	4	0	1	1839	1	1839	0.0	3299
Ga0393500_01_16641_18479	CP000240.1:1764691-1766560|CDS|CYB_1689	85.936	1870	231	6	1	1839	1	1869	0.0	2189
Ga0393500_01_18859_19230	CP000239.1:321182-321554|CDS|CYA_0312	99.462	372	2	0	1	372	1	372	0.0	663
Ga0393500_01_18859_19230	CP000240.1:1766987-1767338|CDS|CYB_1690	84.000	350	56	0	22	371	1	350	7.03e-106	379
Ga0393500_01_19421_20932	CP000239.1:321744-323256|CDS|CYA_0313	100.000	1512	0	0	1	1512	1	1512	0.0	2727
Ga0393500_01_19421_20932	CP000240.1:1767536-1769048|CDS|CYB_1691	88.426	1512	175	0	1	1512	1	1512	0.0	1939
Ga0393500_01_21064_21414	CP000239.1:323387-323738|CDS|CYA_0314	100.000	351	0	0	1	351	1	351	0.0	634
Ga0393500_01_21064_21414	CP000240.1:1769172-1769523|CDS|CYB_1692	94.017	351	21	0	1	351	1	351	1.12e-153	539
Ga0393500_01_21533_22771	CP000239.1:323856-325095|CDS|CYA_0315	100.000	1239	0	0	1	1239	1	1239	0.0	2235
Ga0393500_01_21533_22771	CP000240.1:1769646-1770885|CDS|CYB_1693	87.813	1239	151	0	1	1239	1	1239	0.0	1554
Ga0393500_01_22959_24377	CP000239.1:325272-326691|CDS|CYA_0316	99.930	1419	1	0	1	1419	1	1419	0.0	2555
Ga0393500_01_22959_24377	CP000240.1:1771092-1772511|CDS|CYB_1694	88.584	1384	158	0	1	1384	1	1384	0.0	1784
Ga0393500_02_285_734	CP000239.1:781897-782347|CDS|CYA_0776	99.778	450	1	0	1	450	1	450	0.0	808
Ga0393500_02_285_734	CP000240.1:212011-212446|CDS|CYB_0200	85.781	429	49	2	1	429	1	417	3.65e-142	501
Ga0393500_02_1094_1603	CP000239.1:781028-781538|CDS|CYA_0774	99.804	510	1	0	1	510	1	510	0.0	916
Ga0393500_02_1094_1603	CP000240.1:211181-211715|CDS|CYB_0199	87.910	488	59	0	1	488	1	488	2.62e-176	615
Ga0393500_02_1648_2466	CP000239.1:780165-780984|CDS|CYA_0773	99.633	818	3	0	1	818	1	818	0.0	1462
Ga0393500_02_1648_2466	CP000240.1:209502-210327|CDS|CYB_0196	84.363	761	116	1	1	758	1	761	0.0	835
Ga0393500_02_2576_3406	CP000239.1:779225-780056|CDS|CYA_0772	100.000	831	0	0	1	831	1	831	0.0	1499
Ga0393500_02_2576_3406	CP000240.1:208564-209434|CDS|CYB_0195	79.023	839	149	5	1	812	22	860	0.0	722
Ga0393500_02_3429_4109	CP000239.1:778522-779203|CDS|CYA_0771	99.706	681	2	0	1	681	1	681	0.0	1220
Ga0393500_02_3429_4109	CP000240.1:207846-208548|CDS|CYB_0194	79.674	674	122	3	1	659	1	674	2.73e-171	599
Ga0393500_02_4132_5202	CP000239.1:777429-778500|CDS|CYA_0770	99.907	1071	1	0	1	1071	1	1071	0.0	1928
Ga0393500_02_4132_5202	CP000240.1:206713-207784|CDS|CYB_0193	86.088	1071	149	0	1	1071	1	1071	0.0	1260
Ga0393500_02_5333_5674	CP000239.1:776957-777299|CDS|CYA_0769	100.000	342	0	0	1	342	1	342	1.42e-177	618
Ga0393500_02_5333_5674	CP000240.1:206257-206599|CDS|CYB_0192	88.060	335	40	0	1	335	1	335	1.73e-119	425
Ga0393500_02_5865_6428	CP000239.1:776203-776698|CDS|CYA_0768	100.000	495	0	0	70	564	1	495	0.0	893
Ga0393500_02_5865_6428	CP000240.1:114810-115398|CDS|CYB_0097	81.614	533	98	0	32	564	56	588	4.94e-148	520
Ga0393500_02_6641_7852	CP000239.1:774779-775973|CDS|CYA_0767	100.000	1194	0	0	19	1212	1	1194	0.0	2154
Ga0393500_02_6641_7852	CP000239.1:2170714-2171908|CDS|CYA_2158	93.970	1194	72	0	19	1212	1	1194	0.0	1829
Ga0393500_02_6641_7852	CP000240.1:1954838-1956056|CDS|CYB_1872	92.282	1218	70	1	19	1212	1	1218	0.0	1791
Ga0393500_02_6641_7852	CP000240.1:1083184-1084426|CDS|CYB_1042	90.419	1242	71	2	19	1212	1	1242	0.0	1738
Ga0393500_02_6641_7852	CP000240.1:1803089-1804283|CDS|CYB_1722	92.127	1194	94	0	19	1212	1	1194	0.0	1730
Ga0393500_02_6641_7852	CP000240.1:2796782-2798000|CDS|CYB_2707	90.887	1218	87	1	19	1212	1	1218	0.0	1714
Ga0393500_02_6641_7852	CP000240.1:2644164-2645358|CDS|CYB_2538	91.290	1194	104	0	19	1212	1	1194	0.0	1685
Ga0393500_02_6641_7852	CP000239.1:712444-713638|CDS|CYA_0704	91.039	1194	107	0	19	1212	1	1194	0.0	1672
Ga0393500_02_6641_7852	CP000240.1:2168360-2169515|CDS|CYB_2071	92.889	1125	80	0	19	1143	1	1125	0.0	1669
Ga0393500_02_6641_7852	CP000240.1:1190675-1191869|CDS|CYB_1151	90.544	1195	111	2	19	1212	1	1194	0.0	1639
Ga0393500_02_6641_7852	CP000240.1:1358129-1359347|CDS|CYB_1297	89.491	1218	104	1	19	1212	1	1218	0.0	1637
Ga0393500_02_6641_7852	CP000240.1:1521392-1522610|CDS|CYB_1450	89.409	1218	105	1	19	1212	1	1218	0.0	1633
Ga0393500_02_6641_7852	CP000240.1:2619921-2621115|CDS|CYB_2521	90.209	1195	115	2	19	1212	1	1194	0.0	1621
Ga0393500_02_6641_7852	CP000240.1:638632-639850|CDS|CYB_0630	89.163	1218	108	1	19	1212	1	1218	0.0	1619
Ga0393500_02_6641_7852	CP000240.1:52430-53648|CDS|CYB_0041	88.998	1218	110	1	19	1212	1	1218	0.0	1610
Ga0393500_02_6641_7852	CP000240.1:1064975-1066169|CDS|CYB_1023	89.698	1194	123	0	19	1212	1	1194	0.0	1599
Ga0393500_02_6641_7852	CP000240.1:3008652-3009870|CDS|CYB_2910	88.752	1218	113	1	19	1212	1	1218	0.0	1597
Ga0393500_02_6641_7852	CP000240.1:2830275-2831565|CDS|CYB_2735	87.661	1240	88	3	19	1210	1	1223	0.0	1592
Ga0393500_02_6641_7852	CP000240.1:2553363-2554557|CDS|CYB_2454	89.531	1194	125	0	19	1212	1	1194	0.0	1590
Ga0393500_02_6641_7852	CP000240.1:2210858-2212052|CDS|CYB_2117	89.196	1194	129	0	19	1212	1	1194	0.0	1572
Ga0393500_02_6641_7852	CP000239.1:629980-631174|CDS|CYA_0620	89.196	1194	129	0	19	1212	1	1194	0.0	1572
Ga0393500_02_6641_7852	CP000240.1:1244785-1246021|CDS|CYB_1201	88.322	1216	118	1	19	1210	1	1216	0.0	1571
Ga0393500_02_6641_7852	CP000240.1:1267756-1268992|CDS|CYB_1227	88.332	1217	116	3	19	1210	1	1216	0.0	1565
Ga0393500_02_6641_7852	CP000240.1:2661652-2662870|CDS|CYB_2557	87.931	1218	123	1	19	1212	1	1218	0.0	1552
Ga0393500_02_6641_7852	CP000240.1:1316312-1317548|CDS|CYB_1259	87.747	1216	125	1	19	1210	1	1216	0.0	1539
Ga0393500_02_6641_7852	CP000240.1:481588-482800|CDS|CYB_0472	88.684	1193	133	2	19	1210	1	1192	0.0	1536
Ga0393500_02_6641_7852	CP000240.1:629484-630702|CDS|CYB_0620	87.274	1218	131	1	19	1212	1	1218	0.0	1516
Ga0393500_02_6641_7852	CP000240.1:2933473-2934709|CDS|CYB_2835	86.792	1219	131	5	19	1210	1	1216	0.0	1478
Ga0393500_02_6641_7852	CP000240.1:605550-606744|CDS|CYB_0598	86.600	1194	160	0	19	1212	1	1194	0.0	1433
Ga0393500_02_6641_7852	CP000240.1:2247371-2248565|CDS|CYB_2147	88.000	1125	135	0	19	1143	1	1125	0.0	1421
Ga0393500_02_6641_7852	CP000239.1:698055-699204|CDS|CYA_0690	86.574	1147	130	1	19	1141	1	1147	0.0	1392
Ga0393500_02_6641_7852	CP000239.1:1594889-1596107|CDS|CYA_1585	87.378	1125	142	0	19	1143	1	1125	0.0	1389
Ga0393500_02_6641_7852	CP000239.1:893439-894633|CDS|CYA_0887	87.289	1125	143	0	19	1143	1	1125	0.0	1385
Ga0393500_02_6641_7852	CP000240.1:241642-242836|CDS|CYB_0233	86.679	1126	148	2	19	1143	1	1125	0.0	1348
Ga0393500_02_6641_7852	CP000239.1:994256-995468|CDS|CYA_0981	84.899	1192	180	0	19	1210	1	1192	0.0	1339
Ga0393500_02_6641_7852	CP000240.1:1842322-1843549|CDS|CYB_1759	83.831	1206	167	3	19	1198	1	1204	0.0	1308
Ga0393500_02_6641_7852	CP000240.1:102811-104029|CDS|CYB_0087	84.595	1149	153	1	19	1143	1	1149	0.0	1292
Ga0393500_02_6641_7852	CP000240.1:1384265-1385459|CDS|CYB_1322	83.911	1125	181	0	19	1143	1	1125	0.0	1214
Ga0393500_02_6641_7852	CP000240.1:345730-346924|CDS|CYB_0329	83.733	1125	183	0	19	1143	1	1125	0.0	1205
Ga0393500_02_6641_7852	CP000240.1:1015074-1016268|CDS|CYB_0979	83.378	1125	187	0	19	1143	1	1125	0.0	1187
Ga0393500_02_6641_7852	CP000240.1:2565689-2566883|CDS|CYB_2468	83.111	1125	190	0	19	1143	1	1125	0.0	1173
Ga0393500_02_6641_7852	CP000240.1:2128026-2129220|CDS|CYB_2026	83.260	1129	181	7	19	1143	1	1125	0.0	1160
Ga0393500_02_6641_7852	CP000239.1:693322-694534|CDS|CYA_0687	81.590	1195	214	5	19	1210	1	1192	0.0	1147
Ga0393500_02_6641_7852	CP000240.1:2219258-2220470|CDS|CYB_2126	81.339	1195	217	5	19	1210	1	1192	0.0	1133
Ga0393500_02_6641_7852	CP000240.1:1763450-1764623|CDS|CYB_1688	81.665	1129	199	7	19	1143	1	1125	0.0	1079
Ga0393500_02_6641_7852	CP000240.1:1917270-1918464|CDS|CYB_1826	80.425	1129	213	7	19	1143	1	1125	0.0	1016
Ga0393500_02_6641_7852	CP000240.1:2506708-2507857|CDS|CYB_2410	77.857	1129	130	7	19	1027	1	1129	0.0	986
Ga0393500_02_6641_7852	CP000239.1:88305-89487|CDS|CYA_0091	74.843	1117	255	6	24	1133	6	1103	0.0	745
Ga0393500_02_7884_8009	CP000239.1:774622-774748|CDS|CYA_0766	100.000	126	0	0	1	126	1	126	8.40e-61	228
Ga0393500_02_7884_8009	CP000240.1:1004568-1004760|CDS|CYB_0968	86.842	114	15	0	1	114	67	180	1.17e-33	139
Ga0393500_02_8127_10673	CP000239.1:771958-774466|CDS|CYA_0765	96.531	2508	87	0	40	2547	1	2508	0.0	4131
Ga0393500_02_8127_10673	CP000240.1:1004905-1007419|CDS|CYB_0970	82.847	2466	420	3	82	2545	48	2512	0.0	2530
Ga0393500_02_10683_11393	CP000239.1:771238-771949|CDS|CYA_0764	86.517	712	94	2	1	711	1	711	0.0	845
Ga0393500_02_10683_11393	CP000240.1:140384-141068|CDS|CYB_0127	80.752	665	126	2	18	681	18	681	1.06e-176	616
Ga0393500_02_11431_12189	CP000239.1:770445-771204|CDS|CYA_0763	97.497	759	19	0	1	759	1	759	0.0	1284
Ga0393500_02_11431_12189	CP000240.1:141132-141891|CDS|CYB_0128	87.879	759	92	0	1	759	1	759	0.0	955
Ga0393500_02_12272_14659	CP000239.1:767498-770363|CDS|CYA_0762	97.194	2388	67	0	1	2388	478	2865	0.0	4005
Ga0393500_02_12272_14659	CP000240.1:2549044-2551918|CDS|CYB_2451	88.105	2396	276	1	1	2387	478	2873	0.0	3040
Ga0393500_02_14712_15101	CP000239.1:767498-770363|CDS|CYA_0762	95.238	378	18	0	1	378	378	1	1.25e-172	601
Ga0393500_02_14712_15101	CP000240.1:2549044-2551918|CDS|CYB_2451	89.947	378	38	0	1	378	378	1	1.74e-145	511
Ga0393500_02_15276_15623	CP000239.1:766951-767290|CDS|CYA_0761	80.460	348	59	2	1	348	1	339	5.40e-88	321
Ga0393500_02_15276_15623	CP000240.1:2548483-2548828|CDS|CYB_2449	76.812	276	50	4	1	263	1	275	2.99e-53	205
Ga0393500_02_15942_16790	CP000239.1:765801-766650|CDS|CYA_0760	91.006	845	76	0	1	845	1	845	0.0	1182
Ga0393500_02_15942_16790	CP000240.1:2547306-2548155|CDS|CYB_2447	85.395	849	124	0	1	849	1	849	0.0	973
Ga0393500_03_568_813	CP000239.1:2795941-2796187|CDS|CYA_2775	99.593	246	1	0	1	246	1	246	5.49e-124	440
Ga0393500_03_568_813	CP000240.1:2566903-2567194|CDS|CYB_2469	87.398	246	31	0	1	246	46	291	2.85e-83	305
Ga0393500_03_920_1036	CP000239.1:2796320-2796410|CDS|CYA_2776	98.889	90	1	0	28	117	1	90	1.14e-39	159
Ga0393500_03_947_1036	CP000239.1:2796320-2796410|CDS|CYA_2776	98.889	90	1	0	1	90	1	90	8.29e-40	159
Ga0393500_03_1076_1240	CP000239.1:2796425-2796614|CDS|CYA_2777	100.000	165	0	0	1	165	25	189	7.78e-82	298
Ga0393500_03_1076_1240	CP000240.1:2565176-2565338|CDS|CYB_2467	82.911	158	27	0	1	158	1	158	4.03e-41	164
Ga0393500_03_1281_1661	CP000239.1:2796654-2797047|CDS|CYA_2778	97.245	363	10	0	19	381	31	393	2.35e-175	610
Ga0393500_03_1281_1661	CP000240.1:2564781-2565153|CDS|CYB_2466	87.952	332	40	0	1	332	1	332	8.22e-118	419
Ga0393500_03_1666_4179	CP000239.1:2797034-2799542|CDS|CYA_2779	95.833	2496	102	2	1	2495	1	2495	0.0	4026
Ga0393500_03_1666_4179	CP000240.1:2562272-2564777|CDS|CYB_2465	85.896	2517	328	3	4	2514	10	2505	0.0	2950
Ga0393500_03_4304_5071	CP000239.1:2799666-2800452|CDS|CYA_2780	100.000	768	0	0	1	768	19	786	0.0	1386
Ga0393500_03_4304_5071	CP000240.1:2561277-2562057|CDS|CYB_2464	85.220	751	111	0	4	754	22	772	0.0	855
Ga0393500_03_5281_5850	CP000239.1:2800622-2801213|CDS|CYA_2781	99.825	570	1	0	1	570	22	591	0.0	1024
Ga0393500_03_5281_5850	CP000240.1:2560214-2560835|CDS|CYB_2461	92.652	558	41	0	1	558	55	612	0.0	822
Ga0393500_03_6368_6682	CP000239.1:2801730-2802735|CDS|CYA_2782	97.143	315	1	1	1	315	1	307	1.48e-151	531
Ga0393500_03_6676_7380	CP000239.1:2801730-2802735|CDS|CYA_2782	100.000	705	0	0	1	705	301	1005	0.0	1272
Ga0393500_03_7492_9087	CP000239.1:2802735-2804442|CDS|CYA_2783	99.687	1596	5	0	1	1596	112	1707	0.0	2856
Ga0393500_03_9238_10590	CP000239.1:2804597-2805950|CDS|CYA_2785	95.118	1352	66	0	1	1352	1	1352	0.0	2141
Ga0393500_03_9238_10590	CP000240.1:2572675-2574028|CDS|CYB_2477	94.383	1353	76	0	1	1353	1	1353	0.0	2098
Ga0393500_03_10702_11904	CP000240.1:2574289-2575342|CDS|CYB_2478	94.872	1053	54	0	151	1203	1	1053	0.0	1656
Ga0393500_03_10702_11904	CP000239.1:2806201-2807254|CDS|CYA_2786	92.403	1053	80	0	151	1203	1	1053	0.0	1539
Ga0393500_03_11929_12363	CP000239.1:2807278-2807713|CDS|CYA_2787	99.770	435	1	0	1	435	1	435	0.0	781
Ga0393500_03_11929_12363	CP000240.1:197580-198018|CDS|CYB_0183	83.019	371	63	0	1	371	1	371	1.95e-107	386
Ga0393500_03_12399_12674	CP000239.1:2807748-2808024|CDS|CYA_2788	99.638	276	1	0	1	276	1	276	3.22e-140	494
Ga0393500_03_12399_12674	CP000240.1:198054-198330|CDS|CYB_0184	87.319	276	35	0	1	276	1	276	4.49e-94	341
Ga0393500_03_12763_13443	CP000239.1:2808112-2808793|CDS|CYA_2789	99.706	681	2	0	1	681	1	681	0.0	1220
Ga0393500_03_12763_13443	CP000240.1:198422-199106|CDS|CYB_0185	82.200	691	106	5	1	681	1	684	0.0	685
Ga0393500_03_13510_13995	CP000239.1:2808859-2809345|CDS|CYA_2790	100.000	486	0	0	1	486	1	486	0.0	877
Ga0393500_03_13510_13995	CP000240.1:199110-199596|CDS|CYB_0186	86.626	486	65	0	1	486	1	486	4.23e-167	584
Ga0393500_04_165_902	CP000239.1:45988-46711|CDS|CYA_0047	99.447	723	4	0	16	738	1	723	0.0	1287
Ga0393500_04_165_902	CP000240.1:1228691-1229426|CDS|CYB_1190	86.122	735	90	1	16	738	1	735	0.0	873
Ga0393500_04_1103_2113	CP000239.1:44777-45890|CDS|CYA_0046	99.802	1011	2	0	1	1011	103	1113	0.0	1815
Ga0393500_04_1103_2113	CP000240.1:1229528-1230635|CDS|CYB_1191	87.352	1012	126	2	1	1011	97	1107	0.0	1242
Ga0393500_04_2172_2966	CP000239.1:43924-44719|CDS|CYA_0045	99.874	795	1	0	1	795	1	795	0.0	1430
Ga0393500_04_3092_3808	CP000239.1:43127-43799|CDS|CYA_0044	94.963	675	31	1	43	717	1	672	0.0	1063
Ga0393500_04_3092_3808	CP000240.1:1230693-1231359|CDS|CYB_1192	69.481	675	186	9	43	710	1	662	2.22e-71	267
Ga0393500_04_3874_5169	CP000239.1:41741-43040|CDS|CYA_0043	97.601	1292	31	0	1	1292	1	1292	0.0	2191
Ga0393500_04_3874_5169	CP000240.1:1231466-1232786|CDS|CYB_1193	84.989	1319	174	1	1	1295	1	1319	0.0	1504
Ga0393500_04_5219_6145	CP000239.1:39583-41692|CDS|CYA_0042	99.676	927	2	1	1	927	1184	2109	0.0	1655
Ga0393500_04_5219_6145	CP000240.1:1233136-1235416|CDS|CYB_1194	79.362	940	139	10	1	886	1322	2260	0.0	826
Ga0393500_04_6114_7328	CP000239.1:39583-41692|CDS|CYA_0042	99.835	1215	1	1	1	1215	1	1214	0.0	2179
Ga0393500_04_6114_7328	CP000240.1:1233136-1235416|CDS|CYB_1194	69.536	1057	230	15	1	969	37	1089	1.73e-132	471
Ga0393500_04_7671_8024	CP000239.1:38880-39174|CDS|CYA_0040	99.660	294	1	0	61	354	1	294	7.10e-150	526
Ga0393500_04_7671_8024	CP000240.1:2857717-2858011|CDS|CYB_2761	82.270	282	50	0	61	342	1	282	3.94e-77	284
Ga0393500_04_8021_9475	CP000239.1:37429-38884|CDS|CYA_0041	99.931	1455	1	0	1	1455	1	1455	0.0	2620
Ga0393500_04_8021_9475	CP000240.1:2858007-2859468|CDS|CYB_2760	83.562	1460	234	2	1	1454	1	1460	0.0	1548
Ga0393500_04_9708_11324	CP000239.1:35580-37047|CDS|CYA_0039	99.932	1467	1	0	151	1617	1	1467	0.0	2642
Ga0393500_04_9708_11324	CP000240.1:2861532-2862999|CDS|CYB_2764	85.821	1467	208	0	151	1617	1	1467	0.0	1709
Ga0393500_05_33_386	CP000240.1:2843126-2844371|CDS|CYB_2748	100.000	354	0	0	1	354	892	1245	0.0	639
Ga0393500_05_33_386	CP000239.1:2174198-2175443|CDS|CYA_2162	99.718	354	1	0	1	354	892	1245	0.0	635
Ga0393500_05_425_808	CP000240.1:2844418-2844793|CDS|CYB_2749	99.733	375	1	0	10	384	1	375	0.0	673
Ga0393500_05_425_808	CP000239.1:2173776-2174151|CDS|CYA_2161	99.467	375	2	0	10	384	1	375	0.0	668
Ga0393500_05_1015_1464	CP000239.1:2173120-2173669|CDS|CYA_2160	100.000	450	0	0	1	450	100	549	0.0	812
Ga0393500_05_1015_1464	CP000240.1:2844900-2845449|CDS|CYB_2750	99.778	450	1	0	1	450	100	549	0.0	808
Ga0393500_05_1519_3756	CP000240.1:2845497-2847735|CDS|CYB_2751	99.643	2238	8	0	1	2238	1	2238	0.0	4001
Ga0393500_05_3758_6529	CP000240.1:2847736-2850508|CDS|CYB_2752	99.856	2772	4	0	1	2772	1	2772	0.0	4982
Ga0393500_05_3758_6529	CP000239.1:2166746-2169575|CDS|CYA_2155	99.784	2772	6	0	1	2772	58	2829	0.0	4973
Ga0393500_05_6533_7015	CP000239.1:2166260-2166743|CDS|CYA_2153	98.965	483	5	0	1	483	1	483	0.0	849
Ga0393500_05_6533_7015	CP000240.1:2850511-2850994|CDS|CYB_2754	98.137	483	9	0	1	483	1	483	0.0	831
Ga0393500_05_6991_7395	CP000240.1:2850969-2851659|CDS|CYB_2753	97.037	405	12	0	1	405	286	690	0.0	677
Ga0393500_05_6991_7395	CP000239.1:2165820-2166285|CDS|CYA_2154	94.074	405	24	0	1	405	61	465	3.97e-179	623
Ga0393500_05_7679_8662	CP000239.1:2164602-2165586|CDS|CYA_2152	99.289	984	7	0	1	984	1	984	0.0	1744
Ga0393500_05_7679_8662	CP000240.1:2851657-2852635|CDS|CYB_2755	88.740	968	109	0	1	968	1	968	0.0	1255
Ga0393500_05_8672_10435	CP000239.1:2162829-2164593|CDS|CYA_2151	99.773	1764	4	0	1	1764	1	1764	0.0	3164
Ga0393500_05_8672_10435	CP000240.1:2852930-2854706|CDS|CYB_2756	84.000	1775	264	4	9	1764	3	1776	0.0	1921
Ga0393500_07_580_1023	CP000239.1:837614-838040|CDS|CYA_0824	99.765	426	1	0	19	444	1	426	0.0	765
Ga0393500_07_580_1023	CP000240.1:1919746-1920166|CDS|CYB_1828	81.461	356	60	1	75	430	57	406	1.75e-95	346
Ga0393500_07_1081_1413	CP000239.1:838115-838448|CDS|CYA_0825	100.000	333	0	0	1	333	1	333	1.06e-172	601
Ga0393500_07_1081_1413	CP000240.1:1920240-1920576|CDS|CYB_1829	84.545	330	51	0	1	330	1	330	1.38e-101	366
Ga0393500_07_1453_2337	CP000239.1:838487-839372|CDS|CYA_0826	100.000	885	0	0	1	885	1	885	0.0	1597
Ga0393500_07_1453_2337	CP000240.1:1920617-1921502|CDS|CYB_1830	90.169	885	87	0	1	885	1	885	0.0	1205
Ga0393500_07_2426_2614	CP000239.1:839460-840459|CDS|CYA_0827	100.000	189	0	0	1	189	811	999	8.44e-95	342
Ga0393500_07_2426_2614	CP000240.1:1921581-1922598|CDS|CYB_1831	81.921	177	32	0	6	182	834	1010	7.41e-45	176
Ga0393500_07_2831_3538	CP000239.1:839460-840459|CDS|CYA_0827	99.832	594	1	0	1	594	594	1	0.0	1067
Ga0393500_07_2831_3538	CP000240.1:1921581-1922598|CDS|CYB_1831	75.204	613	148	2	8	618	611	1	1.92e-116	416
Ga0393500_07_4698_4916	CP000239.1:841732-841951|CDS|CYA_0830	100.000	219	0	0	1	219	1	219	5.16e-111	396
Ga0393500_07_4698_4916	CP000240.1:1923467-1923731|CDS|CYB_1834	85.388	219	32	0	1	219	46	264	1.39e-67	251
Ga0393500_07_5068_5751	CP000239.1:842102-842786|CDS|CYA_0831	99.854	684	1	0	1	684	1	684	0.0	1230
Ga0393500_07_5068_5751	CP000240.1:1924054-1924738|CDS|CYB_1835	86.988	684	89	0	1	684	1	684	0.0	833
Ga0393500_07_5748_5999	CP000239.1:842782-843034|CDS|CYA_0832	100.000	252	0	0	1	252	1	252	7.33e-129	455
Ga0393500_07_5748_5999	CP000240.1:1924734-1924986|CDS|CYB_1836	78.788	231	49	0	22	252	22	252	1.09e-50	196
Ga0393500_07_6045_6524	CP000239.1:843079-843559|CDS|CYA_0833	100.000	480	0	0	1	480	1	480	0.0	866
Ga0393500_07_6045_6524	CP000240.1:1925043-1925481|CDS|CYB_1837	82.135	431	77	0	22	452	1	431	5.81e-121	431
Ga0393500_07_6581_7270	CP000239.1:843615-844305|CDS|CYA_0834	100.000	690	0	0	1	690	1	690	0.0	1245
Ga0393500_07_6581_7270	CP000240.1:1925750-1926437|CDS|CYB_1838	86.625	643	86	0	39	681	39	681	0.0	773
Ga0393500_07_7437_7736	CP000239.1:844396-844771|CDS|CYA_0836	100.000	300	0	0	1	300	76	375	7.77e-155	542
Ga0393500_07_7437_7736	CP000240.1:1926540-1926915|CDS|CYB_1839	79.110	292	61	0	7	298	82	373	1.96e-67	252
Ga0393500_07_7733_8134	CP000239.1:844767-845169|CDS|CYA_0835	100.000	402	0	0	1	402	1	402	0.0	726
Ga0393500_07_7733_8134	CP000240.1:1927299-1927701|CDS|CYB_1840	83.250	400	66	1	1	400	1	399	1.06e-116	416
Ga0393500_07_8301_9083	CP000239.1:845335-846118|CDS|CYA_0837	93.487	783	51	0	1	783	1	783	0.0	1183
Ga0393500_07_8301_9083	CP000240.1:1927882-1928686|CDS|CYB_1841	78.528	815	132	11	1	783	1	804	0.0	671
Ga0393500_08_3412_4437	CP000239.1:2776449-2777682|CDS|CYA_2755	99.220	1026	8	0	1	1026	208	1233	0.0	1815
Ga0393500_08_3412_4437	CP000240.1:646850-648092|CDS|CYB_0636	85.630	1016	146	0	1	1016	217	1232	0.0	1175
Ga0393500_08_3412_4437	CP000239.1:2244161-2245424|CDS|CYA_2229	70.934	867	240	4	13	870	238	1101	6.60e-118	421
Ga0393500_08_3412_4437	CP000240.1:584582-585827|CDS|CYB_0578	69.134	878	237	13	13	870	220	1083	7.53e-92	334
Ga0393500_08_4907_5356	CP000239.1:2775737-2776262|CDS|CYA_2754	99.556	450	2	0	1	450	76	525	0.0	803
Ga0393500_08_4907_5356	CP000240.1:646124-646640|CDS|CYB_0635	90.498	442	41	1	1	441	58	499	1.19e-173	605
Ga0393500_08_5750_6853	CP000239.1:2774240-2775344|CDS|CYA_2753	98.913	1104	12	0	1	1104	1	1104	0.0	1938
Ga0393500_08_5750_6853	CP000240.1:644666-645770|CDS|CYB_0633	85.870	1104	154	2	1	1103	1	1103	0.0	1281
Ga0393500_08_7264_9219	CP000239.1:2771628-2773785|CDS|CYA_2752	99.116	1810	16	0	46	1855	1	1810	0.0	3193
Ga0393500_08_7264_9219	CP000240.1:642011-644168|CDS|CYB_0632	88.219	1808	213	0	46	1853	1	1808	0.0	2301
Ga0393500_08_7264_9219	CP000240.1:2772842-2775443|CDS|CYB_2688	62.244	1515	509	25	343	1824	331	1815	1.89e-20	98.7
Ga0393500_09_26_1789	CP000239.1:795579-797388|CDS|CYA_0787	100.000	1764	0	0	1	1764	46	1809	0.0	3182
Ga0393500_09_26_1789	CP000240.1:3036226-3038035|CDS|CYB_2934	89.745	1765	179	2	1	1764	46	1809	0.0	2360
Ga0393500_09_26_1789	CP000240.1:2876607-2878500|CDS|CYB_2781	69.832	1432	397	16	31	1443	76	1491	8.77e-170	595
Ga0393500_09_26_1789	CP000239.1:123677-125564|CDS|CYA_0130	69.119	1441	412	18	11	1433	56	1481	4.86e-154	542
Ga0393500_09_1906_3090	CP000239.1:797504-798689|CDS|CYA_0788	100.000	1185	0	0	1	1185	1	1185	0.0	2138
Ga0393500_09_1906_3090	CP000240.1:3038165-3039350|CDS|CYB_2935	85.738	1185	169	0	1	1185	1	1185	0.0	1376
Ga0393500_09_3087_3350	CP000239.1:798685-798949|CDS|CYA_0789	99.621	264	1	0	1	264	1	264	1.00e-133	472
Ga0393500_09_3087_3350	CP000240.1:3039346-3039616|CDS|CYB_2936	76.494	251	59	0	1	251	1	251	5.95e-48	187
Ga0393500_09_3404_4438	CP000239.1:798945-800037|CDS|CYA_0790	99.807	1035	2	0	1	1035	58	1092	0.0	1858
Ga0393500_09_3404_4438	CP000240.1:3039612-3040641|CDS|CYB_2937	81.542	921	164	6	1	918	43	960	0.0	874
Ga0393500_09_4573_6093	CP000239.1:800171-801692|CDS|CYA_0791	99.803	1521	3	0	1	1521	1	1521	0.0	2730
Ga0393500_09_4573_6093	CP000240.1:1415905-1417561|CDS|CYB_1347	76.874	1561	320	10	1	1521	97	1656	0.0	1180
Ga0393500_09_6492_7478	CP000239.1:802084-803077|CDS|CYA_0793	99.696	987	3	0	1	987	7	993	0.0	1767
Ga0393500_09_6492_7478	CP000240.1:1414777-1415764|CDS|CYB_1346	83.097	988	165	2	1	987	1	987	0.0	1022
Ga0393500_10_646_762	CP000239.1:2619211-2619328|CDS|CYA_2600	100.000	117	0	0	1	117	1	117	5.90e-56	212
Ga0393500_10_646_762	CP000239.1:2581636-2581753|CDS|CYA_2558	98.291	117	2	0	1	117	1	117	3.06e-53	203
Ga0393500_10_646_762	CP000240.1:841655-841772|CDS|CYB_0812	86.325	117	16	0	1	117	1	117	3.06e-34	140
Ga0393500_10_859_1212	CP000239.1:2619424-2619778|CDS|CYA_2601	100.000	354	0	0	1	354	1	354	0.0	639
Ga0393500_10_859_1212	CP000240.1:841876-842233|CDS|CYB_0813	90.116	344	34	0	1	344	1	344	1.67e-132	468
Ga0393500_10_859_1212	CP000239.1:2581159-2581519|CDS|CYA_2557	88.539	349	40	0	5	353	11	359	4.49e-127	450
Ga0393500_10_1502_1636	CP000240.1:2369615-2370020|CDS|CYB_2264	87.407	135	17	0	1	135	271	405	2.62e-42	168
Ga0393500_10_1502_1636	CP000239.1:2580598-2581003|CDS|CYA_2556	81.159	138	20	2	1	135	271	405	6.58e-31	129
Ga0393500_10_1560_1739	CP000240.1:2369615-2370020|CDS|CYB_2264	82.682	179	31	0	1	179	347	169	4.72e-47	184
Ga0393500_10_1560_1739	CP000239.1:2580598-2581003|CDS|CYA_2556	83.544	158	26	0	22	179	326	169	1.04e-42	168
Ga0393500_10_1700_1948	CP000240.1:2369615-2370020|CDS|CYB_2264	84.080	201	32	0	45	245	3	203	9.44e-58	219
Ga0393500_10_1700_1948	CP000239.1:2580598-2581003|CDS|CYA_2556	78.713	202	43	0	45	246	3	204	4.29e-43	171
Ga0393500_10_2130_2882	CP000239.1:2620695-2621439|CDS|CYA_2603	99.866	744	1	0	10	753	1	744	0.0	1338
Ga0393500_10_2130_2882	CP000240.1:2370235-2370979|CDS|CYB_2265	86.761	710	94	0	10	719	1	710	0.0	857
Ga0393500_10_3045_4019	CP000239.1:2621610-2623191|CDS|CYA_2604	100.000	975	0	0	1	975	607	1581	0.0	1759
Ga0393500_10_3045_4019	CP000240.1:2371216-2372797|CDS|CYB_2266	97.739	973	22	0	1	973	607	1579	0.0	1656
Ga0393500_10_4031_4208	CP000239.1:2621610-2623191|CDS|CYA_2604	100.000	178	0	0	1	178	595	418	7.38e-89	322
Ga0393500_10_4031_4208	CP000240.1:2371216-2372797|CDS|CYB_2266	91.011	178	16	0	1	178	595	418	3.83e-67	250
Ga0393500_10_4673_5182	CP000239.1:2623239-2623749|CDS|CYA_2605	97.843	510	11	0	1	510	1	510	0.0	871
Ga0393500_10_4673_5182	CP000240.1:2372844-2373354|CDS|CYB_2267	93.922	510	31	0	1	510	1	510	0.0	781
Ga0393500_10_5239_5697	CP000239.1:2623805-2624840|CDS|CYA_2606	99.782	459	1	0	1	459	577	1035	0.0	824
Ga0393500_10_5239_5697	CP000240.1:2373427-2374462|CDS|CYB_2268	96.732	459	15	0	1	459	577	1035	0.0	761
Ga0393500_10_5689_5865	CP000240.1:2373427-2374462|CDS|CYB_2268	100.000	177	0	0	1	177	585	409	2.56e-88	320
Ga0393500_10_5689_5865	CP000239.1:2623805-2624840|CDS|CYA_2606	100.000	177	0	0	1	177	585	409	2.56e-88	320
Ga0393500_10_6898_7896	CP000240.1:2374852-2376085|CDS|CYB_2269	99.900	999	1	0	1	999	235	1233	0.0	1798
Ga0393500_10_6898_7896	CP000239.1:2625230-2626463|CDS|CYA_2608	99.900	999	1	0	1	999	235	1233	0.0	1798
Ga0393500_11_6418_7749	CP000239.1:2569517-2570837|CDS|CYA_2548	94.670	1332	59	1	1	1332	1	1320	0.0	2089
Ga0393500_11_6418_7749	CP000240.1:877088-878468|CDS|CYB_0843	80.539	1336	255	3	1	1332	46	1380	0.0	1229
Ga0393500_12_4440_4619	CP000240.1:2576048-2577467|CDS|CYB_2481	100.000	164	0	0	17	180	1256	1419	2.98e-81	297
Ga0393500_12_4440_4619	CP000239.1:959249-960659|CDS|CYA_0947	88.889	153	17	0	17	169	1256	1408	6.15e-52	200
Ga0393500_12_4616_5518	CP000240.1:2577463-2578957|CDS|CYB_2480	99.003	903	9	0	1	903	592	1494	0.0	1589
Ga0393500_12_4616_5518	CP000239.1:957732-959253|CDS|CYA_0948	79.469	867	164	7	8	870	614	1470	0.0	743
Ga0393500_12_6139_7071	CP000239.1:956762-957695|CDS|CYA_0946	96.785	933	30	0	1	933	1	933	0.0	1548
Ga0393500_12_6139_7071	CP000240.1:2578986-2580075|CDS|CYB_2482	84.044	915	146	0	19	933	175	1089	0.0	993
Ga0393500_12_7228_8070	CP000239.1:955763-956606|CDS|CYA_0945	99.644	843	3	0	1	843	1	843	0.0	1508
Ga0393500_12_7228_8070	CP000240.1:2580273-2581131|CDS|CYB_2483	80.657	853	137	3	8	834	5	855	0.0	807
Ga0393500_13_211_891	CP000240.1:410060-410741|CDS|CYB_0396	99.413	681	4	0	1	681	1	681	0.0	1211
Ga0393500_13_211_891	CP000239.1:1599101-1599743|CDS|CYA_1590	78.215	661	108	5	9	669	9	633	1.02e-157	554
Ga0393500_13_952_1416	CP000240.1:409536-410001|CDS|CYB_0395	97.849	465	10	0	1	465	1	465	0.0	794
Ga0393500_13_952_1416	CP000239.1:1598578-1599034|CDS|CYA_1589	87.692	455	56	0	11	465	2	456	8.88e-163	569
Ga0393500_13_1606_2055	CP000240.1:408865-409492|CDS|CYB_0394	91.333	450	39	0	1	450	178	627	0.0	636
Ga0393500_13_1606_2055	CP000239.1:1597901-1598534|CDS|CYA_1588	89.135	451	48	1	1	450	178	628	9.16e-169	590
Ga0393500_13_2087_2545	CP000240.1:408375-408834|CDS|CYB_0392	89.760	459	47	0	1	459	1	459	6.73e-177	617
Ga0393500_13_2087_2545	CP000239.1:1597435-1597876|CDS|CYA_1586	86.732	407	54	0	53	459	35	441	1.93e-139	491
Ga0393500_13_2549_3823	CP000239.1:1596164-1597439|CDS|CYA_1587	92.229	1274	99	0	1	1274	1	1274	0.0	1852
Ga0393500_13_2549_3823	CP000240.1:407104-408379|CDS|CYB_0393	90.738	1274	118	0	1	1274	1	1274	0.0	1766
Ga0393500_13_4225_5253	CP000240.1:405674-406703|CDS|CYB_0391	98.445	1029	16	0	1	1029	1	1029	0.0	1784
Ga0393500_13_4225_5253	CP000239.1:1593437-1594466|CDS|CYA_1584	98.445	1029	16	0	1	1029	1	1029	0.0	1784
Ga0393500_13_5261_6787	CP000239.1:1591903-1593466|CDS|CYA_1583	98.232	1527	27	0	1	1527	37	1563	0.0	2633
Ga0393500_13_5261_6787	CP000240.1:404140-405703|CDS|CYB_0390	98.035	1527	30	0	1	1527	37	1563	0.0	2619
Ga0393500_13_6777_7826	CP000239.1:1590864-1591914|CDS|CYA_1582	98.571	1050	15	0	1	1050	1	1050	0.0	1827
Ga0393500_13_6777_7826	CP000240.1:403101-404151|CDS|CYB_0389	95.714	1050	45	0	1	1050	1	1050	0.0	1691
Ga0393500_14_60_851	CP000239.1:2323898-2324714|CDS|CYA_2322	85.960	755	106	0	38	792	62	816	0.0	884
Ga0393500_14_60_851	CP000240.1:2137432-2138263|CDS|CYB_2036	77.762	724	157	3	31	752	76	797	4.42e-163	571
Ga0393500_14_1000_2400	CP000239.1:2324912-2326232|CDS|CYA_2323	100.000	1320	0	0	82	1401	1	1320	0.0	2381
Ga0393500_14_1000_2400	CP000240.1:2138246-2139731|CDS|CYB_2037	86.983	1329	173	0	73	1401	157	1485	0.0	1618
Ga0393500_14_2431_3123	CP000239.1:2326262-2326955|CDS|CYA_2325	99.856	693	1	0	1	693	1	693	0.0	1246
Ga0393500_14_2431_3123	CP000240.1:2139781-2140498|CDS|CYB_2038	83.284	682	114	0	12	693	36	717	0.0	717
Ga0393500_14_3080_4129	CP000239.1:2326911-2327961|CDS|CYA_2324	99.905	1050	1	0	1	1050	1	1050	0.0	1890
Ga0393500_14_3080_4129	CP000240.1:1850374-1851397|CDS|CYB_1766	77.855	1007	213	4	1	1002	1	1002	0.0	802
Ga0393500_14_4140_4476_DR2	CP000239.1:1860048-1860273|CDS|CYA_1856	97.222	36	1	0	1	36	87	52	3.97e-11	61.7
Ga0393500_14_4140_4476_DR3	CP000239.1:1860048-1860273|CDS|CYA_1856	97.222	36	1	0	1	36	87	52	3.97e-11	61.7
Ga0393500_14_4140_4476_DR4	CP000239.1:1860048-1860273|CDS|CYA_1856	97.222	36	1	0	1	36	87	52	3.97e-11	61.7
Ga0393500_14_4140_4476_DR5	CP000239.1:1860048-1860273|CDS|CYA_1856	97.222	36	1	0	1	36	87	52	3.97e-11	61.7
Ga0393500_14_4819_5796	CP000239.1:2329475-2330453|CDS|CYA_2326	99.898	978	1	0	1	978	1	978	0.0	1760
Ga0393500_14_4819_5796	CP000240.1:1849210-1850191|CDS|CYB_1765	87.564	973	121	0	1	973	1	973	0.0	1210
Ga0393500_15_2443_3240	CP000239.1:2354506-2355397|CDS|CYA_2347	99.875	798	1	0	1	798	94	891	0.0	1435
Ga0393500_15_2443_3240	CP000240.1:1155327-1156215|CDS|CYB_1117	87.468	782	98	0	1	782	91	872	0.0	969
Ga0393500_15_2443_3240	CP000239.1:719653-720526|CDS|CYA_0714	64.698	762	240	19	3	751	90	835	6.23e-22	103
Ga0393500_15_2443_3240	CP000240.1:3003800-3004655|CDS|CYB_2905	65.000	680	211	17	3	670	90	754	6.23e-22	102
Ga0393500_15_3874_4542	CP000239.1:2356030-2356699|CDS|CYA_2348	99.552	669	3	0	1	669	1	669	0.0	1194
Ga0393500_15_3874_4542	CP000240.1:895381-896095|CDS|CYB_0862	75.422	533	131	0	1	533	1	533	6.75e-103	371
Ga0393500_15_4862_5755	CP000239.1:2357018-2357912|CDS|CYA_2349	99.888	894	1	0	1	894	1	894	0.0	1608
Ga0393500_15_4862_5755	CP000240.1:894186-895071|CDS|CYB_0861	83.669	845	136	2	49	892	40	883	0.0	895
Ga0393500_15_6087_6347	CP000239.1:2358243-2358513|CDS|CYA_2350	100.000	261	0	0	1	261	10	270	9.91e-134	471
Ga0393500_15_6087_6347	CP000240.1:893828-894107|CDS|CYB_0860	79.693	261	53	0	1	261	19	279	1.58e-61	233
Ga0393500_15_6515_6778	CP000239.1:2358671-2358935|CDS|CYA_2351	99.621	264	1	0	1	264	1	264	1.00e-133	472
Ga0393500_15_6515_6778	CP000240.1:893301-893565|CDS|CYB_0859	84.091	264	42	0	1	264	1	264	2.37e-78	288
Ga0393500_16_817_1344	CP000239.1:550278-550806|CDS|CYA_0534	99.811	528	1	0	1	528	1	528	0.0	948
Ga0393500_16_817_1344	CP000240.1:2354502-2355138|CDS|CYB_2251	83.023	483	82	0	28	510	22	504	1.24e-142	502
Ga0393500_16_1493_1789	CP000239.1:549833-550130|CDS|CYA_0533	100.000	297	0	0	1	297	1	297	3.27e-153	536
Ga0393500_16_1493_1789	CP000240.1:136596-136893|CDS|CYB_0124	81.818	275	50	0	1	275	1	275	2.07e-73	271
Ga0393500_16_1841_2101	CP000239.1:549521-549782|CDS|CYA_0532	100.000	261	0	0	1	261	1	261	9.91e-134	471
Ga0393500_16_1841_2101	CP000240.1:136912-137173|CDS|CYB_0125	87.308	260	33	0	1	260	1	260	3.95e-88	321
Ga0393500_16_2167_4953	CP000239.1:546669-549456|CDS|CYA_0531	96.161	2787	107	0	1	2787	1	2787	0.0	4544
Ga0393500_16_2167_4953	CP000240.1:137265-140061|CDS|CYB_0126	82.172	2799	482	6	1	2786	1	2795	0.0	2787
Ga0393500_16_5014_5838	CP000239.1:545800-546625|CDS|CYA_0530	96.970	825	25	0	1	825	1	825	0.0	1376
Ga0393500_16_5014_5838	CP000240.1:575033-575858|CDS|CYB_0565	87.879	825	100	0	1	825	1	825	0.0	1038
Ga0393500_16_5875_6972	CP000239.1:544261-545764|CDS|CYA_0529	94.359	1099	60	2	1	1098	406	1503	0.0	1696
Ga0393500_16_5875_6972	CP000240.1:575975-577478|CDS|CYB_0566	81.019	1080	196	2	1	1080	406	1476	0.0	1023
Ga0393500_17_196_1635	CP000239.1:784261-785701|CDS|CYA_0780	93.889	1440	88	0	1	1440	1	1440	0.0	2201
Ga0393500_17_196_1635	CP000240.1:212975-214439|CDS|CYB_0202	84.659	1421	216	2	1	1420	1	1420	0.0	1573
Ga0393500_17_1818_3158	CP000240.1:1242591-1243941|CDS|CYB_1198	95.444	1339	61	0	3	1341	12	1350	0.0	2140
Ga0393500_17_1818_3158	CP000239.1:785883-787233|CDS|CYA_0781	95.071	1339	66	0	3	1341	12	1350	0.0	2118
Ga0393500_17_3392_5764	CP000239.1:787480-789847|CDS|CYA_0782	88.813	2333	261	0	2	2334	2	2334	0.0	3031
Ga0393500_17_3392_5764	CP000240.1:1239977-1242344|CDS|CYB_1197	85.469	2333	339	0	2	2334	2	2334	0.0	2680
Ga0393500_18_423_2834	CP000239.1:2668682-2671094|CDS|CYA_2653	99.710	2412	7	0	1	2412	1	2412	0.0	4319
Ga0393500_18_423_2834	CP000240.1:2511617-2514026|CDS|CYB_2416	85.988	2405	330	6	8	2410	8	2407	0.0	2798
Ga0393500_18_2993_3649	CP000239.1:2671273-2671909|CDS|CYA_2654	100.000	636	0	0	22	657	1	636	0.0	1148
Ga0393500_18_2993_3649	CP000240.1:2514221-2514875|CDS|CYB_2417	85.740	561	80	0	22	582	1	561	0.0	652
Ga0393500_18_3646_4410	CP000239.1:2671899-2672670|CDS|CYA_2655	100.000	765	0	0	1	765	7	771	0.0	1380
Ga0393500_18_3646_4410	CP000240.1:2514925-2515690|CDS|CYB_2418	87.215	657	84	0	109	765	109	765	0.0	807
Ga0393500_18_4493_4975	CP000239.1:2672674-2673235|CDS|CYA_2656	100.000	483	0	0	1	483	79	561	0.0	872
Ga0393500_18_4493_4975	CP000240.1:2515694-2516261|CDS|CYB_2419	82.599	454	79	0	9	462	87	540	9.89e-131	463
Ga0393500_18_4983_5978	CP000239.1:2673242-2674238|CDS|CYA_2657	100.000	996	0	0	1	996	1	996	0.0	1797
Ga0393500_18_4983_5978	CP000240.1:2516271-2517282|CDS|CYB_2420	89.785	979	98	2	19	996	34	1011	0.0	1308
Ga0393500_19_1053_5180	CP000239.1:1891481-1895570|CDS|CYA_1886	99.927	4089	3	0	40	4128	1	4089	0.0	7361
Ga0393500_19_1053_5180	CP000240.1:270932-275033|CDS|CYB_0259	75.280	4110	945	17	40	4112	1	4076	0.0	2819
Ga0393500_19_5685_6158	CP000239.1:1896113-1896587|CDS|CYA_1888	100.000	474	0	0	1	474	1	474	0.0	856
Ga0393500_19_5685_6158	CP000240.1:268364-268817|CDS|CYB_0253	83.812	383	62	0	92	474	71	453	1.54e-115	412
Ga0393500_19_6205_6921	CP000239.1:1896633-1897416|CDS|CYA_1889	99.861	717	1	0	1	717	67	783	0.0	1289
Ga0393500_19_6205_6921	CP000240.1:267543-268326|CDS|CYB_0252	82.609	690	120	0	19	708	85	774	0.0	704
Ga0393500_20_580_1011	CP000239.1:570095-570899|CDS|CYA_0556	99.537	432	2	0	1	432	373	804	0.0	771
Ga0393500_20_580_1011	CP000240.1:2948745-2949525|CDS|CYB_2852	88.112	429	51	0	1	429	337	765	3.27e-155	545
Ga0393500_20_1021_2499	CP000239.1:567086-569000|CDS|CYA_0554	99.716	1407	4	0	73	1479	508	1914	0.0	2520
Ga0393500_20_1021_2499	CP000240.1:791708-793724|CDS|CYB_0770	88.565	1408	157	2	73	1478	610	2015	0.0	1809
Ga0393500_20_2660_2932	CP000239.1:566653-567022|CDS|CYA_0552	99.634	273	1	0	1	273	97	369	1.35e-138	489
Ga0393500_20_2660_2932	CP000240.1:791274-791643|CDS|CYB_0768	92.647	272	20	0	2	273	98	369	1.55e-112	401
Ga0393500_20_2929_4011	CP000239.1:565574-566657|CDS|CYA_0553	100.000	1083	0	0	1	1083	1	1083	0.0	1954
Ga0393500_20_2929_4011	CP000240.1:790195-791278|CDS|CYB_0769	89.012	1083	119	0	1	1083	1	1083	0.0	1417
Ga0393500_20_4189_4476	CP000239.1:565109-565394|CDS|CYA_0551	100.000	285	0	0	4	288	1	285	1.03e-146	515
Ga0393500_20_4189_4476	CP000240.1:789734-790004|CDS|CYB_0767	78.509	228	47	2	20	246	2	228	7.97e-47	184
Ga0393500_20_4609_5850	CP000239.1:2604687-2605959|CDS|CYA_2581	95.652	1242	25	1	1	1242	1	1213	0.0	2019
Ga0393500_20_4609_5850	CP000239.1:2083979-2085251|CDS|CYA_2063	95.572	1242	26	1	1	1242	1	1213	0.0	2014
Ga0393500_20_4609_5850	CP000239.1:1969261-1970533|CDS|CYA_1959	95.411	1242	28	1	1	1242	1	1213	0.0	2005
Ga0393500_20_4609_5850	CP000239.1:1160018-1161290|CDS|CYA_1136	95.169	1242	31	1	1	1242	1	1213	0.0	1992
Ga0393500_20_4609_5850	CP000239.1:2652297-2653569|CDS|CYA_2636	95.008	1242	33	1	1	1242	1	1213	0.0	1983
Ga0393500_20_4609_5850	CP000239.1:152816-154088|CDS|CYA_0158	94.847	1242	35	1	1	1242	1	1213	0.0	1974
Ga0393500_20_5836_6282	CP000239.1:2610754-2611231|CDS|CYA_2587	99.776	447	1	0	1	447	31	477	0.0	802
Ga0393500_20_5836_6282	CP000239.1:2604255-2604732|CDS|CYA_2580	99.776	447	1	0	1	447	31	477	0.0	802
Ga0393500_20_5836_6282	CP000239.1:563303-563780|CDS|CYA_0549	99.776	447	1	0	1	447	31	477	0.0	802
Ga0393500_20_5836_6282	CP000239.1:65282-65759|CDS|CYA_0068	99.553	447	2	0	1	447	31	477	0.0	798
Ga0393500_20_5836_6282	CP000239.1:2426211-2426688|CDS|CYA_2415	99.329	447	3	0	1	447	31	477	0.0	793
Ga0393500_20_5836_6282	CP000239.1:2362619-2363096|CDS|CYA_2355	99.329	447	3	0	1	447	31	477	0.0	793
Ga0393500_20_5836_6282	CP000239.1:1922539-1923016|CDS|CYA_1913	99.329	447	3	0	1	447	31	477	0.0	793
Ga0393500_20_5836_6282	CP000239.1:1161245-1161722|CDS|CYA_1137	99.329	447	3	0	1	447	31	477	0.0	793
Ga0393500_20_5836_6282	CP000239.1:1968829-1969306|CDS|CYA_1958	99.105	447	4	0	1	447	31	477	0.0	789
Ga0393500_20_5836_6282	CP000239.1:2085206-2085683|CDS|CYA_2064	98.881	447	5	0	1	447	31	477	0.0	784
Ga0393500_20_5836_6282	CP000239.1:1153630-1154107|CDS|CYA_1128	98.881	447	5	0	1	447	31	477	0.0	784
Ga0393500_20_5836_6282	CP000239.1:2237233-2237710|CDS|CYA_2221	98.658	447	6	0	1	447	31	477	0.0	780
Ga0393500_20_5836_6282	CP000239.1:152387-152861|CDS|CYA_0156	98.643	442	6	0	1	442	31	472	0.0	771
Ga0393500_21_312_1049	CP000240.1:1121621-1122428|CDS|CYB_1086	86.856	738	97	0	1	738	70	807	0.0	894
Ga0393500_21_1360_2181	CP000239.1:1556255-1557062|CDS|CYA_1547	100.000	807	0	0	16	822	1	807	0.0	1456
Ga0393500_21_1360_2181	CP000240.1:1120529-1121417|CDS|CYB_1084	85.957	648	91	0	55	702	25	672	0.0	759
Ga0393500_21_2434_3240	CP000239.1:1557329-1558139|CDS|CYA_1548	98.869	796	9	0	12	807	15	810	0.0	1396
Ga0393500_21_2434_3240	CP000240.1:1119435-1120269|CDS|CYB_1083	84.176	752	119	0	20	771	26	777	0.0	820
Ga0393500_21_3264_4157	CP000239.1:1558159-1559056|CDS|CYA_1549	97.416	890	23	0	1	890	1	890	0.0	1502
Ga0393500_21_3264_4157	CP000240.1:1118492-1119389|CDS|CYB_1082	78.652	890	190	0	1	890	1	890	0.0	749
Ga0393500_21_4286_6085	CP000239.1:1559183-1560959|CDS|CYA_1550	99.324	1776	12	0	25	1800	1	1776	0.0	3149
Ga0393500_21_4286_6085	CP000240.1:1116585-1118361|CDS|CYB_1081	84.910	1776	268	0	25	1800	1	1776	0.0	1995
Ga0393500_21_6172_6519	CP000239.1:1561069-1561531|CDS|CYA_1551	99.713	348	1	0	1	348	115	462	3.39e-179	624
Ga0393500_21_6172_6519	CP000240.1:1115957-1116407|CDS|CYB_1080	83.140	344	58	0	1	344	103	446	6.16e-100	360
Ga0393500_22_40_576	CP000239.1:2865497-2866601|CDS|CYA_2850	100.000	537	0	0	1	537	568	1104	0.0	969
Ga0393500_22_626_1708	CP000239.1:2866650-2867733|CDS|CYA_2851	99.815	1083	2	0	1	1083	1	1083	0.0	1945
Ga0393500_22_1863_2717	CP000239.1:2867887-2868757|CDS|CYA_2852	99.649	855	3	0	1	855	16	870	0.0	1529
Ga0393500_22_1863_2717	CP000240.1:126235-127117|CDS|CYB_0112	87.250	800	102	0	23	822	62	861	0.0	984
Ga0393500_22_2831_3415	CP000239.1:2868879-2869464|CDS|CYA_2853	100.000	585	0	0	1	585	1	585	0.0	1056
Ga0393500_22_2831_3415	CP000240.1:125416-126004|CDS|CYB_0111	81.449	566	96	3	1	560	1	563	1.57e-154	543
Ga0393500_22_3567_4664	CP000239.1:2869615-2870695|CDS|CYA_2854	100.000	1080	0	0	19	1098	1	1080	0.0	1948
Ga0393500_22_3567_4664	CP000240.1:147254-148340|CDS|CYB_0134	80.300	1066	210	0	8	1073	8	1073	0.0	976
Ga0393500_22_5012_5227	CP000240.1:148417-149311|CDS|CYB_0135	72.193	187	35	3	45	214	489	303	1.28e-23	105
Ga0393500_23_141_710	CP000239.1:2661749-2662319|CDS|CYA_2646	100.000	570	0	0	1	570	1	570	0.0	1029
Ga0393500_23_141_710	CP000240.1:1818977-1819541|CDS|CYB_1737	83.547	547	90	0	1	547	1	547	1.74e-166	581
Ga0393500_23_737_1372	CP000239.1:2661087-2661723|CDS|CYA_2645	99.843	636	1	0	1	636	1	636	0.0	1143
Ga0393500_23_737_1372	CP000240.1:1819552-1820191|CDS|CYB_1738	85.443	632	89	1	1	629	1	632	0.0	724
Ga0393500_23_1398_2636	CP000239.1:2659823-2661062|CDS|CYA_2644	100.000	1239	0	0	1	1239	1	1239	0.0	2235
Ga0393500_23_1398_2636	CP000240.1:1822505-1823747|CDS|CYB_1740	83.805	1130	183	0	1	1130	1	1130	0.0	1214
Ga0393500_23_3139_3867	CP000239.1:2658592-2659321|CDS|CYA_2643	100.000	729	0	0	1	729	1	729	0.0	1315
Ga0393500_23_3139_3867	CP000240.1:1823993-1824728|CDS|CYB_1741	86.207	725	100	0	1	725	1	725	0.0	857
Ga0393500_23_4149_5561	CP000239.1:2656898-2658311|CDS|CYA_2642	99.858	1413	2	0	1	1413	1	1413	0.0	2540
Ga0393500_23_4149_5561	CP000240.1:1192104-1193532|CDS|CYB_1152	83.780	1381	209	1	1	1366	1	1381	0.0	1490
Ga0393500_23_5722_6003	CP000239.1:455920-457171|CDS|CYA_0436	94.326	282	16	0	1	282	970	1251	2.23e-123	437
Ga0393500_24_119_892	CP000239.1:1926266-1927301|CDS|CYA_1916	100.000	774	0	0	1	774	262	1035	0.0	1397
Ga0393500_24_119_892	CP000240.1:2111974-2113009|CDS|CYB_2006	88.291	743	87	0	2	744	263	1005	0.0	948
Ga0393500_24_969_2018	CP000239.1:1927377-1928427|CDS|CYA_1917	99.143	1050	9	0	1	1050	1	1050	0.0	1854
Ga0393500_24_969_2018	CP000240.1:2113997-2115062|CDS|CYB_2008	86.350	1033	141	0	1	1033	1	1033	0.0	1228
Ga0393500_24_2210_2905	CP000239.1:1928618-1929314|CDS|CYA_1918	100.000	696	0	0	1	696	1	696	0.0	1256
Ga0393500_24_2956_4500	CP000239.1:1929458-1930910|CDS|CYA_1919	99.862	1452	2	0	94	1545	1	1452	0.0	2610
Ga0393500_24_4552_5304	CP000239.1:1930961-1931726|CDS|CYA_1920	99.602	753	3	0	1	753	13	765	0.0	1345
Ga0393500_24_4552_5304	CP000240.1:2115281-2116046|CDS|CYB_2011	96.946	753	23	0	1	753	13	765	0.0	1255
Ga0393500_25_14_304	CP000239.1:299331-299808|CDS|CYA_0293	100.000	291	0	0	1	291	187	477	5.78e-150	526
Ga0393500_25_14_304	CP000240.1:2927709-2928189|CDS|CYB_2826	87.361	269	34	0	1	269	193	461	7.06e-92	333
Ga0393500_25_689_1120	CP000239.1:298515-298947|CDS|CYA_0292	100.000	432	0	0	1	432	1	432	0.0	780
Ga0393500_25_689_1120	CP000240.1:2928603-2929035|CDS|CYB_2828	80.510	431	84	0	1	431	1	431	8.80e-112	399
Ga0393500_25_1183_1455	CP000239.1:297418-298483|CDS|CYA_0291	100.000	273	0	0	1	273	303	31	3.18e-140	493
Ga0393500_25_1498_2217	CP000239.1:297418-298483|CDS|CYA_0291	100.000	720	0	0	1	720	346	1065	0.0	1299
Ga0393500_25_1498_2217	CP000240.1:2929068-2930205|CDS|CYB_2829	83.287	724	107	1	11	720	389	1112	0.0	769
Ga0393500_25_2264_2521	CP000239.1:297114-297372|CDS|CYA_0290	100.000	258	0	0	1	258	1	258	4.16e-132	466
Ga0393500_25_2264_2521	CP000240.1:2930227-2930485|CDS|CYB_2830	79.457	258	53	0	1	258	1	258	6.62e-60	227
Ga0393500_25_2521_2838	CP000239.1:296797-297106|CDS|CYA_0289	99.676	309	1	0	10	318	1	309	4.57e-158	554
Ga0393500_25_2521_2838	CP000240.1:2930484-2930802|CDS|CYB_2831	81.646	316	58	0	1	316	1	316	8.86e-85	309
Ga0393500_25_2908_3108	CP000239.1:296527-296728|CDS|CYA_0288	99.502	201	1	0	1	201	1	201	1.18e-99	359
Ga0393500_25_2908_3108	CP000240.1:2931330-2931537|CDS|CYB_2832	75.377	199	49	0	1	199	1	199	2.00e-33	139
Ga0393500_25_3341_4153	CP000239.1:295482-296295|CDS|CYA_0287	100.000	813	0	0	1	813	1	813	0.0	1467
Ga0393500_25_3341_4153	CP000240.1:2931710-2932577|CDS|CYB_2833	83.666	802	131	0	2	803	38	839	0.0	856
Ga0393500_25_4215_5618	CP000239.1:294017-295421|CDS|CYA_0286	99.359	1404	9	0	1	1404	1	1404	0.0	2492
Ga0393500_25_4215_5618	CP000240.1:344053-345457|CDS|CYB_0327	88.026	1403	168	0	1	1403	1	1403	0.0	1773
Ga0393500_26_1489_2367	CP000239.1:2318278-2319127|CDS|CYA_2315	98.465	847	13	0	33	879	3	849	0.0	1470
Ga0393500_26_1489_2367	CP000240.1:2132468-2133317|CDS|CYB_2030	88.061	846	101	0	33	878	3	848	0.0	1071
Ga0393500_26_2566_2844	CP000240.1:2131746-2132025|CDS|CYB_2029	74.812	266	67	0	12	277	12	277	3.28e-45	178
Ga0393500_26_2566_2844	CP000239.1:2317557-2317836|CDS|CYA_2314	74.812	266	67	0	12	277	12	277	3.28e-45	178
Ga0393500_26_2884_4500	CP000239.1:2315835-2317419|CDS|CYA_2313	88.098	1588	136	12	79	1617	1	1584	0.0	2006
Ga0393500_26_2884_4500	CP000240.1:2130060-2131608|CDS|CYB_2028	79.322	1533	264	12	79	1562	1	1529	0.0	1330
Ga0393500_26_4578_5015	CP000239.1:2315320-2315851|CDS|CYA_2312	99.543	438	2	0	1	438	94	531	0.0	782
Ga0393500_27_731_1195	CP000239.1:2157521-2157986|CDS|CYA_2145	100.000	465	0	0	1	465	1	465	0.0	839
Ga0393500_27_731_1195	CP000240.1:538940-539405|CDS|CYB_0523	87.931	464	56	0	1	464	1	464	1.16e-167	585
Ga0393500_27_1211_1741	CP000239.1:2156948-2157506|CDS|CYA_2144	100.000	531	0	0	1	531	28	558	0.0	958
Ga0393500_27_1211_1741	CP000240.1:539420-539978|CDS|CYB_0524	93.511	524	34	0	1	524	28	551	0.0	792
Ga0393500_27_2065_2331	CP000239.1:2156385-2156652|CDS|CYA_2143	100.000	267	0	0	1	267	1	267	5.62e-137	482
Ga0393500_27_2065_2331	CP000240.1:540237-540549|CDS|CYB_0525	86.139	202	28	0	3	204	45	246	1.09e-63	239
Ga0393500_27_2341_3753	CP000239.1:2154963-2156349|CDS|CYA_2142	100.000	1386	0	0	28	1413	1	1386	0.0	2500
Ga0393500_27_2341_3753	CP000240.1:540590-541976|CDS|CYB_0526	88.824	1378	154	0	28	1405	1	1378	0.0	1792
Ga0393500_28_134_1249	CP000239.1:2192865-2193981|CDS|CYA_2177	98.656	1116	15	0	1	1116	1	1116	0.0	1946
Ga0393500_28_134_1249	CP000240.1:534373-535513|CDS|CYB_0519	84.400	1109	173	0	1	1109	25	1133	0.0	1221
Ga0393500_28_1254_2540	CP000239.1:2193985-2195272|CDS|CYA_2178	99.611	1287	5	0	1	1287	1	1287	0.0	2299
Ga0393500_28_1254_2540	CP000240.1:2415750-2417037|CDS|CYB_2305	88.500	1287	148	0	1	1287	1	1287	0.0	1654
Ga0393500_28_2578_3588	CP000239.1:2195309-2196320|CDS|CYA_2179	100.000	1011	0	0	1	1011	1	1011	0.0	1824
Ga0393500_28_2578_3588	CP000240.1:2417062-2418073|CDS|CYB_2306	86.152	1011	140	0	1	1011	1	1011	0.0	1193
Ga0393500_28_3834_4505	CP000239.1:2196565-2197444|CDS|CYA_2180	99.702	672	2	0	1	672	208	879	0.0	1204
Ga0393500_28_3834_4505	CP000240.1:374261-375125|CDS|CYB_0359	84.161	644	102	0	1	644	208	851	0.0	702
Ga0393500_29_1207_2562	CP000239.1:2874782-2876375|CDS|CYA_2859	99.923	1306	1	0	1	1306	1	1306	0.0	2351
Ga0393500_29_1207_2562	CP000240.1:2609448-2611092|CDS|CYB_2515	83.359	1280	186	4	1	1253	1	1280	0.0	1355
Ga0393500_29_2662_3261	CP000239.1:2874083-2874683|CDS|CYA_2858	100.000	600	0	0	1	600	1	600	0.0	1083
Ga0393500_29_2662_3261	CP000240.1:2608751-2609351|CDS|CYB_2514	89.667	600	62	0	1	600	1	600	0.0	803
Ga0393500_29_3451_3810	CP000239.1:2873534-2873894|CDS|CYA_2857	94.167	360	21	0	1	360	1	360	1.49e-158	555
Ga0393500_29_3451_3810	CP000240.1:2608128-2608488|CDS|CYB_2513	93.333	360	24	0	1	360	1	360	9.41e-155	542
Ga0393500_29_3807_4397	CP000239.1:2871555-2873538|CDS|CYA_2856	96.616	591	20	0	1	591	1393	1983	0.0	976
Ga0393500_29_3807_4397	CP000240.1:2606113-2608132|CDS|CYB_2512	92.047	591	47	0	1	591	1429	2019	0.0	855
Ga0393500_30_83_454	CP000239.1:1123530-1124484|CDS|CYA_1099	99.731	372	1	0	1	372	583	954	0.0	667
Ga0393500_30_438_1751	CP000239.1:1122233-1123547|CDS|CYA_1098	99.848	1314	2	0	1	1314	1	1314	0.0	2361
Ga0393500_30_438_1751	CP000240.1:688190-689507|CDS|CYB_0676	79.110	1326	252	12	1	1312	1	1315	0.0	1112
Ga0393500_31_6_821	CP000239.1:2200784-2203076|CDS|CYA_2183	99.632	816	3	0	1	816	1477	2292	0.0	1459
Ga0393500_31_6_821	CP000240.1:1479695-1481996|CDS|CYB_1412	82.382	806	142	0	1	806	1489	2294	0.0	814
Ga0393500_31_877_1995	CP000239.1:2199574-2200729|CDS|CYA_2182	99.821	1119	2	0	1	1119	37	1155	0.0	2010
Ga0393500_31_877_1995	CP000240.1:377265-378450|CDS|CYB_0361	75.070	1079	258	6	12	1083	69	1143	0.0	717
Ga0393500_32_26_1243	CP000239.1:947475-948816|CDS|CYA_0937	99.836	1218	2	0	1	1218	124	1341	0.0	2188
Ga0393500_32_26_1243	CP000240.1:925903-927250|CDS|CYB_0893	83.983	1205	179	4	1	1194	124	1325	0.0	1298
Ga0393500_32_1240_1602	CP000239.1:947116-947479|CDS|CYA_0938	100.000	363	0	0	1	363	1	363	0.0	655
Ga0393500_32_1240_1602	CP000240.1:925551-925917|CDS|CYB_0894	82.514	366	61	1	1	363	1	366	3.55e-103	370
Ga0393500_32_1715_2557	CP000239.1:946161-947004|CDS|CYA_0936	100.000	843	0	0	1	843	1	843	0.0	1521
Ga0393500_32_1715_2557	CP000240.1:924586-925423|CDS|CYB_0892	92.346	797	61	0	1	797	1	797	0.0	1163
Ga0393500_32_2676_3167	CP000239.1:945551-946043|CDS|CYA_0935	99.797	492	1	0	1	492	1	492	0.0	884
Ga0393500_32_2676_3167	CP000240.1:923977-924469|CDS|CYB_0891	90.244	492	48	0	1	492	1	492	0.0	672
Ga0393500_33_936_2645	CP000239.1:1521126-1522836|CDS|CYA_1513	99.883	1710	2	0	1	1710	1	1710	0.0	3076
Ga0393500_33_936_2645	CP000240.1:2786309-2788016|CDS|CYB_2698	88.246	1710	198	1	1	1710	1	1707	0.0	2177
Ga0393500_33_2750_3373	CP000239.1:1520398-1521010|CDS|CYA_1512	99.837	612	1	0	13	624	1	612	0.0	1100
Ga0393500_33_2750_3373	CP000240.1:2788134-2788746|CDS|CYB_2700	83.660	612	100	0	13	624	1	612	0.0	654
Ga0393500_34_465_1247	CP000239.1:2076421-2077198|CDS|CYA_2058	96.525	777	27	0	7	783	1	777	0.0	1280
Ga0393500_34_465_1247	CP000240.1:771271-772054|CDS|CYB_0748	87.401	754	95	0	7	760	1	754	0.0	932
Ga0393500_34_1386_2768	CP000239.1:2077342-2078725|CDS|CYA_2059	97.758	1383	31	0	1	1383	1	1383	0.0	2355
Ga0393500_34_1386_2768	CP000240.1:772179-773562|CDS|CYB_0749	87.123	1359	173	2	1	1358	1	1358	0.0	1655
Ga0393500_35_101_241	CP000239.1:2932454-2932595|CDS|CYA_2905	100.000	141	0	0	1	141	1	141	6.91e-69	255
Ga0393500_35_101_241	CP000240.1:3046379-3046520|CDS|CYB_2942	93.617	141	9	0	1	141	1	141	2.12e-56	214
Ga0393500_35_332_1045	CP000239.1:1644-2334|CDS|CYA_0003	100.000	575	0	0	140	714	116	690	0.0	1038
Ga0393500_35_332_1045	CP000240.1:1492-2317|CDS|CYB_0002	85.217	575	85	0	140	714	251	825	0.0	655
Ga0393500_35_1042_1863	CP000239.1:2330-3152|CDS|CYA_0002	99.757	822	2	0	1	822	1	822	0.0	1474
Ga0393500_35_1042_1863	CP000240.1:2442-3264|CDS|CYB_0003	84.287	821	127	2	1	820	1	820	0.0	893
Ga0393500_35_1967_3415	CP000239.1:3255-5142|CDS|CYA_0004	99.931	1449	1	0	1	1449	439	1887	0.0	2609
Ga0393500_35_1967_3415	CP000240.1:3371-5294|CDS|CYB_0004	89.136	1436	156	0	1	1436	451	1886	0.0	1887
Ga0393500_35_1967_3415	CP000239.1:2769532-2771449|CDS|CYA_2751	71.416	1151	301	9	4	1143	448	1581	5.53e-165	578
Ga0393500_36_1_1902	CP000239.1:2675505-2677509|CDS|CYA_2659	99.737	1902	5	0	1	1902	103	2004	0.0	3408
Ga0393500_36_1_1902	CP000240.1:2517516-2519619|CDS|CYB_2421	90.342	1874	181	0	2	1875	194	2067	0.0	2564
Ga0393500_36_2243_2539	CP000239.1:2677849-2678146|CDS|CYA_2661	99.663	297	1	0	1	297	1	297	1.39e-151	532
Ga0393500_36_2243_2539	CP000240.1:2520219-2520537|CDS|CYB_2423	86.071	280	37	2	1	279	1	279	1.30e-88	323
Ga0393500_36_2549_3403	CP000239.1:2678155-2679193|CDS|CYA_2662	99.766	855	2	0	1	855	184	1038	0.0	1534
Ga0393500_36_2549_3403	CP000240.1:2520572-2521610|CDS|CYB_2424	88.121	825	98	0	2	826	185	1009	0.0	1047
Ga0393500_37_340_645	CP000239.1:1577384-1577690|CDS|CYA_1568	99.673	306	1	0	1	306	1	306	1.87e-156	548
Ga0393500_37_340_645	CP000240.1:1899635-1899971|CDS|CYB_1814	80.565	283	53	2	1	282	1	282	1.64e-68	256
Ga0393500_37_714_1760	CP000239.1:1577758-1578805|CDS|CYA_1569	99.713	1047	3	0	1	1047	1	1047	0.0	1875
Ga0393500_37_714_1760	CP000240.1:1900080-1901127|CDS|CYB_1815	87.177	1045	134	0	1	1045	1	1045	0.0	1281
Ga0393500_38_626_1381	CP000239.1:2139798-2141178|CDS|CYA_2126	95.635	756	33	0	1	756	625	1380	0.0	1215
Ga0393500_38_626_1381	CP000240.1:2771312-2772692|CDS|CYB_2687	88.228	756	89	0	1	756	625	1380	0.0	963
Ga0393500_38_1500_2000	CP000239.1:2139179-2139680|CDS|CYA_2125	99.800	501	1	0	1	501	1	501	0.0	900
Ga0393500_38_1500_2000	CP000240.1:2770701-2771202|CDS|CYB_2686	89.178	499	54	0	1	499	1	499	0.0	657
Ga0393500_38_2043_2567	CP000239.1:2138612-2139137|CDS|CYA_2124	99.810	525	1	0	1	525	1	525	0.0	943
Ga0393500_38_2043_2567	CP000240.1:2770143-2770662|CDS|CYB_2685	87.984	516	62	0	1	516	1	516	0.0	652
Ga0393500_39_44_304	CP000239.1:2885817-2886651|CDS|CYA_2869	100.000	261	0	0	1	261	574	834	9.91e-134	471
Ga0393500_39_44_304	CP000239.1:2886812-2887649|CDS|CYA_2870	68.539	267	76	4	1	260	571	836	9.96e-20	93.3
Ga0393500_39_619_2799	CP000239.1:2887937-2890445|CDS|CYA_2871	93.947	2098	127	0	51	2148	378	2475	0.0	3212
Ga0393500_39_619_2799	CP000240.1:1555785-1558380|CDS|CYB_1481	80.357	2128	391	5	51	2151	438	2565	0.0	1956
Ga0393500_40_480_1196	CP000239.1:2834359-2835076|CDS|CYA_2815	99.721	717	2	0	1	717	1	717	0.0	1285
Ga0393500_40_480_1196	CP000240.1:848998-849694|CDS|CYB_0819	89.769	694	71	0	23	716	2	695	0.0	932
Ga0393500_40_1200_1625	CP000239.1:2835079-2835505|CDS|CYA_2816	100.000	426	0	0	1	426	1	426	0.0	769
Ga0393500_40_1200_1625	CP000240.1:849697-850123|CDS|CYB_0820	86.341	410	56	0	1	410	1	410	2.18e-138	488
Ga0393500_40_1659_2603	CP000239.1:2835538-2836483|CDS|CYA_2817	99.683	945	3	0	1	945	1	945	0.0	1691
Ga0393500_40_1659_2603	CP000240.1:850393-851338|CDS|CYB_0821	86.892	946	122	2	1	945	1	945	0.0	1141
Ga0393500_40_2709_3245	CP000239.1:2836588-2837884|CDS|CYA_2818	100.000	442	0	0	96	537	855	1296	0.0	798
Ga0393500_40_2709_3245	CP000240.1:851515-852811|CDS|CYB_0822	84.828	435	66	0	96	530	855	1289	2.78e-138	488
Ga0393500_42_71_703	CP000239.1:2279867-2280500|CDS|CYA_2271	100.000	633	0	0	1	633	1	633	0.0	1142
Ga0393500_42_71_703	CP000240.1:461524-462157|CDS|CYB_0456	88.291	632	74	0	1	632	1	632	0.0	807
Ga0393500_42_700_1437	CP000239.1:2280496-2281234|CDS|CYA_2272	100.000	738	0	0	1	738	1	738	0.0	1332
Ga0393500_42_700_1437	CP000240.1:460790-461510|CDS|CYB_0455	85.097	718	107	0	1	718	1	718	0.0	813
Ga0393500_42_1606_2673	CP000239.1:2281402-2282470|CDS|CYA_2273	99.625	1068	4	0	1	1068	1	1068	0.0	1909
Ga0393500_42_1606_2673	CP000240.1:459575-460622|CDS|CYB_0454	82.865	1068	162	3	1	1068	1	1047	0.0	1107
Ga0393500_42_2803_3117	CP000239.1:2282599-2282914|CDS|CYA_2274	100.000	315	0	0	1	315	1	315	5.89e-163	569
Ga0393500_42_2803_3117	CP000240.1:459187-459544|CDS|CYB_0453	79.603	353	30	1	1	311	1	353	1.22e-95	346
Ga0393500_43_1205_2275	CP000239.1:2273667-2274876|CDS|CYA_2265	99.906	1059	1	0	13	1071	151	1209	0.0	1906
Ga0393500_43_1205_2275	CP000240.1:466818-468018|CDS|CYB_0462	83.774	1060	170	2	13	1071	142	1200	0.0	1130
Ga0393500_43_2462_3136	CP000239.1:2272521-2273481|CDS|CYA_2264	100.000	675	0	0	1	675	286	960	0.0	1218
Ga0393500_43_2462_3136	CP000240.1:469830-470799|CDS|CYB_0465	84.211	684	99	2	1	675	286	969	0.0	746
Ga0393500_44_925_1680	CP000239.1:2683754-2684510|CDS|CYA_2667	99.868	756	1	0	1	756	1	756	0.0	1360
Ga0393500_44_925_1680	CP000240.1:2526098-2526854|CDS|CYB_2430	79.101	756	158	0	1	756	1	756	0.0	652
Ga0393500_44_2412_2762	CP000239.1:2685241-2685592|CDS|CYA_2668	100.000	351	0	0	1	351	1	351	0.0	634
Ga0393500_44_2412_2762	CP000240.1:2267645-2268005|CDS|CYB_2164	83.056	360	52	2	1	351	1	360	2.81e-104	374
Ga0393500_47_229_1197	CP000239.1:1538228-1539197|CDS|CYA_1526	99.897	969	1	0	1	969	1	969	0.0	1744
Ga0393500_47_229_1197	CP000240.1:340497-341463|CDS|CYB_0324	86.350	967	129	1	1	967	1	964	0.0	1148
Ga0393500_47_1209_1769	CP000239.1:1537656-1538217|CDS|CYA_1525	100.000	561	0	0	1	561	1	561	0.0	1012
Ga0393500_47_1209_1769	CP000240.1:339945-340485|CDS|CYB_0323	82.890	526	90	0	14	539	11	536	4.31e-155	544
Ga0393500_48_202_1215	CP000239.1:2276670-2277645|CDS|CYA_2267	100.000	975	0	0	40	1014	1	975	0.0	1759
Ga0393500_48_202_1215	CP000240.1:464347-465361|CDS|CYB_0460	84.320	1014	159	0	1	1014	1	1014	0.0	1113
Ga0393500_48_202_1215	CP000240.1:2080407-2081415|CDS|CYB_1980	82.939	1014	167	1	1	1014	1	1008	0.0	1050
Ga0393500_48_1602_2576	CP000239.1:2278031-2279024|CDS|CYA_2269	99.897	975	1	0	1	975	19	993	0.0	1755
Ga0393500_48_1602_2576	CP000240.1:463029-463950|CDS|CYB_0458	78.271	902	153	7	76	975	61	921	0.0	751
Ga0393500_48_2598_2966	CP000239.1:2279027-2279849|CDS|CYA_2270	99.729	369	1	0	1	369	454	822	0.0	662
Ga0393500_48_2598_2966	CP000240.1:462169-463003|CDS|CYB_0457	72.318	289	64	3	1	275	448	734	3.39e-40	162
Ga0393500_49_11_364	CP000239.1:1860269-1861091|CDS|CYA_1855	98.940	283	3	0	1	283	1	283	3.45e-141	498
Ga0393500_49_479_1726	CP000239.1:1861250-1862810|CDS|CYA_1857	94.657	1254	58	3	1	1248	1	1251	0.0	1955
Ga0393500_49_479_1726	CP000240.1:1359647-1361204|CDS|CYB_1298	84.024	1183	189	0	61	1243	61	1243	0.0	1282
Ga0393500_49_1866_2813	CP000239.1:1862897-1863845|CDS|CYA_1858	99.473	948	5	0	1	948	1	948	0.0	1688
Ga0393500_49_1866_2813	CP000240.1:1362409-1363360|CDS|CYB_1299	85.746	898	128	0	45	942	48	945	0.0	1043
Ga0393500_50_1628_2344	CP000239.1:971754-972450|CDS|CYA_0959	98.994	696	7	0	22	717	1	696	0.0	1224
Ga0393500_51_1136_2236	CP000239.1:809058-810159|CDS|CYA_0799	99.546	1101	5	0	1	1101	1	1101	0.0	1964
Ga0393500_51_1136_2236	CP000240.1:1403996-1405103|CDS|CYB_1339	85.172	1106	158	1	1	1100	1	1106	0.0	1257
Ga0393500_52_242_433	CP000239.1:553497-553734|CDS|CYA_0539	100.000	175	0	0	18	192	63	237	3.42e-87	316
Ga0393500_52_242_433	CP000240.1:2358009-2358276|CDS|CYB_2255	82.383	193	28	1	4	190	73	265	8.06e-51	196
Ga0393500_52_649_1257	CP000239.1:552726-553335|CDS|CYA_0537	100.000	609	0	0	1	609	1	609	0.0	1099
Ga0393500_52_649_1257	CP000240.1:2357236-2357845|CDS|CYB_2254	92.447	609	46	0	1	609	1	609	0.0	892
Ga0393500_52_1627_2061	CP000239.1:551961-552357|CDS|CYA_0536	100.000	396	0	0	40	435	1	396	0.0	715
Ga0393500_52_1627_2061	CP000240.1:2356576-2357002|CDS|CYB_2253	88.967	426	47	0	10	435	1	426	5.23e-159	557
Ga0393500_53_6_320	CP000239.1:87208-87829|CDS|CYA_0089	99.683	315	1	0	1	315	307	621	2.50e-161	564
Ga0393500_53_6_320	CP000240.1:2155497-2156064|CDS|CYB_2056	85.149	303	45	0	1	303	253	555	4.25e-95	344
Ga0393500_53_521_1354	CP000239.1:86174-87005|CDS|CYA_0087	99.759	831	2	0	4	834	1	831	0.0	1490
Ga0393500_53_521_1354	CP000240.1:2154432-2155266|CDS|CYB_2055	84.915	822	122	2	1	821	1	821	0.0	917
Ga0393500_54_1696_2253	CP000239.1:524216-524708|CDS|CYA_0506	99.797	492	1	0	67	558	1	492	0.0	884
Ga0393500_55_832_2043	CP000239.1:1124635-1125982|CDS|CYA_1100	97.195	1212	34	0	1	1212	136	1347	0.0	2033
Ga0393500_55_832_2043	CP000240.1:1494722-1496033|CDS|CYB_1425	83.415	1218	194	3	1	1211	94	1310	0.0	1280
Ga0393500_56_373_825	CP000239.1:2214616-2215069|CDS|CYA_2195	99.779	453	1	0	1	453	1	453	0.0	813
Ga0393500_56_373_825	CP000240.1:785038-785491|CDS|CYB_0763	85.872	453	64	0	1	453	1	453	7.58e-151	529
Ga0393500_56_962_2362	CP000239.1:2215205-2216606|CDS|CYA_2196	99.786	1401	3	0	1	1401	1	1401	0.0	2514
Ga0393500_56_962_2362	CP000240.1:783495-784899|CDS|CYB_0762	82.480	1387	234	2	1	1381	1	1384	0.0	1406
Ga0393500_57_1822_2142	CP000239.1:128273-128594|CDS|CYA_0134	99.688	321	1	0	1	321	1	321	1.41e-164	575
Ga0393500_57_1822_2142	CP000240.1:2286472-2286817|CDS|CYB_2180	84.424	321	50	0	1	321	25	345	2.40e-98	354
Ga0393500_58_475_1122	CP000239.1:1797226-1797874|CDS|CYA_1796	99.846	648	1	0	1	648	1	648	0.0	1165
Ga0393500_58_475_1122	CP000240.1:1700083-1700773|CDS|CYB_1629	88.889	648	72	0	1	648	43	690	0.0	845
Ga0393500_58_1194_1457	CP000240.1:1700871-1701384|CDS|CYB_1630	90.094	212	21	0	7	218	1	212	2.37e-78	288
Ga0393500_58_1460_2221	CP000239.1:1798606-1799752|CDS|CYA_1798	100.000	715	0	0	1	715	208	922	0.0	1290
Ga0393500_58_1460_2221	CP000240.1:1701591-1702707|CDS|CYB_1631	86.713	715	95	0	1	715	208	922	0.0	862
Ga0393500_59_8_322	CP000239.1:1574336-1574666|CDS|CYA_1565	97.771	314	7	0	1	314	16	329	1.21e-152	535
Ga0393500_59_8_322	CP000240.1:1102132-1102462|CDS|CYB_1064	91.083	314	28	0	1	314	16	329	2.06e-124	441
Ga0393500_59_336_1682	CP000240.1:1100687-1102058|CDS|CYB_1063	88.591	1341	146	3	2	1337	2	1340	0.0	1722
Ga0393500_59_336_1682	CP000239.1:1574741-1576091|CDS|CYA_1567	87.935	1351	156	3	2	1347	2	1350	0.0	1695
Ga0393500_60_253_1788	CP000239.1:1749935-1751471|CDS|CYA_1746	96.096	1537	58	2	1	1536	1	1536	0.0	2495
Ga0393500_60_253_1788	CP000240.1:229470-231006|CDS|CYB_0218	85.519	1540	215	6	1	1536	1	1536	0.0	1753
Ga0393500_61_2_508	CP000239.1:749180-750440|CDS|CYA_0742	97.041	507	15	0	1	507	754	1260	0.0	847
Ga0393500_61_2_508	CP000240.1:1153961-1155236|CDS|CYB_1116	86.982	507	66	0	1	507	769	1275	2.14e-177	618
Ga0393500_61_513_866	CP000240.1:897783-898137|CDS|CYB_0864	78.249	354	77	0	1	354	1	354	2.66e-79	292
Ga0393500_62_338_1483	CP000239.1:1113641-1114718|CDS|CYA_1092	99.770	871	2	0	49	919	1	871	0.0	1563
Ga0393500_62_338_1483	CP000240.1:2056921-2057998|CDS|CYB_1961	89.552	871	91	0	49	919	1	871	0.0	1161
Ga0393500_62_1411_1923	CP000239.1:1115579-1116926|CDS|CYA_1094	100.000	513	0	0	1	513	835	1347	0.0	926
Ga0393500_62_1411_1923	CP000240.1:2058907-2060281|CDS|CYB_1963	80.784	536	79	1	1	512	835	1370	4.48e-148	520
Ga0393500_62_1977_2147	CP000239.1:1114733-1115546|CDS|CYA_1093	100.000	171	0	0	1	171	643	813	4.48e-85	309
Ga0393500_62_1977_2147	CP000240.1:2058014-2058827|CDS|CYB_1962	85.616	146	21	0	2	147	644	789	9.89e-43	169
Ga0393500_63_20_397	CP000239.1:1968160-1968661|CDS|CYA_1957	100.000	378	0	0	1	378	124	501	0.0	682
Ga0393500_63_20_397	CP000240.1:2882376-2882877|CDS|CYB_2786	88.624	378	43	0	1	378	124	501	1.92e-138	489
Ga0393500_63_734_1582	CP000239.1:1970740-1971652|CDS|CYA_1960	90.577	849	80	0	1	849	64	912	0.0	1171
Ga0393500_63_734_1582	CP000240.1:2883110-2884097|CDS|CYB_2787	81.287	855	140	4	1	836	88	941	0.0	821
Ga0393500_64_259_1782	CP000239.1:2160095-2161619|CDS|CYA_2147	99.738	1524	4	0	1	1524	1	1524	0.0	2731
Ga0393500_64_259_1782	CP000240.1:2855902-2857357|CDS|CYB_2759	82.074	1456	259	2	70	1524	1	1455	0.0	1443
Ga0393500_64_1834_2097	CP000239.1:2158112-2160044|CDS|CYA_2146	100.000	264	0	0	1	264	1669	1932	2.36e-135	477
Ga0393500_64_1834_2097	CP000240.1:536867-538766|CDS|CYB_0522	79.661	236	48	0	1	236	1627	1862	5.22e-55	210
Ga0393500_65_60_2099	CP000240.1:1774440-1779645|CDS|CYB_1696	87.650	2000	244	1	2	2001	1784	3780	0.0	2492
Ga0393500_65_60_2099	CP000239.1:328538-333596|CDS|CYA_0318	87.525	2004	241	5	1	2001	1636	3633	0.0	2473
Ga0393500_66_477_1028	CP000239.1:2190748-2191273|CDS|CYA_2174	99.619	525	2	0	28	552	1	525	0.0	939
Ga0393500_66_477_1028	CP000240.1:514666-515191|CDS|CYB_0503	88.000	525	63	0	28	552	1	525	0.0	664
Ga0393500_66_1032_1742	CP000239.1:2191276-2191987|CDS|CYA_2175	99.859	711	1	0	1	711	1	711	0.0	1278
Ga0393500_66_1032_1742	CP000240.1:513958-514663|CDS|CYB_0502	82.148	689	123	0	18	706	12	700	0.0	689
Ga0393500_66_1749_2072	CP000239.1:2191993-2192713|CDS|CYA_2176	100.000	324	0	0	1	324	397	720	7.90e-168	585
Ga0393500_67_708_1292	CP000239.1:1954078-1954609|CDS|CYA_1943	100.000	531	0	0	55	585	1	531	0.0	958
Ga0393500_67_708_1292	CP000240.1:142154-142679|CDS|CYB_0129	85.714	525	75	0	61	585	1	525	1.29e-174	609
