Ga0374710_01_176_1198	CP000240.1:1047611-1048967|CDS|CYB_1008	97.433	818	21	0	1	818	151	968	0.0	1381
Ga0374710_01_176_1198	CP000239.1:2742708-2744052|CDS|CYA_2727	82.173	819	138	3	1	818	163	974	0.0	813
Ga0374710_01_1234_1818	CP000240.1:1049216-1049963|CDS|CYB_1009	96.875	576	18	0	8	583	170	745	0.0	958
Ga0374710_01_1234_1818	CP000239.1:2741782-2742499|CDS|CYA_2726	79.102	579	112	4	12	584	141	716	8.70e-139	489
Ga0374710_01_2071_2259	CP000240.1:1049216-1049963|CDS|CYB_1009	98.830	171	2	0	1	171	1	171	2.58e-82	300
Ga0374710_01_2804_3079	CP000240.1:1050508-1050784|CDS|CYB_1011	97.101	276	8	0	1	276	1	276	5.46e-131	462
Ga0374710_01_2804_3079	CP000239.1:2738225-2738507|CDS|CYA_2719	86.957	276	36	0	1	276	7	282	5.47e-93	336
Ga0374710_01_3158_4468	CP000240.1:1050865-1052176|CDS|CYB_1012	98.932	1311	14	0	1	1311	1	1311	0.0	2302
Ga0374710_01_3158_4468	CP000239.1:2395185-2396496|CDS|CYA_2386	88.034	1312	151	2	1	1309	1	1309	0.0	1655
Ga0374710_01_4807_5052	CP000240.1:1052214-1052457|CDS|CYB_1014	98.611	216	3	0	31	246	28	243	5.49e-105	377
Ga0374710_01_4807_5052	CP000239.1:2394873-2395110|CDS|CYA_2384	81.860	215	33	2	32	246	29	237	1.68e-54	209
Ga0374710_01_5049_6449	CP000240.1:1052453-1053854|CDS|CYB_1013	97.716	1401	32	0	1	1401	1	1401	0.0	2383
Ga0374710_01_5049_6449	CP000239.1:2393476-2394877|CDS|CYA_2385	88.786	1400	157	0	1	1400	1	1400	0.0	1818
Ga0374710_01_6491_7486	CP000240.1:1053895-1054873|CDS|CYB_1015	97.955	978	20	0	19	996	1	978	0.0	1674
Ga0374710_01_6491_7486	CP000239.1:2392469-2393447|CDS|CYA_2383	87.832	978	119	0	19	996	1	978	0.0	1228
Ga0374710_01_7627_8478	CP000240.1:1055031-1055883|CDS|CYB_1016	98.706	850	11	0	1	850	1	850	0.0	1484
Ga0374710_01_7627_8478	CP000239.1:2391459-2392311|CDS|CYA_2382	88.954	851	94	0	2	852	2	852	0.0	1112
Ga0374710_01_8835_10121	CP000240.1:1056239-1057526|CDS|CYB_1017	98.135	1287	24	0	1	1287	1	1287	0.0	2214
Ga0374710_01_8835_10121	CP000239.1:2389807-2391094|CDS|CYA_2381	85.292	1285	189	0	1	1285	1	1285	0.0	1466
Ga0374710_01_10146_11072	CP000240.1:1057547-1058462|CDS|CYB_1018	97.461	906	23	0	17	922	2	907	0.0	1531
Ga0374710_01_11441_12841	CP000240.1:1058902-1060246|CDS|CYB_1020	97.917	1344	28	0	58	1401	1	1344	0.0	2298
Ga0374710_01_11441_12841	CP000239.1:1665243-1666608|CDS|CYA_1663	82.743	1356	229	2	40	1394	7	1358	0.0	1387
Ga0374710_01_12955_14190	CP000240.1:1060248-1061595|CDS|CYB_1021	97.492	1236	31	0	1	1236	112	1347	0.0	2090
Ga0374710_01_12955_14190	CP000239.1:1666619-1667954|CDS|CYA_1664	79.344	1220	234	8	1	1205	100	1316	0.0	1045
Ga0374710_01_14354_17137	CP000240.1:1061683-1064512|CDS|CYB_1022	98.994	2784	28	0	1	2784	46	2829	0.0	4895
Ga0374710_01_14354_17137	CP000239.1:1709017-1711828|CDS|CYA_1703	85.950	2790	362	5	1	2784	46	2811	0.0	3269
Ga0374710_01_17704_18699	CP000240.1:1954838-1956056|CDS|CYB_1872	95.181	996	48	0	1	996	223	1218	0.0	1581
Ga0374710_01_17704_18699	CP000240.1:1083184-1084426|CDS|CYB_1042	95.030	986	49	0	11	996	257	1242	0.0	1558
Ga0374710_01_17704_18699	CP000240.1:2796782-2798000|CDS|CYB_2707	93.976	996	60	0	1	996	223	1218	0.0	1526
Ga0374710_01_17704_18699	CP000239.1:774779-775973|CDS|CYA_0767	91.867	996	57	1	1	996	223	1194	0.0	1449
Ga0374710_01_17704_18699	CP000240.1:52430-53648|CDS|CYB_0041	91.785	986	81	0	11	996	233	1218	0.0	1414
Ga0374710_01_17704_18699	CP000239.1:2170714-2171908|CDS|CYA_2158	91.064	996	65	1	1	996	223	1194	0.0	1413
Ga0374710_01_17704_18699	CP000239.1:712444-713638|CDS|CYA_0704	90.663	996	69	1	1	996	223	1194	0.0	1395
Ga0374710_01_17704_18699	CP000240.1:2644164-2645358|CDS|CYB_2538	90.162	986	73	2	11	996	233	1194	0.0	1354
Ga0374710_01_17704_18699	CP000240.1:1521392-1522610|CDS|CYB_1450	89.959	986	75	1	11	996	257	1218	0.0	1350
Ga0374710_01_17704_18699	CP000240.1:638632-639850|CDS|CYB_0630	89.959	986	75	1	11	996	257	1218	0.0	1350
Ga0374710_01_17704_18699	CP000239.1:629980-631174|CDS|CYA_0620	89.659	996	79	1	1	996	223	1194	0.0	1350
Ga0374710_01_17704_18699	CP000240.1:1190675-1191869|CDS|CYB_1151	89.970	987	73	3	11	996	233	1194	0.0	1344
Ga0374710_01_17704_18699	CP000240.1:2210858-2212052|CDS|CYB_2117	89.458	996	81	1	1	996	223	1194	0.0	1341
Ga0374710_01_17704_18699	CP000240.1:2830275-2831565|CDS|CYB_2735	89.736	984	84	1	11	994	257	1223	0.0	1331
Ga0374710_01_17704_18699	CP000240.1:2168360-2169515|CDS|CYB_2071	91.211	933	58	1	1	933	223	1131	0.0	1331
Ga0374710_01_17704_18699	CP000240.1:1803089-1804283|CDS|CYB_1722	89.452	986	80	2	11	996	233	1194	0.0	1323
Ga0374710_01_17704_18699	CP000240.1:1358129-1359347|CDS|CYB_1297	89.148	986	83	1	11	996	257	1218	0.0	1314
Ga0374710_01_17704_18699	CP000240.1:2661652-2662870|CDS|CYB_2557	89.045	995	109	0	2	996	224	1218	0.0	1304
Ga0374710_01_17704_18699	CP000240.1:3008652-3009870|CDS|CYB_2910	88.945	986	85	2	11	996	257	1218	0.0	1300
Ga0374710_01_17704_18699	CP000240.1:2553363-2554557|CDS|CYB_2454	87.651	996	99	1	1	996	223	1194	0.0	1260
Ga0374710_01_17704_18699	CP000240.1:1064975-1066169|CDS|CYB_1023	87.221	986	102	1	11	996	233	1194	0.0	1228
Ga0374710_01_17704_18699	CP000240.1:2247371-2248565|CDS|CYB_2147	88.627	932	82	1	2	933	224	1131	0.0	1221
Ga0374710_01_17704_18699	CP000240.1:1316312-1317548|CDS|CYB_1259	85.644	1017	98	2	2	994	224	1216	0.0	1211
Ga0374710_01_17704_18699	CP000240.1:629484-630702|CDS|CYB_0620	86.332	995	112	1	2	996	248	1218	0.0	1199
Ga0374710_01_17704_18699	CP000240.1:2619921-2621115|CDS|CYB_2521	86.245	996	111	3	2	996	224	1194	0.0	1189
Ga0374710_01_17704_18699	CP000239.1:1594889-1596107|CDS|CYA_1585	87.768	932	90	1	2	933	224	1131	0.0	1185
Ga0374710_01_17704_18699	CP000240.1:1267756-1268992|CDS|CYB_1227	85.915	994	114	3	2	994	248	1216	0.0	1172
Ga0374710_01_17704_18699	CP000240.1:1842322-1843549|CDS|CYB_1759	86.470	983	129	2	2	982	224	1204	0.0	1168
Ga0374710_01_17704_18699	CP000240.1:2933473-2934709|CDS|CYB_2835	85.341	996	116	5	2	994	248	1216	0.0	1143
Ga0374710_01_17704_18699	CP000240.1:1244785-1246021|CDS|CYB_1201	86.359	931	103	1	64	994	310	1216	0.0	1124
Ga0374710_01_17704_18699	CP000239.1:698055-699204|CDS|CYA_0690	86.905	924	121	0	2	925	224	1147	0.0	1122
Ga0374710_01_17704_18699	CP000240.1:481588-482800|CDS|CYB_0472	84.975	985	122	3	11	994	233	1192	0.0	1120
Ga0374710_01_17704_18699	CP000239.1:994256-995468|CDS|CYA_0981	82.981	993	145	1	2	994	224	1192	0.0	1047
Ga0374710_01_17704_18699	CP000240.1:605550-606744|CDS|CYB_0598	82.915	995	146	1	2	996	224	1194	0.0	1046
Ga0374710_01_17704_18699	CP000240.1:102811-104029|CDS|CYB_0087	84.399	923	120	1	11	933	257	1155	0.0	1033
Ga0374710_01_17704_18699	CP000239.1:893439-894633|CDS|CYA_0887	84.120	932	124	1	2	933	224	1131	0.0	1031
Ga0374710_01_17704_18699	CP000240.1:241642-242836|CDS|CYB_0233	84.137	933	122	3	2	933	224	1131	0.0	1026
Ga0374710_01_17704_18699	CP000240.1:1384265-1385459|CDS|CYB_1322	82.833	932	136	1	2	933	224	1131	0.0	977
Ga0374710_01_17704_18699	CP000240.1:345730-346924|CDS|CYB_0329	82.511	932	139	1	2	933	224	1131	0.0	964
Ga0374710_01_17704_18699	CP000240.1:1015074-1016268|CDS|CYB_0979	81.148	923	150	1	11	933	233	1131	0.0	898
Ga0374710_01_17704_18699	CP000240.1:2565689-2566883|CDS|CYB_2468	80.794	932	155	1	2	933	224	1131	0.0	892
Ga0374710_01_17704_18699	CP000240.1:2128026-2129220|CDS|CYB_2026	81.023	938	144	7	1	933	223	1131	0.0	889
Ga0374710_01_17704_18699	CP000240.1:2506708-2507857|CDS|CYB_2410	84.244	787	100	3	54	816	348	1134	0.0	869
Ga0374710_01_17704_18699	CP000239.1:693322-694534|CDS|CYA_0687	77.756	998	190	5	1	994	223	1192	0.0	806
Ga0374710_01_17704_18699	CP000240.1:2219258-2220470|CDS|CYB_2126	78.000	1000	184	9	1	994	223	1192	0.0	804
Ga0374710_01_17704_18699	CP000240.1:1763450-1764623|CDS|CYB_1688	77.778	936	178	9	1	933	223	1131	0.0	737
Ga0374710_01_17704_18699	CP000240.1:1917270-1918464|CDS|CYB_1826	76.948	937	184	9	1	933	223	1131	0.0	705
Ga0374710_01_17704_18699	CP000239.1:88305-89487|CDS|CYA_0091	72.096	921	207	6	4	917	226	1103	8.88e-148	521
Ga0374710_01_18715_18939	CP000239.1:2170714-2171908|CDS|CYA_2158	96.618	207	7	0	19	225	1	207	1.03e-94	343
Ga0374710_01_18715_18939	CP000240.1:52430-53648|CDS|CYB_0041	96.552	203	7	0	19	221	1	203	1.52e-92	335
Ga0374710_01_18715_18939	CP000240.1:1954838-1956056|CDS|CYB_1872	96.059	203	8	0	19	221	1	203	1.86e-91	331
Ga0374710_01_18715_18939	CP000240.1:1083184-1084426|CDS|CYB_1042	96.059	203	8	0	19	221	1	203	1.86e-91	331
Ga0374710_01_18715_18939	CP000240.1:2553363-2554557|CDS|CYB_2454	94.686	207	11	0	19	225	1	207	2.75e-89	324
Ga0374710_01_18715_18939	CP000240.1:2796782-2798000|CDS|CYB_2707	95.098	204	10	0	19	222	1	204	2.75e-89	324
Ga0374710_01_18715_18939	CP000240.1:2830275-2831565|CDS|CYB_2735	95.074	203	10	0	19	221	1	203	9.61e-89	322
Ga0374710_01_18715_18939	CP000240.1:1358129-1359347|CDS|CYB_1297	95.074	203	10	0	19	221	1	203	9.61e-89	322
Ga0374710_01_18715_18939	CP000240.1:2168360-2169515|CDS|CYB_2071	94.203	207	12	0	19	225	1	207	3.36e-88	320
Ga0374710_01_18715_18939	CP000240.1:481588-482800|CDS|CYB_0472	94.581	203	11	0	19	221	1	203	4.09e-87	317
Ga0374710_01_18715_18939	CP000240.1:2644164-2645358|CDS|CYB_2538	94.089	203	12	0	19	221	1	203	4.98e-86	313
Ga0374710_01_18715_18939	CP000240.1:1521392-1522610|CDS|CYB_1450	93.103	203	14	0	19	221	1	203	2.58e-83	304
Ga0374710_01_18715_18939	CP000240.1:638632-639850|CDS|CYB_0630	93.103	203	14	0	19	221	1	203	2.58e-83	304
Ga0374710_01_18715_18939	CP000240.1:2210858-2212052|CDS|CYB_2117	92.611	203	15	0	19	221	1	203	1.10e-81	299
Ga0374710_01_18715_18939	CP000239.1:712444-713638|CDS|CYA_0704	92.611	203	15	0	19	221	1	203	1.10e-81	299
Ga0374710_01_18715_18939	CP000240.1:1803089-1804283|CDS|CYB_1722	92.118	203	16	0	19	221	1	203	1.34e-80	295
Ga0374710_01_18715_18939	CP000239.1:629980-631174|CDS|CYA_0620	92.118	203	16	0	19	221	1	203	1.34e-80	295
Ga0374710_01_18715_18939	CP000240.1:605550-606744|CDS|CYB_0598	89.372	207	22	0	19	225	1	207	1.25e-74	275
Ga0374710_01_18715_18939	CP000240.1:1064975-1066169|CDS|CYB_1023	89.163	203	22	0	19	221	1	203	1.86e-72	268
Ga0374710_01_18715_18939	CP000240.1:102811-104029|CDS|CYB_0087	89.163	203	22	0	19	221	1	203	1.86e-72	268
Ga0374710_01_18715_18939	CP000240.1:1190675-1191869|CDS|CYB_1151	88.670	203	23	0	19	221	1	203	7.90e-71	263
Ga0374710_01_18715_18939	CP000240.1:2661652-2662870|CDS|CYB_2557	88.177	203	24	0	19	221	1	203	9.62e-70	259
Ga0374710_01_18715_18939	CP000239.1:774779-775973|CDS|CYA_0767	88.177	203	24	0	19	221	1	203	9.62e-70	259
Ga0374710_01_18715_18939	CP000240.1:3008652-3009870|CDS|CYB_2910	87.685	203	25	0	19	221	1	203	4.09e-68	254
Ga0374710_01_18715_18939	CP000240.1:2619921-2621115|CDS|CYB_2521	87.685	203	25	0	19	221	1	203	4.09e-68	254
Ga0374710_01_18715_18939	CP000239.1:893439-894633|CDS|CYA_0887	87.685	203	25	0	19	221	1	203	4.09e-68	254
Ga0374710_01_18715_18939	CP000240.1:1267756-1268992|CDS|CYB_1227	87.192	203	26	0	19	221	1	203	4.99e-67	250
Ga0374710_01_18715_18939	CP000240.1:1244785-1246021|CDS|CYB_1201	87.192	203	26	0	19	221	1	203	4.99e-67	250
Ga0374710_01_18715_18939	CP000240.1:629484-630702|CDS|CYB_0620	87.192	203	26	0	19	221	1	203	4.99e-67	250
Ga0374710_01_18715_18939	CP000239.1:698055-699204|CDS|CYA_0690	87.192	203	26	0	19	221	1	203	4.99e-67	250
Ga0374710_01_18715_18939	CP000240.1:2933473-2934709|CDS|CYB_2835	86.700	203	27	0	19	221	1	203	2.12e-65	245
Ga0374710_01_18715_18939	CP000240.1:2565689-2566883|CDS|CYB_2468	85.222	203	30	0	19	221	1	203	1.34e-61	232
Ga0374710_01_18715_18939	CP000239.1:994256-995468|CDS|CYA_0981	85.222	203	30	0	19	221	1	203	1.34e-61	232
Ga0374710_01_18715_18939	CP000239.1:693322-694534|CDS|CYA_0687	84.541	207	32	0	19	225	1	207	4.67e-61	230
Ga0374710_01_18715_18939	CP000240.1:1015074-1016268|CDS|CYB_0979	84.729	203	31	0	19	221	1	203	5.69e-60	227
Ga0374710_01_18715_18939	CP000240.1:345730-346924|CDS|CYB_0329	84.729	203	31	0	19	221	1	203	5.69e-60	227
Ga0374710_01_18715_18939	CP000240.1:241642-242836|CDS|CYB_0233	84.729	203	31	0	19	221	1	203	5.69e-60	227
Ga0374710_01_18715_18939	CP000239.1:1594889-1596107|CDS|CYA_1585	84.729	203	31	0	19	221	1	203	5.69e-60	227
Ga0374710_01_18715_18939	CP000240.1:1763450-1764623|CDS|CYB_1688	85.279	197	29	0	19	215	1	197	1.99e-59	225
Ga0374710_01_18715_18939	CP000240.1:2219258-2220470|CDS|CYB_2126	83.575	207	34	0	19	225	1	207	2.42e-58	221
Ga0374710_01_18715_18939	CP000240.1:1384265-1385459|CDS|CYB_1322	83.575	207	34	0	19	225	1	207	2.42e-58	221
Ga0374710_01_18715_18939	CP000240.1:2247371-2248565|CDS|CYB_2147	84.080	201	32	0	19	219	1	201	8.44e-58	219
Ga0374710_01_18715_18939	CP000240.1:1842322-1843549|CDS|CYB_1759	83.251	203	34	0	19	221	1	203	3.59e-56	214
Ga0374710_01_18715_18939	CP000240.1:2128026-2129220|CDS|CYB_2026	82.609	207	36	0	19	225	1	207	1.25e-55	212
Ga0374710_01_18715_18939	CP000240.1:1316312-1317548|CDS|CYB_1259	82.759	203	35	0	19	221	1	203	1.53e-54	209
Ga0374710_01_18715_18939	CP000240.1:1917270-1918464|CDS|CYB_1826	82.126	207	37	0	19	225	1	207	5.33e-54	207
Ga0374710_01_18715_18939	CP000240.1:2506708-2507857|CDS|CYB_2410	77.533	227	27	1	19	221	1	227	2.76e-51	197
Ga0374710_01_18715_18939	CP000239.1:88305-89487|CDS|CYA_0091	78.788	198	42	0	24	221	6	203	1.34e-42	168
Ga0374710_01_19273_19998	CP000240.1:1066520-1067435|CDS|CYB_1024	98.760	726	9	0	1	726	190	915	0.0	1269
Ga0374710_01_19273_19998	CP000239.1:1712347-1713088|CDS|CYA_1704	79.375	640	128	2	1	638	58	695	3.11e-158	554
Ga0374710_01_20308_20682	CP000240.1:1067555-1067930|CDS|CYB_1025	97.600	375	9	0	1	375	1	375	0.0	636
Ga0374710_01_20308_20682	CP000239.1:1713323-1713767|CDS|CYA_1705	84.384	365	57	0	1	365	1	365	2.17e-112	402
Ga0374710_01_20840_22642	CP000240.1:1068087-1069890|CDS|CYB_1026	98.502	1803	27	0	1	1803	1	1803	0.0	3131
Ga0374710_01_20840_22642	CP000239.1:1713943-1715746|CDS|CYA_1706	85.412	1796	259	1	1	1796	1	1793	0.0	2057
Ga0374710_01_22670_23737	CP000240.1:1069917-1070976|CDS|CYB_1027	98.772	1059	13	0	10	1068	1	1059	0.0	1852
Ga0374710_01_22670_23737	CP000239.1:2593698-2594769|CDS|CYA_2570	84.282	1037	163	0	10	1046	1	1037	0.0	1136
Ga0374710_01_24249_24482	CP000240.1:1071392-1072049|CDS|CYB_1028	95.652	207	9	0	1	207	1	207	5.55e-92	334
Ga0374710_01_24249_24482	CP000239.1:2592634-2593231|CDS|CYA_2568	86.893	206	27	0	1	206	1	206	5.21e-67	251
Ga0374710_02_1920_2531	CP000240.1:337001-337604|CDS|CYB_0321	99.834	603	1	0	10	612	1	603	0.0	1084
Ga0374710_02_1920_2531	CP000239.1:1284500-1285112|CDS|CYA_1269	84.590	610	94	0	1	610	1	610	0.0	677
Ga0374710_02_2574_2942	CP000240.1:336590-336959|CDS|CYB_0319	99.458	369	2	0	1	369	1	369	0.0	657
Ga0374710_02_2574_2942	CP000239.1:1284111-1284456|CDS|CYA_1267	90.000	330	33	0	16	345	1	330	5.72e-126	447
Ga0374710_02_2920_5193	CP000240.1:334258-336613|CDS|CYB_0320	90.169	2360	139	19	1	2273	1	2354	0.0	3209
Ga0374710_02_5612_5914	CP000240.1:333558-333861|CDS|CYB_0318	96.700	303	10	0	1	303	1	303	6.89e-143	502
Ga0374710_02_5612_5914	CP000239.1:1281329-1281692|CDS|CYA_1266	85.441	261	38	0	1	261	1	261	4.36e-82	300
Ga0374710_02_6013_6819	CP000240.1:332660-333467|CDS|CYB_0317	97.398	807	21	0	1	807	1	807	0.0	1361
Ga0374710_02_6013_6819	CP000239.1:1280432-1281239|CDS|CYA_1265	85.502	807	117	0	1	807	1	807	0.0	929
Ga0374710_02_6816_7121	CP000240.1:331929-332664|CDS|CYB_0316	98.693	306	4	0	1	306	430	735	1.18e-152	535
Ga0374710_02_6816_7121	CP000239.1:1279683-1280436|CDS|CYA_1264	83.333	306	51	0	1	306	448	753	1.35e-88	323
Ga0374710_02_7855_8676	CP000240.1:330803-331757|CDS|CYB_0315	99.392	822	5	0	1	822	133	954	0.0	1461
Ga0374710_02_7855_8676	CP000239.1:1869501-1870437|CDS|CYA_1864	80.976	820	141	2	1	820	130	934	0.0	781
Ga0374710_02_8766_9131	CP000239.1:2100755-2101133|CDS|CYA_2080	74.590	366	69	1	1	366	37	378	1.63e-69	259
Ga0374710_02_9611_9934	CP000240.1:329523-329991|CDS|CYB_0314	99.383	324	2	0	1	324	145	468	4.09e-165	576
Ga0374710_02_9611_9934	CP000239.1:2102942-2103374|CDS|CYA_2084	82.680	306	53	0	19	324	127	432	7.42e-86	314
Ga0374710_02_10003_10830	CP000240.1:328627-329455|CDS|CYB_0313	98.551	828	12	0	1	828	1	828	0.0	1440
Ga0374710_02_10003_10830	CP000239.1:2103443-2104289|CDS|CYA_2085	82.367	811	139	3	1	809	1	809	0.0	809
Ga0374710_02_10934_12427	CP000240.1:327027-328524|CDS|CYB_0312	96.223	1509	30	2	1	1494	1	1497	0.0	2480
Ga0374710_02_10934_12427	CP000239.1:764246-765707|CDS|CYA_0759	77.487	1528	243	18	1	1494	1	1461	0.0	1215
Ga0374710_02_12803_13261	CP000240.1:325155-326931|CDS|CYB_0311	94.808	443	23	0	1	443	1	443	0.0	696
Ga0374710_02_13819_15444	CP000240.1:323018-324797|CDS|CYB_0310	97.232	1626	45	0	1	1626	133	1758	0.0	2730
Ga0374710_02_13819_15444	CP000239.1:760889-762491|CDS|CYA_0756	78.669	1608	308	7	2	1608	17	1590	0.0	1354
Ga0374710_02_15509_16573	CP000240.1:321910-322975|CDS|CYB_0309	100.000	1065	0	0	1	1065	1	1065	0.0	1921
Ga0374710_02_16741_17025	CP000240.1:321227-321743|CDS|CYB_0308	99.603	252	1	0	1	252	1	252	3.57e-127	451
Ga0374710_02_17876_20032	CP000240.1:317060-319277|CDS|CYB_0304	94.529	2157	118	0	1	2157	61	2217	0.0	3359
Ga0374710_02_17876_20032	CP000239.1:527197-529402|CDS|CYA_0510	81.818	2134	382	1	2	2135	62	2189	0.0	2101
Ga0374710_02_20238_20561	CP000240.1:316539-316863|CDS|CYB_0302	99.383	324	2	0	1	324	1	324	4.09e-165	576
Ga0374710_02_20238_20561	CP000239.1:529493-529808|CDS|CYA_0511	87.267	322	32	1	1	322	1	313	6.50e-112	400
Ga0374710_03_322_2430	CP000239.1:1817210-1819907|CDS|CYA_1814	99.099	2109	19	0	1	2109	589	2697	0.0	3718
Ga0374710_03_322_2430	CP000240.1:439913-442607|CDS|CYB_0431	96.064	2109	80	1	1	2109	589	2694	0.0	3428
Ga0374710_03_322_2430	CP000239.1:1852541-1855241|CDS|CYA_1851	89.867	2112	211	1	1	2109	589	2700	0.0	2843
Ga0374710_03_2751_3887	CP000240.1:442669-443806|CDS|CYB_0432	99.472	1137	6	0	1	1137	1	1137	0.0	2024
Ga0374710_03_2751_3887	CP000239.1:1815753-1816890|CDS|CYA_1812	99.033	1137	11	0	1	1137	1	1137	0.0	2002
Ga0374710_03_2751_3887	CP000239.1:1851391-1852504|CDS|CYA_1850	82.058	1137	180	5	1	1137	1	1113	0.0	1131
Ga0374710_03_4028_5092	CP000240.1:443946-445011|CDS|CYB_0433	98.967	1065	11	0	1	1065	1	1065	0.0	1872
Ga0374710_03_4028_5092	CP000240.1:384572-385637|CDS|CYB_0371	98.967	1065	11	0	1	1065	1	1065	0.0	1872
Ga0374710_03_4028_5092	CP000239.1:1814549-1815614|CDS|CYA_1811	92.676	1065	78	0	1	1065	1	1065	0.0	1570
Ga0374710_03_4028_5092	CP000239.1:1850153-1851218|CDS|CYA_1849	92.286	1063	82	0	1	1063	1	1063	0.0	1548
Ga0374710_03_4028_5092	CP000239.1:1288197-1289262|CDS|CYA_1274	92.098	1063	84	0	1	1063	1	1063	0.0	1539
Ga0374710_03_4028_5092	CP000240.1:226513-227569|CDS|CYB_0216	73.996	946	237	5	58	997	67	1009	9.50e-167	583
Ga0374710_03_4028_5092	CP000239.1:1753540-1754599|CDS|CYA_1748	72.515	986	256	8	58	1034	67	1046	4.32e-152	535
Ga0374710_03_5200_7743	CP000240.1:385744-388288|CDS|CYB_0372	97.917	2544	53	0	1	2544	1	2544	0.0	4350
Ga0374710_03_5200_7743	CP000239.1:1811889-1814445|CDS|CYA_1810	85.372	2543	366	3	1	2540	1	2540	0.0	2902
Ga0374710_03_7748_9190	CP000240.1:388292-389735|CDS|CYB_0373	99.030	1443	14	0	1	1443	1	1443	0.0	2540
Ga0374710_03_7748_9190	CP000239.1:1810514-1811885|CDS|CYA_1809	83.719	1339	218	0	1	1339	1	1339	0.0	1433
Ga0374710_03_9299_9583	CP000240.1:389843-390128|CDS|CYB_0374	99.298	285	2	0	1	285	1	285	5.29e-144	506
Ga0374710_03_9299_9583	CP000239.1:1810184-1810472|CDS|CYA_1808	84.561	285	44	0	1	285	1	285	5.30e-87	316
Ga0374710_03_9605_10369	CP000240.1:390214-390883|CDS|CYB_0375	94.949	693	11	1	73	765	1	669	0.0	1110
Ga0374710_03_10402_12204	CP000240.1:390960-393057|CDS|CYB_0376	99.374	1758	10	1	46	1803	1	1757	0.0	3118
Ga0374710_03_10402_12204	CP000239.1:1580612-1582763|CDS|CYA_1571	81.465	1802	299	6	2	1803	36	1802	0.0	1749
Ga0374710_03_12161_12544	CP000240.1:390960-393057|CDS|CYB_0376	98.958	384	4	0	1	384	1714	2097	0.0	675
Ga0374710_03_12161_12544	CP000239.1:1580612-1582763|CDS|CYA_1571	85.185	324	48	0	1	324	1759	2082	1.31e-102	369
Ga0374710_03_12871_13209	CP000240.1:393662-394001|CDS|CYB_0377	98.820	339	4	0	1	339	1	339	1.60e-170	594
Ga0374710_03_12871_13209	CP000239.1:1583157-1583496|CDS|CYA_1572	80.299	335	66	0	1	335	1	335	3.31e-84	307
Ga0374710_03_13294_13635	CP000240.1:394085-394427|CDS|CYB_0378	96.491	342	12	0	1	342	1	342	2.74e-161	563
Ga0374710_03_13294_13635	CP000239.1:1583544-1583886|CDS|CYA_1573	85.207	338	50	0	1	338	1	338	1.52e-107	385
Ga0374710_03_13721_14371	CP000240.1:394511-395162|CDS|CYB_0379	98.310	651	11	0	1	651	1	651	0.0	1125
Ga0374710_03_13721_14371	CP000239.1:1583967-1584618|CDS|CYA_1574	86.207	638	88	0	1	638	1	638	0.0	755
Ga0374710_03_14886_15305	CP000240.1:395662-396133|CDS|CYB_0380	86.200	471	14	5	1	420	1	471	4.41e-166	581
Ga0374710_03_15439_15924	CP000240.1:396251-398000|CDS|CYB_0381	99.794	486	1	0	1	486	1264	1749	0.0	873
Ga0374710_03_15439_15924	CP000239.1:1585246-1586977|CDS|CYA_1576	89.876	484	49	0	1	484	1246	1729	0.0	653
Ga0374710_04_268_1572	CP000240.1:2869974-2871279|CDS|CYB_2775	98.697	1305	17	0	1	1305	1	1305	0.0	2278
Ga0374710_04_268_1572	CP000239.1:117810-119115|CDS|CYA_0126	81.245	1301	244	0	1	1301	1	1301	0.0	1247
Ga0374710_04_1696_1947	CP000240.1:2869599-2869851|CDS|CYB_2774	99.603	252	1	0	1	252	1	252	3.12e-127	451
Ga0374710_04_1696_1947	CP000239.1:117440-117692|CDS|CYA_0125	88.845	251	28	0	1	251	1	251	2.56e-90	327
Ga0374710_04_2110_2205	CP000240.1:2869341-2869437|CDS|CYB_2773	93.750	96	6	0	1	96	1	96	1.61e-36	147
Ga0374710_04_2322_2501	CP000240.1:2869045-2869312|CDS|CYB_2772	98.889	180	2	0	1	180	88	267	3.18e-87	316
Ga0374710_04_2322_2501	CP000239.1:116884-117061|CDS|CYA_0123	87.425	167	21	0	4	170	1	167	4.14e-54	207
Ga0374710_04_2501_2827	CP000240.1:2868719-2869046|CDS|CYB_2771	97.554	327	8	0	1	327	1	327	1.35e-158	554
Ga0374710_04_2501_2827	CP000239.1:116558-116885|CDS|CYA_0122	82.667	300	52	0	1	300	1	300	3.19e-84	307
Ga0374710_04_2831_3145	CP000240.1:2868401-2868716|CDS|CYB_2770	98.413	315	5	0	1	315	1	315	6.72e-156	546
Ga0374710_04_2831_3145	CP000239.1:116243-116555|CDS|CYA_0121	85.978	271	38	0	1	271	1	271	1.69e-87	318
Ga0374710_04_3288_3878	CP000240.1:2867668-2868259|CDS|CYB_2769	98.646	591	8	0	1	591	1	591	0.0	1031
Ga0374710_04_3288_3878	CP000239.1:115187-115784|CDS|CYA_0120	86.525	564	70	1	1	564	1	558	0.0	676
Ga0374710_04_3917_4270	CP000240.1:2867276-2867630|CDS|CYB_2768	99.718	354	1	0	1	354	1	354	0.0	635
Ga0374710_04_3917_4270	CP000239.1:114832-115186|CDS|CYA_0119	86.127	346	48	0	1	346	1	346	1.37e-114	408
Ga0374710_04_4470_5576	CP000240.1:2865970-2867077|CDS|CYB_2767	97.200	1107	31	0	1	1107	1	1107	0.0	1857
Ga0374710_04_4470_5576	CP000239.1:113490-114609|CDS|CYA_0118	80.668	1107	208	2	1	1104	1	1104	0.0	1029
Ga0374710_04_5854_8118	CP000240.1:2863170-2865693|CDS|CYB_2765	99.514	2265	11	0	1	2265	259	2523	0.0	4036
Ga0374710_04_8548_10014	CP000240.1:2861532-2862999|CDS|CYB_2764	98.569	1467	21	0	1	1467	1	1467	0.0	2552
Ga0374710_04_8548_10014	CP000239.1:35580-37047|CDS|CYA_0039	85.821	1467	208	0	1	1467	1	1467	0.0	1709
Ga0374710_04_10250_10417	CP000240.1:2861093-2861297|CDS|CYB_2763	95.973	149	6	0	1	149	1	149	5.35e-65	242
Ga0374710_04_10809_11777	CP000240.1:2859637-2860702|CDS|CYB_2762	97.622	967	23	0	3	969	99	1065	0.0	1641
Ga0374710_04_12056_13516	CP000240.1:2858007-2859468|CDS|CYB_2760	97.810	1461	32	0	1	1461	1	1461	0.0	2491
Ga0374710_04_12056_13516	CP000239.1:37429-38884|CDS|CYA_0041	83.904	1460	229	2	1	1460	1	1454	0.0	1571
Ga0374710_04_13513_13866	CP000240.1:2857717-2858011|CDS|CYB_2761	96.939	294	9	0	61	354	1	294	5.12e-139	490
Ga0374710_04_13513_13866	CP000239.1:38880-39174|CDS|CYA_0040	83.688	282	46	0	61	342	1	282	1.47e-82	302
Ga0374710_04_14167_15669	CP000240.1:2855902-2857357|CDS|CYB_2759	99.313	1455	10	0	49	1503	1	1455	0.0	2580
Ga0374710_04_14167_15669	CP000239.1:2160095-2161619|CDS|CYA_2147	82.114	1504	267	2	1	1503	22	1524	0.0	1493
Ga0374710_05_1204_2358	CP000240.1:30460-31567|CDS|CYB_0024	97.368	1102	29	0	49	1150	1	1102	0.0	1857
Ga0374710_05_2361_3614	CP000240.1:28678-30397|CDS|CYB_0023	97.927	1254	26	0	1	1254	466	1719	0.0	2145
Ga0374710_05_2361_3614	CP000239.1:611849-613559|CDS|CYA_0603	69.075	1038	301	12	16	1043	475	1502	4.79e-108	389
Ga0374710_05_3631_3926	CP000240.1:28678-30397|CDS|CYB_0023	97.635	296	7	0	1	296	449	154	6.71e-143	503
Ga0374710_05_3631_3926	CP000239.1:611849-613559|CDS|CYA_0603	71.429	231	66	0	12	242	432	202	8.22e-28	120
Ga0374710_05_4407_6674	CP000240.1:26083-28351|CDS|CYB_0022	97.751	2268	51	0	1	2268	1	2268	0.0	3861
Ga0374710_05_4407_6674	CP000239.1:2536946-2539214|CDS|CYA_2521	92.901	2268	161	0	1	2268	1	2268	0.0	3365
Ga0374710_05_6696_8930	CP000240.1:23827-26062|CDS|CYB_0021	98.345	2235	37	0	1	2235	1	2235	0.0	3865
Ga0374710_05_6696_8930	CP000239.1:2539235-2541473|CDS|CYA_2522	92.608	2232	165	0	4	2235	7	2238	0.0	3282
Ga0374710_05_9038_9619	CP000240.1:23138-23720|CDS|CYB_0020	98.625	582	8	0	1	582	1	582	0.0	1014
Ga0374710_05_9701_11257	CP000240.1:19690-21247|CDS|CYB_0017	96.596	1557	53	0	1	1557	1	1557	0.0	2570
Ga0374710_05_11317_12705	CP000239.1:2541913-2543251|CDS|CYA_2523	92.532	1339	93	4	55	1388	1	1337	0.0	1953
Ga0374710_05_13295_14365	CP000239.1:2543741-2544962|CDS|CYA_2524	90.663	1071	100	0	1	1071	151	1221	0.0	1481
Ga0374710_06_4_306	CP000240.1:256446-256857|CDS|CYB_0244	97.030	303	9	0	1	303	109	411	5.65e-144	507
Ga0374710_06_4_306	CP000239.1:493283-493661|CDS|CYA_0476	81.081	259	49	0	4	262	103	361	8.42e-66	247
Ga0374710_06_531_797	CP000240.1:255471-256221|CDS|CYB_0243	98.127	267	3	1	1	267	1	265	2.24e-129	457
Ga0374710_06_531_797	CP000239.1:492369-493122|CDS|CYA_0475	75.564	266	64	1	1	265	1	266	7.34e-47	184
Ga0374710_06_797_1282	CP000240.1:255471-256221|CDS|CYB_0243	99.588	486	2	0	1	486	265	750	0.0	868
Ga0374710_06_797_1282	CP000239.1:492369-493122|CDS|CYA_0475	84.551	479	74	0	1	479	268	746	2.34e-151	531
Ga0374710_06_1465_1875	CP000240.1:254878-255289|CDS|CYB_0242	95.377	411	19	0	1	411	1	411	0.0	656
Ga0374710_06_1465_1875	CP000239.1:491777-492188|CDS|CYA_0474	82.195	410	73	0	2	411	2	411	4.62e-115	411
Ga0374710_06_1968_4598	CP000240.1:252155-254786|CDS|CYB_0241	98.328	2631	44	0	1	2631	1	2631	0.0	4547
Ga0374710_06_1968_4598	CP000239.1:489056-491687|CDS|CYA_0473	87.490	2630	329	0	1	2630	1	2630	0.0	3260
Ga0374710_06_4609_7419	CP000240.1:249358-252145|CDS|CYB_0240	93.319	2769	157	4	1	2767	1	2743	0.0	4167
Ga0374710_06_4609_7419	CP000239.1:486235-489031|CDS|CYA_0472	84.698	2797	355	6	16	2811	16	2740	0.0	3154
Ga0374710_06_7652_8602	CP000240.1:248095-249100|CDS|CYB_0239	95.568	925	39	2	28	951	82	1005	0.0	1477
Ga0374710_06_7652_8602	CP000239.1:485107-486127|CDS|CYA_0471	87.271	927	118	0	25	951	94	1020	0.0	1141
Ga0374710_06_8777_9832	CP000240.1:246877-247921|CDS|CYB_0238	98.485	1056	4	1	1	1056	1	1044	0.0	1839
Ga0374710_06_8777_9832	CP000239.1:483889-484933|CDS|CYA_0470	84.739	1055	147	3	1	1054	1	1042	0.0	1177
Ga0374710_06_9839_10651	CP000240.1:246058-246871|CDS|CYB_0237	98.524	813	12	0	1	813	1	813	0.0	1413
Ga0374710_06_9839_10651	CP000239.1:483070-483883|CDS|CYA_0469	84.217	811	128	0	1	811	1	811	0.0	886
Ga0374710_06_10641_11468	CP000240.1:245241-246069|CDS|CYB_0236	99.396	828	5	0	1	828	1	828	0.0	1471
Ga0374710_06_10641_11468	CP000239.1:482241-483081|CDS|CYA_0468	82.719	787	130	1	46	826	52	838	0.0	808
Ga0374710_06_11485_12153	CP000240.1:244558-245227|CDS|CYB_0235	98.036	662	13	0	1	662	1	662	0.0	1136
Ga0374710_06_11485_12153	CP000239.1:481553-482228|CDS|CYA_0467	84.650	658	99	2	1	657	1	657	0.0	725
Ga0374710_07_283_1527	CP000240.1:584582-585827|CDS|CYB_0578	98.715	1245	16	0	1	1245	1	1245	0.0	2174
Ga0374710_07_283_1527	CP000239.1:2244161-2245424|CDS|CYA_2229	85.962	1268	146	4	1	1243	1	1261	0.0	1496
Ga0374710_07_1764_2663	CP000240.1:586179-587103|CDS|CYB_0579	95.996	924	13	2	1	900	1	924	0.0	1513
Ga0374710_07_1764_2663	CP000239.1:2245575-2246475|CDS|CYA_2230	88.839	887	99	0	1	887	1	887	0.0	1154
Ga0374710_07_2690_3658	CP000240.1:587129-588098|CDS|CYB_0580	98.555	969	14	0	1	969	1	969	0.0	1685
Ga0374710_07_2690_3658	CP000239.1:2246496-2247465|CDS|CYA_2231	87.410	969	122	0	1	969	1	969	0.0	1198
Ga0374710_07_3655_4272	CP000240.1:588094-588712|CDS|CYB_0581	99.676	618	2	0	1	618	1	618	0.0	1106
Ga0374710_07_3655_4272	CP000239.1:2247461-2248079|CDS|CYA_2232	88.293	615	72	0	2	616	2	616	0.0	785
Ga0374710_07_4426_5013	CP000240.1:588837-589461|CDS|CYB_0582	96.088	588	23	0	1	588	37	624	0.0	957
Ga0374710_07_4426_5013	CP000239.1:2248276-2248867|CDS|CYA_2233	75.636	550	86	4	20	569	74	575	5.52e-116	414
Ga0374710_07_5080_5958	CP000239.1:2248887-2249655|CDS|CYA_2234	75.510	686	158	4	120	800	18	698	3.55e-133	471
Ga0374710_07_5987_6646	CP000240.1:590398-591046|CDS|CYB_0584	99.074	648	6	0	13	660	1	648	0.0	1142
Ga0374710_07_5987_6646	CP000239.1:2249699-2250320|CDS|CYA_2235	82.547	636	84	5	25	660	13	621	0.0	649
Ga0374710_07_7081_8514	CP000240.1:606715-608173|CDS|CYB_0597	95.258	1413	52	3	1	1413	1	1398	0.0	2247
Ga0374710_07_8680_9648	CP000240.1:608338-609307|CDS|CYB_0599	100.000	969	0	0	1	969	1	969	0.0	1748
Ga0374710_07_8680_9648	CP000239.1:896417-897338|CDS|CYA_0890	93.832	843	52	0	127	969	79	921	0.0	1287
Ga0374710_07_9665_10543	CP000240.1:609410-610202|CDS|CYB_0600	98.737	792	10	0	88	879	1	792	0.0	1384
Ga0374710_07_10613_11476	CP000240.1:610277-611165|CDS|CYB_0601	95.701	884	14	1	1	860	1	884	0.0	1441
Ga0374710_07_10613_11476	CP000239.1:897553-898417|CDS|CYA_0891	91.163	860	76	0	1	860	1	860	0.0	1209
Ga0374710_07_11548_12099	CP000240.1:611236-613234|CDS|CYB_0602	97.464	552	14	0	1	552	1447	1998	0.0	933
Ga0374710_07_11548_12099	CP000239.1:898479-900489|CDS|CYA_0892	94.203	552	32	0	1	552	1459	2010	0.0	852
Ga0374710_08_9_1505	CP000240.1:1928767-1931704|CDS|CYB_1842	97.862	1497	32	0	1	1497	1441	2937	0.0	2556
Ga0374710_08_9_1505	CP000239.1:846250-849187|CDS|CYA_0838	86.133	1500	202	5	1	1497	1441	2937	0.0	1751
Ga0374710_08_1568_2365	CP000240.1:1927882-1928686|CDS|CYB_1841	93.159	804	49	2	1	798	1	804	0.0	1199
Ga0374710_08_1568_2365	CP000239.1:845335-846118|CDS|CYA_0837	77.586	812	139	11	1	798	1	783	0.0	634
Ga0374710_08_2547_2948	CP000240.1:1927299-1927701|CDS|CYB_1840	99.502	402	2	0	1	402	1	402	0.0	717
Ga0374710_08_2547_2948	CP000239.1:844767-845169|CDS|CYA_0835	83.750	400	64	1	1	399	1	400	2.05e-119	425
Ga0374710_08_3333_3632	CP000240.1:1926540-1926915|CDS|CYB_1839	99.000	300	3	0	1	300	76	375	1.71e-150	528
Ga0374710_08_3333_3632	CP000239.1:844396-844771|CDS|CYA_0836	79.452	292	60	0	7	298	82	373	4.61e-69	257
Ga0374710_08_3811_4497	CP000240.1:1925750-1926437|CDS|CYB_1838	96.943	687	21	0	1	687	1	687	0.0	1145
Ga0374710_08_3811_4497	CP000239.1:843615-844305|CDS|CYA_0834	86.625	643	86	0	39	681	39	681	0.0	773
Ga0374710_08_4767_5225	CP000240.1:1925043-1925481|CDS|CYB_1837	99.087	438	4	0	22	459	1	438	0.0	773
Ga0374710_08_4767_5225	CP000239.1:843079-843559|CDS|CYA_0833	82.743	452	78	0	1	452	1	452	2.69e-131	464
Ga0374710_08_5262_5513	CP000240.1:1924734-1924986|CDS|CYB_1836	96.429	252	9	0	1	252	1	252	2.24e-116	415
Ga0374710_08_5262_5513	CP000239.1:842782-843034|CDS|CYA_0832	80.087	231	46	0	22	252	22	252	4.96e-55	210
Ga0374710_08_5510_6226	CP000240.1:1924054-1924738|CDS|CYB_1835	96.199	684	26	0	34	717	1	684	0.0	1117
Ga0374710_08_5510_6226	CP000239.1:842102-842786|CDS|CYA_0831	87.573	684	85	0	34	717	1	684	0.0	851
Ga0374710_08_6517_6780	CP000240.1:1923467-1923731|CDS|CYB_1834	99.621	264	1	0	1	264	1	264	1.00e-133	472
Ga0374710_08_6517_6780	CP000239.1:841732-841951|CDS|CYA_0830	85.845	219	31	0	46	264	1	219	1.40e-68	256
Ga0374710_08_7729_8223	CP000240.1:1921581-1922598|CDS|CYB_1831	99.192	495	4	0	1	495	582	88	0.0	875
Ga0374710_08_7729_8223	CP000239.1:839460-840459|CDS|CYA_0827	74.291	494	127	0	2	495	557	64	2.73e-87	319
Ga0374710_08_8473_8673	CP000240.1:1921581-1922598|CDS|CYB_1831	99.502	201	1	0	1	201	817	1017	1.18e-99	359
Ga0374710_08_8473_8673	CP000239.1:839460-840459|CDS|CYA_0827	80.729	192	37	0	3	194	801	992	6.53e-46	180
Ga0374710_08_8753_9637	CP000240.1:1920617-1921502|CDS|CYB_1830	99.096	885	8	0	1	885	1	885	0.0	1561
Ga0374710_08_8753_9637	CP000239.1:838487-839372|CDS|CYA_0826	90.056	885	88	0	1	885	1	885	0.0	1200
Ga0374710_08_9700_10014	CP000240.1:1920240-1920576|CDS|CYB_1829	99.048	315	3	0	1	315	22	336	1.30e-158	555
Ga0374710_08_9700_10014	CP000239.1:838115-838448|CDS|CYA_0825	84.416	308	48	0	2	309	23	330	5.18e-94	340
Ga0374710_08_10089_10508	CP000240.1:1919746-1920166|CDS|CYB_1828	100.000	420	0	0	1	420	1	420	0.0	758
Ga0374710_08_10089_10508	CP000239.1:837614-838040|CDS|CYA_0824	81.742	356	59	1	57	406	57	412	3.88e-97	351
Ga0374710_08_10893_11789	CP000240.1:1918465-1919422|CDS|CYB_1827	99.664	893	3	0	1	893	61	953	0.0	1598
Ga0374710_09_300_989	CP000240.1:582863-583553|CDS|CYB_0576	98.682	683	9	0	8	690	8	690	0.0	1192
Ga0374710_09_300_989	CP000239.1:538609-539299|CDS|CYA_0522	87.826	690	84	0	1	690	1	690	0.0	866
Ga0374710_09_1108_1578	CP000240.1:582204-582675|CDS|CYB_0575	99.151	471	4	0	1	471	1	471	0.0	832
Ga0374710_09_1108_1578	CP000239.1:539315-539795|CDS|CYA_0523	86.200	471	65	0	1	471	10	480	5.68e-159	557
Ga0374710_09_1603_2250	CP000240.1:581586-582180|CDS|CYB_0574	98.822	594	7	0	55	648	1	594	0.0	1040
Ga0374710_09_2258_2539	CP000240.1:581243-581525|CDS|CYB_0573	93.617	282	18	0	1	282	1	282	1.15e-120	428
Ga0374710_09_2258_2539	CP000239.1:539817-540696|CDS|CYA_0524	72.414	290	51	6	1	282	1	269	2.55e-40	162
Ga0374710_09_2599_3372	CP000240.1:580503-581184|CDS|CYB_0572	99.119	681	6	0	94	774	1	681	0.0	1202
Ga0374710_09_2599_3372	CP000239.1:540750-541434|CDS|CYA_0525	88.166	676	80	0	99	774	9	684	0.0	859
Ga0374710_09_3512_3997	CP000240.1:579741-580272|CDS|CYB_0571	98.765	486	6	0	1	486	46	531	0.0	850
Ga0374710_09_3512_3997	CP000239.1:541606-542092|CDS|CYA_0526	88.584	473	54	0	1	473	1	473	3.04e-175	610
Ga0374710_09_3512_3997	CP000240.1:844278-844764|CDS|CYB_0815	68.490	384	109	6	35	413	37	413	7.69e-31	132
Ga0374710_09_4440_4952	CP000240.1:578666-579200|CDS|CYB_0568	94.103	390	17	1	1	384	390	1	1.67e-172	601
Ga0374710_09_4872_5096	CP000240.1:578666-579200|CDS|CYB_0568	99.111	225	2	0	1	225	310	534	1.52e-111	398
Ga0374710_09_4872_5096	CP000239.1:542536-543100|CDS|CYA_0528	85.463	227	30	1	2	225	305	531	9.62e-70	260
Ga0374710_09_5093_5992	CP000240.1:577659-578670|CDS|CYB_0569	97.889	900	19	0	1	900	112	1011	0.0	1538
Ga0374710_09_5093_5992	CP000239.1:543063-544068|CDS|CYA_0527	89.967	897	90	0	2	898	107	1003	0.0	1213
Ga0374710_09_5093_5992	CP000239.1:954668-955745|CDS|CYA_0944	67.995	803	241	8	13	810	184	975	8.03e-72	269
Ga0374710_09_5093_5992	CP000240.1:2492542-2493619|CDS|CYB_2391	66.292	801	258	5	13	810	184	975	4.44e-56	216
Ga0374710_09_6279_7781	CP000240.1:575975-577478|CDS|CYB_0566	94.278	1503	86	0	1	1503	1	1503	0.0	2324
Ga0374710_09_6279_7781	CP000239.1:544261-545764|CDS|CYA_0529	84.993	1486	212	4	1	1476	1	1485	0.0	1667
Ga0374710_09_7899_8723	CP000240.1:575033-575858|CDS|CYB_0565	98.667	825	11	0	1	825	1	825	0.0	1439
Ga0374710_09_7899_8723	CP000239.1:545800-546625|CDS|CYA_0530	87.758	825	101	0	1	825	1	825	0.0	1033
Ga0374710_10_1_534	CP000240.1:2767422-2768010|CDS|CYB_2682	100.000	534	0	0	1	534	55	588	0.0	964
Ga0374710_10_1_534	CP000239.1:2135900-2136488|CDS|CYA_2121	81.273	534	100	0	1	534	55	588	6.93e-146	513
Ga0374710_10_558_845	CP000240.1:2768006-2768321|CDS|CYB_2683	98.958	288	3	0	1	288	28	315	5.35e-144	507
Ga0374710_10_558_845	CP000239.1:2136484-2136799|CDS|CYA_2122	81.404	285	53	0	4	288	31	315	1.64e-74	276
Ga0374710_10_860_2452	CP000240.1:2768335-2769928|CDS|CYB_2684	98.117	1593	30	0	1	1593	1	1593	0.0	2738
Ga0374710_10_860_2452	CP000239.1:2136812-2138405|CDS|CYA_2123	87.123	1592	205	0	1	1592	1	1592	0.0	1948
Ga0374710_10_2660_3178	CP000240.1:2770143-2770662|CDS|CYB_2685	99.615	519	2	0	1	519	1	519	0.0	928
Ga0374710_10_2660_3178	CP000239.1:2138612-2139137|CDS|CYA_2124	88.372	516	60	0	1	516	1	516	0.0	661
Ga0374710_10_3218_3718	CP000240.1:2770701-2771202|CDS|CYB_2686	98.204	501	9	0	1	501	1	501	0.0	864
Ga0374710_10_3218_3718	CP000239.1:2139179-2139680|CDS|CYA_2125	89.780	499	51	0	1	499	1	499	0.0	671
Ga0374710_10_3819_5198	CP000240.1:2771312-2772692|CDS|CYB_2687	98.187	1379	25	0	1	1379	1	1379	0.0	2375
Ga0374710_10_3819_5198	CP000239.1:2139798-2141178|CDS|CYA_2126	85.859	1379	195	0	1	1379	1	1379	0.0	1608
Ga0374710_10_5349_7949	CP000240.1:2772842-2775443|CDS|CYB_2688	98.770	2601	32	0	1	2601	1	2601	0.0	4547
Ga0374710_10_5349_7949	CP000239.1:2141367-2143968|CDS|CYA_2127	89.141	2597	282	0	1	2597	1	2597	0.0	3413
Ga0374710_10_8233_9408	CP000240.1:2775855-2776917|CDS|CYB_2690	98.071	1037	20	0	130	1166	1	1037	0.0	1781
Ga0374710_10_8233_9408	CP000239.1:2144129-2145191|CDS|CYA_2128	78.870	1027	213	2	130	1154	1	1025	0.0	869
Ga0374710_10_9428_10222	CP000240.1:2776913-2777723|CDS|CYB_2689	96.552	783	27	0	1	783	1	783	0.0	1291
Ga0374710_10_9428_10222	CP000239.1:2405089-2405869|CDS|CYA_2394	81.520	671	124	0	1	671	1	671	0.0	652
Ga0374710_11_502_1713	CP000240.1:1803089-1804283|CDS|CYB_1722	95.142	1194	58	0	19	1212	1	1194	0.0	1893
Ga0374710_11_502_1713	CP000240.1:1190675-1191869|CDS|CYB_1151	95.230	1195	55	2	19	1212	1	1194	0.0	1892
Ga0374710_11_502_1713	CP000240.1:2644164-2645358|CDS|CYB_2538	94.472	1194	66	0	19	1212	1	1194	0.0	1856
Ga0374710_11_502_1713	CP000240.1:1064975-1066169|CDS|CYB_1023	94.305	1194	68	0	19	1212	1	1194	0.0	1847
Ga0374710_11_502_1713	CP000240.1:3008652-3009870|CDS|CYB_2910	93.021	1218	61	1	19	1212	1	1218	0.0	1831
Ga0374710_11_502_1713	CP000240.1:1521392-1522610|CDS|CYB_1450	92.529	1218	67	1	19	1212	1	1218	0.0	1804
Ga0374710_11_502_1713	CP000240.1:638632-639850|CDS|CYB_0630	91.954	1218	74	1	19	1212	1	1218	0.0	1773
Ga0374710_11_502_1713	CP000240.1:52430-53648|CDS|CYB_0041	91.790	1218	76	1	19	1212	1	1218	0.0	1764
Ga0374710_11_502_1713	CP000240.1:1358129-1359347|CDS|CYB_1297	91.379	1218	81	1	19	1212	1	1218	0.0	1741
Ga0374710_11_502_1713	CP000240.1:2796782-2798000|CDS|CYB_2707	90.805	1218	88	1	19	1212	1	1218	0.0	1709
Ga0374710_11_502_1713	CP000239.1:2170714-2171908|CDS|CYA_2158	91.541	1194	101	0	19	1212	1	1194	0.0	1699
Ga0374710_11_502_1713	CP000240.1:2830275-2831565|CDS|CYB_2735	88.871	1240	73	3	19	1210	1	1223	0.0	1660
Ga0374710_11_502_1713	CP000239.1:774779-775973|CDS|CYA_0767	90.704	1194	111	0	19	1212	1	1194	0.0	1654
Ga0374710_11_502_1713	CP000240.1:1083184-1084426|CDS|CYB_1042	88.889	1242	90	2	19	1212	1	1242	0.0	1653
Ga0374710_11_502_1713	CP000240.1:1954838-1956056|CDS|CYB_1872	89.573	1218	103	1	19	1212	1	1218	0.0	1642
Ga0374710_11_502_1713	CP000240.1:2168360-2169515|CDS|CYB_2071	91.777	1131	93	0	19	1149	1	1131	0.0	1621
Ga0374710_11_502_1713	CP000240.1:481588-482800|CDS|CYB_0472	90.193	1193	115	2	19	1210	1	1192	0.0	1618
Ga0374710_11_502_1713	CP000239.1:712444-713638|CDS|CYA_0704	89.782	1194	122	0	19	1212	1	1194	0.0	1604
Ga0374710_11_502_1713	CP000240.1:102811-104029|CDS|CYB_0087	89.697	1155	95	1	19	1149	1	1155	0.0	1564
Ga0374710_11_502_1713	CP000240.1:2210858-2212052|CDS|CYB_2117	89.028	1194	131	0	19	1212	1	1194	0.0	1563
Ga0374710_11_502_1713	CP000240.1:2553363-2554557|CDS|CYB_2454	88.945	1194	132	0	19	1212	1	1194	0.0	1559
Ga0374710_11_502_1713	CP000239.1:629980-631174|CDS|CYA_0620	88.945	1194	132	0	19	1212	1	1194	0.0	1559
Ga0374710_11_502_1713	CP000240.1:2247371-2248565|CDS|CYB_2147	89.744	1131	116	0	19	1149	1	1131	0.0	1517
Ga0374710_11_502_1713	CP000240.1:1316312-1317548|CDS|CYB_1259	87.007	1216	134	1	19	1210	1	1216	0.0	1498
Ga0374710_11_502_1713	CP000239.1:994256-995468|CDS|CYA_0981	87.668	1192	147	0	19	1210	1	1192	0.0	1488
Ga0374710_11_502_1713	CP000239.1:1594889-1596107|CDS|CYA_1585	89.036	1131	124	0	19	1149	1	1131	0.0	1481
Ga0374710_11_502_1713	CP000240.1:2619921-2621115|CDS|CYB_2521	87.448	1195	148	2	19	1212	1	1194	0.0	1472
Ga0374710_11_502_1713	CP000240.1:1015074-1016268|CDS|CYB_0979	88.771	1131	127	0	19	1149	1	1131	0.0	1468
Ga0374710_11_502_1713	CP000240.1:1267756-1268992|CDS|CYB_1227	86.113	1217	143	3	19	1210	1	1216	0.0	1443
Ga0374710_11_502_1713	CP000240.1:1244785-1246021|CDS|CYB_1201	85.855	1216	148	1	19	1210	1	1216	0.0	1435
Ga0374710_11_502_1713	CP000240.1:2661652-2662870|CDS|CYB_2557	85.550	1218	152	1	19	1212	1	1218	0.0	1421
Ga0374710_11_502_1713	CP000240.1:2933473-2934709|CDS|CYB_2835	85.726	1219	144	5	19	1210	1	1216	0.0	1419
Ga0374710_11_502_1713	CP000240.1:629484-630702|CDS|CYB_0620	85.386	1218	154	1	19	1212	1	1218	0.0	1412
Ga0374710_11_502_1713	CP000240.1:241642-242836|CDS|CYB_0233	87.279	1132	142	2	19	1149	1	1131	0.0	1386
Ga0374710_11_502_1713	CP000240.1:1842322-1843549|CDS|CYB_1759	84.743	1206	156	3	19	1198	1	1204	0.0	1358
Ga0374710_11_502_1713	CP000240.1:605550-606744|CDS|CYB_0598	84.841	1194	181	0	19	1212	1	1194	0.0	1338
Ga0374710_11_502_1713	CP000240.1:345730-346924|CDS|CYB_0329	86.030	1131	158	0	19	1149	1	1131	0.0	1328
Ga0374710_11_502_1713	CP000240.1:1384265-1385459|CDS|CYB_1322	85.676	1131	162	0	19	1149	1	1131	0.0	1310
Ga0374710_11_502_1713	CP000240.1:2565689-2566883|CDS|CYB_2468	85.500	1131	164	0	19	1149	1	1131	0.0	1301
Ga0374710_11_502_1713	CP000239.1:893439-894633|CDS|CYA_0887	85.549	1121	162	0	19	1139	1	1121	0.0	1292
Ga0374710_11_502_1713	CP000239.1:698055-699204|CDS|CYA_0690	84.555	1146	153	1	19	1140	1	1146	0.0	1287
Ga0374710_11_502_1713	CP000240.1:2128026-2129220|CDS|CYB_2026	81.530	1137	198	7	19	1149	1	1131	0.0	1084
Ga0374710_11_502_1713	CP000239.1:693322-694534|CDS|CYA_0687	80.033	1197	229	5	19	1210	1	1192	0.0	1068
Ga0374710_11_502_1713	CP000240.1:2219258-2220470|CDS|CYB_2126	79.866	1197	231	5	19	1210	1	1192	0.0	1059
Ga0374710_11_502_1713	CP000240.1:1763450-1764623|CDS|CYB_1688	79.332	1137	223	7	19	1149	1	1131	0.0	971
Ga0374710_11_502_1713	CP000240.1:1917270-1918464|CDS|CYB_1826	78.804	1137	229	7	19	1149	1	1131	0.0	944
Ga0374710_11_502_1713	CP000240.1:2506708-2507857|CDS|CYB_2410	76.814	1130	140	6	19	1027	1	1129	0.0	940
Ga0374710_11_502_1713	CP000239.1:88305-89487|CDS|CYA_0091	76.544	1117	236	5	24	1133	6	1103	0.0	835
Ga0374710_11_1929_2495	CP000240.1:1503975-1504527|CDS|CYB_1434	98.551	552	8	0	16	567	1	552	0.0	960
Ga0374710_11_1929_2495	CP000239.1:2474425-2474977|CDS|CYA_2464	86.413	552	75	0	16	567	1	552	0.0	658
Ga0374710_11_1929_2495	CP000239.1:1835352-1835898|CDS|CYA_1831	69.087	427	126	4	126	549	111	534	1.53e-40	163
Ga0374710_11_1929_2495	CP000240.1:423915-424461|CDS|CYB_0414	68.852	427	127	4	126	549	111	534	6.50e-39	159
Ga0374710_11_2571_2897	CP000240.1:1503573-1503852|CDS|CYB_1433	98.925	279	3	0	49	327	1	279	4.72e-139	490
Ga0374710_11_2571_2897	CP000239.1:2474012-2474291|CDS|CYA_2463	79.457	258	47	1	70	327	28	279	2.45e-60	228
Ga0374710_11_2881_3540	CP000240.1:1502939-1503590|CDS|CYB_1432	95.699	651	25	1	1	648	1	651	0.0	1047
Ga0374710_11_3844_4818	CP000240.1:1501790-1502765|CDS|CYB_1431	100.000	975	0	0	1	975	1	975	0.0	1759
Ga0374710_11_3844_4818	CP000239.1:2472468-2473437|CDS|CYA_2461	86.763	967	128	0	1	967	1	967	0.0	1168
Ga0374710_11_5104_6417	CP000240.1:1499888-1501235|CDS|CYB_1430	98.097	1314	25	0	1	1314	34	1347	0.0	2258
Ga0374710_11_6477_7493	CP000240.1:1498812-1499829|CDS|CYB_1429	98.328	1017	17	0	1	1017	1	1017	0.0	1758
Ga0374710_11_6477_7493	CP000239.1:18688-19720|CDS|CYA_0020	86.278	1013	136	1	1	1013	1	1010	0.0	1199
Ga0374710_11_7668_8540	CP000240.1:1497842-1498625|CDS|CYB_1427	95.179	809	13	2	1	809	1	783	0.0	1298
Ga0374710_11_7668_8540	CP000239.1:17768-18500|CDS|CYA_0017	84.594	714	104	2	1	711	1	711	0.0	789
Ga0374710_11_8534_9040	CP000240.1:1497272-1497911|CDS|CYB_1428	100.000	507	0	0	1	507	513	7	0.0	915
Ga0374710_11_8534_9040	CP000239.1:17165-17786|CDS|CYA_0018	85.828	501	62	1	1	492	501	1	3.63e-168	588
Ga0374710_11_9274_10065	CP000240.1:1496237-1497014|CDS|CYB_1426	98.292	761	13	0	31	791	1	761	0.0	1315
Ga0374710_11_9274_10065	CP000239.1:16200-16965|CDS|CYA_0016	83.217	715	108	4	69	777	39	747	0.0	742
Ga0374710_12_570_1763	CP000240.1:1803089-1804283|CDS|CYB_1722	95.142	1194	58	0	1	1194	1	1194	0.0	1893
Ga0374710_12_570_1763	CP000240.1:2644164-2645358|CDS|CYB_2538	94.975	1194	60	0	1	1194	1	1194	0.0	1884
Ga0374710_12_570_1763	CP000240.1:1521392-1522610|CDS|CYB_1450	93.103	1218	60	1	1	1194	1	1218	0.0	1836
Ga0374710_12_570_1763	CP000240.1:52430-53648|CDS|CYB_0041	93.103	1218	60	1	1	1194	1	1218	0.0	1836
Ga0374710_12_570_1763	CP000239.1:2170714-2171908|CDS|CYA_2158	93.886	1194	73	0	1	1194	1	1194	0.0	1825
Ga0374710_12_570_1763	CP000240.1:638632-639850|CDS|CYB_0630	92.857	1218	63	1	1	1194	1	1218	0.0	1822
Ga0374710_12_570_1763	CP000240.1:1083184-1084426|CDS|CYB_1042	91.546	1242	57	2	1	1194	1	1242	0.0	1801
Ga0374710_12_570_1763	CP000240.1:3008652-3009870|CDS|CYB_2910	92.200	1218	71	1	1	1194	1	1218	0.0	1786
Ga0374710_12_570_1763	CP000240.1:2830275-2831565|CDS|CYB_2735	90.968	1240	47	3	1	1192	1	1223	0.0	1777
Ga0374710_12_570_1763	CP000240.1:1190675-1191869|CDS|CYB_1151	92.971	1195	82	2	1	1194	1	1194	0.0	1770
Ga0374710_12_570_1763	CP000240.1:1954838-1956056|CDS|CYB_1872	91.626	1218	78	1	1	1194	1	1218	0.0	1755
Ga0374710_12_570_1763	CP000240.1:1358129-1359347|CDS|CYB_1297	91.051	1218	85	1	1	1194	1	1218	0.0	1723
Ga0374710_12_570_1763	CP000240.1:1064975-1066169|CDS|CYB_1023	91.541	1194	101	0	1	1194	1	1194	0.0	1699
Ga0374710_12_570_1763	CP000240.1:2168360-2169515|CDS|CYB_2071	93.280	1131	76	0	1	1131	1	1131	0.0	1698
Ga0374710_12_570_1763	CP000239.1:774779-775973|CDS|CYA_0767	91.457	1194	102	0	1	1194	1	1194	0.0	1694
Ga0374710_12_570_1763	CP000240.1:2796782-2798000|CDS|CYB_2707	90.312	1218	94	1	1	1194	1	1218	0.0	1682
Ga0374710_12_570_1763	CP000240.1:481588-482800|CDS|CYB_0472	90.947	1193	106	2	1	1192	1	1192	0.0	1658
Ga0374710_12_570_1763	CP000239.1:712444-713638|CDS|CYA_0704	90.536	1194	113	0	1	1194	1	1194	0.0	1645
Ga0374710_12_570_1763	CP000239.1:629980-631174|CDS|CYA_0620	89.531	1194	125	0	1	1194	1	1194	0.0	1590
Ga0374710_12_570_1763	CP000240.1:2553363-2554557|CDS|CYB_2454	89.112	1194	130	0	1	1194	1	1194	0.0	1568
Ga0374710_12_570_1763	CP000240.1:2210858-2212052|CDS|CYB_2117	88.777	1194	134	0	1	1194	1	1194	0.0	1550
Ga0374710_12_570_1763	CP000240.1:2619921-2621115|CDS|CYB_2521	88.536	1195	135	2	1	1194	1	1194	0.0	1531
Ga0374710_12_570_1763	CP000240.1:1316312-1317548|CDS|CYB_1259	86.924	1216	135	1	1	1192	1	1216	0.0	1494
Ga0374710_12_570_1763	CP000240.1:1267756-1268992|CDS|CYB_1227	86.853	1217	134	3	1	1192	1	1216	0.0	1484
Ga0374710_12_570_1763	CP000240.1:2661652-2662870|CDS|CYB_2557	86.371	1218	142	1	1	1194	1	1218	0.0	1466
Ga0374710_12_570_1763	CP000240.1:2247371-2248565|CDS|CYB_2147	88.683	1131	128	0	1	1131	1	1131	0.0	1463
Ga0374710_12_570_1763	CP000240.1:1244785-1246021|CDS|CYB_1201	86.266	1216	143	1	1	1192	1	1216	0.0	1458
Ga0374710_12_570_1763	CP000239.1:1594889-1596107|CDS|CYA_1585	88.506	1131	130	0	1	1131	1	1131	0.0	1454
Ga0374710_12_570_1763	CP000240.1:102811-104029|CDS|CYB_0087	87.273	1155	123	1	1	1131	1	1155	0.0	1438
Ga0374710_12_570_1763	CP000239.1:994256-995468|CDS|CYA_0981	86.577	1192	160	0	1	1192	1	1192	0.0	1429
Ga0374710_12_570_1763	CP000240.1:2933473-2934709|CDS|CYB_2835	85.773	1223	136	7	1	1192	1	1216	0.0	1425
Ga0374710_12_570_1763	CP000240.1:1015074-1016268|CDS|CYB_0979	87.831	1134	132	2	1	1131	1	1131	0.0	1420
Ga0374710_12_570_1763	CP000240.1:629484-630702|CDS|CYB_0620	85.340	1221	149	3	1	1194	1	1218	0.0	1409
Ga0374710_12_570_1763	CP000240.1:605550-606744|CDS|CYB_0598	85.762	1194	170	0	1	1194	1	1194	0.0	1388
Ga0374710_12_570_1763	CP000240.1:241642-242836|CDS|CYB_0233	86.661	1132	149	2	1	1131	1	1131	0.0	1354
Ga0374710_12_570_1763	CP000239.1:893439-894633|CDS|CYA_0887	86.655	1124	144	2	1	1121	1	1121	0.0	1348
Ga0374710_12_570_1763	CP000240.1:1842322-1843549|CDS|CYB_1759	84.424	1207	158	3	1	1180	1	1204	0.0	1343
Ga0374710_12_570_1763	CP000239.1:698055-699204|CDS|CYA_0690	85.602	1146	141	1	1	1122	1	1146	0.0	1341
Ga0374710_12_570_1763	CP000240.1:1384265-1385459|CDS|CYB_1322	84.881	1131	171	0	1	1131	1	1131	0.0	1269
Ga0374710_12_570_1763	CP000240.1:345730-346924|CDS|CYB_0329	84.744	1134	167	2	1	1131	1	1131	0.0	1262
Ga0374710_12_570_1763	CP000240.1:2565689-2566883|CDS|CYB_2468	84.527	1131	175	0	1	1131	1	1131	0.0	1251
Ga0374710_12_570_1763	CP000239.1:693322-694534|CDS|CYA_0687	80.117	1197	228	5	1	1192	1	1192	0.0	1073
Ga0374710_12_570_1763	CP000240.1:2219258-2220470|CDS|CYB_2126	79.950	1197	230	5	1	1192	1	1192	0.0	1064
Ga0374710_12_570_1763	CP000240.1:2128026-2129220|CDS|CYB_2026	81.091	1137	203	7	1	1131	1	1131	0.0	1061
Ga0374710_12_570_1763	CP000240.1:1763450-1764623|CDS|CYB_1688	79.859	1137	217	7	1	1131	1	1131	0.0	998
Ga0374710_12_570_1763	CP000240.1:2506708-2507857|CDS|CYB_2410	77.236	1129	137	5	1	1009	1	1129	0.0	964
Ga0374710_12_570_1763	CP000240.1:1917270-1918464|CDS|CYB_1826	78.892	1137	228	7	1	1131	1	1131	0.0	948
Ga0374710_12_570_1763	CP000239.1:88305-89487|CDS|CYA_0091	75.668	1122	247	5	1	1115	1	1103	0.0	794
Ga0374710_12_1760_2854	CP000240.1:1344743-1345835|CDS|CYB_1289	94.254	1079	61	1	1	1078	1	1079	0.0	1663
Ga0374710_12_1760_2854	CP000239.1:1034022-1035054|CDS|CYA_1015	90.000	1020	102	0	1	1020	1	1020	0.0	1380
Ga0374710_12_2870_3388	CP000240.1:1343930-1344449|CDS|CYB_1288	97.495	519	13	0	1	519	1	519	0.0	878
Ga0374710_12_2870_3388	CP000239.1:1035069-1035588|CDS|CYA_1016	86.898	519	68	0	1	519	1	519	0.0	630
Ga0374710_12_3455_4870	CP000240.1:1342376-1343864|CDS|CYB_1287	98.941	1416	15	0	1	1416	73	1488	0.0	2487
Ga0374710_12_3455_4870	CP000239.1:2016331-2017822|CDS|CYA_2000	81.132	1431	207	7	1	1416	109	1491	0.0	1389
Ga0374710_12_5037_6299	CP000240.1:1340740-1342003|CDS|CYB_1286	99.050	1263	12	0	1	1263	1	1263	0.0	2224
Ga0374710_12_5037_6299	CP000239.1:2019790-2021053|CDS|CYA_2003	85.036	1263	189	0	1	1263	1	1263	0.0	1426
Ga0374710_12_5037_6299	CP000240.1:814083-815385|CDS|CYB_0788	66.014	1124	349	22	43	1145	34	1145	6.71e-62	236
Ga0374710_12_6479_7204	CP000240.1:1339836-1340559|CDS|CYB_1285	95.851	723	30	0	4	726	1	723	0.0	1169
Ga0374710_12_6479_7204	CP000239.1:2021156-2021975|CDS|CYA_2004	85.773	724	103	0	1	724	94	817	0.0	842
Ga0374710_12_7556_8509	CP000240.1:1338554-1339532|CDS|CYB_1284	99.476	954	5	0	1	954	25	978	0.0	1699
Ga0374710_12_7556_8509	CP000239.1:2022285-2023263|CDS|CYA_2005	87.290	952	121	0	1	952	25	976	0.0	1172
Ga0374710_12_8573_9328	CP000240.1:1337728-1338484|CDS|CYB_1283	96.825	756	24	0	1	756	1	756	0.0	1256
Ga0374710_12_8573_9328	CP000239.1:1636900-1637653|CDS|CYA_1636	81.427	743	138	0	1	743	1	743	0.0	719
Ga0374710_12_9550_10014	CP000240.1:1337042-1337507|CDS|CYB_1282	97.845	464	10	0	1	464	1	464	0.0	792
Ga0374710_12_9550_10014	CP000239.1:1635932-1636400|CDS|CYA_1634	81.895	475	65	2	1	463	1	466	1.24e-135	480
Ga0374710_12_10086_10763	CP000240.1:1336293-1337025|CDS|CYB_1281	100.000	678	0	0	1	678	55	732	0.0	1223
Ga0374710_12_10086_10763	CP000239.1:1635201-1635933|CDS|CYA_1633	85.841	678	96	0	1	678	55	732	0.0	791
Ga0374710_13_382_1152	CP000240.1:2531008-2531722|CDS|CYB_2435	96.073	713	28	0	59	771	2	714	0.0	1160
Ga0374710_13_382_1152	CP000239.1:423115-423829|CDS|CYA_0408	90.884	713	65	0	59	771	2	714	0.0	994
Ga0374710_13_1237_1701	CP000240.1:2530393-2530924|CDS|CYB_2434	96.344	465	17	0	1	465	67	531	0.0	763
Ga0374710_13_1237_1701	CP000239.1:422500-423031|CDS|CYA_0407	91.793	463	38	0	3	465	69	531	0.0	664
Ga0374710_13_3374_3922	CP000240.1:2529684-2530233|CDS|CYB_2433	98.907	549	6	0	1	549	1	549	0.0	964
Ga0374710_13_3374_3922	CP000239.1:421805-422360|CDS|CYA_0406	80.039	516	101	2	11	525	11	525	1.38e-129	460
Ga0374710_13_3974_4945	CP000240.1:2528661-2529633|CDS|CYB_2432	98.867	971	11	0	1	971	1	971	0.0	1702
Ga0374710_13_3974_4945	CP000239.1:420788-421748|CDS|CYA_0405	83.792	944	153	0	10	953	10	953	0.0	1013
Ga0374710_13_5046_5597	CP000240.1:2528012-2528561|CDS|CYB_2431	96.377	552	17	1	1	552	1	549	0.0	904
Ga0374710_13_5046_5597	CP000239.1:420171-420726|CDS|CYA_0404	80.626	511	96	1	1	511	1	508	6.29e-134	474
Ga0374710_13_6767_7546	CP000240.1:2526098-2526854|CDS|CYB_2430	99.735	756	2	0	25	780	1	756	0.0	1355
Ga0374710_13_6767_7546	CP000239.1:2683754-2684510|CDS|CYA_2667	78.704	756	161	0	25	780	1	756	0.0	638
Ga0374710_13_7763_8356	CP000240.1:2525263-2525857|CDS|CYB_2427	99.832	594	1	0	1	594	1	594	0.0	1067
Ga0374710_13_7763_8356	CP000239.1:2682822-2683404|CDS|CYA_2665	79.967	599	96	4	1	593	1	581	4.57e-155	544
Ga0374710_13_8353_9720	CP000240.1:2523863-2525267|CDS|CYB_2428	98.465	1368	21	0	1	1368	37	1404	0.0	2373
Ga0374710_13_8353_9720	CP000239.1:2681419-2682826|CDS|CYA_2666	80.772	1373	252	4	1	1362	31	1402	0.0	1279
Ga0374710_14_1430_1654	CP000240.1:1899635-1899971|CDS|CYB_1814	99.556	225	1	0	1	225	112	336	1.25e-112	402
Ga0374710_14_1430_1654	CP000239.1:1577384-1577690|CDS|CYA_1568	81.657	169	31	0	3	171	114	282	1.63e-41	166
Ga0374710_14_1774_2820	CP000240.1:1900080-1901127|CDS|CYB_1815	99.140	1047	9	0	1	1047	1	1047	0.0	1848
Ga0374710_14_1774_2820	CP000239.1:1577758-1578805|CDS|CYA_1569	87.368	1045	132	0	1	1045	1	1045	0.0	1290
Ga0374710_14_2938_4224	CP000240.1:1901328-1902870|CDS|CYB_1816	96.924	1203	37	0	85	1287	1	1203	0.0	2003
Ga0374710_14_2938_4224	CP000239.1:1578941-1580483|CDS|CYA_1570	89.019	1193	131	0	91	1283	7	1199	0.0	1562
Ga0374710_14_4234_4563	CP000240.1:1901328-1902870|CDS|CYB_1816	97.273	330	9	0	1	330	1213	1542	1.36e-158	555
Ga0374710_14_4234_4563	CP000239.1:1578941-1580483|CDS|CYA_1570	84.969	326	49	0	1	326	1213	1538	3.92e-102	368
Ga0374710_14_4234_4563	CP000239.1:290260-291658|CDS|CYA_0283	69.504	282	65	10	10	285	1036	1302	3.68e-20	96.0
Ga0374710_14_4567_4689	CP000239.1:1807824-1808778|CDS|CYA_1806	74.138	116	30	0	1	116	832	947	1.14e-14	75.2
Ga0374710_14_4667_4924	CP000240.1:1902973-1903831|CDS|CYB_1817	100.000	258	0	0	1	258	601	858	4.16e-132	466
Ga0374710_14_4667_4924	CP000239.1:1807824-1808778|CDS|CYA_1806	69.323	251	75	1	8	256	602	852	5.44e-23	104
Ga0374710_14_4917_5054	CP000240.1:1902973-1903831|CDS|CYB_1817	100.000	138	0	0	1	138	608	471	2.87e-67	250
Ga0374710_14_5354_6886	CP000240.1:1904033-1905566|CDS|CYB_1818	98.434	1533	24	0	1	1533	1	1533	0.0	2657
Ga0374710_14_5354_6886	CP000239.1:2546832-2548365|CDS|CYA_2527	80.483	1532	299	0	1	1532	1	1532	0.0	1416
Ga0374710_14_6968_8293	CP000240.1:1905647-1906973|CDS|CYB_1819	99.472	1326	7	0	1	1326	1	1326	0.0	2360
Ga0374710_14_6968_8293	CP000239.1:1902122-1903463|CDS|CYA_1894	86.119	1340	171	1	1	1325	1	1340	0.0	1588
Ga0374710_14_8386_9597	CP000240.1:1907065-1908685|CDS|CYB_1820	96.617	1212	14	2	1	1212	436	1620	0.0	2017
Ga0374710_14_8386_9597	CP000239.1:1903556-1905149|CDS|CYA_1895	84.020	1214	168	8	1	1210	400	1591	0.0	1303
Ga0374710_15_372_965	CP000239.1:1446255-1446849|CDS|CYA_1439	98.148	594	11	0	1	594	1	594	0.0	1022
Ga0374710_15_372_965	CP000239.1:732513-733107|CDS|CYA_0727	97.643	594	14	0	1	594	1	594	0.0	1009
Ga0374710_15_372_965	CP000239.1:819297-819891|CDS|CYA_0808	97.138	594	17	0	1	594	1	594	0.0	995
Ga0374710_15_372_965	CP000239.1:2434480-2435074|CDS|CYA_2425	96.633	594	20	0	1	594	1	594	0.0	982
Ga0374710_15_372_965	CP000239.1:2402867-2403461|CDS|CYA_2392	96.633	594	20	0	1	594	1	594	0.0	982
Ga0374710_15_372_965	CP000239.1:1898603-1899197|CDS|CYA_1891	96.633	594	20	0	1	594	1	594	0.0	982
Ga0374710_15_372_965	CP000239.1:411427-412021|CDS|CYA_0397	96.633	594	20	0	1	594	1	594	0.0	982
Ga0374710_15_372_965	CP000239.1:2698805-2699423|CDS|CYA_2684	94.337	618	11	1	1	594	1	618	0.0	975
Ga0374710_15_372_965	CP000239.1:2259861-2260479|CDS|CYA_2250	94.337	618	11	1	1	594	1	618	0.0	975
Ga0374710_15_372_965	CP000239.1:1948621-1949239|CDS|CYA_1937	94.337	618	11	1	1	594	1	618	0.0	975
Ga0374710_15_372_965	CP000239.1:1644319-1644937|CDS|CYA_1645	94.337	618	11	1	1	594	1	618	0.0	975
Ga0374710_15_372_965	CP000239.1:606571-607189|CDS|CYA_0595	94.337	618	11	1	1	594	1	618	0.0	975
Ga0374710_15_372_965	CP000239.1:1479753-1480371|CDS|CYA_1472	94.175	618	12	1	1	594	1	618	0.0	970
Ga0374710_15_372_965	CP000239.1:1778901-1779495|CDS|CYA_1772	96.128	594	23	0	1	594	1	594	0.0	968
Ga0374710_15_372_965	CP000239.1:2709545-2710163|CDS|CYA_2694	94.013	618	13	1	1	594	1	618	0.0	966
Ga0374710_15_372_965	CP000239.1:1384976-1385594|CDS|CYA_1374	94.013	618	13	1	1	594	1	618	0.0	966
Ga0374710_15_372_965	CP000239.1:363923-364541|CDS|CYA_0346	94.013	618	13	1	1	594	1	618	0.0	966
Ga0374710_15_372_965	CP000239.1:2018987-2019605|CDS|CYA_2002	93.689	618	15	1	1	594	1	618	0.0	957
Ga0374710_15_372_965	CP000240.1:31634-32228|CDS|CYB_0025	95.286	594	28	0	1	594	1	594	0.0	946
Ga0374710_15_372_965	CP000240.1:22428-23022|CDS|CYB_0019	94.949	594	30	0	1	594	1	594	0.0	937
Ga0374710_15_372_965	CP000239.1:2450192-2450786|CDS|CYA_2439	94.108	594	35	0	1	594	1	594	0.0	914
Ga0374710_15_372_965	CP000239.1:2598423-2599041|CDS|CYA_2572	92.071	618	25	1	1	594	1	618	0.0	911
Ga0374710_15_1290_5030	CP000240.1:1856513-1860257|CDS|CYB_1773	87.640	3754	441	10	1	3741	1	3744	0.0	4654
Ga0374710_15_1290_5030	CP000239.1:2573293-2576749|CDS|CYA_2553	79.566	3460	687	6	282	3734	3	3449	0.0	3044
Ga0374710_15_8477_9049	CP000240.1:1855873-1856446|CDS|CYB_1771	97.208	573	16	0	1	573	1	573	0.0	962
Ga0374710_15_9027_9971	CP000239.1:1661166-1662945|CDS|CYA_1659	99.788	944	2	0	1	944	835	1778	0.0	1694
Ga0374710_15_9027_9971	CP000240.1:1854117-1855896|CDS|CYB_1772	83.970	942	151	0	4	945	838	1779	0.0	1019
Ga0374710_16_2_1261	CP000240.1:791708-793724|CDS|CYB_0770	98.490	1258	19	0	1	1258	757	2014	0.0	2184
Ga0374710_16_2_1261	CP000239.1:567086-569000|CDS|CYA_0554	88.712	1258	138	2	3	1258	657	1912	0.0	1624
Ga0374710_16_1326_1694	CP000240.1:791274-791643|CDS|CYB_0768	89.973	369	37	0	1	369	1	369	1.03e-141	499
Ga0374710_16_1326_1694	CP000239.1:566653-567022|CDS|CYA_0552	87.062	371	44	2	1	369	1	369	1.64e-126	448
Ga0374710_16_1691_2773	CP000240.1:790195-791278|CDS|CYB_0769	96.768	1083	35	0	1	1083	1	1083	0.0	1796
Ga0374710_16_1691_2773	CP000239.1:565574-566657|CDS|CYA_0553	88.643	1083	123	0	1	1083	1	1083	0.0	1399
Ga0374710_16_3303_3797	CP000240.1:789171-789684|CDS|CYB_0766	99.394	495	3	0	1	495	19	513	0.0	880
Ga0374710_16_3303_3797	CP000239.1:562721-563216|CDS|CYA_0548	86.694	496	64	2	1	495	1	495	2.90e-169	590
Ga0374710_16_4253_5104	CP000240.1:652536-653388|CDS|CYB_0642	98.826	852	10	0	1	852	1	852	0.0	1492
Ga0374710_16_4253_5104	CP000239.1:1957238-1958108|CDS|CYA_1945	82.109	844	151	0	1	844	1	844	0.0	842
Ga0374710_16_5350_5715	CP000240.1:654686-655052|CDS|CYB_0644	99.454	366	2	0	1	366	1	366	0.0	652
Ga0374710_16_5350_5715	CP000239.1:2088581-2088947|CDS|CYA_2069	85.519	366	53	0	1	366	1	366	2.26e-118	422
Ga0374710_16_5796_6221	CP000240.1:655132-655558|CDS|CYB_0645	99.531	426	2	0	1	426	1	426	0.0	760
Ga0374710_16_5796_6221	CP000239.1:2089021-2089474|CDS|CYA_2070	77.925	453	73	3	1	426	1	453	2.83e-105	378
Ga0374710_16_6773_8248	CP000240.1:656103-657579|CDS|CYB_0646	99.390	1476	9	0	1	1476	1	1476	0.0	2622
Ga0374710_16_6773_8248	CP000239.1:2089671-2091147|CDS|CYA_2071	87.737	1476	181	0	1	1476	1	1476	0.0	1847
Ga0374710_18_462_1460	CP000240.1:2879808-2880639|CDS|CYB_2783	98.075	831	16	0	169	999	1	831	0.0	1427
Ga0374710_18_1462_1956	CP000240.1:2880706-2881294|CDS|CYB_2784	95.749	494	21	0	2	495	95	588	0.0	797
Ga0374710_18_1462_1956	CP000239.1:1965093-1965669|CDS|CYA_1954	80.612	490	68	4	4	490	106	571	1.01e-130	462
Ga0374710_18_2169_2825	CP000240.1:2881308-2882163|CDS|CYB_2785	100.000	657	0	0	1	657	199	855	0.0	1186
Ga0374710_18_2169_2825	CP000239.1:1965675-1966587|CDS|CYA_1955	89.639	637	66	0	4	640	202	838	0.0	852
Ga0374710_18_3035_3535	CP000240.1:2882376-2882877|CDS|CYB_2786	98.603	501	7	0	1	501	1	501	0.0	873
Ga0374710_18_3035_3535	CP000239.1:1968160-1968661|CDS|CYA_1957	88.224	501	59	0	1	501	1	501	0.0	638
Ga0374710_18_3795_4781	CP000240.1:2883110-2884097|CDS|CYB_2787	96.236	983	37	0	1	983	1	983	0.0	1607
Ga0374710_18_3795_4781	CP000239.1:1970740-1971652|CDS|CYA_1960	81.847	942	127	5	1	941	1	899	0.0	946
Ga0374710_18_4808_6016	CP000240.1:2884123-2885332|CDS|CYB_2789	98.593	1208	17	0	1	1208	1	1208	0.0	2103
Ga0374710_18_4808_6016	CP000239.1:1971648-1972839|CDS|CYA_1961	79.933	1201	226	3	1	1198	1	1189	0.0	1080
Ga0374710_18_6180_6464	CP000240.1:2887173-2888088|CDS|CYB_2791	94.643	280	15	0	6	285	636	915	2.25e-123	438
Ga0374710_18_6180_6464	CP000239.1:851353-851761|CDS|CYA_0840	80.755	265	51	0	16	280	139	403	2.26e-66	249
Ga0374710_18_6454_6798	CP000240.1:2888077-2888569|CDS|CYB_2790	98.256	344	6	0	2	345	149	492	1.63e-170	594
Ga0374710_18_6454_6798	CP000239.1:850887-851364|CDS|CYA_0841	82.749	342	59	0	4	345	136	477	3.16e-97	352
Ga0374710_19_1042_2976	CP000240.1:702939-704877|CDS|CYB_0687	97.311	1934	50	2	3	1935	6	1938	0.0	3247
Ga0374710_19_1042_2976	CP000239.1:2512761-2514654|CDS|CYA_2502	87.743	1852	223	4	86	1935	44	1893	0.0	2303
Ga0374710_19_3127_3528	CP000240.1:705025-705457|CDS|CYB_0688	97.264	402	11	0	1	402	31	432	0.0	676
Ga0374710_19_3127_3528	CP000239.1:2512197-2512599|CDS|CYA_2501	85.128	390	58	0	7	396	7	396	7.63e-125	443
Ga0374710_19_3127_3528	CP000239.1:26692-27145|CDS|CYA_0028	78.593	327	70	0	70	396	97	423	2.34e-74	275
Ga0374710_19_3664_5436	CP000240.1:705841-707362|CDS|CYB_0689	93.779	1527	83	3	253	1773	1	1521	0.0	2324
Ga0374710_19_3664_5436	CP000239.1:2510291-2511791|CDS|CYA_2500	82.124	1488	249	4	253	1739	1	1472	0.0	1482
Ga0374710_19_5433_6563	CP000240.1:707358-708489|CDS|CYB_0690	95.756	1131	48	0	1	1131	1	1131	0.0	1824
Ga0374710_19_5433_6563	CP000239.1:2509158-2510295|CDS|CYA_2499	90.207	1113	109	0	8	1120	8	1120	0.0	1517
Ga0374710_20_83_712	CP000240.1:40888-41899|CDS|CYB_0033	98.899	545	6	0	1	545	130	674	0.0	957
Ga0374710_20_83_712	CP000239.1:618094-619252|CDS|CYA_0610	89.725	545	56	0	1	545	268	812	0.0	731
Ga0374710_20_1338_1823	CP000240.1:39537-40023|CDS|CYB_0031	99.588	486	2	0	1	486	1	486	0.0	868
Ga0374710_20_1338_1823	CP000239.1:617289-617655|CDS|CYA_0609	86.885	366	48	0	121	486	1	366	2.67e-125	444
Ga0374710_20_2039_2830	CP000240.1:38531-39323|CDS|CYB_0030	96.465	792	28	0	1	792	1	792	0.0	1303
Ga0374710_20_2039_2830	CP000239.1:609476-610247|CDS|CYA_0598	80.261	689	132	2	1	687	1	687	2.29e-179	625
Ga0374710_20_2827_3468	CP000240.1:37664-38306|CDS|CYB_0029	97.040	642	19	0	1	642	1	642	0.0	1073
Ga0374710_20_2827_3468	CP000239.1:2597703-2598345|CDS|CYA_2571	83.125	640	108	0	1	640	1	640	0.0	668
Ga0374710_20_3487_3849	CP000240.1:34637-37646|CDS|CYB_0028	97.796	363	7	1	1	363	1	362	5.25e-177	616
Ga0374710_20_3487_3849	CP000239.1:2594765-2597696|CDS|CYA_2569	73.418	316	81	3	49	363	52	365	3.56e-46	181
Ga0374710_20_3806_6496	CP000240.1:34637-37646|CDS|CYB_0028	93.676	2688	168	2	1	2687	319	3005	0.0	4075
Ga0374710_20_3806_6496	CP000239.1:2594765-2597696|CDS|CYA_2569	77.872	2603	501	22	5	2589	326	2871	0.0	2067
Ga0374710_21_471_2309	CP000240.1:2876607-2878500|CDS|CYB_2781	97.499	1839	46	0	1	1839	55	1893	0.0	3110
Ga0374710_21_471_2309	CP000239.1:123677-125564|CDS|CYA_0130	90.038	1837	177	1	1	1837	55	1885	0.0	2489
Ga0374710_21_2654_3754	CP000240.1:2875216-2876317|CDS|CYB_2780	99.092	1101	10	0	1	1101	1	1101	0.0	1941
Ga0374710_21_2654_3754	CP000239.1:122378-123428|CDS|CYA_0129	85.687	1034	133	2	68	1101	32	1050	0.0	1203
Ga0374710_21_4194_6116	CP000240.1:2872846-2874769|CDS|CYB_2779	96.412	1923	69	0	1	1923	1	1923	0.0	3158
Ga0374710_21_4194_6116	CP000239.1:119961-121887|CDS|CYA_0128	90.156	1920	189	0	1	1920	1	1920	0.0	2611
Ga0374710_22_259_900	CP000240.1:562272-562914|CDS|CYB_0552	99.065	642	6	0	1	642	1	642	0.0	1131
Ga0374710_22_259_900	CP000239.1:510207-510849|CDS|CYA_0495	88.318	642	75	0	1	642	1	642	0.0	820
Ga0374710_22_1026_2258	CP000240.1:563049-564351|CDS|CYB_0553	97.242	1233	34	0	1	1233	70	1302	0.0	2071
Ga0374710_22_1026_2258	CP000239.1:510981-512283|CDS|CYA_0496	89.837	1230	125	0	4	1233	73	1302	0.0	1655
Ga0374710_22_2465_2806	CP000240.1:564488-564941|CDS|CYB_0554	99.415	342	2	0	1	342	112	453	7.33e-175	609
Ga0374710_22_2465_2806	CP000239.1:512400-512853|CDS|CYA_0497	84.503	342	53	0	1	342	112	453	2.25e-105	379
Ga0374710_22_2975_4276	CP000240.1:564998-566426|CDS|CYB_0555	97.542	1302	32	0	1	1302	127	1428	0.0	2205
Ga0374710_22_2975_4276	CP000239.1:512910-514188|CDS|CYA_0498	76.636	1314	259	8	1	1302	1	1278	0.0	994
Ga0374710_22_4273_5670	CP000239.1:514184-515624|CDS|CYA_0499	87.464	1380	173	0	1	1380	43	1422	0.0	1709
Ga0374710_23_3_1151	CP000240.1:1875396-1876878|CDS|CYB_1788	97.215	1149	32	0	1	1149	334	1482	0.0	1929
Ga0374710_23_3_1151	CP000239.1:248587-250033|CDS|CYA_0245	83.484	1108	170	4	37	1143	345	1440	0.0	1168
Ga0374710_23_1215_2207	CP000240.1:1876941-1877934|CDS|CYB_1789	98.993	993	10	0	1	993	1	993	0.0	1746
Ga0374710_23_1215_2207	CP000239.1:250106-251099|CDS|CYA_0246	85.383	992	145	0	1	992	1	992	0.0	1136
Ga0374710_23_2242_3549	CP000240.1:1877967-1879275|CDS|CYB_1790	97.783	1308	29	0	1	1308	1	1308	0.0	2229
Ga0374710_23_2242_3549	CP000239.1:251122-252430|CDS|CYA_0247	84.992	1286	193	0	1	1286	1	1286	0.0	1450
Ga0374710_23_3779_4195	CP000240.1:1879608-1880013|CDS|CYB_1791	96.509	401	14	0	1	401	1	401	0.0	661
Ga0374710_23_3779_4195	CP000239.1:1621687-1622101|CDS|CYA_1617	80.662	393	76	0	1	393	1	393	5.01e-102	367
Ga0374710_23_4428_5150	CP000240.1:1880251-1880968|CDS|CYB_1792	96.374	717	26	0	7	723	1	717	0.0	1177
Ga0374710_23_4428_5150	CP000239.1:1620702-1621419|CDS|CYA_1616	86.890	717	94	0	7	723	1	717	0.0	870
Ga0374710_23_5177_5599	CP000240.1:1881000-1881660|CDS|CYB_1793	92.938	439	13	1	1	421	220	658	0.0	664
Ga0374710_23_5177_5599	CP000239.1:1619981-1620671|CDS|CYA_1615	71.715	449	89	11	1	415	238	682	1.37e-58	223
Ga0374710_24_8_901	CP000240.1:1941222-1942116|CDS|CYB_1859	97.987	894	18	0	1	894	1	894	0.0	1532
Ga0374710_24_8_901	CP000239.1:393757-394651|CDS|CYA_0377	88.565	892	102	0	1	892	1	892	0.0	1150
Ga0374710_24_951_1433	CP000240.1:1940690-1941152|CDS|CYB_1858	97.186	462	13	0	22	483	1	462	0.0	775
Ga0374710_24_951_1433	CP000239.1:394647-395193|CDS|CYA_0378	85.325	477	70	0	7	483	70	546	1.06e-155	545
Ga0374710_24_1447_2094	CP000240.1:1940029-1940677|CDS|CYB_1857	99.224	644	5	0	1	644	1	644	0.0	1140
Ga0374710_24_1447_2094	CP000239.1:395235-395853|CDS|CYA_0379	83.550	614	101	0	31	644	1	614	0.0	653
Ga0374710_24_2108_3292	CP000240.1:544792-546037|CDS|CYB_0530	97.145	1191	28	1	1	1185	55	1245	0.0	1996
Ga0374710_24_2108_3292	CP000239.1:782540-783770|CDS|CYA_0777	75.325	1155	266	7	10	1147	64	1216	0.0	784
Ga0374710_24_2108_3292	CP000239.1:1966854-1968081|CDS|CYA_1956	74.825	1140	268	7	10	1132	64	1201	0.0	748
Ga0374710_24_3404_3844	CP000240.1:544294-544735|CDS|CYB_0529	99.093	441	4	0	1	441	1	441	0.0	778
Ga0374710_24_3963_4805	CP000240.1:1939144-1939984|CDS|CYB_1856	99.881	839	1	0	1	839	1	839	0.0	1509
Ga0374710_24_3963_4805	CP000239.1:395884-396721|CDS|CYA_0380	84.731	799	122	0	1	799	1	799	0.0	892
Ga0374710_24_4895_5077	CP000240.1:1938869-1939052|CDS|CYB_1855	95.628	183	8	0	1	183	1	183	1.06e-80	295
Ga0374710_24_4895_5077	CP000239.1:396772-397039|CDS|CYA_0381	77.381	168	38	0	1	168	25	192	7.64e-32	132
Ga0374710_25_607_2130	CP000240.1:1948150-1949674|CDS|CYB_1865	98.622	1524	21	0	1	1524	1	1524	0.0	2654
Ga0374710_25_607_2130	CP000239.1:1907092-1908622|CDS|CYA_1897	85.413	1515	219	2	1	1514	1	1514	0.0	1729
Ga0374710_25_2208_2801	CP000240.1:1949758-1950352|CDS|CYB_1866	97.306	594	16	0	1	594	1	594	0.0	1000
Ga0374710_25_2208_2801	CP000239.1:1908706-1909300|CDS|CYA_1898	86.149	592	82	0	1	592	1	592	0.0	699
Ga0374710_25_3003_4025	CP000240.1:1950553-1951576|CDS|CYB_1867	96.188	1023	39	0	1	1023	1	1023	0.0	1670
Ga0374710_25_3003_4025	CP000239.1:1909496-1910519|CDS|CYA_1899	86.331	973	133	0	47	1019	47	1019	0.0	1156
Ga0374710_25_4140_4826	CP000240.1:1951690-1952341|CDS|CYB_1868	98.618	651	9	0	37	687	1	651	0.0	1134
Ga0374710_25_4140_4826	CP000239.1:2730797-2731442|CDS|CYA_2713	83.463	641	100	1	37	677	1	635	0.0	680
Ga0374710_25_4905_5441	CP000240.1:1952697-1953552|CDS|CYB_1870	98.324	537	9	0	1	537	319	855	0.0	929
Ga0374710_25_4905_5441	CP000239.1:2729585-2730440|CDS|CYA_2711	88.827	537	60	0	1	537	319	855	0.0	699
Ga0374710_27_80_475	CP000240.1:898963-900535|CDS|CYB_0868	95.202	396	2	1	1	396	145	523	0.0	640
Ga0374710_27_80_475	CP000239.1:750970-752635|CDS|CYA_0743	81.472	394	56	1	1	394	163	539	3.41e-110	394
Ga0374710_27_1452_1805	CP000240.1:897783-898137|CDS|CYB_0864	96.893	354	11	0	1	354	1	354	7.10e-169	590
Ga0374710_27_1827_3053	CP000240.1:896538-897762|CDS|CYB_0863	95.195	1228	54	3	1	1227	1	1224	0.0	1940
Ga0374710_27_3716_4420	CP000240.1:895381-896095|CDS|CYB_0862	93.567	684	35	3	1	681	1	678	0.0	1031
Ga0374710_27_3716_4420	CP000239.1:2356030-2356699|CDS|CYA_2348	76.217	534	125	2	1	533	1	533	1.13e-106	384
Ga0374710_28_5_583	CP000240.1:1936471-1937302|CDS|CYB_1852	97.396	576	15	0	1	576	250	825	0.0	972
Ga0374710_28_5_583	CP000239.1:397452-398280|CDS|CYA_0383	83.420	579	96	0	1	579	250	828	1.05e-175	612
Ga0374710_28_580_825	CP000240.1:1935907-1936156|CDS|CYB_1851	99.587	242	1	0	1	242	1	242	8.15e-122	433
Ga0374710_28_580_825	CP000239.1:398276-398516|CDS|CYA_0382	82.857	245	36	1	1	245	1	239	4.52e-68	254
Ga0374710_28_915_1127	CP000240.1:1935444-1935825|CDS|CYB_1850	99.505	202	1	0	12	213	180	381	3.60e-100	361
Ga0374710_28_1177_1416	CP000240.1:1935155-1935377|CDS|CYB_1849	98.198	222	4	0	19	240	1	222	3.60e-107	383
Ga0374710_28_1177_1416	CP000239.1:398919-399153|CDS|CYA_0384	79.565	230	47	0	1	230	1	230	6.97e-53	204
Ga0374710_28_1529_2383	CP000240.1:1933937-1935041|CDS|CYB_1848	95.193	853	38	1	1	850	247	1099	0.0	1352
Ga0374710_28_1529_2383	CP000239.1:399355-400294|CDS|CYA_0385	82.512	852	129	5	1	848	97	932	0.0	861
Ga0374710_28_2490_2657	CP000240.1:1933937-1935041|CDS|CYB_1848	89.286	140	15	0	1	140	140	1	1.26e-47	186
Ga0374710_28_2915_4036	CP000240.1:1932556-1933669|CDS|CYB_1847	97.484	1113	28	0	10	1122	1	1113	0.0	1882
Ga0374710_28_2915_4036	CP000239.1:400815-401931|CDS|CYA_0386	84.387	1076	168	0	19	1094	16	1091	0.0	1184
Ga0374710_29_122_1162	CP000240.1:63-1467|CDS|CYB_0001	97.791	1041	23	0	1	1041	364	1404	0.0	1774
Ga0374710_29_122_1162	CP000239.1:70-1474|CDS|CYA_0001	88.857	1041	116	0	1	1041	364	1404	0.0	1355
Ga0374710_29_1683_2288	CP000240.1:1492-2317|CDS|CYB_0002	98.179	604	11	0	3	606	222	825	0.0	1040
Ga0374710_29_1683_2288	CP000239.1:1644-2334|CDS|CYA_0003	85.522	594	86	0	13	606	97	690	0.0	684
Ga0374710_29_2417_3076	CP000240.1:2442-3264|CDS|CYB_0003	97.576	660	16	0	1	660	163	822	0.0	1119
Ga0374710_29_2417_3076	CP000239.1:2330-3152|CDS|CYA_0002	84.195	658	104	0	1	658	163	820	0.0	719
Ga0374710_29_3346_4542	CP000240.1:3371-5294|CDS|CYB_0004	98.747	1197	15	0	1	1197	727	1923	0.0	2092
Ga0374710_29_3346_4542	CP000239.1:3255-5142|CDS|CYA_0004	89.138	1160	126	0	1	1160	715	1874	0.0	1525
Ga0374710_30_46_756	CP000239.1:2298435-2299770|CDS|CYA_2296	90.858	711	65	0	1	711	625	1335	0.0	990
Ga0374710_30_46_756	CP000240.1:1387468-1388773|CDS|CYB_1326	91.801	683	56	0	1	683	595	1277	0.0	980
Ga0374710_30_781_1113	CP000239.1:2298078-2298411|CDS|CYA_2294	99.399	333	2	0	1	333	1	333	5.48e-170	592
Ga0374710_30_781_1113	CP000240.1:1387082-1387433|CDS|CYB_1324	84.667	300	45	1	9	307	23	322	2.85e-91	331
Ga0374710_30_1110_1877	CP000239.1:2297212-2298082|CDS|CYA_2295	100.000	768	0	0	1	768	103	870	0.0	1386
Ga0374710_30_1110_1877	CP000240.1:1386258-1387086|CDS|CYB_1325	87.270	762	97	0	1	762	52	813	0.0	938
Ga0374710_30_2171_2638	CP000240.1:1385547-1386015|CDS|CYB_1323	98.077	468	9	0	1	468	1	468	0.0	804
Ga0374710_30_2171_2638	CP000239.1:2296552-2297020|CDS|CYA_2293	88.248	468	55	0	1	468	1	468	6.43e-171	597
Ga0374710_30_2683_3219	CP000240.1:1383697-1384201|CDS|CYB_1321	96.627	504	17	0	34	537	1	504	0.0	833
Ga0374710_30_2683_3219	CP000239.1:2295978-2296602|CDS|CYA_2292	87.970	532	62	1	1	532	90	619	0.0	669
Ga0374710_30_3656_4039	CP000239.1:2699277-2700558|CDS|CYA_2685	89.951	408	17	1	1	384	874	1281	7.25e-163	569
Ga0374710_30_3656_4039	CP000239.1:410292-411573|CDS|CYA_0395	90.196	408	16	2	1	384	874	1281	7.25e-163	569
Ga0374710_30_3656_4039	CP000239.1:1779349-1780630|CDS|CYA_1773	89.951	408	17	2	1	384	874	1281	3.08e-161	564
Ga0374710_30_3656_4039	CP000239.1:1644791-1646072|CDS|CYA_1646	89.951	408	17	2	1	384	874	1281	3.08e-161	564
Ga0374710_30_3656_4039	CP000239.1:1478618-1479899|CDS|CYA_1471	89.951	408	17	2	1	384	874	1281	3.08e-161	564
Ga0374710_30_3656_4039	CP000239.1:362788-364069|CDS|CYA_0345	89.706	408	18	1	1	384	874	1281	3.08e-161	564
Ga0374710_30_3656_4039	CP000239.1:2433345-2434626|CDS|CYA_2424	89.706	408	18	2	1	384	874	1281	3.76e-160	560
Ga0374710_30_3656_4039	CP000239.1:1949093-1950374|CDS|CYA_1938	89.706	408	18	2	1	384	874	1281	3.76e-160	560
Ga0374710_30_3656_4039	CP000239.1:1385448-1386729|CDS|CYA_1375	89.706	408	18	2	1	384	874	1281	3.76e-160	560
Ga0374710_30_3656_4039	CP000239.1:2403315-2404596|CDS|CYA_2393	89.461	408	19	2	1	384	874	1281	1.60e-158	555
Ga0374710_30_3656_4039	CP000239.1:2017852-2019133|CDS|CYA_2001	89.461	408	19	2	1	384	874	1281	1.60e-158	555
Ga0374710_30_3656_4039	CP000239.1:731378-732659|CDS|CYA_0726	89.461	408	19	2	1	384	874	1281	1.60e-158	555
Ga0374710_30_3656_4039	CP000240.1:21293-22574|CDS|CYB_0018	88.971	408	21	1	1	384	874	1281	1.95e-157	551
Ga0374710_30_3656_4039	CP000239.1:2598895-2600176|CDS|CYA_2573	89.216	408	20	2	1	384	874	1281	1.95e-157	551
Ga0374710_30_3656_4039	CP000239.1:2258726-2260007|CDS|CYA_2249	89.216	408	20	2	1	384	874	1281	1.95e-157	551
Ga0374710_30_3656_4039	CP000239.1:1897468-1898749|CDS|CYA_1890	89.216	408	20	2	1	384	874	1281	1.95e-157	551
Ga0374710_30_3656_4039	CP000239.1:2450640-2451921|CDS|CYA_2440	88.725	408	22	2	1	384	874	1281	1.01e-154	542
Ga0374710_30_3656_4039	CP000240.1:32082-33315|CDS|CYB_0026	90.104	384	14	1	1	384	874	1233	1.23e-153	539
Ga0374710_30_3656_4039	CP000240.1:1256770-1257394|CDS|CYB_1210	89.323	384	17	1	1	384	265	624	7.75e-150	526
Ga0374710_30_3656_4039	CP000239.1:2710017-2711283|CDS|CYA_2695	89.175	388	18	2	1	364	874	1261	2.71e-149	524
Ga0374710_30_3656_4039	CP000239.1:818225-819443|CDS|CYA_0807	95.960	297	12	0	1	297	874	1170	8.28e-137	482
Ga0374710_30_3656_4039	CP000239.1:607043-608261|CDS|CYA_0596	95.623	297	13	0	1	297	874	1170	3.52e-135	478
Ga0374710_30_3656_4039	CP000239.1:1445168-1446401|CDS|CYA_1438	85.677	384	31	1	1	384	874	1233	7.76e-131	462
Ga0374710_31_63_1178	CP000240.1:534373-535513|CDS|CYB_0519	99.910	1116	1	0	1	1116	25	1140	0.0	2009
Ga0374710_31_63_1178	CP000239.1:2192865-2193981|CDS|CYA_2177	84.491	1109	172	0	1	1109	1	1109	0.0	1225
Ga0374710_31_1392_2729	CP000240.1:3023196-3024534|CDS|CYB_2925	97.309	1338	36	0	1	1338	1	1338	0.0	2251
Ga0374710_31_1392_2729	CP000240.1:260888-262250|CDS|CYB_0247	95.738	1361	34	1	2	1338	2	1362	0.0	2211
Ga0374710_31_1392_2729	CP000240.1:369858-371220|CDS|CYB_0353	95.595	1362	36	1	1	1338	1	1362	0.0	2204
Ga0374710_31_1392_2729	CP000240.1:532981-534160|CDS|CYB_0518	98.388	1179	19	0	1	1179	1	1179	0.0	2041
Ga0374710_31_1392_2729	CP000240.1:2368187-2369462|CDS|CYB_2263	97.546	1141	28	0	1	1141	1	1141	0.0	1932
Ga0374710_31_1392_2729	CP000240.1:842717-843944|CDS|CYB_0814	97.020	1141	34	0	1	1141	1	1141	0.0	1905
Ga0374710_31_1392_2729	CP000240.1:2804325-2806095|CDS|CYB_2714	96.757	1141	37	0	1	1141	1	1141	0.0	1892
Ga0374710_31_2971_3378	CP000240.1:536867-538766|CDS|CYB_0522	99.509	407	2	0	2	408	1493	1899	0.0	726
Ga0374710_31_2971_3378	CP000239.1:2158112-2160044|CDS|CYA_2146	76.882	372	75	4	1	371	1543	1904	2.38e-74	276
Ga0374710_32_285_1496	CP000240.1:1455929-1457141|CDS|CYB_1384	98.844	1211	14	0	1	1211	1	1211	0.0	2122
Ga0374710_32_285_1496	CP000239.1:2703598-2704810|CDS|CYA_2688	80.929	1206	228	2	7	1211	7	1211	0.0	1131
Ga0374710_32_1730_3310	CP000240.1:1454115-1455696|CDS|CYB_1383	98.419	1581	25	0	1	1581	1	1581	0.0	2739
Ga0374710_32_1730_3310	CP000239.1:1364667-1366251|CDS|CYA_1354	88.481	1580	179	1	1	1577	1	1580	0.0	2028
Ga0374710_33_31_1161	CP000240.1:342763-343864|CDS|CYB_0326	96.639	1101	37	0	31	1131	1	1101	0.0	1819
Ga0374710_33_31_1161	CP000239.1:1540473-1541559|CDS|CYA_1529	79.265	1061	212	4	50	1109	11	1064	0.0	911
Ga0374710_33_1200_2222	CP000240.1:341669-342692|CDS|CYB_0325	97.263	1023	28	0	1	1023	1	1023	0.0	1719
Ga0374710_33_1200_2222	CP000239.1:1539401-1540394|CDS|CYA_1528	84.226	989	156	0	1	989	1	989	0.0	1081
Ga0374710_33_2429_3394	CP000240.1:340497-341463|CDS|CYB_0324	99.172	966	8	0	1	966	1	966	0.0	1707
Ga0374710_33_2429_3394	CP000239.1:1538228-1539197|CDS|CYA_1526	86.246	967	130	1	1	964	1	967	0.0	1143
Ga0374710_33_3407_3946	CP000240.1:339945-340485|CDS|CYB_0323	99.259	540	4	0	1	540	1	540	0.0	957
Ga0374710_33_3407_3946	CP000239.1:1537656-1538217|CDS|CYA_1525	82.510	526	92	0	11	536	14	539	2.14e-152	535
Ga0374710_34_445_1527	CP000240.1:1656498-1657581|CDS|CYB_1586	99.169	1083	9	0	1	1083	1	1083	0.0	1913
Ga0374710_34_445_1527	CP000239.1:1452528-1453614|CDS|CYA_1445	89.760	1084	108	1	1	1081	1	1084	0.0	1453
Ga0374710_34_1582_1806	CP000240.1:1656219-1656444|CDS|CYB_1585	99.556	225	1	0	1	225	1	225	1.25e-112	402
Ga0374710_34_1582_1806	CP000239.1:1453684-1453906|CDS|CYA_1446	91.111	225	17	1	1	225	1	222	1.43e-86	315
Ga0374710_34_1883_2293	CP000240.1:1655732-1656143|CDS|CYB_1584	99.027	411	4	0	1	411	1	411	0.0	724
Ga0374710_34_1883_2293	CP000239.1:1453983-1454397|CDS|CYA_1447	86.104	403	56	0	9	411	12	414	1.32e-134	475
Ga0374710_34_2290_2745	CP000240.1:1655280-1655736|CDS|CYB_1583	98.465	456	7	0	1	456	1	456	0.0	792
Ga0374710_34_2290_2745	CP000239.1:1454393-1454849|CDS|CYA_1448	87.939	456	55	0	1	456	1	456	2.05e-164	575
Ga0374710_34_2791_3648	CP000240.1:1654377-1655235|CDS|CYB_1582	99.301	858	6	0	1	858	1	858	0.0	1521
Ga0374710_34_2791_3648	CP000239.1:1454898-1455762|CDS|CYA_1449	89.014	801	88	0	1	801	1	801	0.0	1049
Ga0374710_35_900_2183	CP000240.1:711907-713206|CDS|CYB_0694	97.510	1285	31	1	1	1284	1	1285	0.0	2170
Ga0374710_35_900_2183	CP000239.1:2504481-2505741|CDS|CYA_2495	86.677	1246	166	0	1	1246	1	1246	0.0	1499
Ga0374710_35_2281_3135	CP000240.1:713300-714170|CDS|CYB_0695	90.898	857	49	6	1	855	34	863	0.0	1194
Ga0374710_35_2281_3135	CP000239.1:2503582-2504401|CDS|CYA_2494	81.419	775	108	2	1	763	1	751	0.0	773
Ga0374710_35_3105_3545	CP000240.1:714106-715048|CDS|CYB_0696	95.045	444	19	1	1	441	499	942	0.0	700
Ga0374710_35_3105_3545	CP000239.1:2502827-2503613|CDS|CYA_2493	87.982	441	47	2	1	441	352	786	6.46e-158	554
Ga0374710_36_8_718	CP000240.1:1886342-1887170|CDS|CYB_1799	97.077	650	19	0	1	650	1	650	0.0	1087
Ga0374710_36_8_718	CP000239.1:1614728-1615568|CDS|CYA_1608	79.607	662	123	1	1	650	1	662	1.21e-169	592
Ga0374710_36_776_994	CP000240.1:1887227-1887446|CDS|CYB_1800	99.087	219	2	0	1	219	1	219	2.67e-108	387
Ga0374710_36_776_994	CP000239.1:1614467-1614686|CDS|CYA_1607	87.671	219	27	0	1	219	1	219	4.24e-74	274
Ga0374710_36_1126_1530	CP000240.1:1887576-1887981|CDS|CYB_1801	98.762	404	5	0	1	404	1	404	0.0	707
Ga0374710_36_1126_1530	CP000239.1:1614026-1614413|CDS|CYA_1606	76.904	407	70	3	1	404	1	386	2.21e-87	319
Ga0374710_36_3133_3543	CP000240.1:1889259-1889670|CDS|CYB_1803	95.134	411	20	0	1	411	1	411	0.0	652
Ga0374710_36_3133_3543	CP000239.1:1610937-1611348|CDS|CYA_1602	82.250	400	71	0	11	410	11	410	2.39e-112	402
Ga0374710_37_986_1426	CP000240.1:1660865-1661306|CDS|CYB_1589	98.639	441	6	0	1	441	1	441	0.0	769
Ga0374710_37_986_1426	CP000239.1:1448814-1449255|CDS|CYA_1442	97.267	439	12	0	1	439	1	439	0.0	738
Ga0374710_37_1623_1916	CP000240.1:1660375-1660687|CDS|CYB_1588	93.772	289	18	0	1	289	1	289	1.91e-124	441
Ga0374710_37_1623_1916	CP000239.1:1449433-1449745|CDS|CYA_1443	91.729	266	22	0	24	289	24	289	1.57e-106	381
Ga0374710_37_1984_3378	CP000240.1:1657683-1660308|CDS|CYB_1587	97.778	1395	31	0	1	1395	1231	2625	0.0	2377
Ga0374710_37_1984_3378	CP000239.1:1449820-1452454|CDS|CYA_1444	90.396	1364	131	0	1	1364	1231	2594	0.0	1870
Ga0374710_38_453_743	CP000240.1:1884495-1884804|CDS|CYB_1797	100.000	291	0	0	1	291	19	309	5.78e-150	526
Ga0374710_38_453_743	CP000239.1:1616846-1617155|CDS|CYA_1611	89.310	290	31	0	1	290	19	308	4.45e-107	384
Ga0374710_38_453_743	CP000240.1:1884082-1884424|CDS|CYB_1796	87.368	285	36	0	1	285	19	303	7.53e-98	352
Ga0374710_38_453_743	CP000239.1:1617246-1617588|CDS|CYA_1612	83.509	285	47	0	1	285	19	303	1.19e-82	303
Ga0374710_38_815_1156	CP000240.1:1884082-1884424|CDS|CYB_1796	99.123	342	3	0	1	342	1	342	3.12e-173	604
Ga0374710_38_815_1156	CP000239.1:1617246-1617588|CDS|CYA_1612	92.059	340	27	0	1	340	1	340	1.42e-139	492
Ga0374710_38_815_1156	CP000240.1:1884495-1884804|CDS|CYB_1797	88.119	303	36	0	1	303	1	303	1.52e-107	385
Ga0374710_38_815_1156	CP000239.1:1616846-1617155|CDS|CYA_1611	82.450	302	53	0	1	302	1	302	1.17e-83	306
Ga0374710_38_1156_1455	CP000240.1:1883783-1884083|CDS|CYB_1795	97.667	300	7	0	1	300	1	300	4.59e-145	510
Ga0374710_38_1156_1455	CP000239.1:1617588-1617888|CDS|CYA_1613	88.000	300	36	0	1	300	1	300	5.60e-106	379
Ga0374710_39_1566_2420	CP000240.1:944224-945076|CDS|CYB_0909	96.009	852	34	0	4	855	1	852	0.0	1384
Ga0374710_39_1566_2420	CP000239.1:1329841-1330684|CDS|CYA_1318	83.374	824	137	0	32	855	20	843	0.0	869
Ga0374710_39_2545_2745	CP000240.1:945216-945417|CDS|CYB_0910	98.507	201	3	0	1	201	1	201	6.10e-97	350
Ga0374710_39_2545_2745	CP000239.1:1329549-1329765|CDS|CYA_1317	89.552	201	21	0	1	201	16	216	1.64e-72	269
Ga0374710_40_662_2833	CP000240.1:1914254-1916426|CDS|CYB_1823	98.849	2172	25	0	1	2172	1	2172	0.0	3805
Ga0374710_40_662_2833	CP000239.1:834600-836736|CDS|CYA_0821	78.458	2205	373	19	1	2172	1	2136	0.0	1842
Ga0374710_41_366_923	CP000240.1:539420-539978|CDS|CYB_0524	99.462	558	3	0	1	558	1	558	0.0	994
Ga0374710_41_366_923	CP000239.1:2156948-2157506|CDS|CYA_2144	93.103	551	38	0	1	551	1	551	0.0	823
Ga0374710_41_939_1403	CP000240.1:538940-539405|CDS|CYB_0523	99.140	465	4	0	1	465	1	465	0.0	821
Ga0374710_41_939_1403	CP000239.1:2157521-2157986|CDS|CYA_2145	87.500	464	58	0	1	464	1	464	5.99e-165	576
Ga0374710_42_17_820	CP000240.1:1379590-1380676|CDS|CYB_1318	98.257	803	14	0	1	803	283	1085	0.0	1386
Ga0374710_42_17_820	CP000239.1:2291816-2293013|CDS|CYA_2289	88.375	800	93	0	1	800	391	1190	0.0	1024
Ga0374710_42_1194_1541	CP000240.1:1378425-1378770|CDS|CYB_1316	98.261	345	6	0	4	348	1	345	4.72e-171	596
Ga0374710_42_1194_1541	CP000239.1:1151588-1151933|CDS|CYA_1125	83.478	345	55	2	4	347	1	344	2.15e-99	359
Ga0374710_42_1789_2016	CP000240.1:1377926-1378178|CDS|CYB_1315	97.273	220	6	0	1	220	1	220	2.15e-103	370
Ga0374710_42_2131_2676	CP000240.1:1377267-1377837|CDS|CYB_1314	98.901	546	6	0	1	546	25	570	0.0	958
Ga0374710_42_2131_2676	CP000239.1:586288-586831|CDS|CYA_0573	81.495	535	99	0	4	538	1	535	1.67e-147	519
Ga0374710_43_946_2220	CP000240.1:570228-571530|CDS|CYB_0561	96.392	1275	27	1	1	1275	43	1298	0.0	2105
Ga0374710_43_946_2220	CP000239.1:2615290-2616580|CDS|CYA_2593	84.256	1156	182	0	1	1156	43	1198	0.0	1265
Ga0374710_45_12_221	CP000240.1:1376500-1377226|CDS|CYB_1313	99.048	210	2	0	1	210	517	726	1.96e-103	370
Ga0374710_45_12_221	CP000239.1:585521-586202|CDS|CYA_0572	82.090	201	36	0	10	210	481	681	2.10e-52	201
Ga0374710_45_673_954	CP000240.1:1375773-1376055|CDS|CYB_1311	96.454	282	10	0	1	282	1	282	1.60e-131	464
Ga0374710_45_673_954	CP000239.1:584809-585091|CDS|CYA_0570	88.968	281	31	0	1	281	1	281	3.31e-102	368
Ga0374710_45_1236_2516	CP000240.1:1373767-1375492|CDS|CYB_1310	97.736	1281	29	0	1	1281	445	1725	0.0	2180
Ga0374710_45_1236_2516	CP000239.1:582702-584529|CDS|CYA_0569	85.156	1280	190	0	2	1281	548	1827	0.0	1452
Ga0374710_46_397_798	CP000240.1:3045884-3046286|CDS|CYB_2941	98.259	402	7	0	1	402	1	402	0.0	694
Ga0374710_46_397_798	CP000239.1:2931983-2932364|CDS|CYA_2904	86.441	354	48	0	1	354	1	354	7.14e-119	423
Ga0374710_47_894_1910	CP000240.1:377265-378450|CDS|CYB_0361	96.165	1017	38	1	1	1017	170	1185	0.0	1655
Ga0374710_47_894_1910	CP000239.1:2199574-2200729|CDS|CYA_2182	75.562	978	229	6	1	975	149	1119	0.0	669
Ga0374710_48_1552_1677	CP000239.1:2653692-2654259|CDS|CYA_2637	81.034	116	21	1	2	117	85	199	1.98e-24	107
Ga0374710_48_1552_1677	CP000239.1:2101215-2101767|CDS|CYA_2081	81.034	116	21	1	2	117	85	199	1.98e-24	107
Ga0374710_48_1552_1677	CP000239.1:1664315-1664882|CDS|CYA_1662	81.034	116	21	1	2	117	85	199	1.98e-24	107
Ga0374710_48_1552_1677	CP000239.1:1612111-1613059|CDS|CYA_1604	81.034	116	21	1	2	117	466	580	1.98e-24	107
Ga0374710_48_1552_1677	CP000239.1:1321049-1321982|CDS|CYA_1311	81.034	116	21	1	2	117	466	580	1.98e-24	107
Ga0374710_48_1552_1677	CP000239.1:1300214-1300781|CDS|CYA_1289	81.034	116	21	1	2	117	85	199	1.98e-24	107
Ga0374710_48_1552_1677	CP000239.1:1152933-1153500|CDS|CYA_1127	81.034	116	21	1	2	117	85	199	1.98e-24	107
Ga0374710_48_1552_1677	CP000239.1:1012514-1013081|CDS|CYA_0998	81.034	116	21	1	2	117	85	199	1.98e-24	107
Ga0374710_48_1552_1677	CP000239.1:51699-52647|CDS|CYA_0053	81.034	116	21	1	2	117	466	580	1.98e-24	107
Ga0374710_48_1552_1677	CP000239.1:34936-35488|CDS|CYA_0038	81.034	116	21	1	2	117	85	199	1.98e-24	107
Ga0374710_48_1552_1677	CP000239.1:2728909-2729476|CDS|CYA_2710	80.172	116	22	1	2	117	85	199	8.41e-23	103
Ga0374710_48_1552_1677	CP000239.1:1368174-1368741|CDS|CYA_1360	80.172	116	22	1	2	117	85	199	8.41e-23	103
Ga0374710_48_1552_1677	CP000239.1:1290362-1291310|CDS|CYA_1279	80.172	116	22	1	2	117	466	580	8.41e-23	103
Ga0374710_48_1552_1677	CP000239.1:2863003-2863513|CDS|CYA_2846	79.310	116	23	1	2	117	28	142	1.03e-21	98.7
Ga0374710_48_1787_1951	CP000239.1:1612111-1613059|CDS|CYA_1604	82.209	163	29	0	1	163	721	883	4.03e-41	164
Ga0374710_48_1787_1951	CP000239.1:51699-52647|CDS|CYA_0053	82.209	163	29	0	1	163	721	883	4.03e-41	164
Ga0374710_48_1787_1951	CP000239.1:1290362-1291310|CDS|CYA_1279	81.595	163	30	0	1	163	721	883	4.92e-40	159
Ga0374710_48_1787_1951	CP000239.1:1664315-1664882|CDS|CYA_1662	82.317	164	27	2	1	163	340	502	1.72e-39	159
Ga0374710_48_1787_1951	CP000239.1:1300214-1300781|CDS|CYA_1289	82.317	164	27	2	1	163	340	502	1.72e-39	159
Ga0374710_48_1787_1951	CP000239.1:2863003-2863513|CDS|CYA_2846	80.982	163	31	0	1	163	283	445	2.09e-38	155
Ga0374710_48_1787_1951	CP000239.1:2653692-2654259|CDS|CYA_2637	80.982	163	31	0	1	163	340	502	2.09e-38	155
Ga0374710_48_1787_1951	CP000239.1:1321049-1321982|CDS|CYA_1311	80.982	163	31	0	1	163	706	868	2.09e-38	155
Ga0374710_48_1787_1951	CP000239.1:1152933-1153500|CDS|CYA_1127	80.982	163	31	0	1	163	340	502	2.09e-38	155
Ga0374710_48_1787_1951	CP000239.1:1012514-1013081|CDS|CYA_0998	80.982	163	31	0	1	163	340	502	2.09e-38	155
Ga0374710_48_1787_1951	CP000239.1:34936-35488|CDS|CYA_0038	80.982	163	31	0	1	163	325	487	2.09e-38	155
Ga0374710_48_1787_1951	CP000239.1:2728909-2729476|CDS|CYA_2710	80.368	163	32	0	1	163	340	502	2.55e-37	150
Ga0374710_48_1787_1951	CP000239.1:2101215-2101767|CDS|CYA_2081	80.368	163	32	0	1	163	325	487	2.55e-37	150
Ga0374710_48_1787_1951	CP000239.1:1368174-1368741|CDS|CYA_1360	80.368	163	32	0	1	163	340	502	2.55e-37	150
Ga0374710_49_35_1606	CP000240.1:1896358-1898188|CDS|CYB_1812	97.837	1572	34	0	1	1572	259	1830	0.0	2682
Ga0374710_49_35_1606	CP000239.1:1602097-1603957|CDS|CYA_1593	84.914	1571	237	0	2	1572	290	1860	0.0	1765
Ga0374710_51_146_1030	CP000240.1:894186-895071|CDS|CYB_0861	98.305	885	15	0	1	885	1	885	0.0	1529
Ga0374710_51_146_1030	CP000239.1:2357018-2357912|CDS|CYA_2349	84.242	844	133	0	40	883	49	892	0.0	923
Ga0374710_51_1110_1325	CP000240.1:893828-894107|CDS|CYB_0860	98.611	216	3	0	1	216	64	279	4.75e-105	377
Ga0374710_51_1110_1325	CP000239.1:2358243-2358513|CDS|CYA_2350	79.167	216	45	0	1	216	55	270	4.77e-48	187
Ga0374710_51_1653_1916	CP000240.1:893301-893565|CDS|CYB_0859	96.591	264	9	0	1	264	1	264	7.23e-123	436
Ga0374710_51_1653_1916	CP000239.1:2358671-2358935|CDS|CYA_2351	85.227	264	39	0	1	264	1	264	3.75e-82	301
Ga0374710_52_77_355	CP000239.1:2252018-2252297|CDS|CYA_2238	78.853	279	59	0	1	279	1	279	3.99e-63	238
Ga0374710_52_431_988	CP000240.1:382540-383098|CDS|CYB_0367	97.670	558	13	0	1	558	1	558	0.0	948
Ga0374710_52_431_988	CP000239.1:2253147-2253711|CDS|CYA_2240	78.172	536	117	0	1	536	1	536	1.31e-123	440
Ga0374710_52_1026_1505	CP000240.1:383135-383615|CDS|CYB_0368	99.375	480	3	0	1	480	1	480	0.0	853
Ga0374710_52_1026_1505	CP000239.1:2253780-2254269|CDS|CYA_2241	84.599	474	73	0	1	474	1	474	9.82e-150	526
Ga0374710_53_9_1028	CP000240.1:901539-902601|CDS|CYB_0870	96.863	1020	32	0	1	1020	43	1062	0.0	1696
Ga0374710_53_9_1028	CP000239.1:753576-754698|CDS|CYA_0745	88.114	1018	121	0	1	1018	103	1120	0.0	1291
Ga0374710_53_1067_1699	CP000240.1:900868-901501|CDS|CYB_0869	97.314	633	17	0	1	633	1	633	0.0	1066
Ga0374710_53_1067_1699	CP000239.1:752908-753541|CDS|CYA_0744	81.558	629	107	1	1	629	1	620	9.42e-177	616
