Ga0393416_01_221_394	CP000239.1:2014595-2014769|CDS|CYA_1997	100.000	174	0	0	1	174	1	174	1.07e-86	315
Ga0393416_01_221_394	CP000240.1:2440508-2440682|CDS|CYB_2335	89.535	172	18	0	1	172	1	172	3.49e-61	230
Ga0393416_01_442_987	CP000239.1:2014002-2014548|CDS|CYA_1996	100.000	546	0	0	1	546	1	546	0.0	985
Ga0393416_01_442_987	CP000240.1:2439909-2440461|CDS|CYB_2334	83.273	550	86	1	1	544	1	550	2.03e-165	579
Ga0393416_01_989_1729	CP000239.1:2013266-2014001|CDS|CYA_1995	99.864	735	1	0	7	741	1	735	0.0	1322
Ga0393416_01_989_1729	CP000240.1:2439173-2439908|CDS|CYB_2333	91.020	735	66	0	7	741	1	735	0.0	1029
Ga0393416_01_1720_2082	CP000239.1:2012907-2013270|CDS|CYA_1994	100.000	363	0	0	1	363	1	363	0.0	655
Ga0393416_01_1720_2082	CP000240.1:2438814-2439177|CDS|CYB_2332	90.634	363	34	0	1	363	1	363	8.33e-143	502
Ga0393416_01_2167_2430	CP000239.1:2012541-2012814|CDS|CYA_1993	100.000	264	0	0	1	264	10	273	2.36e-135	477
Ga0393416_01_2167_2430	CP000240.1:2438465-2438714|CDS|CYB_2331	85.455	220	32	0	19	238	19	238	4.88e-68	253
Ga0393416_01_2843_3247	CP000239.1:2011734-2012391|CDS|CYA_1992	100.000	405	0	0	1	405	253	657	0.0	731
Ga0393416_01_2843_3247	CP000240.1:2437163-2437823|CDS|CYB_2330	80.292	411	75	1	1	405	250	660	2.69e-105	378
Ga0393416_01_3594_4211	CP000239.1:2010770-2011592|CDS|CYA_1991	99.838	618	1	0	1	618	205	822	0.0	1111
Ga0393416_01_3594_4211	CP000240.1:2436196-2436928|CDS|CYB_2329	79.074	583	113	2	36	618	159	732	5.09e-142	501
Ga0393416_01_4331_4816	CP000239.1:2010165-2010651|CDS|CYA_1989	100.000	486	0	0	1	486	1	486	0.0	877
Ga0393416_01_4331_4816	CP000240.1:2435564-2436077|CDS|CYB_2327	79.739	459	91	2	1	458	1	458	2.85e-112	402
Ga0393416_01_4813_5943	CP000239.1:2009038-2010169|CDS|CYA_1990	100.000	1131	0	0	1	1131	1	1131	0.0	2040
Ga0393416_01_4813_5943	CP000240.1:2434457-2435588|CDS|CYB_2328	87.798	1131	136	2	1	1130	1	1130	0.0	1411
Ga0393416_01_6065_7417	CP000239.1:2007471-2008917|CDS|CYA_1988	99.778	1353	3	0	1	1353	94	1446	0.0	2427
Ga0393416_01_6065_7417	CP000240.1:110943-112338|CDS|CYB_0095	87.287	1290	164	0	1	1290	91	1380	0.0	1588
Ga0393416_01_7855_8508	CP000239.1:2006474-2007128|CDS|CYA_1987	99.847	654	1	0	1	654	1	654	0.0	1176
Ga0393416_01_7855_8508	CP000240.1:110016-110670|CDS|CYB_0094	88.073	654	78	0	1	654	1	654	0.0	829
Ga0393416_01_8628_9890	CP000239.1:2005092-2006355|CDS|CYA_1986	99.921	1263	1	0	1	1263	1	1263	0.0	2274
Ga0393416_01_8628_9890	CP000240.1:108514-109690|CDS|CYB_0093	84.538	1093	164	4	100	1188	1	1092	0.0	1196
Ga0393416_01_9918_10535	CP000239.1:2004447-2005065|CDS|CYA_1985	100.000	618	0	0	1	618	1	618	0.0	1115
Ga0393416_01_9918_10535	CP000240.1:107840-108458|CDS|CYB_0092	80.743	592	112	2	26	616	26	616	3.91e-156	547
Ga0393416_01_10599_11330	CP000239.1:2003652-2004384|CDS|CYA_1984	99.863	732	1	0	1	732	1	732	0.0	1316
Ga0393416_01_11545_12615	CP000239.1:2002147-2003170|CDS|CYA_1982	99.707	1023	3	0	49	1071	1	1023	0.0	1832
Ga0393416_01_11545_12615	CP000240.1:1184834-1185857|CDS|CYB_1146	84.366	1017	157	2	49	1064	1	1016	0.0	1111
Ga0393416_01_12739_15114	CP000239.1:1999600-2001976|CDS|CYA_1981	99.663	2376	8	0	1	2376	1	2376	0.0	4250
Ga0393416_01_12739_15114	CP000240.1:1182310-1184686|CDS|CYB_1145	90.978	2372	214	0	1	2372	1	2372	0.0	3314
Ga0393416_01_16256_16630	CP000239.1:1997988-1998363|CDS|CYA_1979	100.000	375	0	0	1	375	1	375	0.0	677
Ga0393416_01_16256_16630	CP000240.1:1180685-1181060|CDS|CYB_1143	89.160	369	40	0	1	369	1	369	6.63e-138	486
Ga0393416_01_16750_17886	CP000239.1:1996732-1997869|CDS|CYA_1978	98.329	1137	19	0	1	1137	1	1137	0.0	1966
Ga0393416_01_16750_17886	CP000240.1:101493-102624|CDS|CYB_0086	88.359	1048	122	0	1	1048	1	1048	0.0	1341
Ga0393416_01_17963_19249	CP000239.1:1994054-1995290|CDS|CYA_1976	100.000	1203	0	0	85	1287	34	1236	0.0	2170
Ga0393416_01_17963_19249	CP000240.1:104063-105293|CDS|CYB_0088	82.921	1212	207	0	76	1287	19	1230	0.0	1253
Ga0393416_01_19230_19466	CP000239.1:1993837-1994074|CDS|CYA_1975	100.000	237	0	0	1	237	1	237	9.52e-121	428
Ga0393416_01_19230_19466	CP000240.1:105273-105510|CDS|CYB_0089	87.838	222	27	0	1	222	1	222	1.09e-75	279
Ga0393416_01_19568_20437	CP000239.1:1992866-1993736|CDS|CYA_1974	99.655	870	3	0	1	870	1	870	0.0	1556
Ga0393416_01_19568_20437	CP000240.1:105602-106484|CDS|CYB_0090	85.616	869	123	2	1	868	1	868	0.0	997
Ga0393416_01_20891_23374	CP000239.1:1989935-1992536|CDS|CYA_1973	92.552	2484	179	1	1	2484	124	2601	0.0	3647
Ga0393416_01_20891_23374	CP000240.1:1186152-1188744|CDS|CYB_1147	84.255	2477	363	2	1	2477	136	2585	0.0	2725
Ga0393416_01_23663_24124	CP000239.1:1989185-1989647|CDS|CYA_1970	99.784	462	1	0	1	462	1	462	0.0	829
Ga0393416_01_23663_24124	CP000240.1:1189003-1189459|CDS|CYB_1150	82.955	440	72	1	1	437	1	440	4.89e-128	454
Ga0393416_01_24121_24909	CP000239.1:1988277-1989189|CDS|CYA_1971	100.000	789	0	0	1	789	124	912	0.0	1424
Ga0393416_01_24121_24909	CP000240.1:1189455-1190367|CDS|CYB_1149	83.569	779	128	0	1	779	124	902	0.0	829
Ga0393416_01_25169_26800	CP000239.1:1986509-1988141|CDS|CYA_1969	99.694	1632	5	0	1	1632	1	1632	0.0	2921
Ga0393416_01_25169_26800	CP000240.1:2413979-2415611|CDS|CYB_2304	87.914	1630	197	0	1	1630	1	1630	0.0	2052
Ga0393416_02_910_1044	CP000239.1:457221-457626|CDS|CYA_0437	94.030	134	8	0	1	134	1	134	2.98e-54	206
Ga0393416_02_1590_2213	CP000239.1:681135-681759|CDS|CYA_0673	100.000	624	0	0	1	624	1	624	0.0	1126
Ga0393416_02_1590_2213	CP000240.1:1095278-1095896|CDS|CYB_1056	82.910	591	101	0	1	591	1	591	3.95e-175	611
Ga0393416_02_2284_2721	CP000239.1:680627-681065|CDS|CYA_0672	100.000	438	0	0	1	438	1	438	0.0	791
Ga0393416_02_2284_2721	CP000240.1:1095966-1096404|CDS|CYB_1057	89.931	437	44	0	1	437	1	437	2.55e-169	590
Ga0393416_02_2761_3495	CP000239.1:679853-680588|CDS|CYA_0671	99.864	735	1	0	1	735	1	735	0.0	1322
Ga0393416_02_2761_3495	CP000240.1:1096452-1097280|CDS|CYB_1058	81.744	734	124	4	1	726	1	732	0.0	711
Ga0393416_02_3755_5206	CP000239.1:678142-679594|CDS|CYA_0668	98.140	1452	27	0	1	1452	1	1452	0.0	2498
Ga0393416_02_3755_5206	CP000240.1:1097610-1099053|CDS|CYB_1060	88.881	1439	154	1	1	1433	1	1439	0.0	1875
Ga0393416_02_5338_6285	CP000239.1:677063-678011|CDS|CYA_0667	100.000	948	0	0	1	948	1	948	0.0	1710
Ga0393416_02_5338_6285	CP000240.1:2215663-2216611|CDS|CYB_2123	84.494	948	147	0	1	948	1	948	0.0	1048
Ga0393416_02_5338_6285	CP000239.1:689689-690649|CDS|CYA_0684	83.650	948	155	0	1	948	13	960	0.0	1012
Ga0393416_02_6335_7045	CP000239.1:676303-677014|CDS|CYA_0666	99.859	711	1	0	1	711	1	711	0.0	1278
Ga0393416_02_6335_7045	CP000239.1:688929-689640|CDS|CYA_0683	87.060	711	92	0	1	711	1	711	0.0	868
Ga0393416_02_6335_7045	CP000240.1:2214903-2215566|CDS|CYB_2122	86.747	664	86	2	49	711	1	663	0.0	794
Ga0393416_02_7189_8079	CP000239.1:675282-676173|CDS|CYA_0665	99.663	891	3	0	1	891	1	891	0.0	1594
Ga0393416_02_8729_10861	CP000239.1:672501-674634|CDS|CYA_0663	99.953	2133	1	0	1	2133	1	2133	0.0	3843
Ga0393416_02_8729_10861	CP000240.1:626982-629181|CDS|CYB_0617	76.892	2220	405	10	1	2133	1	2199	0.0	1744
Ga0393416_02_10858_11529	CP000239.1:671833-672505|CDS|CYA_0664	91.220	672	59	0	1	672	1	672	0.0	947
Ga0393416_02_10858_11529	CP000240.1:626314-626986|CDS|CYB_0618	88.542	672	77	0	1	672	1	672	0.0	866
Ga0393416_02_19682_21076	CP000239.1:670059-671454|CDS|CYA_0662	100.000	1395	0	0	1	1395	1	1395	0.0	2516
Ga0393416_02_19682_21076	CP000240.1:623104-624499|CDS|CYB_0613	87.455	1395	175	0	1	1395	1	1395	0.0	1728
Ga0393416_02_21239_21838	CP000239.1:669297-669954|CDS|CYA_0661	99.667	600	2	0	1	600	58	657	0.0	1074
Ga0393416_02_21239_21838	CP000240.1:622508-623096|CDS|CYB_0612	87.273	550	68	2	25	573	16	564	0.0	670
Ga0393416_02_21872_22198	CP000239.1:668841-669264|CDS|CYA_0660	100.000	327	0	0	1	327	97	423	1.88e-169	590
Ga0393416_02_22414_23025	CP000239.1:668110-668722|CDS|CYA_0659	100.000	612	0	0	1	612	1	612	0.0	1104
Ga0393416_02_22414_23025	CP000240.1:621482-622094|CDS|CYB_0610	89.706	612	63	0	1	612	1	612	0.0	820
Ga0393416_02_23053_23634	CP000239.1:667501-668083|CDS|CYA_0658	99.828	582	1	0	1	582	1	582	0.0	1046
Ga0393416_02_23652_24284	CP000239.1:666851-667484|CDS|CYA_0657	100.000	633	0	0	1	633	1	633	0.0	1142
Ga0393416_02_23652_24284	CP000240.1:620233-620869|CDS|CYB_0608	89.117	634	66	1	1	631	1	634	0.0	831
Ga0393416_02_24433_25569	CP000239.1:664228-666703|CDS|CYA_0656	100.000	1137	0	0	1	1137	1339	2475	0.0	2051
Ga0393416_02_24433_25569	CP000240.1:617631-620106|CDS|CYB_0607	90.765	1137	105	0	1	1137	1339	2475	0.0	1578
Ga0393416_03_1111_1803	CP000239.1:89674-90367|CDS|CYA_0092	100.000	693	0	0	1	693	1	693	0.0	1251
Ga0393416_03_1111_1803	CP000240.1:2156694-2157387|CDS|CYB_2059	86.297	686	94	0	1	686	1	686	0.0	814
Ga0393416_03_1803_2459	CP000239.1:90366-91023|CDS|CYA_0093	99.391	657	4	0	1	657	1	657	0.0	1168
Ga0393416_03_1803_2459	CP000240.1:2157386-2158043|CDS|CYB_2060	84.018	657	105	0	1	657	1	657	0.0	712
Ga0393416_03_2698_3816	CP000239.1:91261-92380|CDS|CYA_0094	100.000	1119	0	0	1	1119	1	1119	0.0	2019
Ga0393416_03_2698_3816	CP000240.1:2158298-2159417|CDS|CYB_2061	86.327	1119	153	0	1	1119	1	1119	0.0	1329
Ga0393416_03_3969_4427	CP000239.1:92496-92991|CDS|CYA_0095	100.000	459	0	0	1	459	37	495	0.0	829
Ga0393416_03_3969_4427	CP000240.1:2159577-2160048|CDS|CYB_2062	80.000	465	78	4	1	453	1	462	1.22e-116	416
Ga0393416_03_4541_4885	CP000239.1:93104-93449|CDS|CYA_0096	100.000	345	0	0	1	345	1	345	3.36e-179	623
Ga0393416_03_4541_4885	CP000240.1:2160121-2160466|CDS|CYB_2063	84.802	329	50	0	1	329	1	329	1.18e-102	369
Ga0393416_03_5262_6635	CP000239.1:93642-95199|CDS|CYA_0097	99.927	1374	1	0	1	1374	184	1557	0.0	2474
Ga0393416_03_5262_6635	CP000240.1:2160616-2162161|CDS|CYB_2064	82.125	1365	229	5	2	1363	185	1537	0.0	1353
Ga0393416_03_6818_8008	CP000239.1:95381-96572|CDS|CYA_0099	100.000	1191	0	0	1	1191	1	1191	0.0	2149
Ga0393416_03_6818_8008	CP000240.1:2162300-2163470|CDS|CYB_2065	85.726	1177	147	3	1	1177	1	1156	0.0	1371
Ga0393416_03_8110_9849	CP000239.1:96916-98413|CDS|CYA_0100	99.933	1497	1	0	244	1740	1	1497	0.0	2696
Ga0393416_03_8110_9849	CP000240.1:2163802-2165248|CDS|CYB_2066	81.904	1481	232	2	260	1740	2	1446	0.0	1487
Ga0393416_03_9985_10161	CP000239.1:98506-98725|CDS|CYA_0102	99.435	177	1	0	1	177	43	219	1.09e-86	315
Ga0393416_03_9985_10161	CP000240.1:2166532-2166751|CDS|CYB_2069	88.636	176	20	0	1	176	43	218	1.24e-60	228
Ga0393416_03_10293_11762	CP000239.1:98856-100326|CDS|CYA_0103	99.932	1470	1	0	1	1470	1	1470	0.0	2647
Ga0393416_03_10293_11762	CP000240.1:2166881-2168315|CDS|CYB_2070	85.563	1420	203	2	1	1419	1	1419	0.0	1630
Ga0393416_03_11899_12474	CP000239.1:100417-101038|CDS|CYA_0104	99.826	576	1	0	1	576	46	621	0.0	1035
Ga0393416_03_11899_12474	CP000240.1:307436-308048|CDS|CYB_0296	85.764	576	82	0	1	576	37	612	0.0	670
Ga0393416_03_12588_12782	CP000240.1:307127-307346|CDS|CYB_0295	86.154	195	27	0	1	195	25	219	3.98e-61	231
Ga0393416_03_13358_14485	CP000239.1:101921-103049|CDS|CYA_0107	100.000	1128	0	0	1	1128	1	1128	0.0	2035
Ga0393416_03_13358_14485	CP000240.1:2206275-2207412|CDS|CYB_2112	85.284	1128	166	0	1	1128	1	1128	0.0	1287
Ga0393416_03_14692_14916	CP000240.1:2205521-2206241|CDS|CYB_2111	83.158	190	23	2	1	181	439	628	2.76e-51	198
Ga0393416_03_15520_16641	CP000239.1:104218-105340|CDS|CYA_0109	100.000	1122	0	0	1	1122	1	1122	0.0	2024
Ga0393416_03_15520_16641	CP000240.1:2203611-2204727|CDS|CYB_2110	84.220	1128	160	4	1	1122	1	1116	0.0	1231
Ga0393416_03_16711_17682	CP000239.1:105409-106381|CDS|CYA_0110	100.000	972	0	0	1	972	1	972	0.0	1754
Ga0393416_03_16711_17682	CP000240.1:2202564-2203542|CDS|CYB_2109	85.840	911	129	0	1	911	1	911	0.0	1062
Ga0393416_03_17702_18199	CP000239.1:106400-106871|CDS|CYA_0111	100.000	471	0	0	28	498	1	471	0.0	850
Ga0393416_03_18340_19005	CP000239.1:107038-107704|CDS|CYA_0112	99.850	666	1	0	1	666	1	666	0.0	1197
Ga0393416_03_18340_19005	CP000240.1:2201188-2201854|CDS|CYB_2107	86.937	666	87	0	1	666	1	666	0.0	810
Ga0393416_03_19057_19908	CP000239.1:107755-108475|CDS|CYA_0113	100.000	720	0	0	133	852	1	720	0.0	1299
Ga0393416_03_19057_19908	CP000240.1:2200319-2201048|CDS|CYB_2106	84.637	703	100	2	154	852	31	729	0.0	780
Ga0393416_03_19924_20670	CP000239.1:108622-109369|CDS|CYA_0114	99.866	747	1	0	1	747	1	747	0.0	1343
Ga0393416_03_19924_20670	CP000240.1:2199442-2200213|CDS|CYB_2104	84.276	725	114	0	1	725	1	725	0.0	794
Ga0393416_03_20743_20940	CP000239.1:109441-110236|CDS|CYA_0115	100.000	198	0	0	1	198	598	795	1.16e-99	358
Ga0393416_03_20743_20940	CP000240.1:2198610-2199366|CDS|CYB_2103	89.796	196	20	0	1	196	559	754	1.96e-71	264
Ga0393416_03_21599_22300	CP000239.1:110297-111221|CDS|CYA_0116	100.000	702	0	0	1	702	223	924	0.0	1267
Ga0393416_03_21599_22300	CP000240.1:2197589-2198528|CDS|CYB_2102	86.115	713	87	3	2	702	227	939	0.0	838
Ga0393416_04_1444_2712	CP000239.1:2535267-2536536|CDS|CYA_2520	99.921	1269	1	0	1	1269	1	1269	0.0	2285
Ga0393416_04_1444_2712	CP000240.1:2070303-2071596|CDS|CYB_1971	84.892	1251	189	0	1	1251	1	1251	0.0	1405
Ga0393416_04_2715_6311	CP000239.1:2531668-2535265|CDS|CYA_2519	99.944	3597	2	0	1	3597	1	3597	0.0	6478
Ga0393416_04_2715_6311	CP000240.1:2066704-2070322|CDS|CYB_1970	78.827	3599	758	2	1	3597	22	3618	0.0	3050
Ga0393416_04_6301_7494	CP000239.1:2530485-2531679|CDS|CYA_2518	100.000	1194	0	0	1	1194	1	1194	0.0	2154
Ga0393416_04_6301_7494	CP000240.1:2065521-2066715|CDS|CYB_1969	83.250	1194	200	0	1	1194	1	1194	0.0	1252
Ga0393416_04_7491_8084	CP000239.1:2529895-2530489|CDS|CYA_2517	100.000	594	0	0	1	594	1	594	0.0	1072
Ga0393416_04_7491_8084	CP000240.1:2064931-2065525|CDS|CYB_1968	84.966	592	89	0	1	592	1	592	0.0	667
Ga0393416_04_8084_9808	CP000239.1:2528171-2529896|CDS|CYA_2516	99.942	1725	1	0	1	1725	1	1725	0.0	3107
Ga0393416_04_8084_9808	CP000240.1:2063225-2064932|CDS|CYB_1967	84.406	1693	256	4	37	1725	19	1707	0.0	1853
Ga0393416_04_9972_10595	CP000239.1:2527384-2527972|CDS|CYA_2515	100.000	588	0	0	37	624	1	588	0.0	1061
Ga0393416_04_9972_10595	CP000240.1:2062531-2063101|CDS|CYB_1966	84.043	564	90	0	61	624	7	570	1.13e-175	612
Ga0393416_04_10739_11929	CP000239.1:2526050-2527241|CDS|CYA_2514	99.916	1191	1	0	1	1191	1	1191	0.0	2144
Ga0393416_04_10739_11929	CP000240.1:2061327-2062518|CDS|CYB_1965	86.080	1171	159	2	7	1175	7	1175	0.0	1372
Ga0393416_04_12344_13129	CP000239.1:2524850-2525636|CDS|CYA_2513	100.000	786	0	0	1	786	1	786	0.0	1418
Ga0393416_04_12344_13129	CP000240.1:2060408-2061194|CDS|CYB_1964	84.879	787	117	2	1	786	1	786	0.0	876
Ga0393416_04_13831_14166	CP000240.1:693114-693873|CDS|CYB_0679	85.764	288	35	1	1	282	379	666	6.76e-93	336
Ga0393416_04_14413_15570	CP000239.1:2522680-2523826|CDS|CYA_2512	98.347	1089	18	0	70	1158	58	1146	0.0	1884
Ga0393416_04_14413_15570	CP000240.1:693811-694969|CDS|CYB_0678	87.997	1158	139	0	1	1158	1	1158	0.0	1462
Ga0393416_04_15649_15894	CP000240.1:695047-695299|CDS|CYB_0680	98.283	233	4	0	1	233	1	233	3.95e-113	403
Ga0393416_04_15649_15894	CP000239.1:2522303-2522534|CDS|CYA_2511	84.103	195	31	0	47	241	32	226	1.38e-55	213
Ga0393416_04_15887_17374	CP000239.1:2520823-2522311|CDS|CYA_2510	96.494	1483	52	0	6	1488	6	1488	0.0	2441
Ga0393416_04_15887_17374	CP000240.1:695291-696746|CDS|CYB_0681	86.040	1447	202	0	1	1447	1	1447	0.0	1700
Ga0393416_04_17435_18040	CP000239.1:2519968-2520763|CDS|CYA_2509	99.375	480	3	0	127	606	316	795	0.0	853
Ga0393416_04_17435_18040	CP000240.1:696770-697595|CDS|CYB_0682	81.416	452	84	0	130	581	325	776	4.99e-123	437
Ga0393416_04_18087_18443	CP000239.1:2517065-2517425|CDS|CYA_2504	75.209	359	86	1	1	356	1	359	3.49e-65	245
Ga0393416_04_18087_18443	CP000240.1:700144-700504|CDS|CYB_0685	75.207	363	81	3	1	357	1	360	3.49e-65	244
Ga0393416_04_18673_18891	CP000240.1:698176-699904|CDS|CYB_0684	91.324	219	19	0	1	219	1510	1728	5.89e-85	310
Ga0393416_04_18673_18891	CP000239.1:2517679-2519407|CDS|CYA_2506	87.671	219	27	0	1	219	1510	1728	4.24e-74	274
Ga0393416_04_19729_19959	CP000240.1:697610-697892|CDS|CYB_0683	94.805	231	12	0	1	231	52	282	3.23e-101	363
Ga0393416_04_19729_19959	CP000239.1:2519671-2519953|CDS|CYA_2507	92.641	231	17	0	1	231	52	282	3.69e-94	341
Ga0393416_05_256_1101	CP000240.1:48230-49073|CDS|CYB_0038	98.458	843	13	0	4	846	1	843	0.0	1462
Ga0393416_05_256_1101	CP000239.1:625839-626682|CDS|CYA_0616	97.622	841	20	0	4	844	1	841	0.0	1427
Ga0393416_05_1137_3128	CP000240.1:46200-48192|CDS|CYB_0037	96.088	1994	74	2	1	1992	1	1992	0.0	3240
Ga0393416_05_1137_3128	CP000239.1:623809-625801|CDS|CYA_0615	94.835	1994	99	2	1	1992	1	1992	0.0	3127
Ga0393416_05_3201_3968	CP000239.1:622777-623737|CDS|CYA_0614	98.564	766	11	0	3	768	195	960	0.0	1333
Ga0393416_05_3201_3968	CP000240.1:45168-46128|CDS|CYB_0036	96.214	766	29	0	3	768	195	960	0.0	1251
Ga0393416_05_4306_5511	CP000239.1:621321-622644|CDS|CYA_0613	97.181	1206	34	0	1	1206	118	1323	0.0	2022
Ga0393416_05_4306_5511	CP000240.1:43700-45023|CDS|CYB_0035	96.600	1206	41	0	1	1206	118	1323	0.0	1991
Ga0393416_05_5661_7214	CP000239.1:619712-621260|CDS|CYA_0612	95.763	1534	65	0	1	1534	1	1534	0.0	2474
Ga0393416_05_5661_7214	CP000240.1:42091-43639|CDS|CYB_0034	95.698	1534	66	0	1	1534	1	1534	0.0	2470
Ga0393416_05_7407_8555	CP000239.1:618094-619252|CDS|CYA_0610	95.462	1146	52	0	1	1146	1	1146	0.0	1833
Ga0393416_05_7407_8555	CP000240.1:40888-41899|CDS|CYB_0033	96.040	1010	40	0	140	1149	2	1011	0.0	1642
Ga0393416_05_8995_9480	CP000239.1:617289-617655|CDS|CYA_0609	97.541	366	9	0	121	486	1	366	5.87e-178	620
Ga0393416_05_8995_9480	CP000240.1:39537-40023|CDS|CYB_0031	87.243	486	62	0	1	486	1	486	1.92e-171	598
Ga0393416_05_9685_10455	CP000239.1:609476-610247|CDS|CYA_0598	99.741	771	2	0	1	771	1	771	0.0	1382
Ga0393416_05_9685_10455	CP000240.1:38531-39323|CDS|CYB_0030	80.058	687	137	0	1	687	1	687	2.71e-178	622
Ga0393416_05_10651_11421	CP000239.1:608381-609281|CDS|CYA_0597	99.870	771	1	0	1	771	130	900	0.0	1387
Ga0393416_05_10651_11421	CP000240.1:2585420-2586302|CDS|CYB_2489	87.646	769	92	1	1	769	115	880	0.0	957
Ga0393416_05_11934_13124	CP000239.1:605021-606212|CDS|CYA_0594	99.916	1191	1	0	1	1191	1	1191	0.0	2144
Ga0393416_05_11934_13124	CP000240.1:2583791-2584970|CDS|CYB_2488	85.500	1131	164	0	1	1131	1	1131	0.0	1301
Ga0393416_05_13149_13409	CP000239.1:604691-604997|CDS|CYA_0593	100.000	261	0	0	1	261	46	306	9.91e-134	471
Ga0393416_05_13149_13409	CP000240.1:2583458-2583764|CDS|CYB_2487	90.038	261	26	0	1	261	46	306	1.92e-98	354
Ga0393416_05_13551_14261	CP000239.1:603884-604595|CDS|CYA_0592	100.000	711	0	0	1	711	1	711	0.0	1283
Ga0393416_05_13551_14261	CP000240.1:2582596-2583430|CDS|CYB_2486	85.664	565	81	0	5	569	110	674	0.0	655
Ga0393416_05_14425_15738	CP000239.1:602407-603721|CDS|CYA_0591	100.000	1314	0	0	1	1314	1	1314	0.0	2370
Ga0393416_05_14425_15738	CP000240.1:84795-86109|CDS|CYB_0073	88.280	1314	154	0	1	1314	1	1314	0.0	1676
Ga0393416_05_15982_16770	CP000239.1:601420-602164|CDS|CYA_0590	96.640	744	25	0	46	789	1	744	0.0	1230
Ga0393416_05_15982_16770	CP000240.1:83849-84548|CDS|CYB_0072	82.392	744	86	1	46	789	1	699	0.0	788
Ga0393416_05_16940_18139	CP000239.1:600075-601260|CDS|CYA_0589	96.829	1167	37	0	1	1167	1	1167	0.0	1939
Ga0393416_05_16940_18139	CP000240.1:82504-83689|CDS|CYB_0071	83.966	1160	180	2	11	1167	11	1167	0.0	1251
Ga0393416_05_18174_18788	CP000239.1:599456-600041|CDS|CYA_0588	99.658	585	2	0	31	615	1	585	0.0	1047
Ga0393416_05_18174_18788	CP000240.1:81870-82455|CDS|CYB_0070	84.240	533	84	0	31	563	1	533	5.41e-167	583
Ga0393416_05_18812_19096	CP000239.1:599118-599403|CDS|CYA_0587	97.544	285	7	0	1	285	1	285	6.03e-137	483
Ga0393416_05_18812_19096	CP000240.1:81527-81812|CDS|CYB_0069	90.175	285	28	0	1	285	1	285	1.02e-108	389
Ga0393416_06_511_618	CP000240.1:2300204-2300507|CDS|CYB_2192	76.923	91	21	0	1	91	202	292	4.11e-13	70.7
Ga0393416_06_511_618	CP000239.1:906578-906881|CDS|CYA_0898	76.923	91	21	0	1	91	202	292	4.11e-13	70.7
Ga0393416_06_1052_1318	CP000239.1:455920-457171|CDS|CYA_0436	81.229	293	29	3	1	267	917	625	1.97e-79	291
Ga0393416_06_1371_1652	CP000239.1:455920-457171|CDS|CYA_0436	94.326	282	16	0	1	282	970	1251	2.23e-123	437
Ga0393416_06_1813_3225	CP000239.1:2656898-2658311|CDS|CYA_2642	99.788	1413	3	0	1	1413	1	1413	0.0	2535
Ga0393416_06_1813_3225	CP000240.1:1192104-1193532|CDS|CYB_1152	83.707	1381	210	1	1	1366	1	1381	0.0	1486
Ga0393416_06_3507_4235	CP000239.1:2658592-2659321|CDS|CYA_2643	100.000	729	0	0	1	729	1	729	0.0	1315
Ga0393416_06_3507_4235	CP000240.1:1823993-1824728|CDS|CYB_1741	86.207	725	100	0	1	725	1	725	0.0	857
Ga0393416_06_4729_5967	CP000239.1:2659823-2661062|CDS|CYA_2644	99.839	1239	2	0	1	1239	1	1239	0.0	2226
Ga0393416_06_4729_5967	CP000240.1:1822505-1823747|CDS|CYB_1740	83.628	1130	185	0	1	1130	1	1130	0.0	1205
Ga0393416_06_5993_6628	CP000239.1:2661087-2661723|CDS|CYA_2645	99.686	636	2	0	1	636	1	636	0.0	1139
Ga0393416_06_5993_6628	CP000240.1:1819552-1820191|CDS|CYB_1738	85.443	632	89	1	1	629	1	632	0.0	724
Ga0393416_06_6655_7224	CP000239.1:2661749-2662319|CDS|CYA_2646	100.000	570	0	0	1	570	1	570	0.0	1029
Ga0393416_06_6655_7224	CP000240.1:1818977-1819541|CDS|CYB_1737	83.547	547	90	0	1	547	1	547	1.74e-166	581
Ga0393416_06_7302_8423	CP000239.1:2662396-2663455|CDS|CYA_2647	99.811	1059	2	0	64	1122	1	1059	0.0	1902
Ga0393416_06_7302_8423	CP000239.1:2364733-2365792|CDS|CYA_2358	99.622	1059	4	0	64	1122	1	1059	0.0	1893
Ga0393416_06_7302_8423	CP000240.1:1817799-1818858|CDS|CYB_1736	93.107	1059	73	0	64	1122	1	1059	0.0	1581
Ga0393416_06_7302_8423	CP000240.1:888122-889181|CDS|CYB_0854	93.012	1059	74	0	64	1122	1	1059	0.0	1577
Ga0393416_06_8560_10059	CP000239.1:2663699-2665154|CDS|CYA_2648	99.794	1455	3	0	46	1500	1	1455	0.0	2611
Ga0393416_06_8560_10059	CP000240.1:1816002-1817544|CDS|CYB_1734	87.936	1434	169	2	43	1473	1	1433	0.0	1801
Ga0393416_06_10279_10803	CP000239.1:2665280-2665898|CDS|CYA_2650	99.810	525	1	0	1	525	94	618	0.0	943
Ga0393416_06_10279_10803	CP000240.1:1815336-1815957|CDS|CYB_1732	87.548	522	65	0	1	522	94	615	0.0	649
Ga0393416_06_10800_11351	CP000239.1:2665894-2666446|CDS|CYA_2649	99.819	552	1	0	1	552	1	552	0.0	992
Ga0393416_06_10800_11351	CP000240.1:1814788-1815340|CDS|CYB_1733	88.949	552	61	0	1	552	1	552	0.0	721
Ga0393416_06_11357_12247	CP000239.1:2666451-2667342|CDS|CYA_2651	100.000	891	0	0	1	891	1	891	0.0	1608
Ga0393416_06_11357_12247	CP000240.1:1813906-1814779|CDS|CYB_1731	88.794	821	92	0	49	869	34	854	0.0	1067
Ga0393416_06_12308_13072	CP000239.1:2667402-2668245|CDS|CYA_2652	100.000	765	0	0	1	765	79	843	0.0	1380
Ga0393416_06_12308_13072	CP000240.1:1812916-1813852|CDS|CYB_1730	82.943	768	122	2	1	765	175	936	0.0	794
Ga0393416_06_13589_16000	CP000239.1:2668682-2671094|CDS|CYA_2653	98.051	2412	47	0	1	2412	1	2412	0.0	4139
Ga0393416_06_13589_16000	CP000240.1:2511617-2514026|CDS|CYB_2416	85.720	2409	327	5	9	2410	9	2407	0.0	2787
Ga0393416_07_1258_1641	CP000239.1:1622497-1622881|CDS|CYA_1619	99.740	384	1	0	1	384	1	384	0.0	689
Ga0393416_07_1258_1641	CP000240.1:2987532-2987910|CDS|CYB_2889	85.955	356	50	0	1	356	1	356	2.89e-117	417
Ga0393416_07_2038_2451	CP000239.1:1621687-1622101|CDS|CYA_1617	100.000	414	0	0	1	414	1	414	0.0	747
Ga0393416_07_2038_2451	CP000240.1:1879608-1880013|CDS|CYB_1791	81.170	393	74	0	1	393	1	393	9.60e-105	376
Ga0393416_07_2720_3436	CP000239.1:1620702-1621419|CDS|CYA_1616	99.861	717	1	0	1	717	1	717	0.0	1289
Ga0393416_07_2720_3436	CP000240.1:1880251-1880968|CDS|CYB_1792	87.029	717	93	0	1	717	1	717	0.0	875
Ga0393416_07_3468_4175	CP000239.1:1619981-1620671|CDS|CYA_1615	99.855	690	1	0	19	708	1	690	0.0	1241
Ga0393416_07_3468_4175	CP000240.1:1881000-1881660|CDS|CYB_1793	77.347	671	120	9	40	700	4	652	9.29e-146	514
Ga0393416_07_4238_6121	CP000239.1:1617936-1619901|CDS|CYA_1614	99.841	1884	3	0	1	1884	82	1965	0.0	3385
Ga0393416_07_4238_6121	CP000240.1:1881750-1883712|CDS|CYB_1794	82.929	1898	293	12	1	1884	82	1962	0.0	1937
Ga0393416_07_6251_6550	CP000239.1:1617588-1617888|CDS|CYA_1613	100.000	300	0	0	1	300	1	300	7.77e-155	542
Ga0393416_07_6251_6550	CP000240.1:1883783-1884083|CDS|CYB_1795	89.000	300	33	0	1	300	1	300	8.88e-110	393
Ga0393416_07_6551_6874	CP000239.1:1617246-1617588|CDS|CYA_1612	100.000	324	0	0	1	324	19	342	7.90e-168	585
Ga0393416_07_6551_6874	CP000240.1:1884082-1884424|CDS|CYB_1796	91.615	322	27	0	1	322	19	340	7.91e-130	460
Ga0393416_07_6551_6874	CP000239.1:1616846-1617155|CDS|CYA_1611	87.324	284	36	0	1	284	19	302	2.95e-97	351
Ga0393416_07_6551_6874	CP000240.1:1884495-1884804|CDS|CYB_1797	83.509	285	47	0	1	285	19	303	1.34e-82	303
Ga0393416_07_6984_7274	CP000239.1:1616846-1617155|CDS|CYA_1611	100.000	291	0	0	1	291	19	309	5.78e-150	526
Ga0393416_07_6984_7274	CP000240.1:1884495-1884804|CDS|CYB_1797	89.310	290	31	0	1	290	19	308	4.45e-107	384
Ga0393416_07_6984_7274	CP000239.1:1617246-1617588|CDS|CYA_1612	87.324	284	36	0	1	284	19	302	2.63e-97	351
Ga0393416_07_6984_7274	CP000240.1:1884082-1884424|CDS|CYB_1796	81.690	284	52	0	1	284	19	302	1.36e-75	279
Ga0393416_07_7824_8549	CP000239.1:1615589-1616315|CDS|CYA_1609	99.862	726	1	0	1	726	1	726	0.0	1306
Ga0393416_07_7824_8549	CP000240.1:1885609-1886335|CDS|CYB_1798	83.702	724	118	0	1	724	1	724	0.0	774
Ga0393416_07_8571_9299	CP000239.1:1614728-1615568|CDS|CYA_1608	100.000	729	0	0	1	729	112	840	0.0	1315
Ga0393416_07_8571_9299	CP000240.1:1886342-1887170|CDS|CYB_1799	81.429	700	118	1	11	710	122	809	0.0	683
Ga0393416_07_9453_9671	CP000239.1:1614467-1614686|CDS|CYA_1607	100.000	219	0	0	1	219	1	219	5.16e-111	396
Ga0393416_07_9453_9671	CP000240.1:1887227-1887446|CDS|CYB_1800	87.671	219	27	0	1	219	1	219	4.24e-74	274
Ga0393416_07_9726_10112	CP000239.1:1614026-1614413|CDS|CYA_1606	100.000	387	0	0	1	387	1	387	0.0	699
Ga0393416_07_9726_10112	CP000240.1:1887576-1887981|CDS|CYB_1801	77.696	408	67	3	1	387	1	405	2.73e-92	334
Ga0393416_07_10515_10682	CP000239.1:1613456-1613624|CDS|CYA_1605	100.000	168	0	0	1	168	1	168	1.87e-83	304
Ga0393416_07_11772_12182	CP000239.1:1610937-1611348|CDS|CYA_1602	100.000	411	0	0	1	411	1	411	0.0	742
Ga0393416_07_11772_12182	CP000240.1:1889259-1889670|CDS|CYB_1803	82.630	403	64	2	11	410	11	410	1.61e-114	408
Ga0393416_07_12334_12564	CP000239.1:1610555-1610786|CDS|CYA_1601	100.000	231	0	0	1	231	1	231	1.67e-117	417
Ga0393416_07_12334_12564	CP000240.1:1889853-1890084|CDS|CYB_1804	85.590	229	33	0	1	229	1	229	2.33e-71	265
Ga0393416_07_12604_12816	CP000239.1:1610303-1610516|CDS|CYA_1600	100.000	213	0	0	1	213	1	213	9.04e-108	385
Ga0393416_07_12604_12816	CP000240.1:1890120-1890333|CDS|CYB_1805	80.751	213	41	0	1	213	1	213	7.44e-52	200
Ga0393416_07_12905_13954	CP000239.1:1609165-1610215|CDS|CYA_1599	99.905	1050	1	0	1	1050	1	1050	0.0	1890
Ga0393416_07_12905_13954	CP000240.1:1890421-1891471|CDS|CYB_1806	86.952	1050	137	0	1	1050	1	1050	0.0	1277
Ga0393416_07_13973_14641	CP000239.1:1608478-1609147|CDS|CYA_1598	100.000	669	0	0	1	669	1	669	0.0	1207
Ga0393416_07_13973_14641	CP000240.1:1891500-1892169|CDS|CYB_1807	81.532	666	121	2	1	665	1	665	0.0	640
Ga0393416_07_14784_15878	CP000239.1:1607175-1608336|CDS|CYA_1597	99.452	1095	6	0	1	1095	67	1161	0.0	1948
Ga0393416_07_14784_15878	CP000240.1:1892267-1893431|CDS|CYB_1808	84.768	1057	161	0	1	1057	67	1123	0.0	1181
Ga0393416_08_714_1736	CP000239.1:1909496-1910519|CDS|CYA_1899	100.000	1023	0	0	1	1023	1	1023	0.0	1846
Ga0393416_08_714_1736	CP000240.1:1950553-1951576|CDS|CYB_1867	86.228	973	134	0	47	1019	47	1019	0.0	1151
Ga0393416_08_1820_3424	CP000239.1:1910602-1912207|CDS|CYA_1900	99.875	1605	2	0	1	1605	1	1605	0.0	2886
Ga0393416_08_1820_3424	CP000240.1:501273-502899|CDS|CYB_0488	87.898	1603	178	4	1	1589	1	1601	0.0	2013
Ga0393416_08_3450_3752	CP000239.1:1912232-1912535|CDS|CYA_1901	100.000	303	0	0	1	303	1	303	1.85e-156	547
Ga0393416_08_3450_3752	CP000240.1:502927-503230|CDS|CYB_0489	94.352	301	17	0	1	301	1	301	4.96e-132	467
Ga0393416_08_3756_4757	CP000239.1:1912538-1913453|CDS|CYA_1902	99.781	915	2	0	88	1002	1	915	0.0	1642
Ga0393416_08_3756_4757	CP000240.1:503232-504237|CDS|CYB_0490	76.892	1004	217	7	6	1000	6	1003	0.0	747
Ga0393416_08_4894_5847	CP000239.1:1913691-1914624|CDS|CYA_1903	99.786	933	1	1	23	954	1	933	0.0	1671
Ga0393416_08_4894_5847	CP000240.1:504358-505294|CDS|CYB_0491	84.385	935	142	2	23	953	1	935	0.0	1023
Ga0393416_08_5961_6443	CP000239.1:1914935-1915523|CDS|CYA_1904	100.000	483	0	0	1	483	106	588	0.0	872
Ga0393416_08_5961_6443	CP000240.1:505372-505891|CDS|CYB_0492	85.812	437	62	0	5	441	53	489	7.60e-145	509
Ga0393416_08_6544_6978	CP000239.1:1915476-1916058|CDS|CYA_1905	99.770	435	1	0	1	435	148	582	0.0	781
Ga0393416_08_6544_6978	CP000240.1:506210-506717|CDS|CYB_0493	79.391	427	88	0	2	428	74	500	3.53e-104	374
Ga0393416_08_7045_7692	CP000239.1:1916124-1916772|CDS|CYA_1906	99.846	648	1	0	1	648	1	648	0.0	1165
Ga0393416_08_7045_7692	CP000240.1:506812-507466|CDS|CYB_0494	88.037	652	72	2	1	646	1	652	0.0	821
Ga0393416_08_7822_8553	CP000239.1:1916901-1917633|CDS|CYA_1907	99.454	732	4	0	1	732	1	732	0.0	1303
Ga0393416_08_7822_8553	CP000240.1:507619-508351|CDS|CYB_0496	89.617	732	76	0	1	732	1	732	0.0	978
Ga0393416_08_8593_9651	CP000239.1:1917678-1918737|CDS|CYA_1908	100.000	1059	0	0	1	1059	1	1059	0.0	1911
Ga0393416_08_8593_9651	CP000240.1:508357-509446|CDS|CYB_0497	89.330	1059	113	0	1	1059	31	1089	0.0	1401
Ga0393416_08_9828_11015	CP000239.1:1918913-1920101|CDS|CYA_1909	99.916	1188	1	0	1	1188	1	1188	0.0	2139
Ga0393416_08_9828_11015	CP000240.1:509675-510863|CDS|CYB_0498	86.616	1173	157	0	1	1173	1	1173	0.0	1408
Ga0393416_08_11021_11695	CP000239.1:1920106-1920781|CDS|CYA_1910	99.852	675	1	0	1	675	1	675	0.0	1214
Ga0393416_08_11021_11695	CP000240.1:2106781-2107456|CDS|CYB_2001	86.627	673	90	0	1	673	1	673	0.0	809
Ga0393416_08_11856_12602	CP000239.1:1920941-1921688|CDS|CYA_1911	99.866	747	1	0	1	747	1	747	0.0	1343
Ga0393416_08_11856_12602	CP000240.1:2107663-2108410|CDS|CYB_2002	83.936	747	120	0	1	747	1	747	0.0	807
Ga0393416_08_12653_13294	CP000239.1:1921738-1922380|CDS|CYA_1912	99.221	642	5	0	1	642	1	642	0.0	1136
Ga0393416_08_12653_13294	CP000240.1:2108475-2109072|CDS|CYB_2003	83.505	582	96	0	1	582	1	582	2.74e-177	618
Ga0393416_08_13368_14975	CP000239.1:1924289-1925897|CDS|CYA_1915	99.876	1608	2	0	1	1608	1	1608	0.0	2892
Ga0393416_08_13368_14975	CP000240.1:2109128-2110733|CDS|CYB_2004	89.925	1598	159	2	1	1597	1	1597	0.0	2150
Ga0393416_10_479_601	CP000239.1:1245413-1245695|CDS|CYA_1234	100.000	119	0	0	1	119	88	206	5.15e-57	215
Ga0393416_10_707_1501	CP000239.1:1244600-1245395|CDS|CYA_1233	100.000	795	0	0	1	795	1	795	0.0	1434
Ga0393416_10_707_1501	CP000240.1:1626261-1627056|CDS|CYB_1551	87.925	795	96	0	1	795	1	795	0.0	1002
Ga0393416_10_1701_2456	CP000239.1:1243651-1244401|CDS|CYA_1232	99.733	750	2	0	7	756	1	750	0.0	1344
Ga0393416_10_1701_2456	CP000240.1:1625445-1626153|CDS|CYB_1550	86.043	695	97	0	53	747	11	705	0.0	817
Ga0393416_10_2722_3834	CP000239.1:1242267-1243389|CDS|CYA_1231	99.910	1113	1	0	1	1113	10	1122	0.0	2003
Ga0393416_10_2722_3834	CP000240.1:1624022-1625144|CDS|CYB_1549	88.589	1113	127	0	1	1113	10	1122	0.0	1435
Ga0393416_10_3800_4558	CP000239.1:1241543-1242302|CDS|CYA_1230	99.736	759	2	0	1	759	1	759	0.0	1361
Ga0393416_10_3800_4558	CP000240.1:1623298-1624045|CDS|CYB_1548	84.203	747	118	0	13	759	1	747	0.0	816
Ga0393416_10_5122_5763	CP000239.1:1240338-1240980|CDS|CYA_1229	99.844	642	1	0	1	642	1	642	0.0	1154
Ga0393416_10_5122_5763	CP000240.1:1468227-1468863|CDS|CYB_1400	86.470	643	79	3	1	642	1	636	0.0	762
Ga0393416_10_5921_7060	CP000239.1:1238960-1240181|CDS|CYA_1228	98.772	1140	14	0	1	1140	82	1221	0.0	1994
Ga0393416_10_5921_7060	CP000240.1:1468880-1470101|CDS|CYB_1401	86.702	1143	144	2	1	1139	82	1220	0.0	1375
Ga0393416_10_7642_8556	CP000239.1:1237545-1238460|CDS|CYA_1227	100.000	915	0	0	1	915	1	915	0.0	1651
Ga0393416_10_7642_8556	CP000240.1:880479-881394|CDS|CYB_0847	80.022	911	182	0	1	911	1	911	0.0	823
Ga0393416_10_8710_9159	CP000239.1:1236951-1237392|CDS|CYA_1226	99.773	441	1	0	10	450	1	441	0.0	792
Ga0393416_10_8710_9159	CP000240.1:881471-881912|CDS|CYB_0848	82.540	441	77	0	10	450	1	441	2.02e-126	449
Ga0393416_10_9280_10275	CP000239.1:1235826-1236822|CDS|CYA_1224	99.900	996	1	0	1	996	1	996	0.0	1792
Ga0393416_10_9280_10275	CP000240.1:882042-883038|CDS|CYB_0849	85.141	996	148	0	1	996	1	996	0.0	1130
Ga0393416_10_10329_10739	CP000239.1:1235329-1235773|CDS|CYA_1223	92.568	444	0	1	1	411	1	444	0.0	678
Ga0393416_10_10798_11229	CP000240.1:1328937-1329297|CDS|CYB_1270	84.179	335	53	0	84	418	6	340	1.82e-101	366
Ga0393416_10_11386_13035	CP000239.1:1233033-1234773|CDS|CYA_1221	99.939	1650	1	0	1	1650	91	1740	0.0	2972
Ga0393416_10_11386_13035	CP000240.1:1327063-1328677|CDS|CYB_1269	83.282	1609	218	4	10	1591	1	1585	0.0	1718
Ga0393416_10_13044_13238	CP000239.1:1231948-1233025|CDS|CYA_1220	99.487	195	0	1	1	195	1	194	2.50e-95	344
Ga0393416_10_13273_14121	CP000239.1:1231948-1233025|CDS|CYA_1220	99.882	849	1	0	1	849	229	1077	0.0	1527
Ga0393416_10_13273_14121	CP000240.1:1325695-1326781|CDS|CYB_1268	87.589	838	104	0	1	838	235	1072	0.0	1043
Ga0393416_11_277_996	CP000239.1:1319890-1320673|CDS|CYA_1310	100.000	720	0	0	1	720	64	783	0.0	1299
Ga0393416_11_277_996	CP000240.1:967381-968164|CDS|CYB_0929	88.611	720	82	0	1	720	64	783	0.0	930
Ga0393416_11_1667_2857	CP000239.1:1318029-1319391|CDS|CYA_1308	99.748	1191	3	0	1	1191	172	1362	0.0	2135
Ga0393416_11_1667_2857	CP000240.1:965342-966683|CDS|CYB_0927	83.305	1192	197	2	1	1191	151	1341	0.0	1246
Ga0393416_11_3130_3861	CP000239.1:1317025-1317757|CDS|CYA_1307	99.863	732	1	0	1	732	1	732	0.0	1316
Ga0393416_11_3130_3861	CP000240.1:964369-965122|CDS|CYB_0926	84.153	732	116	0	1	732	22	753	0.0	798
Ga0393416_11_4810_5550	CP000239.1:1315336-1316857|CDS|CYA_1306	99.730	741	2	0	1	741	781	1521	0.0	1328
Ga0393416_11_4810_5550	CP000240.1:962549-964145|CDS|CYB_0925	72.794	816	144	6	1	741	784	1596	2.78e-146	515
Ga0393416_11_5636_6547	CP000239.1:1314339-1315251|CDS|CYA_1304	100.000	912	0	0	1	912	1	912	0.0	1645
Ga0393416_11_5636_6547	CP000240.1:961554-962472|CDS|CYB_0923	87.473	918	109	1	1	912	1	918	0.0	1139
Ga0393416_11_6544_7428	CP000239.1:1313461-1314343|CDS|CYA_1305	100.000	882	0	0	4	885	1	882	0.0	1591
Ga0393416_11_6544_7428	CP000240.1:960697-961558|CDS|CYB_0924	85.012	834	101	2	76	885	28	861	0.0	954
Ga0393416_11_7472_7789	CP000239.1:1313097-1313415|CDS|CYA_1303	99.686	318	1	0	1	318	1	318	5.95e-163	570
Ga0393416_11_7472_7789	CP000240.1:960258-960576|CDS|CYB_0922	88.679	318	36	0	1	318	1	318	1.01e-115	412
Ga0393416_11_7883_9112	CP000239.1:1311774-1313004|CDS|CYA_1302	98.211	1230	22	0	1	1230	1	1230	0.0	2120
Ga0393416_11_7883_9112	CP000240.1:958904-960134|CDS|CYB_0921	86.179	1230	170	0	1	1230	1	1230	0.0	1452
Ga0393416_11_9131_11299	CP000239.1:1309619-1311752|CDS|CYA_1301	99.811	2116	4	0	40	2155	1	2116	0.0	3799
Ga0393416_11_9131_11299	CP000240.1:956749-958873|CDS|CYB_0920	88.002	2117	254	0	40	2156	1	2117	0.0	2673
Ga0393416_11_11417_11815	CP000239.1:1308992-1309463|CDS|CYA_1300	100.000	399	0	0	1	399	73	471	0.0	720
Ga0393416_11_11417_11815	CP000240.1:956126-956597|CDS|CYB_0919	86.466	399	54	0	1	399	73	471	3.67e-135	477
Ga0393416_11_11931_12338	CP000239.1:1308541-1308949|CDS|CYA_1299	100.000	408	0	0	1	408	1	408	0.0	737
Ga0393416_11_11931_12338	CP000240.1:955635-956043|CDS|CYB_0918	86.765	408	54	0	1	408	1	408	4.89e-140	493
Ga0393416_11_12590_13240	CP000239.1:1307639-1308344|CDS|CYA_1298	100.000	651	0	0	1	651	55	705	0.0	1175
Ga0393416_11_12590_13240	CP000240.1:954733-955426|CDS|CYB_0916	82.383	579	76	2	1	578	64	617	7.46e-172	600
Ga0393416_11_13241_14050	CP000240.1:952598-953537|CDS|CYB_0915	97.995	798	16	0	1	798	130	927	0.0	1368
Ga0393416_11_13241_14050	CP000239.1:1306700-1307639|CDS|CYA_1297	90.864	810	74	0	1	810	130	939	0.0	1128
Ga0393416_12_87_956	CP000239.1:1340187-1341045|CDS|CYA_1324	94.725	853	45	0	13	865	1	853	0.0	1336
Ga0393416_12_87_956	CP000240.1:1441287-1442145|CDS|CYB_1371	90.687	859	78	2	13	870	1	858	0.0	1182
Ga0393416_12_960_1604	CP000240.1:1440738-1441284|CDS|CYB_1370	99.634	546	2	0	100	645	1	546	0.0	976
Ga0393416_12_960_1604	CP000239.1:1339536-1340181|CDS|CYA_1323	90.824	643	59	0	1	643	1	643	0.0	894
Ga0393416_12_1736_2299	CP000239.1:1338792-1339422|CDS|CYA_1322	94.794	557	29	0	1	557	70	626	0.0	875
Ga0393416_12_1736_2299	CP000240.1:1439944-1440508|CDS|CYB_1369	87.943	564	68	0	1	564	1	564	0.0	711
Ga0393416_12_2501_4846	CP000239.1:1336314-1338645|CDS|CYA_1321	98.069	2331	45	0	16	2346	1	2331	0.0	4002
Ga0393416_12_2501_4846	CP000240.1:1437379-1439743|CDS|CYB_1368	84.362	2366	348	7	1	2346	1	2364	0.0	2588
Ga0393416_12_5257_5460	CP000239.1:455920-457171|CDS|CYA_0436	87.383	214	14	2	1	201	772	985	1.66e-72	268
Ga0393416_12_6509_10405	CP000239.1:1330744-1334707|CDS|CYA_1319	99.307	3897	27	0	1	3897	67	3963	0.0	6907
Ga0393416_12_6509_10405	CP000240.1:940184-944147|CDS|CYB_0908	91.660	3897	325	0	1	3897	67	3963	0.0	5563
Ga0393416_12_10466_11308	CP000239.1:1329841-1330684|CDS|CYA_1318	99.763	843	2	0	1	843	1	843	0.0	1512
Ga0393416_12_10466_11308	CP000240.1:944224-945076|CDS|CYB_0909	82.324	826	146	0	18	843	27	852	0.0	832
Ga0393416_12_11385_11585	CP000239.1:1329549-1329765|CDS|CYA_1317	100.000	201	0	0	1	201	16	216	2.77e-101	363
Ga0393416_12_11385_11585	CP000240.1:945216-945417|CDS|CYB_0910	89.055	201	22	0	1	201	1	201	1.99e-71	264
Ga0393416_13_544_2040	CP000239.1:248587-250033|CDS|CYA_0245	99.931	1446	1	0	52	1497	1	1446	0.0	2604
Ga0393416_13_544_2040	CP000240.1:1875396-1876878|CDS|CYB_1788	80.554	1481	242	17	52	1491	1	1476	0.0	1338
Ga0393416_13_2114_3106	CP000239.1:250106-251099|CDS|CYA_0246	95.740	986	42	0	1	986	1	986	0.0	1590
Ga0393416_13_2114_3106	CP000240.1:1876941-1877934|CDS|CYB_1789	86.606	993	133	0	1	993	1	993	0.0	1192
Ga0393416_13_3134_4441	CP000239.1:251122-252430|CDS|CYA_0247	95.183	1308	63	0	1	1308	1	1308	0.0	2076
Ga0393416_13_3134_4441	CP000240.1:1877967-1879275|CDS|CYB_1790	86.547	1286	173	0	1	1286	1	1286	0.0	1540
Ga0393416_13_4533_4967	CP000239.1:252521-252956|CDS|CYA_0248	100.000	435	0	0	1	435	1	435	0.0	785
Ga0393416_13_4533_4967	CP000240.1:1760071-1760506|CDS|CYB_1684	88.046	435	52	0	1	435	1	435	2.22e-157	551
Ga0393416_13_4979_5836	CP000239.1:252952-253825|CDS|CYA_0249	99.767	858	2	0	1	858	16	873	0.0	1539
Ga0393416_13_4979_5836	CP000240.1:1760502-1761384|CDS|CYB_1685	81.546	867	151	2	1	858	16	882	0.0	842
Ga0393416_13_6439_6960	CP000239.1:254427-254949|CDS|CYA_0251	100.000	522	0	0	1	522	1	522	0.0	942
Ga0393416_13_6439_6960	CP000240.1:2348390-2348912|CDS|CYB_2243	87.305	512	65	0	1	512	1	512	0.0	631
Ga0393416_13_7059_7808	CP000239.1:255047-255797|CDS|CYA_0252	99.867	750	1	0	1	750	1	750	0.0	1349
Ga0393416_13_7059_7808	CP000240.1:635074-635824|CDS|CYB_0625	79.212	736	153	0	15	750	15	750	0.0	638
Ga0393416_13_7885_9321	CP000239.1:255873-257310|CDS|CYA_0254	100.000	1437	0	0	1	1437	1	1437	0.0	2592
Ga0393416_13_7885_9321	CP000240.1:635935-637345|CDS|CYB_0626	83.027	1361	221	4	1	1353	1	1359	0.0	1405
Ga0393416_13_9318_11816	CP000239.1:257306-260417|CDS|CYA_0253	99.840	2499	4	0	1	2499	613	3111	0.0	4489
Ga0393416_14_512_1792	CP000239.1:2051442-2052723|CDS|CYA_2034	99.844	1281	2	0	1	1281	1	1281	0.0	2302
Ga0393416_14_512_1792	CP000240.1:1092094-1093351|CDS|CYB_1053	73.777	1083	277	5	12	1092	12	1089	0.0	657
Ga0393416_14_2001_4688	CP000239.1:2052971-2055620|CDS|CYA_2035	99.509	2649	13	0	40	2688	1	2649	0.0	4719
Ga0393416_14_2001_4688	CP000240.1:2823702-2826357|CDS|CYB_2731	86.774	2548	307	2	40	2557	1	2548	0.0	3094
Ga0393416_14_4691_5347	CP000239.1:2055622-2056153|CDS|CYA_2036	100.000	531	0	0	127	657	1	531	0.0	958
Ga0393416_14_5813_6907	CP000239.1:2056744-2057839|CDS|CYA_2037	100.000	1095	0	0	1	1095	1	1095	0.0	1975
Ga0393416_14_5813_6907	CP000240.1:2827532-2828633|CDS|CYB_2734	88.283	1101	123	1	1	1095	1	1101	0.0	1406
Ga0393416_14_6918_8447	CP000239.1:2057849-2059484|CDS|CYA_2038	100.000	1530	0	0	1	1530	106	1635	0.0	2760
Ga0393416_14_6918_8447	CP000240.1:2828629-2830276|CDS|CYB_2733	85.521	1478	211	2	1	1475	118	1595	0.0	1695
Ga0393416_14_8718_9083	CP000239.1:2059649-2060015|CDS|CYA_2039	100.000	366	0	0	1	366	1	366	0.0	661
Ga0393416_14_9297_10124	CP000239.1:2060228-2061056|CDS|CYA_2040	100.000	828	0	0	1	828	1	828	0.0	1494
Ga0393416_14_9297_10124	CP000240.1:2831817-2832648|CDS|CYB_2736	80.774	827	156	2	1	824	1	827	0.0	769
Ga0393416_14_10157_10327	CP000239.1:2061088-2061946|CDS|CYA_2041	100.000	171	0	0	1	171	688	858	4.48e-85	309
Ga0393416_14_10157_10327	CP000240.1:2832681-2833539|CDS|CYB_2737	88.166	169	20	0	1	169	688	856	7.59e-57	215
Ga0393416_14_10314_10988	CP000239.1:2061088-2061946|CDS|CYA_2041	99.852	675	0	1	1	675	28	701	0.0	1210
Ga0393416_14_10314_10988	CP000240.1:2832681-2833539|CDS|CYB_2737	87.892	669	80	1	1	669	28	695	0.0	838
Ga0393416_15_15_389	CP000239.1:412217-412985|CDS|CYA_0398	99.733	375	1	0	1	375	394	768	0.0	673
Ga0393416_15_15_389	CP000240.1:2256714-2257467|CDS|CYB_2157	83.473	357	59	0	1	357	394	750	2.47e-105	379
Ga0393416_15_395_3196	CP000239.1:412990-415792|CDS|CYA_0399	99.714	2802	8	0	1	2802	1	2802	0.0	5018
Ga0393416_15_395_3196	CP000240.1:2257471-2260273|CDS|CYB_2158	82.168	2804	492	4	1	2800	1	2800	0.0	2792
Ga0393416_15_3347_3760	CP000239.1:415942-416356|CDS|CYA_0400	99.517	414	2	0	1	414	1	414	0.0	738
Ga0393416_15_3959_4822	CP000239.1:416554-417418|CDS|CYA_0401	99.769	864	2	0	1	864	1	864	0.0	1550
Ga0393416_15_3959_4822	CP000240.1:2261151-2262021|CDS|CYB_2160	85.910	802	113	0	40	841	22	823	0.0	938
Ga0393416_15_4832_5743	CP000239.1:417442-418339|CDS|CYA_0402	100.000	897	0	0	16	912	1	897	0.0	1618
Ga0393416_15_4832_5743	CP000240.1:2262300-2263200|CDS|CYB_2162	79.282	864	179	0	41	904	2	865	0.0	752
Ga0393416_15_5747_7414	CP000239.1:418342-420067|CDS|CYA_0403	100.000	1668	0	0	1	1668	58	1725	0.0	3009
Ga0393416_15_5747_7414	CP000240.1:2263193-2264918|CDS|CYB_2161	88.281	1664	195	0	1	1664	58	1721	0.0	2122
Ga0393416_15_7576_8130	CP000239.1:420171-420726|CDS|CYA_0404	100.000	555	0	0	1	555	1	555	0.0	1002
Ga0393416_15_7576_8130	CP000240.1:2528012-2528561|CDS|CYB_2431	80.906	508	97	0	1	508	1	508	1.49e-135	480
Ga0393416_15_8193_9152	CP000239.1:420788-421748|CDS|CYA_0405	100.000	960	0	0	1	960	1	960	0.0	1732
Ga0393416_15_8193_9152	CP000240.1:2528661-2529633|CDS|CYB_2432	83.792	944	153	0	10	953	10	953	0.0	1013
Ga0393416_15_9210_9764	CP000239.1:421805-422360|CDS|CYA_0406	100.000	555	0	0	1	555	1	555	0.0	1002
Ga0393416_15_9210_9764	CP000240.1:2529684-2530233|CDS|CYB_2433	80.039	516	101	2	11	525	11	525	1.39e-129	460
Ga0393416_15_9905_10435	CP000239.1:422500-423031|CDS|CYA_0407	91.682	529	44	0	1	529	1	529	0.0	756
Ga0393416_15_9905_10435	CP000240.1:2530393-2530924|CDS|CYB_2434	84.121	529	84	0	1	529	1	529	6.88e-165	576
Ga0393416_16_156_342	CP000239.1:2365934-2367356|CDS|CYA_2359	100.000	187	0	0	1	187	637	451	1.02e-93	338
Ga0393416_16_156_342	CP000240.1:886555-887974|CDS|CYB_0853	91.935	186	15	0	2	187	633	448	1.51e-72	269
Ga0393416_16_384_1127	CP000239.1:2365934-2367356|CDS|CYA_2359	99.866	744	1	0	1	744	679	1422	0.0	1338
Ga0393416_16_384_1127	CP000240.1:886555-887974|CDS|CYB_0853	92.473	744	56	0	1	744	676	1419	0.0	1090
Ga0393416_16_1259_2317	CP000239.1:2367487-2368546|CDS|CYA_2360	99.906	1059	1	0	1	1059	1	1059	0.0	1906
Ga0393416_16_1259_2317	CP000240.1:885360-886419|CDS|CYB_0852	86.874	1059	139	0	1	1059	1	1059	0.0	1284
Ga0393416_16_2379_3359	CP000239.1:2368607-2369564|CDS|CYA_2361	99.896	957	1	0	25	981	1	957	0.0	1722
Ga0393416_16_2379_3359	CP000240.1:884300-885257|CDS|CYB_0851	87.161	958	121	2	25	981	1	957	0.0	1167
Ga0393416_16_3624_4583	CP000239.1:2369786-2370812|CDS|CYA_2362	99.896	960	1	0	1	960	67	1026	0.0	1728
Ga0393416_16_3624_4583	CP000240.1:883062-884091|CDS|CYB_0850	92.083	960	76	0	1	960	70	1029	0.0	1389
Ga0393416_16_4660_6777	CP000239.1:2370849-2373006|CDS|CYA_2363	100.000	2118	0	0	1	2118	40	2157	0.0	3820
Ga0393416_16_6782_7522	CP000239.1:2373010-2373751|CDS|CYA_2364	100.000	741	0	0	1	741	1	741	0.0	1337
Ga0393416_16_6782_7522	CP000240.1:2442008-2442875|CDS|CYB_2337	66.612	605	162	12	9	577	61	661	2.01e-40	163
Ga0393416_16_7647_8534	CP000239.1:2373875-2374745|CDS|CYA_2365	99.885	870	1	0	19	888	1	870	0.0	1565
Ga0393416_16_7647_8534	CP000240.1:2445286-2446153|CDS|CYB_2339	86.427	862	117	0	19	880	1	862	0.0	1028
Ga0393416_16_8536_9543	CP000239.1:2374764-2375772|CDS|CYA_2366	99.901	1008	1	0	1	1008	1	1008	0.0	1814
Ga0393416_16_8536_9543	CP000240.1:2446157-2447159|CDS|CYB_2340	84.471	1011	145	2	1	1008	1	1002	0.0	1118
Ga0393416_16_9549_10301	CP000239.1:2375777-2376869|CDS|CYA_2367	100.000	753	0	0	1	753	340	1092	0.0	1359
Ga0393416_16_9549_10301	CP000240.1:2447145-2448270|CDS|CYB_2341	89.922	645	65	0	2	646	341	985	0.0	871
Ga0393416_17_875_1960	CP000239.1:1452528-1453614|CDS|CYA_1445	97.053	1086	32	0	1	1086	1	1086	0.0	1815
Ga0393416_17_875_1960	CP000240.1:1656498-1657581|CDS|CYB_1586	88.469	1084	122	1	1	1084	1	1081	0.0	1390
Ga0393416_17_2031_2300	CP000239.1:1453684-1453906|CDS|CYA_1446	99.550	222	1	0	49	270	1	222	6.50e-111	397
Ga0393416_17_2031_2300	CP000240.1:1656219-1656444|CDS|CYB_1585	91.111	225	17	1	49	270	1	225	1.74e-86	315
Ga0393416_17_2330_2743	CP000239.1:1453983-1454397|CDS|CYA_1447	100.000	414	0	0	1	414	1	414	0.0	747
Ga0393416_17_2330_2743	CP000240.1:1655732-1656143|CDS|CYB_1584	85.856	403	57	0	12	414	9	411	5.66e-133	471
Ga0393416_17_2740_3213	CP000239.1:1454393-1454849|CDS|CYA_1448	100.000	456	0	0	19	474	1	456	0.0	823
Ga0393416_17_2740_3213	CP000240.1:1655280-1655736|CDS|CYB_1583	87.939	456	55	0	19	474	1	456	2.13e-164	575
Ga0393416_17_3245_4108	CP000239.1:1454898-1455762|CDS|CYA_1449	100.000	864	0	0	1	864	1	864	0.0	1559
Ga0393416_17_3245_4108	CP000240.1:1654377-1655235|CDS|CYB_1582	88.514	801	92	0	1	801	1	801	0.0	1031
Ga0393416_17_4114_4464	CP000239.1:1455767-1456118|CDS|CYA_1450	100.000	351	0	0	1	351	1	351	0.0	634
Ga0393416_17_4114_4464	CP000240.1:1654013-1654364|CDS|CYB_1581	91.168	351	31	0	1	351	1	351	4.16e-140	494
Ga0393416_17_4537_5532	CP000239.1:1456190-1457186|CDS|CYA_1451	99.900	996	1	0	1	996	1	996	0.0	1792
Ga0393416_17_4537_5532	CP000240.1:1652910-1653918|CDS|CYB_1580	85.743	982	131	3	3	978	6	984	0.0	1135
Ga0393416_17_5655_6041	CP000239.1:1457308-1457695|CDS|CYA_1452	100.000	387	0	0	1	387	1	387	0.0	699
Ga0393416_17_5655_6041	CP000240.1:1652373-1652760|CDS|CYB_1579	89.406	387	41	0	1	387	1	387	4.93e-146	514
Ga0393416_17_6130_6513	CP000239.1:1457783-1458167|CDS|CYA_1453	100.000	384	0	0	1	384	1	384	0.0	693
Ga0393416_17_6130_6513	CP000240.1:1651905-1652289|CDS|CYB_1578	90.104	384	38	0	1	384	1	384	9.44e-149	522
Ga0393416_17_6728_6844	CP000239.1:1458380-1458497|CDS|CYA_1454	100.000	117	0	0	1	117	1	117	5.90e-56	212
Ga0393416_17_6728_6844	CP000240.1:1651587-1651704|CDS|CYB_1577	90.598	117	11	0	1	117	1	117	9.36e-41	162
Ga0393416_17_7012_8970	CP000239.1:1458691-1460623|CDS|CYA_1455	99.741	1932	5	0	28	1959	1	1932	0.0	3462
Ga0393416_17_7012_8970	CP000240.1:1649445-1651422|CDS|CYB_1576	85.455	1980	264	3	1	1959	1	1977	0.0	2281
Ga0393416_18_34_1476	CP000239.1:1907092-1908622|CDS|CYA_1897	99.931	1443	1	0	1	1443	88	1530	0.0	2599
Ga0393416_18_34_1476	CP000240.1:1948150-1949674|CDS|CYB_1865	86.055	1427	197	2	2	1427	89	1514	0.0	1670
Ga0393416_18_1500_3020	CP000239.1:1905548-1907069|CDS|CYA_1896	99.934	1521	1	0	1	1521	1	1521	0.0	2739
Ga0393416_18_1500_3020	CP000240.1:1909094-1910672|CDS|CYB_1821	79.434	1590	226	17	7	1514	1	1571	0.0	1408
Ga0393416_18_3726_5012	CP000239.1:1903556-1905149|CDS|CYA_1895	99.845	1287	2	0	1	1287	307	1593	0.0	2313
Ga0393416_18_3726_5012	CP000240.1:1907065-1908685|CDS|CYB_1820	80.566	1307	195	14	1	1285	349	1618	0.0	1203
Ga0393416_18_5106_6446	CP000239.1:1902122-1903463|CDS|CYA_1894	99.925	1341	1	0	1	1341	1	1341	0.0	2415
Ga0393416_18_5106_6446	CP000240.1:1905647-1906973|CDS|CYB_1819	86.343	1340	168	1	1	1340	1	1325	0.0	1601
Ga0393416_18_6597_8375	CP000239.1:1900193-1901972|CDS|CYA_1893	99.888	1779	2	0	1	1779	1	1779	0.0	3200
Ga0393416_18_6597_8375	CP000240.1:262490-264302|CDS|CYB_0248	86.316	1732	202	3	27	1733	27	1748	0.0	2074
Ga0393416_18_8523_9278	CP000239.1:1899290-1900046|CDS|CYA_1892	99.868	756	1	0	1	756	1	756	0.0	1360
Ga0393416_18_8523_9278	CP000240.1:264505-265258|CDS|CYB_0249	90.323	744	72	0	1	744	1	744	0.0	1018
Ga0393416_19_212_490	CP000239.1:2252018-2252297|CDS|CYA_2238	93.548	279	18	0	1	279	1	279	4.84e-119	423
Ga0393416_19_542_1096	CP000239.1:2252344-2252968|CDS|CYA_2239	84.328	536	81	1	1	536	1	533	3.99e-168	587
Ga0393416_19_1276_1839	CP000239.1:2253147-2253711|CDS|CYA_2240	97.340	564	15	0	1	564	1	564	0.0	950
Ga0393416_19_1276_1839	CP000240.1:382540-383098|CDS|CYB_0367	78.712	559	118	1	1	559	1	558	2.74e-132	469
Ga0393416_19_1868_2413	CP000239.1:2253780-2254269|CDS|CYA_2241	99.591	489	2	0	58	546	1	489	0.0	874
Ga0393416_19_1868_2413	CP000240.1:383135-383615|CDS|CYB_0368	83.966	474	76	0	58	531	1	474	7.09e-146	513
Ga0393416_19_2461_2955	CP000239.1:2254274-2254811|CDS|CYA_2242	98.384	495	8	0	1	495	43	537	0.0	857
Ga0393416_19_3076_3579	CP000239.1:2254931-2255552|CDS|CYA_2243	99.802	504	1	0	1	504	118	621	0.0	905
Ga0393416_19_3814_4230	CP000239.1:2255669-2256086|CDS|CYA_2245	100.000	417	0	0	1	417	1	417	0.0	753
Ga0393416_19_3814_4230	CP000240.1:2510262-2510691|CDS|CYB_2413	78.723	423	79	4	2	417	2	420	1.34e-96	350
Ga0393416_19_4227_5024	CP000239.1:2256082-2256880|CDS|CYA_2246	100.000	798	0	0	1	798	1	798	0.0	1440
Ga0393416_19_4227_5024	CP000240.1:2509468-2510266|CDS|CYB_2412	82.206	798	142	0	1	798	1	798	0.0	800
Ga0393416_19_5029_6369	CP000239.1:2256884-2258225|CDS|CYA_2247	100.000	1341	0	0	1	1341	1	1341	0.0	2419
Ga0393416_19_5029_6369	CP000240.1:2508112-2509453|CDS|CYB_2411	82.313	1340	237	0	1	1340	1	1340	0.0	1349
Ga0393416_19_7306_8766	CP000239.1:2261007-2262468|CDS|CYA_2252	100.000	1461	0	0	1	1461	1	1461	0.0	2636
Ga0393416_19_7306_8766	CP000240.1:2503543-2505004|CDS|CYB_2405	85.000	1460	219	0	1	1460	1	1460	0.0	1646
Ga0393416_20_991_1962	CP000239.1:2388709-2389681|CDS|CYA_2379	97.737	972	22	0	1	972	1	972	0.0	1654
Ga0393416_20_991_1962	CP000240.1:2459785-2460754|CDS|CYB_2353	88.533	968	108	1	1	968	1	965	0.0	1244
Ga0393416_20_2163_3320	CP000239.1:2387351-2388509|CDS|CYA_2378	99.827	1158	2	0	1	1158	1	1158	0.0	2080
Ga0393416_20_2163_3320	CP000240.1:2458546-2459590|CDS|CYB_2352	84.189	993	156	1	1	992	1	993	0.0	1080
Ga0393416_20_3262_3630	CP000239.1:2387041-2387377|CDS|CYA_2377	100.000	336	0	0	34	369	1	336	2.77e-174	607
Ga0393416_20_3262_3630	CP000240.1:2458111-2458453|CDS|CYB_2351	82.770	296	39	2	34	317	1	296	1.26e-83	306
Ga0393416_20_3652_4359	CP000239.1:2386312-2387020|CDS|CYA_2376	99.859	708	1	0	1	708	1	708	0.0	1273
Ga0393416_20_3652_4359	CP000240.1:2457379-2458093|CDS|CYB_2350	83.455	683	98	4	1	668	1	683	0.0	719
Ga0393416_20_4415_5032	CP000239.1:2385639-2386257|CDS|CYA_2374	99.838	618	1	0	1	618	1	618	0.0	1111
Ga0393416_20_4415_5032	CP000240.1:2456706-2457324|CDS|CYB_2348	86.893	618	81	0	1	618	1	618	0.0	750
Ga0393416_20_5029_5922	CP000239.1:2384821-2385643|CDS|CYA_2375	99.757	822	2	0	73	894	1	822	0.0	1474
Ga0393416_20_5029_5922	CP000240.1:2455813-2456710|CDS|CYB_2349	78.865	899	180	6	4	894	1	897	0.0	747
Ga0393416_20_6034_7062	CP000239.1:2383609-2384638|CDS|CYA_2373	99.708	1029	3	0	1	1029	1	1029	0.0	1843
Ga0393416_20_6034_7062	CP000240.1:2454669-2455713|CDS|CYB_2347	84.704	1046	141	7	1	1029	1	1044	0.0	1151
Ga0393416_20_7357_9015	CP000240.1:2452059-2454375|CDS|CYB_2346	96.203	1659	63	0	1	1659	658	2316	0.0	2709
Ga0393416_20_7357_9015	CP000239.1:2381067-2383401|CDS|CYA_2372	85.165	1638	240	1	1	1635	658	2295	0.0	1857
Ga0393416_21_828_2240	CP000239.1:2154963-2156349|CDS|CYA_2142	100.000	1386	0	0	28	1413	1	1386	0.0	2500
Ga0393416_21_828_2240	CP000240.1:540590-541976|CDS|CYB_0526	88.824	1378	154	0	28	1405	1	1378	0.0	1792
Ga0393416_21_2250_2516	CP000239.1:2156385-2156652|CDS|CYA_2143	100.000	267	0	0	1	267	1	267	5.62e-137	482
Ga0393416_21_2250_2516	CP000240.1:540237-540549|CDS|CYB_0525	86.139	202	28	0	3	204	45	246	1.09e-63	239
Ga0393416_21_2840_3370	CP000239.1:2156948-2157506|CDS|CYA_2144	99.812	531	1	0	1	531	28	558	0.0	954
Ga0393416_21_2840_3370	CP000240.1:539420-539978|CDS|CYB_0524	93.321	524	35	0	1	524	28	551	0.0	788
Ga0393416_21_3386_3850	CP000239.1:2157521-2157986|CDS|CYA_2145	99.785	465	1	0	1	465	1	465	0.0	835
Ga0393416_21_3386_3850	CP000240.1:538940-539405|CDS|CYB_0523	88.147	464	55	0	1	464	1	464	9.49e-169	590
Ga0393416_21_3977_5908	CP000239.1:2158112-2160044|CDS|CYA_2146	99.948	1932	1	0	1	1932	1	1932	0.0	3480
Ga0393416_21_3977_5908	CP000240.1:536867-538766|CDS|CYB_0522	81.090	1872	310	7	67	1904	1	1862	0.0	1789
Ga0393416_21_5960_7519	CP000239.1:2160095-2161619|CDS|CYA_2147	99.738	1524	4	0	37	1560	1	1524	0.0	2731
Ga0393416_21_5960_7519	CP000240.1:2855902-2857357|CDS|CYB_2759	82.074	1456	259	2	106	1560	1	1455	0.0	1443
Ga0393416_21_7756_7932	CP000239.1:2161891-2162068|CDS|CYA_2149	100.000	177	0	0	1	177	1	177	2.56e-88	320
Ga0393416_21_7756_7932	CP000240.1:2855484-2855664|CDS|CYB_2758	81.215	181	29	3	1	177	1	180	1.24e-41	165
Ga0393416_21_7990_8247	CP000239.1:2162125-2162611|CDS|CYA_2150	100.000	258	0	0	1	258	229	486	4.16e-132	466
Ga0393416_21_7990_8247	CP000240.1:2854865-2855417|CDS|CYB_2757	93.385	257	17	0	1	257	295	551	3.20e-108	388
Ga0393416_22_1034_1771	CP000239.1:45988-46711|CDS|CYA_0047	99.308	723	5	0	16	738	1	723	0.0	1282
Ga0393416_22_1034_1771	CP000240.1:1228691-1229426|CDS|CYB_1190	85.986	735	91	1	16	738	1	735	0.0	868
Ga0393416_22_1972_2982	CP000239.1:44777-45890|CDS|CYA_0046	99.703	1011	3	0	1	1011	103	1113	0.0	1810
Ga0393416_22_1972_2982	CP000240.1:1229528-1230635|CDS|CYB_1191	87.055	1012	129	2	1	1011	97	1107	0.0	1228
Ga0393416_22_3041_3835	CP000239.1:43924-44719|CDS|CYA_0045	99.748	795	2	0	1	795	1	795	0.0	1425
Ga0393416_22_3961_4680	CP000239.1:43127-43799|CDS|CYA_0044	94.395	678	32	2	43	720	1	672	0.0	1049
Ga0393416_22_3961_4680	CP000240.1:1230693-1231359|CDS|CYB_1192	69.926	675	186	8	43	713	1	662	2.90e-76	282
Ga0393416_22_4746_6041	CP000239.1:41741-43040|CDS|CYA_0043	93.050	1295	88	2	1	1294	1	1294	0.0	1923
Ga0393416_22_4746_6041	CP000240.1:1231466-1232786|CDS|CYB_1193	84.470	1320	181	1	1	1296	1	1320	0.0	1474
Ga0393416_22_6091_8016	CP000239.1:39583-41692|CDS|CYA_0042	100.000	1926	0	0	1	1926	184	2109	0.0	3474
Ga0393416_23_786_2201	CP000240.1:974139-975555|CDS|CYB_0936	97.811	1416	31	0	1	1416	1	1416	0.0	2415
Ga0393416_23_786_2201	CP000239.1:227550-228951|CDS|CYA_0224	83.004	1418	222	4	1	1416	1	1401	0.0	1471
Ga0393416_23_2331_2546	CP000239.1:1297562-1297778|CDS|CYA_1287	100.000	216	0	0	1	216	1	216	2.16e-109	390
Ga0393416_23_2331_2546	CP000240.1:973784-974000|CDS|CYB_0935	96.759	216	7	0	1	216	1	216	1.28e-99	359
Ga0393416_23_2331_2546	CP000239.1:229066-229282|CDS|CYA_0225	82.547	212	37	0	1	212	1	212	9.83e-57	216
Ga0393416_23_2575_3423	CP000239.1:1296685-1297534|CDS|CYA_1286	100.000	849	0	0	1	849	1	849	0.0	1532
Ga0393416_23_2575_3423	CP000240.1:972907-973756|CDS|CYB_0934	99.293	849	6	0	1	849	1	849	0.0	1505
Ga0393416_23_2575_3423	CP000239.1:230627-231440|CDS|CYA_0227	80.143	841	121	14	1	836	1	800	0.0	743
Ga0393416_23_3432_4220	CP000239.1:1295888-1296677|CDS|CYA_1285	99.873	789	1	0	1	789	1	789	0.0	1419
Ga0393416_23_3432_4220	CP000240.1:972110-972899|CDS|CYB_0933	99.620	789	3	0	1	789	1	789	0.0	1410
Ga0393416_23_4477_5514	CP000239.1:1294587-1295625|CDS|CYA_1284	99.326	1038	7	0	1	1038	1	1038	0.0	1841
Ga0393416_23_4477_5514	CP000240.1:970809-971847|CDS|CYB_0932	99.131	1036	9	0	1	1036	1	1036	0.0	1829
Ga0393416_23_5623_6795	CP000239.1:1293306-1294479|CDS|CYA_1283	99.829	1173	2	0	1	1173	1	1173	0.0	2107
Ga0393416_23_5623_6795	CP000240.1:969538-970711|CDS|CYB_0931	97.272	1173	32	0	1	1173	1	1173	0.0	1972
Ga0393416_24_1071_3314	CP000239.1:164139-166383|CDS|CYA_0167	99.822	2244	4	0	1	2244	1	2244	0.0	4030
Ga0393416_24_1071_3314	CP000239.1:142591-144856|CDS|CYA_0148	80.235	2211	429	7	25	2231	25	2231	0.0	1994
Ga0393416_24_1071_3314	CP000240.1:1971811-1974076|CDS|CYB_1886	80.190	2211	430	7	25	2231	25	2231	0.0	1989
Ga0393416_24_3583_4521	CP000239.1:162932-163925|CDS|CYA_0166	99.894	939	1	0	1	939	55	993	0.0	1690
Ga0393416_24_3583_4521	CP000240.1:1011011-1012010|CDS|CYB_0976	86.961	928	121	0	1	928	64	991	0.0	1129
Ga0393416_24_4554_5768	CP000239.1:161685-162930|CDS|CYA_0164	99.918	1215	1	0	1	1215	31	1245	0.0	2187
Ga0393416_24_4554_5768	CP000240.1:1012023-1013241|CDS|CYB_0978	88.627	1187	135	0	1	1187	31	1217	0.0	1533
Ga0393416_25_1304_2605	CP000239.1:803158-804700|CDS|CYA_0794	99.846	1302	2	0	1	1302	241	1542	0.0	2340
Ga0393416_25_1304_2605	CP000240.1:1413154-1414633|CDS|CYB_1345	79.811	1273	206	9	32	1301	254	1478	0.0	1143
Ga0393416_25_2827_3480	CP000239.1:804795-805575|CDS|CYA_0795	100.000	654	0	0	1	654	127	780	0.0	1180
Ga0393416_25_2827_3480	CP000240.1:1412286-1413045|CDS|CYB_1344	84.211	646	83	5	1	644	124	752	0.0	700
Ga0393416_25_3545_4048	CP000239.1:805639-806377|CDS|CYA_0796	99.795	488	1	0	1	488	1	488	0.0	876
Ga0393416_25_3545_4048	CP000240.1:1411474-1412218|CDS|CYB_1343	87.090	488	57	1	1	482	1	488	1.99e-171	598
Ga0393416_25_4051_4302	CP000239.1:809058-810159|CDS|CYA_0799	100.000	252	0	0	1	252	850	1101	7.33e-129	455
Ga0393416_25_4051_4302	CP000240.1:1403996-1405103|CDS|CYB_1339	86.853	251	33	0	1	251	856	1106	2.92e-83	305
Ga0393416_25_4773_5147	CP000239.1:808141-808642|CDS|CYA_0798	92.267	375	29	0	1	375	127	501	8.07e-156	546
Ga0393416_25_4773_5147	CP000240.1:1405599-1406109|CDS|CYB_1340	88.649	370	42	0	1	370	109	478	9.84e-136	479
Ga0393416_25_5244_6890	CP000239.1:806398-808078|CDS|CYA_0797	97.753	1647	37	0	1	1647	34	1680	0.0	2804
Ga0393416_25_5244_6890	CP000240.1:1409783-1411427|CDS|CYB_1342	83.191	1642	273	2	1	1642	1	1639	0.0	1711
Ga0393416_26_29_1621	CP000239.1:1571984-1573757|CDS|CYA_1563	98.681	1592	21	0	1	1592	181	1772	0.0	2777
Ga0393416_26_29_1621	CP000240.1:1103049-1104822|CDS|CYB_1066	87.754	1576	193	0	18	1593	198	1773	0.0	1973
Ga0393416_26_29_1621	CP000239.1:1745845-1747699|CDS|CYA_1741	64.342	1262	388	31	3	1236	216	1443	4.40e-40	164
Ga0393416_26_1670_2044	CP000239.1:1573799-1574174|CDS|CYA_1564	95.200	375	18	0	1	375	1	375	5.09e-171	596
Ga0393416_26_1670_2044	CP000240.1:1102632-1103001|CDS|CYB_1065	88.204	373	38	1	1	373	1	367	1.20e-134	476
Ga0393416_26_2207_2536	CP000239.1:1574336-1574666|CDS|CYA_1565	97.879	330	7	0	1	330	1	330	2.63e-161	564
Ga0393416_26_2207_2536	CP000240.1:1102132-1102462|CDS|CYB_1064	90.606	330	31	0	1	330	1	330	9.83e-129	456
Ga0393416_26_2611_3957	CP000239.1:1574741-1576091|CDS|CYA_1567	86.148	1350	184	1	1	1347	1	1350	0.0	1590
Ga0393416_26_2611_3957	CP000240.1:1100687-1102058|CDS|CYB_1063	85.746	1340	188	1	1	1337	1	1340	0.0	1554
Ga0393416_26_3954_5123	CP000239.1:1576087-1577257|CDS|CYA_1566	100.000	1170	0	0	1	1170	1	1170	0.0	2111
Ga0393416_26_3954_5123	CP000240.1:1898316-1899534|CDS|CYB_1813	81.158	1157	212	1	3	1153	15	1171	0.0	1105
Ga0393416_26_5251_5556	CP000239.1:1577384-1577690|CDS|CYA_1568	100.000	306	0	0	1	306	1	306	4.39e-158	553
Ga0393416_26_5251_5556	CP000240.1:1899635-1899971|CDS|CYB_1814	80.142	282	56	0	1	282	1	282	4.71e-69	257
Ga0393416_26_5625_6671	CP000239.1:1577758-1578805|CDS|CYA_1569	99.809	1047	2	0	1	1047	1	1047	0.0	1880
Ga0393416_26_5625_6671	CP000240.1:1900080-1901127|CDS|CYB_1815	87.273	1045	133	0	1	1045	1	1045	0.0	1286
Ga0393416_27_227_1222	CP000239.1:1353065-1354061|CDS|CYA_1340	99.900	996	1	0	1	996	1	996	0.0	1792
Ga0393416_27_227_1222	CP000240.1:2322454-2323450|CDS|CYB_2214	86.821	994	131	0	1	994	1	994	0.0	1203
Ga0393416_27_1235_2236	CP000239.1:1352021-1353053|CDS|CYA_1339	100.000	1002	0	0	1	1002	31	1032	0.0	1808
Ga0393416_27_1235_2236	CP000240.1:2321458-2322427|CDS|CYB_2213	85.936	967	121	2	49	1000	1	967	0.0	1136
Ga0393416_27_2332_3240	CP000239.1:1351047-1351947|CDS|CYA_1338	100.000	900	0	0	10	909	1	900	0.0	1624
Ga0393416_27_2332_3240	CP000240.1:2320415-2321315|CDS|CYB_2212	83.241	901	149	2	10	909	1	900	0.0	938
Ga0393416_27_3466_3969	CP000239.1:1350318-1350822|CDS|CYA_1337	100.000	504	0	0	1	504	1	504	0.0	910
Ga0393416_27_3466_3969	CP000240.1:2319672-2320176|CDS|CYB_2211	87.500	504	63	0	1	504	1	504	1.43e-179	626
Ga0393416_27_3971_4648	CP000239.1:1349639-1350317|CDS|CYA_1336	100.000	678	0	0	1	678	1	678	0.0	1223
Ga0393416_27_3971_4648	CP000240.1:2318972-2319650|CDS|CYB_2210	84.343	677	106	0	1	677	1	677	0.0	744
Ga0393416_27_4952_5953	CP000239.1:1348334-1349336|CDS|CYA_1334	94.611	1002	54	0	1	1002	1	1002	0.0	1564
Ga0393416_27_4952_5953	CP000240.1:2743992-2744994|CDS|CYB_2656	83.034	1002	170	0	1	1002	1	1002	0.0	1041
Ga0393416_27_5989_6558	CP000239.1:1347729-1348299|CDS|CYA_1333	99.825	570	1	0	1	570	1	570	0.0	1024
Ga0393416_27_5989_6558	CP000240.1:2743389-2743959|CDS|CYB_2655	87.321	560	71	0	1	560	1	560	0.0	691
Ga0393416_28_600_2186	CP000239.1:199552-206794|CDS|CYA_0200	89.118	1599	159	5	1	1587	5647	7242	0.0	2091
Ga0393416_28_600_2186	CP000240.1:1283414-1290932|CDS|CYB_1240	78.155	1648	286	25	1	1587	5884	7518	0.0	1304
Ga0393416_28_2244_3008	CP000239.1:198730-199495|CDS|CYA_0199	94.954	753	38	0	1	753	1	753	0.0	1187
Ga0393416_28_2244_3008	CP000240.1:1282594-1283350|CDS|CYB_1239	72.489	687	162	3	1	684	1	663	5.56e-111	398
Ga0393416_28_3063_4190	CP000239.1:197546-198674|CDS|CYA_0198	96.543	1128	39	0	1	1128	1	1128	0.0	1859
Ga0393416_28_3063_4190	CP000240.1:1281431-1282544|CDS|CYB_1238	74.932	1109	211	16	37	1119	40	1107	0.0	736
Ga0393416_28_4205_4756	CP000239.1:196980-197532|CDS|CYA_0197	94.203	552	32	0	1	552	1	552	0.0	852
Ga0393416_28_4853_6040	CP000239.1:195696-196884|CDS|CYA_0195	99.832	1188	2	0	1	1188	1	1188	0.0	2134
Ga0393416_28_4853_6040	CP000240.1:1279278-1280466|CDS|CYB_1236	85.935	1166	164	0	23	1188	23	1188	0.0	1364
Ga0393416_29_660_1031	CP000239.1:1183880-1184354|CDS|CYA_1161	100.000	372	0	0	1	372	103	474	0.0	672
Ga0393416_29_660_1031	CP000240.1:2708362-2708815|CDS|CYB_2614	83.333	348	58	0	1	348	103	450	4.44e-102	367
Ga0393416_29_1157_1693	CP000239.1:1184377-1184914|CDS|CYA_1162	99.814	537	1	0	1	537	1	537	0.0	965
Ga0393416_29_1157_1693	CP000240.1:2707788-2708325|CDS|CYB_2613	85.794	535	76	0	1	535	1	535	5.35e-179	623
Ga0393416_29_1712_2080	CP000239.1:1184932-1185301|CDS|CYA_1163	99.729	369	1	0	1	369	1	369	0.0	662
Ga0393416_29_1712_2080	CP000240.1:2707401-2707770|CDS|CYB_2612	82.927	369	63	0	1	369	1	369	2.00e-106	382
Ga0393416_29_2083_2628	CP000239.1:1185303-1185849|CDS|CYA_1164	99.817	546	1	0	1	546	1	546	0.0	981
Ga0393416_29_2083_2628	CP000240.1:2706824-2707370|CDS|CYB_2611	82.936	545	93	0	1	545	1	545	4.47e-161	564
Ga0393416_29_2655_3059	CP000239.1:1185875-1186280|CDS|CYA_1165	100.000	405	0	0	1	405	1	405	0.0	731
Ga0393416_29_2655_3059	CP000240.1:2706380-2706791|CDS|CYB_2610	88.698	407	40	1	1	401	1	407	2.35e-150	528
Ga0393416_29_3120_3662	CP000239.1:1186340-1186883|CDS|CYA_1166	99.632	543	2	0	1	543	1	543	0.0	971
Ga0393416_29_3120_3662	CP000240.1:2705791-2706334|CDS|CYB_2609	88.376	542	63	0	1	542	1	542	0.0	694
Ga0393416_29_3719_4117	CP000239.1:1186939-1187338|CDS|CYA_1167	99.749	399	1	0	1	399	1	399	0.0	716
Ga0393416_29_3719_4117	CP000240.1:2705324-2705723|CDS|CYB_2608	87.000	400	50	2	1	399	1	399	3.01e-136	480
Ga0393416_29_4117_4485	CP000239.1:1187337-1187706|CDS|CYA_1168	99.729	369	1	0	1	369	1	369	0.0	662
Ga0393416_29_4117_4485	CP000240.1:2704956-2705325|CDS|CYB_2607	90.137	365	36	0	1	365	1	365	3.60e-141	497
Ga0393416_29_4482_4733	CP000239.1:1187702-1187954|CDS|CYA_1169	100.000	252	0	0	1	252	1	252	7.33e-129	455
Ga0393416_29_4482_4733	CP000240.1:2704708-2704960|CDS|CYB_2606	88.889	252	28	0	1	252	1	252	7.34e-91	329
Ga0393416_29_4733_4963	CP000239.1:1187953-1188190|CDS|CYA_1170	100.000	231	0	0	1	231	7	237	1.67e-117	417
Ga0393416_29_4733_4963	CP000240.1:2704487-2704709|CDS|CYB_2605	87.629	194	24	0	1	194	7	200	7.62e-65	242
Ga0393416_29_4987_5463	CP000239.1:1188207-1188684|CDS|CYA_1171	99.790	477	1	0	1	477	1	477	0.0	856
Ga0393416_29_4987_5463	CP000240.1:2704006-2704474|CDS|CYB_2604	87.668	446	55	0	1	446	1	446	5.76e-159	557
Ga0393416_30_357_740	CP000239.1:1250866-1251250|CDS|CYA_1239	99.740	384	1	0	1	384	1	384	0.0	689
Ga0393416_30_357_740	CP000240.1:98089-98473|CDS|CYB_0083	87.760	384	47	0	1	384	1	384	2.89e-136	481
Ga0393416_30_829_2502	CP000239.1:1249104-1250778|CDS|CYA_1238	99.940	1674	1	0	1	1674	1	1674	0.0	3015
Ga0393416_30_829_2502	CP000240.1:96347-98018|CDS|CYB_0082	85.619	1349	191	1	1	1349	1	1346	0.0	1557
Ga0393416_30_2572_3564	CP000239.1:1247910-1249035|CDS|CYA_1237	99.698	993	3	0	1	993	133	1125	0.0	1778
Ga0393416_30_2572_3564	CP000240.1:1846141-1847293|CDS|CYB_1762	81.275	1020	164	5	1	993	133	1152	0.0	981
Ga0393416_30_3668_4126	CP000239.1:1247522-1247939|CDS|CYA_1236	100.000	417	0	0	43	459	1	417	0.0	753
Ga0393416_30_3668_4126	CP000240.1:1847264-1847729|CDS|CYB_1763	79.828	466	86	3	1	459	1	465	5.19e-115	411
Ga0393416_30_4123_5502	CP000239.1:1246104-1247484|CDS|CYA_1235	99.928	1380	1	0	1	1380	1	1380	0.0	2485
Ga0393416_30_4123_5502	CP000240.1:1847725-1849105|CDS|CYB_1764	85.507	1380	200	0	1	1380	1	1380	0.0	1588
Ga0393416_31_984_1487	CP000239.1:2295978-2296602|CDS|CYA_2292	100.000	504	0	0	1	504	121	624	0.0	910
Ga0393416_31_984_1487	CP000240.1:1383697-1384201|CDS|CYB_1321	90.982	499	45	0	1	499	1	499	0.0	698
Ga0393416_31_1558_2025	CP000239.1:2296552-2297020|CDS|CYA_2293	99.786	468	1	0	1	468	1	468	0.0	840
Ga0393416_31_1558_2025	CP000240.1:1385547-1386015|CDS|CYB_1323	89.103	468	51	0	1	468	1	468	2.40e-176	615
Ga0393416_31_2320_3087	CP000239.1:2297212-2298082|CDS|CYA_2295	99.870	768	1	0	1	768	103	870	0.0	1381
Ga0393416_31_2320_3087	CP000240.1:1386258-1387086|CDS|CYB_1325	87.139	762	98	0	1	762	52	813	0.0	933
Ga0393416_31_3084_3416	CP000239.1:2298078-2298411|CDS|CYA_2294	99.399	333	2	0	1	333	1	333	5.48e-170	592
Ga0393416_31_3084_3416	CP000240.1:1387082-1387433|CDS|CYB_1324	84.667	300	45	1	9	307	23	322	2.85e-91	331
Ga0393416_31_3441_4775	CP000239.1:2298435-2299770|CDS|CYA_2296	99.775	1335	3	0	1	1335	1	1335	0.0	2395
Ga0393416_31_3441_4775	CP000240.1:1387468-1388773|CDS|CYB_1326	84.718	1276	195	0	32	1307	2	1277	0.0	1423
Ga0393416_32_920_2113	CP000239.1:961325-962519|CDS|CYA_0950	95.477	1194	54	0	1	1194	1	1194	0.0	1911
Ga0393416_32_920_2113	CP000240.1:196290-197484|CDS|CYB_0182	83.152	1193	186	3	1	1181	1	1190	0.0	1246
Ga0393416_32_2227_2679	CP000239.1:960751-961249|CDS|CYA_0949	90.687	451	42	0	3	453	48	498	1.28e-179	625
Ga0393416_32_2227_2679	CP000240.1:2575433-2575955|CDS|CYB_2479	82.222	450	80	0	4	453	73	522	1.67e-127	452
Ga0393416_32_2772_4181	CP000239.1:959249-960659|CDS|CYA_0947	96.525	1410	49	0	1	1410	1	1410	0.0	2323
Ga0393416_32_2772_4181	CP000240.1:2576048-2577467|CDS|CYB_2481	85.511	1408	204	0	1	1408	1	1408	0.0	1620
Ga0393416_32_4178_5092	CP000239.1:957732-959253|CDS|CYA_0948	99.454	915	5	0	1	915	607	1521	0.0	1628
Ga0393416_32_4178_5092	CP000240.1:2577463-2578957|CDS|CYB_2480	79.815	867	161	7	8	864	599	1461	0.0	756
Ga0393416_33_722_1120	CP000239.1:395235-395853|CDS|CYA_0379	100.000	399	0	0	1	399	220	618	0.0	720
Ga0393416_33_722_1120	CP000240.1:1940029-1940677|CDS|CYB_1857	86.076	395	55	0	4	398	253	647	2.31e-131	465
Ga0393416_33_1382_1843	CP000239.1:394647-395193|CDS|CYA_0378	100.000	462	0	0	1	462	85	546	0.0	834
Ga0393416_33_1382_1843	CP000240.1:1940690-1941152|CDS|CYB_1858	84.632	462	71	0	1	462	1	462	5.95e-146	514
Ga0393416_33_1924_2817	CP000239.1:393757-394651|CDS|CYA_0377	99.553	894	4	0	1	894	1	894	0.0	1595
Ga0393416_33_1924_2817	CP000240.1:1941222-1942116|CDS|CYB_1859	87.892	892	108	0	1	892	1	892	0.0	1122
Ga0393416_33_4217_5200	CP000239.1:391399-392383|CDS|CYA_0374	99.898	984	1	0	1	984	1	984	0.0	1771
Ga0393416_33_4217_5200	CP000240.1:1943850-1944834|CDS|CYB_1863	89.128	975	106	0	1	975	1	975	0.0	1281
Ga0393416_34_885_2078	CP000239.1:793049-794243|CDS|CYA_0785	99.832	1194	2	0	1	1194	1	1194	0.0	2145
Ga0393416_34_885_2078	CP000240.1:922572-923790|CDS|CYB_0890	84.942	1129	166	4	43	1169	67	1193	0.0	1256
Ga0393416_34_2174_5074	CP000239.1:790053-792954|CDS|CYA_0784	94.416	2901	162	0	1	2901	1	2901	0.0	4502
Ga0393416_34_2174_5074	CP000240.1:1236890-1239794|CDS|CYB_1196	86.814	2897	379	1	1	2894	1	2897	0.0	3501
Ga0393416_35_80_1018	CP000240.1:2731980-2732931|CDS|CYB_2645	94.217	951	37	1	7	939	1	951	0.0	1480
Ga0393416_35_80_1018	CP000239.1:1170900-1171863|CDS|CYA_1146	72.661	962	233	1	7	938	1	962	1.51e-163	572
Ga0393416_35_1560_3095	CP000240.1:2733292-2734828|CDS|CYB_2646	98.177	1536	28	0	1	1536	1	1536	0.0	2645
Ga0393416_35_1560_3095	CP000239.1:1169040-1170579|CDS|CYA_1145	84.725	1545	221	4	1	1536	1	1539	0.0	1718
Ga0393416_35_3283_4182	CP000239.1:1167977-1168946|CDS|CYA_1144	98.889	900	10	0	1	900	70	969	0.0	1579
Ga0393416_35_3283_4182	CP000240.1:2734922-2735891|CDS|CYB_2647	94.878	898	46	0	1	898	70	967	0.0	1413
Ga0393416_35_4260_4472	CP000239.1:1167657-1167912|CDS|CYA_1143	100.000	213	0	0	1	213	243	31	9.04e-108	385
Ga0393416_35_4260_4472	CP000240.1:2735955-2736210|CDS|CYB_2648	98.122	213	4	0	1	213	243	31	2.42e-102	367
Ga0393416_35_5015_5425	CP000239.1:1166504-1166915|CDS|CYA_1142	97.810	411	9	0	1	411	1	411	0.0	701
Ga0393416_35_5015_5425	CP000240.1:2737441-2737852|CDS|CYB_2649	97.567	411	10	0	1	411	1	411	0.0	697
Ga0393416_36_737_1666	CP000239.1:48907-49837|CDS|CYA_0050	99.140	930	8	0	1	930	1	930	0.0	1642
Ga0393416_36_737_1666	CP000240.1:1225171-1226113|CDS|CYB_1187	89.915	942	83	1	1	930	1	942	0.0	1278
Ga0393416_36_1721_2833	CP000239.1:49891-51004|CDS|CYA_0051	100.000	1113	0	0	1	1113	1	1113	0.0	2008
Ga0393416_36_1721_2833	CP000240.1:1223891-1225124|CDS|CYB_1186	85.752	1130	128	3	1	1097	97	1226	0.0	1329
Ga0393416_36_2999_3499	CP000239.1:51169-51670|CDS|CYA_0052	99.601	501	2	0	1	501	1	501	0.0	895
Ga0393416_36_2999_3499	CP000239.1:50662-51715|CDS|CYA_0054	99.601	501	2	0	1	501	1008	508	0.0	895
Ga0393416_36_2999_3499	CP000240.1:1223347-1223845|CDS|CYB_1185	86.627	501	64	1	1	501	1	498	5.67e-172	600
Ga0393416_36_3612_4670	CP000239.1:52801-53860|CDS|CYA_0055	99.906	1059	1	0	1	1059	1	1059	0.0	1906
Ga0393416_36_3612_4670	CP000240.1:1222136-1223204|CDS|CYB_1184	83.760	1016	165	0	1	1016	1	1016	0.0	1089
Ga0393416_37_614_1045	CP000239.1:298515-298947|CDS|CYA_0292	100.000	432	0	0	1	432	1	432	0.0	780
Ga0393416_37_614_1045	CP000240.1:2928603-2929035|CDS|CYB_2828	80.510	431	84	0	1	431	1	431	8.80e-112	399
Ga0393416_37_1108_1380	CP000239.1:297418-298483|CDS|CYA_0291	100.000	273	0	0	1	273	303	31	3.18e-140	493
Ga0393416_37_1423_2142	CP000239.1:297418-298483|CDS|CYA_0291	100.000	720	0	0	1	720	346	1065	0.0	1299
Ga0393416_37_1423_2142	CP000240.1:2929068-2930205|CDS|CYB_2829	83.287	724	107	1	11	720	389	1112	0.0	769
Ga0393416_37_2189_2446	CP000239.1:297114-297372|CDS|CYA_0290	100.000	258	0	0	1	258	1	258	4.16e-132	466
Ga0393416_37_2189_2446	CP000240.1:2930227-2930485|CDS|CYB_2830	79.457	258	53	0	1	258	1	258	6.62e-60	227
Ga0393416_37_2446_2763	CP000239.1:296797-297106|CDS|CYA_0289	99.676	309	1	0	10	318	1	309	4.57e-158	554
Ga0393416_37_2446_2763	CP000240.1:2930484-2930802|CDS|CYB_2831	81.646	316	58	0	1	316	1	316	8.86e-85	309
Ga0393416_37_2833_3033	CP000239.1:296527-296728|CDS|CYA_0288	100.000	201	0	0	1	201	1	201	2.77e-101	363
Ga0393416_37_2833_3033	CP000240.1:2931330-2931537|CDS|CYB_2832	74.874	199	50	0	1	199	1	199	2.43e-32	134
Ga0393416_37_3266_4078	CP000239.1:295482-296295|CDS|CYA_0287	99.877	813	1	0	1	813	1	813	0.0	1462
Ga0393416_37_3266_4078	CP000240.1:2931710-2932577|CDS|CYB_2833	83.541	802	132	0	2	803	38	839	0.0	852
Ga0393416_37_4140_5414	CP000239.1:294017-295421|CDS|CYA_0286	99.294	1275	9	0	1	1275	130	1404	0.0	2260
Ga0393416_37_4140_5414	CP000240.1:344053-345457|CDS|CYB_0327	87.598	1274	158	0	1	1274	130	1403	0.0	1586
Ga0393416_38_216_1148	CP000239.1:1216338-1217253|CDS|CYA_1206	99.891	915	1	0	19	933	1	915	0.0	1646
Ga0393416_38_216_1148	CP000240.1:2426035-2426938|CDS|CYB_2315	87.653	899	111	0	31	929	1	899	0.0	1122
Ga0393416_38_1376_1867	CP000239.1:1217480-1217972|CDS|CYA_1208	99.797	492	1	0	1	492	1	492	0.0	884
Ga0393416_38_1376_1867	CP000240.1:2484334-2484835|CDS|CYB_2380	83.537	492	81	0	1	492	10	501	1.23e-148	523
Ga0393416_38_2550_3278	CP000239.1:1218654-1219383|CDS|CYA_1209	99.863	729	1	0	1	729	1	729	0.0	1311
Ga0393416_38_2550_3278	CP000240.1:2485553-2486282|CDS|CYB_2383	91.736	726	58	2	1	725	1	725	0.0	1032
Ga0393416_38_3291_4604	CP000239.1:1219395-1220859|CDS|CYA_1210	95.510	1314	59	0	1	1314	151	1464	0.0	2104
Ga0393416_38_3291_4604	CP000240.1:2486294-2487725|CDS|CYB_2384	86.900	1313	172	0	2	1314	119	1431	0.0	1593
Ga0393416_39_37_372	CP000239.1:1466742-1467078|CDS|CYA_1461	100.000	336	0	0	1	336	1	336	2.51e-174	607
Ga0393416_39_37_372	CP000240.1:669014-669383|CDS|CYB_0654	81.677	322	56	1	1	319	43	364	7.72e-86	314
Ga0393416_39_376_1275	CP000239.1:1465839-1466739|CDS|CYA_1460	99.889	900	1	0	1	900	1	900	0.0	1619
Ga0393416_39_376_1275	CP000240.1:668014-669001|CDS|CYB_0653	80.936	897	129	3	12	866	27	923	0.0	872
Ga0393416_39_1393_2346	CP000239.1:1464768-1465722|CDS|CYA_1459	99.686	954	3	0	1	954	1	954	0.0	1708
Ga0393416_39_1393_2346	CP000240.1:667102-667960|CDS|CYB_0652	75.286	874	195	3	69	942	3	855	2.13e-174	609
Ga0393416_39_2399_3361	CP000239.1:1463666-1464716|CDS|CYA_1458	100.000	963	0	0	1	963	88	1050	0.0	1737
Ga0393416_39_2399_3361	CP000240.1:663341-664406|CDS|CYB_0650	86.715	956	121	1	1	950	97	1052	0.0	1153
Ga0393416_39_3557_5056	CP000239.1:1461998-1463558|CDS|CYA_1457	100.000	1500	0	0	1	1500	61	1560	0.0	2706
Ga0393416_39_3557_5056	CP000240.1:661654-663232|CDS|CYB_0649	84.824	1476	224	0	21	1496	99	1574	0.0	1653
Ga0393416_40_280_687	CP000239.1:2610754-2611231|CDS|CYA_2587	99.510	408	2	0	1	408	70	477	0.0	728
Ga0393416_40_280_687	CP000239.1:2362619-2363096|CDS|CYA_2355	99.510	408	2	0	1	408	70	477	0.0	728
Ga0393416_40_280_687	CP000239.1:2604255-2604732|CDS|CYA_2580	99.507	406	2	0	3	408	72	477	0.0	724
Ga0393416_40_280_687	CP000239.1:563303-563780|CDS|CYA_0549	99.507	406	2	0	3	408	72	477	0.0	724
Ga0393416_40_280_687	CP000239.1:1922539-1923016|CDS|CYA_1913	99.265	408	3	0	1	408	70	477	0.0	723
Ga0393416_40_280_687	CP000239.1:65282-65759|CDS|CYA_0068	99.265	408	3	0	1	408	70	477	0.0	723
Ga0393416_40_280_687	CP000239.1:2085206-2085683|CDS|CYA_2064	99.020	408	4	0	1	408	70	477	0.0	719
Ga0393416_40_280_687	CP000239.1:2426211-2426688|CDS|CYA_2415	99.015	406	4	0	3	408	72	477	0.0	715
Ga0393416_40_280_687	CP000239.1:1161245-1161722|CDS|CYA_1137	99.015	406	4	0	3	408	72	477	0.0	715
Ga0393416_40_280_687	CP000239.1:1968829-1969306|CDS|CYA_1958	98.768	406	5	0	3	408	72	477	0.0	710
Ga0393416_40_280_687	CP000239.1:2237233-2237710|CDS|CYA_2221	98.765	405	5	0	4	408	73	477	0.0	709
Ga0393416_40_280_687	CP000239.1:1153630-1154107|CDS|CYA_1128	98.522	406	6	0	3	408	72	477	0.0	706
Ga0393416_40_280_687	CP000239.1:152387-152861|CDS|CYA_0156	98.263	403	7	0	1	403	70	472	0.0	696
Ga0393416_40_280_687	CP000239.1:2741014-2741329|CDS|CYA_2724	98.413	315	5	0	94	408	1	315	8.83e-156	546
Ga0393416_40_280_687	CP000239.1:2654704-2655019|CDS|CYA_2640	98.413	315	5	0	94	408	1	315	8.83e-156	546
Ga0393416_40_1160_3019	CP000239.1:1602097-1603957|CDS|CYA_1593	99.731	1860	5	0	1	1860	1	1860	0.0	3333
Ga0393416_40_1160_3019	CP000240.1:1896358-1898188|CDS|CYB_1812	84.948	1827	275	0	34	1860	4	1830	0.0	2056
Ga0393416_40_3336_4853	CP000239.1:1603970-1605488|CDS|CYA_1594	99.934	1518	1	0	1	1518	1	1518	0.0	2734
Ga0393416_40_3336_4853	CP000240.1:1894837-1896346|CDS|CYB_1811	85.017	1455	200	6	1	1446	1	1446	0.0	1631
Ga0393416_40_3336_4853	CP000240.1:2973825-2975361|CDS|CYB_2876	65.915	1153	364	19	148	1284	130	1269	1.28e-65	249
Ga0393416_41_3786_4259	CP000239.1:1896113-1896587|CDS|CYA_1888	100.000	474	0	0	1	474	1	474	0.0	856
Ga0393416_41_3786_4259	CP000240.1:268364-268817|CDS|CYB_0253	83.812	383	62	0	92	474	71	453	1.54e-115	412
Ga0393416_41_4306_5088	CP000239.1:1896633-1897416|CDS|CYA_1889	100.000	783	0	0	1	783	1	783	0.0	1413
Ga0393416_41_4306_5088	CP000240.1:267543-268326|CDS|CYB_0252	81.961	765	138	0	10	774	10	774	0.0	758
Ga0393416_42_23_526	CP000239.1:546669-549456|CDS|CYA_0531	93.849	504	17	1	1	504	1975	2464	0.0	778
Ga0393416_42_23_526	CP000240.1:137265-140061|CDS|CYB_0126	85.624	473	68	0	1	473	1984	2456	3.16e-156	547
Ga0393416_42_511_849	CP000239.1:546669-549456|CDS|CYA_0531	98.525	339	5	0	1	339	2449	2787	6.80e-169	590
Ga0393416_42_511_849	CP000240.1:137265-140061|CDS|CYB_0126	82.544	338	59	0	1	338	2458	2795	4.60e-95	344
Ga0393416_42_915_1175	CP000239.1:549521-549782|CDS|CYA_0532	99.617	261	1	0	1	261	1	261	4.21e-132	467
Ga0393416_42_915_1175	CP000240.1:136912-137173|CDS|CYB_0125	87.692	260	32	0	1	260	1	260	9.30e-90	325
Ga0393416_42_1227_1523	CP000239.1:549833-550130|CDS|CYA_0533	100.000	297	0	0	1	297	1	297	3.27e-153	536
Ga0393416_42_1227_1523	CP000240.1:136596-136893|CDS|CYB_0124	81.818	275	50	0	1	275	1	275	2.07e-73	271
Ga0393416_42_1673_2200	CP000239.1:550278-550806|CDS|CYA_0534	100.000	528	0	0	1	528	1	528	0.0	953
Ga0393416_42_1673_2200	CP000240.1:2354502-2355138|CDS|CYB_2251	82.816	483	83	0	28	510	22	504	5.26e-141	498
Ga0393416_42_2210_2383	CP000239.1:550815-551700|CDS|CYA_0535	100.000	174	0	0	1	174	712	885	1.07e-86	315
Ga0393416_42_2210_2383	CP000240.1:2355469-2356333|CDS|CYB_2252	83.969	131	20	1	1	130	712	842	1.69e-33	139
Ga0393416_42_2406_3095	CP000239.1:550815-551700|CDS|CYA_0535	99.710	690	1	1	1	690	1	689	0.0	1232
Ga0393416_42_2406_3095	CP000240.1:2355469-2356333|CDS|CYB_2252	87.101	690	88	1	1	690	1	689	0.0	840
Ga0393416_42_3318_3752	CP000239.1:551961-552357|CDS|CYA_0536	100.000	396	0	0	40	435	1	396	0.0	715
Ga0393416_42_3318_3752	CP000240.1:2356576-2357002|CDS|CYB_2253	88.967	426	47	0	10	435	1	426	5.23e-159	557
Ga0393416_42_4122_4730	CP000239.1:552726-553335|CDS|CYA_0537	99.836	609	1	0	1	609	1	609	0.0	1095
Ga0393416_42_4122_4730	CP000240.1:2357236-2357845|CDS|CYB_2254	92.282	609	47	0	1	609	1	609	0.0	887
Ga0393416_43_99_1268	CP000239.1:1958779-1960201|CDS|CYA_1947	99.915	1170	1	0	1	1170	253	1422	0.0	2106
Ga0393416_43_99_1268	CP000240.1:844859-846245|CDS|CYB_0816	77.380	1145	199	8	1	1112	253	1370	0.0	916
Ga0393416_43_1282_2003_DR2	CP000239.1:1860048-1860273|CDS|CYA_1856	97.222	36	1	0	1	36	87	52	3.97e-11	61.7
Ga0393416_43_1282_2003_DR4	CP000239.1:1860048-1860273|CDS|CYA_1856	97.222	36	1	0	1	36	87	52	3.97e-11	61.7
Ga0393416_43_1282_2003_DR5	CP000239.1:1860048-1860273|CDS|CYA_1856	97.222	36	1	0	1	36	87	52	3.97e-11	61.7
Ga0393416_43_1282_2003_DR6	CP000239.1:1860048-1860273|CDS|CYA_1856	97.222	36	1	0	1	36	87	52	3.97e-11	61.7
Ga0393416_43_1282_2003_DR7	CP000239.1:1860048-1860273|CDS|CYA_1856	97.222	36	1	0	1	36	87	52	3.97e-11	61.7
Ga0393416_43_1282_2003_DR8	CP000239.1:1860048-1860273|CDS|CYA_1856	97.222	36	1	0	1	36	87	52	3.97e-11	61.7
Ga0393416_43_1282_2003_DR9	CP000239.1:1860048-1860273|CDS|CYA_1856	97.222	36	1	0	1	36	87	52	3.97e-11	61.7
Ga0393416_43_1282_2003_DR10	CP000239.1:1860048-1860273|CDS|CYA_1856	97.222	36	1	0	1	36	87	52	3.97e-11	61.7
Ga0393416_43_2262_3920	CP000239.1:1960583-1962242|CDS|CYA_1948	99.940	1659	1	0	1	1659	1	1659	0.0	2988
Ga0393416_43_2262_3920	CP000240.1:154701-156357|CDS|CYB_0141	84.569	1646	254	0	7	1652	4	1649	0.0	1824
Ga0393416_43_3958_4545	CP000239.1:1962279-1962861|CDS|CYA_1949	99.656	582	2	0	7	588	1	582	0.0	1041
Ga0393416_43_3958_4545	CP000240.1:154074-154656|CDS|CYB_0140	83.649	581	95	0	7	587	1	581	7.16e-178	620
Ga0393416_44_26_1303	CP000239.1:1432664-1434956|CDS|CYA_1428	84.909	1312	159	6	1	1273	970	2281	0.0	1482
Ga0393416_44_4151_4546	CP000239.1:1438096-1438597|CDS|CYA_1432	96.885	321	10	0	76	396	181	501	1.55e-152	535
Ga0393416_45_67_735	CP000239.1:2356030-2356699|CDS|CYA_2348	99.851	669	1	0	1	669	1	669	0.0	1203
Ga0393416_45_67_735	CP000240.1:895381-896095|CDS|CYB_0862	75.235	533	132	0	1	533	1	533	8.22e-102	367
Ga0393416_45_1369_2166	CP000239.1:2354506-2355397|CDS|CYA_2347	99.875	798	1	0	1	798	94	891	0.0	1435
Ga0393416_45_1369_2166	CP000240.1:1155327-1156215|CDS|CYB_1117	87.340	782	99	0	1	782	91	872	0.0	965
Ga0393416_45_1369_2166	CP000239.1:719653-720526|CDS|CYA_0714	64.698	762	240	19	3	751	90	835	6.23e-22	103
Ga0393416_45_1369_2166	CP000240.1:3003800-3004655|CDS|CYB_2905	65.000	680	211	17	3	670	90	754	6.23e-22	102
Ga0393416_46_208_1728	CP000239.1:800171-801692|CDS|CYA_0791	99.869	1521	2	0	1	1521	1	1521	0.0	2735
Ga0393416_46_208_1728	CP000240.1:1415905-1417561|CDS|CYB_1347	76.938	1561	319	10	1	1521	97	1656	0.0	1185
Ga0393416_46_1863_2897	CP000239.1:798945-800037|CDS|CYA_0790	100.000	1035	0	0	1	1035	58	1092	0.0	1867
Ga0393416_46_1863_2897	CP000240.1:3039612-3040641|CDS|CYB_2937	81.542	921	164	6	1	918	43	960	0.0	874
Ga0393416_46_2951_3214	CP000239.1:798685-798949|CDS|CYA_0789	98.864	264	3	0	1	264	1	264	5.20e-131	463
Ga0393416_46_2951_3214	CP000240.1:3039346-3039616|CDS|CYB_2936	76.494	251	59	0	1	251	1	251	5.95e-48	187
Ga0393416_47_539_1408	CP000239.1:1957238-1958108|CDS|CYA_1945	98.393	871	12	2	1	870	1	870	0.0	1501
Ga0393416_47_539_1408	CP000240.1:652536-653388|CDS|CYB_0642	82.479	839	147	0	1	839	1	839	0.0	851
Ga0393416_48_1492_3042	CP000239.1:1402733-1404284|CDS|CYA_1398	98.711	1551	20	0	1	1551	1	1551	0.0	2708
Ga0393416_48_1492_3042	CP000240.1:2335085-2336642|CDS|CYB_2229	88.622	1538	173	2	1	1537	1	1537	0.0	1978
Ga0393416_48_3046_3573	CP000239.1:1402202-1402730|CDS|CYA_1397	100.000	528	0	0	1	528	1	528	0.0	953
Ga0393416_48_3046_3573	CP000240.1:2334540-2335089|CDS|CYB_2230	81.423	506	85	2	1	497	1	506	2.73e-138	489
Ga0393416_48_3570_3785	CP000239.1:1401834-1402206|CDS|CYA_1396	100.000	216	0	0	1	216	157	372	2.16e-109	390
Ga0393416_48_3570_3785	CP000240.1:2334172-2334544|CDS|CYB_2228	82.407	216	38	0	1	216	157	372	8.07e-58	219
Ga0393416_49_236_583	CP000240.1:817509-817875|CDS|CYB_0791	93.272	327	22	0	1	327	1	327	1.45e-139	491
Ga0393416_49_236_583	CP000239.1:461982-462321|CDS|CYA_0442	87.069	348	36	2	1	348	1	339	1.76e-119	425
Ga0393416_49_644_976	CP000239.1:462385-462718|CDS|CYA_0443	96.396	333	12	0	1	333	1	333	2.04e-156	547
Ga0393416_49_644_976	CP000240.1:817934-818216|CDS|CYB_0792	84.014	294	29	5	46	333	1	282	7.64e-86	313
Ga0393416_49_1027_1572	CP000239.1:462768-463866|CDS|CYA_0444	99.634	546	2	0	1	546	553	1098	0.0	976
Ga0393416_49_1027_1572	CP000240.1:818330-819434|CDS|CYB_0793	81.835	545	99	0	2	546	560	1104	6.22e-153	537
Ga0393416_49_1666_2244	CP000239.1:462768-463866|CDS|CYA_0444	99.566	461	2	0	119	579	1	461	0.0	823
Ga0393416_49_1666_2244	CP000240.1:818330-819434|CDS|CYB_0793	77.088	467	85	3	135	579	1	467	7.07e-102	367
Ga0393416_49_2297_3592	CP000239.1:458676-459972|CDS|CYA_0439	99.228	1296	10	0	1	1296	1	1296	0.0	2293
Ga0393416_49_2297_3592	CP000240.1:814083-815385|CDS|CYB_0788	83.175	1266	205	4	1	1262	1	1262	0.0	1313
Ga0393416_49_2297_3592	CP000239.1:2019790-2021053|CDS|CYA_2003	67.695	972	297	9	34	1001	43	1001	3.13e-85	313
Ga0393416_49_2297_3592	CP000240.1:1340740-1342003|CDS|CYB_1286	66.160	987	309	10	34	1012	43	1012	8.97e-67	252
Ga0393416_51_365_1345	CP000239.1:1734517-1735498|CDS|CYA_1730	97.146	981	28	0	1	981	1	981	0.0	1644
Ga0393416_51_365_1345	CP000240.1:2001750-2002731|CDS|CYB_1917	96.024	981	39	0	1	981	1	981	0.0	1594
Ga0393416_51_1356_2651	CP000240.1:2002740-2004036|CDS|CYB_1918	95.525	1296	58	0	1	1296	1	1296	0.0	2076
Ga0393416_51_1356_2651	CP000239.1:1733212-1734508|CDS|CYA_1729	94.676	1296	69	0	1	1296	1	1296	0.0	2027
Ga0393416_51_2785_3366	CP000240.1:2004169-2004751|CDS|CYB_1919	100.000	582	0	0	1	582	1	582	0.0	1050
Ga0393416_51_2785_3366	CP000239.1:1732497-1733079|CDS|CYA_1728	100.000	582	0	0	1	582	1	582	0.0	1050
Ga0393416_52_10_1143	CP000239.1:1629792-1630971|CDS|CYA_1627	100.000	1134	0	0	1	1134	46	1179	0.0	2046
Ga0393416_52_10_1143	CP000240.1:1983818-1984997|CDS|CYB_1897	88.496	1130	130	0	5	1134	50	1179	0.0	1452
Ga0393416_52_1134_1784	CP000239.1:1630961-1631612|CDS|CYA_1626	99.846	651	1	0	1	651	1	651	0.0	1170
Ga0393416_52_1134_1784	CP000240.1:1983177-1983828|CDS|CYB_1898	85.253	651	96	0	1	651	1	651	0.0	742
Ga0393416_52_1843_2091	CP000239.1:1631670-1631919|CDS|CYA_1628	100.000	249	0	0	1	249	1	249	3.08e-127	450
Ga0393416_52_2219_2743	CP000239.1:1632070-1632571|CDS|CYA_1629	99.800	501	1	0	25	525	1	501	0.0	900
Ga0393416_52_2219_2743	CP000240.1:935938-936439|CDS|CYB_0906	82.209	489	87	0	25	513	1	489	7.77e-139	490
Ga0393416_52_2766_3074	CP000239.1:1632593-1632902|CDS|CYA_1630	100.000	309	0	0	1	309	1	309	1.04e-159	558
Ga0393416_52_2766_3074	CP000240.1:1333696-1334005|CDS|CYB_1278	88.997	309	34	0	1	309	1	309	1.45e-113	405
Ga0393416_52_3151_3360	CP000239.1:1632978-1633587|CDS|CYA_1631	100.000	210	0	0	1	210	400	609	3.78e-106	379
Ga0393416_52_3151_3360	CP000240.1:1334082-1334691|CDS|CYB_1279	86.667	210	28	0	1	210	400	609	3.79e-68	253
Ga0393416_53_286_3099	CP000239.1:1301517-1304331|CDS|CYA_1293	99.822	2814	5	0	1	2814	1	2814	0.0	5053
Ga0393416_54_5_469	CP000239.1:1230624-1231089|CDS|CYA_1218	100.000	465	0	0	1	465	1	465	0.0	839
Ga0393416_54_5_469	CP000240.1:1321805-1322270|CDS|CYB_1264	87.965	457	55	0	1	457	1	457	5.99e-165	577
Ga0393416_54_505_1845	CP000239.1:1229209-1230589|CDS|CYA_1217	99.925	1341	1	0	1	1341	40	1380	0.0	2415
Ga0393416_54_505_1845	CP000240.1:1320402-1321782|CDS|CYB_1263	86.055	1341	187	0	1	1341	40	1380	0.0	1576
Ga0393416_54_2050_3246	CP000239.1:1227847-1229044|CDS|CYA_1216	99.666	1197	4	0	1	1197	1	1197	0.0	2141
Ga0393416_54_2050_3246	CP000240.1:1319039-1320236|CDS|CYB_1262	87.970	1197	144	0	1	1197	1	1197	0.0	1510
Ga0393416_55_585_2192	CP000239.1:2264430-2266038|CDS|CYA_2256	99.565	1608	7	0	1	1608	1	1608	0.0	2869
Ga0393416_55_585_2192	CP000240.1:2348918-2350535|CDS|CYB_2244	83.302	1605	266	2	1	1604	1	1604	0.0	1680
Ga0393416_55_2213_3112	CP000239.1:2266058-2266988|CDS|CYA_2257	98.222	900	16	0	1	900	31	930	0.0	1552
Ga0393416_55_2213_3112	CP000240.1:1421430-1422348|CDS|CYB_1353	80.920	870	166	0	1	870	31	900	0.0	821
Ga0393416_56_460_1503	CP000239.1:554248-555292|CDS|CYA_0542	99.713	1044	3	0	1	1044	1	1044	0.0	1870
Ga0393416_56_460_1503	CP000240.1:2358883-2359927|CDS|CYB_2257	90.211	1042	102	0	1	1042	1	1042	0.0	1420
Ga0393416_56_1822_3117	CP000239.1:555610-556906|CDS|CYA_0543	98.148	1296	24	0	1	1296	1	1296	0.0	2230
Ga0393416_56_1822_3117	CP000240.1:2360254-2361550|CDS|CYB_2258	89.352	1296	138	0	1	1296	1	1296	0.0	1716
Ga0393416_58_3_2252	CP000239.1:2113504-2116435|CDS|CYA_2098	99.200	2250	18	0	1	2250	682	2931	0.0	3977
Ga0393416_58_3_2252	CP000240.1:149925-152892|CDS|CYB_0137	86.112	2261	290	4	7	2243	700	2960	0.0	2666
Ga0393416_59_1833_1994	CP000239.1:2125624-2125777|CDS|CYA_2108	100.000	152	0	0	1	152	1	152	8.69e-75	275
Ga0393416_60_271_981	CP000239.1:2250413-2251124|CDS|CYA_2236	99.859	711	1	0	1	711	1	711	0.0	1278
Ga0393416_60_271_981	CP000240.1:380442-381219|CDS|CYB_0364	81.690	710	125	3	1	707	1	708	0.0	686
Ga0393416_60_1075_1689	CP000239.1:2249699-2250320|CDS|CYA_2235	100.000	615	0	0	1	615	7	621	0.0	1110
Ga0393416_60_1075_1689	CP000240.1:590398-591046|CDS|CYB_0584	81.918	636	88	2	7	615	13	648	0.0	645
Ga0393416_60_1740_2507	CP000239.1:2248887-2249655|CDS|CYA_2234	100.000	768	0	0	1	768	1	768	0.0	1386
Ga0393416_61_856_2118	CP000239.1:2019790-2021053|CDS|CYA_2003	99.921	1263	1	0	1	1263	1	1263	0.0	2274
Ga0393416_61_856_2118	CP000240.1:1340740-1342003|CDS|CYB_1286	84.956	1263	190	0	1	1263	1	1263	0.0	1422
Ga0393416_61_856_2118	CP000239.1:458676-459972|CDS|CYA_0439	67.113	970	304	7	44	1001	35	1001	2.85e-79	294
Ga0393416_61_856_2118	CP000240.1:814083-815385|CDS|CYB_0788	65.302	977	310	18	43	1000	34	1000	4.53e-45	179
Ga0393416_62_21_359	CP000239.1:2238390-2240031|CDS|CYA_2223	100.000	339	0	0	1	339	1303	1641	5.96e-176	612
Ga0393416_62_21_359	CP000240.1:1511095-1512736|CDS|CYB_1442	88.201	339	40	0	1	339	1303	1641	1.15e-121	432
Ga0393416_62_384_1415	CP000239.1:2240055-2241087|CDS|CYA_2224	100.000	1032	0	0	1	1032	1	1032	0.0	1862
Ga0393416_62_384_1415	CP000240.1:1509936-1510965|CDS|CYB_1441	85.142	1023	149	1	1	1023	1	1020	0.0	1159
Ga0393416_62_1548_1751	CP000239.1:2241219-2241423|CDS|CYA_2225	100.000	204	0	0	1	204	1	204	6.62e-103	369
Ga0393416_62_1548_1751	CP000240.1:1509599-1509803|CDS|CYB_1440	93.137	204	14	0	1	204	1	204	6.62e-84	306
Ga0393416_62_1892_2377	CP000239.1:2241563-2242049|CDS|CYA_2226	100.000	486	0	0	1	486	1	486	0.0	877
Ga0393416_62_1892_2377	CP000240.1:1508947-1509433|CDS|CYB_1439	91.152	486	43	0	1	486	1	486	0.0	683
Ga0393416_62_2438_2899	CP000239.1:2242109-2242595|CDS|CYA_2227	100.000	462	0	0	1	462	25	486	0.0	834
Ga0393416_62_2438_2899	CP000240.1:1508398-1508884|CDS|CYB_1438	89.827	462	47	0	1	462	25	486	1.59e-178	622
Ga0393416_63_48_1007	CP000239.1:2272521-2273481|CDS|CYA_2264	99.896	960	1	0	1	960	1	960	0.0	1728
Ga0393416_63_48_1007	CP000240.1:469830-470799|CDS|CYB_0465	85.862	969	128	2	1	960	1	969	0.0	1130
Ga0393416_63_1194_2402	CP000239.1:2273667-2274876|CDS|CYA_2265	99.752	1209	3	0	1	1209	1	1209	0.0	2168
Ga0393416_63_1194_2402	CP000240.1:466818-468018|CDS|CYB_0462	84.107	1120	176	2	91	1209	82	1200	0.0	1211
Ga0393416_64_1762_2607	CP000239.1:2049165-2050011|CDS|CYA_2032	100.000	846	0	0	1	846	1	846	0.0	1526
Ga0393416_64_1762_2607	CP000240.1:2821323-2822157|CDS|CYB_2728	85.751	786	112	0	15	800	9	794	0.0	913
Ga0393416_64_2604_2798	CP000239.1:2050007-2051051|CDS|CYA_2033	100.000	195	0	0	1	195	850	1044	4.83e-98	352
Ga0393416_64_2604_2798	CP000240.1:2822153-2823197|CDS|CYB_2729	84.103	195	31	0	1	195	850	1044	1.07e-55	213
Ga0393416_65_287_1336	CP000239.1:1927377-1928427|CDS|CYA_1917	98.286	1050	18	0	1	1050	1	1050	0.0	1813
Ga0393416_65_287_1336	CP000240.1:2113997-2115062|CDS|CYB_2008	87.415	1033	130	0	1	1033	1	1033	0.0	1278
Ga0393416_68_406_1146	CP000239.1:1628282-1629023|CDS|CYA_1625	100.000	741	0	0	1	741	1	741	0.0	1337
Ga0393416_68_406_1146	CP000240.1:1985629-1986343|CDS|CYB_1899	84.245	603	95	0	1	603	1	603	0.0	660
Ga0393416_68_1532_2023	CP000239.1:1627405-1628002|CDS|CYA_1624	100.000	492	0	0	1	492	106	597	0.0	888
Ga0393416_68_1532_2023	CP000240.1:1986368-1986860|CDS|CYB_1900	80.285	492	97	0	1	492	1	492	6.36e-127	451
Ga0393416_69_151_615	CP000239.1:2289491-2289956|CDS|CYA_2284	100.000	465	0	0	1	465	1	465	0.0	839
Ga0393416_69_151_615	CP000240.1:451960-452425|CDS|CYB_0443	88.362	464	54	0	1	464	1	464	2.23e-170	594
Ga0393416_69_784_1557	CP000239.1:2290124-2290898|CDS|CYA_2285	100.000	774	0	0	1	774	1	774	0.0	1397
Ga0393416_69_784_1557	CP000240.1:450943-451711|CDS|CYB_0442	85.455	770	106	2	1	770	1	764	0.0	881
Ga0393416_70_42_161	CP000239.1:2108028-2109066|CDS|CYA_2091	80.672	119	23	0	2	120	863	745	1.53e-25	112
Ga0393416_72_1190_1945	CP000239.1:2304172-2304928|CDS|CYA_2302	99.868	756	1	0	1	756	1	756	0.0	1360
Ga0393416_72_1190_1945	CP000240.1:1194256-1195009|CDS|CYB_1154	81.284	732	134	1	1	732	1	729	0.0	701
Ga0393416_73_180_341	CP000240.1:2749353-2749542|CDS|CYB_2660	79.874	159	20	1	1	147	1	159	8.70e-37	150
Ga0393416_73_180_341	CP000239.1:2118940-2119129|CDS|CYA_2101	79.874	159	20	1	1	147	1	159	8.70e-37	150
Ga0393416_73_442_690	CP000239.1:2119222-2119831|CDS|CYA_2102	79.608	255	46	2	1	249	355	609	7.75e-59	223
Ga0393416_73_442_690	CP000240.1:2749613-2750246|CDS|CYB_2661	77.253	233	47	2	1	227	379	611	2.89e-45	178
Ga0393416_73_634_945	CP000239.1:2119222-2119831|CDS|CYA_2102	100.000	312	0	0	1	312	411	100	2.48e-161	563
Ga0393416_73_634_945	CP000240.1:2749613-2750246|CDS|CYB_2661	87.500	312	39	0	1	312	435	124	3.94e-108	388
Ga0393416_73_1191_2063	CP000239.1:2119977-2120823|CDS|CYA_2103	99.409	846	5	0	28	873	1	846	0.0	1504
Ga0393416_73_1191_2063	CP000240.1:2751213-2752080|CDS|CYB_2664	84.954	864	130	0	10	873	4	867	0.0	973
Ga0393416_74_1672_2166	CP000239.1:451198-454399|CDS|CYA_0434	100.000	491	0	0	1	491	115	605	0.0	886
Ga0393416_74_1672_2166	CP000240.1:736241-739451|CDS|CYB_0718	91.260	492	43	0	1	492	115	606	0.0	694
Ga0393416_75_810_1823	CP000239.1:2276670-2277645|CDS|CYA_2267	100.000	975	0	0	40	1014	1	975	0.0	1759
Ga0393416_75_810_1823	CP000240.1:464347-465361|CDS|CYB_0460	84.320	1014	159	0	1	1014	1	1014	0.0	1113
Ga0393416_75_810_1823	CP000240.1:2080407-2081415|CDS|CYB_1980	82.939	1014	167	1	1	1014	1	1008	0.0	1050
Ga0393416_76_835_1734	CP000239.1:1625730-1626651|CDS|CYA_1622	99.889	900	1	0	1	900	22	921	0.0	1619
Ga0393416_76_835_1734	CP000240.1:1987413-1988340|CDS|CYB_1902	84.770	893	136	0	1	893	22	914	0.0	998
