Ga0393567_01_77_2038	CP000240.1:1140272-1142549|CDS|CYB_1106	95.096	1978	77	5	1	1962	304	2277	0.0	3126
Ga0393567_01_77_2038	CP000239.1:1146622-1148851|CDS|CYA_1120	81.295	1930	321	9	1	1919	304	2204	0.0	1849
Ga0393567_01_2089_5472	CP000240.1:1142683-1146001|CDS|CYB_1107	97.077	3318	79	1	85	3384	1	3318	0.0	5559
Ga0393567_01_5478_5870	CP000240.1:1146006-1146399|CDS|CYB_1108	100.000	393	0	0	1	393	1	393	0.0	710
Ga0393567_01_5478_5870	CP000239.1:727211-727643|CDS|CYA_0720	81.039	385	73	0	7	391	19	403	1.64e-101	366
Ga0393567_01_5969_6232	CP000240.1:1146497-1146761|CDS|CYB_1109	98.864	264	3	0	1	264	1	264	5.20e-131	463
Ga0393567_01_5969_6232	CP000239.1:727935-728202|CDS|CYA_0722	82.890	263	45	0	1	263	4	266	1.82e-73	272
Ga0393567_01_6232_6543	CP000240.1:1146760-1147090|CDS|CYB_1110	99.359	312	2	0	1	312	19	330	1.28e-158	554
Ga0393567_01_6232_6543	CP000239.1:728198-728519|CDS|CYA_0723	83.007	306	52	0	1	306	1	306	1.68e-87	318
Ga0393567_01_6594_8090	CP000240.1:1147122-1148619|CDS|CYB_1111	99.132	1497	13	0	1	1497	1	1497	0.0	2642
Ga0393567_01_6594_8090	CP000239.1:728568-730068|CDS|CYA_0724	88.274	1501	171	2	1	1497	1	1500	0.0	1910
Ga0393567_01_8126_9304	CP000240.1:1148654-1149833|CDS|CYB_1112	97.540	1179	29	0	1	1179	1	1179	0.0	1996
Ga0393567_01_8126_9304	CP000239.1:730085-731264|CDS|CYA_0725	90.331	1179	114	0	1	1179	1	1179	0.0	1613
Ga0393567_01_9879_10871	CP000240.1:1150123-1151077|CDS|CYB_1113	90.985	954	86	0	40	993	1	954	0.0	1333
Ga0393567_01_9879_10871	CP000239.1:745385-746318|CDS|CYA_0740	86.466	931	126	0	63	993	3	933	0.0	1112
Ga0393567_01_11234_13627	CP000240.1:1151414-1153880|CDS|CYB_1115	94.862	2394	123	0	1	2394	73	2466	0.0	3764
Ga0393567_01_11234_13627	CP000239.1:746651-749111|CDS|CYA_0741	90.332	2379	228	2	1	2378	73	2450	0.0	3247
Ga0393567_01_13709_14983	CP000240.1:1153961-1155236|CDS|CYB_1116	96.000	1275	51	0	1	1275	1	1275	0.0	2070
Ga0393567_01_13709_14983	CP000239.1:749180-750440|CDS|CYA_0742	84.078	1275	188	3	1	1275	1	1260	0.0	1385
Ga0393567_01_15075_15968	CP000240.1:1155327-1156215|CDS|CYB_1117	96.085	894	29	1	1	894	1	888	0.0	1456
Ga0393567_01_15075_15968	CP000239.1:2354506-2355397|CDS|CYA_2347	85.535	878	124	1	1	878	1	875	0.0	1010
Ga0393567_01_16143_18143	CP000240.1:1156390-1158391|CDS|CYB_1119	97.851	2001	43	0	1	2001	1	2001	0.0	3415
Ga0393567_01_16143_18143	CP000239.1:2352094-2354095|CDS|CYA_2346	88.716	1994	225	0	1	1994	1	1994	0.0	2582
Ga0393567_01_18551_18685	CP000240.1:1158798-1158927|CDS|CYB_1120	100.000	129	0	0	7	135	1	129	2.15e-62	233
Ga0393567_01_18551_18685	CP000239.1:2351599-2351728|CDS|CYA_2345	84.496	129	20	0	7	135	1	129	2.99e-35	143
Ga0393567_01_18864_19349	CP000240.1:1159138-1159597|CDS|CYB_1121	94.989	459	23	0	28	486	1	459	0.0	725
Ga0393567_01_18864_19349	CP000239.1:2350925-2351390|CDS|CYA_2344	88.144	388	46	0	99	486	78	465	5.88e-140	493
Ga0393567_01_19602_20813	CP000240.1:2796782-2798000|CDS|CYB_2707	91.872	1218	75	1	19	1212	1	1218	0.0	1768
Ga0393567_01_19602_20813	CP000240.1:2553363-2554557|CDS|CYB_2454	92.630	1194	88	0	19	1212	1	1194	0.0	1757
Ga0393567_01_19602_20813	CP000239.1:2170714-2171908|CDS|CYA_2158	92.211	1194	93	0	19	1212	1	1194	0.0	1735
Ga0393567_01_19602_20813	CP000239.1:712444-713638|CDS|CYA_0704	92.127	1194	94	0	19	1212	1	1194	0.0	1730
Ga0393567_01_19602_20813	CP000240.1:2210858-2212052|CDS|CYB_2117	91.792	1194	98	0	19	1212	1	1194	0.0	1712
Ga0393567_01_19602_20813	CP000240.1:1954838-1956056|CDS|CYB_1872	90.558	1218	91	1	19	1212	1	1218	0.0	1696
Ga0393567_01_19602_20813	CP000240.1:2644164-2645358|CDS|CYB_2538	90.871	1194	109	0	19	1212	1	1194	0.0	1663
Ga0393567_01_19602_20813	CP000240.1:2168360-2169515|CDS|CYB_2071	92.711	1125	82	0	19	1143	1	1125	0.0	1660
Ga0393567_01_19602_20813	CP000239.1:774779-775973|CDS|CYA_0767	90.536	1194	113	0	19	1212	1	1194	0.0	1645
Ga0393567_01_19602_20813	CP000240.1:1083184-1084426|CDS|CYB_1042	88.567	1242	94	2	19	1212	1	1242	0.0	1635
Ga0393567_01_19602_20813	CP000240.1:1803089-1804283|CDS|CYB_1722	90.201	1194	117	0	19	1212	1	1194	0.0	1627
Ga0393567_01_19602_20813	CP000240.1:1190675-1191869|CDS|CYB_1151	89.950	1194	120	0	19	1212	1	1194	0.0	1613
Ga0393567_01_19602_20813	CP000239.1:629980-631174|CDS|CYA_0620	89.698	1194	123	0	19	1212	1	1194	0.0	1599
Ga0393567_01_19602_20813	CP000240.1:52430-53648|CDS|CYB_0041	88.259	1218	119	1	19	1212	1	1218	0.0	1570
Ga0393567_01_19602_20813	CP000240.1:3008652-3009870|CDS|CYB_2910	87.931	1218	123	1	19	1212	1	1218	0.0	1552
Ga0393567_01_19602_20813	CP000240.1:638632-639850|CDS|CYB_0630	87.274	1218	131	1	19	1212	1	1218	0.0	1516
Ga0393567_01_19602_20813	CP000240.1:1358129-1359347|CDS|CYB_1297	87.110	1218	133	1	19	1212	1	1218	0.0	1507
Ga0393567_01_19602_20813	CP000240.1:1521392-1522610|CDS|CYB_1450	86.864	1218	136	1	19	1212	1	1218	0.0	1493
Ga0393567_01_19602_20813	CP000240.1:1064975-1066169|CDS|CYB_1023	87.353	1194	151	0	19	1212	1	1194	0.0	1473
Ga0393567_01_19602_20813	CP000240.1:2247371-2248565|CDS|CYB_2147	88.889	1125	125	0	19	1143	1	1125	0.0	1466
Ga0393567_01_19602_20813	CP000240.1:1316312-1317548|CDS|CYB_1259	86.102	1216	145	1	19	1210	1	1216	0.0	1449
Ga0393567_01_19602_20813	CP000239.1:1594889-1596107|CDS|CYA_1585	88.356	1125	131	0	19	1143	1	1125	0.0	1439
Ga0393567_01_19602_20813	CP000240.1:481588-482800|CDS|CYB_0472	86.745	1192	158	0	19	1210	1	1192	0.0	1438
Ga0393567_01_19602_20813	CP000240.1:2830275-2831565|CDS|CYB_2735	84.758	1240	124	3	19	1210	1	1223	0.0	1430
Ga0393567_01_19602_20813	CP000240.1:2619921-2621115|CDS|CYB_2521	86.432	1194	162	0	19	1212	1	1194	0.0	1424
Ga0393567_01_19602_20813	CP000240.1:629484-630702|CDS|CYB_0620	85.094	1221	152	3	19	1212	1	1218	0.0	1396
Ga0393567_01_19602_20813	CP000240.1:2661652-2662870|CDS|CYB_2557	84.975	1218	159	1	19	1212	1	1218	0.0	1389
Ga0393567_01_19602_20813	CP000239.1:994256-995468|CDS|CYA_0981	85.822	1192	169	0	19	1210	1	1192	0.0	1388
Ga0393567_01_19602_20813	CP000240.1:2933473-2934709|CDS|CYB_2835	84.943	1222	148	5	19	1210	1	1216	0.0	1385
Ga0393567_01_19602_20813	CP000240.1:605550-606744|CDS|CYB_0598	85.343	1194	175	0	19	1212	1	1194	0.0	1365
Ga0393567_01_19602_20813	CP000240.1:1267756-1268992|CDS|CYB_1227	84.128	1216	169	1	19	1210	1	1216	0.0	1341
Ga0393567_01_19602_20813	CP000240.1:1244785-1246021|CDS|CYB_1201	83.882	1216	172	1	19	1210	1	1216	0.0	1327
Ga0393567_01_19602_20813	CP000240.1:241642-242836|CDS|CYB_0233	85.778	1125	160	0	19	1143	1	1125	0.0	1308
Ga0393567_01_19602_20813	CP000239.1:893439-894633|CDS|CYA_0887	85.461	1128	158	2	19	1143	1	1125	0.0	1292
Ga0393567_01_19602_20813	CP000240.1:1842322-1843549|CDS|CYB_1759	83.099	1207	174	3	19	1198	1	1204	0.0	1271
Ga0393567_01_19602_20813	CP000240.1:102811-104029|CDS|CYB_0087	84.073	1149	159	1	19	1143	1	1149	0.0	1265
Ga0393567_01_19602_20813	CP000240.1:1015074-1016268|CDS|CYB_0979	84.752	1128	166	2	19	1143	1	1125	0.0	1256
Ga0393567_01_19602_20813	CP000240.1:1384265-1385459|CDS|CYB_1322	84.533	1125	174	0	19	1143	1	1125	0.0	1245
Ga0393567_01_19602_20813	CP000239.1:698055-699204|CDS|CYA_0690	83.261	1147	168	1	19	1141	1	1147	0.0	1221
Ga0393567_01_19602_20813	CP000240.1:345730-346924|CDS|CYB_0329	83.599	1128	179	2	19	1143	1	1125	0.0	1197
Ga0393567_01_19602_20813	CP000240.1:2565689-2566883|CDS|CYB_2468	83.467	1125	186	0	19	1143	1	1125	0.0	1191
Ga0393567_01_19602_20813	CP000240.1:2219258-2220470|CDS|CYB_2126	81.894	1193	214	2	19	1210	1	1192	0.0	1171
Ga0393567_01_19602_20813	CP000240.1:2128026-2129220|CDS|CYB_2026	83.230	1127	185	4	19	1143	1	1125	0.0	1167
Ga0393567_01_19602_20813	CP000239.1:693322-694534|CDS|CYA_0687	81.811	1193	215	2	19	1210	1	1192	0.0	1167
Ga0393567_01_19602_20813	CP000240.1:1917270-1918464|CDS|CYB_1826	80.745	1127	213	4	19	1143	1	1125	0.0	1040
Ga0393567_01_19602_20813	CP000240.1:1763450-1764623|CDS|CYB_1688	80.390	1127	217	4	19	1143	1	1125	0.0	1022
Ga0393567_01_19602_20813	CP000240.1:2506708-2507857|CDS|CYB_2410	74.690	1130	164	7	19	1027	1	1129	0.0	828
Ga0393567_01_19602_20813	CP000239.1:88305-89487|CDS|CYA_0091	74.821	1116	257	4	24	1133	6	1103	0.0	750
Ga0393567_01_20985_22034	CP000240.1:1160014-1160992|CDS|CYB_1123	97.137	978	28	0	73	1050	1	978	0.0	1638
Ga0393567_01_20985_22034	CP000239.1:2349172-2350231|CDS|CYA_2342	88.476	1050	118	1	1	1050	13	1059	0.0	1347
Ga0393567_01_22116_22403	CP000240.1:1161073-1161361|CDS|CYB_1124	96.181	288	11	0	1	288	1	288	3.85e-133	471
Ga0393567_01_22116_22403	CP000239.1:2348800-2349076|CDS|CYA_2341	78.475	223	48	0	1	223	1	223	6.55e-48	187
Ga0393567_01_22422_23039	CP000240.1:1161388-1162006|CDS|CYB_1125	99.353	618	4	0	1	618	1	618	0.0	1097
Ga0393567_01_22422_23039	CP000239.1:2348186-2348804|CDS|CYA_2340	84.790	618	94	0	1	618	1	618	0.0	691
Ga0393567_01_23061_24890	CP000240.1:1162027-1163857|CDS|CYB_1126	95.137	1830	89	0	1	1830	1	1830	0.0	2900
Ga0393567_01_23061_24890	CP000239.1:2346335-2348165|CDS|CYA_2339	88.361	1830	213	0	1	1830	1	1830	0.0	2341
Ga0393567_01_25017_26672	CP000240.1:1163983-1167148|CDS|CYB_1127	97.343	1656	44	0	1	1656	1510	3165	0.0	2789
Ga0393567_01_25017_26672	CP000239.1:2343137-2346233|CDS|CYA_2338	87.440	1656	208	0	1	1656	1441	3096	0.0	2049
Ga0393567_02_436_732	CP000240.1:760346-760643|CDS|CYB_0736	99.663	297	1	0	1	297	1	297	1.39e-151	532
Ga0393567_02_436_732	CP000239.1:2065898-2066192|CDS|CYA_2046	78.114	297	62	1	1	297	1	294	3.50e-64	242
Ga0393567_02_924_1499	CP000240.1:760834-761410|CDS|CYB_0737	97.917	576	12	0	1	576	1	576	0.0	985
Ga0393567_02_924_1499	CP000239.1:2066389-2066974|CDS|CYA_2047	76.701	588	120	4	1	575	1	584	3.89e-124	441
Ga0393567_02_1691_2470	CP000240.1:761606-762362|CDS|CYB_0738	99.471	756	4	0	25	780	1	756	0.0	1346
Ga0393567_02_1691_2470	CP000239.1:2067061-2067805|CDS|CYA_2048	86.285	751	91	3	25	775	1	739	0.0	888
Ga0393567_02_2501_3877	CP000240.1:762416-764204|CDS|CYB_0739	95.674	1410	28	1	1	1377	379	1788	0.0	2294
Ga0393567_02_2501_3877	CP000239.1:2067864-2069631|CDS|CYA_2049	87.113	1389	167	2	1	1377	379	1767	0.0	1700
Ga0393567_02_4512_6002	CP000240.1:764460-765933|CDS|CYB_0740	97.081	1473	43	0	19	1491	1	1473	0.0	2463
Ga0393567_02_4512_6002	CP000239.1:2069889-2071383|CDS|CYA_2050	83.964	1453	228	3	15	1465	13	1462	0.0	1562
Ga0393567_02_6508_6777	CP000240.1:766177-766447|CDS|CYB_0741	100.000	270	0	0	1	270	1	270	1.34e-138	488
Ga0393567_02_6508_6777	CP000239.1:2071509-2071779|CDS|CYA_2051	88.148	270	32	0	1	270	1	270	3.60e-95	343
Ga0393567_02_6854_7279	CP000240.1:766523-766949|CDS|CYB_0742	98.592	426	6	0	1	426	1	426	0.0	742
Ga0393567_02_6854_7279	CP000239.1:2071839-2072247|CDS|CYA_2052	81.361	338	63	0	1	338	1	338	1.57e-89	326
Ga0393567_02_7551_8300	CP000240.1:767235-767994|CDS|CYB_0743	99.065	749	7	0	1	749	10	758	0.0	1320
Ga0393567_02_7551_8300	CP000239.1:2072404-2073154|CDS|CYA_2053	84.492	748	116	0	1	748	1	748	0.0	827
Ga0393567_02_8346_8627	CP000240.1:768030-768312|CDS|CYB_0744	99.291	282	2	0	1	282	1	282	2.22e-142	500
Ga0393567_02_8346_8627	CP000239.1:2073206-2073488|CDS|CYA_2054	81.522	276	51	0	1	276	1	276	2.38e-72	269
Ga0393567_02_8624_9559	CP000240.1:768308-769244|CDS|CYB_0745	98.504	936	14	0	1	936	1	936	0.0	1626
Ga0393567_02_8624_9559	CP000239.1:2073484-2074417|CDS|CYA_2055	86.966	936	119	1	1	936	1	933	0.0	1137
Ga0393567_02_9713_10474	CP000240.1:769400-770162|CDS|CYB_0746	99.344	762	5	0	1	762	1	762	0.0	1352
Ga0393567_02_9713_10474	CP000239.1:2074538-2075300|CDS|CYA_2056	82.869	753	129	0	10	762	10	762	0.0	777
Ga0393567_02_10719_11573	CP000240.1:770420-771275|CDS|CYB_0747	95.322	855	40	0	1	855	1	855	0.0	1362
Ga0393567_02_10719_11573	CP000239.1:2075576-2076425|CDS|CYA_2057	82.966	816	138	1	25	840	19	833	0.0	842
Ga0393567_02_11570_12352	CP000240.1:771271-772054|CDS|CYB_0748	93.614	783	50	0	1	783	1	783	0.0	1187
Ga0393567_02_11570_12352	CP000239.1:2076421-2077198|CDS|CYA_2058	85.411	754	110	0	1	754	1	754	0.0	865
Ga0393567_02_12451_13860	CP000240.1:772179-773562|CDS|CYB_0749	94.722	1383	73	0	28	1410	1	1383	0.0	2166
Ga0393567_02_12451_13860	CP000239.1:2077342-2078725|CDS|CYA_2059	86.608	1359	180	2	28	1385	1	1358	0.0	1624
Ga0393567_02_13909_15237	CP000240.1:773670-774939|CDS|CYB_0750	98.818	1269	15	0	61	1329	1	1269	0.0	2222
Ga0393567_02_13909_15237	CP000239.1:2078860-2080132|CDS|CYA_2060	83.874	1265	204	0	61	1325	1	1265	0.0	1362
Ga0393567_02_15471_15608	CP000240.1:775172-775310|CDS|CYB_0751	99.275	138	1	0	1	138	1	138	1.22e-65	245
Ga0393567_02_15799_16767	CP000240.1:775404-776481|CDS|CYB_0752	96.573	963	33	0	1	963	97	1059	0.0	1589
Ga0393567_02_15799_16767	CP000239.1:820042-821119|CDS|CYA_0809	84.188	955	151	0	1	955	106	1060	0.0	1042
Ga0393567_02_16868_17143	CP000240.1:776568-776844|CDS|CYB_0753	98.913	276	3	0	1	276	1	276	1.67e-137	485
Ga0393567_02_16868_17143	CP000239.1:817917-818223|CDS|CYA_0806	83.643	269	44	0	1	269	31	299	2.48e-78	288
Ga0393567_02_17643_17765	CP000240.1:776907-777240|CDS|CYB_0754	98.347	121	2	0	1	121	40	160	2.19e-55	210
Ga0393567_02_17643_17765	CP000239.1:817527-817860|CDS|CYA_0805	83.471	121	20	0	1	121	40	160	5.88e-31	129
Ga0393567_02_17958_18680	CP000240.1:777393-778116|CDS|CYB_0755	98.617	723	10	0	1	723	1	723	0.0	1260
Ga0393567_02_17958_18680	CP000239.1:816710-817436|CDS|CYA_0804	82.773	714	123	0	1	714	1	714	0.0	734
Ga0393567_02_18677_18904	CP000240.1:778112-778340|CDS|CYB_0756	96.053	228	9	0	1	228	1	228	2.15e-103	371
Ga0393567_02_19092_19685	CP000240.1:31634-32228|CDS|CYB_0025	96.296	594	22	0	1	594	1	594	0.0	973
Ga0393567_02_19092_19685	CP000239.1:2434480-2435074|CDS|CYA_2425	95.623	594	26	0	1	594	1	594	0.0	955
Ga0393567_02_19092_19685	CP000239.1:2402867-2403461|CDS|CYA_2392	95.623	594	26	0	1	594	1	594	0.0	955
Ga0393567_02_19092_19685	CP000239.1:1898603-1899197|CDS|CYA_1891	95.623	594	26	0	1	594	1	594	0.0	955
Ga0393567_02_19092_19685	CP000239.1:1446255-1446849|CDS|CYA_1439	95.623	594	26	0	1	594	1	594	0.0	955
Ga0393567_02_19092_19685	CP000240.1:22428-23022|CDS|CYB_0019	95.455	594	27	0	1	594	1	594	0.0	950
Ga0393567_02_19092_19685	CP000239.1:411427-412021|CDS|CYA_0397	95.286	594	28	0	1	594	1	594	0.0	946
Ga0393567_02_19092_19685	CP000239.1:1778901-1779495|CDS|CYA_1772	95.118	594	29	0	1	594	1	594	0.0	941
Ga0393567_02_19092_19685	CP000239.1:819297-819891|CDS|CYA_0808	94.949	594	30	0	1	594	1	594	0.0	937
Ga0393567_02_19092_19685	CP000239.1:732513-733107|CDS|CYA_0727	94.781	594	31	0	1	594	1	594	0.0	932
Ga0393567_02_19092_19685	CP000239.1:2709545-2710163|CDS|CYA_2694	92.557	618	22	1	1	594	1	618	0.0	925
Ga0393567_02_19092_19685	CP000239.1:2450192-2450786|CDS|CYA_2439	93.939	594	36	0	1	594	1	594	0.0	910
Ga0393567_02_19092_19685	CP000239.1:2259861-2260479|CDS|CYA_2250	91.586	618	28	1	1	594	1	618	0.0	898
Ga0393567_02_19092_19685	CP000239.1:2018987-2019605|CDS|CYA_2002	91.586	618	28	1	1	594	1	618	0.0	898
Ga0393567_02_19092_19685	CP000239.1:1948621-1949239|CDS|CYA_1937	91.586	618	28	1	1	594	1	618	0.0	898
Ga0393567_02_19092_19685	CP000239.1:606571-607189|CDS|CYA_0595	91.586	618	28	1	1	594	1	618	0.0	898
Ga0393567_02_19092_19685	CP000239.1:2698805-2699423|CDS|CYA_2684	91.262	618	30	1	1	594	1	618	0.0	889
Ga0393567_02_19092_19685	CP000239.1:1644319-1644937|CDS|CYA_1645	91.262	618	30	1	1	594	1	618	0.0	889
Ga0393567_02_19092_19685	CP000239.1:363923-364541|CDS|CYA_0346	91.262	618	30	1	1	594	1	618	0.0	889
Ga0393567_02_19092_19685	CP000239.1:1479753-1480371|CDS|CYA_1472	91.100	618	31	1	1	594	1	618	0.0	884
Ga0393567_02_19092_19685	CP000239.1:1384976-1385594|CDS|CYA_1374	90.939	618	32	1	1	594	1	618	0.0	880
Ga0393567_02_19092_19685	CP000239.1:2598423-2599041|CDS|CYA_2572	90.777	618	33	1	1	594	1	618	0.0	875
Ga0393567_02_20284_20772	CP000240.1:32082-33315|CDS|CYB_0026	97.955	489	10	0	1	489	745	1233	0.0	838
Ga0393567_02_20284_20772	CP000240.1:1256770-1257394|CDS|CYB_1210	96.933	489	15	0	1	489	136	624	0.0	815
Ga0393567_02_20284_20772	CP000239.1:818225-819443|CDS|CYA_0807	95.148	474	23	0	1	474	745	1218	0.0	752
Ga0393567_02_20284_20772	CP000239.1:1445168-1446401|CDS|CYA_1438	93.661	489	31	0	1	489	745	1233	0.0	743
Ga0393567_02_20284_20772	CP000239.1:607043-608261|CDS|CYA_0596	94.726	474	25	0	1	474	745	1218	0.0	743
Ga0393567_02_20284_20772	CP000239.1:2403315-2404596|CDS|CYA_2393	88.641	537	13	1	1	489	745	1281	0.0	733
Ga0393567_02_20284_20772	CP000239.1:1644791-1646072|CDS|CYA_1646	88.641	537	13	1	1	489	745	1281	0.0	733
Ga0393567_02_20284_20772	CP000239.1:1478618-1479899|CDS|CYA_1471	88.641	537	13	1	1	489	745	1281	0.0	733
Ga0393567_02_20284_20772	CP000239.1:2699277-2700558|CDS|CYA_2685	88.454	537	14	1	1	489	745	1281	0.0	728
Ga0393567_02_20284_20772	CP000239.1:2598895-2600176|CDS|CYA_2573	88.454	537	14	1	1	489	745	1281	0.0	728
Ga0393567_02_20284_20772	CP000239.1:2433345-2434626|CDS|CYA_2424	88.454	537	14	1	1	489	745	1281	0.0	728
Ga0393567_02_20284_20772	CP000239.1:1949093-1950374|CDS|CYA_1938	88.454	537	14	1	1	489	745	1281	0.0	728
Ga0393567_02_20284_20772	CP000239.1:1779349-1780630|CDS|CYA_1773	88.454	537	14	1	1	489	745	1281	0.0	728
Ga0393567_02_20284_20772	CP000239.1:410292-411573|CDS|CYA_0395	88.454	537	14	1	1	489	745	1281	0.0	728
Ga0393567_02_20284_20772	CP000239.1:1897468-1898749|CDS|CYA_1890	88.268	537	15	1	1	489	745	1281	0.0	724
Ga0393567_02_20284_20772	CP000239.1:731378-732659|CDS|CYA_0726	88.268	537	15	1	1	489	745	1281	0.0	724
Ga0393567_02_20284_20772	CP000239.1:362788-364069|CDS|CYA_0345	88.268	537	15	1	1	489	745	1281	0.0	724
Ga0393567_02_20284_20772	CP000239.1:1385448-1386729|CDS|CYA_1375	88.082	537	16	1	1	489	745	1281	0.0	719
Ga0393567_02_20284_20772	CP000239.1:2017852-2019133|CDS|CYA_2001	87.896	537	17	1	1	489	745	1281	0.0	715
Ga0393567_02_20284_20772	CP000239.1:2710017-2711283|CDS|CYA_2695	96.737	429	14	0	1	429	745	1173	0.0	711
Ga0393567_02_20284_20772	CP000239.1:2450640-2451921|CDS|CYA_2440	87.709	537	18	1	1	489	745	1281	0.0	710
Ga0393567_02_20284_20772	CP000240.1:21293-22574|CDS|CYB_0018	87.523	537	19	1	1	489	745	1281	0.0	706
Ga0393567_02_20284_20772	CP000239.1:2258726-2260007|CDS|CYA_2249	87.523	537	19	1	1	489	745	1281	0.0	706
Ga0393567_02_20778_21860	CP000240.1:778411-779665|CDS|CYB_0757	96.855	1081	34	0	1	1081	94	1174	0.0	1797
Ga0393567_02_20778_21860	CP000239.1:1266980-1268219|CDS|CYA_1254	87.988	1024	120	1	2	1025	95	1115	0.0	1291
Ga0393567_03_1314_3041	CP000240.1:281682-283410|CDS|CYB_0267	96.470	1728	61	0	1	1728	1	1728	0.0	2842
Ga0393567_03_1314_3041	CP000239.1:1081212-1082940|CDS|CYA_1065	89.056	1727	189	0	1	1727	1	1727	0.0	2263
Ga0393567_03_3109_3399	CP000240.1:281336-281615|CDS|CYB_0266	94.158	291	5	1	1	291	1	279	8.58e-129	455
Ga0393567_03_3109_3399	CP000239.1:1083026-1083311|CDS|CYA_1066	85.019	267	37	1	28	291	19	285	4.17e-82	300
Ga0393567_03_3482_4210	CP000240.1:280291-281254|CDS|CYB_0265	98.491	729	11	0	1	729	235	963	0.0	1266
Ga0393567_03_3482_4210	CP000239.1:1083394-1084351|CDS|CYA_1067	81.764	669	98	4	1	651	208	870	0.0	661
Ga0393567_03_5019_6467	CP000240.1:278268-279717|CDS|CYB_0263	98.965	1449	15	0	1	1449	1	1449	0.0	2546
Ga0393567_03_5019_6467	CP000239.1:1084725-1086174|CDS|CYA_1068	82.881	1437	246	0	1	1437	1	1437	0.0	1483
Ga0393567_03_6634_8097	CP000240.1:276638-278102|CDS|CYB_0262	98.087	1464	28	0	1	1464	1	1464	0.0	2515
Ga0393567_03_6634_8097	CP000239.1:1086340-1087792|CDS|CYA_1069	87.079	1455	174	5	1	1454	1	1442	0.0	1767
Ga0393567_03_8107_8565	CP000240.1:276170-276629|CDS|CYB_0261	97.821	459	10	0	1	459	1	459	0.0	783
Ga0393567_03_8107_8565	CP000239.1:1087801-1088257|CDS|CYA_1071	88.009	442	53	0	1	442	1	442	1.58e-159	559
Ga0393567_03_8614_9675	CP000240.1:275060-276122|CDS|CYB_0260	98.211	1062	19	0	1	1062	1	1062	0.0	1830
Ga0393567_03_8614_9675	CP000239.1:1890396-1891458|CDS|CYA_1885	85.809	1057	150	0	1	1057	1	1057	0.0	1231
Ga0393567_03_9703_13803	CP000240.1:270932-275033|CDS|CYB_0259	98.951	4101	43	0	1	4101	1	4101	0.0	7203
Ga0393567_03_9703_13803	CP000239.1:1891481-1895570|CDS|CYA_1886	75.651	4111	928	22	1	4076	1	4073	0.0	2868
Ga0393567_03_15223_15675	CP000240.1:268364-268817|CDS|CYB_0253	99.779	453	1	0	1	453	1	453	0.0	813
Ga0393567_03_15223_15675	CP000239.1:1896113-1896587|CDS|CYA_1888	83.551	383	63	0	71	453	92	474	6.23e-114	407
Ga0393567_03_15622_16488	CP000240.1:267543-268326|CDS|CYB_0252	98.839	775	9	0	1	775	1	775	0.0	1358
Ga0393567_03_15622_16488	CP000239.1:1896633-1897416|CDS|CYA_1889	81.830	765	139	0	10	774	10	774	0.0	754
Ga0393567_03_16557_18665	CP000240.1:265342-267475|CDS|CYB_0250	98.957	2109	22	0	1	2109	25	2133	0.0	3705
Ga0393567_03_18774_19526	CP000240.1:264505-265258|CDS|CYB_0249	98.672	753	10	0	1	753	1	753	0.0	1314
Ga0393567_03_18774_19526	CP000239.1:1899290-1900046|CDS|CYA_1892	90.054	744	74	0	1	744	1	744	0.0	1009
Ga0393567_03_19730_20476	CP000240.1:262490-264302|CDS|CYB_0248	99.732	747	2	0	1	747	1066	1812	0.0	1339
Ga0393567_03_19730_20476	CP000239.1:1900193-1901972|CDS|CYA_1893	88.580	683	78	0	1	683	1051	1733	0.0	881
Ga0393567_04_205_855	CP000240.1:201388-202078|CDS|CYB_0188	100.000	651	0	0	1	651	40	690	0.0	1175
Ga0393567_04_205_855	CP000239.1:2811141-2811831|CDS|CYA_2792	85.258	563	83	0	88	650	127	689	0.0	642
Ga0393567_04_1026_1655	CP000240.1:202190-202922|CDS|CYB_0189	99.048	630	6	0	1	630	103	732	0.0	1110
Ga0393567_04_1026_1655	CP000239.1:2811954-2812680|CDS|CYA_2793	83.651	630	97	1	1	630	103	726	0.0	673
Ga0393567_04_2298_3212	CP000240.1:203164-204388|CDS|CYB_0190	97.627	927	10	1	1	915	298	1224	0.0	1580
Ga0393567_04_2298_3212	CP000239.1:2812904-2814101|CDS|CYA_2794	86.941	850	109	2	1	849	298	1146	0.0	1026
Ga0393567_04_3374_4117	CP000240.1:204871-205585|CDS|CYB_0191	96.761	710	23	0	33	742	3	712	0.0	1177
Ga0393567_04_4504_4845	CP000240.1:206257-206599|CDS|CYB_0192	98.830	342	4	0	1	342	1	342	3.80e-172	600
Ga0393567_04_4504_4845	CP000239.1:776957-777299|CDS|CYA_0769	87.463	335	42	0	1	335	1	335	8.96e-117	416
Ga0393567_04_4960_6030	CP000240.1:206713-207784|CDS|CYB_0193	96.639	1071	36	0	1	1071	1	1071	0.0	1770
Ga0393567_04_4960_6030	CP000239.1:777429-778500|CDS|CYA_0770	86.741	1071	142	0	1	1071	1	1071	0.0	1292
Ga0393567_04_6093_6782	CP000240.1:207846-208548|CDS|CYB_0194	93.875	702	31	1	1	690	1	702	0.0	1079
Ga0393567_04_6093_6782	CP000239.1:778522-779203|CDS|CYA_0771	80.816	662	124	1	1	662	1	659	8.46e-178	620
Ga0393567_04_6799_7671	CP000240.1:208564-209434|CDS|CYB_0195	99.080	870	8	0	4	873	1	870	0.0	1534
Ga0393567_04_6799_7671	CP000239.1:779225-780056|CDS|CYA_0772	79.073	841	145	5	25	863	1	812	0.0	729
Ga0393567_04_7737_8585	CP000240.1:209502-210327|CDS|CYB_0196	96.702	849	4	1	1	849	1	825	0.0	1423
Ga0393567_04_7737_8585	CP000239.1:780165-780984|CDS|CYA_0773	84.231	761	117	1	1	761	1	758	0.0	830
Ga0393567_04_8627_9160	CP000240.1:211181-211715|CDS|CYB_0199	99.064	534	5	0	1	534	1	534	0.0	941
Ga0393567_04_8627_9160	CP000239.1:781028-781538|CDS|CYA_0774	88.525	488	56	0	1	488	1	488	1.25e-180	628
Ga0393567_04_9469_9903	CP000240.1:212011-212446|CDS|CYB_0200	98.851	435	5	0	1	435	1	435	0.0	763
Ga0393567_04_9469_9903	CP000239.1:781897-782347|CDS|CYA_0776	86.150	426	47	2	1	414	1	426	2.89e-143	505
Ga0393567_04_10080_10310	CP000240.1:212622-212853|CDS|CYB_0201	97.835	231	5	0	1	231	1	231	1.91e-110	395
Ga0393567_04_10080_10310	CP000239.1:783952-784174|CDS|CYA_0778	84.043	188	30	0	1	188	1	188	1.91e-53	205
Ga0393567_04_10433_11896	CP000240.1:212975-214439|CDS|CYB_0202	98.019	1464	29	0	1	1464	1	1464	0.0	2510
Ga0393567_04_10433_11896	CP000239.1:784261-785701|CDS|CYA_0780	84.377	1421	220	2	1	1420	1	1420	0.0	1555
Ga0393567_04_13024_13230	CP000240.1:216391-217609|CDS|CYB_0206	99.034	207	2	0	1	207	1012	1218	8.20e-102	365
Ga0393567_04_13166_14269	CP000240.1:216391-217609|CDS|CYB_0206	98.329	1077	17	1	28	1104	1	1076	0.0	1858
Ga0393567_04_14618_14980	CP000240.1:218004-218367|CDS|CYB_0207	99.725	363	1	0	1	363	1	363	0.0	651
Ga0393567_04_14618_14980	CP000239.1:1762155-1762494|CDS|CYA_1756	86.174	311	43	0	19	329	19	329	4.32e-102	368
Ga0393567_04_14973_16445	CP000240.1:218359-219832|CDS|CYB_0208	97.217	1473	41	0	1	1473	1	1473	0.0	2472
Ga0393567_04_14973_16445	CP000239.1:1760672-1762163|CDS|CYA_1755	82.679	1478	248	3	3	1473	15	1491	0.0	1506
Ga0393567_04_16429_16833	CP000240.1:219833-220220|CDS|CYB_0209	100.000	387	0	0	19	405	1	387	0.0	699
Ga0393567_04_16429_16833	CP000239.1:1760284-1760671|CDS|CYA_1754	85.146	377	56	0	29	405	11	387	1.69e-120	428
Ga0393567_04_16830_17081	CP000240.1:220216-220468|CDS|CYB_0210	99.603	252	1	0	1	252	1	252	3.12e-127	451
Ga0393567_04_16830_17081	CP000239.1:1760036-1760288|CDS|CYA_1753	86.454	251	34	0	1	251	1	251	3.56e-82	300
Ga0393567_04_17101_17382	CP000240.1:220487-220769|CDS|CYB_0211	99.645	282	1	0	1	282	1	282	1.82e-143	505
Ga0393567_04_17101_17382	CP000239.1:1759743-1760025|CDS|CYA_1752	89.716	282	29	0	1	282	1	282	1.83e-105	379
Ga0393567_05_858_1091	CP000239.1:1844017-1844227|CDS|CYA_1844	99.524	210	1	0	22	231	1	210	1.81e-104	375
Ga0393567_05_858_1091	CP000240.1:415574-415784|CDS|CYB_0401	99.048	210	2	0	22	231	1	210	2.21e-103	370
Ga0393567_05_1118_2578	CP000240.1:415812-417465|CDS|CYB_0402	98.973	1461	15	0	1	1461	193	1653	0.0	2568
Ga0393567_05_1118_2578	CP000239.1:1842336-1843989|CDS|CYA_1843	97.604	1461	35	0	1	1461	193	1653	0.0	2478
Ga0393567_05_3114_3371	CP000240.1:417807-418065|CDS|CYB_0403	98.062	258	5	0	1	258	1	258	4.75e-125	444
Ga0393567_05_3114_3371	CP000239.1:1841736-1841994|CDS|CYA_1842	96.512	258	9	0	1	258	1	258	1.27e-119	425
Ga0393567_05_3471_3797	CP000239.1:1841264-1841642|CDS|CYA_1841	98.471	327	5	0	1	327	52	378	2.14e-162	568
Ga0393567_05_3471_3797	CP000240.1:418164-418542|CDS|CYB_0404	97.859	327	7	0	1	327	52	378	1.11e-159	559
Ga0393567_05_3878_4177	CP000239.1:1840936-1841236|CDS|CYA_1840	99.333	300	2	0	1	300	1	300	4.02e-152	533
Ga0393567_05_3878_4177	CP000240.1:418570-418870|CDS|CYB_0405	98.333	300	5	0	1	300	1	300	8.86e-148	519
Ga0393567_05_4220_4585	CP000239.1:1840528-1840894|CDS|CYA_1839	97.268	366	10	0	1	366	1	366	5.29e-177	616
Ga0393567_05_4220_4585	CP000240.1:418912-419278|CDS|CYB_0406	95.355	366	17	0	1	366	1	366	3.13e-167	584
Ga0393567_05_4582_4845	CP000239.1:1840268-1840532|CDS|CYA_1838	97.348	264	7	0	1	264	1	264	1.40e-125	445
Ga0393567_05_4582_4845	CP000240.1:419274-419538|CDS|CYB_0407	96.212	264	10	0	1	264	1	264	8.80e-122	432
Ga0393567_05_4906_5361	CP000240.1:419604-420060|CDS|CYB_0408	98.026	456	9	0	1	456	1	456	0.0	783
Ga0393567_05_4906_5361	CP000239.1:1839746-1840202|CDS|CYA_1837	95.614	456	20	0	1	456	1	456	0.0	733
Ga0393567_05_5364_5783	CP000240.1:420062-420482|CDS|CYB_0409	99.762	420	1	0	1	420	1	420	0.0	754
Ga0393567_05_5364_5783	CP000239.1:1839324-1839744|CDS|CYA_1836	99.762	420	1	0	1	420	1	420	0.0	754
Ga0393567_05_5865_7205	CP000240.1:420563-421901|CDS|CYB_0410	96.637	1338	45	0	4	1341	1	1338	0.0	2211
Ga0393567_05_5865_7205	CP000239.1:1837912-1839250|CDS|CYA_1835	95.964	1338	54	0	4	1341	1	1338	0.0	2170
Ga0393567_05_7202_8596	CP000240.1:421900-423295|CDS|CYB_0411	98.996	1395	14	0	1	1395	1	1395	0.0	2453
Ga0393567_05_7202_8596	CP000239.1:1836518-1837925|CDS|CYA_1834	98.781	1395	17	0	1	1395	1	1395	0.0	2440
Ga0393567_05_8587_8946	CP000240.1:423285-423645|CDS|CYB_0412	99.444	360	2	0	1	360	1	360	0.0	641
Ga0393567_05_8587_8946	CP000239.1:1836168-1836528|CDS|CYA_1833	99.444	360	2	0	1	360	1	360	0.0	641
Ga0393567_05_8950_9174	CP000239.1:1835940-1836165|CDS|CYA_1832	94.667	225	12	0	1	225	1	225	5.68e-98	352
Ga0393567_05_8950_9174	CP000240.1:423648-423873|CDS|CYB_0413	93.778	225	14	0	1	225	1	225	2.94e-95	343
Ga0393567_05_9217_9762	CP000240.1:423915-424461|CDS|CYB_0414	99.084	546	5	0	1	546	1	546	0.0	963
Ga0393567_05_9217_9762	CP000239.1:1835352-1835898|CDS|CYA_1831	98.901	546	6	0	1	546	1	546	0.0	958
Ga0393567_05_9217_9762	CP000239.1:2474425-2474977|CDS|CYA_2464	69.530	489	147	2	47	534	47	534	1.68e-52	204
Ga0393567_05_9217_9762	CP000240.1:1503975-1504527|CDS|CYB_1434	69.321	427	125	4	111	534	111	534	1.21e-41	168
Ga0393567_05_9817_10110	CP000240.1:424515-424845|CDS|CYB_0415	99.660	294	1	0	1	294	37	330	5.84e-150	526
Ga0393567_05_9817_10110	CP000239.1:1835004-1835298|CDS|CYA_1830	98.299	294	5	0	1	294	1	294	1.57e-144	508
Ga0393567_05_11053_12333	CP000240.1:425582-427019|CDS|CYB_0417	98.673	1281	17	0	1	1281	157	1437	0.0	2234
Ga0393567_05_11053_12333	CP000239.1:1832796-1834233|CDS|CYA_1828	98.439	1281	20	0	1	1281	157	1437	0.0	2221
Ga0393567_05_12338_12628	CP000240.1:427044-427338|CDS|CYB_0418	98.148	270	5	0	1	270	270	1	1.66e-131	465
Ga0393567_05_12338_12628	CP000239.1:1832477-1832771|CDS|CYA_1827	97.778	270	6	0	1	270	270	1	2.02e-130	461
Ga0393567_05_12554_12652	CP000239.1:1832477-1832771|CDS|CYA_1827	98.990	99	1	0	1	99	196	294	1.20e-44	175
Ga0393567_05_12554_12652	CP000240.1:427044-427338|CDS|CYB_0418	96.970	99	3	0	1	99	196	294	6.22e-42	166
Ga0393567_05_12692_13891	CP000239.1:1831238-1832429|CDS|CYA_1826	98.992	1191	12	0	10	1200	1	1191	0.0	2094
Ga0393567_05_12692_13891	CP000240.1:427381-428572|CDS|CYB_0419	98.573	1191	17	0	10	1200	1	1191	0.0	2072
Ga0393567_05_13948_14859	CP000239.1:1830243-1831182|CDS|CYA_1825	95.634	939	14	1	1	912	1	939	0.0	1529
Ga0393567_05_13948_14859	CP000240.1:428628-429567|CDS|CYB_0420	95.101	939	19	1	1	912	1	939	0.0	1507
Ga0393567_05_15115_15993	CP000240.1:429844-430723|CDS|CYB_0421	98.749	879	11	0	1	879	1	879	0.0	1536
Ga0393567_05_15115_15993	CP000239.1:1829087-1829966|CDS|CYA_1824	98.635	879	12	0	1	879	1	879	0.0	1532
Ga0393567_06_13_963	CP000240.1:2700193-2701144|CDS|CYB_2598	99.264	951	7	0	1	951	1	951	0.0	1684
Ga0393567_06_1015_1671	CP000240.1:2699498-2700143|CDS|CYB_2597	98.602	644	9	0	13	656	1	644	0.0	1122
Ga0393567_06_1015_1671	CP000239.1:1192570-1193215|CDS|CYA_1178	88.837	645	72	0	13	657	1	645	0.0	839
Ga0393567_06_2181_4142	CP000239.1:1193691-1195644|CDS|CYA_1179	83.342	1957	318	3	1	1956	1	1950	0.0	2054
Ga0393567_06_4161_5396	CP000240.1:2933473-2934709|CDS|CYB_2835	94.907	1237	61	2	1	1236	1	1236	0.0	1940
Ga0393567_06_4161_5396	CP000240.1:1267756-1268992|CDS|CYB_1227	94.099	1237	71	2	1	1236	1	1236	0.0	1895
Ga0393567_06_4161_5396	CP000240.1:629484-630702|CDS|CYB_0620	93.339	1216	81	0	1	1216	1	1216	0.0	1829
Ga0393567_06_4161_5396	CP000240.1:2661652-2662870|CDS|CYB_2557	91.452	1240	58	2	1	1216	1	1216	0.0	1793
Ga0393567_06_4161_5396	CP000240.1:2619921-2621115|CDS|CYB_2521	91.454	1217	78	3	1	1216	1	1192	0.0	1737
Ga0393567_06_4161_5396	CP000240.1:1244785-1246021|CDS|CYB_1201	89.921	1260	79	2	1	1236	1	1236	0.0	1735
Ga0393567_06_4161_5396	CP000239.1:994256-995468|CDS|CYA_0981	89.887	1236	101	1	1	1236	1	1212	0.0	1683
Ga0393567_06_4161_5396	CP000240.1:481588-482800|CDS|CYB_0472	89.733	1237	101	3	1	1236	1	1212	0.0	1669
Ga0393567_06_4161_5396	CP000240.1:605550-606744|CDS|CYB_0598	89.474	1216	104	1	1	1216	1	1192	0.0	1634
Ga0393567_06_4161_5396	CP000239.1:698055-699204|CDS|CYA_0690	90.094	1171	68	2	1	1147	1	1147	0.0	1624
Ga0393567_06_4161_5396	CP000239.1:629980-631174|CDS|CYA_0620	88.980	1216	110	1	1	1216	1	1192	0.0	1607
Ga0393567_06_4161_5396	CP000239.1:893439-894633|CDS|CYA_0887	88.107	1236	105	3	1	1236	1	1194	0.0	1591
Ga0393567_06_4161_5396	CP000240.1:241642-242836|CDS|CYB_0233	88.197	1237	102	5	1	1236	1	1194	0.0	1590
Ga0393567_06_4161_5396	CP000240.1:1842322-1843549|CDS|CYB_1759	87.948	1228	100	2	1	1204	1	1204	0.0	1582
Ga0393567_06_4161_5396	CP000240.1:1521392-1522610|CDS|CYB_1450	88.158	1216	144	0	1	1216	1	1216	0.0	1544
Ga0393567_06_4161_5396	CP000239.1:774779-775973|CDS|CYA_0767	87.829	1216	124	1	1	1216	1	1192	0.0	1544
Ga0393567_06_4161_5396	CP000240.1:1358129-1359347|CDS|CYB_1297	88.076	1216	145	0	1	1216	1	1216	0.0	1540
Ga0393567_06_4161_5396	CP000240.1:638632-639850|CDS|CYB_0630	87.993	1216	146	0	1	1216	1	1216	0.0	1535
Ga0393567_06_4161_5396	CP000240.1:1316312-1317548|CDS|CYB_1259	86.349	1260	124	2	1	1236	1	1236	0.0	1532
Ga0393567_06_4161_5396	CP000240.1:1384265-1385459|CDS|CYB_1322	86.084	1236	130	3	1	1236	1	1194	0.0	1479
Ga0393567_06_4161_5396	CP000240.1:345730-346924|CDS|CYB_0329	88.164	1149	112	1	1	1149	1	1125	0.0	1477
Ga0393567_06_4161_5396	CP000240.1:2565689-2566883|CDS|CYB_2468	87.815	1149	116	1	1	1149	1	1125	0.0	1459
Ga0393567_06_4161_5396	CP000240.1:1083184-1084426|CDS|CYB_1042	85.565	1240	155	1	1	1216	1	1240	0.0	1447
Ga0393567_06_4161_5396	CP000240.1:3008652-3009870|CDS|CYB_2910	86.349	1216	166	0	1	1216	1	1216	0.0	1445
Ga0393567_06_4161_5396	CP000240.1:2830275-2831565|CDS|CYB_2735	84.444	1260	155	2	1	1236	1	1243	0.0	1417
Ga0393567_06_4161_5396	CP000240.1:2644164-2645358|CDS|CYB_2538	85.526	1216	152	1	1	1216	1	1192	0.0	1417
Ga0393567_06_4161_5396	CP000240.1:1015074-1016268|CDS|CYB_0979	84.547	1236	149	3	1	1236	1	1194	0.0	1393
Ga0393567_06_4161_5396	CP000239.1:2170714-2171908|CDS|CYA_2158	85.033	1216	158	1	1	1216	1	1192	0.0	1390
Ga0393567_06_4161_5396	CP000240.1:1190675-1191869|CDS|CYB_1151	84.881	1217	158	3	1	1216	1	1192	0.0	1376
Ga0393567_06_4161_5396	CP000240.1:1803089-1804283|CDS|CYB_1722	84.704	1216	162	1	1	1216	1	1192	0.0	1372
Ga0393567_06_4161_5396	CP000240.1:1064975-1066169|CDS|CYB_1023	84.375	1216	166	1	1	1216	1	1192	0.0	1354
Ga0393567_06_4161_5396	CP000240.1:1954838-1956056|CDS|CYB_1872	83.320	1241	157	4	1	1216	1	1216	0.0	1333
Ga0393567_06_4161_5396	CP000240.1:2796782-2798000|CDS|CYB_2707	83.145	1240	161	2	1	1216	1	1216	0.0	1329
Ga0393567_06_4161_5396	CP000239.1:1594889-1596107|CDS|CYA_1585	85.304	1150	143	3	1	1149	1	1125	0.0	1323
Ga0393567_06_4161_5396	CP000240.1:2168360-2169515|CDS|CYB_2071	84.856	1149	150	1	1	1149	1	1125	0.0	1306
Ga0393567_06_4161_5396	CP000239.1:712444-713638|CDS|CYA_0704	83.566	1217	174	3	1	1216	1	1192	0.0	1304
Ga0393567_06_4161_5396	CP000240.1:2247371-2248565|CDS|CYB_2147	82.862	1237	168	6	1	1236	1	1194	0.0	1288
Ga0393567_06_4161_5396	CP000240.1:2210858-2212052|CDS|CYB_2117	83.237	1217	178	3	1	1216	1	1192	0.0	1286
Ga0393567_06_4161_5396	CP000240.1:52430-53648|CDS|CYB_0041	82.177	1240	173	2	1	1216	1	1216	0.0	1275
Ga0393567_06_4161_5396	CP000240.1:2553363-2554557|CDS|CYB_2454	82.812	1216	185	1	1	1216	1	1192	0.0	1269
Ga0393567_06_4161_5396	CP000240.1:102811-104029|CDS|CYB_0087	83.029	1149	195	0	1	1149	1	1149	0.0	1194
Ga0393567_06_4161_5396	CP000240.1:2506708-2507857|CDS|CYB_2410	80.779	1129	121	4	1	1033	1	1129	0.0	1127
Ga0393567_06_4161_5396	CP000240.1:2219258-2220470|CDS|CYB_2126	77.778	1242	240	6	1	1236	1	1212	0.0	1002
Ga0393567_06_4161_5396	CP000239.1:693322-694534|CDS|CYA_0687	77.778	1242	240	6	1	1236	1	1212	0.0	1002
Ga0393567_06_4161_5396	CP000240.1:1763450-1764623|CDS|CYB_1688	76.268	1163	224	10	1	1149	1	1125	0.0	856
Ga0393567_06_4161_5396	CP000240.1:2128026-2129220|CDS|CYB_2026	76.062	1153	244	5	1	1149	1	1125	0.0	842
Ga0393567_06_4161_5396	CP000240.1:1917270-1918464|CDS|CYB_1826	74.578	1243	260	10	1	1236	1	1194	0.0	823
Ga0393567_06_4161_5396	CP000239.1:88305-89487|CDS|CYA_0091	74.148	1145	248	5	1	1139	1	1103	0.0	752
Ga0393567_06_5798_7885	CP000240.1:2694267-2696505|CDS|CYB_2595	99.665	2089	5	2	1	2088	53	2140	0.0	3729
Ga0393567_06_7867_7983	CP000240.1:2694267-2696505|CDS|CYB_2595	100.000	117	0	0	1	117	2122	2238	5.90e-56	212
Ga0393567_06_7867_7983	CP000239.1:1198400-1199069|CDS|CYA_1183	85.714	112	16	0	6	117	558	669	1.58e-31	131
Ga0393567_06_8168_8695	CP000240.1:2693555-2694083|CDS|CYB_2594	98.106	528	10	0	1	528	1	528	0.0	908
Ga0393567_06_8168_8695	CP000239.1:1199236-1199788|CDS|CYA_1184	78.043	419	77	3	1	404	1	419	2.56e-94	342
Ga0393567_06_8732_9247	CP000240.1:2693000-2693519|CDS|CYB_2593	95.761	519	19	1	1	516	1	519	0.0	836
Ga0393567_06_9268_10527	CP000240.1:2690914-2692159|CDS|CYB_2590	98.955	1244	13	0	16	1259	1	1244	0.0	2186
Ga0393567_06_9268_10527	CP000239.1:1200072-1201317|CDS|CYA_1186	89.799	1245	127	0	16	1260	1	1245	0.0	1673
Ga0393567_06_11005_11334	CP000240.1:2690053-2690422|CDS|CYB_2589	100.000	330	0	0	1	330	40	369	4.45e-171	596
Ga0393567_06_11005_11334	CP000239.1:1201813-1202182|CDS|CYA_1187	76.667	330	77	0	1	330	40	369	2.64e-66	249
Ga0393567_06_11649_12242	CP000240.1:2689153-2689921|CDS|CYB_2588	98.653	594	8	0	1	594	175	768	0.0	1036
Ga0393567_06_11649_12242	CP000239.1:1202371-1203058|CDS|CYA_1188	84.486	593	92	0	1	593	94	686	0.0	655
Ga0393567_07_632_2185	CP000240.1:2086060-2087614|CDS|CYB_1985	98.134	1554	29	0	1	1554	1	1554	0.0	2672
Ga0393567_07_632_2185	CP000239.1:1702906-1704457|CDS|CYA_1699	86.534	1552	206	1	1	1552	1	1549	0.0	1856
Ga0393567_07_2788_3558	CP000240.1:2084955-2086035|CDS|CYB_1984	99.611	771	3	0	1	771	310	1080	0.0	1378
Ga0393567_07_2788_3558	CP000239.1:1704609-1705548|CDS|CYA_1700	86.071	761	106	0	1	761	166	926	0.0	895
Ga0393567_07_3572_5518	CP000240.1:2082995-2084942|CDS|CYB_1983	98.613	1947	27	0	1	1947	1	1947	0.0	3390
Ga0393567_07_3572_5518	CP000239.1:1705550-1707500|CDS|CYA_1701	88.672	1898	215	0	1	1898	1	1898	0.0	2454
Ga0393567_07_5725_6711	CP000240.1:2081794-2082751|CDS|CYB_1982	99.164	957	8	0	31	987	1	957	0.0	1691
Ga0393567_07_5725_6711	CP000239.1:1708007-1708988|CDS|CYA_1702	87.460	941	118	0	31	971	1	941	0.0	1166
Ga0393567_07_7091_8050	CP000240.1:464347-465361|CDS|CYB_0460	99.167	960	8	0	1	960	55	1014	0.0	1696
Ga0393567_07_7091_8050	CP000240.1:2080407-2081415|CDS|CYB_1980	97.393	959	25	0	2	960	50	1008	0.0	1618
Ga0393567_07_7091_8050	CP000239.1:2276670-2277645|CDS|CYA_2267	84.222	957	151	0	4	960	19	975	0.0	1046
Ga0393567_07_9125_10324	CP000240.1:466818-468018|CDS|CYB_0462	98.083	1200	23	0	1	1200	1	1200	0.0	2061
Ga0393567_07_9125_10324	CP000239.1:2273667-2274876|CDS|CYA_2265	83.839	1120	179	2	82	1200	91	1209	0.0	1197
Ga0393567_07_10428_11102	CP000240.1:468122-469082|CDS|CYB_0463	97.333	675	18	0	1	675	286	960	0.0	1137
Ga0393567_07_11111_11386	CP000240.1:468122-469082|CDS|CYB_0463	98.195	277	4	1	1	276	1	277	3.02e-134	474
Ga0393567_07_11451_12089	CP000240.1:469146-469785|CDS|CYB_0464	98.279	639	11	0	1	639	1	639	0.0	1104
Ga0393567_08_467_1756	CP000240.1:751291-752581|CDS|CYB_0731	97.752	1290	29	0	1	1290	1	1290	0.0	2196
Ga0393567_08_467_1756	CP000239.1:2188311-2189625|CDS|CYA_2172	81.646	1264	228	4	20	1281	50	1311	0.0	1220
Ga0393567_08_2052_3185	CP000240.1:749862-750927|CDS|CYB_0729	98.310	1065	18	0	70	1134	1	1065	0.0	1840
Ga0393567_08_2052_3185	CP000239.1:1260708-1261710|CDS|CYA_1249	73.959	1033	233	4	102	1134	6	1002	0.0	665
Ga0393567_08_4982_5305	CP000240.1:748010-748394|CDS|CYB_0728	99.685	317	1	0	8	324	68	384	2.12e-162	568
Ga0393567_08_4982_5305	CP000239.1:1263139-1263502|CDS|CYA_1251	82.295	305	54	0	8	312	38	342	3.16e-84	307
Ga0393567_08_5358_6479	CP000240.1:746836-747958|CDS|CYB_0727	97.237	1122	31	0	1	1122	1	1122	0.0	1884
Ga0393567_08_5358_6479	CP000239.1:1263498-1264620|CDS|CYA_1250	84.933	1115	168	0	1	1115	1	1115	0.0	1254
Ga0393567_08_6762_7979	CP000240.1:745336-746554|CDS|CYB_0726	97.537	1218	30	0	1	1218	1	1218	0.0	2062
Ga0393567_08_6762_7979	CP000239.1:1264885-1266106|CDS|CYA_1252	83.263	1177	195	2	41	1216	44	1219	0.0	1228
Ga0393567_08_8167_8841	CP000240.1:744474-745149|CDS|CYB_0725	96.444	675	24	0	1	675	1	675	0.0	1110
Ga0393567_08_8167_8841	CP000239.1:1266258-1266936|CDS|CYA_1253	81.715	618	113	0	1	618	1	618	1.82e-173	606
Ga0393567_08_9122_10615	CP000240.1:742694-744182|CDS|CYB_0724	96.907	1487	46	0	7	1493	1	1487	0.0	2475
Ga0393567_08_9122_10615	CP000239.1:446369-447848|CDS|CYA_0428	82.090	1474	249	2	22	1492	16	1477	0.0	1473
Ga0393567_08_10617_11207	CP000240.1:742105-742693|CDS|CYB_0723	96.108	591	20	1	1	591	1	588	0.0	961
Ga0393567_08_10617_11207	CP000239.1:447849-448440|CDS|CYA_0429	87.965	565	68	0	18	582	18	582	0.0	713
Ga0393567_08_11505_11666	CP000240.1:741666-741891|CDS|CYB_0722	98.765	162	2	0	1	162	64	225	1.68e-77	284
Ga0393567_08_11505_11666	CP000239.1:448545-448764|CDS|CYA_0430	89.506	162	17	0	1	162	58	219	7.14e-57	216
Ga0393567_08_11701_12444	CP000240.1:740888-741632|CDS|CYB_0721	98.656	744	10	0	1	744	1	744	0.0	1297
Ga0393567_08_11701_12444	CP000239.1:448794-449529|CDS|CYA_0431	87.184	593	76	0	1	593	1	593	0.0	728
Ga0393567_09_704_925	CP000240.1:846703-846928|CDS|CYB_0817	98.649	222	3	0	1	222	4	225	2.71e-108	388
Ga0393567_09_704_925	CP000239.1:2412210-2412432|CDS|CYA_2402	89.189	222	24	0	1	222	1	222	4.60e-80	293
Ga0393567_09_925_2778	CP000240.1:846924-848778|CDS|CYB_0818	98.759	1854	23	0	1	1854	1	1854	0.0	3241
Ga0393567_09_925_2778	CP000239.1:2410354-2412211|CDS|CYA_2401	86.146	1855	255	2	1	1854	4	1857	0.0	2180
Ga0393567_09_2998_3693	CP000240.1:848998-849694|CDS|CYB_0819	99.138	696	6	0	1	696	1	696	0.0	1229
Ga0393567_09_2998_3693	CP000239.1:2834359-2835076|CDS|CYA_2815	89.481	694	73	0	2	695	23	716	0.0	923
Ga0393567_09_3697_4122	CP000240.1:849697-850123|CDS|CYB_0820	96.948	426	13	0	1	426	1	426	0.0	710
Ga0393567_09_3697_4122	CP000239.1:2835079-2835505|CDS|CYA_2816	85.854	410	58	0	1	410	1	410	1.13e-135	479
Ga0393567_09_4393_5337	CP000240.1:850393-851338|CDS|CYB_0821	98.519	945	14	0	1	945	1	945	0.0	1642
Ga0393567_09_4393_5337	CP000239.1:2835538-2836483|CDS|CYA_2817	86.364	946	127	2	1	945	1	945	0.0	1118
Ga0393567_09_5515_6810	CP000240.1:851515-852811|CDS|CYB_0822	98.457	1296	20	0	1	1296	1	1296	0.0	2248
Ga0393567_09_5515_6810	CP000239.1:2836588-2837884|CDS|CYA_2818	88.130	1289	153	0	1	1289	1	1289	0.0	1636
Ga0393567_09_7283_8509	CP000240.1:853142-854510|CDS|CYB_0823	98.370	1227	20	0	1	1227	142	1368	0.0	2123
Ga0393567_09_7283_8509	CP000239.1:2838132-2839500|CDS|CYA_2820	88.039	1229	143	2	1	1227	142	1368	0.0	1549
Ga0393567_09_8763_9290	CP000240.1:854763-855291|CDS|CYB_0824	100.000	528	0	0	1	528	1	528	0.0	953
Ga0393567_09_8763_9290	CP000239.1:2839763-2840309|CDS|CYA_2821	80.734	545	85	5	1	526	1	544	1.02e-143	506
Ga0393567_09_9481_9645	CP000240.1:855382-856177|CDS|CYB_0825	93.939	165	10	0	1	165	264	100	2.90e-68	253
Ga0393567_09_9481_9645	CP000239.1:2840400-2841195|CDS|CYA_2822	88.591	149	17	0	2	150	263	115	8.32e-50	193
Ga0393567_09_9709_9840	CP000240.1:855382-856177|CDS|CYB_0825	98.485	132	1	1	1	132	458	328	3.10e-60	226
Ga0393567_09_9709_9840	CP000239.1:2840400-2841195|CDS|CYA_2822	92.424	132	9	1	1	132	458	328	2.23e-49	190
Ga0393567_09_9781_9897	CP000240.1:855382-856177|CDS|CYB_0825	99.145	117	0	1	1	117	400	515	3.06e-53	204
Ga0393567_09_9781_9897	CP000239.1:2840400-2841195|CDS|CYA_2822	86.325	117	15	1	1	117	400	515	3.73e-33	136
Ga0393567_09_9854_10177	CP000240.1:855382-856177|CDS|CYB_0825	99.691	324	1	0	1	324	472	795	3.36e-166	581
Ga0393567_09_9854_10177	CP000239.1:2840400-2841195|CDS|CYA_2822	87.037	324	42	0	1	324	472	795	7.92e-111	396
Ga0393567_09_10491_11732	CP000240.1:856503-857697|CDS|CYB_0826	99.665	1194	4	0	49	1242	1	1194	0.0	2136
Ga0393567_09_10491_11732	CP000239.1:2841988-2843173|CDS|CYA_2824	82.601	1069	147	8	174	1242	156	1185	0.0	1089
Ga0393567_09_12019_12462	CP000240.1:858030-858567|CDS|CYB_0827	99.099	444	4	0	1	444	94	537	0.0	783
Ga0393567_09_12019_12462	CP000239.1:2843282-2843699|CDS|CYA_2825	80.620	387	53	3	1	385	1	367	5.35e-102	367
Ga0393567_10_8065_8979	CP000240.1:880479-881394|CDS|CYB_0847	99.235	915	7	0	1	915	1	915	0.0	1619
Ga0393567_10_8065_8979	CP000239.1:1237545-1238460|CDS|CYA_1227	80.132	911	181	0	1	911	1	911	0.0	828
Ga0393567_10_9058_9507	CP000240.1:881471-881912|CDS|CYB_0848	94.331	441	25	0	10	450	1	441	0.0	683
Ga0393567_10_9058_9507	CP000239.1:1236951-1237392|CDS|CYA_1226	81.633	441	81	0	10	450	1	441	5.43e-121	431
Ga0393567_10_9629_10624	CP000240.1:882042-883038|CDS|CYB_0849	98.896	996	11	0	1	996	1	996	0.0	1747
Ga0393567_10_9629_10624	CP000239.1:1235826-1236822|CDS|CYA_1224	85.141	996	148	0	1	996	1	996	0.0	1130
Ga0393567_10_10649_11608	CP000240.1:883062-884091|CDS|CYB_0850	99.375	960	6	0	1	960	70	1029	0.0	1705
Ga0393567_10_10649_11608	CP000239.1:2369786-2370812|CDS|CYA_2362	91.354	960	83	0	1	960	67	1026	0.0	1358
Ga0393567_11_106_510	CP000240.1:2353109-2353625|CDS|CYB_2248	99.710	345	1	0	1	345	345	1	1.69e-177	618
Ga0393567_11_106_510	CP000239.1:471064-471580|CDS|CYA_0454	87.209	344	44	0	2	345	344	1	7.20e-119	423
Ga0393567_11_752_1222	CP000240.1:2352337-2352808|CDS|CYB_2246	98.726	471	6	0	1	471	1	471	0.0	823
Ga0393567_11_752_1222	CP000239.1:471901-472375|CDS|CYA_0456	88.397	474	52	1	1	471	1	474	1.25e-173	606
Ga0393567_11_1358_2731	CP000240.1:2350828-2352202|CDS|CYB_2245	99.054	1374	13	0	1	1374	1	1374	0.0	2420
Ga0393567_11_1358_2731	CP000239.1:472534-473902|CDS|CYA_0457	89.116	1369	143	2	1	1369	1	1363	0.0	1794
Ga0393567_11_2941_4641	CP000240.1:2348918-2350535|CDS|CYB_2244	96.966	1615	49	0	85	1699	1	1615	0.0	2692
Ga0393567_11_2941_4641	CP000239.1:2264430-2266038|CDS|CYA_2256	83.364	1605	265	2	85	1688	1	1604	0.0	1684
Ga0393567_11_4648_5178	CP000240.1:2348390-2348912|CDS|CYB_2243	97.510	522	13	0	10	531	1	522	0.0	884
Ga0393567_11_4648_5178	CP000239.1:254427-254949|CDS|CYA_0251	87.356	522	66	0	10	531	1	522	0.0	645
Ga0393567_11_5746_6936	CP000240.1:2346623-2347814|CDS|CYB_2241	98.321	1191	20	0	1	1191	1	1191	0.0	2058
Ga0393567_11_5746_6936	CP000239.1:1786384-1787563|CDS|CYA_1785	86.650	1191	147	1	1	1191	1	1179	0.0	1438
Ga0393567_11_7310_7921	CP000240.1:2345662-2346151|CDS|CYB_2239	98.160	489	9	0	124	612	1	489	0.0	842
Ga0393567_11_7310_7921	CP000239.1:1787606-1788275|CDS|CYA_1786	80.952	567	104	2	38	602	95	659	2.98e-151	531
Ga0393567_11_8011_8499	CP000240.1:2345084-2345573|CDS|CYB_2238	98.364	489	8	0	1	489	1	489	0.0	847
Ga0393567_11_8011_8499	CP000239.1:1788360-1788864|CDS|CYA_1787	84.646	495	67	2	1	486	1	495	8.77e-157	550
Ga0393567_11_8508_9419	CP000240.1:2344164-2345076|CDS|CYB_2237	98.575	912	13	0	1	912	1	912	0.0	1587
Ga0393567_11_8508_9419	CP000239.1:1788916-1789828|CDS|CYA_1788	83.426	899	146	2	13	911	16	911	0.0	944
Ga0393567_11_9469_10269	CP000240.1:2343335-2344115|CDS|CYB_2236	95.769	780	33	0	22	801	1	780	0.0	1259
Ga0393567_11_9469_10269	CP000239.1:1789886-1790675|CDS|CYA_1789	83.021	801	124	2	1	801	1	789	0.0	834
Ga0393567_11_10823_11977	CP000240.1:559712-560867|CDS|CYB_0548	93.074	1155	80	0	1	1155	1	1155	0.0	1723
Ga0393567_11_10823_11977	CP000240.1:2745261-2746416|CDS|CYB_2657	92.641	1155	85	0	1	1155	1	1155	0.0	1700
Ga0393567_11_10823_11977	CP000240.1:2789871-2791026|CDS|CYB_2701	92.121	1155	91	0	1	1155	1	1155	0.0	1673
Ga0393567_11_10823_11977	CP000240.1:1235562-1236717|CDS|CYB_1195	91.948	1155	93	0	1	1155	1	1155	0.0	1664
Ga0393567_11_10823_11977	CP000240.1:269596-270751|CDS|CYB_0258	91.861	1155	94	0	1	1155	1	1155	0.0	1660
Ga0393567_11_10823_11977	CP000240.1:95175-96330|CDS|CYB_0081	90.909	1155	105	0	1	1155	1	1155	0.0	1610
Ga0393567_11_10823_11977	CP000240.1:1824951-1826106|CDS|CYB_1742	90.649	1155	108	0	1	1155	1	1155	0.0	1597
Ga0393567_12_225_1094	CP000240.1:1540612-1541620|CDS|CYB_1465	99.770	870	2	0	1	870	139	1008	0.0	1561
Ga0393567_12_225_1094	CP000240.1:1541969-1542947|CDS|CYB_1466	71.580	848	228	7	1	843	121	960	1.60e-118	424
Ga0393567_12_225_1094	CP000240.1:12863-13868|CDS|CYB_0011	64.062	768	253	11	1	758	130	884	3.77e-25	113
Ga0393567_12_1444_2421	CP000240.1:1541969-1542947|CDS|CYB_1466	99.591	978	4	0	1	978	1	978	0.0	1746
Ga0393567_12_1444_2421	CP000240.1:1540612-1541620|CDS|CYB_1465	71.311	847	232	5	121	960	139	981	2.19e-117	420
Ga0393567_12_2563_3417	CP000240.1:1543088-1543898|CDS|CYB_1467	99.877	811	0	1	1	811	1	810	0.0	1455
Ga0393567_12_3432_4241	CP000240.1:1543956-1544766|CDS|CYB_1468	99.506	810	4	0	1	810	1	810	0.0	1443
Ga0393567_12_4241_5053	CP000240.1:1544765-1545578|CDS|CYB_1469	100.000	813	0	0	1	813	1	813	0.0	1467
Ga0393567_12_5834_7417	CP000240.1:1546358-1547942|CDS|CYB_1471	95.391	1584	73	0	1	1584	1	1584	0.0	2528
Ga0393567_12_5834_7417	CP000239.1:1491526-1493104|CDS|CYA_1484	86.566	1526	205	0	1	1526	1	1526	0.0	1829
Ga0393567_12_7542_8816	CP000240.1:1548066-1549365|CDS|CYB_1472	96.471	1275	45	0	1	1275	25	1299	0.0	2097
Ga0393567_12_7542_8816	CP000239.1:1490110-1491406|CDS|CYA_1483	86.074	1271	168	3	1	1268	25	1289	0.0	1489
Ga0393567_12_8927_9133	CP000240.1:1549451-1549931|CDS|CYB_1473	95.652	207	9	0	1	207	274	480	4.84e-92	334
Ga0393567_12_8927_9133	CP000239.1:1489544-1490024|CDS|CYA_1482	89.855	207	21	0	1	207	274	480	9.36e-76	279
Ga0393567_12_9673_10155	CP000240.1:1550152-1550629|CDS|CYB_1474	98.326	478	7	1	1	478	1	477	0.0	823
Ga0393567_12_9673_10155	CP000239.1:1488847-1489324|CDS|CYA_1481	87.261	471	59	1	1	471	1	470	6.23e-165	576
Ga0393567_13_929_1870	CP000240.1:449716-450658|CDS|CYB_0441	98.195	942	17	0	1	942	1	942	0.0	1623
Ga0393567_13_2168_2482	CP000240.1:449104-449419|CDS|CYB_0439	98.413	315	5	0	1	315	1	315	6.72e-156	546
Ga0393567_13_2168_2482	CP000239.1:1151169-1151457|CDS|CYA_1124	86.331	278	37	1	25	302	1	277	3.27e-90	327
Ga0393567_13_2486_3232	CP000240.1:448354-449101|CDS|CYB_0438	98.795	747	9	0	1	747	1	747	0.0	1307
Ga0393567_13_2486_3232	CP000239.1:1150394-1151141|CDS|CYA_1123	86.193	746	103	0	1	746	1	746	0.0	882
Ga0393567_13_3309_4160	CP000240.1:447348-448278|CDS|CYB_0437	98.709	852	11	0	1	852	79	930	0.0	1488
Ga0393567_13_3309_4160	CP000239.1:1149395-1150319|CDS|CYA_1122	85.181	830	123	0	1	830	79	908	0.0	943
Ga0393567_13_4624_5133	CP000240.1:446480-446954|CDS|CYB_0436	99.578	474	2	0	37	510	1	474	0.0	847
Ga0393567_13_4624_5133	CP000239.1:1286274-1286754|CDS|CYA_1271	80.169	474	86	3	37	503	1	473	2.63e-119	425
Ga0393567_13_5167_5724	CP000240.1:445853-446411|CDS|CYB_0435	99.821	558	1	0	1	558	1	558	0.0	1003
Ga0393567_13_5167_5724	CP000239.1:1286821-1287379|CDS|CYA_1272	87.634	558	69	0	1	558	1	558	0.0	696
Ga0393567_13_5761_6450	CP000240.1:445109-445817|CDS|CYB_0434	96.957	690	21	0	1	690	19	708	0.0	1150
Ga0393567_13_5761_6450	CP000239.1:1287415-1288099|CDS|CYA_1273	81.579	646	119	0	1	646	19	664	1.63e-180	629
Ga0393567_13_6571_7635	CP000240.1:443946-445011|CDS|CYB_0433	99.249	1065	8	0	1	1065	1	1065	0.0	1885
Ga0393567_13_6571_7635	CP000240.1:384572-385637|CDS|CYB_0371	99.249	1065	8	0	1	1065	1	1065	0.0	1885
Ga0393567_13_6571_7635	CP000239.1:1814549-1815614|CDS|CYA_1811	92.770	1065	77	0	1	1065	1	1065	0.0	1574
Ga0393567_13_6571_7635	CP000239.1:1850153-1851218|CDS|CYA_1849	92.568	1063	79	0	1	1063	1	1063	0.0	1562
Ga0393567_13_6571_7635	CP000239.1:1288197-1289262|CDS|CYA_1274	92.192	1063	83	0	1	1063	1	1063	0.0	1544
Ga0393567_13_6571_7635	CP000240.1:226513-227569|CDS|CYB_0216	74.207	946	235	5	58	997	67	1009	1.83e-169	592
Ga0393567_13_6571_7635	CP000239.1:1753540-1754599|CDS|CYA_1748	72.718	986	254	8	58	1034	67	1046	8.33e-155	544
Ga0393567_13_7776_8912	CP000240.1:442669-443806|CDS|CYB_0432	99.208	1137	9	0	1	1137	1	1137	0.0	2011
Ga0393567_13_7776_8912	CP000239.1:1815753-1816890|CDS|CYA_1812	98.769	1137	14	0	1	1137	1	1137	0.0	1988
Ga0393567_13_7776_8912	CP000239.1:1851391-1852504|CDS|CYA_1850	81.882	1137	182	5	1	1137	1	1113	0.0	1122
Ga0393567_14_781_2940	CP000240.1:2194341-2196501|CDS|CYB_2100	98.519	2160	32	0	1	2160	1	2160	0.0	3752
Ga0393567_14_781_2940	CP000239.1:366345-368466|CDS|CYA_0349	85.057	2108	303	3	41	2142	2	2103	0.0	2379
Ga0393567_14_3060_3935	CP000240.1:2193346-2194222|CDS|CYB_2099	98.174	876	16	0	1	876	1	876	0.0	1508
Ga0393567_14_3060_3935	CP000239.1:368585-369452|CDS|CYA_0350	85.377	848	118	2	1	848	1	842	0.0	967
Ga0393567_14_4056_5210	CP000240.1:95175-96330|CDS|CYB_0081	97.835	1155	25	0	1	1155	1	1155	0.0	1971
Ga0393567_14_4056_5210	CP000240.1:1824951-1826106|CDS|CYB_1742	96.364	1155	42	0	1	1155	1	1155	0.0	1894
Ga0393567_14_4056_5210	CP000240.1:269596-270751|CDS|CYB_0258	96.277	1155	43	0	1	1155	1	1155	0.0	1890
Ga0393567_14_4056_5210	CP000240.1:2789871-2791026|CDS|CYB_2701	96.190	1155	44	0	1	1155	1	1155	0.0	1885
Ga0393567_14_4056_5210	CP000240.1:1235562-1236717|CDS|CYB_1195	95.758	1155	49	0	1	1155	1	1155	0.0	1863
Ga0393567_14_4056_5210	CP000240.1:2745261-2746416|CDS|CYB_2657	95.498	1155	52	0	1	1155	1	1155	0.0	1849
Ga0393567_14_4056_5210	CP000240.1:559712-560867|CDS|CYB_0548	95.152	1155	56	0	1	1155	1	1155	0.0	1831
Ga0393567_14_5228_5671	CP000240.1:2192897-2193341|CDS|CYB_2098	99.321	442	3	0	1	442	1	442	0.0	784
Ga0393567_14_5228_5671	CP000239.1:470547-470958|CDS|CYA_0452	82.583	333	58	0	100	432	76	408	7.44e-94	340
Ga0393567_14_5228_5671	CP000240.1:827053-827497|CDS|CYB_0800	76.147	436	104	0	7	442	7	442	2.43e-87	318
Ga0393567_14_6122_6649	CP000240.1:2191975-2192503|CDS|CYB_2096	99.432	528	3	0	1	528	1	528	0.0	939
Ga0393567_14_6122_6649	CP000239.1:370021-370573|CDS|CYA_0352	80.663	543	81	1	9	527	9	551	3.79e-149	524
Ga0393567_14_7506_7745	CP000240.1:2190369-2190609|CDS|CYB_2094	100.000	240	0	0	1	240	1	240	2.27e-122	434
Ga0393567_14_7506_7745	CP000239.1:2498349-2498589|CDS|CYA_2487	88.333	240	28	0	1	240	1	240	2.28e-84	307
Ga0393567_14_7758_8411	CP000240.1:2189703-2190357|CDS|CYB_2093	98.165	654	12	0	1	654	1	654	0.0	1126
Ga0393567_14_7758_8411	CP000239.1:2497672-2498335|CDS|CYA_2486	90.062	644	64	0	10	653	10	653	0.0	874
Ga0393567_14_8477_9112	CP000239.1:2495196-2496843|CDS|CYA_2484	97.585	621	15	0	2	622	401	1021	0.0	1053
Ga0393567_14_8477_9112	CP000240.1:2187220-2188864|CDS|CYB_2091	96.785	622	20	0	1	622	397	1018	0.0	1032
Ga0393567_14_9295_9471	CP000240.1:2187220-2188864|CDS|CYB_2091	99.435	177	1	0	1	177	215	39	1.09e-86	315
Ga0393567_14_9295_9471	CP000239.1:2495196-2496843|CDS|CYA_2484	99.435	177	1	0	1	177	227	51	1.09e-86	315
Ga0393567_14_9547_10026	CP000240.1:2188901-2189771|CDS|CYB_2092	100.000	480	0	0	1	480	391	870	0.0	866
Ga0393567_14_9547_10026	CP000239.1:2496880-2497573|CDS|CYA_2485	99.792	480	1	0	1	480	214	693	0.0	862
Ga0393567_15_380_1171	CP000240.1:172908-173700|CDS|CYB_0159	100.000	792	0	0	1	792	1	792	0.0	1429
Ga0393567_15_1387_2073	CP000240.1:172006-172630|CDS|CYB_0157	95.513	624	28	0	64	687	1	624	0.0	1000
Ga0393567_15_1387_2073	CP000239.1:520708-521404|CDS|CYA_0504	86.517	623	75	1	74	687	74	696	0.0	749
Ga0393567_15_2183_2731	CP000240.1:171357-171999|CDS|CYB_0156	93.585	530	34	0	1	530	103	632	0.0	803
Ga0393567_15_2183_2731	CP000239.1:520080-520668|CDS|CYA_0503	80.755	530	93	1	1	530	58	578	4.50e-142	500
Ga0393567_15_3221_4915	CP000240.1:169410-171030|CDS|CYB_0155	93.359	1566	104	0	67	1632	1	1566	0.0	2356
Ga0393567_15_3221_4915	CP000239.1:518174-519785|CDS|CYA_0502	84.792	1565	238	0	67	1631	1	1565	0.0	1750
Ga0393567_15_5847_7031	CP000240.1:167036-168230|CDS|CYB_0152	94.031	1156	69	0	4	1159	10	1165	0.0	1774
Ga0393567_15_5847_7031	CP000239.1:1155507-1156698|CDS|CYA_1131	83.939	1183	182	2	10	1185	10	1191	0.0	1276
Ga0393567_15_6988_8064	CP000239.1:1156648-1157719|CDS|CYA_1130	82.908	1059	167	2	1	1058	1	1046	0.0	1098
Ga0393567_15_8146_8904	CP000240.1:166155-166914|CDS|CYB_0151	96.438	758	25	2	1	757	1	757	0.0	1239
Ga0393567_15_8146_8904	CP000239.1:1157889-1158648|CDS|CYA_1132	87.203	758	97	0	1	758	1	758	0.0	930
Ga0393567_15_8912_9196	CP000240.1:165884-166148|CDS|CYB_0150	100.000	264	0	0	22	285	1	264	2.57e-135	477
Ga0393567_15_8912_9196	CP000239.1:1158654-1158912|CDS|CYA_1133	88.889	252	28	0	28	279	1	252	8.40e-91	329
Ga0393567_16_608_2677	CP000240.1:249358-252145|CDS|CYB_0240	96.670	2072	64	3	1	2070	1	2069	0.0	3417
Ga0393567_16_608_2677	CP000239.1:486235-489031|CDS|CYA_0472	85.839	2055	266	3	16	2070	16	2045	0.0	2404
Ga0393567_16_2688_5318	CP000240.1:252155-254786|CDS|CYB_0241	98.062	2631	51	0	1	2631	1	2631	0.0	4516
Ga0393567_16_2688_5318	CP000239.1:489056-491687|CDS|CYA_0473	87.262	2630	335	0	1	2630	1	2630	0.0	3233
Ga0393567_16_5411_5821	CP000240.1:254878-255289|CDS|CYB_0242	95.377	411	19	0	1	411	1	411	0.0	656
Ga0393567_16_5411_5821	CP000239.1:491777-492188|CDS|CYA_0474	81.707	410	75	0	2	411	2	411	2.39e-112	402
Ga0393567_16_6013_6762	CP000240.1:255471-256221|CDS|CYB_0243	98.133	750	14	0	1	750	1	750	0.0	1290
Ga0393567_16_6013_6762	CP000239.1:492369-493122|CDS|CYA_0475	81.367	746	136	2	1	743	1	746	0.0	713
Ga0393567_16_6988_7398	CP000240.1:256446-256857|CDS|CYB_0244	98.783	411	5	0	1	411	1	411	0.0	719
Ga0393567_16_6988_7398	CP000239.1:493283-493661|CDS|CYA_0476	78.187	353	77	0	18	370	9	361	1.09e-78	290
Ga0393567_16_7479_9116	CP000240.1:256938-259245|CDS|CYB_0245	99.442	1612	9	0	27	1638	696	2307	0.0	2867
Ga0393567_16_7479_9116	CP000239.1:493748-496055|CDS|CYA_0477	93.921	1612	98	0	27	1638	696	2307	0.0	2466
Ga0393567_17_315_755	CP000240.1:544294-544735|CDS|CYB_0529	97.052	441	13	0	1	441	1	441	0.0	737
Ga0393567_17_2394_3290	CP000239.1:2543741-2544962|CDS|CYA_2524	94.983	897	45	0	1	897	325	1221	0.0	1416
Ga0393567_17_3325_3615	CP000239.1:2543741-2544962|CDS|CYA_2524	88.256	281	33	0	1	281	1	281	1.77e-99	359
Ga0393567_17_4055_5422	CP000239.1:2541913-2543251|CDS|CYA_2523	88.781	1337	126	7	55	1367	1	1337	0.0	1726
Ga0393567_17_5497_7086	CP000240.1:19690-21247|CDS|CYB_0017	96.137	1553	60	0	34	1586	1	1553	0.0	2531
Ga0393567_17_7135_7716	CP000240.1:23138-23720|CDS|CYB_0020	98.110	582	11	0	1	582	1	582	0.0	1001
Ga0393567_17_7824_8951	CP000240.1:23827-26062|CDS|CYB_0021	98.138	1128	21	0	1	1128	1108	2235	0.0	1940
Ga0393567_17_7824_8951	CP000239.1:2539235-2541473|CDS|CYA_2522	93.351	1128	75	0	1	1128	1111	2238	0.0	1697
Ga0393567_18_552_1745	CP000240.1:1122427-1123651|CDS|CYB_1087	97.320	1194	32	0	1	1194	31	1224	0.0	2010
Ga0393567_18_552_1745	CP000239.1:1553981-1555208|CDS|CYA_1545	80.146	1098	195	3	1	1097	31	1106	0.0	1005
Ga0393567_18_1775_2581	CP000240.1:1121621-1122428|CDS|CYB_1086	98.637	807	11	0	1	807	1	807	0.0	1407
Ga0393567_18_3069_4007	CP000240.1:1120529-1121417|CDS|CYB_1084	97.041	845	25	0	43	887	1	845	0.0	1412
Ga0393567_18_4226_5059	CP000240.1:1119435-1120269|CDS|CYB_1083	97.842	834	18	0	1	834	1	834	0.0	1424
Ga0393567_18_4226_5059	CP000239.1:1557329-1558139|CDS|CYA_1548	84.358	748	117	0	30	777	27	774	0.0	822
Ga0393567_18_5107_6003	CP000240.1:1118492-1119389|CDS|CYB_1082	97.433	896	23	0	1	896	1	896	0.0	1513
Ga0393567_18_5107_6003	CP000239.1:1558159-1559056|CDS|CYA_1549	80.156	897	176	2	1	896	1	896	0.0	809
Ga0393567_18_6134_7912	CP000240.1:1116585-1118361|CDS|CYB_1081	95.270	1776	84	0	4	1779	1	1776	0.0	2825
Ga0393567_18_6134_7912	CP000239.1:1559183-1560959|CDS|CYA_1550	85.417	1776	259	0	4	1779	1	1776	0.0	2036
Ga0393567_18_8089_8394	CP000240.1:1115957-1116407|CDS|CYB_1080	96.066	305	12	0	2	306	146	450	2.96e-141	497
Ga0393567_18_8089_8394	CP000239.1:1561069-1561531|CDS|CYA_1551	83.775	302	49	0	1	302	157	458	3.86e-89	324
Ga0393567_19_77_1864	CP000240.1:2890401-2892327|CDS|CYB_2794	98.043	1788	35	0	1	1788	139	1926	0.0	3067
Ga0393567_19_77_1864	CP000239.1:1356159-1358178|CDS|CYA_1346	89.468	1766	186	0	1	1766	232	1997	0.0	2347
Ga0393567_19_2944_5646	CP000240.1:2893311-2895972|CDS|CYB_2795	93.799	2661	165	0	43	2703	1	2661	0.0	4056
Ga0393567_19_2944_5646	CP000239.1:1359017-1361663|CDS|CYA_1349	78.629	2625	531	7	43	2664	1	2598	0.0	2201
Ga0393567_19_6102_6656	CP000240.1:2896426-2896981|CDS|CYB_2797	97.297	555	15	0	1	555	1	555	0.0	934
Ga0393567_20_1584_2396	CP000240.1:2284388-2285123|CDS|CYB_2178	99.864	735	1	0	79	813	1	735	0.0	1322
Ga0393567_20_2372_2812	CP000240.1:2285176-2286070|CDS|CYB_2179	99.773	441	1	0	1	441	454	894	0.0	792
Ga0393567_20_2850_4055	CP000240.1:2278763-2280074|CDS|CYB_2175	96.851	1175	37	0	1	1175	1	1175	0.0	1953
Ga0393567_20_2850_4055	CP000239.1:126727-128053|CDS|CYA_0131	86.894	1175	154	0	1	1175	1	1175	0.0	1425
Ga0393567_20_4224_6734	CP000240.1:2280242-2282930|CDS|CYB_2176	99.004	2510	22	1	2	2511	182	2688	0.0	4413
Ga0393567_21_5_259	CP000240.1:28678-30397|CDS|CYB_0023	98.039	255	5	0	1	255	1465	1719	1.99e-123	438
Ga0393567_21_310_1416	CP000240.1:30460-31567|CDS|CYB_0024	97.731	1102	25	0	1	1102	1	1102	0.0	1875
Ga0393567_21_1462_2721	CP000240.1:33374-34634|CDS|CYB_0027	97.381	1260	33	0	1	1260	1	1260	0.0	2124
Ga0393567_21_2725_5586	CP000240.1:34637-37646|CDS|CYB_0028	95.331	2827	132	0	1	2827	118	2944	0.0	4504
Ga0393567_21_2725_5586	CP000239.1:2594765-2597696|CDS|CYA_2569	78.123	2802	540	20	6	2790	126	2871	0.0	2266
Ga0393567_21_5722_6363	CP000240.1:37664-38306|CDS|CYB_0029	96.729	642	21	0	1	642	1	642	0.0	1064
Ga0393567_21_5722_6363	CP000239.1:2597703-2598345|CDS|CYA_2571	82.344	640	113	0	1	640	1	640	0.0	645
Ga0393567_22_474_1274	CP000240.1:2798461-2799262|CDS|CYB_2708	99.001	801	8	0	1	801	1	801	0.0	1409
Ga0393567_22_474_1274	CP000239.1:1511998-1512763|CDS|CYA_1504	85.314	749	110	0	29	777	5	753	0.0	856
Ga0393567_22_1463_3544	CP000240.1:2799600-2801532|CDS|CYB_2709	96.998	1932	58	0	151	2082	1	1932	0.0	3223
Ga0393567_22_3583_4410	CP000240.1:2801570-2802398|CDS|CYB_2710	96.498	828	29	0	1	828	1	828	0.0	1363
Ga0393567_22_4407_5585	CP000240.1:2802394-2803573|CDS|CYB_2711	98.473	1179	18	0	1	1179	1	1179	0.0	2046
Ga0393567_23_607_1542	CP000240.1:504358-505294|CDS|CYB_0491	99.679	936	3	0	1	936	1	936	0.0	1675
Ga0393567_23_607_1542	CP000239.1:1913691-1914624|CDS|CYA_1903	84.607	929	140	1	1	929	1	926	0.0	1030
Ga0393567_23_1664_2668	CP000240.1:503232-504237|CDS|CYB_0490	99.502	1005	5	0	1	1005	1	1005	0.0	1791
Ga0393567_23_1664_2668	CP000239.1:1912538-1913453|CDS|CYA_1902	77.074	916	195	7	94	1003	7	913	0.0	688
Ga0393567_23_2671_2973	CP000240.1:502927-503230|CDS|CYB_0489	100.000	303	0	0	1	303	1	303	1.85e-156	547
Ga0393567_23_2671_2973	CP000239.1:1912232-1912535|CDS|CYA_1901	94.352	301	17	0	1	301	1	301	4.96e-132	467
Ga0393567_23_3002_4627	CP000240.1:501273-502899|CDS|CYB_0488	98.893	1626	18	0	1	1626	1	1626	0.0	2852
Ga0393567_23_3002_4627	CP000239.1:1910602-1912207|CDS|CYA_1900	88.397	1603	170	4	1	1601	1	1589	0.0	2049
Ga0393567_24_243_1412	CP000240.1:669566-670841|CDS|CYB_0655	98.116	1168	22	0	3	1170	108	1275	0.0	2008
Ga0393567_24_243_1412	CP000239.1:1467547-1468837|CDS|CYA_1462	85.281	1121	165	0	25	1145	148	1268	0.0	1278
Ga0393567_24_1597_1965	CP000240.1:669014-669383|CDS|CYB_0654	98.916	369	4	0	1	369	1	369	0.0	648
Ga0393567_24_1597_1965	CP000239.1:1466742-1467078|CDS|CYA_1461	81.056	322	58	1	43	364	1	319	4.40e-83	305
Ga0393567_24_1970_2965	CP000240.1:668014-669001|CDS|CYB_0653	97.467	987	25	0	10	996	1	987	0.0	1668
Ga0393567_24_1970_2965	CP000239.1:1465839-1466739|CDS|CYA_1460	81.494	897	124	3	36	932	12	866	0.0	894
Ga0393567_24_3222_4079	CP000240.1:667102-667960|CDS|CYB_0652	99.417	858	5	0	1	858	1	858	0.0	1526
Ga0393567_24_3222_4079	CP000239.1:1464768-1465722|CDS|CYA_1459	75.172	874	196	3	3	855	69	942	8.13e-173	604
Ga0393567_27_8_325	CP000240.1:2318972-2319650|CDS|CYB_2210	99.057	318	3	0	1	318	361	678	3.08e-160	561
Ga0393567_27_8_325	CP000239.1:1349639-1350317|CDS|CYA_1336	84.227	317	50	0	1	317	361	677	3.53e-96	347
Ga0393567_27_348_851	CP000240.1:2319672-2320176|CDS|CYB_2211	97.817	504	11	0	1	504	1	504	0.0	860
Ga0393567_27_348_851	CP000239.1:1350318-1350822|CDS|CYA_1337	87.302	504	64	0	1	504	1	504	1.75e-178	621
Ga0393567_27_1091_2005	CP000240.1:2320415-2321315|CDS|CYB_2212	97.111	900	26	0	16	915	1	900	0.0	1507
Ga0393567_27_1091_2005	CP000239.1:1351047-1351947|CDS|CYA_1338	83.556	900	148	0	16	915	1	900	0.0	957
Ga0393567_27_2091_3104	CP000240.1:2321458-2322427|CDS|CYB_2213	97.730	969	19	1	49	1014	1	969	0.0	1647
Ga0393567_27_2091_3104	CP000239.1:1352021-1353053|CDS|CYA_1339	85.222	1015	132	2	1	1012	31	1030	0.0	1162
Ga0393567_27_3127_4122	CP000240.1:2322454-2323450|CDS|CYB_2214	98.394	996	16	0	1	996	1	996	0.0	1725
Ga0393567_27_3127_4122	CP000239.1:1353065-1354061|CDS|CYA_1340	86.922	994	130	0	1	994	1	994	0.0	1207
Ga0393567_27_4246_4530	CP000240.1:2323573-2323858|CDS|CYB_2215	98.233	283	5	0	1	283	1	283	1.42e-138	489
Ga0393567_27_4246_4530	CP000239.1:1354153-1354489|CDS|CYA_1341	89.888	267	27	0	6	272	36	302	4.96e-100	361
Ga0393567_29_716_1540	CP000239.1:691105-691969|CDS|CYA_0685	97.576	825	20	0	1	825	40	864	0.0	1398
Ga0393567_29_716_1540	CP000240.1:2217039-2217903|CDS|CYB_2124	97.455	825	21	0	1	825	40	864	0.0	1394
Ga0393567_29_2009_2956	CP000239.1:689689-690649|CDS|CYA_0684	98.523	948	14	0	1	948	13	960	0.0	1647
Ga0393567_29_2009_2956	CP000240.1:2215663-2216611|CDS|CYB_2123	98.101	948	18	0	1	948	1	948	0.0	1629
Ga0393567_29_2009_2956	CP000239.1:677063-678011|CDS|CYA_0667	83.861	948	153	0	1	948	1	948	0.0	1021
Ga0393567_29_3006_3788	CP000239.1:688929-689640|CDS|CYA_0683	98.462	715	7	1	1	715	1	711	0.0	1245
Ga0393567_29_3006_3788	CP000240.1:2214903-2215566|CDS|CYB_2122	98.051	667	9	1	49	715	1	663	0.0	1150
Ga0393567_29_3006_3788	CP000239.1:676303-677014|CDS|CYA_0666	86.034	716	94	3	1	715	1	711	0.0	839
Ga0393567_29_3855_4397	CP000239.1:688252-688795|CDS|CYA_0681	98.895	543	6	0	1	543	1	543	0.0	953
Ga0393567_29_3855_4397	CP000240.1:2214226-2214769|CDS|CYB_2120	96.685	543	18	0	1	543	1	543	0.0	899
Ga0393567_29_3855_4397	CP000239.1:1744901-1745444|CDS|CYA_1740	81.853	529	96	0	6	534	6	534	1.36e-148	522
Ga0393567_29_4394_4621	CP000240.1:2213984-2214230|CDS|CYB_2121	98.246	228	4	0	1	228	19	246	1.88e-110	394
Ga0393567_29_4394_4621	CP000239.1:688001-688256|CDS|CYA_0682	95.359	237	2	1	1	228	19	255	1.19e-106	382
Ga0393567_30_462_860	CP000239.1:2728529-2728928|CDS|CYA_2709	99.749	399	1	0	1	399	1	399	0.0	716
Ga0393567_30_462_860	CP000239.1:1152553-1152952|CDS|CYA_1126	99.749	399	1	0	1	399	1	399	0.0	716
Ga0393567_30_462_860	CP000239.1:1013062-1013461|CDS|CYA_0999	99.749	399	1	0	1	399	1	399	0.0	716
Ga0393567_30_462_860	CP000239.1:34556-34955|CDS|CYA_0037	99.749	399	1	0	1	399	1	399	0.0	716
Ga0393567_30_462_860	CP000239.1:1290362-1291310|CDS|CYA_1279	99.750	400	0	1	1	399	1	400	0.0	714
Ga0393567_30_462_860	CP000239.1:1663935-1664334|CDS|CYA_1661	99.499	399	2	0	1	399	1	399	0.0	711
Ga0393567_30_462_860	CP000239.1:1300762-1301161|CDS|CYA_1291	99.499	399	2	0	1	399	1	399	0.0	711
Ga0393567_30_462_860	CP000239.1:1612111-1613059|CDS|CYA_1604	99.500	400	1	1	1	399	1	400	0.0	710
Ga0393567_30_462_860	CP000239.1:1321049-1321982|CDS|CYA_1311	99.500	400	1	1	1	399	1	400	0.0	710
Ga0393567_30_462_860	CP000239.1:51699-52647|CDS|CYA_0053	99.500	400	1	1	1	399	1	400	0.0	710
Ga0393567_30_462_860	CP000239.1:2862566-2862965|CDS|CYA_2845	99.248	399	3	0	1	399	1	399	0.0	707
Ga0393567_30_462_860	CP000239.1:1367794-1368193|CDS|CYA_1358	99.248	399	3	0	1	399	1	399	0.0	707
Ga0393567_30_462_860	CP000239.1:2740042-2740447|CDS|CYA_2722	99.248	399	2	1	1	399	1	398	0.0	703
Ga0393567_30_462_860	CP000239.1:2026942-2027347|CDS|CYA_2010	99.248	399	2	1	1	399	1	398	0.0	703
Ga0393567_30_462_860	CP000239.1:2654240-2654639|CDS|CYA_2639	98.997	399	4	0	1	399	1	399	0.0	702
Ga0393567_30_462_860	CP000239.1:2101748-2102147|CDS|CYA_2082	98.747	399	5	0	1	399	1	399	0.0	698
Ga0393567_30_1193_2719	CP000240.1:1359647-1361204|CDS|CYB_1298	97.315	1527	41	0	1	1527	31	1557	0.0	2570
Ga0393567_30_1193_2719	CP000239.1:1861250-1862810|CDS|CYA_1857	83.245	1504	249	1	17	1520	53	1553	0.0	1575
Ga0393567_30_2968_3987	CP000240.1:1361407-1362427|CDS|CYB_1300	98.137	1020	19	0	1	1020	1	1020	0.0	1755
Ga0393567_31_487_1338	CP000240.1:163677-164529|CDS|CYB_0146	99.648	852	3	0	1	852	1	852	0.0	1524
Ga0393567_31_487_1338	CP000239.1:2548506-2549280|CDS|CYA_2530	85.512	635	92	0	141	775	114	748	0.0	731
Ga0393567_31_1307_2143	CP000240.1:162872-163709|CDS|CYB_0147	99.164	837	7	0	1	837	1	837	0.0	1479
Ga0393567_31_1307_2143	CP000239.1:2549276-2550113|CDS|CYA_2529	83.293	832	139	0	6	837	6	837	0.0	875
Ga0393567_31_2154_2801	CP000240.1:162061-162862|CDS|CYB_0145	97.696	651	12	1	1	648	151	801	0.0	1105
Ga0393567_31_2154_2801	CP000239.1:2550122-2550893|CDS|CYA_2531	79.764	593	120	0	4	596	148	740	1.10e-150	529
Ga0393567_31_2948_4069	CP000240.1:160943-162065|CDS|CYB_0144	93.500	1123	71	2	1	1122	1	1122	0.0	1690
Ga0393567_31_2948_4069	CP000239.1:2550889-2551981|CDS|CYA_2532	80.227	1143	154	8	1	1122	1	1092	0.0	1072
Ga0393567_31_4083_4526	CP000240.1:160486-160930|CDS|CYB_0143	96.622	444	15	0	1	444	1	444	0.0	734
Ga0393567_31_4083_4526	CP000239.1:2551994-2552438|CDS|CYA_2533	83.596	445	71	2	1	444	1	444	7.43e-132	467
Ga0393567_33_24_767	CP000240.1:1971811-1974076|CDS|CYB_1886	98.387	744	10	1	1	744	1438	2179	0.0	1293
Ga0393567_33_24_767	CP000239.1:142591-144856|CDS|CYA_0148	98.387	744	10	1	1	744	1438	2179	0.0	1293
Ga0393567_33_24_767	CP000239.1:164139-166383|CDS|CYA_0167	81.989	744	132	1	1	744	1438	2179	0.0	743
Ga0393567_33_1030_1227	CP000240.1:1974253-1974940|CDS|CYB_1887	96.970	198	6	0	1	198	490	687	1.61e-91	331
Ga0393567_33_1030_1227	CP000239.1:141728-142415|CDS|CYA_0147	88.889	198	22	0	1	198	490	687	8.34e-70	259
Ga0393567_33_1933_2682	CP000240.1:1975133-1975883|CDS|CYB_1888	98.667	750	10	0	1	750	1	750	0.0	1308
Ga0393567_33_1933_2682	CP000239.1:140471-141203|CDS|CYA_0146	85.876	708	100	0	23	730	23	730	0.0	827
Ga0393567_33_2930_3595	CP000240.1:1976130-1976796|CDS|CYB_1889	97.744	665	15	0	1	665	1	665	0.0	1132
Ga0393567_33_3787_4173	CP000240.1:1976925-1977417|CDS|CYB_1890	99.225	387	3	0	1	387	106	492	0.0	685
Ga0393567_34_450_1094	CP000240.1:1370138-1371857|CDS|CYB_1307	95.851	482	20	0	131	612	1181	1662	0.0	780
Ga0393567_34_1169_1879	CP000240.1:1369404-1370121|CDS|CYB_1306	93.305	717	42	1	1	711	1	717	0.0	1078
Ga0393567_34_1169_1879	CP000239.1:578721-579414|CDS|CYA_0565	74.652	718	143	7	1	704	1	693	1.93e-135	479
Ga0393567_34_1909_2427	CP000240.1:1368868-1369348|CDS|CYB_1305	93.902	492	18	1	28	519	1	480	0.0	759
Ga0393567_34_1909_2427	CP000239.1:578156-578693|CDS|CYA_0564	82.571	459	72	3	1	452	1	458	3.72e-130	462
Ga0393567_34_2535_3035	CP000240.1:1366406-1368746|CDS|CYB_1304	99.794	486	0	1	16	501	1	485	0.0	869
Ga0393567_34_2535_3035	CP000239.1:575989-578068|CDS|CYA_0563	88.683	486	54	1	16	501	1	485	1.42e-179	626
Ga0393567_36_1889_2917	CP000240.1:2040759-2041788|CDS|CYB_1948	96.599	1029	35	0	1	1029	1	1029	0.0	1699
Ga0393567_36_1889_2917	CP000239.1:1099813-1100842|CDS|CYA_1081	84.821	1008	153	0	1	1008	1	1008	0.0	1129
Ga0393567_36_2799_4025	CP000240.1:2041669-2044123|CDS|CYB_1947	97.229	1227	34	0	1	1227	1228	2454	0.0	2060
Ga0393567_36_2799_4025	CP000239.1:1100723-1103042|CDS|CYA_1080	72.263	1233	321	7	1	1227	1102	2319	0.0	670
Ga0393567_37_758_3661	CP000240.1:1236890-1239794|CDS|CYB_1196	97.590	2904	70	0	1	2904	1	2904	0.0	4922
Ga0393567_37_758_3661	CP000239.1:790053-792954|CDS|CYA_0784	87.642	2897	355	1	1	2897	1	2894	0.0	3609
Ga0393567_38_237_755	CP000240.1:380442-381219|CDS|CYB_0364	99.807	519	1	0	1	519	259	777	0.0	932
Ga0393567_38_237_755	CP000239.1:2250413-2251124|CDS|CYA_2236	81.637	452	78	3	1	450	259	707	1.81e-121	433
Ga0393567_38_1255_1473	CP000240.1:379606-379825|CDS|CYB_0363	100.000	219	0	0	1	219	1	219	5.16e-111	396
Ga0393567_38_1255_1473	CP000239.1:2767285-2767540|CDS|CYA_2747	83.105	219	31	1	1	219	43	255	4.53e-61	230
Ga0393567_38_1671_2198	CP000240.1:378803-379409|CDS|CYB_0362	100.000	528	0	0	1	528	79	606	0.0	953
Ga0393567_38_1671_2198	CP000239.1:2766532-2767138|CDS|CYA_2746	85.164	519	77	0	1	519	79	597	1.08e-168	590
Ga0393567_38_2629_2838	CP000240.1:377265-378450|CDS|CYB_0361	91.905	210	17	0	1	210	976	1185	8.34e-83	303
Ga0393567_38_2629_2838	CP000239.1:2199574-2200729|CDS|CYA_2182	72.024	168	47	0	1	168	952	1119	2.73e-19	92.4
Ga0393567_38_2835_3551	CP000240.1:377265-378450|CDS|CYB_0361	99.025	718	6	1	1	717	262	979	0.0	1260
Ga0393567_38_2835_3551	CP000239.1:2199574-2200729|CDS|CYA_2182	77.469	719	157	4	2	717	239	955	1.07e-157	554
Ga0393567_40_369_1802	CP000240.1:2166881-2168315|CDS|CYB_2070	99.303	1434	10	0	1	1434	1	1434	0.0	2542
Ga0393567_40_369_1802	CP000239.1:98856-100326|CDS|CYA_0103	85.563	1420	203	2	1	1419	1	1419	0.0	1630
Ga0393567_40_1933_2151	CP000240.1:2166532-2166751|CDS|CYB_2069	99.543	219	1	0	1	219	1	219	2.19e-109	391
Ga0393567_40_1933_2151	CP000239.1:98506-98725|CDS|CYA_0102	85.780	218	31	0	1	218	1	218	3.97e-68	254
Ga0393567_40_2623_4164	CP000240.1:2163802-2165248|CDS|CYB_2066	99.032	1446	14	0	97	1542	1	1446	0.0	2545
Ga0393567_40_2623_4164	CP000239.1:96916-98413|CDS|CYA_0100	81.897	1497	235	2	82	1542	1	1497	0.0	1502
Ga0393567_41_340_657	CP000240.1:2930484-2930802|CDS|CYB_2831	97.785	316	7	0	1	316	1	316	1.01e-153	539
Ga0393567_41_340_657	CP000239.1:296797-297106|CDS|CYA_0289	83.007	306	52	0	12	317	3	308	1.71e-87	318
Ga0393567_41_657_914	CP000240.1:2930227-2930485|CDS|CYB_2830	98.837	258	3	0	1	258	1	258	9.17e-128	453
Ga0393567_41_657_914	CP000239.1:297114-297372|CDS|CYA_0290	79.070	258	54	0	1	258	1	258	8.06e-59	223
Ga0393567_41_937_1923	CP000240.1:2929068-2930205|CDS|CYB_2829	97.974	987	20	0	1	987	151	1137	0.0	1691
Ga0393567_41_937_1923	CP000239.1:297418-298483|CDS|CYA_0291	82.324	826	132	1	137	962	254	1065	0.0	840
Ga0393567_41_2107_2538	CP000240.1:2928603-2929035|CDS|CYB_2828	99.537	432	2	0	1	432	1	432	0.0	771
Ga0393567_41_2107_2538	CP000239.1:298515-298947|CDS|CYA_0292	80.742	431	83	0	1	431	1	431	7.22e-113	404
Ga0393567_41_2747_2947	CP000240.1:2928198-2928438|CDS|CYB_2827	100.000	198	0	0	1	198	198	1	1.18e-99	358
Ga0393567_41_2910_3449	CP000240.1:2927709-2928189|CDS|CYB_2826	92.944	496	19	2	1	496	1	480	0.0	746
Ga0393567_41_2910_3449	CP000239.1:299331-299808|CDS|CYA_0293	85.548	429	55	1	49	477	34	455	1.54e-141	499
Ga0393567_41_3550_3669	CP000240.1:2927488-2927608|CDS|CYB_2825	98.333	120	2	0	1	120	1	120	7.41e-55	208
Ga0393567_41_3550_3669	CP000239.1:299933-300053|CDS|CYA_0294	93.333	120	8	0	1	120	1	120	1.03e-46	181
Ga0393567_41_3714_4082	CP000240.1:2926898-2927444|CDS|CYB_2824	99.187	369	3	0	1	369	178	546	0.0	653
Ga0393567_41_3714_4082	CP000239.1:300112-300658|CDS|CYA_0295	90.761	368	34	0	2	369	179	546	1.64e-145	511
Ga0393567_42_622_2586	CP000240.1:702939-704877|CDS|CYB_0687	98.298	1939	31	2	28	1965	1	1938	0.0	3342
Ga0393567_42_622_2586	CP000239.1:2512761-2514654|CDS|CYA_2502	86.400	1853	246	6	116	1965	44	1893	0.0	2185
Ga0393567_42_2708_3109	CP000240.1:705025-705457|CDS|CYB_0688	98.756	402	5	0	1	402	31	432	0.0	703
Ga0393567_42_2708_3109	CP000239.1:2512197-2512599|CDS|CYA_2501	84.615	390	60	0	7	396	7	396	3.95e-122	434
Ga0393567_42_2708_3109	CP000239.1:26692-27145|CDS|CYA_0028	77.676	327	73	0	70	396	97	423	5.15e-70	261
Ga0393567_44_133_951	CP000240.1:174611-175430|CDS|CYB_0161	99.023	819	8	0	1	819	1	819	0.0	1442
Ga0393567_44_961_1380	CP000240.1:175439-175859|CDS|CYB_0162	100.000	420	0	0	1	420	1	420	0.0	758
Ga0393567_44_1389_1958	CP000240.1:175867-176437|CDS|CYB_0163	99.474	570	3	0	1	570	1	570	0.0	1015
Ga0393567_44_1943_2995	CP000240.1:176421-177474|CDS|CYB_0164	99.810	1053	2	0	1	1053	1	1053	0.0	1891
Ga0393567_44_2979_3845	CP000240.1:177457-178324|CDS|CYB_0165	99.654	867	3	0	1	867	1	867	0.0	1551
Ga0393567_46_372_3821	CP000240.1:689629-693067|CDS|CYB_0677	99.593	3438	14	0	13	3450	1	3438	0.0	6138
Ga0393567_46_372_3821	CP000239.1:1118584-1121986|CDS|CYA_1097	84.725	3450	459	11	13	3446	1	3398	0.0	3858
Ga0393567_47_231_869	CP000240.1:2197589-2198528|CDS|CYB_2102	99.826	575	1	0	65	639	365	939	0.0	1033
Ga0393567_47_231_869	CP000239.1:110297-111221|CDS|CYA_0116	89.418	567	60	0	73	639	358	924	0.0	753
Ga0393567_47_950_1147	CP000240.1:2198610-2199366|CDS|CYB_2103	95.960	198	8	0	1	198	559	756	8.33e-89	322
Ga0393567_47_950_1147	CP000239.1:109441-110236|CDS|CYA_0115	88.776	196	22	0	1	196	598	793	1.02e-68	255
Ga0393567_47_1404_1952	CP000240.1:2199442-2200213|CDS|CYB_2104	99.271	549	4	0	1	549	181	729	0.0	973
Ga0393567_47_1404_1952	CP000239.1:108622-109369|CDS|CYA_0114	85.609	542	78	0	4	545	184	725	4.49e-180	627
Ga0393567_47_1991_2137	CP000240.1:2200212-2200356|CDS|CYB_2105	98.611	144	2	0	4	147	1	144	8.85e-68	251
Ga0393567_47_2101_2829	CP000240.1:2200319-2201048|CDS|CYB_2106	99.177	729	6	0	1	729	1	729	0.0	1288
Ga0393567_47_2101_2829	CP000239.1:107755-108475|CDS|CYA_0113	84.780	703	99	2	31	729	22	720	0.0	784
Ga0393567_47_2970_3635	CP000240.1:2201188-2201854|CDS|CYB_2107	98.198	666	12	0	1	666	1	666	0.0	1148
Ga0393567_47_2970_3635	CP000239.1:107038-107704|CDS|CYA_0112	86.937	666	87	0	1	666	1	666	0.0	810
Ga0393567_48_19_420	CP000240.1:540590-541976|CDS|CYB_0526	98.259	402	7	0	1	402	985	1386	0.0	694
Ga0393567_48_19_420	CP000239.1:2154963-2156349|CDS|CYA_2142	82.741	394	68	0	1	394	985	1378	1.92e-113	405
Ga0393567_48_461_1117	CP000240.1:542016-542757|CDS|CYB_0527	99.145	585	3	1	1	583	1	585	0.0	1031
Ga0393567_48_1360_2751	CP000240.1:542836-544225|CDS|CYB_0528	99.280	1389	10	0	4	1392	1	1389	0.0	2461
Ga0393567_48_1360_2751	CP000239.1:2153497-2154880|CDS|CYA_2141	87.204	1352	173	0	4	1355	1	1352	0.0	1659
Ga0393567_48_3137_3598	CP000240.1:546439-546901|CDS|CYB_0532	95.455	462	21	0	1	462	1	462	0.0	739
Ga0393567_48_3137_3598	CP000239.1:2153019-2153475|CDS|CYA_2140	83.736	455	68	2	1	455	1	449	2.89e-137	484
Ga0393567_49_2381_3376	CP000240.1:1554621-1555617|CDS|CYB_1480	98.193	996	18	0	1	996	1	996	0.0	1716
Ga0393567_49_2381_3376	CP000239.1:1485216-1486212|CDS|CYA_1477	83.486	981	162	0	16	996	16	996	0.0	1040
Ga0393567_50_230_1042	CP000240.1:246058-246871|CDS|CYB_0237	98.770	813	10	0	1	813	1	813	0.0	1422
Ga0393567_50_230_1042	CP000239.1:483070-483883|CDS|CYA_0469	83.724	811	132	0	1	811	1	811	0.0	868
Ga0393567_50_1049_2092	CP000240.1:246877-247921|CDS|CYB_0238	98.946	1044	11	0	1	1044	1	1044	0.0	1834
Ga0393567_50_1049_2092	CP000239.1:483889-484933|CDS|CYA_0470	86.194	1043	142	2	1	1042	1	1042	0.0	1225
Ga0393567_50_2268_3254	CP000240.1:248095-249100|CDS|CYB_0239	96.960	987	30	0	1	987	19	1005	0.0	1645
Ga0393567_50_2268_3254	CP000239.1:485107-486127|CDS|CYA_0471	85.249	922	136	0	66	987	99	1020	0.0	1050
Ga0393567_52_1117_2376	CP000240.1:2730694-2731954|CDS|CYB_2643	97.222	1260	35	0	1	1260	1	1260	0.0	2115
Ga0393567_52_1117_2376	CP000239.1:1171868-1173149|CDS|CYA_1148	89.482	1236	130	0	1	1236	1	1236	0.0	1644
Ga0393567_52_2594_2869	CP000240.1:2730221-2730497|CDS|CYB_2642	98.913	276	3	0	1	276	1	276	1.67e-137	485
Ga0393567_52_2594_2869	CP000239.1:1173296-1173572|CDS|CYA_1149	86.940	268	35	0	1	268	1	268	9.88e-90	326
Ga0393567_52_2921_3367	CP000240.1:2729687-2730170|CDS|CYB_2641	99.329	447	3	0	1	447	37	483	0.0	793
Ga0393567_52_2921_3367	CP000239.1:1173594-1174071|CDS|CYA_1150	90.661	439	41	0	1	439	1	439	3.39e-174	608
Ga0393567_53_1097_2179	CP000240.1:3000587-3001670|CDS|CYB_2901	96.861	1083	34	0	1	1083	1	1083	0.0	1801
Ga0393567_53_1097_2179	CP000239.1:703997-704966|CDS|CYA_0697	96.175	915	35	0	1	915	1	915	0.0	1493
Ga0393567_53_1097_2179	CP000239.1:2025295-2026390|CDS|CYA_2009	80.822	1095	196	4	1	1082	1	1094	0.0	1023
Ga0393567_53_2160_2381	CP000239.1:703720-704017|CDS|CYA_0696	99.099	222	2	0	1	222	76	297	6.38e-110	392
Ga0393567_53_2892_3128	CP000240.1:3002382-3002619|CDS|CYB_2902	100.000	237	0	0	1	237	1	237	9.52e-121	428
Ga0393567_53_2892_3128	CP000239.1:703050-703287|CDS|CYA_0695	99.578	237	1	0	1	237	1	237	4.05e-119	424
Ga0393567_53_2892_3128	CP000239.1:1366454-1366745|CDS|CYA_1355	87.773	229	28	0	1	229	55	283	2.10e-78	288
Ga0393567_54_193_537	CP000240.1:793827-794172|CDS|CYB_0771	100.000	345	0	0	1	345	1	345	3.36e-179	623
Ga0393567_54_193_537	CP000239.1:569379-569727|CDS|CYA_0555	69.429	350	92	2	1	341	1	344	4.70e-38	154
Ga0393567_54_809_1624	CP000240.1:794682-795936|CDS|CYB_0772	97.467	750	19	0	65	814	503	1252	0.0	1268
Ga0393567_54_809_1624	CP000239.1:2638448-2639702|CDS|CYA_2621	85.810	747	106	0	63	809	501	1247	0.0	870
Ga0393567_54_1690_3210	CP000240.1:791708-793724|CDS|CYB_0770	96.248	1519	57	0	1	1519	496	2014	0.0	2483
Ga0393567_54_1690_3210	CP000239.1:567086-569000|CDS|CYA_0554	88.999	1518	167	0	2	1519	395	1912	0.0	1985
Ga0393567_55_1_885	CP000240.1:685996-687097|CDS|CYB_0674	98.870	885	10	0	1	885	217	1101	0.0	1552
Ga0393567_55_1_885	CP000239.1:264136-265249|CDS|CYA_0258	80.931	881	156	4	1	872	211	1088	0.0	825
Ga0393567_55_1063_1968	CP000240.1:687274-688180|CDS|CYB_0675	99.448	906	5	0	1	906	1	906	0.0	1612
Ga0393567_55_1063_1968	CP000239.1:1123530-1124484|CDS|CYA_1099	86.977	837	109	0	1	837	1	837	0.0	1019
Ga0393567_56_138_287	CP000240.1:2396320-2396470|CDS|CYB_2291	99.333	150	1	0	1	150	1	150	4.11e-72	267
Ga0393567_56_138_287	CP000239.1:2432726-2432879|CDS|CYA_2422	91.156	147	13	0	1	147	1	147	3.38e-54	207
Ga0393567_56_386_1147	CP000240.1:2396568-2397330|CDS|CYB_2292	99.606	762	3	0	1	762	1	762	0.0	1361
Ga0393567_56_386_1147	CP000239.1:2431863-2432628|CDS|CYA_2421	88.965	734	81	0	1	734	1	734	0.0	959
Ga0393567_56_2038_2652	CP000240.1:2397586-2398834|CDS|CYB_2293	96.585	615	21	0	1	615	634	1248	0.0	1015
Ga0393567_56_2038_2652	CP000239.1:2430621-2431743|CDS|CYA_2420	86.462	554	75	0	1	554	529	1082	0.0	662
Ga0393567_56_2664_3137	CP000240.1:2398845-2399319|CDS|CYB_2294	98.312	474	8	0	1	474	1	474	0.0	820
Ga0393567_56_2664_3137	CP000239.1:2430089-2430578|CDS|CYA_2419	83.190	464	78	0	1	464	1	464	8.50e-138	486
Ga0393567_58_694_1662	CP000240.1:1113088-1114057|CDS|CYB_1076	99.278	969	7	0	1	969	1	969	0.0	1717
Ga0393567_58_694_1662	CP000239.1:1562970-1563939|CDS|CYA_1553	80.251	957	189	0	13	969	13	969	0.0	875
Ga0393567_58_1696_2772	CP000240.1:1114090-1115167|CDS|CYB_1077	99.721	1077	3	0	1	1077	1	1077	0.0	1929
Ga0393567_58_1696_2772	CP000239.1:1561866-1562946|CDS|CYA_1552	81.564	1074	195	1	6	1076	6	1079	0.0	1043
Ga0393567_59_759_2024	CP000240.1:2160616-2162161|CDS|CYB_2064	97.393	1266	33	0	1	1266	280	1545	0.0	2135
Ga0393567_59_759_2024	CP000239.1:93642-95199|CDS|CYA_0097	83.148	1258	212	0	1	1258	289	1546	0.0	1314
Ga0393567_60_28_378	CP000240.1:506210-506717|CDS|CYB_0493	99.715	351	1	0	1	351	157	507	0.0	629
Ga0393567_60_28_378	CP000239.1:1915476-1916058|CDS|CYA_1905	81.977	344	62	0	1	344	232	575	1.66e-94	342
Ga0393567_60_474_1127	CP000240.1:506812-507466|CDS|CYB_0494	98.624	654	9	0	1	654	1	654	0.0	1140
Ga0393567_60_474_1127	CP000239.1:1916124-1916772|CDS|CYA_1906	86.810	652	80	2	1	652	1	646	0.0	785
Ga0393567_60_1136_1282	CP000240.1:507474-507621|CDS|CYB_0495	100.000	147	0	0	1	147	1	147	4.02e-72	266
Ga0393567_60_1335_2012	CP000240.1:507619-508351|CDS|CYB_0496	99.410	678	4	0	1	678	55	732	0.0	1205
Ga0393567_60_1335_2012	CP000239.1:1916901-1917633|CDS|CYA_1907	90.560	678	64	0	1	678	55	732	0.0	935
Ga0393567_60_2049_3107	CP000240.1:508357-509446|CDS|CYB_0497	98.772	1059	13	0	1	1059	31	1089	0.0	1852
Ga0393567_60_2049_3107	CP000239.1:1917678-1918737|CDS|CYA_1908	90.085	1059	105	0	1	1059	1	1059	0.0	1437
Ga0393567_61_1710_2324	CP000240.1:609410-610202|CDS|CYB_0600	98.123	586	11	0	30	615	207	792	0.0	1008
Ga0393567_62_628_2724	CP000240.1:626982-629181|CDS|CYB_0617	99.285	2097	15	0	1	2097	103	2199	0.0	3715
Ga0393567_62_628_2724	CP000239.1:672501-674634|CDS|CYA_0663	76.534	2118	389	10	1	2097	103	2133	0.0	1632
Ga0393567_62_2721_2978	CP000240.1:626314-626986|CDS|CYB_0618	92.636	258	19	0	1	258	415	672	4.75e-106	380
Ga0393567_62_2721_2978	CP000239.1:671833-672505|CDS|CYA_0664	89.535	258	27	0	1	258	415	672	3.42e-95	344
Ga0393567_64_57_389	CP000240.1:1090460-1090823|CDS|CYB_1052	98.198	333	6	0	1	333	31	363	1.47e-164	574
Ga0393567_64_57_389	CP000239.1:2228070-2228433|CDS|CYA_2213	85.542	332	48	0	2	333	32	363	5.15e-107	383
Ga0393567_64_414_650	CP000240.1:1090199-1090436|CDS|CYB_1051	99.578	237	1	0	1	237	1	237	4.05e-119	424
Ga0393567_64_414_650	CP000239.1:2228457-2228694|CDS|CYA_2214	88.608	237	27	0	1	237	1	237	7.83e-84	306
Ga0393567_64_690_1361	CP000240.1:1089413-1090160|CDS|CYB_1050	99.554	672	3	0	1	672	76	747	0.0	1199
Ga0393567_64_690_1361	CP000239.1:2228767-2229514|CDS|CYA_2215	82.440	672	118	0	1	672	76	747	0.0	681
Ga0393567_64_1673_2620	CP000240.1:1088231-1089179|CDS|CYB_1049	98.523	948	14	0	1	948	1	948	0.0	1647
Ga0393567_64_1673_2620	CP000239.1:2229714-2230662|CDS|CYA_2216	85.547	941	136	0	1	941	1	941	0.0	1085
Ga0393567_65_28_984	CP000240.1:1104957-1106244|CDS|CYB_1067	98.015	957	19	0	1	957	331	1287	0.0	1641
Ga0393567_65_28_984	CP000239.1:1570545-1571832|CDS|CYA_1562	91.432	957	82	0	1	957	331	1287	0.0	1357
Ga0393567_67_226_720	CP000240.1:3003084-3003579|CDS|CYB_2903	98.182	495	9	0	1	495	1	495	0.0	853
Ga0393567_67_226_720	CP000239.1:702090-702585|CDS|CYA_0694	97.374	495	13	0	1	495	1	495	0.0	835
Ga0393567_67_226_720	CP000239.1:719077-719575|CDS|CYA_0712	83.707	491	80	0	4	494	7	497	1.01e-149	526
Ga0393567_67_942_1796	CP000239.1:701014-701869|CDS|CYA_0692	98.947	855	9	0	1	855	1	855	0.0	1502
Ga0393567_67_942_1796	CP000240.1:3003800-3004655|CDS|CYB_2905	97.895	855	18	0	1	855	1	855	0.0	1462
Ga0393567_67_942_1796	CP000239.1:719653-720526|CDS|CYA_0714	87.456	845	104	2	1	844	1	844	0.0	1040
Ga0393567_67_942_1796	CP000239.1:2354506-2355397|CDS|CYA_2347	64.905	681	210	19	90	754	96	763	1.21e-18	92.4
Ga0393567_67_1793_2404	CP000239.1:699773-701018|CDS|CYA_0693	97.712	612	14	0	1	612	634	1245	0.0	1041
Ga0393567_67_1793_2404	CP000240.1:3004651-3005875|CDS|CYB_2904	91.830	612	29	1	1	612	634	1224	0.0	893
Ga0393567_67_1793_2404	CP000239.1:720522-721737|CDS|CYA_0713	80.682	528	100	2	1	527	634	1160	1.11e-137	486
Ga0393567_69_196_540	CP000240.1:2888077-2888569|CDS|CYB_2790	97.965	344	7	0	2	345	149	492	6.93e-169	590
Ga0393567_69_196_540	CP000239.1:850887-851364|CDS|CYA_0841	83.041	342	58	0	4	345	136	477	7.43e-99	356
Ga0393567_69_530_1018	CP000240.1:2887173-2888088|CDS|CYB_2791	98.160	489	9	0	1	489	427	915	0.0	842
Ga0393567_70_122_1138	CP000240.1:1233136-1235416|CDS|CYB_1194	98.333	1020	14	1	1	1017	1261	2280	0.0	1762
Ga0393567_70_122_1138	CP000239.1:39583-41692|CDS|CYA_0042	79.839	992	149	7	6	997	1128	2068	0.0	902
