Ga0393496_01_93_470	CP000240.1:2158298-2159417|CDS|CYB_2061	98.919	370	4	0	1	370	1	370	0.0	650
Ga0393496_01_93_470	CP000239.1:91261-92380|CDS|CYA_0094	82.228	377	66	1	1	376	1	377	3.04e-104	375
Ga0393496_01_726_1382	CP000240.1:2157386-2158043|CDS|CYB_2060	98.478	657	10	0	1	657	1	657	0.0	1141
Ga0393496_01_726_1382	CP000239.1:90366-91023|CDS|CYA_0093	84.323	657	103	0	1	657	1	657	0.0	721
Ga0393496_01_1382_2074	CP000240.1:2156694-2157387|CDS|CYB_2059	97.403	693	18	0	1	693	1	693	0.0	1169
Ga0393496_01_1382_2074	CP000239.1:89674-90367|CDS|CYA_0092	86.026	687	96	0	1	687	1	687	0.0	807
Ga0393496_01_2217_2402	CP000240.1:2156366-2156552|CDS|CYB_2057	96.774	186	6	0	1	186	1	186	4.90e-85	309
Ga0393496_01_2217_2402	CP000239.1:88001-88187|CDS|CYA_0090	94.086	186	11	0	1	186	1	186	5.59e-78	287
Ga0393496_01_2739_3257	CP000240.1:2155497-2156064|CDS|CYB_2056	97.881	519	11	0	1	519	49	567	0.0	887
Ga0393496_01_2739_3257	CP000239.1:87208-87829|CDS|CYA_0089	85.652	460	66	0	48	507	150	609	7.18e-152	533
Ga0393496_01_3321_4322	CP000240.1:2154432-2155266|CDS|CYB_2055	97.122	834	24	0	169	1002	1	834	0.0	1397
Ga0393496_01_3321_4322	CP000239.1:86174-87005|CDS|CYA_0087	84.230	818	127	2	173	989	2	818	0.0	887
Ga0393496_01_4408_4545	CP000240.1:2154209-2154347|CDS|CYB_2054	92.029	138	11	0	1	138	1	138	4.55e-52	200
Ga0393496_01_4862_5464	CP000240.1:2153281-2153917|CDS|CYB_2053	96.405	612	13	1	1	603	25	636	0.0	1009
Ga0393496_01_6986_8605	CP000240.1:2150251-2151814|CDS|CYB_2051	94.266	1587	67	1	34	1620	1	1563	0.0	2470
Ga0393496_01_6986_8605	CP000239.1:84591-86178|CDS|CYA_0088	82.578	1567	243	2	1	1567	22	1558	0.0	1614
Ga0393496_01_8629_9030	CP000240.1:2149724-2150195|CDS|CYB_2050	97.264	402	11	0	1	402	70	471	0.0	676
Ga0393496_01_8629_9030	CP000239.1:84184-84595|CDS|CYA_0086	81.378	392	68	3	15	402	15	405	1.38e-102	370
Ga0393496_01_9181_9492	CP000240.1:2149331-2149643|CDS|CYB_2048	95.833	312	13	0	1	312	1	312	2.04e-143	505
Ga0393496_01_9181_9492	CP000240.1:2149241-2149673|CDS|CYB_2049	95.833	312	13	0	1	312	402	91	2.04e-143	505
Ga0393496_01_9598_10308	CP000240.1:2148515-2149226|CDS|CYB_2047	96.897	709	22	0	1	709	1	709	0.0	1180
Ga0393496_01_9598_10308	CP000239.1:82981-83692|CDS|CYA_0084	88.193	703	83	0	7	709	7	709	0.0	894
Ga0393496_01_10396_10983	CP000240.1:2147547-2148366|CDS|CYB_2046	93.697	587	37	0	1	587	232	818	0.0	893
Ga0393496_01_10396_10983	CP000239.1:82002-82824|CDS|CYA_0083	81.579	570	94	5	1	566	238	800	1.58e-154	543
Ga0393496_01_11375_12439	CP000240.1:2146322-2147387|CDS|CYB_2044	96.714	1065	35	0	1	1065	1	1065	0.0	1764
Ga0393496_01_11375_12439	CP000239.1:80828-81851|CDS|CYA_0081	80.704	995	141	1	71	1065	80	1023	0.0	971
Ga0393496_01_12363_14168	CP000240.1:2144572-2146399|CDS|CYB_2045	92.177	1828	120	3	1	1806	1	1827	0.0	2660
Ga0393496_01_12363_14168	CP000239.1:79111-80905|CDS|CYA_0082	81.982	1776	304	7	31	1801	25	1789	0.0	1744
Ga0393496_01_14179_15087	CP000240.1:2143769-2144576|CDS|CYB_2043	98.885	807	9	0	103	909	1	807	0.0	1416
Ga0393496_01_15276_15518	CP000240.1:2143236-2143479|CDS|CYB_2042	100.000	241	0	0	1	241	1	241	6.60e-123	435
Ga0393496_01_15276_15518	CP000239.1:78556-79003|CDS|CYA_0080	92.050	239	19	0	1	239	205	443	9.18e-96	346
Ga0393496_01_15643_15831	CP000240.1:2142771-2143104|CDS|CYB_2041	96.721	183	6	0	1	183	145	327	2.12e-83	304
Ga0393496_01_15643_15831	CP000239.1:77912-78449|CDS|CYA_0079	77.596	183	41	0	1	183	349	531	1.26e-35	146
Ga0393496_01_15835_15966	CP000240.1:2142771-2143104|CDS|CYB_2041	100.000	132	0	0	1	132	141	10	4.91e-64	239
Ga0393496_01_16264_16488	CP000240.1:2142258-2142483|CDS|CYB_2040	98.667	225	3	0	1	225	1	225	6.47e-110	393
Ga0393496_01_16264_16488	CP000239.1:77337-77559|CDS|CYA_0078	84.475	219	32	2	7	224	4	221	1.10e-62	235
Ga0393496_01_16596_17933	CP000240.1:2140818-2142156|CDS|CYB_2039	97.085	1338	39	0	1	1338	1	1338	0.0	2238
Ga0393496_01_16596_17933	CP000239.1:75902-77240|CDS|CYA_0077	82.340	1342	227	4	1	1337	1	1337	0.0	1343
Ga0393496_01_18219_18935	CP000240.1:2139781-2140498|CDS|CYB_2038	95.816	717	30	0	1	717	1	717	0.0	1159
Ga0393496_01_18219_18935	CP000239.1:2326262-2326955|CDS|CYA_2325	83.578	682	112	0	36	717	12	693	0.0	726
Ga0393496_01_18986_20335	CP000240.1:2138246-2139731|CDS|CYB_2037	94.741	1350	71	0	1	1350	136	1485	0.0	2115
Ga0393496_01_18986_20335	CP000239.1:2324912-2326232|CDS|CYA_2323	87.576	1320	164	0	31	1350	1	1320	0.0	1642
Ga0393496_01_20454_21170	CP000240.1:2137432-2138263|CDS|CYB_2036	98.187	717	13	0	1	717	115	831	0.0	1235
Ga0393496_01_20454_21170	CP000239.1:2323898-2324714|CDS|CYA_2322	76.593	675	156	2	1	674	94	767	2.07e-141	499
Ga0393496_01_21271_21972	CP000240.1:2136744-2137446|CDS|CYB_2035	99.145	702	6	0	1	702	1	702	0.0	1240
Ga0393496_01_21271_21972	CP000239.1:2323267-2323912|CDS|CYA_2321	73.082	691	129	5	1	691	1	634	5.82e-123	437
Ga0393496_01_21981_22574	CP000240.1:2136178-2136736|CDS|CYB_2034	88.484	521	45	3	89	594	38	558	0.0	670
Ga0393496_01_22642_23439	CP000239.1:2321825-2322668|CDS|CYA_2319	75.907	772	153	10	3	771	72	813	2.63e-153	539
Ga0393496_01_23739_24227	CP000240.1:2135169-2135931|CDS|CYB_2033	95.297	489	14	1	1	489	283	762	0.0	783
Ga0393496_01_23739_24227	CP000239.1:2320812-2321619|CDS|CYA_2318	81.836	501	79	1	1	489	307	807	3.99e-142	500
Ga0393496_01_24736_25116	CP000240.1:2134562-2134943|CDS|CYB_2032	99.213	381	3	0	1	381	1	381	0.0	674
Ga0393496_01_24736_25116	CP000239.1:2320183-2320645|CDS|CYA_2317	78.611	360	77	0	9	368	99	458	1.59e-82	303
Ga0393496_01_25583_26302	CP000240.1:2133373-2134093|CDS|CYB_2031	99.444	720	4	0	1	720	1	720	0.0	1281
Ga0393496_01_25583_26302	CP000239.1:2319169-2319889|CDS|CYA_2316	86.806	720	95	0	1	720	1	720	0.0	871
Ga0393496_01_26359_27225	CP000240.1:2132468-2133317|CDS|CYB_2030	99.647	849	3	0	19	867	1	849	0.0	1518
Ga0393496_01_26359_27225	CP000239.1:2318278-2319127|CDS|CYA_2315	88.090	848	101	0	19	866	1	848	0.0	1075
Ga0393496_01_27651_27914	CP000240.1:2131746-2132025|CDS|CYB_2029	96.970	264	8	0	1	264	1	264	1.70e-124	441
Ga0393496_01_27651_27914	CP000239.1:2317557-2317836|CDS|CYA_2314	96.970	264	8	0	1	264	1	264	1.70e-124	441
Ga0393496_01_27991_29616	CP000240.1:2130060-2131608|CDS|CYB_2028	99.289	1548	11	0	79	1626	1	1548	0.0	2743
Ga0393496_01_27991_29616	CP000239.1:2315835-2317419|CDS|CYA_2313	90.909	1529	139	0	79	1607	1	1529	0.0	2131
Ga0393496_01_30334_30747	CP000240.1:2127611-2128025|CDS|CYB_2025	98.293	410	7	0	1	410	1	410	0.0	709
Ga0393496_01_30334_30747	CP000239.1:2216927-2217353|CDS|CYA_2197	73.239	426	102	1	1	414	1	426	5.32e-70	261
Ga0393496_01_30838_30957	CP000240.1:2127281-2127521|CDS|CYB_2024	100.000	120	0	0	1	120	121	240	1.43e-57	217
Ga0393496_01_30838_30957	CP000239.1:2217436-2217676|CDS|CYA_2198	86.555	119	16	0	1	119	121	239	2.59e-35	143
Ga0393496_01_31217_31411	CP000240.1:2126947-2127142|CDS|CYB_2022	99.482	193	1	0	1	193	1	193	2.50e-95	344
Ga0393496_01_31217_31411	CP000239.1:2217818-2218007|CDS|CYA_2200	84.699	183	28	0	1	183	1	183	1.58e-53	205
Ga0393496_01_31387_32469	CP000240.1:2126003-2126951|CDS|CYB_2023	98.428	954	9	1	109	1062	1	948	0.0	1654
Ga0393496_01_31387_32469	CP000239.1:2217988-2219059|CDS|CYA_2199	81.161	1051	184	4	34	1083	34	1071	0.0	998
Ga0393496_01_32466_33068	CP000240.1:2125296-2125899|CDS|CYB_2021	99.171	603	5	0	1	603	1	603	0.0	1066
Ga0393496_01_32466_33068	CP000239.1:2219055-2219643|CDS|CYA_2201	84.974	579	85	2	16	593	1	578	0.0	645
Ga0393496_01_33213_33503	CP000240.1:2124862-2125189|CDS|CYB_2020	98.282	291	5	0	1	291	37	327	6.59e-143	503
Ga0393496_01_33213_33503	CP000239.1:2219796-2220123|CDS|CYA_2202	89.003	291	32	0	1	291	37	327	1.55e-106	381
Ga0393496_01_33582_33920	CP000240.1:2124481-2124820|CDS|CYB_2019	99.705	339	1	0	1	339	1	339	2.54e-174	608
Ga0393496_01_33582_33920	CP000239.1:2220164-2220512|CDS|CYA_2204	77.054	353	62	5	1	339	1	348	1.01e-71	267
Ga0393496_01_33917_34393	CP000240.1:2124008-2124485|CDS|CYB_2018	98.113	477	9	0	1	477	1	477	0.0	820
Ga0393496_01_34437_35141	CP000240.1:2123137-2123965|CDS|CYB_2017	98.723	705	9	0	1	705	124	828	0.0	1232
Ga0393496_01_35319_37163	CP000240.1:2121154-2123083|CDS|CYB_2016	95.983	1842	74	0	4	1845	88	1929	0.0	2989
Ga0393496_01_35319_37163	CP000239.1:1936844-1938779|CDS|CYA_1925	90.934	1820	165	0	3	1822	87	1906	0.0	2539
Ga0393496_01_37631_38905	CP000240.1:2119496-2120771|CDS|CYB_2015	98.353	1275	21	0	1	1275	1	1275	0.0	2205
Ga0393496_01_37631_38905	CP000239.1:1935172-1936447|CDS|CYA_1924	97.725	1275	29	0	1	1275	1	1275	0.0	2169
Ga0393496_02_141_743	CP000240.1:2418299-2418983|CDS|CYB_2307	100.000	603	0	0	1	603	82	684	0.0	1088
Ga0393496_02_141_743	CP000239.1:824514-825198|CDS|CYA_0813	86.401	603	82	0	1	603	82	684	0.0	719
Ga0393496_02_1051_2061	CP000240.1:2417062-2418073|CDS|CYB_2306	97.530	1012	23	2	1	1011	1	1011	0.0	1706
Ga0393496_02_1051_2061	CP000239.1:2195309-2196320|CDS|CYA_2179	85.573	1012	144	2	1	1011	1	1011	0.0	1160
Ga0393496_02_2087_3373	CP000240.1:2415750-2417037|CDS|CYB_2305	98.137	1288	22	2	1	1287	1	1287	0.0	2208
Ga0393496_02_2087_3373	CP000239.1:2193985-2195272|CDS|CYA_2178	88.034	1287	154	0	1	1287	1	1287	0.0	1627
Ga0393496_02_3529_5160	CP000240.1:2413979-2415611|CDS|CYB_2304	98.406	1631	26	0	1	1631	1	1631	0.0	2825
Ga0393496_02_3529_5160	CP000239.1:1986509-1988141|CDS|CYA_1969	87.362	1630	206	0	1	1630	1	1630	0.0	2012
Ga0393496_02_5217_7838	CP000240.1:2410494-2413935|CDS|CYB_2303	97.785	2618	58	0	5	2622	824	3441	0.0	4461
Ga0393496_02_5217_7838	CP000239.1:2467679-2471015|CDS|CYA_2459	90.780	2527	213	5	33	2549	783	3299	0.0	3503
Ga0393496_02_8669_9898	CP000240.1:2409409-2410498|CDS|CYB_2302	98.806	1089	13	0	142	1230	1	1089	0.0	1906
Ga0393496_02_8669_9898	CP000239.1:2466504-2467683|CDS|CYA_2458	88.120	1170	139	0	61	1230	10	1179	0.0	1484
Ga0393496_02_9925_11718	CP000240.1:2407448-2409242|CDS|CYB_2301	97.826	1794	39	0	1	1794	1	1794	0.0	3060
Ga0393496_02_9925_11718	CP000239.1:2464588-2466427|CDS|CYA_2457	84.561	1846	226	7	1	1794	1	1839	0.0	2067
Ga0393496_02_11873_12718	CP000240.1:2406352-2407294|CDS|CYB_2300	97.400	846	22	0	1	846	97	942	0.0	1427
Ga0393496_02_11873_12718	CP000239.1:2463469-2464447|CDS|CYA_2456	87.560	836	104	0	1	836	133	968	0.0	1040
Ga0393496_03_2_427	CP000240.1:2308898-2309831|CDS|CYB_2202	98.826	426	5	0	1	426	508	933	0.0	746
Ga0393496_03_2_427	CP000239.1:2416328-2417261|CDS|CYA_2407	87.970	399	48	0	18	416	525	923	2.83e-143	504
Ga0393496_03_434_895	CP000240.1:2309837-2310320|CDS|CYB_2203	97.588	456	11	0	7	462	28	483	0.0	774
Ga0393496_03_892_1677	CP000240.1:2310598-2311405|CDS|CYB_2204	98.346	786	13	0	1	786	22	807	0.0	1360
Ga0393496_03_892_1677	CP000239.1:2417308-2418088|CDS|CYA_2408	83.227	781	104	4	2	782	23	776	0.0	825
Ga0393496_03_1674_1931	CP000240.1:2311380-2311659|CDS|CYB_2205	100.000	258	0	0	1	258	22	279	4.16e-132	466
Ga0393496_03_2046_3257	CP000240.1:2311743-2312955|CDS|CYB_2206	99.503	1208	6	0	1	1208	1	1208	0.0	2152
Ga0393496_03_2046_3257	CP000239.1:2418525-2419740|CDS|CYA_2410	87.562	1214	148	1	1	1211	1	1214	0.0	1508
Ga0393496_03_3906_7580	CP000240.1:2313603-2317278|CDS|CYB_2208	96.163	3675	141	0	1	3675	1	3675	0.0	5992
Ga0393496_03_3906_7580	CP000239.1:2420391-2424051|CDS|CYA_2411	87.951	3685	405	8	1	3673	1	3658	0.0	4644
Ga0393496_03_7672_8463	CP000240.1:2317632-2318424|CDS|CYB_2209	99.495	792	4	0	1	792	1	792	0.0	1411
Ga0393496_03_7672_8463	CP000239.1:2424055-2424829|CDS|CYA_2412	82.544	739	129	0	34	772	1	739	0.0	752
Ga0393496_03_8846_9700	CP000240.1:2318972-2319650|CDS|CYB_2210	98.525	678	10	0	178	855	1	678	0.0	1178
Ga0393496_03_8846_9700	CP000239.1:1349639-1350317|CDS|CYA_1336	84.195	677	107	0	178	854	1	677	0.0	739
Ga0393496_03_9723_10226	CP000240.1:2319672-2320176|CDS|CYB_2211	99.206	504	4	0	1	504	1	504	0.0	892
Ga0393496_03_9723_10226	CP000239.1:1350318-1350822|CDS|CYA_1337	87.500	504	63	0	1	504	1	504	1.43e-179	626
Ga0393496_03_10466_11365	CP000240.1:2320415-2321315|CDS|CYB_2212	96.333	900	33	0	1	900	1	900	0.0	1475
Ga0393496_03_10466_11365	CP000239.1:1351047-1351947|CDS|CYA_1338	82.464	901	156	2	1	900	1	900	0.0	906
Ga0393496_04_304_762	CP000240.1:1605870-1606329|CDS|CYB_1529	99.782	459	1	0	1	459	1	459	0.0	824
Ga0393496_04_1171_2316	CP000240.1:1603735-1604917|CDS|CYB_1525	99.040	1146	11	0	1	1146	37	1182	0.0	2018
Ga0393496_04_2645_3148	CP000240.1:1602949-1603453|CDS|CYB_1523	98.214	504	9	0	1	504	1	504	0.0	869
Ga0393496_04_2645_3148	CP000239.1:1889698-1890190|CDS|CYA_1883	80.372	484	89	4	1	483	1	479	1.75e-121	433
Ga0393496_04_3423_5051	CP000240.1:1601050-1602712|CDS|CYB_1522	98.158	1629	30	0	1	1629	34	1662	0.0	2803
Ga0393496_04_3423_5051	CP000239.1:1888006-1889680|CDS|CYA_1882	79.623	1644	297	8	7	1625	40	1670	0.0	1453
Ga0393496_04_5358_8012	CP000240.1:1598111-1600766|CDS|CYB_1521	98.041	2655	52	0	1	2655	1	2655	0.0	4554
Ga0393496_04_5358_8012	CP000239.1:1885068-1887720|CDS|CYA_1881	84.866	2643	388	3	1	2643	1	2631	0.0	2961
Ga0393496_04_8160_10100	CP000240.1:1596007-1597948|CDS|CYB_1520	97.888	1941	41	0	1	1941	1	1941	0.0	3316
Ga0393496_04_8160_10100	CP000239.1:2332787-2334683|CDS|CYA_2329	83.196	1940	272	8	1	1934	1	1892	0.0	2042
Ga0393496_04_10224_10577	CP000240.1:1595530-1595872|CDS|CYB_1519	99.415	342	2	0	13	354	1	342	7.58e-175	609
Ga0393496_04_10224_10577	CP000239.1:2334828-2335176|CDS|CYA_2330	85.050	301	45	0	52	352	46	346	5.85e-94	341
Ga0393496_04_10577_10924	CP000240.1:1595183-1595483|CDS|CYB_1518	88.591	298	34	0	51	348	3	300	1.55e-107	385
Ga0393496_04_10577_10924	CP000239.1:2335175-2335523|CDS|CYA_2331	84.393	346	52	2	2	346	2	346	2.79e-104	374
Ga0393496_05_841_1965	CP000240.1:2447145-2448270|CDS|CYB_2341	98.844	1125	13	0	1	1125	1	1125	0.0	1971
Ga0393496_05_841_1965	CP000239.1:2375777-2376869|CDS|CYA_2367	86.701	985	131	0	1	985	1	985	0.0	1187
Ga0393496_05_1952_2953	CP000240.1:2446157-2447159|CDS|CYB_2340	98.902	1002	11	0	1	1002	1	1002	0.0	1758
Ga0393496_05_1952_2953	CP000239.1:2374764-2375772|CDS|CYA_2366	84.861	1004	140	2	1	995	1	1001	0.0	1128
Ga0393496_05_2958_3824	CP000240.1:2445286-2446153|CDS|CYB_2339	97.693	867	20	0	1	867	1	867	0.0	1474
Ga0393496_05_2958_3824	CP000239.1:2373875-2374745|CDS|CYA_2365	86.427	862	117	0	1	862	1	862	0.0	1028
Ga0393496_05_3860_5419	CP000240.1:2443450-2444986|CDS|CYB_2338	97.115	1560	21	1	1	1560	1	1536	0.0	2628
Ga0393496_05_5995_6861	CP000240.1:2442008-2442875|CDS|CYB_2337	93.310	867	58	0	1	867	1	867	0.0	1303
Ga0393496_05_6897_8147	CP000240.1:2440722-2441973|CDS|CYB_2336	94.884	1251	64	0	1	1251	1	1251	0.0	1968
Ga0393496_05_6897_8147	CP000239.1:2014780-2016007|CDS|CYA_1998	77.759	1214	225	8	37	1247	46	1217	0.0	977
Ga0393496_05_8182_8355	CP000240.1:2440508-2440682|CDS|CYB_2335	98.276	174	3	0	1	174	1	174	2.35e-82	301
Ga0393496_05_8182_8355	CP000239.1:2014595-2014769|CDS|CYA_1997	89.535	172	18	0	1	172	1	172	3.49e-61	230
Ga0393496_05_8403_8954	CP000240.1:2439909-2440461|CDS|CYB_2334	98.370	552	9	0	1	552	1	552	0.0	956
Ga0393496_05_8403_8954	CP000239.1:2014002-2014548|CDS|CYA_1996	82.909	550	88	1	1	550	1	544	1.06e-162	570
Ga0393496_05_8956_9696	CP000240.1:2439173-2439908|CDS|CYB_2333	97.823	735	16	0	7	741	1	735	0.0	1254
Ga0393496_05_8956_9696	CP000239.1:2013266-2014001|CDS|CYA_1995	90.204	735	72	0	7	741	1	735	0.0	1002
Ga0393496_05_9687_10049	CP000240.1:2438814-2439177|CDS|CYB_2332	99.174	363	3	0	1	363	1	363	0.0	642
Ga0393496_05_9687_10049	CP000239.1:2012907-2013270|CDS|CYA_1994	90.909	363	33	0	1	363	1	363	6.84e-144	507
Ga0393496_05_10150_10398	CP000240.1:2438465-2438714|CDS|CYB_2331	100.000	249	0	0	1	249	1	249	3.08e-127	450
Ga0393496_05_10150_10398	CP000239.1:2012541-2012814|CDS|CYA_1993	85.455	220	32	0	19	238	28	247	4.58e-68	253
Ga0393496_06_930_1721	CP000240.1:1496237-1497014|CDS|CYB_1426	99.343	761	5	0	31	791	1	761	0.0	1351
Ga0393496_06_930_1721	CP000239.1:16200-16965|CDS|CYA_0016	83.168	707	117	2	69	774	39	744	0.0	732
Ga0393496_06_1971_2633	CP000240.1:1497272-1497911|CDS|CYB_1428	99.353	618	3	1	1	618	22	638	0.0	1094
Ga0393496_06_1971_2633	CP000239.1:17165-17786|CDS|CYA_0018	86.409	596	72	1	1	587	1	596	0.0	714
Ga0393496_06_2563_3327	CP000240.1:1497842-1498625|CDS|CYB_1427	98.599	714	10	0	1	714	1	714	0.0	1243
Ga0393496_06_2563_3327	CP000239.1:17768-18500|CDS|CYA_0017	85.294	714	99	2	1	711	1	711	0.0	811
Ga0393496_06_3503_4519	CP000240.1:1498812-1499829|CDS|CYB_1429	98.525	1017	15	0	1	1017	1	1017	0.0	1767
Ga0393496_06_3503_4519	CP000239.1:18688-19720|CDS|CYA_0020	86.278	1013	136	1	1	1013	1	1010	0.0	1199
Ga0393496_06_4652_5977	CP000240.1:1499888-1501235|CDS|CYB_1430	96.680	1295	43	0	1	1295	34	1328	0.0	2142
Ga0393496_06_6277_7251	CP000240.1:1501790-1502765|CDS|CYB_1431	99.897	975	1	0	1	975	1	975	0.0	1755
Ga0393496_06_6277_7251	CP000239.1:2472468-2473437|CDS|CYA_2461	86.660	967	129	0	1	967	1	967	0.0	1163
Ga0393496_06_7555_8214	CP000240.1:1502939-1503590|CDS|CYB_1432	94.777	651	31	1	1	648	1	651	0.0	1020
Ga0393496_06_8198_8524	CP000240.1:1503573-1503852|CDS|CYB_1433	96.416	279	10	0	49	327	1	279	7.99e-130	459
Ga0393496_06_8198_8524	CP000239.1:2474012-2474291|CDS|CYA_2463	79.457	258	47	1	70	327	28	279	2.45e-60	228
Ga0393496_06_8600_9151	CP000240.1:1503975-1504527|CDS|CYB_1434	97.101	552	16	0	1	552	1	552	0.0	924
Ga0393496_06_8600_9151	CP000239.1:2474425-2474977|CDS|CYA_2464	86.594	552	74	0	1	552	1	552	0.0	663
Ga0393496_06_8600_9151	CP000239.1:1835352-1835898|CDS|CYA_1831	70.726	427	119	4	111	534	111	534	8.78e-50	195
Ga0393496_06_8600_9151	CP000240.1:423915-424461|CDS|CYB_0414	70.492	427	120	4	111	534	111	534	1.07e-48	190
Ga0393496_07_30_911	CP000240.1:2454669-2455713|CDS|CYB_2347	97.279	882	24	0	1	882	163	1044	0.0	1483
Ga0393496_07_30_911	CP000239.1:2383609-2384638|CDS|CYA_2373	85.147	882	116	5	1	882	163	1029	0.0	992
Ga0393496_07_1009_1902	CP000239.1:2384821-2385643|CDS|CYA_2375	96.472	822	29	0	73	894	1	822	0.0	1352
Ga0393496_07_1009_1902	CP000240.1:2455813-2456710|CDS|CYB_2349	81.201	899	159	6	4	894	1	897	0.0	842
Ga0393496_07_1899_2516	CP000240.1:2456706-2457324|CDS|CYB_2348	95.469	618	28	0	1	618	1	618	0.0	989
Ga0393496_07_1899_2516	CP000239.1:2385639-2386257|CDS|CYA_2374	86.570	618	83	0	1	618	1	618	0.0	741
Ga0393496_07_2572_3285	CP000240.1:2457379-2458093|CDS|CYB_2350	98.599	714	10	0	1	714	1	714	0.0	1243
Ga0393496_07_2572_3285	CP000239.1:2386312-2387020|CDS|CYA_2376	84.041	683	94	4	1	683	1	668	0.0	737
Ga0393496_07_3304_3678	CP000240.1:2458111-2458453|CDS|CYB_2351	99.708	342	1	0	34	375	1	342	6.62e-176	613
Ga0393496_07_3304_3678	CP000239.1:2387041-2387377|CDS|CYA_2377	83.108	296	38	2	34	329	1	284	3.02e-85	311
Ga0393496_07_3718_4776	CP000240.1:2458546-2459590|CDS|CYB_2352	99.039	1041	4	1	1	1035	1	1041	0.0	1834
Ga0393496_07_3718_4776	CP000239.1:2387351-2388509|CDS|CYA_2378	84.290	993	155	1	1	993	1	992	0.0	1085
Ga0393496_07_4741_5940	CP000240.1:2459785-2460754|CDS|CYB_2353	98.349	969	16	0	232	1200	1	969	0.0	1676
Ga0393496_07_4741_5940	CP000239.1:2388709-2389681|CDS|CYA_2379	89.360	968	100	1	232	1196	1	968	0.0	1280
Ga0393496_07_6271_7143	CP000240.1:2461084-2461969|CDS|CYB_2354	95.028	885	32	1	1	873	1	885	0.0	1405
Ga0393496_07_6271_7143	CP000239.1:2589763-2590624|CDS|CYA_2565	75.084	895	167	18	1	873	1	861	3.29e-165	579
Ga0393496_07_7188_8156	CP000240.1:2462023-2462992|CDS|CYB_2356	97.004	968	29	0	1	968	1	968	0.0	1616
Ga0393496_07_7188_8156	CP000239.1:2590652-2591630|CDS|CYA_2566	84.298	968	146	1	1	962	1	968	0.0	1062
Ga0393496_07_8173_9390	CP000240.1:1842322-1843549|CDS|CYB_1759	96.797	1155	37	0	1	1155	1	1155	0.0	1917
Ga0393496_07_8173_9390	CP000240.1:345730-346924|CDS|CYB_0329	92.857	1218	63	1	1	1218	1	1194	0.0	1822
Ga0393496_07_8173_9390	CP000239.1:994256-995468|CDS|CYA_0981	91.990	1236	57	3	1	1218	1	1212	0.0	1808
Ga0393496_07_8173_9390	CP000240.1:1015074-1016268|CDS|CYB_0979	91.708	1218	77	1	1	1218	1	1194	0.0	1759
Ga0393496_07_8173_9390	CP000240.1:1384265-1385459|CDS|CYB_1322	91.461	1218	80	1	1	1218	1	1194	0.0	1746
Ga0393496_07_8173_9390	CP000240.1:2565689-2566883|CDS|CYB_2468	91.051	1218	85	1	1	1218	1	1194	0.0	1723
Ga0393496_07_8173_9390	CP000239.1:1594889-1596107|CDS|CYA_1585	89.469	1244	79	4	1	1218	1	1218	0.0	1682
Ga0393496_07_8173_9390	CP000239.1:893439-894633|CDS|CYA_0887	89.573	1218	103	1	1	1218	1	1194	0.0	1642
Ga0393496_07_8173_9390	CP000240.1:241642-242836|CDS|CYB_0233	89.500	1219	102	3	1	1218	1	1194	0.0	1632
Ga0393496_07_8173_9390	CP000240.1:2247371-2248565|CDS|CYB_2147	88.852	1220	108	3	1	1218	1	1194	0.0	1599
Ga0393496_07_8173_9390	CP000239.1:698055-699204|CDS|CYA_0690	90.410	1147	110	0	1	1147	1	1147	0.0	1573
Ga0393496_07_8173_9390	CP000240.1:2661652-2662870|CDS|CYB_2557	89.121	1149	125	0	1	1149	1	1149	0.0	1509
Ga0393496_07_8173_9390	CP000240.1:2933473-2934709|CDS|CYB_2835	84.853	1261	123	6	1	1218	1	1236	0.0	1448
Ga0393496_07_8173_9390	CP000239.1:629980-631174|CDS|CYA_0620	87.380	1149	121	1	1	1149	1	1125	0.0	1436
Ga0393496_07_8173_9390	CP000240.1:629484-630702|CDS|CYB_0620	85.327	1179	125	2	1	1155	1	1155	0.0	1381
Ga0393496_07_8173_9390	CP000240.1:605550-606744|CDS|CYB_0598	85.887	1155	139	1	1	1155	1	1131	0.0	1366
Ga0393496_07_8173_9390	CP000240.1:1316312-1317548|CDS|CYB_1259	83.281	1262	141	6	1	1218	1	1236	0.0	1361
Ga0393496_07_8173_9390	CP000240.1:2830275-2831565|CDS|CYB_2735	84.016	1245	170	4	1	1218	1	1243	0.0	1357
Ga0393496_07_8173_9390	CP000240.1:481588-482800|CDS|CYB_0472	83.994	1237	154	6	1	1218	1	1212	0.0	1352
Ga0393496_07_8173_9390	CP000240.1:1267756-1268992|CDS|CYB_1227	83.109	1261	145	6	1	1218	1	1236	0.0	1349
Ga0393496_07_8173_9390	CP000240.1:2796782-2798000|CDS|CYB_2707	86.012	1151	157	2	1	1149	1	1149	0.0	1345
Ga0393496_07_8173_9390	CP000240.1:2619921-2621115|CDS|CYB_2521	85.652	1150	139	3	1	1149	1	1125	0.0	1341
Ga0393496_07_8173_9390	CP000240.1:1244785-1246021|CDS|CYB_1201	82.698	1260	152	4	1	1218	1	1236	0.0	1332
Ga0393496_07_8173_9390	CP000240.1:52430-53648|CDS|CYB_0041	85.480	1157	164	2	1	1155	1	1155	0.0	1324
Ga0393496_07_8173_9390	CP000240.1:2168360-2169515|CDS|CYB_2071	84.557	1185	147	5	1	1179	1	1155	0.0	1323
Ga0393496_07_8173_9390	CP000240.1:1954838-1956056|CDS|CYB_1872	84.875	1157	171	2	1	1155	1	1155	0.0	1293
Ga0393496_07_8173_9390	CP000240.1:2210858-2212052|CDS|CYB_2117	84.622	1151	149	3	1	1149	1	1125	0.0	1290
Ga0393496_07_8173_9390	CP000240.1:1083184-1084426|CDS|CYB_1042	83.997	1181	161	3	1	1155	1	1179	0.0	1290
Ga0393496_07_8173_9390	CP000239.1:712444-713638|CDS|CYA_0704	84.356	1157	153	3	1	1155	1	1131	0.0	1283
Ga0393496_07_8173_9390	CP000240.1:1064975-1066169|CDS|CYB_1023	83.840	1151	158	3	1	1149	1	1125	0.0	1250
Ga0393496_07_8173_9390	CP000240.1:1190675-1191869|CDS|CYB_1151	83.854	1152	156	5	1	1149	1	1125	0.0	1244
Ga0393496_07_8173_9390	CP000240.1:3008652-3009870|CDS|CYB_2910	82.727	1181	152	5	1	1155	1	1155	0.0	1235
Ga0393496_07_8173_9390	CP000240.1:2644164-2645358|CDS|CYB_2538	83.493	1151	162	3	1	1149	1	1125	0.0	1232
Ga0393496_07_8173_9390	CP000240.1:102811-104029|CDS|CYB_0087	81.109	1244	183	4	1	1218	1	1218	0.0	1214
Ga0393496_07_8173_9390	CP000240.1:1803089-1804283|CDS|CYB_1722	82.857	1155	174	1	1	1155	1	1131	0.0	1208
Ga0393496_07_8173_9390	CP000239.1:2170714-2171908|CDS|CYA_2158	82.714	1157	172	3	1	1155	1	1131	0.0	1197
Ga0393496_07_8173_9390	CP000240.1:1521392-1522610|CDS|CYB_1450	81.532	1175	165	4	1	1149	1	1149	0.0	1170
Ga0393496_07_8173_9390	CP000239.1:774779-775973|CDS|CYA_0767	82.189	1151	177	3	1	1149	1	1125	0.0	1164
Ga0393496_07_8173_9390	CP000240.1:638632-639850|CDS|CYB_0630	80.989	1173	175	2	1	1149	1	1149	0.0	1145
Ga0393496_07_8173_9390	CP000240.1:2553363-2554557|CDS|CYB_2454	81.668	1151	183	3	1	1149	1	1125	0.0	1137
Ga0393496_07_8173_9390	CP000240.1:1358129-1359347|CDS|CYB_1297	80.170	1175	181	4	1	1149	1	1149	0.0	1098
Ga0393496_07_8173_9390	CP000240.1:2128026-2129220|CDS|CYB_2026	79.951	1222	213	7	1	1218	1	1194	0.0	1097
Ga0393496_07_8173_9390	CP000240.1:1917270-1918464|CDS|CYB_1826	79.214	1222	222	9	1	1218	1	1194	0.0	1048
Ga0393496_07_8173_9390	CP000240.1:2506708-2507857|CDS|CYB_2410	78.887	1132	137	7	1	1033	1	1129	0.0	1025
Ga0393496_07_8173_9390	CP000240.1:1763450-1764623|CDS|CYB_1688	78.899	1199	223	9	1	1196	1	1172	0.0	1009
Ga0393496_07_8173_9390	CP000240.1:2219258-2220470|CDS|CYB_2126	76.892	1242	233	11	1	1218	1	1212	0.0	946
Ga0393496_07_8173_9390	CP000239.1:693322-694534|CDS|CYA_0687	76.048	1240	247	7	1	1218	1	1212	0.0	911
Ga0393496_07_8173_9390	CP000239.1:88305-89487|CDS|CYA_0091	73.780	1148	247	9	1	1139	1	1103	0.0	722
Ga0393496_07_9611_10060	CP000240.1:2463158-2463617|CDS|CYB_2357	99.775	444	1	0	1	444	1	444	0.0	797
Ga0393496_07_9611_10060	CP000239.1:575342-575762|CDS|CYA_0562	86.861	411	54	0	1	411	1	411	1.27e-141	499
Ga0393496_08_186_1238	CP000240.1:531482-532535|CDS|CYB_0517	97.341	1053	28	0	1	1053	1	1053	0.0	1773
Ga0393496_08_186_1238	CP000239.1:1161809-1162904|CDS|CYA_1138	87.417	1049	132	0	3	1051	45	1093	0.0	1297
Ga0393496_08_1258_4212	CP000240.1:528508-531463|CDS|CYB_0516	97.157	2955	84	0	1	2955	1	2955	0.0	4951
Ga0393496_08_4368_5027	CP000240.1:527703-528363|CDS|CYB_0515	95.909	660	27	0	1	660	1	660	0.0	1069
Ga0393496_08_4368_5027	CP000239.1:1163148-1163808|CDS|CYA_1139	86.970	660	86	0	1	660	1	660	0.0	803
Ga0393496_08_5050_5346	CP000240.1:527384-527681|CDS|CYB_0514	93.939	297	18	0	1	297	1	297	8.77e-129	455
Ga0393496_08_5050_5346	CP000239.1:2862133-2862430|CDS|CYA_2844	80.919	283	52	2	1	282	1	282	3.74e-70	260
Ga0393496_08_5353_6618	CP000240.1:526112-527378|CDS|CYB_0513	97.630	1266	30	0	1	1266	1	1266	0.0	2149
Ga0393496_08_5353_6618	CP000239.1:2860885-2862127|CDS|CYA_2843	82.262	1229	218	0	1	1229	1	1229	0.0	1234
Ga0393496_08_6713_7324	CP000240.1:525406-526018|CDS|CYB_0512	94.444	612	34	0	1	612	1	612	0.0	951
Ga0393496_08_6713_7324	CP000239.1:2860210-2860822|CDS|CYA_2842	75.537	605	148	0	1	605	1	605	3.18e-119	425
Ga0393496_08_7439_8434	CP000240.1:524189-525287|CDS|CYB_0511	96.888	996	31	0	1	996	103	1098	0.0	1657
Ga0393496_08_7439_8434	CP000239.1:2859005-2860109|CDS|CYA_2841	86.002	993	139	0	1	993	103	1095	0.0	1165
Ga0393496_08_8802_9179	CP000240.1:523546-523924|CDS|CYB_0508	99.735	378	1	0	1	378	1	378	0.0	678
Ga0393496_08_8802_9179	CP000239.1:2857205-2857583|CDS|CYA_2837	70.461	369	105	4	2	368	2	368	1.21e-39	160
Ga0393496_09_1696_2064	CP000240.1:791274-791643|CDS|CYB_0768	88.889	369	41	0	1	369	1	369	2.77e-136	481
Ga0393496_09_1696_2064	CP000239.1:566653-567022|CDS|CYA_0552	86.792	371	45	2	1	369	1	369	6.96e-125	444
Ga0393496_09_2061_3143	CP000240.1:790195-791278|CDS|CYB_0769	96.122	1083	42	0	1	1083	1	1083	0.0	1764
Ga0393496_09_2061_3143	CP000239.1:565574-566657|CDS|CYA_0553	88.273	1083	127	0	1	1083	1	1083	0.0	1381
Ga0393496_09_3673_4167	CP000240.1:789171-789684|CDS|CYB_0766	99.798	495	1	0	1	495	19	513	0.0	889
Ga0393496_09_3673_4167	CP000239.1:562721-563216|CDS|CYA_0548	85.859	495	70	0	1	495	1	495	1.83e-165	578
Ga0393496_09_4623_5240	CP000240.1:652536-653388|CDS|CYB_0642	98.382	618	10	0	1	618	1	618	0.0	1070
Ga0393496_09_4623_5240	CP000239.1:1957238-1958108|CDS|CYA_1945	83.550	614	101	0	1	614	1	614	0.0	653
Ga0393496_09_5244_5474	CP000240.1:652536-653388|CDS|CYB_0642	100.000	231	0	0	1	231	622	852	1.67e-117	417
Ga0393496_09_5244_5474	CP000239.1:1957238-1958108|CDS|CYA_1945	78.924	223	47	0	1	223	622	844	4.22e-49	191
Ga0393496_09_5570_6658	CP000240.1:653483-654602|CDS|CYB_0643	99.908	1089	1	0	1	1089	31	1119	0.0	1960
Ga0393496_09_6773_7138	CP000240.1:654686-655052|CDS|CYB_0644	99.454	366	2	0	1	366	1	366	0.0	652
Ga0393496_09_6773_7138	CP000239.1:2088581-2088947|CDS|CYA_2069	85.519	366	53	0	1	366	1	366	2.26e-118	422
Ga0393496_09_7219_7644	CP000240.1:655132-655558|CDS|CYB_0645	99.765	426	1	0	1	426	1	426	0.0	765
Ga0393496_09_7219_7644	CP000239.1:2089021-2089474|CDS|CYA_2070	77.704	453	74	3	1	426	1	453	1.21e-103	373
Ga0393496_10_18_767	CP000240.1:2089023-2090721|CDS|CYB_1987	97.600	750	18	0	1	750	949	1698	0.0	1272
Ga0393496_10_18_767	CP000239.1:1699912-1701610|CDS|CYA_1697	87.467	750	94	0	1	750	949	1698	0.0	930
Ga0393496_10_943_2991	CP000240.1:2090887-2092936|CDS|CYB_1988	94.434	2048	114	0	1	2048	1	2048	0.0	3180
Ga0393496_10_943_2991	CP000239.1:1697728-1699789|CDS|CYA_1696	93.789	2061	116	1	1	2049	1	2061	0.0	3147
Ga0393496_10_3235_4683	CP000240.1:2093237-2094686|CDS|CYB_1989	95.637	1444	60	3	1	1443	1	1442	0.0	2310
Ga0393496_10_3235_4683	CP000239.1:1696036-1697485|CDS|CYA_1695	81.112	1403	255	7	52	1449	52	1449	0.0	1314
Ga0393496_10_4865_5998	CP000240.1:2094867-2096001|CDS|CYB_1990	96.120	1134	44	0	1	1134	1	1134	0.0	1847
Ga0393496_10_6108_7832	CP000240.1:2096112-2097837|CDS|CYB_1991	97.797	1725	38	0	1	1725	1	1725	0.0	2940
Ga0393496_10_6108_7832	CP000239.1:1694020-1695745|CDS|CYA_1694	85.043	1725	258	0	1	1725	1	1725	0.0	1948
Ga0393496_10_7987_8721	CP000240.1:2098002-2098731|CDS|CYB_1992	95.885	729	30	0	7	735	1	729	0.0	1180
Ga0393496_11_655_2064	CP000240.1:762416-764204|CDS|CYB_0739	99.007	1410	14	0	1	1410	379	1788	0.0	2480
Ga0393496_11_655_2064	CP000239.1:2067864-2069631|CDS|CYA_2049	85.887	1410	178	4	1	1410	379	1767	0.0	1647
Ga0393496_11_2699_4447	CP000240.1:764460-765933|CDS|CYB_0740	98.167	1473	27	0	277	1749	1	1473	0.0	2535
Ga0393496_11_2699_4447	CP000239.1:2069889-2071383|CDS|CYA_2050	83.011	1448	242	2	278	1723	17	1462	0.0	1498
Ga0393496_11_4416_4685	CP000240.1:766177-766447|CDS|CYB_0741	99.630	270	1	0	1	270	1	270	5.69e-137	483
Ga0393496_11_4416_4685	CP000239.1:2071509-2071779|CDS|CYA_2051	88.148	270	32	0	1	270	1	270	3.60e-95	343
Ga0393496_11_4762_5187	CP000240.1:766523-766949|CDS|CYB_0742	98.357	426	7	0	1	426	1	426	0.0	737
Ga0393496_11_4762_5187	CP000239.1:2071839-2072247|CDS|CYA_2052	81.065	338	64	0	1	338	1	338	1.91e-88	322
Ga0393496_11_5473_6222	CP000240.1:767235-767994|CDS|CYB_0743	97.600	750	18	0	1	750	10	759	0.0	1272
Ga0393496_11_5473_6222	CP000239.1:2072404-2073154|CDS|CYA_2053	83.824	748	121	0	1	748	1	748	0.0	804
Ga0393496_11_6268_6549	CP000240.1:768030-768312|CDS|CYB_0744	100.000	282	0	0	1	282	1	282	4.29e-145	509
Ga0393496_11_6268_6549	CP000239.1:2073206-2073488|CDS|CYA_2054	81.159	276	52	0	1	276	1	276	2.90e-71	264
Ga0393496_11_6546_7481	CP000240.1:768308-769244|CDS|CYB_0745	98.504	936	14	0	1	936	1	936	0.0	1626
Ga0393496_11_6546_7481	CP000239.1:2073484-2074417|CDS|CYA_2055	87.927	936	110	1	1	936	1	933	0.0	1177
Ga0393496_11_7635_8396	CP000240.1:769400-770162|CDS|CYB_0746	99.344	762	5	0	1	762	1	762	0.0	1352
Ga0393496_11_7635_8396	CP000239.1:2074538-2075300|CDS|CYA_2056	82.869	753	129	0	10	762	10	762	0.0	777
Ga0393496_12_43_294	CP000240.1:2724283-2724742|CDS|CYB_2633	98.810	252	3	0	1	252	208	459	1.61e-124	442
Ga0393496_12_43_294	CP000239.1:1128532-1128991|CDS|CYA_1102	81.048	248	47	0	4	251	211	458	1.24e-62	236
Ga0393496_12_446_715	CP000240.1:2723862-2724132|CDS|CYB_2632	97.778	270	6	0	1	270	1	270	1.86e-130	461
Ga0393496_12_446_715	CP000239.1:1042529-1042799|CDS|CYA_1023	86.038	265	33	2	1	263	1	263	9.04e-84	306
Ga0393496_12_752_1195	CP000240.1:2723145-2723826|CDS|CYB_2631	95.067	446	20	1	1	444	1	446	0.0	703
Ga0393496_12_752_1195	CP000239.1:1042832-1043561|CDS|CYA_1024	86.207	435	58	2	12	444	54	488	2.43e-144	508
Ga0393496_12_1179_1430	CP000240.1:2723145-2723826|CDS|CYB_2631	98.413	252	4	0	1	252	430	681	1.97e-123	437
Ga0393496_12_1179_1430	CP000239.1:1042832-1043561|CDS|CYA_1024	86.905	252	32	1	2	252	473	724	1.02e-82	303
Ga0393496_12_1687_1899	CP000240.1:2722675-2722888|CDS|CYB_2630	99.531	213	1	0	1	213	1	213	3.84e-106	380
Ga0393496_12_1687_1899	CP000239.1:1043738-1043951|CDS|CYA_1025	87.793	213	26	0	1	213	1	213	1.75e-72	268
Ga0393496_12_2140_2943	CP000240.1:2721473-2722277|CDS|CYB_2629	97.388	804	21	0	1	804	1	804	0.0	1356
Ga0393496_12_2140_2943	CP000239.1:1044009-1044813|CDS|CYA_1026	84.845	805	120	2	1	804	1	804	0.0	895
Ga0393496_12_2993_3496	CP000240.1:2720920-2721424|CDS|CYB_2628	95.833	504	21	0	1	504	1	504	0.0	815
Ga0393496_12_2993_3496	CP000239.1:1044862-1045273|CDS|CYA_1027	87.961	407	49	0	94	500	1	407	6.52e-146	514
Ga0393496_12_3760_4203	CP000240.1:2720213-2720657|CDS|CYB_2627	98.198	444	8	0	1	444	1	444	0.0	765
Ga0393496_12_3760_4203	CP000239.1:1045717-1046161|CDS|CYA_1028	88.288	444	52	0	1	444	1	444	2.95e-162	567
Ga0393496_12_4298_5332	CP000240.1:2719084-2720125|CDS|CYB_2626	96.908	1035	32	0	1	1035	7	1041	0.0	1723
Ga0393496_12_4298_5332	CP000239.1:1046249-1047260|CDS|CYA_1029	80.405	1036	171	4	1	1035	7	1011	0.0	965
Ga0393496_12_5387_7270	CP000240.1:2717149-2719069|CDS|CYB_2625	97.401	1885	46	1	3	1884	36	1920	0.0	3177
Ga0393496_12_5387_7270	CP000239.1:1047275-1049177|CDS|CYA_1030	82.452	1892	297	5	3	1884	36	1902	0.0	1925
Ga0393496_12_7508_8077	CP000240.1:2716342-2716912|CDS|CYB_2624	99.649	570	2	0	1	570	1	570	0.0	1020
Ga0393496_13_742_2037	CP000240.1:851515-852811|CDS|CYB_0822	98.688	1296	17	0	1	1296	1	1296	0.0	2261
Ga0393496_13_742_2037	CP000239.1:2836588-2837884|CDS|CYA_2818	88.208	1289	152	0	1	1289	1	1289	0.0	1640
Ga0393496_13_2215_3159	CP000240.1:850393-851338|CDS|CYB_0821	97.879	943	20	0	1	943	1	943	0.0	1611
Ga0393496_13_2215_3159	CP000239.1:2835538-2836483|CDS|CYA_2817	86.518	942	125	2	1	941	1	941	0.0	1120
Ga0393496_13_3280_3705	CP000240.1:849697-850123|CDS|CYB_0820	95.540	426	19	0	1	426	1	426	0.0	683
Ga0393496_13_3280_3705	CP000239.1:2835079-2835505|CDS|CYA_2816	85.545	422	61	0	1	422	1	422	7.59e-138	487
Ga0393496_13_3709_4425	CP000240.1:848998-849694|CDS|CYB_0819	99.856	696	1	0	22	717	1	696	0.0	1251
Ga0393496_13_3709_4425	CP000239.1:2834359-2835076|CDS|CYA_2815	89.665	716	74	0	1	716	1	716	0.0	958
Ga0393496_13_4624_6477	CP000240.1:846924-848778|CDS|CYB_0818	99.137	1854	16	0	1	1854	1	1854	0.0	3272
Ga0393496_13_4624_6477	CP000239.1:2410354-2412211|CDS|CYA_2401	86.577	1855	247	2	1	1854	4	1857	0.0	2216
Ga0393496_13_6477_6698	CP000240.1:846703-846928|CDS|CYB_0817	98.198	222	4	0	1	222	4	225	3.30e-107	383
Ga0393496_13_6477_6698	CP000239.1:2412210-2412432|CDS|CYA_2402	88.739	222	25	0	1	222	1	222	1.95e-78	288
Ga0393496_13_7023_7598	CP000240.1:1358129-1359347|CDS|CYB_1297	95.833	576	24	0	1	576	643	1218	0.0	931
Ga0393496_13_7023_7598	CP000239.1:774779-775973|CDS|CYA_0767	95.833	576	24	0	1	576	619	1194	0.0	931
Ga0393496_13_7023_7598	CP000239.1:629980-631174|CDS|CYA_0620	95.826	575	24	0	2	576	620	1194	0.0	930
Ga0393496_13_7023_7598	CP000240.1:638632-639850|CDS|CYB_0630	95.660	576	25	0	1	576	643	1218	0.0	927
Ga0393496_13_7023_7598	CP000240.1:1244785-1246021|CDS|CYB_1201	95.645	574	25	0	1	574	643	1216	0.0	923
Ga0393496_13_7023_7598	CP000240.1:1803089-1804283|CDS|CYB_1722	95.312	576	27	0	1	576	619	1194	0.0	918
Ga0393496_13_7023_7598	CP000240.1:2644164-2645358|CDS|CYB_2538	95.304	575	27	0	2	576	620	1194	0.0	916
Ga0393496_13_7023_7598	CP000240.1:2619921-2621115|CDS|CYB_2521	95.321	577	25	2	1	576	619	1194	0.0	912
Ga0393496_13_7023_7598	CP000240.1:1521392-1522610|CDS|CYB_1450	94.965	576	29	0	1	576	643	1218	0.0	909
Ga0393496_13_7023_7598	CP000240.1:629484-630702|CDS|CYB_0620	94.261	575	33	0	2	576	644	1218	0.0	889
Ga0393496_13_7023_7598	CP000240.1:1267756-1268992|CDS|CYB_1227	94.435	575	30	2	1	574	643	1216	0.0	886
Ga0393496_13_7023_7598	CP000240.1:2933473-2934709|CDS|CYB_2835	94.425	574	30	2	2	574	644	1216	0.0	884
Ga0393496_13_7023_7598	CP000239.1:2170714-2171908|CDS|CYA_2158	93.924	576	35	0	1	576	619	1194	0.0	882
Ga0393496_13_7023_7598	CP000240.1:1190675-1191869|CDS|CYB_1151	93.924	576	33	2	2	576	620	1194	0.0	875
Ga0393496_13_7023_7598	CP000240.1:3008652-3009870|CDS|CYB_2910	93.403	576	38	0	1	576	643	1218	0.0	868
Ga0393496_13_7023_7598	CP000240.1:481588-482800|CDS|CYB_0472	93.565	575	35	2	1	574	619	1192	0.0	864
Ga0393496_13_7023_7598	CP000240.1:1083184-1084426|CDS|CYB_1042	91.167	600	29	1	1	576	643	1242	0.0	861
Ga0393496_13_7023_7598	CP000240.1:1954838-1956056|CDS|CYB_1872	91.152	599	29	1	2	576	620	1218	0.0	859
Ga0393496_13_7023_7598	CP000240.1:2661652-2662870|CDS|CYB_2557	90.317	599	34	1	2	576	620	1218	0.0	837
Ga0393496_13_7023_7598	CP000240.1:2796782-2798000|CDS|CYB_2707	90.000	600	36	1	1	576	619	1218	0.0	829
Ga0393496_13_7023_7598	CP000240.1:2553363-2554557|CDS|CYB_2454	91.146	576	51	0	1	576	619	1194	0.0	810
Ga0393496_13_7023_7598	CP000240.1:1316312-1317548|CDS|CYB_1259	89.298	598	40	1	1	574	619	1216	0.0	808
Ga0393496_13_7023_7598	CP000239.1:712444-713638|CDS|CYA_0704	90.957	575	52	0	2	576	620	1194	0.0	803
Ga0393496_13_7023_7598	CP000240.1:1064975-1066169|CDS|CYB_1023	90.799	576	53	0	1	576	619	1194	0.0	801
Ga0393496_13_7023_7598	CP000240.1:52430-53648|CDS|CYB_0041	88.648	599	44	1	2	576	620	1218	0.0	792
Ga0393496_13_7023_7598	CP000239.1:994256-995468|CDS|CYA_0981	90.418	574	55	0	1	574	619	1192	0.0	788
Ga0393496_13_7023_7598	CP000240.1:2168360-2169515|CDS|CYB_2071	94.280	507	29	0	1	507	619	1125	0.0	784
Ga0393496_13_7023_7598	CP000240.1:2830275-2831565|CDS|CYB_2735	87.124	598	36	2	1	574	643	1223	0.0	760
Ga0393496_13_7023_7598	CP000240.1:241642-242836|CDS|CYB_0233	93.110	508	33	2	1	507	619	1125	0.0	752
Ga0393496_13_7023_7598	CP000240.1:605550-606744|CDS|CYB_0598	88.889	576	64	0	1	576	619	1194	0.0	751
Ga0393496_13_7023_7598	CP000240.1:2210858-2212052|CDS|CYB_2117	88.870	575	64	0	2	576	620	1194	0.0	749
Ga0393496_13_7023_7598	CP000239.1:698055-699204|CDS|CYA_0690	90.359	529	27	1	1	505	619	1147	0.0	742
Ga0393496_13_7023_7598	CP000240.1:2247371-2248565|CDS|CYB_2147	91.897	506	41	0	2	507	620	1125	0.0	728
Ga0393496_13_7023_7598	CP000240.1:1842322-1843549|CDS|CYB_1759	86.860	586	53	1	1	562	619	1204	0.0	728
Ga0393496_13_7023_7598	CP000239.1:893439-894633|CDS|CYA_0887	91.107	506	45	0	2	507	620	1125	0.0	710
Ga0393496_13_7023_7598	CP000239.1:1594889-1596107|CDS|CYA_1585	89.921	506	51	0	2	507	620	1125	0.0	683
Ga0393496_13_7023_7598	CP000240.1:1015074-1016268|CDS|CYB_0979	89.744	507	52	0	1	507	619	1125	0.0	681
Ga0393496_13_7023_7598	CP000240.1:1384265-1385459|CDS|CYB_1322	88.560	507	58	0	1	507	619	1125	0.0	654
Ga0393496_13_7023_7598	CP000240.1:345730-346924|CDS|CYB_0329	87.771	507	62	0	1	507	619	1125	0.0	636
Ga0393496_13_7023_7598	CP000240.1:102811-104029|CDS|CYB_0087	85.996	507	71	0	1	507	643	1149	2.79e-170	595
Ga0393496_13_7023_7598	CP000240.1:2565689-2566883|CDS|CYB_2468	85.799	507	72	0	1	507	619	1125	3.40e-169	590
Ga0393496_13_7023_7598	CP000239.1:693322-694534|CDS|CYA_0687	77.345	565	122	5	13	574	631	1192	2.99e-119	425
Ga0393496_13_7023_7598	CP000240.1:2219258-2220470|CDS|CYB_2126	76.991	565	124	5	13	574	631	1192	1.55e-116	416
Ga0393496_13_7023_7598	CP000240.1:2128026-2129220|CDS|CYB_2026	76.471	510	112	7	2	507	620	1125	4.44e-98	355
Ga0393496_13_7023_7598	CP000240.1:1917270-1918464|CDS|CYB_1826	75.150	499	116	7	13	507	631	1125	1.12e-86	317
Ga0393496_13_7023_7598	CP000240.1:1763450-1764623|CDS|CYB_1688	74.950	499	117	7	13	507	631	1125	1.36e-85	313
Ga0393496_13_7023_7598	CP000239.1:88305-89487|CDS|CYA_0091	71.937	506	112	5	1	497	619	1103	9.79e-75	278
Ga0393496_14_1381_3081	CP000240.1:2758982-2760683|CDS|CYB_2671	98.354	1701	16	1	13	1701	1	1701	0.0	2948
Ga0393496_14_1381_3081	CP000239.1:2127640-2129362|CDS|CYA_2111	86.951	1686	208	1	13	1686	1	1686	0.0	2056
Ga0393496_14_3087_4031	CP000240.1:2760688-2761633|CDS|CYB_2672	99.048	945	9	0	1	945	1	945	0.0	1664
Ga0393496_14_3087_4031	CP000239.1:2129477-2130422|CDS|CYA_2112	85.169	944	140	0	1	944	1	944	0.0	1072
Ga0393496_14_4093_5613	CP000240.1:2761694-2763215|CDS|CYB_2673	98.948	1521	16	0	1	1521	1	1521	0.0	2672
Ga0393496_14_4093_5613	CP000239.1:2130467-2131988|CDS|CYA_2113	89.086	1521	166	0	1	1521	1	1521	0.0	1995
Ga0393496_14_5658_6206	CP000240.1:2763259-2763808|CDS|CYB_2674	99.818	549	1	0	1	549	1	549	0.0	986
Ga0393496_14_5658_6206	CP000239.1:2132047-2132596|CDS|CYA_2114	81.204	548	103	0	1	548	1	548	3.94e-149	525
Ga0393496_14_6227_6817	CP000240.1:2763828-2764392|CDS|CYB_2675	98.224	563	10	0	28	590	1	563	0.0	971
Ga0393496_14_6227_6817	CP000239.1:2132612-2133155|CDS|CYA_2115	82.289	463	82	0	129	591	81	543	1.00e-131	466
Ga0393496_14_6826_7299	CP000240.1:2764427-2764901|CDS|CYB_2676	99.578	474	2	0	1	474	1	474	0.0	847
Ga0393496_14_6826_7299	CP000239.1:2133208-2133682|CDS|CYA_2116	82.875	473	81	0	1	473	1	473	2.43e-138	489
Ga0393496_14_7394_7534	CP000240.1:2764995-2765241|CDS|CYB_2677	100.000	141	0	0	1	141	106	246	6.91e-69	255
Ga0393496_14_7394_7534	CP000239.1:2133776-2134022|CDS|CYA_2117	89.051	137	15	0	1	137	106	242	4.37e-46	180
Ga0393496_15_166_2127	CP000240.1:1881750-1883712|CDS|CYB_1794	97.706	1962	45	0	1	1962	1	1962	0.0	3336
Ga0393496_15_166_2127	CP000239.1:1617936-1619901|CDS|CYA_1614	83.325	1979	299	12	1	1962	1	1965	0.0	2056
Ga0393496_15_2199_2498	CP000240.1:1883783-1884083|CDS|CYB_1795	98.333	300	5	0	1	300	1	300	8.86e-148	519
Ga0393496_15_2199_2498	CP000239.1:1617588-1617888|CDS|CYA_1613	88.667	300	34	0	1	300	1	300	1.08e-108	389
Ga0393496_15_2498_2671	CP000240.1:1884082-1884424|CDS|CYB_1796	99.425	174	1	0	1	174	169	342	4.54e-85	310
Ga0393496_15_2498_2671	CP000239.1:1617246-1617588|CDS|CYA_1612	92.442	172	13	0	1	172	169	340	1.07e-67	252
Ga0393496_15_2498_2671	CP000240.1:1884495-1884804|CDS|CYB_1797	77.778	135	30	0	1	135	169	303	8.22e-25	109
Ga0393496_15_2498_2671	CP000239.1:1616846-1617155|CDS|CYA_1611	75.373	134	33	0	1	134	169	302	6.32e-20	94.2
Ga0393496_15_2655_2840	CP000240.1:1884082-1884424|CDS|CYB_1796	98.387	186	2	1	1	186	1	185	9.45e-88	319
Ga0393496_15_2655_2840	CP000240.1:1884495-1884804|CDS|CYB_1797	96.667	180	5	1	1	180	1	179	1.08e-80	295
Ga0393496_15_2655_2840	CP000239.1:1617246-1617588|CDS|CYA_1612	90.323	186	17	1	1	186	1	185	1.15e-67	251
Ga0393496_15_2655_2840	CP000239.1:1616846-1617155|CDS|CYA_1611	86.740	181	23	1	1	181	1	180	8.30e-57	215
Ga0393496_15_2912_3202	CP000240.1:1884495-1884804|CDS|CYB_1797	98.969	291	3	0	1	291	19	309	1.27e-145	512
Ga0393496_15_2912_3202	CP000239.1:1616846-1617155|CDS|CYA_1611	88.966	290	32	0	1	290	19	308	5.42e-106	379
Ga0393496_15_2912_3202	CP000240.1:1884082-1884424|CDS|CYB_1796	87.018	285	37	0	1	285	19	303	3.20e-96	348
Ga0393496_15_2912_3202	CP000239.1:1617246-1617588|CDS|CYA_1612	83.158	285	48	0	1	285	19	303	1.46e-81	298
Ga0393496_15_3745_4470	CP000240.1:1885609-1886335|CDS|CYB_1798	96.419	726	26	0	1	726	1	726	0.0	1193
Ga0393496_15_3745_4470	CP000239.1:1615589-1616315|CDS|CYA_1609	83.425	724	120	0	1	724	1	724	0.0	765
Ga0393496_15_4478_5305	CP000240.1:1886342-1887170|CDS|CYB_1799	97.947	828	17	0	1	828	1	828	0.0	1417
Ga0393496_15_4478_5305	CP000239.1:1614728-1615568|CDS|CYA_1608	81.121	821	143	1	1	809	1	821	0.0	789
Ga0393496_15_5445_5582	CP000240.1:1887227-1887446|CDS|CYB_1800	99.275	138	0	1	1	138	1	137	1.48e-64	242
Ga0393496_15_5445_5582	CP000239.1:1614467-1614686|CDS|CYA_1607	87.121	132	16	1	1	132	1	131	1.39e-39	159
Ga0393496_15_5712_6116	CP000240.1:1887576-1887981|CDS|CYB_1801	95.792	404	17	0	1	404	1	404	0.0	653
Ga0393496_15_5712_6116	CP000239.1:1614026-1614413|CDS|CYA_1606	77.150	407	69	3	1	404	1	386	5.19e-89	324
Ga0393496_16_902_2590	CP000240.1:1295152-1296829|CDS|CYB_1248	97.309	1672	45	0	13	1684	1	1672	0.0	2813
Ga0393496_16_902_2590	CP000239.1:210132-211803|CDS|CYA_0206	85.433	1675	232	4	13	1684	1	1666	0.0	1914
Ga0393496_16_2823_2975	CP000240.1:1294729-1294882|CDS|CYB_1247	96.026	151	6	0	1	151	1	151	3.94e-66	246
Ga0393496_16_2823_2975	CP000239.1:209708-209861|CDS|CYA_0205	90.789	152	14	0	1	152	1	152	8.13e-56	212
Ga0393496_16_3092_3355	CP000240.1:1293728-1294613|CDS|CYB_1246	100.000	264	0	0	1	264	622	885	2.36e-135	477
Ga0393496_16_4081_4323	CP000240.1:1293384-1293609|CDS|CYB_1245	97.368	228	3	1	16	243	1	225	3.65e-107	383
Ga0393496_16_4081_4323	CP000239.1:209207-209429|CDS|CYA_0204	94.811	212	11	0	16	227	1	212	5.79e-92	334
Ga0393496_16_4370_5209	CP000240.1:1292498-1293338|CDS|CYB_1244	99.167	840	7	0	1	840	1	840	0.0	1484
Ga0393496_16_4370_5209	CP000239.1:208310-209162|CDS|CYA_0203	83.494	830	135	2	1	829	1	829	0.0	873
Ga0393496_16_5365_5919	CP000240.1:1291788-1292412|CDS|CYB_1243	95.315	555	26	0	1	555	70	624	0.0	884
Ga0393496_16_5365_5919	CP000239.1:207608-208199|CDS|CYA_0202	83.591	518	85	0	31	548	67	584	2.87e-157	552
Ga0393496_16_6024_6620	CP000240.1:1291087-1291684|CDS|CYB_1242	98.151	595	11	0	1	595	1	595	0.0	1024
Ga0393496_16_6024_6620	CP000239.1:206914-207511|CDS|CYA_0201	95.142	597	29	0	1	597	1	597	0.0	947
Ga0393496_17_259_1245	CP000240.1:1417612-1418506|CDS|CYB_1348	99.329	894	6	0	94	987	1	894	0.0	1586
Ga0393496_17_1643_1966	CP000240.1:1419041-1419602|CDS|CYB_1349	98.925	279	3	0	1	279	279	1	4.67e-139	490
Ga0393496_17_1643_1966	CP000239.1:2268270-2269023|CDS|CYA_2260	81.308	321	60	0	1	321	480	160	9.04e-85	309
Ga0393496_17_1955_2248	CP000240.1:1419041-1419602|CDS|CYB_1349	96.599	294	10	0	1	294	268	561	5.12e-138	486
Ga0393496_17_1955_2248	CP000239.1:2268270-2269023|CDS|CYA_2260	76.094	297	56	3	1	294	469	753	1.38e-56	216
Ga0393496_17_2551_3300	CP000240.1:1419904-1420654|CDS|CYB_1350	99.733	750	2	0	1	750	1	750	0.0	1344
Ga0393496_17_2551_3300	CP000239.1:2267425-2268175|CDS|CYA_2259	85.027	748	112	0	1	748	1	748	0.0	845
Ga0393496_17_3354_3692	CP000240.1:1420707-1421019|CDS|CYB_1351	99.359	312	2	0	28	339	1	312	1.40e-158	554
Ga0393496_17_3354_3692	CP000239.1:2267108-2267420|CDS|CYA_2258	98.065	310	6	0	28	337	1	310	4.59e-152	533
Ga0393496_17_4091_4972	CP000240.1:1421430-1422348|CDS|CYB_1353	97.959	882	18	0	1	882	37	918	0.0	1510
Ga0393496_17_4091_4972	CP000239.1:2266058-2266988|CDS|CYA_2257	81.460	863	160	0	2	864	38	900	0.0	836
Ga0393496_17_5227_5970	CP000240.1:1422602-1423346|CDS|CYB_1354	97.177	744	21	0	1	744	1	744	0.0	1248
Ga0393496_17_5227_5970	CP000239.1:2301670-2302414|CDS|CYA_2298	86.559	744	100	0	1	744	1	744	0.0	892
Ga0393496_17_6094_6288	CP000240.1:1423512-1425348|CDS|CYB_1355	95.385	195	9	0	1	195	1642	1836	1.48e-85	312
Ga0393496_17_6094_6288	CP000239.1:1135413-1137369|CDS|CYA_1109	84.817	191	29	0	1	191	1762	1952	3.06e-56	214
Ga0393496_18_479_781	CP000240.1:502927-503230|CDS|CYB_0489	100.000	303	0	0	1	303	1	303	1.85e-156	547
Ga0393496_18_479_781	CP000239.1:1912232-1912535|CDS|CYA_1901	94.352	301	17	0	1	301	1	301	4.96e-132	467
Ga0393496_18_784_1788	CP000240.1:503232-504237|CDS|CYB_0490	99.801	1005	2	0	1	1005	1	1005	0.0	1804
Ga0393496_18_784_1788	CP000239.1:1912538-1913453|CDS|CYA_1902	77.074	916	195	7	94	1003	7	913	0.0	688
Ga0393496_18_1910_2845	CP000240.1:504358-505294|CDS|CYB_0491	98.932	936	10	0	1	936	1	936	0.0	1644
Ga0393496_18_1910_2845	CP000239.1:1913691-1914624|CDS|CYA_1903	84.385	935	143	1	1	935	1	932	0.0	1027
Ga0393496_18_2882_3442	CP000240.1:505372-505891|CDS|CYB_0492	99.807	519	1	0	43	561	1	519	0.0	932
Ga0393496_18_2882_3442	CP000239.1:1914935-1915523|CDS|CYA_1904	85.029	521	78	0	11	531	26	546	1.16e-168	589
Ga0393496_18_3531_3965	CP000240.1:506210-506717|CDS|CYB_0493	100.000	435	0	0	1	435	73	507	0.0	785
Ga0393496_18_3531_3965	CP000239.1:1915476-1916058|CDS|CYA_1905	79.673	428	85	2	2	428	149	575	1.23e-103	373
Ga0393496_18_4061_4714	CP000240.1:506812-507466|CDS|CYB_0494	100.000	654	0	0	1	654	1	654	0.0	1180
Ga0393496_18_4061_4714	CP000239.1:1916124-1916772|CDS|CYA_1906	87.883	652	73	2	1	652	1	646	0.0	817
Ga0393496_18_4868_5599	CP000240.1:507619-508351|CDS|CYB_0496	99.180	732	6	0	1	732	1	732	0.0	1294
Ga0393496_18_4868_5599	CP000239.1:1916901-1917633|CDS|CYA_1907	89.891	732	74	0	1	732	1	732	0.0	987
Ga0393496_19_13_156	CP000240.1:2772842-2775443|CDS|CYB_2688	99.286	140	1	0	1	140	2458	2597	1.05e-66	249
Ga0393496_19_13_156	CP000239.1:2141367-2143968|CDS|CYA_2127	92.308	143	11	0	1	143	2458	2600	9.23e-55	209
Ga0393496_19_279_1340	CP000240.1:2775855-2776917|CDS|CYB_2690	98.211	1062	19	0	1	1062	1	1062	0.0	1830
Ga0393496_19_279_1340	CP000239.1:2144129-2145191|CDS|CYA_2128	78.481	1027	217	2	1	1025	1	1025	0.0	851
Ga0393496_19_1337_2146	CP000240.1:2776913-2777723|CDS|CYB_2689	98.148	810	15	0	1	810	1	810	0.0	1394
Ga0393496_19_1337_2146	CP000239.1:2405089-2405869|CDS|CYA_2394	81.073	671	127	0	1	671	1	671	0.0	638
Ga0393496_19_2344_3483	CP000240.1:2777872-2779012|CDS|CYB_2691	97.193	1140	32	0	1	1140	1	1140	0.0	1912
Ga0393496_19_2344_3483	CP000239.1:2405867-2407043|CDS|CYA_2395	83.981	1055	169	0	82	1136	100	1154	0.0	1141
Ga0393496_19_3742_5238	CP000240.1:2779283-2780882|CDS|CYB_2692	97.328	1497	40	0	1	1497	103	1599	0.0	2520
Ga0393496_19_3742_5238	CP000239.1:2407303-2408917|CDS|CYA_2396	83.840	1479	237	2	16	1493	133	1610	0.0	1583
Ga0393496_20_110_484	CP000240.1:853142-854510|CDS|CYB_0823	98.396	374	6	0	1	374	994	1367	0.0	648
Ga0393496_20_110_484	CP000239.1:2838132-2839500|CDS|CYA_2820	92.055	365	29	0	1	365	994	1358	2.16e-150	528
Ga0393496_20_555_1082	CP000240.1:854763-855291|CDS|CYB_0824	98.295	528	9	0	1	528	1	528	0.0	912
Ga0393496_20_555_1082	CP000239.1:2839763-2840309|CDS|CYA_2821	80.550	545	86	5	1	526	1	544	4.32e-142	501
Ga0393496_20_1235_1981	CP000240.1:855382-856177|CDS|CYB_0825	98.126	747	14	0	1	747	49	795	0.0	1285
Ga0393496_20_1235_1981	CP000239.1:2840400-2841195|CDS|CYA_2822	88.741	675	76	0	73	747	121	795	0.0	875
Ga0393496_20_2295_3497	CP000240.1:856503-857697|CDS|CYB_0826	98.325	1194	20	0	10	1203	1	1194	0.0	2064
Ga0393496_20_2295_3497	CP000239.1:2841988-2843173|CDS|CYA_2824	82.226	1069	151	8	135	1203	156	1185	0.0	1071
Ga0393496_20_3822_4250	CP000240.1:858030-858567|CDS|CYB_0827	98.571	420	6	0	1	420	94	513	0.0	731
Ga0393496_20_3822_4250	CP000239.1:2843282-2843699|CDS|CYA_2825	80.879	387	52	3	1	385	1	367	4.24e-103	371
Ga0393496_21_1803_2858	CP000240.1:226513-227569|CDS|CYB_0216	98.106	1056	20	0	1	1056	1	1056	0.0	1815
Ga0393496_21_1803_2858	CP000239.1:1753540-1754599|CDS|CYA_1748	89.579	1046	109	0	1	1046	1	1046	0.0	1396
Ga0393496_21_1803_2858	CP000239.1:1850153-1851218|CDS|CYA_1849	73.367	995	250	8	58	1046	49	1034	4.00e-165	578
Ga0393496_21_1803_2858	CP000239.1:1814549-1815614|CDS|CYA_1811	73.367	995	250	8	58	1046	49	1034	4.00e-165	578
Ga0393496_21_1803_2858	CP000240.1:384572-385637|CDS|CYB_0371	73.784	946	239	5	67	1009	58	997	4.88e-164	574
Ga0393496_21_1803_2858	CP000239.1:1288197-1289262|CDS|CYA_1274	73.266	995	251	8	58	1046	49	1034	1.70e-163	573
Ga0393496_21_1803_2858	CP000240.1:443946-445011|CDS|CYB_0433	73.679	946	240	5	67	1009	58	997	2.07e-162	570
Ga0393496_21_2865_4715	CP000240.1:227575-229426|CDS|CYB_0217	98.757	1851	23	0	1	1851	1	1851	0.0	3235
Ga0393496_21_2865_4715	CP000239.1:1751515-1753342|CDS|CYA_1747	80.742	1833	300	7	13	1832	13	1805	0.0	1731
Ga0393496_21_4760_6025	CP000240.1:229470-231006|CDS|CYB_0218	98.657	1266	17	0	1	1266	271	1536	0.0	2207
Ga0393496_21_4760_6025	CP000239.1:1749935-1751471|CDS|CYA_1746	85.091	1214	177	4	55	1266	325	1536	0.0	1360
Ga0393496_22_25_282	CP000239.1:1841736-1841994|CDS|CYA_1842	98.450	258	4	0	1	258	1	258	1.12e-126	448
Ga0393496_22_25_282	CP000240.1:417807-418065|CDS|CYB_0403	97.674	258	6	0	1	258	1	258	5.78e-124	439
Ga0393496_22_818_2278	CP000240.1:415812-417465|CDS|CYB_0402	99.452	1461	8	0	1	1461	193	1653	0.0	2599
Ga0393496_22_818_2278	CP000239.1:1842336-1843989|CDS|CYA_1843	98.357	1461	24	0	1	1461	193	1653	0.0	2527
Ga0393496_22_2307_2537	CP000239.1:1844017-1844227|CDS|CYA_1844	98.571	210	3	0	22	231	1	210	9.26e-102	366
Ga0393496_22_2307_2537	CP000240.1:415574-415784|CDS|CYB_0401	98.095	210	4	0	22	231	1	210	1.13e-100	361
Ga0393496_22_2850_3536	CP000239.1:1844476-1845244|CDS|CYA_1845	95.924	687	28	0	1	687	82	768	0.0	1113
Ga0393496_22_2850_3536	CP000240.1:414554-415322|CDS|CYB_0399	95.633	687	30	0	1	687	82	768	0.0	1104
Ga0393496_22_3574_5361	CP000240.1:412729-414517|CDS|CYB_0398	97.539	1788	44	0	1	1788	1	1788	0.0	3027
Ga0393496_22_3574_5361	CP000239.1:1845267-1847055|CDS|CYA_1846	95.190	1788	86	0	1	1788	1	1788	0.0	2837
Ga0393496_22_5378_6067	CP000240.1:410817-412713|CDS|CYB_0397	96.957	690	21	0	1	690	1207	1896	0.0	1150
Ga0393496_22_5378_6067	CP000239.1:1847073-1848795|CDS|CYA_1847	95.441	680	31	0	1	680	1030	1709	0.0	1087
Ga0393496_22_5378_6067	CP000239.1:1599798-1601667|CDS|CYA_1591	83.258	663	111	0	13	675	1204	1866	0.0	696
Ga0393496_23_15_764	CP000240.1:2549044-2551918|CDS|CYB_2451	97.463	749	19	0	2	750	2126	2874	0.0	1266
Ga0393496_23_15_764	CP000239.1:767498-770363|CDS|CYA_0762	85.425	741	99	1	9	749	2133	2864	0.0	854
Ga0393496_23_781_1701	CP000240.1:2552207-2553134|CDS|CYB_2452	99.012	911	9	0	1	911	1	911	0.0	1603
Ga0393496_23_781_1701	CP000239.1:2785627-2786557|CDS|CYA_2760	82.860	916	157	0	1	916	1	916	0.0	945
Ga0393496_23_1931_3124	CP000240.1:2553363-2554557|CDS|CYB_2454	96.482	1194	42	0	1	1194	1	1194	0.0	1965
Ga0393496_23_1931_3124	CP000239.1:2170714-2171908|CDS|CYA_2158	93.384	1194	79	0	1	1194	1	1194	0.0	1798
Ga0393496_23_1931_3124	CP000240.1:2796782-2798000|CDS|CYB_2707	91.297	1218	82	1	1	1194	1	1218	0.0	1737
Ga0393496_23_1931_3124	CP000240.1:1083184-1084426|CDS|CYB_1042	90.016	1242	76	2	1	1194	1	1242	0.0	1716
Ga0393496_23_1931_3124	CP000240.1:2168360-2169515|CDS|CYB_2071	93.511	1125	73	0	1	1125	1	1125	0.0	1700
Ga0393496_23_1931_3124	CP000240.1:1954838-1956056|CDS|CYB_1872	90.640	1218	90	1	1	1194	1	1218	0.0	1700
Ga0393496_23_1931_3124	CP000239.1:712444-713638|CDS|CYA_0704	91.457	1194	102	0	1	1194	1	1194	0.0	1694
Ga0393496_23_1931_3124	CP000239.1:774779-775973|CDS|CYA_0767	91.206	1194	105	0	1	1194	1	1194	0.0	1681
Ga0393496_23_1931_3124	CP000240.1:1803089-1804283|CDS|CYB_1722	90.871	1194	109	0	1	1194	1	1194	0.0	1663
Ga0393496_23_1931_3124	CP000240.1:2210858-2212052|CDS|CYB_2117	90.034	1194	119	0	1	1194	1	1194	0.0	1618
Ga0393496_23_1931_3124	CP000240.1:2644164-2645358|CDS|CYB_2538	89.615	1194	124	0	1	1194	1	1194	0.0	1595
Ga0393496_23_1931_3124	CP000240.1:52430-53648|CDS|CYB_0041	88.177	1218	120	1	1	1194	1	1218	0.0	1565
Ga0393496_23_1931_3124	CP000240.1:638632-639850|CDS|CYB_0630	88.013	1218	122	1	1	1194	1	1218	0.0	1556
Ga0393496_23_1931_3124	CP000240.1:1190675-1191869|CDS|CYB_1151	88.619	1195	134	2	1	1194	1	1194	0.0	1535
Ga0393496_23_1931_3124	CP000240.1:3008652-3009870|CDS|CYB_2910	87.603	1218	127	1	1	1194	1	1218	0.0	1534
Ga0393496_23_1931_3124	CP000240.1:1521392-1522610|CDS|CYB_1450	87.438	1218	129	1	1	1194	1	1218	0.0	1525
Ga0393496_23_1931_3124	CP000239.1:629980-631174|CDS|CYA_0620	88.275	1194	140	0	1	1194	1	1194	0.0	1523
Ga0393496_23_1931_3124	CP000240.1:1358129-1359347|CDS|CYB_1297	86.946	1218	135	1	1	1194	1	1218	0.0	1498
Ga0393496_23_1931_3124	CP000240.1:2830275-2831565|CDS|CYB_2735	85.806	1240	111	3	1	1192	1	1223	0.0	1489
Ga0393496_23_1931_3124	CP000240.1:1064975-1066169|CDS|CYB_1023	87.605	1194	148	0	1	1194	1	1194	0.0	1487
Ga0393496_23_1931_3124	CP000240.1:1316312-1317548|CDS|CYB_1259	86.595	1216	139	1	1	1192	1	1216	0.0	1476
Ga0393496_23_1931_3124	CP000240.1:481588-482800|CDS|CYB_0472	86.672	1193	157	2	1	1192	1	1192	0.0	1428
Ga0393496_23_1931_3124	CP000240.1:2247371-2248565|CDS|CYB_2147	87.733	1125	138	0	1	1125	1	1125	0.0	1407
Ga0393496_23_1931_3124	CP000240.1:2619921-2621115|CDS|CYB_2521	85.607	1195	170	2	1	1194	1	1194	0.0	1373
Ga0393496_23_1931_3124	CP000239.1:1594889-1596107|CDS|CYA_1585	86.933	1125	147	0	1	1125	1	1125	0.0	1367
Ga0393496_23_1931_3124	CP000240.1:605550-606744|CDS|CYB_0598	84.925	1194	180	0	1	1194	1	1194	0.0	1342
Ga0393496_23_1931_3124	CP000240.1:629484-630702|CDS|CYB_0620	84.072	1218	170	1	1	1194	1	1218	0.0	1340
Ga0393496_23_1931_3124	CP000240.1:2661652-2662870|CDS|CYB_2557	83.908	1218	172	1	1	1194	1	1218	0.0	1331
Ga0393496_23_1931_3124	CP000240.1:1267756-1268992|CDS|CYB_1227	83.813	1217	171	3	1	1192	1	1216	0.0	1317
Ga0393496_23_1931_3124	CP000239.1:994256-995468|CDS|CYA_0981	84.480	1192	185	0	1	1192	1	1192	0.0	1316
Ga0393496_23_1931_3124	CP000240.1:1244785-1246021|CDS|CYB_1201	83.306	1216	179	1	1	1192	1	1216	0.0	1296
Ga0393496_23_1931_3124	CP000240.1:102811-104029|CDS|CYB_0087	84.421	1149	155	1	1	1125	1	1149	0.0	1283
Ga0393496_23_1931_3124	CP000240.1:2933473-2934709|CDS|CYB_2835	83.019	1219	177	5	1	1192	1	1216	0.0	1270
Ga0393496_23_1931_3124	CP000240.1:241642-242836|CDS|CYB_0233	84.991	1126	167	2	1	1125	1	1125	0.0	1262
Ga0393496_23_1931_3124	CP000239.1:693322-694534|CDS|CYA_0687	83.612	1196	188	7	1	1192	1	1192	0.0	1250
Ga0393496_23_1931_3124	CP000240.1:1015074-1016268|CDS|CYB_0979	84.533	1125	174	0	1	1125	1	1125	0.0	1245
Ga0393496_23_1931_3124	CP000239.1:893439-894633|CDS|CYA_0887	84.356	1125	176	0	1	1125	1	1125	0.0	1236
Ga0393496_23_1931_3124	CP000240.1:2219258-2220470|CDS|CYB_2126	83.459	1197	188	9	1	1192	1	1192	0.0	1235
Ga0393496_23_1931_3124	CP000240.1:1384265-1385459|CDS|CYB_1322	84.267	1125	177	0	1	1125	1	1125	0.0	1232
Ga0393496_23_1931_3124	CP000240.1:2128026-2129220|CDS|CYB_2026	84.513	1130	165	9	1	1125	1	1125	0.0	1218
Ga0393496_23_1931_3124	CP000240.1:1842322-1843549|CDS|CYB_1759	81.841	1206	191	3	1	1180	1	1204	0.0	1200
Ga0393496_23_1931_3124	CP000240.1:345730-346924|CDS|CYB_0329	83.200	1125	189	0	1	1125	1	1125	0.0	1177
Ga0393496_23_1931_3124	CP000239.1:698055-699204|CDS|CYA_0690	82.214	1147	180	1	1	1123	1	1147	0.0	1167
Ga0393496_23_1931_3124	CP000240.1:1763450-1764623|CDS|CYB_1688	83.554	1131	174	11	1	1125	1	1125	0.0	1163
Ga0393496_23_1931_3124	CP000240.1:2565689-2566883|CDS|CYB_2468	82.400	1125	198	0	1	1125	1	1125	0.0	1137
Ga0393496_23_1931_3124	CP000240.1:1917270-1918464|CDS|CYB_1826	82.582	1131	185	11	1	1125	1	1125	0.0	1113
Ga0393496_23_1931_3124	CP000240.1:2506708-2507857|CDS|CYB_2410	75.133	1130	159	6	1	1009	1	1129	0.0	855
Ga0393496_23_1931_3124	CP000239.1:88305-89487|CDS|CYA_0091	75.246	1119	247	5	6	1115	6	1103	0.0	774
Ga0393496_23_3543_3881	CP000240.1:2554732-2555314|CDS|CYB_2455	99.410	339	2	0	1	339	244	582	3.09e-173	603
Ga0393496_23_3543_3881	CP000239.1:2786899-2787499|CDS|CYA_2761	78.209	335	71	2	6	339	267	600	2.91e-72	269
Ga0393496_23_3893_4879	CP000240.1:2555325-2556312|CDS|CYB_2456	98.075	987	19	0	1	987	1	987	0.0	1695
Ga0393496_23_3893_4879	CP000239.1:2787499-2788486|CDS|CYA_2762	87.854	988	118	2	1	987	1	987	0.0	1234
Ga0393496_23_4905_5705	CP000240.1:2556337-2557312|CDS|CYB_2457	98.627	801	11	0	1	801	175	975	0.0	1396
Ga0393496_24_795_1349	CP000240.1:2387497-2388799|CDS|CYB_2281	97.117	555	16	0	1	555	748	1302	0.0	930
Ga0393496_24_795_1349	CP000239.1:24910-26074|CDS|CYA_0026	81.118	519	98	0	2	520	587	1105	1.94e-140	495
Ga0393496_24_2031_2459	CP000240.1:2388798-2389182|CDS|CYB_2282	95.833	384	16	0	46	429	1	384	1.47e-178	621
Ga0393496_24_2031_2459	CP000239.1:26201-26567|CDS|CYA_0027	86.351	359	49	0	69	427	6	364	6.28e-120	427
Ga0393496_24_3975_4418	CP000240.1:2389379-2389823|CDS|CYB_2283	100.000	444	0	0	1	444	1	444	0.0	801
Ga0393496_24_3975_4418	CP000239.1:26692-27145|CDS|CYA_0028	85.782	422	60	0	1	422	1	422	1.87e-139	491
Ga0393496_24_4469_5593	CP000240.1:2389873-2392255|CDS|CYB_2284	98.133	1125	21	0	1	1125	1258	2382	0.0	1935
Ga0393496_24_4469_5593	CP000239.1:27152-29534|CDS|CYA_0029	85.382	1074	157	0	43	1116	1291	2364	0.0	1230
Ga0393496_25_603_1067	CP000240.1:538940-539405|CDS|CYB_0523	99.355	465	3	0	1	465	1	465	0.0	826
Ga0393496_25_603_1067	CP000239.1:2157521-2157986|CDS|CYA_2145	87.716	464	57	0	1	464	1	464	4.91e-166	581
Ga0393496_25_1315_3141	CP000240.1:536867-538766|CDS|CYB_0522	97.865	1827	39	0	1	1827	73	1899	0.0	3120
Ga0393496_25_1315_3141	CP000239.1:2158112-2160044|CDS|CYA_2146	81.000	1800	298	7	1	1790	139	1904	0.0	1713
Ga0393496_25_3306_4409	CP000240.1:535599-536703|CDS|CYB_0520	99.366	1104	7	0	1	1104	1	1104	0.0	1960
Ga0393496_25_3306_4409	CP000239.1:929251-930337|CDS|CYA_0920	81.540	1078	193	1	14	1091	2	1073	0.0	1049
Ga0393496_27_534_710	CP000240.1:325155-326931|CDS|CYB_0311	99.371	159	1	0	1	159	1492	1650	6.43e-77	283
Ga0393496_27_534_710	CP000239.1:762687-763470|CDS|CYA_0757	81.203	133	25	0	1	133	568	700	3.13e-30	128
Ga0393496_27_738_1295	CP000240.1:325155-326931|CDS|CYB_0311	90.942	552	2	2	1	552	979	1482	0.0	805
Ga0393496_27_738_1295	CP000239.1:762687-763470|CDS|CYA_0757	75.615	488	95	2	2	489	56	519	1.23e-98	357
Ga0393496_27_1359_2240	CP000240.1:325155-326931|CDS|CYB_0311	96.110	874	34	0	1	874	58	931	0.0	1424
Ga0393496_27_2394_3887	CP000240.1:327027-328524|CDS|CYB_0312	95.162	1509	46	2	1	1494	1	1497	0.0	2408
Ga0393496_27_2394_3887	CP000239.1:764246-765707|CDS|CYA_0759	82.323	1188	183	7	328	1494	280	1461	0.0	1189
Ga0393496_27_3991_4818	CP000240.1:328627-329455|CDS|CYB_0313	96.014	828	33	0	1	828	1	828	0.0	1345
Ga0393496_27_3991_4818	CP000239.1:2103443-2104289|CDS|CYA_2085	81.998	811	142	3	1	809	1	809	0.0	795
Ga0393496_27_4887_5354	CP000240.1:329523-329991|CDS|CYB_0314	98.291	468	8	0	1	468	1	468	0.0	809
Ga0393496_28_1435_1704	CP000240.1:1393331-1393718|CDS|CYB_1331	96.667	270	9	0	1	270	118	387	4.10e-126	447
Ga0393496_28_1435_1704	CP000239.1:1132683-1133100|CDS|CYA_1107	78.544	261	56	0	1	261	148	408	1.03e-57	219
Ga0393496_28_1716_2585	CP000240.1:1393729-1394599|CDS|CYB_1332	99.540	870	4	0	1	870	1	870	0.0	1552
Ga0393496_28_1716_2585	CP000239.1:1131804-1132674|CDS|CYA_1106	81.013	869	165	0	1	869	1	869	0.0	824
Ga0393496_28_2703_3230	CP000240.1:1394603-1395251|CDS|CYB_1333	96.591	528	18	0	1	528	121	648	0.0	872
Ga0393496_28_2703_3230	CP000239.1:1131147-1131801|CDS|CYA_1105	85.905	525	70	2	4	528	118	638	1.16e-174	609
Ga0393496_29_1001_1837	CP000240.1:1551149-1552112|CDS|CYB_1477	96.655	837	28	0	1	837	127	963	0.0	1384
Ga0393496_29_1959_3593	CP000240.1:1552233-1553868|CDS|CYB_1478	96.881	1635	51	0	1	1635	1	1635	0.0	2719
Ga0393496_29_1959_3593	CP000239.1:1486961-1488596|CDS|CYA_1479	88.991	1635	180	0	1	1635	1	1635	0.0	2138
Ga0393496_29_3636_3968	CP000240.1:1553928-1554426|CDS|CYB_1479	98.792	331	4	0	1	331	166	496	3.46e-166	580
Ga0393496_29_3636_3968	CP000239.1:1486244-1486910|CDS|CYA_1478	89.869	306	31	0	28	333	361	666	1.06e-115	413
Ga0393496_30_36_296	CP000240.1:2008417-2010232|CDS|CYB_1923	100.000	261	0	0	1	261	1555	1815	9.91e-134	471
Ga0393496_30_36_296	CP000239.1:1727721-1729503|CDS|CYA_1724	88.837	215	24	0	1	215	1519	1733	3.47e-76	280
Ga0393496_30_274_1533	CP000240.1:2007300-2008440|CDS|CYB_1924	96.667	1140	38	0	121	1260	1	1140	0.0	1885
Ga0393496_30_274_1533	CP000239.1:1729477-1730680|CDS|CYA_1723	84.563	1179	182	0	67	1245	10	1188	0.0	1306
Ga0393496_30_1770_2102	CP000239.1:1730943-1731276|CDS|CYA_1725	88.855	332	37	0	1	332	1	332	1.13e-121	433
Ga0393496_30_1770_2102	CP000240.1:2006633-2006954|CDS|CYB_1922	84.906	318	48	0	1	318	1	318	2.05e-99	358
Ga0393496_30_2128_2940	CP000239.1:1731289-1732072|CDS|CYA_1727	83.784	740	92	5	100	813	46	783	0.0	797
Ga0393496_30_2128_2940	CP000240.1:2005831-2006620|CDS|CYB_1921	85.408	699	100	2	88	785	31	728	0.0	794
Ga0393496_30_2937_3251	CP000239.1:1732068-1732401|CDS|CYA_1726	95.238	315	15	0	1	315	19	333	2.51e-142	501
Ga0393496_30_2937_3251	CP000240.1:2005222-2005771|CDS|CYB_1920	93.968	315	19	0	1	315	235	549	6.73e-137	483
Ga0393496_30_3678_4259	CP000240.1:2004169-2004751|CDS|CYB_1919	100.000	582	0	0	1	582	1	582	0.0	1050
Ga0393496_30_3678_4259	CP000239.1:1732497-1733079|CDS|CYA_1728	100.000	582	0	0	1	582	1	582	0.0	1050
Ga0393496_31_1715_2680	CP000239.1:1025027-1025978|CDS|CYA_1008	83.262	938	157	0	1	938	1	938	0.0	985
Ga0393496_31_1715_2680	CP000240.1:483698-484709|CDS|CYB_0474	83.084	934	156	2	1	933	46	978	0.0	966
Ga0393496_32_386_991	CP000240.1:837678-838269|CDS|CYB_0809	96.226	583	22	0	1	583	1	583	0.0	953
Ga0393496_32_386_991	CP000239.1:2584939-2585527|CDS|CYA_2562	79.592	588	117	2	1	588	1	585	7.91e-146	514
Ga0393496_32_1000_2382	CP000240.1:838432-839815|CDS|CYB_0810	98.552	1381	20	0	1	1381	1	1381	0.0	2401
Ga0393496_32_1000_2382	CP000239.1:2583384-2584767|CDS|CYA_2560	78.475	1403	262	16	1	1383	1	1383	0.0	1133
Ga0393496_32_2563_3954	CP000240.1:839995-841399|CDS|CYB_0811	99.497	1392	7	0	1	1392	13	1404	0.0	2480
Ga0393496_32_2563_3954	CP000239.1:2581835-2583239|CDS|CYA_2559	85.714	1386	198	0	7	1392	19	1404	0.0	1608
Ga0393496_32_4223_4339	CP000240.1:841655-841772|CDS|CYB_0812	100.000	117	0	0	1	117	1	117	5.90e-56	212
Ga0393496_32_4223_4339	CP000239.1:2619211-2619328|CDS|CYA_2600	86.325	117	16	0	1	117	1	117	3.06e-34	140
Ga0393496_32_4223_4339	CP000239.1:2581636-2581753|CDS|CYA_2558	86.325	117	16	0	1	117	1	117	3.06e-34	140
Ga0393496_32_4444_4800	CP000240.1:841876-842233|CDS|CYB_0813	100.000	357	0	0	1	357	1	357	0.0	645
Ga0393496_32_4444_4800	CP000239.1:2619424-2619778|CDS|CYA_2601	90.116	344	34	0	1	344	1	344	1.69e-132	468
Ga0393496_32_4444_4800	CP000239.1:2581159-2581519|CDS|CYA_2557	86.297	343	47	0	5	347	11	353	4.84e-114	407
Ga0393496_33_116_3877	CP000240.1:2020573-2025991|CDS|CYB_1934	98.060	3762	43	1	1	3762	1687	5418	0.0	6478
Ga0393496_33_116_3877	CP000239.1:2758449-2763711|CDS|CYA_2742	81.878	2908	425	15	868	3760	2440	5260	0.0	2893
Ga0393496_33_3950_4585	CP000240.1:2019865-2020501|CDS|CYB_1933	98.899	636	7	0	1	636	1	636	0.0	1116
Ga0393496_34_157_354	CP000240.1:830328-830916|CDS|CYB_0804	100.000	198	0	0	1	198	24	221	1.16e-99	358
Ga0393496_34_157_354	CP000239.1:312457-312718|CDS|CYA_0306	78.947	190	40	0	1	190	34	223	4.93e-41	163
Ga0393496_34_437_721	CP000240.1:830328-830916|CDS|CYB_0804	100.000	285	0	0	1	285	304	588	1.02e-146	515
Ga0393496_34_437_721	CP000239.1:312013-312340|CDS|CYA_0305	85.837	233	33	0	1	233	43	275	1.98e-73	272
Ga0393496_34_734_2194	CP000240.1:828855-830316|CDS|CYB_0803	98.631	1461	20	0	1	1461	1	1461	0.0	2545
Ga0393496_34_734_2194	CP000239.1:310545-312012|CDS|CYA_0303	80.619	1455	279	1	1	1455	1	1452	0.0	1352
Ga0393496_34_2499_3428	CP000240.1:827617-828547|CDS|CYB_0801	98.599	928	13	0	1	928	1	928	0.0	1616
Ga0393496_34_3552_3995	CP000240.1:827053-827497|CDS|CYB_0800	95.045	444	22	0	1	444	1	444	0.0	702
Ga0393496_34_3552_3995	CP000240.1:2192897-2193341|CDS|CYB_2098	76.484	438	103	0	7	444	7	444	1.64e-89	326
Ga0393496_35_197_928	CP000240.1:2535850-2537734|CDS|CYB_2437	95.988	673	27	0	60	732	1212	1884	0.0	1093
Ga0393496_35_197_928	CP000239.1:427923-429807|CDS|CYA_0410	88.288	666	78	0	63	728	1215	1880	0.0	850
Ga0393496_35_934_1569	CP000240.1:2541682-2542405|CDS|CYB_2440	98.742	636	8	0	1	636	88	723	0.0	1112
Ga0393496_35_1637_4681	CP000240.1:2537787-2541702|CDS|CYB_2438	98.686	3045	40	0	1	3045	871	3915	0.0	5312
Ga0393496_35_1637_4681	CP000239.1:429896-433805|CDS|CYA_0411	87.586	3045	372	2	1	3045	871	3909	0.0	3784
Ga0393496_36_849_1631	CP000240.1:771271-772054|CDS|CYB_0748	94.859	778	40	0	6	783	6	783	0.0	1223
Ga0393496_36_849_1631	CP000239.1:2076421-2077198|CDS|CYA_2058	85.848	749	106	0	6	754	6	754	0.0	874
Ga0393496_36_1724_3133	CP000240.1:772179-773562|CDS|CYB_0749	93.782	1383	86	0	28	1410	1	1383	0.0	2107
Ga0393496_36_1724_3133	CP000239.1:2077342-2078725|CDS|CYA_2059	86.829	1359	177	2	28	1385	1	1358	0.0	1637
Ga0393496_36_3297_4625	CP000240.1:773670-774939|CDS|CYB_0750	97.951	1269	26	0	61	1329	1	1269	0.0	2172
Ga0393496_36_3297_4625	CP000239.1:2078860-2080132|CDS|CYA_2060	84.190	1265	200	0	61	1325	1	1265	0.0	1380
Ga0393496_37_852_1091	CP000240.1:2338667-2338958|CDS|CYB_2232	100.000	240	0	0	1	240	52	291	2.27e-122	434
Ga0393496_37_852_1091	CP000239.1:1406261-1406588|CDS|CYA_1400	82.083	240	43	0	1	240	88	327	9.68e-64	240
Ga0393496_37_1208_3079	CP000240.1:2336730-2338602|CDS|CYB_2231	96.798	1874	56	2	1	1872	1	1872	0.0	3104
Ga0393496_37_1208_3079	CP000239.1:1404261-1406232|CDS|CYA_1399	90.064	1872	186	0	1	1872	100	1971	0.0	2538
Ga0393496_38_1002_1928	CP000240.1:2865970-2867077|CDS|CYB_2767	98.706	927	12	0	1	927	181	1107	0.0	1618
Ga0393496_38_1002_1928	CP000239.1:113490-114609|CDS|CYA_0118	81.122	927	169	2	1	924	181	1104	0.0	880
Ga0393496_38_2308_2661	CP000240.1:2867276-2867630|CDS|CYB_2768	99.717	353	1	0	1	353	1	353	0.0	633
Ga0393496_38_2308_2661	CP000239.1:114832-115186|CDS|CYA_0119	86.127	346	48	0	1	346	1	346	1.37e-114	408
Ga0393496_38_2698_3288	CP000240.1:2867668-2868259|CDS|CYB_2769	97.970	591	12	0	1	591	1	591	0.0	1012
Ga0393496_38_2698_3288	CP000239.1:115187-115784|CDS|CYA_0120	86.348	564	71	1	1	564	1	558	0.0	672
Ga0393496_38_3431_3745	CP000240.1:2868401-2868716|CDS|CYB_2770	99.048	315	3	0	1	315	1	315	1.30e-158	555
Ga0393496_38_3431_3745	CP000239.1:116243-116555|CDS|CYA_0121	84.871	271	41	0	1	271	1	271	3.73e-83	305
Ga0393496_38_3749_4075	CP000240.1:2868719-2869046|CDS|CYB_2771	96.942	327	10	0	1	327	1	327	7.00e-156	545
Ga0393496_38_3749_4075	CP000239.1:116558-116885|CDS|CYA_0122	82.639	288	50	0	1	288	1	288	2.01e-80	295
Ga0393496_38_4075_4254	CP000240.1:2869045-2869312|CDS|CYB_2772	98.333	180	3	0	1	180	88	267	1.35e-85	312
Ga0393496_38_4075_4254	CP000239.1:116884-117061|CDS|CYA_0123	88.024	167	20	0	4	170	1	167	9.74e-56	212
Ga0393496_39_2035_2828_DR1	CP000239.1:1860048-1860273|CDS|CYA_1856	97.222	36	1	0	1	36	87	52	3.97e-11	61.7
Ga0393496_39_2035_2828_DR2	CP000239.1:1860048-1860273|CDS|CYA_1856	97.222	36	1	0	1	36	87	52	3.97e-11	61.7
Ga0393496_39_2035_2828_DR4	CP000239.1:1860048-1860273|CDS|CYA_1856	97.222	36	1	0	1	36	87	52	3.97e-11	61.7
Ga0393496_39_2035_2828_DR5	CP000239.1:1860048-1860273|CDS|CYA_1856	97.222	36	1	0	1	36	87	52	3.97e-11	61.7
Ga0393496_39_2035_2828_DR6	CP000239.1:1860048-1860273|CDS|CYA_1856	97.222	36	1	0	1	36	87	52	3.97e-11	61.7
Ga0393496_39_2035_2828_DR7	CP000239.1:1860048-1860273|CDS|CYA_1856	97.222	36	1	0	1	36	87	52	3.97e-11	61.7
Ga0393496_39_2035_2828_DR8	CP000239.1:1860048-1860273|CDS|CYA_1856	97.222	36	1	0	1	36	87	52	3.97e-11	61.7
Ga0393496_39_2035_2828_DR9	CP000239.1:1860048-1860273|CDS|CYA_1856	97.222	36	1	0	1	36	87	52	3.97e-11	61.7
Ga0393496_39_2035_2828_DR10	CP000239.1:1860048-1860273|CDS|CYA_1856	97.222	36	1	0	1	36	87	52	3.97e-11	61.7
Ga0393496_39_2035_2828_DR11	CP000239.1:1860048-1860273|CDS|CYA_1856	97.222	36	1	0	1	36	87	52	3.97e-11	61.7
Ga0393496_39_3100_4005	CP000240.1:2015189-2016095|CDS|CYB_1931	97.020	906	27	0	1	906	1	906	0.0	1513
Ga0393496_39_3100_4005	CP000239.1:504226-505141|CDS|CYA_0486	79.778	900	179	1	1	897	1	900	0.0	801
Ga0393496_40_75_965	CP000240.1:2883110-2884097|CDS|CYB_2787	98.222	900	7	1	1	891	88	987	0.0	1555
Ga0393496_40_75_965	CP000239.1:1970740-1971652|CDS|CYA_1960	83.158	855	124	4	1	854	64	899	0.0	893
Ga0393496_40_992_2200	CP000240.1:2884123-2885332|CDS|CYB_2789	98.346	1209	20	0	1	1209	1	1209	0.0	2091
Ga0393496_40_992_2200	CP000239.1:1971648-1972839|CDS|CYA_1961	80.100	1201	224	3	1	1198	1	1189	0.0	1089
Ga0393496_40_2197_3657	CP000240.1:2885328-2886801|CDS|CYB_2788	98.973	1461	15	0	1	1461	13	1473	0.0	2568
Ga0393496_40_4008_4376	CP000240.1:2353707-2354115|CDS|CYB_2249	100.000	369	0	0	1	369	40	408	0.0	666
Ga0393496_40_4008_4376	CP000240.1:1639015-1639423|CDS|CYB_1566	100.000	369	0	0	1	369	40	408	0.0	666
Ga0393496_40_4008_4376	CP000240.1:1128193-1128601|CDS|CYB_1093	100.000	369	0	0	1	369	40	408	0.0	666
Ga0393496_40_4008_4376	CP000240.1:2750791-2751199|CDS|CYB_2663	99.729	369	1	0	1	369	40	408	0.0	662
Ga0393496_40_4008_4376	CP000240.1:2728785-2729193|CDS|CYB_2639	99.729	369	1	0	1	369	40	408	0.0	662
Ga0393496_40_4008_4376	CP000240.1:2571340-2571748|CDS|CYB_2475	99.729	369	1	0	1	369	40	408	0.0	662
Ga0393496_40_4008_4376	CP000240.1:2182109-2182517|CDS|CYB_2086	99.729	369	1	0	1	369	40	408	0.0	662
Ga0393496_40_4008_4376	CP000240.1:1332150-1332558|CDS|CYB_1275	99.729	369	1	0	1	369	40	408	0.0	662
Ga0393496_40_4008_4376	CP000240.1:651866-652274|CDS|CYB_0641	99.729	369	1	0	1	369	40	408	0.0	662
Ga0393496_40_4008_4376	CP000240.1:214453-214861|CDS|CYB_0203	99.729	369	1	0	1	369	40	408	0.0	662
Ga0393496_40_4008_4376	CP000240.1:210759-211167|CDS|CYB_0198	99.729	369	1	0	1	369	40	408	0.0	662
Ga0393496_40_4008_4376	CP000240.1:65861-66269|CDS|CYB_0052	99.729	369	1	0	1	369	40	408	0.0	662
Ga0393496_40_4008_4376	CP000240.1:2692187-2692595|CDS|CYB_2591	99.458	369	2	0	1	369	40	408	0.0	657
Ga0393496_40_4008_4376	CP000240.1:2505835-2506243|CDS|CYB_2408	99.458	369	2	0	1	369	40	408	0.0	657
Ga0393496_40_4008_4376	CP000240.1:2165635-2166043|CDS|CYB_2068	99.458	369	2	0	1	369	40	408	0.0	657
Ga0393496_40_4008_4376	CP000240.1:1839104-1839512|CDS|CYB_1755	99.458	369	2	0	1	369	40	408	0.0	657
Ga0393496_40_4008_4376	CP000240.1:1750145-1750553|CDS|CYB_1672	99.458	369	2	0	1	369	40	408	0.0	657
Ga0393496_41_101_742	CP000240.1:1753188-1754115|CDS|CYB_1677	97.352	642	17	0	1	642	286	927	0.0	1082
Ga0393496_41_101_742	CP000239.1:1476142-1477069|CDS|CYA_1468	81.464	642	119	0	1	642	286	927	2.25e-178	622
Ga0393496_41_800_1882	CP000240.1:1754172-1755243|CDS|CYB_1678	97.292	1071	29	0	13	1083	1	1071	0.0	1801
Ga0393496_41_800_1882	CP000239.1:1475004-1476111|CDS|CYA_1467	86.059	1076	150	0	1	1076	1	1076	0.0	1265
Ga0393496_41_2049_2855	CP000240.1:1755422-1756076|CDS|CYB_1679	98.930	654	7	0	154	807	1	654	0.0	1149
Ga0393496_41_2934_4304	CP000240.1:1756308-1757748|CDS|CYB_1680	96.937	1371	42	0	1	1371	70	1440	0.0	2284
Ga0393496_41_2934_4304	CP000239.1:2734802-2736242|CDS|CYA_2715	86.696	1368	173	3	1	1362	70	1434	0.0	1642
Ga0393496_42_7_942	CP000240.1:804483-805785|CDS|CYB_0780	98.932	936	10	0	1	936	367	1302	0.0	1644
Ga0393496_42_1497_1844	CP000240.1:806410-806704|CDS|CYB_0782	92.857	294	19	2	56	348	2	294	1.45e-120	429
Ga0393496_42_2566_2787	CP000240.1:809622-811788|CDS|CYB_0785	94.144	222	13	0	1	222	1945	2166	1.01e-94	343
Ga0393496_42_2566_2787	CP000239.1:275782-277948|CDS|CYA_0269	82.488	217	38	0	1	217	1945	2161	2.38e-58	221
Ga0393496_42_2932_4389	CP000240.1:807711-809478|CDS|CYB_0784	96.502	1458	51	0	1	1458	310	1767	0.0	2400
Ga0393496_42_2932_4389	CP000239.1:273999-275781|CDS|CYA_0268	88.308	1454	170	0	1	1454	310	1763	0.0	1856
Ga0393496_43_73_183	CP000240.1:1494722-1496033|CDS|CYB_1425	95.495	111	5	0	1	111	1201	1311	1.14e-45	178
Ga0393496_43_73_183	CP000239.1:1124635-1125982|CDS|CYA_1100	90.000	110	11	0	1	110	1237	1346	5.53e-37	150
Ga0393496_43_321_1817	CP000240.1:1493068-1494565|CDS|CYB_1424	98.464	1497	23	0	1	1497	1	1497	0.0	2597
Ga0393496_43_321_1817	CP000239.1:1126033-1127491|CDS|CYA_1101	77.380	1481	271	9	7	1485	31	1449	0.0	1178
Ga0393496_43_1871_3097	CP000240.1:1491836-1493015|CDS|CYB_1423	97.531	1134	28	0	1	1134	1	1134	0.0	1920
Ga0393496_43_3111_3896	CP000240.1:1490935-1491823|CDS|CYB_1422	97.710	786	18	0	1	786	103	888	0.0	1337
Ga0393496_43_3111_3896	CP000239.1:1041546-1042437|CDS|CYA_1022	82.487	748	129	2	1	747	121	867	0.0	752
Ga0393496_44_313_1320	CP000239.1:1742437-1743493|CDS|CYA_1738	98.710	1008	13	0	1	1008	49	1056	0.0	1760
Ga0393496_44_313_1320	CP000240.1:1993755-1994811|CDS|CYB_1909	98.214	1008	18	0	1	1008	49	1056	0.0	1737
Ga0393496_44_1448_2584	CP000240.1:1992539-1993676|CDS|CYB_1908	97.010	1137	34	0	1	1137	1	1137	0.0	1898
Ga0393496_44_1448_2584	CP000239.1:1743571-1744708|CDS|CYA_1739	91.821	1137	93	0	1	1137	1	1137	0.0	1632
Ga0393496_44_2899_3390	CP000240.1:1991353-1991845|CDS|CYB_1907	98.984	492	5	0	1	492	1	492	0.0	866
Ga0393496_44_2899_3390	CP000239.1:1379066-1379558|CDS|CYA_1367	81.743	482	88	0	1	482	1	482	5.58e-134	473
Ga0393496_45_3_446	CP000240.1:2437163-2437823|CDS|CYB_2330	98.198	444	8	0	1	444	217	660	0.0	765
Ga0393496_45_3_446	CP000239.1:2011734-2012391|CDS|CYA_1992	79.587	436	83	1	9	444	228	657	5.72e-108	387
Ga0393496_45_682_1413	CP000240.1:2436196-2436928|CDS|CYB_2329	99.590	732	3	0	1	732	1	732	0.0	1307
Ga0393496_45_682_1413	CP000239.1:2010770-2011592|CDS|CYA_1991	77.563	673	133	4	75	732	153	822	3.58e-151	532
Ga0393496_45_1533_2045	CP000240.1:2435564-2436077|CDS|CYB_2327	99.610	513	2	0	1	513	1	513	0.0	917
Ga0393496_45_1533_2045	CP000239.1:2010165-2010651|CDS|CYA_1989	79.303	459	93	2	1	458	1	458	1.57e-109	393
Ga0393496_45_2022_3152	CP000240.1:2434457-2435588|CDS|CYB_2328	99.116	1131	10	0	1	1131	1	1131	0.0	1995
Ga0393496_45_2022_3152	CP000239.1:2009038-2010169|CDS|CYA_1990	87.533	1131	139	2	1	1130	1	1130	0.0	1397
Ga0393496_45_3212_3583	CP000240.1:2434026-2434398|CDS|CYB_2326	94.086	372	22	0	1	372	1	372	5.75e-164	572
Ga0393496_46_20_178	CP000240.1:583590-584298|CDS|CYB_0577	100.000	159	0	0	1	159	550	708	1.35e-78	288
Ga0393496_46_20_178	CP000239.1:2242916-2243624|CDS|CYA_2228	88.608	158	18	0	2	159	551	708	1.26e-53	205
Ga0393496_46_204_893	CP000240.1:582863-583553|CDS|CYB_0576	98.975	683	7	0	8	690	8	690	0.0	1201
Ga0393496_46_204_893	CP000239.1:538609-539299|CDS|CYA_0522	87.826	690	84	0	1	690	1	690	0.0	866
Ga0393496_46_1012_1482	CP000240.1:582204-582675|CDS|CYB_0575	98.089	471	9	0	1	471	1	471	0.0	810
Ga0393496_46_1012_1482	CP000239.1:539315-539795|CDS|CYA_0523	86.200	471	65	0	1	471	10	480	5.68e-159	557
Ga0393496_46_2093_3265	CP000240.1:584582-585827|CDS|CYB_0578	98.632	1170	16	0	4	1173	76	1245	0.0	2039
Ga0393496_46_2093_3265	CP000239.1:2244161-2245424|CDS|CYA_2229	87.329	1168	142	1	4	1171	100	1261	0.0	1441
Ga0393496_47_611_895	CP000240.1:1414777-1415764|CDS|CYB_1346	98.947	285	3	0	1	285	703	987	2.25e-142	501
Ga0393496_47_611_895	CP000239.1:802084-803077|CDS|CYA_0793	83.566	286	45	2	1	285	709	993	4.97e-81	297
Ga0393496_47_958_2250	CP000240.1:1413154-1414633|CDS|CYB_1345	99.768	1293	3	0	1	1293	187	1479	0.0	2319
Ga0393496_47_958_2250	CP000239.1:803158-804700|CDS|CYA_0794	78.747	1341	232	11	1	1292	205	1541	0.0	1132
Ga0393496_47_2360_3118	CP000240.1:1412286-1413045|CDS|CYB_1344	99.473	759	4	0	1	759	1	759	0.0	1352
Ga0393496_47_2360_3118	CP000239.1:804795-805575|CDS|CYA_0795	83.420	772	106	6	1	752	1	770	0.0	809
Ga0393496_48_1612_2895	CP000240.1:2366010-2367327|CDS|CYB_2262	99.533	1284	6	0	1	1284	1	1284	0.0	2289
Ga0393496_48_1612_2895	CP000239.1:561283-562600|CDS|CYA_0547	86.817	1282	169	0	1	1282	1	1282	0.0	1551
Ga0393496_49_29_1132	CP000239.1:197546-198674|CDS|CYA_0198	89.241	1106	82	6	1	1104	58	1128	0.0	1465
Ga0393496_49_29_1132	CP000240.1:1281431-1282544|CDS|CYB_1238	77.788	1103	177	13	1	1093	61	1105	0.0	888
Ga0393496_49_1138_1689	CP000239.1:196980-197532|CDS|CYA_0197	84.877	529	80	0	10	538	1	529	2.67e-170	594
Ga0393496_49_1786_2964	CP000240.1:1279278-1280466|CDS|CYB_1236	95.924	1153	46	1	28	1179	36	1188	0.0	1865
Ga0393496_49_1786_2964	CP000239.1:195696-196884|CDS|CYA_0195	85.801	1155	164	0	25	1179	34	1188	0.0	1344
Ga0393496_49_2967_3149	CP000240.1:1277743-1279276|CDS|CYB_1235	98.907	183	2	0	1	183	1351	1533	7.62e-89	322
Ga0393496_49_2967_3149	CP000239.1:194110-195700|CDS|CYA_0196	89.441	161	17	0	1	161	1375	1535	2.84e-56	214
Ga0393496_50_40_360	CP000240.1:1429581-1430670|CDS|CYB_1358	95.950	321	13	0	1	321	769	1089	2.73e-148	521
Ga0393496_50_40_360	CP000239.1:1140937-1142029|CDS|CYA_1112	85.127	316	47	0	1	316	769	1084	1.97e-99	359
Ga0393496_50_398_1171	CP000240.1:1430707-1431481|CDS|CYB_1359	98.837	774	9	0	1	774	1	774	0.0	1356
Ga0393496_50_1248_2084	CP000240.1:1431557-1432418|CDS|CYB_1360	99.403	837	5	0	1	837	25	861	0.0	1488
Ga0393496_50_2359_2991	CP000240.1:1432668-1433301|CDS|CYB_1361	94.471	633	35	0	1	633	1	633	0.0	985
Ga0393496_50_2359_2991	CP000239.1:1142038-1142671|CDS|CYA_1113	84.992	633	95	0	1	633	1	633	0.0	714
Ga0393496_51_817_2688	CP000240.1:1300590-1302462|CDS|CYB_1251	97.703	1872	43	0	1	1872	1	1872	0.0	3183
Ga0393496_51_817_2688	CP000239.1:211883-213749|CDS|CYA_0207	84.233	1833	289	0	1	1833	1	1833	0.0	2003
Ga0393496_52_422_1756	CP000240.1:1758619-1759954|CDS|CYB_1683	98.352	1335	22	0	1	1335	1	1335	0.0	2309
Ga0393496_52_422_1756	CP000239.1:2921617-2922979|CDS|CYA_2897	87.969	1305	157	0	1	1305	1	1305	0.0	1646
Ga0393496_52_1875_2309	CP000240.1:1760071-1760506|CDS|CYB_1684	100.000	435	0	0	1	435	1	435	0.0	785
Ga0393496_52_1875_2309	CP000239.1:252521-252956|CDS|CYA_0248	88.046	435	52	0	1	435	1	435	2.22e-157	551
Ga0393496_53_282_977	CP000240.1:2662983-2663679|CDS|CYB_2558	97.557	696	17	0	1	696	1	696	0.0	1179
Ga0393496_53_282_977	CP000239.1:1400949-1401651|CDS|CYA_1395	85.942	690	97	0	1	690	1	690	0.0	808
Ga0393496_53_974_1831	CP000240.1:2663675-2664533|CDS|CYB_2559	95.688	858	37	0	1	858	1	858	0.0	1381
Ga0393496_53_974_1831	CP000239.1:1400047-1400953|CDS|CYA_1394	78.994	795	162	3	1	791	1	794	0.0	673
Ga0393496_54_2_451	CP000240.1:1216235-1216991|CDS|CYB_1179	98.889	450	5	0	1	450	307	756	0.0	790
Ga0393496_54_2_451	CP000239.1:59051-59795|CDS|CYA_0060	83.742	449	73	0	2	450	296	744	3.42e-136	481
Ga0393496_54_601_822	CP000240.1:1217124-1217346|CDS|CYB_1180	94.595	222	12	0	1	222	1	222	2.38e-96	347
Ga0393496_54_601_822	CP000239.1:58598-58820|CDS|CYA_0059	84.234	222	35	0	1	222	1	222	7.29e-65	243
Ga0393496_54_863_1690	CP000240.1:1217386-1218214|CDS|CYB_1181	98.551	828	12	0	1	828	1	828	0.0	1440
Ga0393496_54_863_1690	CP000239.1:57734-58562|CDS|CYA_0058	84.541	828	128	0	1	828	1	828	0.0	917
Ga0393496_54_1757_1960	CP000240.1:1218223-1218484|CDS|CYB_1182	100.000	204	0	0	1	204	58	261	6.62e-103	369
Ga0393496_54_1757_1960	CP000239.1:57449-57725|CDS|CYA_0056	79.798	198	40	0	6	203	63	260	2.32e-45	178
Ga0393496_54_1998_2888	CP000240.1:1218521-1222019|CDS|CYB_1183	98.765	891	11	0	1	891	2608	3498	0.0	1558
Ga0393496_54_1998_2888	CP000239.1:53978-57464|CDS|CYA_0057	82.379	891	145	2	1	891	2608	3486	0.0	902
Ga0393496_55_128_1303	CP000240.1:778411-779665|CDS|CYB_0757	97.611	1172	27	1	4	1175	1	1171	0.0	1984
Ga0393496_55_128_1303	CP000239.1:1266980-1268219|CDS|CYA_1254	88.025	1119	130	2	4	1122	1	1115	0.0	1409
Ga0393496_55_1457_1684	CP000240.1:778112-778340|CDS|CYB_0756	95.175	228	11	0	1	228	1	228	1.11e-100	362
Ga0393496_55_1681_2403	CP000240.1:777393-778116|CDS|CYB_0755	97.095	723	21	0	1	723	1	723	0.0	1210
Ga0393496_55_1681_2403	CP000239.1:816710-817436|CDS|CYA_0804	84.034	714	114	0	1	714	1	714	0.0	774
Ga0393496_56_556_786	CP000240.1:1889853-1890084|CDS|CYB_1804	100.000	231	0	0	1	231	1	231	1.67e-117	417
Ga0393496_56_556_786	CP000239.1:1610555-1610786|CDS|CYA_1601	85.590	229	33	0	1	229	1	229	2.33e-71	265
Ga0393496_56_823_1035	CP000240.1:1890120-1890333|CDS|CYB_1805	100.000	213	0	0	1	213	1	213	9.04e-108	385
Ga0393496_56_823_1035	CP000239.1:1610303-1610516|CDS|CYA_1600	80.751	213	41	0	1	213	1	213	7.44e-52	200
Ga0393496_56_1214_2173	CP000240.1:1890421-1891471|CDS|CYB_1806	97.708	960	22	0	1	960	91	1050	0.0	1633
Ga0393496_56_1214_2173	CP000239.1:1609165-1610215|CDS|CYA_1599	87.604	960	119	0	1	960	91	1050	0.0	1196
Ga0393496_57_1518_2003	CP000240.1:844278-844764|CDS|CYB_0815	100.000	486	0	0	1	486	1	486	0.0	877
Ga0393496_57_1518_2003	CP000239.1:1958287-1958773|CDS|CYA_1946	82.316	475	84	0	1	475	1	475	1.29e-135	479
Ga0393496_57_1518_2003	CP000240.1:579741-580272|CDS|CYB_0571	68.490	384	109	6	37	413	80	458	7.69e-31	132
Ga0393496_58_866_1927	CP000240.1:1648295-1649357|CDS|CYB_1575	98.964	1062	11	0	1	1062	1	1062	0.0	1866
Ga0393496_58_866_1927	CP000239.1:1460681-1461719|CDS|CYA_1456	84.438	996	149	2	70	1062	46	1038	0.0	1095
Ga0393496_59_1198_1716	CP000240.1:489532-490051|CDS|CYB_0478	96.724	519	17	0	1	519	1	519	0.0	860
Ga0393496_59_1198_1716	CP000239.1:1019841-1020354|CDS|CYA_1006	86.898	519	62	1	1	519	1	513	0.0	631
Ga0393496_60_34_792	CP000240.1:665041-666871|CDS|CYB_0651	99.868	759	1	0	1	759	1072	1830	0.0	1365
Ga0393496_60_1392_2360	CP000240.1:663341-664406|CDS|CYB_0650	98.968	969	10	0	1	969	97	1065	0.0	1703
Ga0393496_60_1392_2360	CP000239.1:1463666-1464716|CDS|CYA_1458	86.961	951	118	1	1	951	88	1032	0.0	1158
Ga0393496_61_323_1606	CP000240.1:711907-713206|CDS|CYB_0694	97.743	1285	28	1	1	1284	1	1285	0.0	2184
Ga0393496_61_323_1606	CP000239.1:2504481-2505741|CDS|CYA_2495	86.918	1246	163	0	1	1246	1	1246	0.0	1513
Ga0393496_63_604_996	CP000240.1:2766221-2766614|CDS|CYB_2680	99.746	393	1	0	1	393	1	393	0.0	705
Ga0393496_63_604_996	CP000239.1:2135003-2135384|CDS|CYA_2120	87.052	363	44	1	31	393	22	381	2.60e-124	442
Ga0393496_63_1540_2127	CP000240.1:2767422-2768010|CDS|CYB_2682	100.000	588	0	0	1	588	1	588	0.0	1061
Ga0393496_63_1540_2127	CP000239.1:2135900-2136488|CDS|CYA_2121	81.456	577	107	0	12	588	12	588	2.05e-159	559
Ga0393496_64_609_1613	CP000240.1:2302756-2303761|CDS|CYB_2194	97.711	1005	23	0	1	1005	1	1005	0.0	1709
Ga0393496_64_609_1613	CP000239.1:2694861-2695872|CDS|CYA_2679	84.842	983	149	0	1	983	1	983	0.0	1102
Ga0393496_65_335_1171	CP000240.1:709542-710385|CDS|CYB_0692	96.283	834	31	0	1	834	1	834	0.0	1365
Ga0393496_65_335_1171	CP000239.1:2507292-2508129|CDS|CYA_2497	87.919	836	101	0	1	836	1	836	0.0	1053
Ga0393496_65_1273_2130	CP000240.1:708583-709441|CDS|CYB_0691	96.963	856	26	0	1	856	1	856	0.0	1427
Ga0393496_65_1273_2130	CP000239.1:2508230-2509130|CDS|CYA_2498	89.141	792	86	0	67	858	109	900	0.0	1041
Ga0393496_66_290_2173	CP000240.1:2331654-2334060|CDS|CYB_2227	99.204	1884	15	0	1	1884	523	2406	0.0	3331
Ga0393496_66_290_2173	CP000239.1:1472451-1474845|CDS|CYA_1466	83.174	1884	311	1	1	1884	517	2394	0.0	1970
Ga0393496_68_17_1159	CP000240.1:492231-493674|CDS|CYB_0481	93.766	1139	71	0	5	1143	305	1443	0.0	1735
Ga0393496_68_17_1159	CP000239.1:1016585-1018019|CDS|CYA_1003	87.605	1073	133	0	1	1073	292	1364	0.0	1336
Ga0393496_68_1175_2200	CP000240.1:493689-495231|CDS|CYB_0482	97.368	1026	27	0	1	1026	517	1542	0.0	1729
Ga0393496_68_1175_2200	CP000239.1:1015045-1016581|CDS|CYA_1002	83.547	1015	159	3	4	1014	520	1530	0.0	1072
