Ga0374696_01_892_999	CP000239.1:2364132-2364240|CDS|CYA_2357	100.000	108	0	0	1	108	1	108	4.11e-51	196
Ga0374696_01_892_999	CP000240.1:889658-889766|CDS|CYB_0855	82.243	107	19	0	1	107	1	107	1.64e-24	108
Ga0374696_01_1493_2551	CP000239.1:2364733-2365792|CDS|CYA_2358	99.717	1059	3	0	1	1059	1	1059	0.0	1897
Ga0374696_01_1493_2551	CP000239.1:2662396-2663455|CDS|CYA_2647	99.528	1059	5	0	1	1059	1	1059	0.0	1888
Ga0374696_01_1493_2551	CP000240.1:1817799-1818858|CDS|CYB_1736	93.201	1059	72	0	1	1059	1	1059	0.0	1586
Ga0374696_01_1493_2551	CP000240.1:888122-889181|CDS|CYB_0854	93.107	1059	73	0	1	1059	1	1059	0.0	1581
Ga0374696_01_3144_3330	CP000239.1:2365934-2367356|CDS|CYA_2359	100.000	187	0	0	1	187	637	451	1.02e-93	338
Ga0374696_01_3144_3330	CP000240.1:886555-887974|CDS|CYB_0853	91.935	186	15	0	2	187	633	448	1.51e-72	269
Ga0374696_01_3372_4115	CP000239.1:2365934-2367356|CDS|CYA_2359	99.866	744	1	0	1	744	679	1422	0.0	1338
Ga0374696_01_3372_4115	CP000240.1:886555-887974|CDS|CYB_0853	92.473	744	56	0	1	744	676	1419	0.0	1090
Ga0374696_01_4247_5305	CP000239.1:2367487-2368546|CDS|CYA_2360	99.811	1059	2	0	1	1059	1	1059	0.0	1902
Ga0374696_01_4247_5305	CP000240.1:885360-886419|CDS|CYB_0852	86.969	1059	138	0	1	1059	1	1059	0.0	1288
Ga0374696_01_5367_6347	CP000239.1:2368607-2369564|CDS|CYA_2361	99.896	957	1	0	25	981	1	957	0.0	1722
Ga0374696_01_5367_6347	CP000240.1:884300-885257|CDS|CYB_0851	87.161	958	121	2	25	981	1	957	0.0	1167
Ga0374696_01_6612_7571	CP000239.1:2369786-2370812|CDS|CYA_2362	99.896	960	1	0	1	960	67	1026	0.0	1728
Ga0374696_01_6612_7571	CP000240.1:883062-884091|CDS|CYB_0850	92.083	960	76	0	1	960	70	1029	0.0	1389
Ga0374696_01_7648_9765	CP000239.1:2370849-2373006|CDS|CYA_2363	99.953	2118	1	0	1	2118	40	2157	0.0	3816
Ga0374696_01_9770_10510	CP000239.1:2373010-2373751|CDS|CYA_2364	100.000	741	0	0	1	741	1	741	0.0	1337
Ga0374696_01_9770_10510	CP000240.1:2442008-2442875|CDS|CYB_2337	66.612	605	162	12	9	577	61	661	2.01e-40	163
Ga0374696_01_10635_11522	CP000239.1:2373875-2374745|CDS|CYA_2365	99.885	870	1	0	19	888	1	870	0.0	1565
Ga0374696_01_10635_11522	CP000240.1:2445286-2446153|CDS|CYB_2339	86.427	862	117	0	19	880	1	862	0.0	1028
Ga0374696_01_11524_12531	CP000239.1:2374764-2375772|CDS|CYA_2366	99.802	1008	2	0	1	1008	1	1008	0.0	1810
Ga0374696_01_11524_12531	CP000240.1:2446157-2447159|CDS|CYB_2340	84.372	1011	146	2	1	1008	1	1002	0.0	1113
Ga0374696_01_12537_13628	CP000239.1:2375777-2376869|CDS|CYA_2367	100.000	1092	0	0	1	1092	1	1092	0.0	1970
Ga0374696_01_12537_13628	CP000240.1:2447145-2448270|CDS|CYB_2341	87.513	985	123	0	1	985	1	985	0.0	1223
Ga0374696_01_14111_15844	CP000240.1:2448478-2450206|CDS|CYB_2342	93.171	1728	112	1	1	1728	1	1722	0.0	2586
Ga0374696_01_14111_15844	CP000239.1:2377351-2379085|CDS|CYA_2368	91.696	1734	144	0	1	1734	1	1734	0.0	2479
Ga0374696_01_16108_17028	CP000240.1:2450469-2451390|CDS|CYB_2343	97.068	921	27	0	1	921	1	921	0.0	1540
Ga0374696_01_16108_17028	CP000239.1:2379497-2380418|CDS|CYA_2369	85.745	919	131	0	1	919	1	919	0.0	1067
Ga0374696_01_17107_18318	CP000240.1:2168360-2169515|CDS|CYB_2071	95.584	1155	51	0	19	1173	1	1155	0.0	1854
Ga0374696_01_17107_18318	CP000239.1:2170714-2171908|CDS|CYA_2158	94.341	1131	64	0	19	1149	1	1131	0.0	1752
Ga0374696_01_17107_18318	CP000239.1:712444-713638|CDS|CYA_0704	93.546	1131	73	0	19	1149	1	1131	0.0	1711
Ga0374696_01_17107_18318	CP000240.1:1954838-1956056|CDS|CYB_1872	92.468	1155	63	1	19	1149	1	1155	0.0	1709
Ga0374696_01_17107_18318	CP000240.1:1083184-1084426|CDS|CYB_1042	91.433	1179	53	2	19	1149	1	1179	0.0	1706
Ga0374696_01_17107_18318	CP000240.1:2796782-2798000|CDS|CYB_2707	92.428	1149	63	1	19	1143	1	1149	0.0	1698
Ga0374696_01_17107_18318	CP000240.1:2247371-2248565|CDS|CYB_2147	91.039	1194	107	0	19	1212	1	1194	0.0	1672
Ga0374696_01_17107_18318	CP000239.1:774779-775973|CDS|CYA_0767	92.356	1125	86	0	19	1143	1	1125	0.0	1642
Ga0374696_01_17107_18318	CP000240.1:2830275-2831565|CDS|CYB_2735	88.656	1243	92	3	19	1212	1	1243	0.0	1637
Ga0374696_01_17107_18318	CP000240.1:2210858-2212052|CDS|CYB_2117	92.089	1125	89	0	19	1143	1	1125	0.0	1628
Ga0374696_01_17107_18318	CP000240.1:1803089-1804283|CDS|CYB_1722	91.866	1131	92	0	19	1149	1	1131	0.0	1626
Ga0374696_01_17107_18318	CP000239.1:1594889-1596107|CDS|CYA_1585	89.080	1218	109	1	19	1212	1	1218	0.0	1615
Ga0374696_01_17107_18318	CP000240.1:2644164-2645358|CDS|CYB_2538	91.556	1125	95	0	19	1143	1	1125	0.0	1601
Ga0374696_01_17107_18318	CP000240.1:2553363-2554557|CDS|CYB_2454	91.111	1125	100	0	19	1143	1	1125	0.0	1579
Ga0374696_01_17107_18318	CP000240.1:3008652-3009870|CDS|CYB_2910	89.957	1155	92	1	19	1149	1	1155	0.0	1578
Ga0374696_01_17107_18318	CP000240.1:1190675-1191869|CDS|CYB_1151	91.208	1126	97	2	19	1143	1	1125	0.0	1578
Ga0374696_01_17107_18318	CP000239.1:629980-631174|CDS|CYA_0620	91.022	1125	101	0	19	1143	1	1125	0.0	1574
Ga0374696_01_17107_18318	CP000240.1:52430-53648|CDS|CYB_0041	89.697	1155	95	1	19	1149	1	1155	0.0	1564
Ga0374696_01_17107_18318	CP000240.1:638632-639850|CDS|CYB_0630	88.947	1149	103	1	19	1143	1	1149	0.0	1517
Ga0374696_01_17107_18318	CP000240.1:1521392-1522610|CDS|CYB_1450	88.599	1149	107	1	19	1143	1	1149	0.0	1499
Ga0374696_01_17107_18318	CP000239.1:893439-894633|CDS|CYA_0887	87.605	1194	148	0	19	1212	1	1194	0.0	1487
Ga0374696_01_17107_18318	CP000240.1:241642-242836|CDS|CYB_0233	87.699	1195	145	2	19	1212	1	1194	0.0	1486
Ga0374696_01_17107_18318	CP000240.1:102811-104029|CDS|CYB_0087	86.371	1218	142	1	19	1212	1	1218	0.0	1466
Ga0374696_01_17107_18318	CP000240.1:1064975-1066169|CDS|CYB_1023	88.800	1125	126	0	19	1143	1	1125	0.0	1462
Ga0374696_01_17107_18318	CP000240.1:1358129-1359347|CDS|CYB_1297	87.815	1149	116	1	19	1143	1	1149	0.0	1459
Ga0374696_01_17107_18318	CP000240.1:1384265-1385459|CDS|CYB_1322	86.013	1194	167	0	19	1212	1	1194	0.0	1401
Ga0374696_01_17107_18318	CP000240.1:1316312-1317548|CDS|CYB_1259	86.684	1149	129	1	19	1143	1	1149	0.0	1400
Ga0374696_01_17107_18318	CP000240.1:1015074-1016268|CDS|CYB_0979	85.762	1194	170	0	19	1212	1	1194	0.0	1388
Ga0374696_01_17107_18318	CP000240.1:345730-346924|CDS|CYB_0329	85.595	1194	172	0	19	1212	1	1194	0.0	1379
Ga0374696_01_17107_18318	CP000240.1:2661652-2662870|CDS|CYB_2557	85.988	1149	137	1	19	1143	1	1149	0.0	1364
Ga0374696_01_17107_18318	CP000240.1:481588-482800|CDS|CYB_0472	86.767	1126	147	2	19	1143	1	1125	0.0	1352
Ga0374696_01_17107_18318	CP000240.1:2619921-2621115|CDS|CYB_2521	86.501	1126	150	2	19	1143	1	1125	0.0	1339
Ga0374696_01_17107_18318	CP000240.1:2565689-2566883|CDS|CYB_2468	84.841	1194	181	0	19	1212	1	1194	0.0	1338
Ga0374696_01_17107_18318	CP000240.1:2128026-2129220|CDS|CYB_2026	84.667	1200	172	7	19	1212	1	1194	0.0	1315
Ga0374696_01_17107_18318	CP000240.1:629484-630702|CDS|CYB_0620	84.848	1155	151	1	19	1149	1	1155	0.0	1312
Ga0374696_01_17107_18318	CP000240.1:1267756-1268992|CDS|CYB_1227	84.957	1150	147	3	19	1143	1	1149	0.0	1305
Ga0374696_01_17107_18318	CP000239.1:994256-995468|CDS|CYA_0981	85.422	1125	164	0	19	1143	1	1125	0.0	1290
Ga0374696_01_17107_18318	CP000240.1:1244785-1246021|CDS|CYB_1201	84.508	1149	154	1	19	1143	1	1149	0.0	1287
Ga0374696_01_17107_18318	CP000240.1:1842322-1843549|CDS|CYB_1759	84.356	1157	153	3	19	1149	1	1155	0.0	1283
Ga0374696_01_17107_18318	CP000240.1:2933473-2934709|CDS|CYB_2835	84.462	1152	149	5	19	1143	1	1149	0.0	1276
Ga0374696_01_17107_18318	CP000239.1:698055-699204|CDS|CYA_0690	83.522	1147	165	1	19	1141	1	1147	0.0	1234
Ga0374696_01_17107_18318	CP000240.1:605550-606744|CDS|CYB_0598	83.996	1131	181	0	19	1149	1	1131	0.0	1224
Ga0374696_01_17107_18318	CP000240.1:1763450-1764623|CDS|CYB_1688	82.173	1178	198	7	19	1190	1	1172	0.0	1158
Ga0374696_01_17107_18318	CP000240.1:1917270-1918464|CDS|CYB_1826	81.417	1200	211	7	19	1212	1	1194	0.0	1139
Ga0374696_01_17107_18318	CP000239.1:693322-694534|CDS|CYA_0687	80.708	1130	208	5	19	1143	1	1125	0.0	1042
Ga0374696_01_17107_18318	CP000240.1:2219258-2220470|CDS|CYB_2126	80.442	1130	211	5	19	1143	1	1125	0.0	1029
Ga0374696_01_17107_18318	CP000240.1:2506708-2507857|CDS|CYB_2410	76.106	1130	148	6	19	1027	1	1129	0.0	904
Ga0374696_01_17107_18318	CP000239.1:88305-89487|CDS|CYA_0091	75.201	1117	251	5	24	1133	6	1103	0.0	767
Ga0374696_01_18390_18629	CP000240.1:2451441-2451693|CDS|CYB_2344	99.167	240	2	0	1	240	13	252	1.18e-119	425
Ga0374696_01_18390_18629	CP000239.1:2380458-2380698|CDS|CYA_2370	90.417	240	23	0	1	240	1	240	6.96e-91	330
Ga0374696_01_18689_18883	CP000240.1:2451752-2451947|CDS|CYB_2345	97.436	195	5	0	1	195	1	195	5.52e-91	330
Ga0374696_01_18689_18883	CP000239.1:2380762-2380957|CDS|CYA_2371	83.077	195	33	0	1	195	1	195	5.53e-53	204
Ga0374696_01_19080_21311	CP000240.1:2452059-2454375|CDS|CYB_2346	97.536	2232	55	0	1	2232	85	2316	0.0	3778
Ga0374696_01_19080_21311	CP000239.1:2381067-2383401|CDS|CYA_2372	84.896	2218	325	8	1	2212	85	2298	0.0	2463
Ga0374696_01_21606_22634	CP000239.1:2383609-2384638|CDS|CYA_2373	99.903	1029	1	0	1	1029	1	1029	0.0	1852
Ga0374696_01_21606_22634	CP000240.1:2454669-2455713|CDS|CYB_2347	84.704	1046	141	7	1	1029	1	1044	0.0	1151
Ga0374696_01_22746_23654	CP000240.1:2455813-2456710|CDS|CYB_2349	84.552	848	125	1	4	851	1	842	0.0	940
Ga0374696_01_22746_23654	CP000239.1:2384821-2385643|CDS|CYA_2375	77.436	780	162	5	73	851	1	767	8.62e-173	604
Ga0374696_01_23651_24280	CP000239.1:2385639-2386257|CDS|CYA_2374	98.036	611	12	0	1	611	1	611	0.0	1049
Ga0374696_01_23651_24280	CP000240.1:2456706-2457324|CDS|CYB_2348	84.943	611	92	0	1	611	1	611	0.0	688
Ga0374696_01_24336_25043	CP000239.1:2386312-2387020|CDS|CYA_2376	100.000	708	0	0	1	708	1	708	0.0	1278
Ga0374696_01_24336_25043	CP000240.1:2457379-2458093|CDS|CYB_2350	83.602	683	97	4	1	668	1	683	0.0	723
Ga0374696_01_25065_25433	CP000239.1:2387041-2387377|CDS|CYA_2377	100.000	336	0	0	34	369	1	336	2.77e-174	607
Ga0374696_01_25065_25433	CP000240.1:2458111-2458453|CDS|CYB_2351	82.770	296	39	2	34	317	1	296	1.26e-83	306
Ga0374696_01_25375_26532	CP000239.1:2387351-2388509|CDS|CYA_2378	100.000	1158	0	0	1	1158	1	1158	0.0	2089
Ga0374696_01_25375_26532	CP000240.1:2458546-2459590|CDS|CYB_2352	84.391	993	154	1	1	992	1	993	0.0	1089
Ga0374696_01_26733_27704	CP000239.1:2388709-2389681|CDS|CYA_2379	100.000	972	0	0	1	972	1	972	0.0	1754
Ga0374696_01_26733_27704	CP000240.1:2459785-2460754|CDS|CYB_2353	89.153	968	102	1	1	968	1	965	0.0	1271
Ga0374696_01_27831_29117	CP000239.1:2389807-2391094|CDS|CYA_2381	99.922	1287	1	0	1	1287	1	1287	0.0	2317
Ga0374696_01_27831_29117	CP000240.1:1056239-1057526|CDS|CYB_1017	85.447	1285	187	0	1	1285	1	1285	0.0	1475
Ga0374696_02_284_1141	CP000240.1:1092094-1093351|CDS|CYB_1053	74.096	830	178	6	1	825	1	798	3.46e-152	535
Ga0374696_02_284_1141	CP000240.1:1176690-1177398|CDS|CYB_1140	77.542	659	146	2	13	670	13	670	3.24e-146	515
Ga0374696_02_284_1141	CP000239.1:2051442-2052723|CDS|CYA_2034	71.236	817	203	7	13	825	13	801	2.84e-115	412
Ga0374696_02_1221_1643	CP000240.1:1092094-1093351|CDS|CYB_1053	74.939	411	76	2	13	423	874	1257	9.20e-80	293
Ga0374696_02_1740_2198	CP000240.1:69558-70017|CDS|CYB_0057	99.129	459	4	0	1	459	1	459	0.0	810
Ga0374696_02_1740_2198	CP000239.1:587312-587771|CDS|CYA_0574	84.749	459	70	0	1	459	1	459	5.91e-146	513
Ga0374696_02_2622_3257	CP000240.1:70136-71075|CDS|CYB_0058	98.899	636	7	0	1	636	304	939	0.0	1116
Ga0374696_02_2622_3257	CP000239.1:587799-588738|CDS|CYA_0575	84.554	628	91	2	1	625	304	928	0.0	692
Ga0374696_02_3350_4501	CP000240.1:71167-72319|CDS|CYB_0060	98.785	1152	14	0	1	1152	1	1152	0.0	2015
Ga0374696_02_3350_4501	CP000239.1:588837-589989|CDS|CYA_0577	90.443	1151	110	0	1	1151	1	1151	0.0	1581
Ga0374696_02_4498_5022	CP000240.1:72315-73227|CDS|CYB_0059	98.857	525	6	0	1	525	388	912	0.0	921
Ga0374696_02_4498_5022	CP000239.1:589985-590897|CDS|CYA_0576	88.740	524	59	0	1	524	388	911	0.0	680
Ga0374696_02_5467_5787	CP000240.1:73284-73605|CDS|CYB_0061	99.377	321	2	0	1	321	1	321	1.72e-163	571
Ga0374696_02_5467_5787	CP000239.1:590946-591267|CDS|CYA_0578	88.474	321	37	0	1	321	1	321	1.02e-115	413
Ga0374696_02_6384_6722	CP000240.1:74201-74573|CDS|CYB_0062	99.410	339	2	0	1	339	34	372	3.09e-173	603
Ga0374696_02_6384_6722	CP000239.1:591847-592186|CDS|CYA_0580	87.574	338	42	0	1	338	1	338	2.09e-118	421
Ga0374696_02_6798_7298	CP000240.1:74615-75209|CDS|CYB_0063	99.202	501	4	0	1	501	94	594	0.0	886
Ga0374696_02_6798_7298	CP000239.1:592231-592873|CDS|CYA_0581	83.195	482	81	0	1	482	97	578	3.36e-143	505
Ga0374696_02_7396_8634	CP000240.1:75213-77025|CDS|CYB_0064	98.386	1239	20	0	1	1239	574	1812	0.0	2145
Ga0374696_02_7396_8634	CP000239.1:592865-594677|CDS|CYA_0582	87.974	1239	149	0	1	1239	574	1812	0.0	1563
Ga0374696_02_8600_9208	CP000240.1:75213-77025|CDS|CYB_0064	97.701	609	13	1	1	609	1	608	0.0	1032
Ga0374696_02_8600_9208	CP000239.1:592865-594677|CDS|CYA_0582	89.491	609	63	1	1	609	1	608	0.0	807
Ga0374696_02_9538_10065	CP000240.1:77356-77884|CDS|CYB_0065	98.674	528	7	0	1	528	1	528	0.0	921
Ga0374696_02_9538_10065	CP000239.1:594943-595468|CDS|CYA_0583	87.984	516	62	0	13	528	10	525	0.0	652
Ga0374696_02_10216_11202	CP000240.1:78034-79021|CDS|CYB_0066	98.987	987	10	0	1	987	1	987	0.0	1736
Ga0374696_02_10216_11202	CP000239.1:595615-596602|CDS|CYA_0584	89.695	951	98	0	1	951	1	951	0.0	1274
Ga0374696_02_11255_12019	CP000240.1:79073-79838|CDS|CYB_0067	98.301	765	13	0	1	765	1	765	0.0	1322
Ga0374696_02_11255_12019	CP000239.1:596647-597418|CDS|CYA_0585	96.239	771	23	1	1	765	1	771	0.0	1261
Ga0374696_02_12068_13477	CP000240.1:79886-81374|CDS|CYB_0068	99.362	1410	9	0	1	1410	79	1488	0.0	2503
Ga0374696_02_12068_13477	CP000239.1:597477-598887|CDS|CYA_0586	97.660	1410	33	0	1	1410	1	1410	0.0	2395
Ga0374696_02_13709_13993	CP000240.1:81527-81812|CDS|CYB_0069	99.298	285	2	0	1	285	1	285	5.29e-144	506
Ga0374696_02_13709_13993	CP000239.1:599118-599403|CDS|CYA_0587	92.632	285	21	0	1	285	1	285	6.04e-118	420
Ga0374696_02_14008_14376	CP000240.1:2750791-2751199|CDS|CYB_2663	99.729	369	1	0	1	369	40	408	0.0	662
Ga0374696_02_14008_14376	CP000240.1:2182109-2182517|CDS|CYB_2086	99.729	369	1	0	1	369	40	408	0.0	662
Ga0374696_02_14008_14376	CP000240.1:1332150-1332558|CDS|CYB_1275	99.729	369	1	0	1	369	40	408	0.0	662
Ga0374696_02_14008_14376	CP000240.1:214453-214861|CDS|CYB_0203	99.729	369	1	0	1	369	40	408	0.0	662
Ga0374696_02_14008_14376	CP000240.1:210759-211167|CDS|CYB_0198	99.729	369	1	0	1	369	40	408	0.0	662
Ga0374696_02_14008_14376	CP000240.1:2692187-2692595|CDS|CYB_2591	99.458	369	2	0	1	369	40	408	0.0	657
Ga0374696_02_14008_14376	CP000240.1:2505835-2506243|CDS|CYB_2408	99.458	369	2	0	1	369	40	408	0.0	657
Ga0374696_02_14008_14376	CP000240.1:2353707-2354115|CDS|CYB_2249	99.458	369	2	0	1	369	40	408	0.0	657
Ga0374696_02_14008_14376	CP000240.1:2165635-2166043|CDS|CYB_2068	99.458	369	2	0	1	369	40	408	0.0	657
Ga0374696_02_14008_14376	CP000240.1:1639015-1639423|CDS|CYB_1566	99.458	369	2	0	1	369	40	408	0.0	657
Ga0374696_02_14008_14376	CP000240.1:1128193-1128601|CDS|CYB_1093	99.458	369	2	0	1	369	40	408	0.0	657
Ga0374696_02_14008_14376	CP000240.1:2728785-2729193|CDS|CYB_2639	99.187	369	3	0	1	369	40	408	0.0	653
Ga0374696_02_14008_14376	CP000240.1:2571340-2571748|CDS|CYB_2475	99.187	369	3	0	1	369	40	408	0.0	653
Ga0374696_02_14008_14376	CP000240.1:651866-652274|CDS|CYB_0641	99.187	369	3	0	1	369	40	408	0.0	653
Ga0374696_02_14008_14376	CP000240.1:65861-66269|CDS|CYB_0052	99.187	369	3	0	1	369	40	408	0.0	653
Ga0374696_02_14008_14376	CP000240.1:1839104-1839512|CDS|CYB_1755	98.916	369	4	0	1	369	40	408	0.0	648
Ga0374696_02_14008_14376	CP000240.1:1750145-1750553|CDS|CYB_1672	98.916	369	4	0	1	369	40	408	0.0	648
Ga0374696_02_14373_14750	CP000240.1:2750456-2750834|CDS|CYB_2662	100.000	378	0	0	1	378	1	378	0.0	682
Ga0374696_02_14373_14750	CP000240.1:2571005-2571383|CDS|CYB_2474	100.000	378	0	0	1	378	1	378	0.0	682
Ga0374696_02_14373_14750	CP000240.1:2181774-2182152|CDS|CYB_2085	100.000	378	0	0	1	378	1	378	0.0	682
Ga0374696_02_14373_14750	CP000240.1:214818-215196|CDS|CYB_0204	100.000	378	0	0	1	378	1	378	0.0	682
Ga0374696_02_14373_14750	CP000240.1:66226-66604|CDS|CYB_0053	100.000	378	0	0	1	378	1	378	0.0	682
Ga0374696_02_14373_14750	CP000240.1:2692552-2692930|CDS|CYB_2592	99.735	378	1	0	1	378	1	378	0.0	678
Ga0374696_02_14373_14750	CP000240.1:2505500-2505878|CDS|CYB_2407	99.735	378	1	0	1	378	1	378	0.0	678
Ga0374696_02_14373_14750	CP000240.1:2354072-2354450|CDS|CYB_2250	99.735	378	1	0	1	378	1	378	0.0	678
Ga0374696_02_14373_14750	CP000240.1:2165300-2165678|CDS|CYB_2067	99.735	378	1	0	1	378	1	378	0.0	678
Ga0374696_02_14373_14750	CP000240.1:1839469-1839847|CDS|CYB_1756	99.735	378	1	0	1	378	1	378	0.0	678
Ga0374696_02_14373_14750	CP000240.1:1127858-1128236|CDS|CYB_1092	99.735	378	1	0	1	378	1	378	0.0	678
Ga0374696_02_14373_14750	CP000240.1:2728450-2728828|CDS|CYB_2638	99.471	378	2	0	1	378	1	378	0.0	673
Ga0374696_02_14373_14750	CP000240.1:1750510-1750888|CDS|CYB_1673	99.471	378	2	0	1	378	1	378	0.0	673
Ga0374696_02_14373_14750	CP000240.1:1639380-1639758|CDS|CYB_1567	99.471	378	2	0	1	378	1	378	0.0	673
Ga0374696_02_14373_14750	CP000240.1:1332515-1332893|CDS|CYB_1276	99.471	378	2	0	1	378	1	378	0.0	673
Ga0374696_02_14373_14750	CP000240.1:210424-210802|CDS|CYB_0197	99.471	378	2	0	1	378	1	378	0.0	673
Ga0374696_02_14865_15449	CP000240.1:81870-82455|CDS|CYB_0070	95.726	585	25	0	1	585	1	585	0.0	943
Ga0374696_02_14865_15449	CP000239.1:599456-600041|CDS|CYA_0588	83.865	533	86	0	1	533	1	533	2.66e-164	574
Ga0374696_02_15499_16683	CP000240.1:82504-83689|CDS|CYB_0071	97.553	1185	29	0	1	1185	1	1185	0.0	2007
Ga0374696_02_15499_16683	CP000239.1:600075-601260|CDS|CYA_0589	86.757	1178	150	2	11	1185	11	1185	0.0	1418
Ga0374696_02_16793_17536	CP000240.1:83849-84548|CDS|CYB_0072	96.996	699	21	0	46	744	1	699	0.0	1167
Ga0374696_02_16793_17536	CP000239.1:601420-602164|CDS|CYA_0590	85.887	744	60	3	46	744	1	744	0.0	896
Ga0374696_02_17770_19083	CP000240.1:84795-86109|CDS|CYB_0073	97.717	1314	30	0	1	1314	1	1314	0.0	2235
Ga0374696_02_17770_19083	CP000239.1:602407-603721|CDS|CYA_0591	87.976	1314	158	0	1	1314	1	1314	0.0	1658
Ga0374696_02_19189_20058	CP000240.1:2581305-2582079|CDS|CYB_2484	96.129	775	28	2	97	870	1	774	0.0	1256
Ga0374696_02_19189_20058	CP000240.1:86287-87061|CDS|CYB_0074	94.852	777	34	2	97	870	1	774	0.0	1218
Ga0374696_02_19189_20058	CP000240.1:2424097-2424871|CDS|CYB_2313	93.282	774	52	0	97	870	1	774	0.0	1162
Ga0374696_02_19189_20058	CP000240.1:1126684-1127458|CDS|CYB_1091	90.103	778	69	4	97	870	1	774	0.0	1046
Ga0374696_02_19189_20058	CP000240.1:544792-546037|CDS|CYB_0530	81.782	752	135	2	97	847	1	751	0.0	732
Ga0374696_02_19189_20058	CP000239.1:782540-783770|CDS|CYA_0777	76.892	753	171	1	97	846	1	753	1.40e-163	572
Ga0374696_02_19189_20058	CP000239.1:1966854-1968081|CDS|CYA_1956	76.627	753	173	1	97	846	1	753	7.23e-161	563
Ga0374696_03_209_1222	CP000239.1:1285136-1286150|CDS|CYA_1270	100.000	1014	0	0	1	1014	1	1014	0.0	1829
Ga0374696_03_209_1222	CP000240.1:1134769-1135801|CDS|CYB_1099	73.152	1028	180	7	23	972	2	1011	0.0	665
Ga0374696_03_1247_1858	CP000239.1:1284500-1285112|CDS|CYA_1269	100.000	612	0	0	1	612	1	612	0.0	1104
Ga0374696_03_1247_1858	CP000240.1:337001-337604|CDS|CYB_0321	84.307	599	94	0	12	610	3	601	0.0	657
Ga0374696_03_1888_2247	CP000239.1:1284111-1284456|CDS|CYA_1267	100.000	345	0	0	16	360	1	345	3.50e-179	623
Ga0374696_03_1888_2247	CP000240.1:336590-336959|CDS|CYB_0319	88.986	345	38	0	1	345	1	345	1.31e-127	452
Ga0374696_03_2244_4433	CP000239.1:1281925-1284115|CDS|CYA_1268	99.863	2190	3	0	1	2190	1	2190	0.0	3937
Ga0374696_03_4667_5029	CP000239.1:1281329-1281692|CDS|CYA_1266	100.000	363	0	0	1	363	1	363	0.0	655
Ga0374696_03_5120_5827	CP000239.1:1280432-1281239|CDS|CYA_1265	100.000	708	0	0	1	708	100	807	0.0	1278
Ga0374696_03_5120_5827	CP000240.1:332660-333467|CDS|CYB_0317	85.734	708	101	0	1	708	100	807	0.0	822
Ga0374696_03_5923_6228	CP000239.1:1279683-1280436|CDS|CYA_1264	100.000	306	0	0	1	306	448	753	4.39e-158	553
Ga0374696_03_5923_6228	CP000240.1:331929-332664|CDS|CYB_0316	83.333	306	51	0	1	306	430	735	1.35e-88	323
Ga0374696_03_6825_7331	CP000239.1:1279027-1279534|CDS|CYA_1263	98.422	507	8	0	1	507	1	507	0.0	879
Ga0374696_03_6825_7331	CP000239.1:707668-708175|CDS|CYA_0701	88.166	507	60	0	1	507	1	507	0.0	645
Ga0374696_03_6825_7331	CP000240.1:2998620-2999127|CDS|CYB_2899	87.771	507	62	0	1	507	1	507	0.0	636
Ga0374696_03_7436_8644	CP000239.1:1277777-1278923|CDS|CYA_1262	98.953	1146	12	0	64	1209	1	1146	0.0	2013
Ga0374696_03_8732_9418	CP000239.1:706634-707576|CDS|CYA_0700	82.090	670	104	3	1	668	241	896	0.0	669
Ga0374696_03_8732_9418	CP000240.1:2999219-3000161|CDS|CYB_2900	81.724	673	107	2	1	671	241	899	0.0	665
Ga0374696_03_10290_10460	CP000239.1:1275910-1276081|CDS|CYA_1260	100.000	171	0	0	1	171	1	171	4.48e-85	309
Ga0374696_03_10576_11307	CP000239.1:1275063-1275795|CDS|CYA_1259	99.863	732	1	0	1	732	1	732	0.0	1316
Ga0374696_03_10576_11307	CP000240.1:2984790-2985522|CDS|CYB_2885	79.887	711	143	0	1	711	1	711	0.0	638
Ga0374696_03_11382_12362	CP000239.1:1273981-1274989|CDS|CYA_1258	97.961	981	20	0	1	981	28	1008	0.0	1680
Ga0374696_03_11382_12362	CP000240.1:2983696-2984704|CDS|CYB_2883	88.776	980	110	0	1	980	28	1007	0.0	1272
Ga0374696_03_12707_13597	CP000239.1:1272773-1273664|CDS|CYA_1257	100.000	891	0	0	1	891	1	891	0.0	1608
Ga0374696_03_12707_13597	CP000240.1:2982454-2983345|CDS|CYB_2882	90.460	891	85	0	1	891	1	891	0.0	1224
Ga0374696_03_13726_16323	CP000239.1:1270023-1272645|CDS|CYA_1256	97.941	2622	30	1	1	2598	1	2622	0.0	4503
Ga0374696_03_13726_16323	CP000240.1:2979665-2982314|CDS|CYB_2881	85.472	2650	332	6	1	2598	1	2649	0.0	3065
Ga0374696_03_16622_17641	CP000239.1:1268402-1269422|CDS|CYA_1255	99.902	1020	1	0	1	1020	1	1020	0.0	1836
Ga0374696_03_17822_19066	CP000239.1:1266980-1268219|CDS|CYA_1254	99.678	1242	1	1	4	1245	1	1239	0.0	2221
Ga0374696_03_17822_19066	CP000240.1:778411-779665|CDS|CYB_0757	87.835	1118	136	0	4	1121	1	1118	0.0	1404
Ga0374696_03_19111_19788	CP000239.1:1266258-1266936|CDS|CYA_1253	97.640	678	16	0	1	678	1	678	0.0	1151
Ga0374696_03_19111_19788	CP000240.1:744474-745149|CDS|CYB_0725	81.068	618	117	0	1	618	1	618	4.91e-168	588
Ga0374696_04_658_1635	CP000239.1:2329475-2330453|CDS|CYA_2326	99.591	978	4	0	1	978	1	978	0.0	1746
Ga0374696_04_658_1635	CP000240.1:1849210-1850191|CDS|CYB_1765	87.050	973	126	0	1	973	1	973	0.0	1187
Ga0374696_04_1883_5833_DR2	CP000239.1:1860048-1860273|CDS|CYA_1856	97.222	36	1	0	1	36	52	87	3.97e-11	61.7
Ga0374696_04_1883_5833_DR3	CP000239.1:1860048-1860273|CDS|CYA_1856	97.222	36	1	0	1	36	52	87	3.97e-11	61.7
Ga0374696_04_1883_5833_DR4	CP000239.1:1860048-1860273|CDS|CYA_1856	97.222	36	1	0	1	36	52	87	3.97e-11	61.7
Ga0374696_04_1883_5833_DR5	CP000239.1:1860048-1860273|CDS|CYA_1856	97.222	36	1	0	1	36	52	87	3.97e-11	61.7
Ga0374696_04_1883_5833_DR6	CP000239.1:1860048-1860273|CDS|CYA_1856	97.222	36	1	0	1	36	52	87	3.97e-11	61.7
Ga0374696_04_1883_5833_DR7	CP000239.1:1860048-1860273|CDS|CYA_1856	97.222	36	1	0	1	36	52	87	3.97e-11	61.7
Ga0374696_04_1883_5833_DR8	CP000239.1:1860048-1860273|CDS|CYA_1856	97.222	36	1	0	1	36	52	87	3.97e-11	61.7
Ga0374696_04_1883_5833_DR9	CP000239.1:1860048-1860273|CDS|CYA_1856	97.222	36	1	0	1	36	52	87	3.97e-11	61.7
Ga0374696_04_1883_5833_DR10	CP000239.1:1860048-1860273|CDS|CYA_1856	97.222	36	1	0	1	36	52	87	3.97e-11	61.7
Ga0374696_04_1883_5833_DR11	CP000239.1:1860048-1860273|CDS|CYA_1856	97.222	36	1	0	1	36	52	87	3.97e-11	61.7
Ga0374696_04_1883_5833_DR12	CP000239.1:1860048-1860273|CDS|CYA_1856	97.222	36	1	0	1	36	52	87	3.97e-11	61.7
Ga0374696_04_1883_5833_DR13	CP000239.1:1860048-1860273|CDS|CYA_1856	97.222	36	1	0	1	36	52	87	3.97e-11	61.7
Ga0374696_04_1883_5833_DR14	CP000239.1:1860048-1860273|CDS|CYA_1856	97.222	36	1	0	1	36	52	87	3.97e-11	61.7
Ga0374696_04_1883_5833_DR15	CP000239.1:1860048-1860273|CDS|CYA_1856	97.222	36	1	0	1	36	52	87	3.97e-11	61.7
Ga0374696_04_1883_5833_DR16	CP000239.1:1860048-1860273|CDS|CYA_1856	97.222	36	1	0	1	36	52	87	3.97e-11	61.7
Ga0374696_04_1883_5833_DR17	CP000239.1:1860048-1860273|CDS|CYA_1856	97.222	36	1	0	1	36	52	87	3.97e-11	61.7
Ga0374696_04_1883_5833_DR18	CP000239.1:1860048-1860273|CDS|CYA_1856	97.222	36	1	0	1	36	52	87	3.97e-11	61.7
Ga0374696_04_1883_5833_DR19	CP000239.1:1860048-1860273|CDS|CYA_1856	97.222	36	1	0	1	36	52	87	3.97e-11	61.7
Ga0374696_04_1883_5833_DR20	CP000239.1:1860048-1860273|CDS|CYA_1856	97.222	36	1	0	1	36	52	87	3.97e-11	61.7
Ga0374696_04_1883_5833_DR21	CP000239.1:1860048-1860273|CDS|CYA_1856	97.222	36	1	0	1	36	52	87	3.97e-11	61.7
Ga0374696_04_1883_5833_DR22	CP000239.1:1860048-1860273|CDS|CYA_1856	97.222	36	1	0	1	36	52	87	3.97e-11	61.7
Ga0374696_04_1883_5833_DR23	CP000239.1:1860048-1860273|CDS|CYA_1856	97.222	36	1	0	1	36	52	87	3.97e-11	61.7
Ga0374696_04_1883_5833_DR24	CP000239.1:1860048-1860273|CDS|CYA_1856	97.222	36	1	0	1	36	52	87	3.97e-11	61.7
Ga0374696_04_1883_5833_DR25	CP000239.1:1860048-1860273|CDS|CYA_1856	97.222	36	1	0	1	36	52	87	3.97e-11	61.7
Ga0374696_04_1883_5833_DR26	CP000239.1:1860048-1860273|CDS|CYA_1856	97.222	36	1	0	1	36	52	87	3.97e-11	61.7
Ga0374696_04_1883_5833_DR27	CP000239.1:1860048-1860273|CDS|CYA_1856	97.222	36	1	0	1	36	52	87	3.97e-11	61.7
Ga0374696_04_1883_5833_DR28	CP000239.1:1860048-1860273|CDS|CYA_1856	97.222	36	1	0	1	36	52	87	3.97e-11	61.7
Ga0374696_04_1883_5833_DR29	CP000239.1:1860048-1860273|CDS|CYA_1856	97.222	36	1	0	1	36	52	87	3.97e-11	61.7
Ga0374696_04_1883_5833_DR30	CP000239.1:1860048-1860273|CDS|CYA_1856	97.222	36	1	0	1	36	52	87	3.97e-11	61.7
Ga0374696_04_1883_5833_DR31	CP000239.1:1860048-1860273|CDS|CYA_1856	97.222	36	1	0	1	36	52	87	3.97e-11	61.7
Ga0374696_04_1883_5833_DR32	CP000239.1:1860048-1860273|CDS|CYA_1856	97.222	36	1	0	1	36	52	87	3.97e-11	61.7
Ga0374696_04_1883_5833_DR33	CP000239.1:1860048-1860273|CDS|CYA_1856	97.222	36	1	0	1	36	52	87	3.97e-11	61.7
Ga0374696_04_1883_5833_DR34	CP000239.1:1860048-1860273|CDS|CYA_1856	97.222	36	1	0	1	36	52	87	3.97e-11	61.7
Ga0374696_04_1883_5833_DR35	CP000239.1:1860048-1860273|CDS|CYA_1856	97.222	36	1	0	1	36	52	87	3.97e-11	61.7
Ga0374696_04_1883_5833_DR36	CP000239.1:1860048-1860273|CDS|CYA_1856	97.222	36	1	0	1	36	52	87	3.97e-11	61.7
Ga0374696_04_1883_5833_DR37	CP000239.1:1860048-1860273|CDS|CYA_1856	97.222	36	1	0	1	36	52	87	3.97e-11	61.7
Ga0374696_04_1883_5833_DR38	CP000239.1:1860048-1860273|CDS|CYA_1856	97.222	36	1	0	1	36	52	87	3.97e-11	61.7
Ga0374696_04_1883_5833_DR39	CP000239.1:1860048-1860273|CDS|CYA_1856	97.222	36	1	0	1	36	52	87	3.97e-11	61.7
Ga0374696_04_1883_5833_DR40	CP000239.1:1860048-1860273|CDS|CYA_1856	97.222	36	1	0	1	36	52	87	3.97e-11	61.7
Ga0374696_04_1883_5833_DR41	CP000239.1:1860048-1860273|CDS|CYA_1856	97.222	36	1	0	1	36	52	87	3.97e-11	61.7
Ga0374696_04_1883_5833_DR42	CP000239.1:1860048-1860273|CDS|CYA_1856	97.222	36	1	0	1	36	52	87	3.97e-11	61.7
Ga0374696_04_1883_5833_DR43	CP000239.1:1860048-1860273|CDS|CYA_1856	97.222	36	1	0	1	36	52	87	3.97e-11	61.7
Ga0374696_04_1883_5833_DR44	CP000239.1:1860048-1860273|CDS|CYA_1856	97.222	36	1	0	1	36	52	87	3.97e-11	61.7
Ga0374696_04_1883_5833_DR45	CP000239.1:1860048-1860273|CDS|CYA_1856	97.222	36	1	0	1	36	52	87	3.97e-11	61.7
Ga0374696_04_1883_5833_DR46	CP000239.1:1860048-1860273|CDS|CYA_1856	97.222	36	1	0	1	36	52	87	3.97e-11	61.7
Ga0374696_04_1883_5833_DR47	CP000239.1:1860048-1860273|CDS|CYA_1856	97.222	36	1	0	1	36	52	87	3.97e-11	61.7
Ga0374696_04_1883_5833_DR48	CP000239.1:1860048-1860273|CDS|CYA_1856	97.222	36	1	0	1	36	52	87	3.97e-11	61.7
Ga0374696_04_1883_5833_DR49	CP000239.1:1860048-1860273|CDS|CYA_1856	97.222	36	1	0	1	36	52	87	3.97e-11	61.7
Ga0374696_04_1883_5833_DR50	CP000239.1:1860048-1860273|CDS|CYA_1856	97.222	36	1	0	1	36	52	87	3.97e-11	61.7
Ga0374696_04_1883_5833_DR51	CP000239.1:1860048-1860273|CDS|CYA_1856	97.222	36	1	0	1	36	52	87	3.97e-11	61.7
Ga0374696_04_5844_6893	CP000239.1:2326911-2327961|CDS|CYA_2324	100.000	1050	0	0	1	1050	1	1050	0.0	1894
Ga0374696_04_5844_6893	CP000240.1:1850374-1851397|CDS|CYB_1766	77.756	1007	214	4	1	1002	1	1002	0.0	798
Ga0374696_04_6850_7542	CP000239.1:2326262-2326955|CDS|CYA_2325	99.856	693	1	0	1	693	1	693	0.0	1246
Ga0374696_04_6850_7542	CP000240.1:2139781-2140498|CDS|CYB_2038	83.284	682	114	0	12	693	36	717	0.0	717
Ga0374696_04_7573_8955	CP000239.1:2324912-2326232|CDS|CYA_2323	100.000	1319	0	0	65	1383	2	1320	0.0	2379
Ga0374696_04_7573_8955	CP000240.1:2138246-2139731|CDS|CYB_2037	86.907	1329	174	0	55	1383	157	1485	0.0	1613
Ga0374696_04_9091_9882	CP000239.1:2323898-2324714|CDS|CYA_2322	93.510	755	49	0	38	792	62	816	0.0	1141
Ga0374696_04_9091_9882	CP000240.1:2137432-2138263|CDS|CYB_2036	79.243	713	148	0	31	743	76	788	9.73e-178	619
Ga0374696_04_9932_10576	CP000239.1:2323267-2323912|CDS|CYA_2321	98.265	634	11	0	1	634	1	634	0.0	1095
Ga0374696_04_9932_10576	CP000240.1:2136744-2137446|CDS|CYB_2035	73.571	700	128	5	1	643	1	700	5.69e-129	458
Ga0374696_04_10579_11118	CP000239.1:2322725-2323265|CDS|CYA_2320	100.000	540	0	0	1	540	1	540	0.0	975
Ga0374696_04_11176_12051	CP000239.1:2321825-2322668|CDS|CYA_2319	99.763	843	2	0	34	876	1	843	0.0	1512
Ga0374696_04_12225_12410	CP000239.1:2320812-2321619|CDS|CYA_2318	100.000	186	0	0	1	186	622	807	3.52e-93	336
Ga0374696_04_12225_12410	CP000240.1:2135169-2135931|CDS|CYB_2033	85.484	186	27	0	1	186	577	762	2.90e-56	214
Ga0374696_04_13199_13567	CP000239.1:2320183-2320645|CDS|CYA_2317	100.000	369	0	0	1	369	94	462	0.0	666
Ga0374696_04_13199_13567	CP000240.1:2134562-2134943|CDS|CYB_2032	77.778	360	80	0	6	365	9	368	9.69e-79	289
Ga0374696_04_13955_14674	CP000239.1:2319169-2319889|CDS|CYA_2316	100.000	720	0	0	1	720	1	720	0.0	1299
Ga0374696_04_13955_14674	CP000240.1:2133373-2134093|CDS|CYB_2031	86.528	720	97	0	1	720	1	720	0.0	862
Ga0374696_04_14717_15595	CP000239.1:2318278-2319127|CDS|CYA_2315	98.465	847	13	0	33	879	3	849	0.0	1470
Ga0374696_04_14717_15595	CP000240.1:2132468-2133317|CDS|CYB_2030	88.061	846	101	0	33	878	3	848	0.0	1071
Ga0374696_04_16113_17741	CP000239.1:2315835-2317419|CDS|CYA_2313	87.985	1598	144	15	65	1629	2	1584	0.0	1993
Ga0374696_04_16113_17741	CP000240.1:2130060-2131608|CDS|CYB_2028	79.261	1543	272	15	65	1574	2	1529	0.0	1316
Ga0374696_04_17819_18256	CP000239.1:2315320-2315851|CDS|CYA_2312	99.543	438	2	0	1	438	94	531	0.0	782
Ga0374696_05_8_955	CP000239.1:1989935-1992536|CDS|CYA_1973	90.717	948	69	2	1	948	475	1403	0.0	1322
Ga0374696_05_8_955	CP000240.1:1186152-1188744|CDS|CYB_1147	86.589	947	114	1	2	948	488	1421	0.0	1144
Ga0374696_05_1567_2160	CP000239.1:1989935-1992536|CDS|CYA_1973	99.663	594	2	0	1	594	2008	2601	0.0	1063
Ga0374696_05_1567_2160	CP000240.1:1186152-1188744|CDS|CYB_1147	80.069	582	89	2	6	587	2031	2585	1.60e-154	543
Ga0374696_05_2449_2910	CP000239.1:1989185-1989647|CDS|CYA_1970	99.784	462	1	0	1	462	1	462	0.0	829
Ga0374696_05_2449_2910	CP000240.1:1189003-1189459|CDS|CYB_1150	82.955	440	72	1	1	437	1	440	4.89e-128	454
Ga0374696_05_2907_3695	CP000239.1:1988277-1989189|CDS|CYA_1971	99.873	789	1	0	1	789	124	912	0.0	1419
Ga0374696_05_2907_3695	CP000240.1:1189455-1190367|CDS|CYB_1149	83.440	779	129	0	1	779	124	902	0.0	824
Ga0374696_05_3955_5586	CP000239.1:1986509-1988141|CDS|CYA_1969	99.449	1632	9	0	1	1632	1	1632	0.0	2903
Ga0374696_05_3955_5586	CP000240.1:2413979-2415611|CDS|CYB_2304	87.791	1630	199	0	1	1630	1	1630	0.0	2043
Ga0374696_05_5664_10373	CP000239.1:1981722-1986432|CDS|CYA_1968	98.153	4710	87	0	1	4710	1	4710	0.0	8102
Ga0374696_05_5664_10373	CP000240.1:2233526-2238314|CDS|CYB_2140	83.570	4790	705	16	1	4710	1	4788	0.0	5093
Ga0374696_05_10425_11651	CP000239.1:1980444-1981671|CDS|CYA_1967	96.903	1227	38	0	1	1227	1	1227	0.0	2042
Ga0374696_05_10425_11651	CP000240.1:2238426-2239653|CDS|CYB_2141	92.991	1227	86	0	1	1227	1	1227	0.0	1826
Ga0374696_05_11812_12942	CP000239.1:1979153-1980284|CDS|CYA_1966	98.320	1131	19	0	1	1131	1	1131	0.0	1955
Ga0374696_05_11812_12942	CP000240.1:2239850-2240981|CDS|CYB_2142	88.909	1127	125	0	1	1127	1	1127	0.0	1470
Ga0374696_05_13115_15178	CP000239.1:1976914-1978981|CDS|CYA_1965	96.961	2073	48	4	1	2064	1	2067	0.0	3451
Ga0374696_05_13115_15178	CP000240.1:2241124-2243206|CDS|CYB_2143	91.787	2082	153	3	1	2064	1	2082	0.0	2987
Ga0374696_05_15606_16685	CP000239.1:1973892-1974942|CDS|CYA_1963	93.810	1050	65	0	31	1080	1	1050	0.0	1601
Ga0374696_05_15606_16685	CP000240.1:2245178-2246231|CDS|CYB_2145	87.297	1047	133	0	31	1077	1	1047	0.0	1289
Ga0374696_05_16690_17736	CP000239.1:1972841-1973888|CDS|CYA_1962	99.427	1047	6	0	1	1047	1	1047	0.0	1862
Ga0374696_05_16690_17736	CP000240.1:2246230-2247292|CDS|CYB_2146	82.742	1043	180	0	4	1046	19	1061	0.0	1070
Ga0374696_05_17739_18929	CP000239.1:1971648-1972839|CDS|CYA_1961	99.916	1191	1	0	1	1191	1	1191	0.0	2144
Ga0374696_05_17739_18929	CP000240.1:2884123-2885332|CDS|CYB_2789	79.767	1201	228	3	1	1189	1	1198	0.0	1071
Ga0374696_05_18926_19774	CP000239.1:1970740-1971652|CDS|CYA_1960	99.647	849	3	0	1	849	64	912	0.0	1518
Ga0374696_05_18926_19774	CP000240.1:2883110-2884097|CDS|CYB_2787	83.626	855	120	4	1	836	88	941	0.0	911
Ga0374696_06_8_1456	CP000239.1:2162829-2164593|CDS|CYA_2151	99.724	1449	4	0	1	1449	316	1764	0.0	2596
Ga0374696_06_8_1456	CP000240.1:2852930-2854706|CDS|CYB_2756	84.117	1467	213	4	2	1449	311	1776	0.0	1596
Ga0374696_06_1466_2449	CP000239.1:2164602-2165586|CDS|CYA_2152	99.492	984	5	0	1	984	1	984	0.0	1753
Ga0374696_06_1466_2449	CP000240.1:2851657-2852635|CDS|CYB_2755	88.946	968	107	0	1	968	1	968	0.0	1264
Ga0374696_06_2733_3137	CP000240.1:2850969-2851659|CDS|CYB_2753	96.543	405	14	0	1	405	286	690	0.0	668
Ga0374696_06_2733_3137	CP000239.1:2165820-2166285|CDS|CYA_2154	93.580	405	26	0	1	405	61	465	2.06e-176	614
Ga0374696_06_3113_3595	CP000240.1:2850511-2850994|CDS|CYB_2754	99.172	483	4	0	1	483	1	483	0.0	854
Ga0374696_06_3113_3595	CP000239.1:2166260-2166743|CDS|CYA_2153	97.930	483	10	0	1	483	1	483	0.0	827
Ga0374696_06_3599_6370	CP000240.1:2847736-2850508|CDS|CYB_2752	99.928	2772	2	0	1	2772	1	2772	0.0	4991
Ga0374696_06_3599_6370	CP000239.1:2166746-2169575|CDS|CYA_2155	99.856	2772	4	0	1	2772	58	2829	0.0	4982
Ga0374696_06_6372_8609	CP000240.1:2845497-2847735|CDS|CYB_2751	99.777	2238	5	0	1	2238	1	2238	0.0	4014
Ga0374696_06_8658_9107	CP000239.1:2173120-2173669|CDS|CYA_2160	100.000	450	0	0	1	450	100	549	0.0	812
Ga0374696_06_8658_9107	CP000240.1:2844900-2845449|CDS|CYB_2750	99.778	450	1	0	1	450	100	549	0.0	808
Ga0374696_06_9314_9697	CP000240.1:2844418-2844793|CDS|CYB_2749	100.000	375	0	0	10	384	1	375	0.0	677
Ga0374696_06_9314_9697	CP000239.1:2173776-2174151|CDS|CYA_2161	99.733	375	1	0	10	384	1	375	0.0	673
Ga0374696_06_9736_10656	CP000240.1:2843126-2844371|CDS|CYB_2748	100.000	921	0	0	1	921	325	1245	0.0	1662
Ga0374696_06_9736_10656	CP000239.1:2174198-2175443|CDS|CYA_2162	99.566	921	4	0	1	921	325	1245	0.0	1644
Ga0374696_06_11366_11845	CP000239.1:2175828-2176308|CDS|CYA_2163	94.583	480	26	0	1	480	1	480	0.0	749
Ga0374696_06_11366_11845	CP000240.1:2842240-2842738|CDS|CYB_2747	87.349	498	45	1	1	480	1	498	3.90e-180	627
Ga0374696_06_11852_12967	CP000239.1:2176314-2177547|CDS|CYA_2164	98.746	1116	14	0	1	1116	118	1233	0.0	1950
Ga0374696_06_11852_12967	CP000240.1:2840997-2842233|CDS|CYB_2746	85.662	1088	150	2	32	1116	152	1236	0.0	1256
Ga0374696_06_13139_13327	CP000239.1:2177601-2177802|CDS|CYA_2165	92.222	180	14	0	10	189	22	201	6.49e-71	262
Ga0374696_06_13139_13327	CP000240.1:2840673-2840868|CDS|CYB_2745	84.615	195	24	2	1	189	1	195	2.95e-56	214
Ga0374696_06_13392_15566	CP000240.1:2838368-2840609|CDS|CYB_2744	81.242	2255	329	17	1	2175	1	2241	0.0	2168
Ga0374696_06_13392_15566	CP000239.1:2177855-2180051|CDS|CYA_2166	73.953	2196	527	18	10	2175	16	2196	0.0	1342
Ga0374696_06_15631_15960	CP000239.1:2180121-2180589|CDS|CYA_2167	82.540	315	55	0	1	315	145	459	5.10e-88	321
Ga0374696_06_16166_17266	CP000239.1:2180636-2181737|CDS|CYA_2168	88.219	1061	125	0	41	1101	41	1101	0.0	1351
Ga0374696_06_16166_17266	CP000240.1:2836653-2837769|CDS|CYB_2743	80.864	1019	195	0	83	1101	98	1116	0.0	959
Ga0374696_06_17324_18814	CP000239.1:2181899-2185367|CDS|CYA_2169	96.475	1475	34	4	1	1475	1978	3434	0.0	2425
Ga0374696_06_17324_18814	CP000240.1:755730-759144|CDS|CYB_0734	81.966	1475	248	2	1	1475	1939	3395	0.0	1469
Ga0374696_07_18_1493	CP000240.1:1798789-1801870|CDS|CYB_1719	99.390	1476	9	0	1	1476	1606	3081	0.0	2622
Ga0374696_07_1490_2167	CP000240.1:1801932-1802544|CDS|CYB_1720	100.000	612	0	0	67	678	1	612	0.0	1104
Ga0374696_07_2200_2427	CP000240.1:1802582-1802804|CDS|CYB_1721	99.099	222	2	0	7	228	1	222	6.57e-110	392
Ga0374696_07_2687_2926	CP000240.1:1804359-1804599|CDS|CYB_1723	99.576	236	1	0	1	236	1	236	1.43e-118	422
Ga0374696_07_5787_6236	CP000240.1:1807471-1807921|CDS|CYB_1725	99.333	450	3	0	1	450	1	450	0.0	799
Ga0374696_07_6814_9525	CP000240.1:1808498-1811210|CDS|CYB_1727	99.963	2712	1	0	1	2712	1	2712	0.0	4887
Ga0374696_07_9620_10234	CP000240.1:1811304-1811919|CDS|CYB_1728	99.512	615	3	0	1	615	1	615	0.0	1096
Ga0374696_07_10429_11043	CP000240.1:1812113-1812728|CDS|CYB_1729	99.675	615	2	0	1	615	1	615	0.0	1101
Ga0374696_07_12173_13060	CP000240.1:1813906-1814779|CDS|CYB_1731	97.365	873	23	0	16	888	1	873	0.0	1471
Ga0374696_07_12173_13060	CP000239.1:2666451-2667342|CDS|CYA_2651	88.307	821	96	0	49	869	49	869	0.0	1049
Ga0374696_07_13070_13621	CP000240.1:1814788-1815340|CDS|CYB_1733	99.094	552	5	0	1	552	1	552	0.0	974
Ga0374696_07_13070_13621	CP000239.1:2665894-2666446|CDS|CYA_2649	88.225	552	65	0	1	552	1	552	0.0	703
Ga0374696_07_13618_14238	CP000240.1:1815336-1815957|CDS|CYB_1732	98.068	621	12	0	1	621	1	621	0.0	1067
Ga0374696_07_13618_14238	CP000239.1:2665280-2665898|CDS|CYA_2650	86.992	615	80	0	1	615	1	615	0.0	749
Ga0374696_07_14332_15762	CP000240.1:1816002-1817544|CDS|CYB_1734	98.952	1431	15	0	1	1431	64	1494	0.0	2514
Ga0374696_07_14332_15762	CP000239.1:2663699-2665154|CDS|CYA_2648	88.403	1371	155	2	1	1370	61	1428	0.0	1751
Ga0374696_08_628_1092	CP000240.1:409536-410001|CDS|CYB_0395	96.129	465	18	0	1	465	1	465	0.0	758
Ga0374696_08_628_1092	CP000239.1:1598578-1599034|CDS|CYA_1589	87.253	455	58	0	11	465	2	456	4.60e-160	560
Ga0374696_08_1152_1832	CP000240.1:410060-410741|CDS|CYB_0396	99.853	681	1	0	1	681	1	681	0.0	1224
Ga0374696_08_1152_1832	CP000239.1:1599101-1599743|CDS|CYA_1590	78.669	661	105	5	9	669	9	633	4.62e-162	567
Ga0374696_08_2577_3803	CP000240.1:410817-412713|CDS|CYB_0397	96.985	1227	37	0	1	1227	670	1896	0.0	2047
Ga0374696_08_2577_3803	CP000239.1:1847073-1848795|CDS|CYA_1847	92.345	1241	71	4	1	1217	469	1709	0.0	1814
Ga0374696_08_2577_3803	CP000239.1:1599798-1601667|CDS|CYA_1591	81.713	1214	197	4	1	1212	676	1866	0.0	1194
Ga0374696_08_3820_5607	CP000239.1:1845267-1847055|CDS|CYA_1846	99.049	1788	17	0	1	1788	1	1788	0.0	3149
Ga0374696_08_3820_5607	CP000240.1:412729-414517|CDS|CYB_0398	96.812	1788	57	0	1	1788	1	1788	0.0	2968
Ga0374696_08_5631_6440	CP000240.1:414554-415322|CDS|CYB_0399	98.303	766	13	0	43	808	1	766	0.0	1324
Ga0374696_08_5631_6440	CP000239.1:1844476-1845244|CDS|CYA_1845	97.389	766	20	0	43	808	1	766	0.0	1292
Ga0374696_08_6627_6857	CP000240.1:415574-415784|CDS|CYB_0401	95.714	210	9	0	22	231	1	210	1.29e-93	339
Ga0374696_08_6627_6857	CP000239.1:1844017-1844227|CDS|CYA_1844	95.238	210	10	0	22	231	1	210	1.57e-92	334
Ga0374696_08_6886_8346	CP000239.1:1842336-1843989|CDS|CYA_1843	98.905	1461	16	0	1	1461	193	1653	0.0	2563
Ga0374696_08_6886_8346	CP000240.1:415812-417465|CDS|CYB_0402	98.357	1461	24	0	1	1461	193	1653	0.0	2527
Ga0374696_08_8882_9139	CP000240.1:417807-418065|CDS|CYB_0403	98.062	258	5	0	1	258	1	258	4.75e-125	444
Ga0374696_08_8882_9139	CP000239.1:1841736-1841994|CDS|CYA_1842	95.736	258	11	0	1	258	1	258	6.60e-117	416
Ga0374696_08_9239_9565	CP000240.1:418164-418542|CDS|CYB_0404	100.000	327	0	0	1	327	52	378	1.88e-169	590
Ga0374696_08_9239_9565	CP000239.1:1841264-1841642|CDS|CYA_1841	96.330	327	12	0	1	327	52	378	3.62e-153	536
Ga0374696_08_9654_9953	CP000240.1:418570-418870|CDS|CYB_0405	98.000	300	6	0	1	300	1	300	1.08e-146	515
Ga0374696_08_9654_9953	CP000239.1:1840936-1841236|CDS|CYA_1840	97.667	300	7	0	1	300	1	300	4.59e-145	510
Ga0374696_08_9996_10361	CP000240.1:418912-419278|CDS|CYB_0406	96.448	366	13	0	1	366	1	366	1.17e-172	602
Ga0374696_08_9996_10361	CP000239.1:1840528-1840894|CDS|CYA_1839	95.628	366	16	0	1	366	1	366	7.36e-169	589
Ga0374696_08_10358_10621	CP000239.1:1840268-1840532|CDS|CYA_1838	96.212	264	10	0	1	264	1	264	8.80e-122	432
Ga0374696_08_10358_10621	CP000240.1:419274-419538|CDS|CYB_0407	95.076	264	13	0	1	264	1	264	1.94e-117	418
Ga0374696_08_10682_11137	CP000239.1:1839746-1840202|CDS|CYA_1837	95.395	456	21	0	1	456	1	456	0.0	728
Ga0374696_08_10682_11137	CP000240.1:419604-420060|CDS|CYB_0408	94.737	456	24	0	1	456	1	456	0.0	715
Ga0374696_08_11140_11559	CP000240.1:420062-420482|CDS|CYB_0409	100.000	420	0	0	1	420	1	420	0.0	758
Ga0374696_08_11140_11559	CP000239.1:1839324-1839744|CDS|CYA_1836	100.000	420	0	0	1	420	1	420	0.0	758
Ga0374696_08_11641_12978	CP000240.1:420563-421901|CDS|CYB_0410	98.580	1338	19	0	1	1338	1	1338	0.0	2328
Ga0374696_08_11641_12978	CP000239.1:1837912-1839250|CDS|CYA_1835	98.505	1338	20	0	1	1338	1	1338	0.0	2324
Ga0374696_09_494_736	CP000239.1:873813-874056|CDS|CYA_0868	100.000	243	0	0	1	243	1	243	5.41e-124	439
Ga0374696_09_494_736	CP000240.1:2936605-2936848|CDS|CYB_2838	87.243	243	31	0	1	243	1	243	1.19e-81	299
Ga0374696_09_925_1878	CP000239.1:874177-875191|CDS|CYA_0869	99.266	954	7	0	1	954	61	1014	0.0	1690
Ga0374696_09_925_1878	CP000240.1:2935445-2936459|CDS|CYB_2837	86.512	949	128	0	1	949	61	1009	0.0	1135
Ga0374696_09_1988_2605	CP000239.1:875222-875918|CDS|CYA_0870	98.867	618	7	0	1	618	79	696	0.0	1084
Ga0374696_09_1988_2605	CP000240.1:2934710-2935394|CDS|CYB_2836	80.541	591	113	2	1	590	67	656	5.81e-154	541
Ga0374696_09_2699_4177	CP000239.1:875991-877470|CDS|CYA_0872	99.459	1479	8	0	1	1479	1	1479	0.0	2632
Ga0374696_09_2699_4177	CP000240.1:2949661-2951179|CDS|CYB_2853	78.164	1525	267	10	2	1478	11	1517	0.0	1264
Ga0374696_09_4174_5070	CP000239.1:877466-878363|CDS|CYA_0871	98.439	897	14	0	1	897	1	897	0.0	1555
Ga0374696_09_4174_5070	CP000240.1:592182-593079|CDS|CYB_0585	84.581	895	138	0	1	895	1	895	0.0	993
Ga0374696_09_5124_5840	CP000239.1:878416-879133|CDS|CYA_0873	98.605	717	10	0	1	717	1	717	0.0	1249
Ga0374696_09_5124_5840	CP000240.1:593128-593842|CDS|CYB_0586	82.830	728	100	10	1	717	1	714	0.0	728
Ga0374696_09_5851_6879	CP000239.1:879143-880196|CDS|CYA_0874	95.627	1029	45	0	1	1029	25	1053	0.0	1654
Ga0374696_09_5851_6879	CP000240.1:593852-594932|CDS|CYB_0587	90.527	1024	95	2	7	1029	58	1080	0.0	1403
Ga0374696_09_6900_7376	CP000239.1:880192-880651|CDS|CYA_0875	88.260	477	38	1	1	477	1	459	5.75e-178	620
Ga0374696_09_6900_7376	CP000240.1:594934-595387|CDS|CYB_0588	79.318	469	79	1	1	469	1	451	2.99e-118	421
Ga0374696_09_7373_8347	CP000239.1:880647-881622|CDS|CYA_0876	97.949	975	20	0	1	975	1	975	0.0	1669
Ga0374696_09_7373_8347	CP000240.1:595383-596364|CDS|CYB_0589	87.666	981	115	1	1	975	1	981	0.0	1225
Ga0374696_09_8402_9244	CP000239.1:881676-882519|CDS|CYA_0877	97.272	843	23	0	1	843	1	843	0.0	1417
Ga0374696_09_8402_9244	CP000240.1:596530-597382|CDS|CYB_0590	89.437	852	81	1	1	843	1	852	0.0	1135
Ga0374696_09_9264_9911	CP000240.1:597401-598049|CDS|CYB_0591	99.691	648	2	0	1	648	1	648	0.0	1160
Ga0374696_09_9915_10361	CP000240.1:598052-598493|CDS|CYB_0592	92.617	447	27	1	1	447	1	441	0.0	659
Ga0374696_09_9915_10361	CP000239.1:882667-883114|CDS|CYA_0879	92.152	446	35	0	1	446	1	446	0.0	647
Ga0374696_09_10358_11581	CP000239.1:883110-884334|CDS|CYA_0880	99.265	1224	9	0	1	1224	1	1224	0.0	2168
Ga0374696_09_10358_11581	CP000240.1:598489-599722|CDS|CYB_0593	86.212	1233	161	1	1	1224	1	1233	0.0	1462
Ga0374696_09_11581_12294	CP000239.1:884333-885047|CDS|CYA_0881	99.720	714	2	0	1	714	1	714	0.0	1279
Ga0374696_09_11581_12294	CP000240.1:599721-600444|CDS|CYB_0594	85.477	723	96	1	1	714	1	723	0.0	835
Ga0374696_09_12294_12962	CP000239.1:885046-887242|CDS|CYA_0882	99.701	669	2	0	1	669	1528	2196	0.0	1198
Ga0374696_09_12294_12962	CP000240.1:600443-602654|CDS|CYB_0595	84.218	678	95	4	1	669	1537	2211	0.0	734
Ga0374696_10_1506_1790	CP000240.1:1635816-1636182|CDS|CYB_1561	98.556	277	4	0	8	284	89	365	6.03e-137	482
Ga0374696_10_1877_2728	CP000240.1:1634809-1635796|CDS|CYB_1560	95.892	852	35	0	1	852	136	987	0.0	1379
Ga0374696_10_1877_2728	CP000239.1:1878065-1879004|CDS|CYA_1875	85.630	849	122	0	1	849	76	924	0.0	982
Ga0374696_10_2893_4296	CP000239.1:1879000-1880533|CDS|CYA_1876	95.269	1374	65	0	1	1374	76	1449	0.0	2186
Ga0374696_10_2893_4296	CP000240.1:1633311-1634748|CDS|CYB_1559	88.114	1405	165	2	1	1404	34	1437	0.0	1774
Ga0374696_10_4897_5781	CP000239.1:1880797-1881943|CDS|CYA_1877	99.887	885	1	0	1	885	262	1146	0.0	1592
Ga0374696_10_4897_5781	CP000240.1:1631826-1632849|CDS|CYB_1558	85.520	884	124	2	4	885	142	1023	0.0	1012
Ga0374696_10_5791_6975	CP000239.1:1881952-1883137|CDS|CYA_1878	99.241	1185	9	0	1	1185	1	1185	0.0	2097
Ga0374696_10_5791_6975	CP000240.1:1630632-1631817|CDS|CYB_1557	89.358	1184	126	0	1	1184	1	1184	0.0	1568
Ga0374696_10_7154_7891	CP000239.1:1883315-1884053|CDS|CYA_1880	100.000	738	0	0	1	738	1	738	0.0	1332
Ga0374696_10_7154_7891	CP000240.1:1629669-1630407|CDS|CYB_1555	87.381	737	93	0	1	737	1	737	0.0	911
Ga0374696_10_7888_8856	CP000239.1:1884049-1885003|CDS|CYA_1879	99.895	954	1	0	16	969	1	954	0.0	1717
Ga0374696_10_7888_8856	CP000240.1:1628713-1629673|CDS|CYB_1556	89.809	942	96	0	16	957	1	942	0.0	1267
Ga0374696_10_8907_11291	CP000239.1:1885068-1887720|CDS|CYA_1881	99.623	2385	9	0	1	2385	268	2652	0.0	4261
Ga0374696_10_8907_11291	CP000240.1:1598111-1600766|CDS|CYB_1521	84.217	2376	363	2	1	2364	268	2643	0.0	2597
Ga0374696_11_438_1010	CP000239.1:1326863-1329119|CDS|CYA_1316	100.000	525	0	0	1	525	1	525	0.0	948
Ga0374696_11_438_1010	CP000240.1:948731-951008|CDS|CYB_0912	84.952	525	79	0	1	525	1	525	3.38e-169	591
Ga0374696_11_1456_1656	CP000239.1:1329549-1329765|CDS|CYA_1317	100.000	201	0	0	1	201	16	216	2.77e-101	363
Ga0374696_11_1456_1656	CP000240.1:945216-945417|CDS|CYB_0910	89.055	201	22	0	1	201	1	201	1.99e-71	264
Ga0374696_11_1733_2575	CP000239.1:1329841-1330684|CDS|CYA_1318	99.881	843	1	0	1	843	1	843	0.0	1517
Ga0374696_11_1733_2575	CP000240.1:944224-945076|CDS|CYB_0909	82.446	826	145	0	18	843	27	852	0.0	837
Ga0374696_11_2636_6532	CP000239.1:1330744-1334707|CDS|CYA_1319	99.230	3897	30	0	1	3897	67	3963	0.0	6893
Ga0374696_11_2636_6532	CP000240.1:940184-944147|CDS|CYB_0908	91.712	3897	323	0	1	3897	67	3963	0.0	5572
Ga0374696_12_21_593_DR2	CP000239.1:1860048-1860273|CDS|CYA_1856	97.222	36	1	0	1	36	52	87	3.97e-11	61.7
Ga0374696_12_21_593_DR3	CP000239.1:1860048-1860273|CDS|CYA_1856	97.222	36	1	0	1	36	52	87	3.97e-11	61.7
Ga0374696_12_21_593_DR4	CP000239.1:1860048-1860273|CDS|CYA_1856	97.222	36	1	0	1	36	52	87	3.97e-11	61.7
Ga0374696_12_21_593_DR5	CP000239.1:1860048-1860273|CDS|CYA_1856	97.222	36	1	0	1	36	52	87	3.97e-11	61.7
Ga0374696_12_21_593_DR6	CP000239.1:1860048-1860273|CDS|CYA_1856	100.000	36	0	0	1	36	52	87	9.34e-13	66.2
Ga0374696_12_21_593_DR7	CP000239.1:1860048-1860273|CDS|CYA_1856	97.222	36	1	0	1	36	52	87	3.97e-11	61.7
Ga0374696_12_21_593_DR8	CP000239.1:1860048-1860273|CDS|CYA_1856	100.000	36	0	0	1	36	52	87	9.34e-13	66.2
Ga0374696_12_603_731	CP000239.1:1860048-1860273|CDS|CYA_1856	98.450	129	2	0	1	129	97	225	1.05e-59	224
Ga0374696_12_728_1621	CP000239.1:1860269-1861091|CDS|CYA_1855	99.635	822	3	0	73	894	1	822	0.0	1470
Ga0374696_12_1786_3342	CP000239.1:1861250-1862810|CDS|CYA_1857	94.050	1563	84	3	1	1557	1	1560	0.0	2395
Ga0374696_12_1786_3342	CP000240.1:1359647-1361204|CDS|CYB_1298	83.356	1490	248	0	61	1550	61	1550	0.0	1570
Ga0374696_12_3482_4429	CP000239.1:1862897-1863845|CDS|CYA_1858	99.262	948	7	0	1	948	1	948	0.0	1679
Ga0374696_12_3482_4429	CP000240.1:1362409-1363360|CDS|CYB_1299	85.746	898	128	0	45	942	48	945	0.0	1043
Ga0374696_12_4423_5547	CP000239.1:1863838-1864972|CDS|CYA_1859	96.889	1125	35	0	1	1125	10	1134	0.0	1872
Ga0374696_12_4423_5547	CP000240.1:1363353-1364508|CDS|CYB_1301	83.571	1120	176	3	13	1125	37	1155	0.0	1185
Ga0374696_12_5624_6490	CP000239.1:1865039-1865843|CDS|CYA_1860	99.876	804	1	0	64	867	1	804	0.0	1446
Ga0374696_12_5624_6490	CP000240.1:1364732-1365587|CDS|CYB_1302	80.706	793	153	0	29	821	14	806	0.0	741
Ga0374696_12_6668_7189	CP000239.1:1866056-1866605|CDS|CYA_1862	100.000	522	0	0	1	522	28	549	0.0	942
Ga0374696_12_6668_7189	CP000240.1:2995099-2995648|CDS|CYB_2897	87.332	521	66	0	1	521	28	548	0.0	643
Ga0374696_12_6668_7189	CP000239.1:711146-711695|CDS|CYA_0703	86.873	518	68	0	1	518	28	545	1.22e-180	628
Ga0374696_12_7402_9996	CP000239.1:1866700-1869412|CDS|CYA_1863	98.343	2595	43	0	1	2595	118	2712	0.0	4487
Ga0374696_12_7402_9996	CP000240.1:2995884-2998611|CDS|CYB_2898	84.292	2591	401	1	1	2585	118	2708	0.0	2839
Ga0374696_12_7402_9996	CP000239.1:708184-710911|CDS|CYA_0702	84.253	2591	402	1	1	2585	118	2708	0.0	2835
Ga0374696_13_684_1820	CP000239.1:515749-516856|CDS|CYA_0500	100.000	1107	0	0	31	1137	1	1107	0.0	1997
Ga0374696_13_684_1820	CP000240.1:566646-567753|CDS|CYB_0556	87.353	1107	140	0	31	1137	1	1107	0.0	1366
Ga0374696_13_2710_3066	CP000239.1:455920-457171|CDS|CYA_0436	89.869	306	19	1	1	294	772	1077	7.67e-118	419
Ga0374696_13_3139_4779	CP000239.1:518174-519785|CDS|CYA_0502	99.814	1611	3	0	31	1641	1	1611	0.0	2892
Ga0374696_13_3139_4779	CP000240.1:169410-171030|CDS|CYB_0155	85.108	1578	235	0	31	1608	1	1578	0.0	1787
Ga0374696_13_5045_5713	CP000239.1:520080-520668|CDS|CYA_0503	100.000	588	0	0	82	669	1	588	0.0	1061
Ga0374696_13_5045_5713	CP000240.1:171357-171999|CDS|CYB_0156	79.115	565	109	1	104	659	68	632	2.86e-139	491
Ga0374696_13_5673_6491	CP000239.1:520708-521404|CDS|CYA_0504	99.713	696	2	0	124	819	1	696	0.0	1247
Ga0374696_13_5673_6491	CP000240.1:172006-172630|CDS|CYB_0157	88.122	623	65	1	197	819	11	624	0.0	794
Ga0374696_13_6629_8641	CP000239.1:521664-523812|CDS|CYA_0505	99.901	2013	2	0	1	2013	136	2148	0.0	3622
Ga0374696_13_6629_8641	CP000240.1:180950-183122|CDS|CYB_0169	82.959	2001	288	7	1	1997	199	2150	0.0	2088
Ga0374696_13_9181_9738	CP000239.1:524216-524708|CDS|CYA_0506	99.797	492	1	0	67	558	1	492	0.0	884
Ga0374696_13_9862_10395	CP000239.1:524897-525431|CDS|CYA_0507	100.000	534	0	0	1	534	1	534	0.0	964
Ga0374696_13_9862_10395	CP000240.1:184302-184857|CDS|CYB_0171	81.121	535	86	1	2	521	8	542	1.63e-147	519
Ga0374696_14_1638_2789	CP000239.1:887771-888923|CDS|CYA_0883	96.267	1152	43	0	1	1152	1	1152	0.0	1884
Ga0374696_14_1638_2789	CP000240.1:603174-604356|CDS|CYB_0596	91.396	1139	98	0	14	1152	44	1182	0.0	1613
Ga0374696_14_4581_5987	CP000240.1:606715-608173|CDS|CYB_0597	78.495	1409	267	5	1	1376	1	1406	0.0	1186
Ga0374696_14_6117_7022	CP000239.1:896417-897338|CDS|CYA_0890	85.714	910	104	3	1	885	1	909	0.0	1066
Ga0374696_14_6117_7022	CP000240.1:608338-609307|CDS|CYB_0599	78.922	835	150	3	79	888	127	960	0.0	723
Ga0374696_14_7060_7896	CP000239.1:897553-898417|CDS|CYA_0891	92.966	853	36	1	1	829	1	853	0.0	1286
Ga0374696_14_7060_7896	CP000240.1:610277-611165|CDS|CYB_0601	82.440	877	106	1	1	829	1	877	0.0	927
Ga0374696_14_7060_7896	CP000239.1:625839-626682|CDS|CYA_0616	70.827	641	179	5	119	755	131	767	4.40e-81	298
Ga0374696_14_7060_7896	CP000240.1:48230-49073|CDS|CYB_0038	70.515	641	181	5	119	755	131	767	2.28e-78	289
Ga0374696_14_7959_9956	CP000240.1:611236-613234|CDS|CYB_0602	96.897	1998	62	0	1	1998	1	1998	0.0	3324
Ga0374696_14_7959_9956	CP000239.1:898479-900489|CDS|CYA_0892	91.692	2010	155	1	1	1998	1	2010	0.0	2879
Ga0374696_15_473_1201	CP000240.1:1348754-1349453|CDS|CYB_1292	84.694	686	105	0	28	713	1	686	0.0	765
Ga0374696_15_473_1201	CP000239.1:1032527-1033253|CDS|CYA_1013	83.380	716	113	2	1	713	1	713	0.0	752
Ga0374696_15_1662_3800	CP000240.1:1345864-1348027|CDS|CYB_1290	97.754	2137	48	0	1	2137	1	2137	0.0	3638
Ga0374696_15_3880_5091	CP000240.1:1803089-1804283|CDS|CYB_1722	95.394	1194	55	0	19	1212	1	1194	0.0	1906
Ga0374696_15_3880_5091	CP000240.1:2644164-2645358|CDS|CYB_2538	94.724	1194	63	0	19	1212	1	1194	0.0	1870
Ga0374696_15_3880_5091	CP000240.1:3008652-3009870|CDS|CYB_2910	92.775	1218	64	1	19	1212	1	1218	0.0	1818
Ga0374696_15_3880_5091	CP000240.1:1358129-1359347|CDS|CYB_1297	92.529	1218	67	1	19	1212	1	1218	0.0	1804
Ga0374696_15_3880_5091	CP000239.1:2170714-2171908|CDS|CYA_2158	92.965	1194	84	0	19	1212	1	1194	0.0	1775
Ga0374696_15_3880_5091	CP000240.1:52430-53648|CDS|CYB_0041	91.872	1218	75	1	19	1212	1	1218	0.0	1768
Ga0374696_15_3880_5091	CP000240.1:1521392-1522610|CDS|CYB_1450	91.461	1218	80	1	19	1212	1	1218	0.0	1746
Ga0374696_15_3880_5091	CP000240.1:1083184-1084426|CDS|CYB_1042	90.499	1242	70	2	19	1212	1	1242	0.0	1743
Ga0374696_15_3880_5091	CP000240.1:1954838-1956056|CDS|CYB_1872	91.379	1218	81	1	19	1212	1	1218	0.0	1741
Ga0374696_15_3880_5091	CP000240.1:638632-639850|CDS|CYB_0630	91.297	1218	82	1	19	1212	1	1218	0.0	1737
Ga0374696_15_3880_5091	CP000239.1:774779-775973|CDS|CYA_0767	91.876	1194	97	0	19	1212	1	1194	0.0	1717
Ga0374696_15_3880_5091	CP000240.1:2796782-2798000|CDS|CYB_2707	90.640	1218	90	1	19	1212	1	1218	0.0	1700
Ga0374696_15_3880_5091	CP000240.1:1190675-1191869|CDS|CYB_1151	91.632	1195	98	2	19	1212	1	1194	0.0	1698
Ga0374696_15_3880_5091	CP000240.1:2830275-2831565|CDS|CYB_2735	89.274	1240	68	3	19	1210	1	1223	0.0	1682
Ga0374696_15_3880_5091	CP000240.1:2168360-2169515|CDS|CYB_2071	92.396	1131	86	0	19	1149	1	1131	0.0	1653
Ga0374696_15_3880_5091	CP000240.1:1064975-1066169|CDS|CYB_1023	90.536	1194	113	0	19	1212	1	1194	0.0	1645
Ga0374696_15_3880_5091	CP000239.1:712444-713638|CDS|CYA_0704	90.201	1194	117	0	19	1212	1	1194	0.0	1627
Ga0374696_15_3880_5091	CP000240.1:2553363-2554557|CDS|CYB_2454	89.447	1194	126	0	19	1212	1	1194	0.0	1586
Ga0374696_15_3880_5091	CP000240.1:481588-482800|CDS|CYB_0472	88.935	1193	130	2	19	1210	1	1192	0.0	1550
Ga0374696_15_3880_5091	CP000240.1:2210858-2212052|CDS|CYB_2117	88.610	1194	136	0	19	1212	1	1194	0.0	1541
Ga0374696_15_3880_5091	CP000239.1:629980-631174|CDS|CYA_0620	88.275	1194	140	0	19	1212	1	1194	0.0	1523
Ga0374696_15_3880_5091	CP000240.1:2619921-2621115|CDS|CYB_2521	87.866	1195	143	2	19	1212	1	1194	0.0	1495
Ga0374696_15_3880_5091	CP000240.1:102811-104029|CDS|CYB_0087	87.792	1155	117	1	19	1149	1	1155	0.0	1465
Ga0374696_15_3880_5091	CP000240.1:2247371-2248565|CDS|CYB_2147	88.594	1131	129	0	19	1149	1	1131	0.0	1459
Ga0374696_15_3880_5091	CP000240.1:1267756-1268992|CDS|CYB_1227	86.113	1217	143	3	19	1210	1	1216	0.0	1443
Ga0374696_15_3880_5091	CP000240.1:1316312-1317548|CDS|CYB_1259	85.855	1216	148	1	19	1210	1	1216	0.0	1435
Ga0374696_15_3880_5091	CP000239.1:1594889-1596107|CDS|CYA_1585	87.356	1131	143	0	19	1149	1	1131	0.0	1396
Ga0374696_15_3880_5091	CP000240.1:2661652-2662870|CDS|CYB_2557	85.057	1218	158	1	19	1212	1	1218	0.0	1394
Ga0374696_15_3880_5091	CP000240.1:1244785-1246021|CDS|CYB_1201	85.033	1216	158	1	19	1210	1	1216	0.0	1390
Ga0374696_15_3880_5091	CP000240.1:2933473-2934709|CDS|CYB_2835	84.906	1219	154	5	19	1210	1	1216	0.0	1374
Ga0374696_15_3880_5091	CP000240.1:629484-630702|CDS|CYB_0620	84.072	1218	170	1	19	1212	1	1218	0.0	1340
Ga0374696_15_3880_5091	CP000239.1:994256-995468|CDS|CYA_0981	84.899	1192	180	0	19	1210	1	1192	0.0	1339
Ga0374696_15_3880_5091	CP000240.1:605550-606744|CDS|CYB_0598	84.841	1194	181	0	19	1212	1	1194	0.0	1338
Ga0374696_15_3880_5091	CP000240.1:1015074-1016268|CDS|CYB_0979	85.234	1131	167	0	19	1149	1	1131	0.0	1287
Ga0374696_15_3880_5091	CP000239.1:893439-894633|CDS|CYA_0887	85.370	1121	164	0	19	1139	1	1121	0.0	1283
Ga0374696_15_3880_5091	CP000240.1:241642-242836|CDS|CYB_0233	85.247	1132	165	2	19	1149	1	1131	0.0	1282
Ga0374696_15_3880_5091	CP000239.1:698055-699204|CDS|CYA_0690	84.119	1146	158	1	19	1140	1	1146	0.0	1264
Ga0374696_15_3880_5091	CP000240.1:1842322-1843549|CDS|CYB_1759	82.753	1206	180	3	19	1198	1	1204	0.0	1250
Ga0374696_15_3880_5091	CP000240.1:1384265-1385459|CDS|CYB_1322	83.820	1131	183	0	19	1149	1	1131	0.0	1215
Ga0374696_15_3880_5091	CP000240.1:345730-346924|CDS|CYB_0329	83.466	1131	187	0	19	1149	1	1131	0.0	1197
Ga0374696_15_3880_5091	CP000240.1:2565689-2566883|CDS|CYB_2468	83.112	1131	191	0	19	1149	1	1131	0.0	1179
Ga0374696_15_3880_5091	CP000240.1:2128026-2129220|CDS|CYB_2026	83.172	1135	183	7	19	1149	1	1131	0.0	1162
Ga0374696_15_3880_5091	CP000239.1:693322-694534|CDS|CYA_0687	80.167	1195	231	5	19	1210	1	1192	0.0	1070
Ga0374696_15_3880_5091	CP000240.1:2219258-2220470|CDS|CYB_2126	80.000	1195	233	5	19	1210	1	1192	0.0	1061
Ga0374696_15_3880_5091	CP000240.1:1763450-1764623|CDS|CYB_1688	79.648	1135	223	7	19	1149	1	1131	0.0	982
Ga0374696_15_3880_5091	CP000240.1:1917270-1918464|CDS|CYB_1826	78.855	1135	232	7	19	1149	1	1131	0.0	941
Ga0374696_15_3880_5091	CP000240.1:2506708-2507857|CDS|CYB_2410	75.465	1129	157	5	19	1027	1	1129	0.0	874
Ga0374696_15_3880_5091	CP000239.1:88305-89487|CDS|CYA_0091	75.022	1117	253	5	24	1133	6	1103	0.0	758
Ga0374696_15_5088_6182	CP000239.1:1034022-1035054|CDS|CYA_1015	93.333	1020	68	0	1	1020	1	1020	0.0	1534
Ga0374696_15_5088_6182	CP000240.1:1344743-1345835|CDS|CYB_1289	90.083	1079	106	1	1	1078	1	1079	0.0	1461
Ga0374696_15_6198_6716	CP000239.1:1035069-1035588|CDS|CYA_1016	95.954	519	21	0	1	519	1	519	0.0	842
Ga0374696_15_6198_6716	CP000240.1:1343930-1344449|CDS|CYB_1288	86.127	519	72	0	1	519	1	519	9.33e-176	612
Ga0374696_15_7476_8495	CP000239.1:1036397-1037417|CDS|CYA_1019	99.020	1020	10	0	1	1020	1	1020	0.0	1795
Ga0374696_15_8518_9213	CP000239.1:1037439-1038135|CDS|CYA_1020	98.132	696	13	0	1	696	1	696	0.0	1197
Ga0374696_16_736_1275	CP000239.1:2146708-2147455|CDS|CYA_2132	91.296	540	47	0	1	540	208	747	0.0	763
Ga0374696_16_736_1275	CP000240.1:1008789-1009407|CDS|CYB_0973	84.074	540	86	0	1	540	79	618	3.87e-168	587
Ga0374696_16_1464_1970	CP000239.1:2145878-2146520|CDS|CYA_2131	99.606	507	2	0	1	507	136	642	0.0	906
Ga0374696_16_1464_1970	CP000240.1:1008125-1008764|CDS|CYB_0972	78.469	418	83	2	1	413	118	533	2.01e-95	346
Ga0374696_16_2151_2684	CP000239.1:2145308-2145833|CDS|CYA_2130	100.000	525	0	0	10	534	1	525	0.0	948
Ga0374696_16_2151_2684	CP000240.1:1007583-1008108|CDS|CYB_0971	87.843	510	62	0	10	519	1	510	0.0	641
Ga0374696_16_2793_3854	CP000239.1:2144129-2145191|CDS|CYA_2128	99.906	1062	1	0	1	1062	1	1062	0.0	1911
Ga0374696_16_2793_3854	CP000240.1:2775855-2776917|CDS|CYB_2690	79.415	1025	211	0	1	1025	1	1025	0.0	898
Ga0374696_16_4016_6616	CP000239.1:2141367-2143968|CDS|CYA_2127	99.346	2601	17	0	1	2601	1	2601	0.0	4615
Ga0374696_16_4016_6616	CP000240.1:2772842-2775443|CDS|CYB_2688	89.334	2597	277	0	1	2597	1	2597	0.0	3435
Ga0374696_16_6806_8185	CP000239.1:2139798-2141178|CDS|CYA_2126	97.319	1380	37	0	1	1380	1	1380	0.0	2323
Ga0374696_16_6806_8185	CP000240.1:2771312-2772692|CDS|CYB_2687	86.884	1380	181	0	1	1380	1	1380	0.0	1673
Ga0374696_16_8304_8804	CP000239.1:2139179-2139680|CDS|CYA_2125	100.000	501	0	0	1	501	1	501	0.0	904
Ga0374696_16_8304_8804	CP000240.1:2770701-2771202|CDS|CYB_2686	89.379	499	53	0	1	499	1	499	0.0	662
Ga0374696_17_988_1182	CP000239.1:2740042-2740447|CDS|CYA_2722	88.205	195	23	0	1	195	211	405	1.48e-66	249
Ga0374696_17_988_1182	CP000239.1:2026942-2027347|CDS|CYA_2010	88.205	195	23	0	1	195	211	405	1.48e-66	249
Ga0374696_17_988_1182	CP000239.1:1290362-1291310|CDS|CYA_1279	87.817	197	22	1	1	195	211	407	1.80e-65	245
Ga0374696_17_988_1182	CP000239.1:1612111-1613059|CDS|CYA_1604	87.310	197	23	1	1	195	211	407	2.20e-64	241
Ga0374696_17_988_1182	CP000239.1:1321049-1321982|CDS|CYA_1311	87.310	197	23	1	1	195	211	407	2.20e-64	241
Ga0374696_17_988_1182	CP000239.1:51699-52647|CDS|CYA_0053	87.310	197	23	1	1	195	211	407	2.20e-64	241
Ga0374696_17_988_1182	CP000239.1:2728529-2728928|CDS|CYA_2709	87.831	189	22	1	1	188	211	399	3.26e-62	234
Ga0374696_17_988_1182	CP000239.1:2654240-2654639|CDS|CYA_2639	87.831	189	22	1	1	188	211	399	3.26e-62	234
Ga0374696_17_988_1182	CP000239.1:1663935-1664334|CDS|CYA_1661	87.831	189	22	1	1	188	211	399	3.26e-62	234
Ga0374696_17_988_1182	CP000239.1:1367794-1368193|CDS|CYA_1358	87.831	189	22	1	1	188	211	399	3.26e-62	234
Ga0374696_17_988_1182	CP000239.1:1300762-1301161|CDS|CYA_1291	87.831	189	22	1	1	188	211	399	3.26e-62	234
Ga0374696_17_988_1182	CP000239.1:1152553-1152952|CDS|CYA_1126	87.831	189	22	1	1	188	211	399	3.26e-62	234
Ga0374696_17_988_1182	CP000239.1:1013062-1013461|CDS|CYA_0999	87.831	189	22	1	1	188	211	399	3.26e-62	234
Ga0374696_17_988_1182	CP000239.1:34556-34955|CDS|CYA_0037	87.302	189	23	1	1	188	211	399	3.98e-61	230
Ga0374696_17_988_1182	CP000239.1:2862566-2862965|CDS|CYA_2845	86.772	189	24	1	1	188	211	399	1.69e-59	225
Ga0374696_17_988_1182	CP000239.1:2101748-2102147|CDS|CYA_2082	86.772	189	24	1	1	188	211	399	1.69e-59	225
Ga0374696_17_2381_4123	CP000239.1:527197-529402|CDS|CYA_0510	99.713	1743	5	0	1	1743	463	2205	0.0	3122
Ga0374696_17_2381_4123	CP000240.1:317060-319277|CDS|CYB_0304	82.356	1723	298	1	11	1727	473	2195	0.0	1738
Ga0374696_17_4251_4565	CP000239.1:529493-529808|CDS|CYA_0511	100.000	315	0	0	1	315	1	315	5.89e-163	569
Ga0374696_17_4251_4565	CP000240.1:316539-316863|CDS|CYB_0302	87.888	322	30	1	1	313	1	322	1.22e-114	409
Ga0374696_17_4820_7558	CP000239.1:530062-532801|CDS|CYA_0512	98.759	2739	34	0	1	2739	1	2739	0.0	4787
Ga0374696_17_4820_7558	CP000240.1:313554-316293|CDS|CYB_0301	86.555	2737	368	0	1	2737	1	2737	0.0	3278
Ga0374696_17_7712_8134	CP000239.1:532954-533377|CDS|CYA_0513	99.764	423	1	0	1	423	1	423	0.0	759
Ga0374696_17_8131_8592	CP000239.1:533421-533835|CDS|CYA_0515	100.000	414	0	0	49	462	1	414	0.0	747
Ga0374696_18_340_1491	CP000240.1:2475196-2476366|CDS|CYB_2369	97.521	1170	11	1	1	1152	1	1170	0.0	1992
Ga0374696_18_340_1491	CP000239.1:2611972-2613151|CDS|CYA_2590	80.714	1177	200	7	1	1150	1	1177	0.0	1093
Ga0374696_18_1545_2528	CP000240.1:2474159-2475143|CDS|CYB_2368	96.240	984	37	0	1	984	1	984	0.0	1608
Ga0374696_18_1545_2528	CP000239.1:2613191-2614202|CDS|CYA_2591	83.573	974	160	0	1	974	1	974	0.0	1036
Ga0374696_18_2806_3816	CP000240.1:2471568-2472579|CDS|CYB_2365	99.308	1011	7	0	1	1011	1	1011	0.0	1792
Ga0374696_18_4269_4610	CP000240.1:2470725-2471067|CDS|CYB_2364	99.708	342	1	0	1	342	1	342	6.02e-176	613
Ga0374696_18_4269_4610	CP000239.1:571082-571424|CDS|CYA_0558	87.719	342	42	0	1	342	1	342	1.42e-120	428
Ga0374696_18_4640_4930	CP000240.1:2470405-2470696|CDS|CYB_2363	98.969	291	3	0	1	291	1	291	1.27e-145	512
Ga0374696_18_4640_4930	CP000239.1:571432-571714|CDS|CYA_0559	76.136	264	54	3	1	255	1	264	6.62e-48	187
Ga0374696_18_4975_5331	CP000240.1:2470004-2470361|CDS|CYB_2362	97.199	357	10	0	1	357	1	357	3.96e-172	600
Ga0374696_18_4975_5331	CP000239.1:572077-572428|CDS|CYA_0560	80.229	349	63	4	1	346	1	346	1.22e-83	306
Ga0374696_18_5659_6795	CP000240.1:2468120-2469677|CDS|CYB_2361	96.834	1137	35	1	1	1137	1	1136	0.0	1885
Ga0374696_18_6752_7216	CP000240.1:2468120-2469677|CDS|CYB_2361	96.129	465	18	0	1	465	1093	1557	0.0	758
Ga0374696_19_26_805	CP000239.1:2405089-2405869|CDS|CYA_2394	99.872	780	1	0	1	780	1	780	0.0	1403
Ga0374696_19_26_805	CP000240.1:2776913-2777723|CDS|CYB_2689	81.371	671	125	0	1	671	1	671	0.0	647
Ga0374696_19_1298_3448	CP000239.1:2400636-2402787|CDS|CYA_2391	99.907	2151	2	0	1	2151	1	2151	0.0	3871
Ga0374696_19_1298_3448	CP000240.1:128765-130922|CDS|CYB_0115	86.509	2157	285	1	1	2151	1	2157	0.0	2580
Ga0374696_19_3821_4177	CP000239.1:2399907-2400264|CDS|CYA_2389	99.720	357	1	0	1	357	1	357	0.0	640
Ga0374696_19_3821_4177	CP000240.1:131258-131615|CDS|CYB_0117	89.636	357	37	0	1	357	1	357	3.26e-135	478
Ga0374696_19_4135_4965	CP000239.1:2399146-2399950|CDS|CYA_2390	99.751	804	2	0	28	831	1	804	0.0	1442
Ga0374696_19_4135_4965	CP000240.1:131640-132396|CDS|CYB_0118	86.183	731	101	0	28	758	1	731	0.0	864
Ga0374696_19_5031_5546	CP000239.1:2398538-2399060|CDS|CYA_2388	100.000	516	0	0	1	516	7	522	0.0	931
Ga0374696_19_5031_5546	CP000240.1:132487-133003|CDS|CYB_0119	84.325	504	79	0	1	504	1	504	7.62e-158	554
Ga0374696_20_468_812	CP000239.1:1151588-1151933|CDS|CYA_1125	100.000	345	0	0	1	345	1	345	3.36e-179	623
Ga0374696_20_468_812	CP000240.1:1378425-1378770|CDS|CYB_1316	82.558	344	60	0	1	344	1	344	3.16e-97	351
Ga0374696_20_944_1255	CP000239.1:1151169-1151457|CDS|CYA_1124	100.000	288	0	0	25	312	1	288	2.65e-148	520
Ga0374696_20_944_1255	CP000240.1:449104-449419|CDS|CYB_0439	85.315	286	41	1	17	301	17	302	3.94e-89	324
Ga0374696_20_1259_2005	CP000239.1:1150394-1151141|CDS|CYA_1123	100.000	747	0	0	1	747	1	747	0.0	1348
Ga0374696_20_1259_2005	CP000240.1:448354-449101|CDS|CYB_0438	86.193	746	103	0	1	746	1	746	0.0	882
Ga0374696_20_2081_2926	CP000239.1:1149395-1150319|CDS|CYA_1122	100.000	846	0	0	1	846	79	924	0.0	1526
Ga0374696_20_2081_2926	CP000240.1:447348-448278|CDS|CYB_0437	85.060	830	124	0	1	830	79	908	0.0	939
Ga0374696_20_3549_5777	CP000239.1:1146622-1148851|CDS|CYA_1120	99.821	2229	4	0	1	2229	1	2229	0.0	4002
Ga0374696_20_3549_5777	CP000240.1:1140272-1142549|CDS|CYB_1106	81.203	2245	370	11	1	2204	1	2234	0.0	2144
Ga0374696_20_5800_6252	CP000239.1:1146147-1146600|CDS|CYA_1119	99.558	453	2	0	1	453	1	453	0.0	809
Ga0374696_20_6666_7118	CP000239.1:1145281-1145773|CDS|CYA_1118	100.000	453	0	0	1	453	40	492	0.0	818
Ga0374696_20_6666_7118	CP000240.1:1435802-1436294|CDS|CYB_1365	85.343	423	56	1	2	424	41	457	2.83e-137	485
Ga0374696_21_537_1256	CP000240.1:445109-445817|CDS|CYB_0434	92.232	708	32	1	1	685	1	708	0.0	1055
Ga0374696_21_537_1256	CP000239.1:1287415-1288099|CDS|CYA_1273	80.990	626	113	2	1	623	1	623	1.50e-168	590
Ga0374696_21_1258_1815	CP000240.1:445853-446411|CDS|CYB_0435	99.642	558	2	0	1	558	1	558	0.0	998
Ga0374696_21_1258_1815	CP000239.1:1286821-1287379|CDS|CYA_1272	87.455	558	70	0	1	558	1	558	0.0	691
Ga0374696_21_1849_2358	CP000240.1:446480-446954|CDS|CYB_0436	100.000	474	0	0	37	510	1	474	0.0	856
Ga0374696_21_1849_2358	CP000239.1:1286274-1286754|CDS|CYA_1271	80.167	479	86	4	37	507	1	478	7.54e-120	426
Ga0374696_21_2822_3673	CP000240.1:447348-448278|CDS|CYB_0437	98.357	852	14	0	1	852	79	930	0.0	1474
Ga0374696_21_2822_3673	CP000239.1:1149395-1150319|CDS|CYA_1122	85.542	830	120	0	1	830	79	908	0.0	957
Ga0374696_21_3750_4496	CP000240.1:448354-449101|CDS|CYB_0438	98.661	747	10	0	1	747	1	747	0.0	1303
Ga0374696_21_3750_4496	CP000239.1:1150394-1151141|CDS|CYA_1123	85.925	746	105	0	1	746	1	746	0.0	873
Ga0374696_21_4500_4814	CP000240.1:449104-449419|CDS|CYB_0439	99.048	315	3	0	1	315	1	315	1.30e-158	555
Ga0374696_21_4500_4814	CP000239.1:1151169-1151457|CDS|CYA_1124	85.612	278	39	1	25	302	1	277	1.69e-87	318
Ga0374696_21_5113_6054	CP000240.1:449716-450658|CDS|CYB_0441	97.558	942	23	0	1	942	1	942	0.0	1596
Ga0374696_22_799_3600	CP000240.1:2463812-2466614|CDS|CYB_2358	98.894	2802	31	0	1	2802	1	2802	0.0	4914
Ga0374696_22_799_3600	CP000239.1:572481-575142|CDS|CYA_0561	88.967	2547	269	5	1	2544	1	2538	0.0	3315
Ga0374696_22_3800_4249	CP000240.1:2463158-2463617|CDS|CYB_2357	99.324	444	3	0	1	444	1	444	0.0	788
Ga0374696_22_3800_4249	CP000239.1:575342-575762|CDS|CYA_0562	86.861	411	54	0	1	411	1	411	1.27e-141	499
Ga0374696_22_4412_5380	CP000240.1:2462023-2462992|CDS|CYB_2356	97.004	968	29	0	1	968	1	968	0.0	1616
Ga0374696_22_4412_5380	CP000239.1:2590652-2591630|CDS|CYA_2566	84.401	968	145	1	1	962	1	968	0.0	1067
Ga0374696_22_5517_6095	CP000240.1:2454669-2455713|CDS|CYB_2347	94.281	577	33	0	1	577	466	1042	0.0	893
Ga0374696_22_5517_6095	CP000239.1:2383609-2384638|CDS|CYA_2373	86.308	577	64	5	1	577	466	1027	0.0	676
Ga0374696_23_3_983	CP000239.1:493748-496055|CDS|CYA_0477	96.330	981	36	0	1	981	1327	2307	0.0	1608
Ga0374696_23_3_983	CP000240.1:256938-259245|CDS|CYB_0245	91.641	981	82	0	1	981	1327	2307	0.0	1400
Ga0374696_23_1070_1447	CP000239.1:493283-493661|CDS|CYA_0476	99.471	378	2	0	1	378	1	378	0.0	673
Ga0374696_23_1070_1447	CP000240.1:256446-256857|CDS|CYB_0244	77.620	353	79	0	9	361	18	370	5.15e-76	281
Ga0374696_23_1609_2361	CP000239.1:492369-493122|CDS|CYA_0475	99.867	753	1	0	1	753	1	753	0.0	1354
Ga0374696_23_1609_2361	CP000240.1:255471-256221|CDS|CYB_0243	81.367	746	136	2	1	746	1	743	0.0	713
Ga0374696_23_2543_2953	CP000239.1:491777-492188|CDS|CYA_0474	100.000	411	0	0	1	411	1	411	0.0	742
Ga0374696_23_2543_2953	CP000240.1:254878-255289|CDS|CYB_0242	82.195	410	73	0	2	411	2	411	4.62e-115	411
Ga0374696_23_3044_5674	CP000239.1:489056-491687|CDS|CYA_0473	98.632	2631	36	0	1	2631	1	2631	0.0	4583
Ga0374696_23_3044_5674	CP000240.1:252155-254786|CDS|CYB_0241	87.719	2630	323	0	1	2630	1	2630	0.0	3287
Ga0374696_24_532_1953	CP000239.1:1126033-1127491|CDS|CYA_1101	96.484	1422	50	0	1	1422	37	1458	0.0	2340
Ga0374696_24_532_1953	CP000240.1:1493068-1494565|CDS|CYB_1424	77.288	1475	271	8	1	1413	13	1485	0.0	1172
Ga0374696_24_2041_3252	CP000239.1:1124635-1125982|CDS|CYA_1100	97.525	1212	30	0	1	1212	136	1347	0.0	2051
Ga0374696_24_2041_3252	CP000240.1:1494722-1496033|CDS|CYB_1425	83.333	1218	195	3	1	1211	94	1310	0.0	1276
Ga0374696_24_3503_4492	CP000239.1:1123530-1124484|CDS|CYA_1099	99.476	954	5	0	37	990	1	954	0.0	1699
Ga0374696_24_3503_4492	CP000240.1:687274-688180|CDS|CYB_0675	86.977	837	109	0	37	873	1	837	0.0	1019
Ga0374696_24_4476_5789	CP000239.1:1122233-1123547|CDS|CYA_1098	99.924	1314	1	0	1	1314	1	1314	0.0	2366
Ga0374696_24_4476_5789	CP000240.1:688190-689507|CDS|CYB_0676	79.336	1326	249	12	1	1312	1	1315	0.0	1125
Ga0374696_26_183_2084	CP000239.1:2675505-2677509|CDS|CYA_2659	99.947	1902	1	0	1	1902	103	2004	0.0	3426
Ga0374696_26_183_2084	CP000240.1:2517516-2519619|CDS|CYB_2421	90.502	1874	178	0	2	1875	194	2067	0.0	2578
Ga0374696_26_2397_3344	CP000239.1:2674362-2675295|CDS|CYA_2658	100.000	933	0	0	16	948	1	933	0.0	1683
Ga0374696_26_3454_4449	CP000239.1:2673242-2674238|CDS|CYA_2657	100.000	996	0	0	1	996	1	996	0.0	1797
Ga0374696_26_3454_4449	CP000240.1:2516271-2517282|CDS|CYB_2420	89.785	979	98	2	19	996	34	1011	0.0	1308
Ga0374696_26_4457_4939	CP000239.1:2672674-2673235|CDS|CYA_2656	100.000	483	0	0	1	483	79	561	0.0	872
Ga0374696_26_4457_4939	CP000240.1:2515694-2516261|CDS|CYB_2419	82.599	454	79	0	9	462	87	540	9.89e-131	463
Ga0374696_26_5022_5507	CP000239.1:2671899-2672670|CDS|CYA_2655	99.794	486	1	0	1	486	286	771	0.0	873
Ga0374696_26_5022_5507	CP000240.1:2514925-2515690|CDS|CYB_2418	88.066	486	58	0	1	486	280	765	7.15e-177	616
Ga0374696_27_1161_2789	CP000239.1:2679389-2681012|CDS|CYA_2663	99.938	1623	1	0	7	1629	1	1623	0.0	2923
Ga0374696_27_1161_2789	CP000240.1:2521911-2523540|CDS|CYB_2425	84.819	1627	230	6	7	1620	1	1623	0.0	1810
Ga0374696_27_2855_2968	CP000239.1:2681083-2681197|CDS|CYA_2664	100.000	114	0	0	1	114	1	114	2.43e-54	206
Ga0374696_27_2855_2968	CP000240.1:2523603-2523717|CDS|CYB_2426	83.929	112	18	0	1	112	1	112	7.95e-29	122
Ga0374696_27_3680_4597	CP000239.1:2681419-2682826|CDS|CYA_2666	99.891	918	1	0	1	918	490	1407	0.0	1652
Ga0374696_27_3680_4597	CP000240.1:2523863-2525267|CDS|CYB_2428	81.709	913	157	2	1	913	496	1398	0.0	894
Ga0374696_27_4594_5175	CP000239.1:2682822-2683404|CDS|CYA_2665	100.000	582	0	0	1	582	1	582	0.0	1050
Ga0374696_27_4594_5175	CP000240.1:2525263-2525857|CDS|CYB_2427	80.134	599	95	4	1	581	1	593	3.67e-156	548
Ga0374696_28_69_1205	CP000240.1:442669-443806|CDS|CYB_0432	99.033	1137	11	0	1	1137	1	1137	0.0	2002
Ga0374696_28_69_1205	CP000239.1:1815753-1816890|CDS|CYA_1812	98.593	1137	16	0	1	1137	1	1137	0.0	1979
Ga0374696_28_69_1205	CP000239.1:1851391-1852504|CDS|CYA_1850	82.058	1137	180	5	1	1137	1	1113	0.0	1131
Ga0374696_28_1262_3955	CP000240.1:439913-442607|CDS|CYB_0431	97.699	2694	62	0	1	2694	1	2694	0.0	4580
Ga0374696_28_1262_3955	CP000239.1:1817210-1819907|CDS|CYA_1814	95.699	2697	113	1	1	2694	1	2697	0.0	4340
Ga0374696_28_1262_3955	CP000239.1:1852541-1855241|CDS|CYA_1851	89.074	2700	289	2	1	2694	1	2700	0.0	3536
Ga0374696_29_20_1834	CP000239.1:739626-742308|CDS|CYA_0735	99.890	1815	2	0	1	1815	868	2682	0.0	3265
Ga0374696_29_1851_3425	CP000239.1:738035-739610|CDS|CYA_0734	99.937	1575	1	0	1	1575	1	1575	0.0	2837
Ga0374696_29_3437_4036	CP000239.1:737424-738024|CDS|CYA_0733	99.500	600	3	0	1	600	1	600	0.0	1069
Ga0374696_30_36_1043	CP000239.1:2395185-2396496|CDS|CYA_2386	100.000	1008	0	0	1	1008	304	1311	0.0	1819
Ga0374696_30_36_1043	CP000240.1:1050865-1052176|CDS|CYB_1012	88.856	1005	112	0	2	1006	305	1309	0.0	1308
Ga0374696_30_1119_1355	CP000239.1:2394873-2395110|CDS|CYA_2384	100.000	237	0	0	1	237	1	237	9.52e-121	428
Ga0374696_30_1119_1355	CP000240.1:1052214-1052457|CDS|CYB_1014	82.716	243	36	1	1	237	1	243	5.28e-67	251
Ga0374696_30_1352_2752	CP000239.1:2393476-2394877|CDS|CYA_2385	99.857	1401	2	0	1	1401	1	1401	0.0	2518
Ga0374696_30_1352_2752	CP000240.1:1052453-1053854|CDS|CYB_1013	88.643	1400	159	0	1	1400	1	1400	0.0	1809
Ga0374696_30_2782_3879	CP000239.1:2392469-2393447|CDS|CYA_2383	100.000	978	0	0	121	1098	1	978	0.0	1764
Ga0374696_30_2782_3879	CP000240.1:1053895-1054873|CDS|CYB_1015	88.037	978	117	0	121	1098	1	978	0.0	1237
Ga0374696_30_3918_4787	CP000239.1:2391459-2392311|CDS|CYA_2382	99.883	852	1	0	19	870	1	852	0.0	1533
Ga0374696_30_3918_4787	CP000240.1:1055031-1055883|CDS|CYB_1016	89.870	849	86	0	20	868	2	850	0.0	1144
Ga0374696_31_405_2009	CP000239.1:1038332-1041368|CDS|CYA_1021	98.567	1605	23	0	1	1605	1432	3036	0.0	2791
Ga0374696_31_2510_2819	CP000239.1:1041546-1042437|CDS|CYA_1022	97.097	310	9	0	1	310	296	605	9.18e-148	519
Ga0374696_31_2510_2819	CP000239.1:1041546-1042437|CDS|CYA_1022	69.397	232	71	0	1	232	440	671	2.83e-21	99.6
Ga0374696_31_2510_2819	CP000239.1:1041546-1042437|CDS|CYA_1022	66.016	256	87	0	1	256	368	623	1.37e-12	70.7
Ga0374696_31_2510_2819	CP000240.1:1490935-1491823|CDS|CYB_1422	83.871	310	50	0	1	310	278	587	2.16e-92	334
Ga0374696_31_2510_2819	CP000240.1:1490935-1491823|CDS|CYB_1422	69.084	262	77	2	1	260	422	681	2.32e-22	103
Ga0374696_31_2863_3105	CP000239.1:1041546-1042437|CDS|CYA_1022	99.588	243	1	0	1	243	649	891	2.30e-122	434
Ga0374696_31_2863_3105	CP000240.1:1490935-1491823|CDS|CYB_1422	83.562	219	36	0	1	219	631	849	4.17e-62	233
Ga0374696_31_3198_3467	CP000239.1:1042529-1042799|CDS|CYA_1023	100.000	270	0	0	1	270	1	270	1.34e-138	488
Ga0374696_31_3198_3467	CP000240.1:2723862-2724132|CDS|CYB_2632	85.283	265	35	2	1	263	1	263	4.68e-81	297
Ga0374696_31_3564_4232	CP000239.1:1042832-1043561|CDS|CYA_1024	98.494	664	10	0	1	664	64	727	0.0	1153
Ga0374696_31_3564_4232	CP000240.1:2723145-2723826|CDS|CYB_2631	86.322	658	90	0	1	658	22	679	0.0	782
Ga0374696_31_4477_4689	CP000239.1:1043738-1043951|CDS|CYA_1025	95.775	213	9	0	1	213	1	213	2.77e-95	344
Ga0374696_31_4477_4689	CP000240.1:2722675-2722888|CDS|CYB_2630	88.263	213	25	0	1	213	1	213	1.43e-73	272
Ga0374696_32_38_640	CP000239.1:444838-446062|CDS|CYA_0427	99.834	603	0	1	1	603	1	602	0.0	1080
Ga0374696_32_971_2431	CP000239.1:446369-447848|CDS|CYA_0428	99.932	1461	1	0	1	1461	19	1479	0.0	2631
Ga0374696_32_971_2431	CP000240.1:742694-744182|CDS|CYB_0724	82.189	1471	247	2	1	1459	19	1486	0.0	1477
Ga0374696_32_2433_2981	CP000239.1:447849-448440|CDS|CYA_0429	100.000	549	0	0	1	549	43	591	0.0	991
Ga0374696_32_2433_2981	CP000240.1:742105-742693|CDS|CYB_0723	87.037	540	67	1	1	540	43	579	0.0	657
Ga0374696_32_3129_3347	CP000239.1:448545-448764|CDS|CYA_0430	99.543	219	1	0	1	219	1	219	2.19e-109	391
Ga0374696_32_3129_3347	CP000240.1:741666-741891|CDS|CYB_0722	84.793	217	33	0	3	219	9	225	7.18e-65	243
Ga0374696_32_3378_4112	CP000239.1:448794-449529|CDS|CYA_0431	99.728	735	2	0	1	735	1	735	0.0	1317
Ga0374696_32_3378_4112	CP000240.1:740888-741632|CDS|CYB_0721	86.509	593	80	0	1	593	1	593	0.0	710
Ga0374696_33_52_1356	CP000239.1:308635-310549|CDS|CYA_0304	87.376	1315	152	4	1	1302	565	1878	0.0	1618
Ga0374696_33_52_1356	CP000240.1:2916338-2918288|CDS|CYB_2815	76.183	1331	272	12	1	1295	586	1907	0.0	958
Ga0374696_33_1386_2852	CP000239.1:310545-312012|CDS|CYA_0303	95.774	1467	62	0	1	1467	1	1467	0.0	2367
Ga0374696_33_1386_2852	CP000240.1:828855-830316|CDS|CYB_0803	81.774	1443	258	3	11	1449	11	1452	0.0	1408
Ga0374696_33_2854_3189	CP000239.1:312013-312340|CDS|CYA_0305	86.364	330	42	1	7	336	1	327	3.50e-109	391
Ga0374696_33_2854_3189	CP000240.1:830328-830916|CDS|CYB_0804	86.972	284	37	0	7	290	259	542	1.31e-95	346
Ga0374696_33_3425_3652	CP000239.1:312457-312718|CDS|CYA_0306	86.500	200	27	0	1	200	34	233	9.15e-64	240
Ga0374696_33_3425_3652	CP000240.1:830328-830916|CDS|CYB_0804	85.128	195	29	0	1	195	24	218	2.45e-58	222
Ga0374696_33_3929_4240	CP000239.1:312833-313277|CDS|CYA_0307	97.428	311	8	0	2	312	134	444	6.23e-150	526
Ga0374696_33_3929_4240	CP000240.1:831034-831478|CDS|CYB_0805	83.333	312	52	0	1	312	133	444	9.27e-91	329
Ga0374696_33_4251_4688	CP000239.1:313287-315018|CDS|CYA_0308	99.772	438	1	0	1	438	1294	1731	0.0	786
Ga0374696_33_4251_4688	CP000240.1:831481-833314|CDS|CYB_0806	71.368	475	98	5	1	438	1360	1833	2.40e-68	256
Ga0374696_34_266_1192	CP000239.1:2690261-2691098|CDS|CYA_2674	99.881	837	1	0	91	927	1	837	0.0	1506
Ga0374696_34_266_1192	CP000240.1:2272658-2273516|CDS|CYB_2169	87.531	794	87	1	146	927	65	858	0.0	993
Ga0374696_34_1234_2106	CP000239.1:2691229-2692081|CDS|CYA_2675	99.531	852	4	0	22	873	1	852	0.0	1519
Ga0374696_34_1234_2106	CP000240.1:2273703-2274516|CDS|CYB_2170	87.796	803	96	2	31	832	1	802	0.0	1000
Ga0374696_34_2963_3313	CP000239.1:2685241-2685592|CDS|CYA_2668	100.000	351	0	0	1	351	1	351	0.0	634
Ga0374696_34_2963_3313	CP000240.1:2267645-2268005|CDS|CYB_2164	83.056	360	52	2	1	351	1	360	2.81e-104	374
Ga0374696_34_3524_4516	CP000239.1:2685874-2686795|CDS|CYA_2670	100.000	921	0	0	73	993	1	921	0.0	1662
Ga0374696_34_3524_4516	CP000240.1:2268251-2269172|CDS|CYB_2165	88.491	921	106	0	73	993	1	921	0.0	1184
Ga0374696_35_40_285	CP000239.1:1562970-1563939|CDS|CYA_1553	99.588	243	1	0	4	246	727	969	2.33e-122	434
Ga0374696_35_40_285	CP000240.1:1113088-1114057|CDS|CYB_1076	76.735	245	57	0	2	246	725	969	1.92e-47	186
Ga0374696_35_292_1191	CP000239.1:1563945-1564845|CDS|CYA_1554	99.222	900	7	0	1	900	1	900	0.0	1592
Ga0374696_35_292_1191	CP000240.1:1112191-1113082|CDS|CYB_1075	81.266	790	148	0	109	898	100	889	0.0	758
Ga0374696_35_1228_2055	CP000239.1:1564881-1565709|CDS|CYA_1555	99.517	828	4	0	1	828	1	828	0.0	1476
Ga0374696_35_1228_2055	CP000240.1:1111281-1112109|CDS|CYB_1074	84.358	748	115	2	82	828	82	828	0.0	815
Ga0374696_35_1228_2055	CP000239.1:1739211-1740009|CDS|CYA_1735	70.240	625	186	0	79	703	52	676	2.25e-78	289
Ga0374696_35_1228_2055	CP000240.1:1997239-1998037|CDS|CYB_1912	69.649	626	188	2	79	703	52	676	2.57e-71	266
Ga0374696_35_2121_2948	CP000239.1:1565774-1566602|CDS|CYA_1556	97.222	828	23	0	1	828	1	828	0.0	1390
Ga0374696_35_2121_2948	CP000240.1:1110358-1111186|CDS|CYB_1073	80.653	827	160	0	1	827	1	827	0.0	771
Ga0374696_35_2992_3426	CP000239.1:1566645-1567080|CDS|CYA_1557	99.770	435	1	0	1	435	1	435	0.0	781
Ga0374696_35_2992_3426	CP000240.1:1109889-1110315|CDS|CYB_1072	84.878	410	62	0	13	422	13	422	3.09e-130	461
Ga0374696_36_81_1028	CP000239.1:317852-318755|CDS|CYA_0310	89.077	888	96	1	52	938	1	888	0.0	1161
Ga0374696_36_81_1028	CP000240.1:1761443-1762382|CDS|CYB_1687	83.543	875	144	0	54	928	39	913	0.0	930
Ga0374696_36_1078_3555	CP000239.1:315171-317649|CDS|CYA_0309	97.255	2477	68	0	1	2477	1	2477	0.0	4161
Ga0374696_36_1078_3555	CP000240.1:3013353-3015831|CDS|CYB_2916	82.441	2483	426	5	1	2478	1	2478	0.0	2499
Ga0374696_37_633_3185	CP000239.1:1330744-1334707|CDS|CYA_1319	91.616	2445	205	0	1	2445	1	2445	0.0	3486
Ga0374696_37_633_3185	CP000240.1:940184-944147|CDS|CYB_0908	90.143	2445	241	0	1	2445	1	2445	0.0	3323
Ga0374696_38_83_1345	CP000239.1:2244161-2245424|CDS|CYA_2229	100.000	1263	0	0	1	1263	1	1263	0.0	2278
Ga0374696_38_83_1345	CP000240.1:584582-585827|CDS|CYB_0578	85.962	1268	146	4	1	1261	1	1243	0.0	1496
Ga0374696_38_2012_2584	CP000239.1:2242916-2243624|CDS|CYA_2228	96.028	579	17	1	1	573	130	708	0.0	942
Ga0374696_38_2012_2584	CP000240.1:583590-584298|CDS|CYB_0577	87.219	579	68	1	1	573	130	708	0.0	712
Ga0374696_38_2900_3391	CP000239.1:2242109-2242595|CDS|CYA_2227	100.000	486	0	0	7	492	1	486	0.0	877
Ga0374696_38_2900_3391	CP000240.1:1508398-1508884|CDS|CYB_1438	90.123	486	48	0	7	492	1	486	0.0	661
Ga0374696_39_131_832	CP000239.1:685206-685908|CDS|CYA_0677	98.433	702	11	0	1	702	1	702	0.0	1217
Ga0374696_39_131_832	CP000240.1:2210138-2210840|CDS|CYB_2116	86.895	702	92	0	1	702	1	702	0.0	852
Ga0374696_39_867_1064	CP000239.1:684899-685172|CDS|CYA_0676	100.000	198	0	0	1	198	76	273	1.16e-99	358
Ga0374696_39_867_1064	CP000240.1:2209865-2210111|CDS|CYB_2115	82.353	170	30	0	28	197	76	245	9.52e-44	172
Ga0374696_39_1169_2548	CP000239.1:683433-684870|CDS|CYA_0675	96.522	1380	48	0	1	1380	58	1437	0.0	2273
Ga0374696_39_1169_2548	CP000240.1:2208275-2209715|CDS|CYB_2114	91.219	1378	121	0	1	1378	61	1438	0.0	1940
Ga0374696_39_3600_3734	CP000239.1:457221-457626|CDS|CYA_0437	94.030	134	8	0	1	134	1	134	2.98e-54	206
Ga0374696_40_16_783	CP000240.1:1376500-1377226|CDS|CYB_1313	95.179	726	35	0	43	768	1	726	0.0	1152
Ga0374696_40_16_783	CP000239.1:585521-586202|CDS|CYA_0572	77.533	681	153	0	88	768	1	681	2.53e-153	539
Ga0374696_40_783_1352	CP000240.1:1377267-1377837|CDS|CYB_1314	98.947	570	6	0	1	570	1	570	0.0	1002
Ga0374696_40_783_1352	CP000239.1:586288-586831|CDS|CYA_0573	81.682	535	98	0	28	562	1	535	4.10e-149	524
Ga0374696_40_1442_1693	CP000240.1:1377926-1378178|CDS|CYB_1315	98.810	252	3	0	1	252	1	252	1.61e-124	442
Ga0374696_40_1941_2288	CP000240.1:1378425-1378770|CDS|CYB_1316	96.232	345	13	0	4	348	1	345	2.79e-161	564
Ga0374696_40_1941_2288	CP000239.1:1151588-1151933|CDS|CYA_1125	84.348	345	52	2	4	347	1	344	9.75e-104	372
Ga0374696_40_2379_2582	CP000239.1:975019-975553|CDS|CYA_0962	76.961	204	47	0	1	204	331	534	7.57e-39	157
Ga0374696_40_3083_3238	CP000240.1:1379590-1380676|CDS|CYB_1318	99.359	156	1	0	1	156	931	1086	2.38e-75	278
Ga0374696_40_3083_3238	CP000239.1:2291816-2293013|CDS|CYA_2289	91.447	152	13	0	1	152	1039	1190	6.83e-57	216
Ga0374696_40_3363_3527	CP000240.1:1379590-1380676|CDS|CYB_1318	96.970	165	5	0	1	165	807	643	8.87e-75	276
Ga0374696_40_3363_3527	CP000239.1:2291816-2293013|CDS|CYA_2289	90.854	164	15	0	2	165	914	751	1.15e-60	229
Ga0374696_41_410_874	CP000239.1:2157521-2157986|CDS|CYA_2145	99.785	465	1	0	1	465	1	465	0.0	835
Ga0374696_41_410_874	CP000240.1:538940-539405|CDS|CYB_0523	88.147	464	55	0	1	464	1	464	9.49e-169	590
Ga0374696_41_890_1420	CP000239.1:2156948-2157506|CDS|CYA_2144	100.000	531	0	0	1	531	28	558	0.0	958
Ga0374696_41_890_1420	CP000240.1:539420-539978|CDS|CYB_0524	93.511	524	34	0	1	524	28	551	0.0	792
Ga0374696_41_1744_2010	CP000239.1:2156385-2156652|CDS|CYA_2143	100.000	267	0	0	1	267	1	267	5.62e-137	482
Ga0374696_41_1744_2010	CP000240.1:540237-540549|CDS|CYB_0525	86.139	202	28	0	3	204	45	246	1.09e-63	239
Ga0374696_41_2020_3432	CP000239.1:2154963-2156349|CDS|CYA_2142	100.000	1386	0	0	28	1413	1	1386	0.0	2500
Ga0374696_41_2020_3432	CP000240.1:540590-541976|CDS|CYB_0526	88.824	1378	154	0	28	1405	1	1378	0.0	1792
Ga0374696_42_361_1014	CP000239.1:1131147-1131801|CDS|CYA_1105	100.000	654	0	0	1	654	1	654	0.0	1180
Ga0374696_42_361_1014	CP000240.1:1394603-1395251|CDS|CYB_1333	84.853	614	89	2	29	638	35	648	0.0	683
Ga0374696_42_1063_3105	CP000239.1:1129062-1131117|CDS|CYA_1104	98.251	2001	35	0	1	2001	19	2019	0.0	3452
Ga0374696_42_1063_3105	CP000240.1:1395355-1397422|CDS|CYB_1334	80.130	1993	354	12	59	2012	74	2063	0.0	1793
Ga0374696_43_247_1236	CP000240.1:997525-999121|CDS|CYB_0961	97.879	990	21	0	1	990	607	1596	0.0	1691
Ga0374696_43_247_1236	CP000239.1:2818864-2820454|CDS|CYA_2800	87.398	984	124	0	2	985	602	1585	0.0	1216
Ga0374696_43_1311_1970	CP000240.1:999484-1000225|CDS|CYB_0962	98.331	659	11	0	1	659	1	659	0.0	1140
Ga0374696_43_1311_1970	CP000239.1:2817784-2818501|CDS|CYA_2799	86.299	635	87	0	25	659	1	635	0.0	754
Ga0374696_43_2617_3042	CP000240.1:1000924-1001389|CDS|CYB_0964	97.600	375	9	0	40	414	1	375	0.0	636
Ga0374696_44_472_1551	CP000239.1:483889-484933|CDS|CYA_0470	89.536	1013	104	2	1	1012	1	1012	0.0	1342
Ga0374696_44_472_1551	CP000240.1:246877-247921|CDS|CYB_0238	87.303	1016	129	0	1	1016	1	1016	0.0	1251
Ga0374696_44_1603_2370	CP000240.1:246058-246871|CDS|CYB_0237	89.439	767	81	0	2	768	47	813	0.0	1019
Ga0374696_44_1603_2370	CP000239.1:483070-483883|CDS|CYA_0469	86.928	765	100	0	2	766	47	811	0.0	930
Ga0374696_44_2330_2932	CP000240.1:245241-246069|CDS|CYB_0236	85.159	566	71	3	8	573	553	1	0.0	641
Ga0374696_44_2330_2932	CP000239.1:482241-483081|CDS|CYA_0468	83.770	573	92	1	1	573	572	1	3.81e-175	611
Ga0374696_44_2925_3200	CP000240.1:245241-246069|CDS|CYB_0236	89.850	266	27	0	7	272	559	824	1.67e-99	359
Ga0374696_44_2925_3200	CP000239.1:482241-483081|CDS|CYA_0468	87.591	274	34	0	3	276	567	840	1.29e-94	342
Ga0374696_45_50_607	CP000239.1:1286821-1287379|CDS|CYA_1272	100.000	558	0	0	1	558	1	558	0.0	1007
Ga0374696_45_50_607	CP000240.1:445853-446411|CDS|CYB_0435	87.814	558	68	0	1	558	1	558	0.0	700
Ga0374696_45_644_1327	CP000239.1:1287415-1288099|CDS|CYA_1273	99.854	684	1	0	1	684	1	684	0.0	1230
Ga0374696_45_644_1327	CP000240.1:445109-445817|CDS|CYB_0434	82.009	667	114	2	1	664	1	664	0.0	659
Ga0374696_45_1426_2490	CP000239.1:1288197-1289262|CDS|CYA_1274	99.343	1065	7	0	1	1065	1	1065	0.0	1890
Ga0374696_45_1426_2490	CP000239.1:1850153-1851218|CDS|CYA_1849	98.967	1065	11	0	1	1065	1	1065	0.0	1872
Ga0374696_45_1426_2490	CP000239.1:1814549-1815614|CDS|CYA_1811	98.777	1063	13	0	1	1063	1	1063	0.0	1859
Ga0374696_45_1426_2490	CP000240.1:384572-385637|CDS|CYB_0371	92.850	1063	76	0	1	1063	1	1063	0.0	1575
Ga0374696_45_1426_2490	CP000240.1:443946-445011|CDS|CYB_0433	92.756	1063	77	0	1	1063	1	1063	0.0	1571
Ga0374696_45_1426_2490	CP000240.1:226513-227569|CDS|CYB_0216	73.367	995	250	8	49	1034	58	1046	4.04e-165	578
Ga0374696_45_1426_2490	CP000239.1:1753540-1754599|CDS|CYA_1748	72.856	991	262	6	49	1034	58	1046	4.61e-158	554
Ga0374696_45_2560_2985	CP000239.1:1289331-1289757|CDS|CYA_1275	100.000	426	0	0	1	426	1	426	0.0	769
Ga0374696_45_2560_2985	CP000240.1:383611-384154|CDS|CYB_0370	83.047	407	63	1	1	401	103	509	2.18e-119	425
Ga0374696_45_2998_3087	CP000239.1:1289746-1289896|CDS|CYA_1276	98.889	90	1	0	1	90	113	24	8.29e-40	159
Ga0374696_45_2998_3087	CP000240.1:383611-384154|CDS|CYB_0370	82.022	89	16	0	1	89	1	89	3.53e-19	89.7
Ga0374696_45_3084_3215	CP000240.1:383135-383615|CDS|CYB_0368	89.189	111	12	0	1	111	364	474	2.39e-36	147
Ga0374696_45_3084_3215	CP000239.1:2253780-2254269|CDS|CYA_2241	83.607	122	20	0	1	122	364	485	1.83e-31	131
Ga0374696_45_3215_3343	CP000240.1:383135-383615|CDS|CYB_0368	89.831	118	12	0	1	118	220	337	3.68e-40	159
Ga0374696_45_3215_3343	CP000239.1:2253780-2254269|CDS|CYA_2241	82.203	118	21	0	1	118	220	337	1.13e-27	119
Ga0374696_46_16_357	CP000239.1:512400-512853|CDS|CYA_0497	100.000	342	0	0	1	342	112	453	1.42e-177	618
Ga0374696_46_16_357	CP000240.1:564488-564941|CDS|CYB_0554	84.503	342	53	0	1	342	112	453	2.25e-105	379
Ga0374696_46_475_1791	CP000239.1:510981-512283|CDS|CYA_0496	98.785	1317	1	1	1	1317	1	1302	0.0	2313
Ga0374696_46_475_1791	CP000240.1:563049-564351|CDS|CYB_0553	88.079	1317	142	1	1	1317	1	1302	0.0	1677
Ga0374696_46_1992_2201	CP000240.1:564998-566426|CDS|CYB_0555	83.810	210	34	0	1	210	1219	1428	5.27e-60	226
Ga0374696_46_1992_2201	CP000239.1:512910-514188|CDS|CYA_0498	74.408	211	52	2	1	210	1069	1278	3.11e-31	131
Ga0374696_46_2209_3048	CP000239.1:512910-514188|CDS|CYA_0498	99.849	661	0	1	180	840	165	824	0.0	1185
Ga0374696_46_2209_3048	CP000240.1:564998-566426|CDS|CYB_0555	78.303	719	107	9	153	835	264	969	3.38e-171	598
Ga0374696_47_833_1018	CP000240.1:91834-93184|CDS|CYB_0079	97.312	186	5	0	1	186	1165	1350	4.02e-86	314
Ga0374696_47_833_1018	CP000239.1:2923161-2924511|CDS|CYA_2899	86.022	186	26	0	1	186	1165	1350	6.81e-58	219
Ga0374696_47_1444_2019	CP000240.1:90875-91556|CDS|CYB_0078	96.667	570	19	0	1	570	82	651	0.0	943
Ga0374696_47_1444_2019	CP000239.1:2643683-2644310|CDS|CYA_2627	84.211	570	90	0	1	570	1	570	5.76e-179	623
Ga0374696_47_2159_2572	CP000240.1:90395-90809|CDS|CYB_0077	100.000	414	0	0	1	414	1	414	0.0	747
Ga0374696_47_2677_3051	CP000240.1:93395-94895|CDS|CYB_0080	99.118	340	3	0	1	340	1	340	4.18e-172	600
Ga0374696_48_1101_2021	CP000240.1:1372686-1373607|CDS|CYB_1309	98.806	921	11	0	1	921	1	921	0.0	1612
Ga0374696_48_1101_2021	CP000239.1:581830-582655|CDS|CYA_0568	84.328	804	122	2	97	898	1	802	0.0	877
Ga0374696_48_2488_2859	CP000240.1:1371846-1372218|CDS|CYB_1308	97.581	372	9	0	1	372	1	372	0.0	631
Ga0374696_48_2488_2859	CP000239.1:581170-581542|CDS|CYA_0567	83.333	372	62	0	1	372	1	372	1.11e-109	392
Ga0374696_49_45_965	CP000239.1:753576-754698|CDS|CYA_0745	99.347	919	6	0	1	919	202	1120	0.0	1631
Ga0374696_49_45_965	CP000240.1:901539-902601|CDS|CYB_0870	86.659	922	121	2	1	921	142	1062	0.0	1102
Ga0374696_49_1005_1628	CP000239.1:752908-753541|CDS|CYA_0744	90.500	600	57	0	1	600	1	600	0.0	826
Ga0374696_49_1005_1628	CP000240.1:900868-901501|CDS|CYB_0869	84.044	633	92	1	1	624	1	633	0.0	691
Ga0374696_50_1047_1526	CP000239.1:715288-715768|CDS|CYA_0707	99.792	480	1	0	1	480	1	480	0.0	862
Ga0374696_50_1047_1526	CP000240.1:1833257-1833770|CDS|CYB_1750	87.692	455	54	2	1	454	1	454	1.36e-160	562
Ga0374696_50_1493_1861	CP000239.1:714926-715322|CDS|CYA_0708	99.458	369	2	0	1	369	28	396	0.0	657
Ga0374696_50_1493_1861	CP000240.1:2213301-2213703|CDS|CYB_2119	75.504	347	81	2	13	357	49	393	5.37e-63	238
Ga0374696_50_1493_1861	CP000239.1:687318-687720|CDS|CYA_0680	74.640	347	84	2	13	357	49	393	3.39e-59	224
Ga0374696_50_1956_2078	CP000239.1:687173-687296|CDS|CYA_0679	91.870	123	10	0	1	123	1	123	1.29e-45	178
Ga0374696_51_1258_2319	CP000239.1:1890396-1891458|CDS|CYA_1885	99.906	1062	1	0	1	1062	1	1062	0.0	1911
Ga0374696_51_1258_2319	CP000240.1:275060-276122|CDS|CYB_0260	85.052	1057	158	0	1	1057	1	1057	0.0	1195
Ga0374696_51_2343_2657	CP000239.1:1891481-1895570|CDS|CYA_1886	100.000	315	0	0	1	315	3775	4089	5.89e-163	569
Ga0374696_51_2343_2657	CP000240.1:270932-275033|CDS|CYB_0259	78.169	284	57	2	19	299	3795	4076	2.36e-60	229
Ga0374696_52_313_1386	CP000239.1:820042-821119|CDS|CYA_0809	99.151	1060	9	0	1	1060	1	1060	0.0	1872
Ga0374696_52_313_1386	CP000240.1:775404-776481|CDS|CYB_0752	84.783	1058	161	0	11	1068	2	1059	0.0	1183
Ga0374696_52_1473_1919	CP000239.1:816710-817436|CDS|CYA_0804	99.760	417	1	0	1	417	1	417	0.0	748
Ga0374696_52_1473_1919	CP000240.1:777393-778116|CDS|CYB_0755	84.461	399	61	1	1	398	1	399	3.63e-123	437
Ga0374696_52_2050_2343	CP000239.1:817527-817860|CDS|CYA_0805	99.660	294	1	0	1	294	40	333	5.84e-150	526
Ga0374696_52_2050_2343	CP000240.1:776907-777240|CDS|CYB_0754	79.570	279	57	0	1	279	40	318	8.15e-66	247
Ga0374696_53_193_1263	CP000239.1:2919861-2921238|CDS|CYA_2895	100.000	1029	0	0	1	1029	1	1029	0.0	1856
Ga0374696_53_193_1263	CP000240.1:1715960-1717340|CDS|CYB_1644	81.977	1032	181	4	1	1028	1	1031	0.0	1010
Ga0374696_53_1643_2509	CP000239.1:2921617-2922979|CDS|CYA_2897	99.423	867	5	0	1	867	496	1362	0.0	1542
Ga0374696_53_1643_2509	CP000240.1:1758619-1759954|CDS|CYB_1683	86.386	808	110	0	3	810	498	1305	0.0	962
Ga0374696_55_258_812	CP000239.1:2863853-2864408|CDS|CYA_2848	100.000	555	0	0	1	555	1	555	0.0	1002
Ga0374696_55_258_812	CP000240.1:128096-128666|CDS|CYB_0114	84.325	504	73	1	53	550	62	565	2.36e-158	554
Ga0374696_55_1023_1730	CP000239.1:2864614-2865265|CDS|CYA_2849	99.826	576	1	0	1	576	1	576	0.0	1035
Ga0374696_55_1023_1730	CP000240.1:127261-127912|CDS|CYB_0113	89.410	576	61	0	1	576	1	576	0.0	765
Ga0374696_56_272_829	CP000239.1:756754-757312|CDS|CYA_0749	100.000	558	0	0	1	558	1	558	0.0	1007
Ga0374696_56_272_829	CP000240.1:904685-905243|CDS|CYB_0874	90.328	548	53	0	1	548	1	548	0.0	750
Ga0374696_56_903_1154	CP000239.1:757385-757637|CDS|CYA_0750	99.603	252	1	0	1	252	1	252	3.12e-127	451
Ga0374696_56_903_1154	CP000240.1:905386-905614|CDS|CYB_0875	87.838	222	27	0	28	249	1	222	1.16e-75	279
Ga0374696_56_1375_1665	CP000240.1:905700-906363|CDS|CYB_0877	90.753	292	26	1	1	291	169	460	1.66e-112	402
Ga0374696_56_1375_1665	CP000239.1:614687-615296|CDS|CYA_0606	70.293	239	71	0	28	266	172	410	4.18e-25	112
Ga0374696_56_1662_1868	CP000240.1:905700-906363|CDS|CYB_0877	88.406	207	24	0	1	207	457	663	5.91e-72	266
Ga0374696_57_1688_2095	CP000239.1:2293257-2293686|CDS|CYA_2290	99.754	407	1	0	2	408	23	429	0.0	730
Ga0374696_57_1688_2095	CP000240.1:1381003-1381438|CDS|CYB_1319	85.000	400	60	0	2	401	23	422	1.50e-127	452
Ga0374696_59_1160_1891	CP000240.1:1369404-1370121|CDS|CYB_1306	98.466	717	11	0	16	732	1	717	0.0	1244
Ga0374696_59_1160_1891	CP000239.1:578721-579414|CDS|CYA_0565	75.278	720	141	8	16	725	1	693	9.01e-140	494
Ga0374696_60_644_943	CP000239.1:743273-743990|CDS|CYA_0737	97.010	301	8	1	1	300	1	301	8.30e-142	499
Ga0374696_60_644_943	CP000240.1:2745261-2746416|CDS|CYB_2657	98.587	283	3	1	19	300	1	283	4.30e-139	489
Ga0374696_60_644_943	CP000240.1:1824951-1826106|CDS|CYB_1742	98.587	283	3	1	19	300	1	283	4.30e-139	489
Ga0374696_60_644_943	CP000240.1:269596-270751|CDS|CYB_0258	98.587	283	3	1	19	300	1	283	4.30e-139	489
Ga0374696_60_644_943	CP000240.1:2789871-2791026|CDS|CYB_2701	98.233	283	4	1	19	300	1	283	1.83e-137	485
Ga0374696_60_644_943	CP000240.1:95175-96330|CDS|CYB_0081	98.233	283	4	1	19	300	1	283	1.83e-137	485
Ga0374696_60_644_943	CP000240.1:559712-560867|CDS|CYB_0548	92.580	283	20	1	19	300	1	283	9.48e-116	413
Ga0374696_60_644_943	CP000240.1:1235562-1236717|CDS|CYB_1195	90.813	283	25	1	19	300	1	283	3.10e-109	390
Ga0374696_60_1057_1452	CP000240.1:1796273-1796669|CDS|CYB_1713	97.222	396	11	0	1	396	1	396	0.0	665
Ga0374696_60_1057_1452	CP000239.1:2340707-2341106|CDS|CYA_2335	79.275	386	80	0	9	394	12	397	8.03e-93	336
Ga0374696_60_1647_1958	CP000240.1:1796867-1797500|CDS|CYB_1714	98.397	312	5	0	1	312	322	633	2.83e-154	541
Ga0374696_60_1647_1958	CP000239.1:2458903-2459488|CDS|CYA_2450	86.601	306	41	0	1	306	274	579	3.69e-102	368
Ga0374696_61_429_2042	CP000239.1:2687652-2689266|CDS|CYA_2672	99.938	1614	1	0	1	1614	1	1614	0.0	2907
Ga0374696_61_429_2042	CP000240.1:2270082-2271666|CDS|CYB_2167	84.132	1607	225	6	1	1607	1	1577	0.0	1749
Ga0374696_62_36_125	CP000240.1:1361407-1362427|CDS|CYB_1300	95.556	90	4	0	1	90	931	1020	5.23e-36	145
Ga0374696_62_319_1134	CP000240.1:1364732-1365587|CDS|CYB_1302	97.270	806	22	0	1	806	49	854	0.0	1355
Ga0374696_62_319_1134	CP000239.1:1865039-1865843|CDS|CYA_1860	81.625	751	138	0	8	758	8	758	0.0	733
Ga0374696_62_1393_1932	CP000240.1:1365813-1366362|CDS|CYB_1303	96.667	540	18	0	1	540	10	549	0.0	893
