Ga0374738_01_217_2298	CP000239.1:1976914-1978981|CDS|CYA_1965	96.734	2082	53	2	1	2082	1	2067	0.0	3453
Ga0374738_01_217_2298	CP000240.1:2241124-2243206|CDS|CYB_2143	92.939	2082	147	0	1	2082	1	2082	0.0	3093
Ga0374738_01_2471_3601	CP000239.1:1979153-1980284|CDS|CYA_1966	100.000	1131	0	0	1	1131	1	1131	0.0	2040
Ga0374738_01_2471_3601	CP000240.1:2239850-2240981|CDS|CYB_2142	89.530	1127	118	0	1	1127	1	1127	0.0	1501
Ga0374738_01_3762_4988	CP000239.1:1980444-1981671|CDS|CYA_1967	99.104	1227	11	0	1	1227	1	1227	0.0	2164
Ga0374738_01_3762_4988	CP000240.1:2238426-2239653|CDS|CYB_2141	91.524	1227	104	0	1	1227	1	1227	0.0	1745
Ga0374738_01_5040_9749	CP000239.1:1981722-1986432|CDS|CYA_1968	98.025	4710	93	0	1	4710	1	4710	0.0	8075
Ga0374738_01_5040_9749	CP000240.1:2233526-2238314|CDS|CYB_2140	83.883	4790	690	16	1	4710	1	4788	0.0	5160
Ga0374738_01_9827_11458	CP000239.1:1986509-1988141|CDS|CYA_1969	99.755	1632	4	0	1	1632	1	1632	0.0	2926
Ga0374738_01_9827_11458	CP000240.1:2413979-2415611|CDS|CYB_2304	87.730	1630	200	0	1	1630	1	1630	0.0	2039
Ga0374738_01_11718_12506	CP000239.1:1988277-1989189|CDS|CYA_1971	99.873	789	1	0	1	789	124	912	0.0	1419
Ga0374738_01_11718_12506	CP000240.1:1189455-1190367|CDS|CYB_1149	83.440	779	129	0	1	779	124	902	0.0	824
Ga0374738_01_12503_12964	CP000239.1:1989185-1989647|CDS|CYA_1970	99.784	462	1	0	1	462	1	462	0.0	829
Ga0374738_01_12503_12964	CP000240.1:1189003-1189459|CDS|CYB_1150	82.955	440	72	1	1	437	1	440	4.89e-128	454
Ga0374738_01_13253_15736	CP000239.1:1989935-1992536|CDS|CYA_1973	92.512	2484	180	1	1	2484	124	2601	0.0	3643
Ga0374738_01_13253_15736	CP000240.1:1186152-1188744|CDS|CYB_1147	84.215	2477	364	2	1	2477	136	2585	0.0	2720
Ga0374738_01_16190_17059	CP000239.1:1992866-1993736|CDS|CYA_1974	99.770	870	2	0	1	870	1	870	0.0	1561
Ga0374738_01_16190_17059	CP000240.1:105602-106484|CDS|CYB_0090	85.731	869	122	2	1	868	1	868	0.0	1002
Ga0374738_01_17161_17397	CP000239.1:1993837-1994074|CDS|CYA_1975	100.000	237	0	0	1	237	1	237	9.52e-121	428
Ga0374738_01_17161_17397	CP000240.1:105273-105510|CDS|CYB_0089	87.838	222	27	0	1	222	1	222	1.09e-75	279
Ga0374738_01_17378_18664	CP000239.1:1994054-1995290|CDS|CYA_1976	100.000	1203	0	0	85	1287	34	1236	0.0	2170
Ga0374738_01_17378_18664	CP000240.1:104063-105293|CDS|CYB_0088	82.921	1212	207	0	76	1287	19	1230	0.0	1253
Ga0374738_01_18741_19877	CP000239.1:1996732-1997869|CDS|CYA_1978	97.537	1137	28	0	1	1137	1	1137	0.0	1925
Ga0374738_01_18741_19877	CP000240.1:101493-102624|CDS|CYB_0086	88.168	1048	124	0	1	1048	1	1048	0.0	1332
Ga0374738_01_19997_20371	CP000239.1:1997988-1998363|CDS|CYA_1979	100.000	375	0	0	1	375	1	375	0.0	677
Ga0374738_01_19997_20371	CP000240.1:1180685-1181060|CDS|CYB_1143	89.160	369	40	0	1	369	1	369	6.63e-138	486
Ga0374738_01_20511_21509	CP000239.1:1998385-1999501|CDS|CYA_1980	99.800	999	2	0	1	999	118	1116	0.0	1793
Ga0374738_01_20511_21509	CP000240.1:1181164-1182199|CDS|CYB_1144	85.571	998	144	0	1	998	37	1034	0.0	1151
Ga0374738_01_21609_23984	CP000239.1:1999600-2001976|CDS|CYA_1981	99.790	2376	5	0	1	2376	1	2376	0.0	4263
Ga0374738_01_21609_23984	CP000240.1:1182310-1184686|CDS|CYB_1145	90.894	2372	216	0	1	2372	1	2372	0.0	3305
Ga0374738_01_24108_25178	CP000239.1:2002147-2003170|CDS|CYA_1982	99.804	1023	2	0	49	1071	1	1023	0.0	1837
Ga0374738_01_24108_25178	CP000240.1:1184834-1185857|CDS|CYB_1146	84.267	1017	158	2	49	1064	1	1016	0.0	1106
Ga0374738_01_25393_25956	CP000239.1:2003652-2004384|CDS|CYA_1984	100.000	564	0	0	1	564	169	732	0.0	1018
Ga0374738_01_25393_25956	CP000240.1:107026-107731|CDS|CYB_0091	75.135	555	99	4	40	564	160	705	1.42e-110	397
Ga0374738_01_25979_26086	CP000239.1:2003652-2004384|CDS|CYA_1984	100.000	108	0	0	1	108	39	146	4.11e-51	196
Ga0374738_01_26188_26805	CP000239.1:2004447-2005065|CDS|CYA_1985	100.000	618	0	0	1	618	1	618	0.0	1115
Ga0374738_01_26188_26805	CP000240.1:107840-108458|CDS|CYB_0092	80.743	592	112	2	26	616	26	616	3.91e-156	547
Ga0374738_01_26833_28095	CP000239.1:2005092-2006355|CDS|CYA_1986	99.842	1263	2	0	1	1263	1	1263	0.0	2269
Ga0374738_01_26833_28095	CP000240.1:108514-109690|CDS|CYB_0093	84.446	1093	165	4	100	1188	1	1092	0.0	1192
Ga0374738_01_28215_28868	CP000239.1:2006474-2007128|CDS|CYA_1987	99.847	654	1	0	1	654	1	654	0.0	1176
Ga0374738_01_28215_28868	CP000240.1:110016-110670|CDS|CYB_0094	88.073	654	78	0	1	654	1	654	0.0	829
Ga0374738_01_29305_30657	CP000239.1:2007471-2008917|CDS|CYA_1988	99.778	1353	3	0	1	1353	94	1446	0.0	2427
Ga0374738_01_29305_30657	CP000240.1:110943-112338|CDS|CYB_0095	87.287	1290	164	0	1	1290	91	1380	0.0	1588
Ga0374738_01_30779_31909	CP000239.1:2009038-2010169|CDS|CYA_1990	100.000	1131	0	0	1	1131	1	1131	0.0	2040
Ga0374738_01_30779_31909	CP000240.1:2434457-2435588|CDS|CYB_2328	87.798	1131	136	2	1	1130	1	1130	0.0	1411
Ga0374738_01_31906_32391	CP000239.1:2010165-2010651|CDS|CYA_1989	100.000	486	0	0	1	486	1	486	0.0	877
Ga0374738_01_31906_32391	CP000240.1:2435564-2436077|CDS|CYB_2327	79.739	459	91	2	1	458	1	458	2.85e-112	402
Ga0374738_01_32511_33128	CP000239.1:2010770-2011592|CDS|CYA_1991	100.000	618	0	0	1	618	205	822	0.0	1115
Ga0374738_01_32511_33128	CP000240.1:2436196-2436928|CDS|CYB_2329	79.074	583	113	2	36	618	159	732	5.09e-142	501
Ga0374738_01_33475_33723	CP000239.1:2011734-2012391|CDS|CYA_1992	100.000	249	0	0	1	249	409	657	3.08e-127	450
Ga0374738_01_33475_33723	CP000240.1:2437163-2437823|CDS|CYB_2330	80.392	255	44	1	1	249	406	660	1.23e-62	236
Ga0374738_02_163_3117	CP000240.1:528508-531463|CDS|CYB_0516	97.327	2955	79	0	1	2955	1	2955	0.0	4974
Ga0374738_02_3264_3923	CP000240.1:527703-528363|CDS|CYB_0515	96.818	660	21	0	1	660	1	660	0.0	1096
Ga0374738_02_3264_3923	CP000239.1:1163148-1163808|CDS|CYA_1139	87.121	660	85	0	1	660	1	660	0.0	808
Ga0374738_02_4101_4397	CP000240.1:527384-527681|CDS|CYB_0514	91.525	295	25	0	1	295	1	295	6.32e-118	420
Ga0374738_02_4101_4397	CP000239.1:2862133-2862430|CDS|CYA_2844	81.852	270	47	2	1	269	1	269	1.31e-69	260
Ga0374738_02_4404_5366	CP000240.1:526112-527378|CDS|CYB_0513	96.885	963	30	0	1	963	304	1266	0.0	1602
Ga0374738_02_4404_5366	CP000239.1:2860885-2862127|CDS|CYA_2843	83.749	923	150	0	4	926	307	1229	0.0	989
Ga0374738_02_5424_6617	CP000239.1:893439-894633|CDS|CYA_0887	93.384	1194	79	0	1	1194	1	1194	0.0	1798
Ga0374738_02_5424_6617	CP000240.1:1842322-1843549|CDS|CYB_1759	94.026	1155	45	1	1	1131	1	1155	0.0	1790
Ga0374738_02_5424_6617	CP000240.1:1015074-1016268|CDS|CYB_0979	92.379	1194	91	0	1	1194	1	1194	0.0	1744
Ga0374738_02_5424_6617	CP000239.1:994256-995468|CDS|CYA_0981	91.419	1212	86	2	1	1194	1	1212	0.0	1725
Ga0374738_02_5424_6617	CP000240.1:345730-346924|CDS|CYB_0329	91.709	1194	99	0	1	1194	1	1194	0.0	1708
Ga0374738_02_5424_6617	CP000240.1:2565689-2566883|CDS|CYB_2468	90.704	1194	111	0	1	1194	1	1194	0.0	1654
Ga0374738_02_5424_6617	CP000240.1:1384265-1385459|CDS|CYB_1322	90.117	1194	118	0	1	1194	1	1194	0.0	1622
Ga0374738_02_5424_6617	CP000240.1:241642-242836|CDS|CYB_0233	90.126	1195	116	2	1	1194	1	1194	0.0	1617
Ga0374738_02_5424_6617	CP000240.1:1316312-1317548|CDS|CYB_1259	87.702	1236	110	3	1	1194	1	1236	0.0	1569
Ga0374738_02_5424_6617	CP000239.1:1594889-1596107|CDS|CYA_1585	87.931	1218	123	1	1	1194	1	1218	0.0	1552
Ga0374738_02_5424_6617	CP000240.1:2933473-2934709|CDS|CYB_2835	87.389	1237	112	5	1	1194	1	1236	0.0	1545
Ga0374738_02_5424_6617	CP000239.1:698055-699204|CDS|CYA_0690	89.189	1147	100	1	1	1123	1	1147	0.0	1527
Ga0374738_02_5424_6617	CP000240.1:2661652-2662870|CDS|CYB_2557	88.860	1149	104	1	1	1125	1	1149	0.0	1513
Ga0374738_02_5424_6617	CP000240.1:1244785-1246021|CDS|CYB_1201	86.489	1236	125	3	1	1194	1	1236	0.0	1501
Ga0374738_02_5424_6617	CP000240.1:629484-630702|CDS|CYB_0620	88.485	1155	109	1	1	1131	1	1155	0.0	1501
Ga0374738_02_5424_6617	CP000240.1:1267756-1268992|CDS|CYB_1227	86.580	1237	122	5	1	1194	1	1236	0.0	1500
Ga0374738_02_5424_6617	CP000240.1:2619921-2621115|CDS|CYB_2521	89.609	1126	115	2	1	1125	1	1125	0.0	1497
Ga0374738_02_5424_6617	CP000240.1:2247371-2248565|CDS|CYB_2147	87.437	1194	150	0	1	1194	1	1194	0.0	1478
Ga0374738_02_5424_6617	CP000239.1:629980-631174|CDS|CYA_0620	88.889	1125	125	0	1	1125	1	1125	0.0	1466
Ga0374738_02_5424_6617	CP000240.1:605550-606744|CDS|CYB_0598	88.594	1131	129	0	1	1131	1	1131	0.0	1459
Ga0374738_02_5424_6617	CP000240.1:481588-482800|CDS|CYB_0472	86.232	1213	147	5	1	1194	1	1212	0.0	1431
Ga0374738_02_5424_6617	CP000240.1:2168360-2169515|CDS|CYB_2071	85.838	1158	158	2	1	1155	1	1155	0.0	1346
Ga0374738_02_5424_6617	CP000239.1:774779-775973|CDS|CYA_0767	85.689	1125	161	0	1	1125	1	1125	0.0	1304
Ga0374738_02_5424_6617	CP000240.1:2644164-2645358|CDS|CYB_2538	85.511	1125	163	0	1	1125	1	1125	0.0	1295
Ga0374738_02_5424_6617	CP000239.1:712444-713638|CDS|CYA_0704	85.323	1131	166	0	1	1131	1	1131	0.0	1292
Ga0374738_02_5424_6617	CP000240.1:2210858-2212052|CDS|CYB_2117	85.244	1125	166	0	1	1125	1	1125	0.0	1281
Ga0374738_02_5424_6617	CP000240.1:2830275-2831565|CDS|CYB_2735	81.979	1243	175	3	1	1194	1	1243	0.0	1263
Ga0374738_02_5424_6617	CP000240.1:52430-53648|CDS|CYB_0041	83.896	1155	162	1	1	1131	1	1155	0.0	1262
Ga0374738_02_5424_6617	CP000240.1:1803089-1804283|CDS|CYB_1722	84.704	1131	173	0	1	1131	1	1131	0.0	1260
Ga0374738_02_5424_6617	CP000240.1:2796782-2798000|CDS|CYB_2707	83.899	1149	161	1	1	1125	1	1149	0.0	1256
Ga0374738_02_5424_6617	CP000240.1:3008652-3009870|CDS|CYB_2910	83.723	1155	164	1	1	1131	1	1155	0.0	1253
Ga0374738_02_5424_6617	CP000240.1:1064975-1066169|CDS|CYB_1023	84.622	1125	173	0	1	1125	1	1125	0.0	1250
Ga0374738_02_5424_6617	CP000239.1:2170714-2171908|CDS|CYA_2158	84.350	1131	177	0	1	1131	1	1131	0.0	1242
Ga0374738_02_5424_6617	CP000240.1:1190675-1191869|CDS|CYB_1151	84.458	1126	173	2	1	1125	1	1125	0.0	1235
Ga0374738_02_5424_6617	CP000240.1:102811-104029|CDS|CYB_0087	81.773	1218	198	1	1	1194	1	1218	0.0	1214
Ga0374738_02_5424_6617	CP000240.1:1521392-1522610|CDS|CYB_1450	83.029	1149	171	1	1	1125	1	1149	0.0	1211
Ga0374738_02_5424_6617	CP000240.1:1954838-1956056|CDS|CYB_1872	82.857	1155	174	1	1	1131	1	1155	0.0	1208
Ga0374738_02_5424_6617	CP000240.1:1083184-1084426|CDS|CYB_1042	81.764	1179	167	2	1	1131	1	1179	0.0	1192
Ga0374738_02_5424_6617	CP000240.1:2553363-2554557|CDS|CYB_2454	83.467	1125	186	0	1	1125	1	1125	0.0	1191
Ga0374738_02_5424_6617	CP000240.1:638632-639850|CDS|CYB_0630	82.507	1149	177	1	1	1125	1	1149	0.0	1184
Ga0374738_02_5424_6617	CP000240.1:1358129-1359347|CDS|CYB_1297	81.375	1149	190	1	1	1125	1	1149	0.0	1125
Ga0374738_02_5424_6617	CP000240.1:2128026-2129220|CDS|CYB_2026	79.532	1197	239	5	1	1194	1	1194	0.0	1038
Ga0374738_02_5424_6617	CP000240.1:1917270-1918464|CDS|CYB_1826	78.816	1199	244	7	1	1194	1	1194	0.0	995
Ga0374738_02_5424_6617	CP000240.1:2506708-2507857|CDS|CYB_2410	76.991	1130	138	6	1	1009	1	1129	0.0	949
Ga0374738_02_5424_6617	CP000240.1:1763450-1764623|CDS|CYB_1688	78.080	1177	248	7	1	1172	1	1172	0.0	938
Ga0374738_02_5424_6617	CP000240.1:2219258-2220470|CDS|CYB_2126	75.658	1216	270	7	1	1194	1	1212	0.0	851
Ga0374738_02_5424_6617	CP000239.1:693322-694534|CDS|CYA_0687	75.329	1216	274	7	1	1194	1	1212	0.0	833
Ga0374738_02_5424_6617	CP000239.1:88305-89487|CDS|CYA_0091	75.445	1124	246	8	1	1115	1	1103	0.0	774
Ga0374738_02_6688_6897	CP000240.1:526112-527378|CDS|CYB_0513	99.512	205	1	0	2	206	47	251	8.33e-102	366
Ga0374738_02_6688_6897	CP000239.1:2860885-2862127|CDS|CYA_2843	80.488	205	40	0	4	208	49	253	3.79e-49	190
Ga0374738_02_6833_7192	CP000240.1:525406-526018|CDS|CYB_0512	97.324	299	8	0	1	299	1	299	2.36e-143	504
Ga0374738_02_6833_7192	CP000239.1:2860210-2860822|CDS|CYA_2842	73.090	301	81	0	1	301	1	301	4.29e-45	178
Ga0374738_02_7318_8313	CP000240.1:524189-525287|CDS|CYB_0511	96.888	996	31	0	1	996	103	1098	0.0	1657
Ga0374738_02_7318_8313	CP000239.1:2859005-2860109|CDS|CYA_2841	85.700	993	142	0	1	993	103	1095	0.0	1151
Ga0374738_02_8681_9058	CP000240.1:523546-523924|CDS|CYB_0508	94.180	378	22	0	1	378	1	378	3.24e-167	583
Ga0374738_02_8681_9058	CP000239.1:2857205-2857583|CDS|CYA_2837	69.293	368	111	2	2	368	2	368	7.66e-36	148
Ga0374738_02_9596_14176	CP000240.1:518502-523083|CDS|CYB_0507	92.177	4589	343	15	1	4581	1	4581	0.0	6605
Ga0374738_02_9596_14176	CP000239.1:2852263-2856835|CDS|CYA_2836	86.332	3724	496	7	853	4574	853	4565	0.0	4402
Ga0374738_02_14435_14578	CP000240.1:518073-518244|CDS|CYB_0506	99.306	144	1	0	1	144	28	171	7.09e-69	256
Ga0374738_02_14435_14578	CP000239.1:2851883-2852084|CDS|CYA_2833	93.750	144	9	0	1	144	177	34	5.10e-58	220
Ga0374738_02_14435_14578	CP000239.1:2851880-2852051|CDS|CYA_2834	93.750	144	9	0	1	144	28	171	5.10e-58	220
Ga0374738_02_14668_15780	CP000240.1:516913-518011|CDS|CYB_0505	99.636	1098	4	0	16	1113	1	1098	0.0	1963
Ga0374738_02_14668_15780	CP000239.1:2850742-2851807|CDS|CYA_2832	82.254	1065	189	0	49	1113	1	1065	0.0	1069
Ga0374738_02_16016_17460_DR2	CP000239.1:1860048-1860273|CDS|CYA_1856	97.222	36	1	0	1	36	52	87	3.97e-11	61.7
Ga0374738_02_16016_17460_DR3	CP000239.1:1860048-1860273|CDS|CYA_1856	97.222	36	1	0	1	36	52	87	3.97e-11	61.7
Ga0374738_02_16016_17460_DR4	CP000239.1:1860048-1860273|CDS|CYA_1856	97.222	36	1	0	1	36	52	87	3.97e-11	61.7
Ga0374738_02_16016_17460_DR5	CP000239.1:1860048-1860273|CDS|CYA_1856	97.222	36	1	0	1	36	52	87	3.97e-11	61.7
Ga0374738_02_16016_17460_DR6	CP000239.1:1860048-1860273|CDS|CYA_1856	97.222	36	1	0	1	36	52	87	3.97e-11	61.7
Ga0374738_02_16016_17460_DR7	CP000239.1:1860048-1860273|CDS|CYA_1856	97.222	36	1	0	1	36	52	87	3.97e-11	61.7
Ga0374738_02_16016_17460_DR8	CP000239.1:1860048-1860273|CDS|CYA_1856	97.222	36	1	0	1	36	52	87	3.97e-11	61.7
Ga0374738_02_16016_17460_DR9	CP000239.1:1860048-1860273|CDS|CYA_1856	97.222	36	1	0	1	36	52	87	3.97e-11	61.7
Ga0374738_02_16016_17460_DR10	CP000239.1:1860048-1860273|CDS|CYA_1856	97.222	36	1	0	1	36	52	87	3.97e-11	61.7
Ga0374738_02_16016_17460_DR11	CP000239.1:1860048-1860273|CDS|CYA_1856	97.222	36	1	0	1	36	52	87	3.97e-11	61.7
Ga0374738_02_16016_17460_DR12	CP000239.1:1860048-1860273|CDS|CYA_1856	97.222	36	1	0	1	36	52	87	3.97e-11	61.7
Ga0374738_02_16016_17460_DR13	CP000239.1:1860048-1860273|CDS|CYA_1856	97.222	36	1	0	1	36	52	87	3.97e-11	61.7
Ga0374738_02_16016_17460_DR14	CP000239.1:1860048-1860273|CDS|CYA_1856	97.222	36	1	0	1	36	52	87	3.97e-11	61.7
Ga0374738_02_16016_17460_DR15	CP000239.1:1860048-1860273|CDS|CYA_1856	97.222	36	1	0	1	36	52	87	3.97e-11	61.7
Ga0374738_02_16016_17460_DR16	CP000239.1:1860048-1860273|CDS|CYA_1856	97.222	36	1	0	1	36	52	87	3.97e-11	61.7
Ga0374738_02_16016_17460_DR17	CP000239.1:1860048-1860273|CDS|CYA_1856	97.222	36	1	0	1	36	52	87	3.97e-11	61.7
Ga0374738_02_16016_17460_DR18	CP000239.1:1860048-1860273|CDS|CYA_1856	97.222	36	1	0	1	36	52	87	3.97e-11	61.7
Ga0374738_02_16016_17460_DR19	CP000239.1:1860048-1860273|CDS|CYA_1856	97.222	36	1	0	1	36	52	87	3.97e-11	61.7
Ga0374738_02_16016_17460_DR20	CP000239.1:1860048-1860273|CDS|CYA_1856	97.222	36	1	0	1	36	52	87	3.97e-11	61.7
Ga0374738_02_17540_18064	CP000240.1:514666-515191|CDS|CYB_0503	99.810	525	1	0	1	525	1	525	0.0	943
Ga0374738_02_17540_18064	CP000239.1:2190748-2191273|CDS|CYA_2174	88.190	525	62	0	1	525	1	525	0.0	668
Ga0374738_02_18068_18772	CP000240.1:513958-514663|CDS|CYB_0502	99.858	705	1	0	1	705	1	705	0.0	1268
Ga0374738_02_18068_18772	CP000239.1:2191276-2191987|CDS|CYA_2175	81.858	689	125	0	12	700	18	706	0.0	680
Ga0374738_02_18782_19501	CP000239.1:2191993-2192713|CDS|CYA_2176	84.814	698	106	0	1	698	1	698	0.0	782
Ga0374738_02_19622_19960	CP000240.1:3023196-3024534|CDS|CYB_2925	93.388	363	0	1	1	339	976	1338	2.71e-161	564
Ga0374738_02_19622_19960	CP000240.1:369858-371220|CDS|CYB_0353	87.080	387	2	1	1	339	976	1362	1.50e-145	512
Ga0374738_02_19622_19960	CP000240.1:260888-262250|CDS|CYB_0247	87.080	387	2	1	1	339	976	1362	1.50e-145	512
Ga0374738_02_20266_21660	CP000240.1:511014-512409|CDS|CYB_0500	100.000	1395	0	0	1	1395	1	1395	0.0	2516
Ga0374738_02_20266_21660	CP000239.1:23328-24723|CDS|CYA_0025	84.753	1397	209	2	1	1395	1	1395	0.0	1554
Ga0374738_02_21812_22999	CP000240.1:509675-510863|CDS|CYB_0498	99.158	1188	10	0	1	1188	1	1188	0.0	2098
Ga0374738_02_21812_22999	CP000239.1:1918913-1920101|CDS|CYA_1909	86.786	1173	155	0	1	1173	1	1173	0.0	1417
Ga0374738_02_23229_24287	CP000240.1:508357-509446|CDS|CYB_0497	98.206	1059	19	0	1	1059	31	1089	0.0	1825
Ga0374738_02_23229_24287	CP000239.1:1917678-1918737|CDS|CYA_1908	89.330	1059	113	0	1	1059	1	1059	0.0	1401
Ga0374738_02_24327_25058	CP000240.1:507619-508351|CDS|CYB_0496	98.907	732	8	0	1	732	1	732	0.0	1285
Ga0374738_02_24327_25058	CP000239.1:1916901-1917633|CDS|CYA_1907	89.344	732	78	0	1	732	1	732	0.0	969
Ga0374738_02_25057_25203	CP000240.1:507474-507621|CDS|CYB_0495	98.639	147	2	0	1	147	1	147	2.08e-69	257
Ga0374738_02_25212_25865	CP000240.1:506812-507466|CDS|CYB_0494	99.847	654	1	0	1	654	1	654	0.0	1176
Ga0374738_02_25212_25865	CP000239.1:1916124-1916772|CDS|CYA_1906	87.730	652	74	2	1	652	1	646	0.0	812
Ga0374738_02_25961_26395	CP000240.1:506210-506717|CDS|CYB_0493	99.770	435	1	0	1	435	73	507	0.0	781
Ga0374738_02_25961_26395	CP000239.1:1915476-1916058|CDS|CYA_1905	79.439	428	86	2	2	428	149	575	1.50e-102	369
Ga0374738_02_26484_27044	CP000240.1:505372-505891|CDS|CYB_0492	99.807	519	1	0	43	561	1	519	0.0	932
Ga0374738_02_26484_27044	CP000239.1:1914935-1915523|CDS|CYA_1904	84.645	521	80	0	11	531	26	546	5.98e-166	580
Ga0374738_02_27081_28016	CP000240.1:504358-505294|CDS|CYB_0491	98.291	936	16	0	1	936	1	936	0.0	1617
Ga0374738_02_27081_28016	CP000239.1:1913691-1914624|CDS|CYA_1903	84.385	935	143	1	1	935	1	932	0.0	1027
Ga0374738_04_535_1338	CP000239.1:1044009-1044813|CDS|CYA_1026	98.881	804	9	0	1	804	1	804	0.0	1410
Ga0374738_04_535_1338	CP000240.1:2721473-2722277|CDS|CYB_2629	84.826	804	122	0	1	804	1	804	0.0	901
Ga0374738_04_1388_1798	CP000239.1:1044862-1045273|CDS|CYA_1027	100.000	411	0	0	1	411	1	411	0.0	742
Ga0374738_04_1388_1798	CP000240.1:2720920-2721424|CDS|CYB_2628	88.264	409	48	0	1	409	94	502	1.01e-148	522
Ga0374738_04_2243_2686	CP000239.1:1045717-1046161|CDS|CYA_1028	100.000	444	0	0	1	444	1	444	0.0	801
Ga0374738_04_2243_2686	CP000240.1:2720213-2720657|CDS|CYB_2627	87.162	444	57	0	1	444	1	444	3.37e-155	545
Ga0374738_04_2781_3785	CP000239.1:1046249-1047260|CDS|CYA_1029	99.900	1005	1	0	1	1005	7	1011	0.0	1809
Ga0374738_04_2781_3785	CP000240.1:2719084-2720125|CDS|CYB_2626	81.371	1036	161	7	1	1005	7	1041	0.0	996
Ga0374738_04_3801_4739	CP000239.1:1047275-1049177|CDS|CYA_1030	99.894	939	0	1	1	939	1	938	0.0	1686
Ga0374738_04_3801_4739	CP000240.1:2717149-2719069|CDS|CYB_2625	86.262	939	128	1	1	939	1	938	0.0	1109
Ga0374738_04_4753_5001	CP000239.1:1047275-1049177|CDS|CYA_1030	99.598	249	0	1	1	249	952	1199	1.59e-124	442
Ga0374738_04_4753_5001	CP000240.1:2717149-2719069|CDS|CYB_2625	77.559	254	37	4	1	234	952	1205	2.53e-52	202
Ga0374738_04_5102_5704	CP000239.1:1047275-1049177|CDS|CYA_1030	100.000	603	0	0	1	603	1300	1902	0.0	1088
Ga0374738_04_5102_5704	CP000240.1:2717149-2719069|CDS|CYB_2625	84.848	594	85	2	11	603	1331	1920	0.0	662
Ga0374738_04_5721_6623	CP000239.1:1049193-1050096|CDS|CYA_1031	100.000	903	0	0	1	903	1	903	0.0	1629
Ga0374738_04_5721_6623	CP000240.1:2951359-2952262|CDS|CYB_2854	84.828	903	137	0	1	903	1	903	0.0	1012
Ga0374738_04_6881_7630	CP000239.1:1050353-1051103|CDS|CYA_1033	99.733	750	2	0	1	750	1	750	0.0	1344
Ga0374738_04_6881_7630	CP000240.1:2952636-2953380|CDS|CYB_2856	86.800	750	93	1	1	750	1	744	0.0	908
Ga0374738_04_7627_8964	CP000239.1:1051099-1052437|CDS|CYA_1032	99.851	1338	2	0	1	1338	1	1338	0.0	2405
Ga0374738_04_7627_8964	CP000240.1:2953376-2954759|CDS|CYB_2855	76.235	1376	243	8	3	1318	15	1366	0.0	1048
Ga0374738_04_9134_10159	CP000239.1:1052606-1053632|CDS|CYA_1034	99.903	1026	1	0	1	1026	1	1026	0.0	1847
Ga0374738_04_9134_10159	CP000240.1:2954904-2955939|CDS|CYB_2857	86.184	1035	134	1	1	1026	1	1035	0.0	1226
Ga0374738_04_10594_11052	CP000239.1:88305-89487|CDS|CYA_0091	77.458	417	87	3	3	413	184	599	2.07e-88	322
Ga0374738_04_10594_11052	CP000240.1:2796782-2798000|CDS|CYB_2707	73.474	475	99	4	3	451	184	657	2.87e-80	296
Ga0374738_04_10594_11052	CP000239.1:1594889-1596107|CDS|CYA_1585	76.145	415	92	3	1	409	182	595	2.87e-80	296
Ga0374738_04_10594_11052	CP000240.1:1384265-1385459|CDS|CYB_1322	73.109	476	101	4	1	450	182	656	4.27e-78	288
Ga0374738_04_10594_11052	CP000240.1:2247371-2248565|CDS|CYB_2147	75.663	415	94	3	1	409	182	595	1.49e-77	287
Ga0374738_04_10594_11052	CP000240.1:1316312-1317548|CDS|CYB_1259	73.053	475	101	4	3	451	184	657	1.49e-77	287
Ga0374738_04_10594_11052	CP000240.1:1190675-1191869|CDS|CYB_1151	75.663	415	94	3	1	409	182	595	1.49e-77	287
Ga0374738_04_10594_11052	CP000239.1:2170714-2171908|CDS|CYA_2158	72.842	475	102	4	3	451	184	657	1.81e-76	282
Ga0374738_04_10594_11052	CP000240.1:1842322-1843549|CDS|CYB_1759	72.785	474	102	4	3	450	184	656	6.33e-76	280
Ga0374738_04_10594_11052	CP000240.1:2644164-2645358|CDS|CYB_2538	75.243	412	95	3	1	406	182	592	7.71e-75	277
Ga0374738_04_10594_11052	CP000240.1:241642-242836|CDS|CYB_0233	72.421	475	104	4	3	451	184	657	9.40e-74	273
Ga0374738_04_10594_11052	CP000240.1:2565689-2566883|CDS|CYB_2468	75.061	413	94	4	1	406	182	592	3.28e-73	271
Ga0374738_04_10594_11052	CP000240.1:2661652-2662870|CDS|CYB_2557	74.818	413	97	3	3	409	184	595	1.14e-72	269
Ga0374738_04_10594_11052	CP000239.1:893439-894633|CDS|CYA_0887	74.818	413	97	3	3	409	184	595	1.14e-72	269
Ga0374738_04_10594_11052	CP000240.1:2619921-2621115|CDS|CYB_2521	72.211	475	105	4	3	451	184	657	4.00e-72	269
Ga0374738_04_10594_11052	CP000240.1:1803089-1804283|CDS|CYB_1722	72.117	477	106	4	1	451	182	657	4.00e-72	268
Ga0374738_04_10594_11052	CP000240.1:629484-630702|CDS|CYB_0620	75.510	392	89	3	24	409	229	619	4.00e-72	268
Ga0374738_04_10594_11052	CP000240.1:345730-346924|CDS|CYB_0329	74.757	412	97	3	1	406	182	592	4.00e-72	268
Ga0374738_04_10594_11052	CP000240.1:1521392-1522610|CDS|CYB_1450	72.687	454	97	4	24	451	229	681	1.39e-71	267
Ga0374738_04_10594_11052	CP000240.1:1064975-1066169|CDS|CYB_1023	71.908	477	107	4	1	451	182	657	1.70e-70	263
Ga0374738_04_10594_11052	CP000239.1:994256-995468|CDS|CYA_0981	74.515	412	98	3	1	406	182	592	1.70e-70	263
Ga0374738_04_10594_11052	CP000239.1:712444-713638|CDS|CYA_0704	74.334	413	99	3	3	409	184	595	5.93e-70	260
Ga0374738_04_10594_11052	CP000240.1:2128026-2129220|CDS|CYB_2026	74.390	410	98	3	1	404	182	590	2.07e-69	260
Ga0374738_04_10594_11052	CP000240.1:52430-53648|CDS|CYB_0041	74.390	410	98	3	3	406	184	592	2.07e-69	260
Ga0374738_04_10594_11052	CP000240.1:2933473-2934709|CDS|CYB_2835	75.000	392	91	3	24	409	229	619	2.07e-69	259
Ga0374738_04_10594_11052	CP000240.1:3008652-3009870|CDS|CYB_2910	72.247	454	99	4	24	451	229	681	7.23e-69	258
Ga0374738_04_10594_11052	CP000240.1:1267756-1268992|CDS|CYB_1227	72.247	454	99	4	24	451	229	681	7.23e-69	258
Ga0374738_04_10594_11052	CP000239.1:774779-775973|CDS|CYA_0767	71.730	474	107	4	3	450	184	656	7.23e-69	258
Ga0374738_04_10594_11052	CP000240.1:1954838-1956056|CDS|CYB_1872	74.092	413	100	3	3	409	184	595	2.52e-68	256
Ga0374738_04_10594_11052	CP000239.1:698055-699204|CDS|CYA_0690	74.146	410	99	3	3	406	184	592	2.52e-68	255
Ga0374738_04_10594_11052	CP000240.1:102811-104029|CDS|CYB_0087	72.026	454	100	4	24	451	229	681	8.80e-68	253
Ga0374738_04_10594_11052	CP000240.1:2168360-2169515|CDS|CYB_2071	71.548	478	103	6	3	451	184	657	3.07e-67	252
Ga0374738_04_10594_11052	CP000240.1:2210858-2212052|CDS|CYB_2117	73.850	413	101	3	3	409	184	595	3.07e-67	251
Ga0374738_04_10594_11052	CP000239.1:629980-631174|CDS|CYA_0620	73.850	413	101	3	3	409	184	595	3.07e-67	251
Ga0374738_04_10594_11052	CP000240.1:2219258-2220470|CDS|CYB_2126	73.786	412	101	3	1	406	182	592	1.07e-66	250
Ga0374738_04_10594_11052	CP000240.1:481588-482800|CDS|CYB_0472	71.279	477	110	4	1	451	182	657	1.07e-66	250
Ga0374738_04_10594_11052	CP000240.1:1358129-1359347|CDS|CYB_1297	71.806	454	101	4	24	451	229	681	3.74e-66	249
Ga0374738_04_10594_11052	CP000240.1:638632-639850|CDS|CYB_0630	71.806	454	101	4	24	451	229	681	3.74e-66	249
Ga0374738_04_10594_11052	CP000240.1:605550-606744|CDS|CYB_0598	71.158	475	110	4	3	451	184	657	1.31e-65	246
Ga0374738_04_10594_11052	CP000240.1:1917270-1918464|CDS|CYB_1826	73.544	412	102	3	1	406	182	592	4.56e-65	245
Ga0374738_04_10594_11052	CP000240.1:1015074-1016268|CDS|CYB_0979	71.069	477	111	4	1	451	182	657	4.56e-65	245
Ga0374738_04_10594_11052	CP000239.1:693322-694534|CDS|CYA_0687	73.544	412	102	3	1	406	182	592	4.56e-65	245
Ga0374738_04_10594_11052	CP000240.1:1083184-1084426|CDS|CYB_1042	71.586	454	102	4	24	451	229	681	4.56e-65	244
Ga0374738_04_10594_11052	CP000240.1:2830275-2831565|CDS|CYB_2735	71.302	453	103	4	24	450	229	680	6.77e-63	238
Ga0374738_04_10594_11052	CP000240.1:1763450-1764623|CDS|CYB_1688	73.058	412	104	3	1	406	182	592	2.36e-62	236
Ga0374738_04_10594_11052	CP000240.1:2553363-2554557|CDS|CYB_2454	72.577	423	108	4	3	419	184	604	1.00e-60	230
Ga0374738_04_10594_11052	CP000240.1:1244785-1246021|CDS|CYB_1201	68.938	499	104	5	3	451	184	681	4.27e-59	225
Ga0374738_04_10594_11052	CP000240.1:2506708-2507857|CDS|CYB_2410	66.733	502	92	6	24	451	253	753	7.23e-50	194
Ga0374738_04_11105_11599	CP000239.1:88305-89487|CDS|CYA_0091	76.497	451	75	2	1	444	718	1144	3.79e-98	355
Ga0374738_04_11518_12033	CP000239.1:1055039-1055432|CDS|CYA_1035	99.483	387	2	0	64	450	1	387	0.0	690
Ga0374738_04_11518_12033	CP000240.1:2956211-2956679|CDS|CYB_2858	79.570	465	77	3	1	450	1	462	4.82e-116	414
Ga0374738_04_12283_12771	CP000239.1:1055744-1056233|CDS|CYA_1037	99.591	489	2	0	1	489	1	489	0.0	874
Ga0374738_04_12283_12771	CP000240.1:2956991-2957483|CDS|CYB_2859	87.169	491	60	1	1	488	1	491	5.53e-172	600
Ga0374738_04_12818_14725	CP000239.1:1056279-1058187|CDS|CYA_1038	96.646	1908	64	0	1	1908	1	1908	0.0	3153
Ga0374738_04_12818_14725	CP000240.1:2958120-2960031|CDS|CYB_2861	95.556	1845	82	0	64	1908	67	1911	0.0	2958
Ga0374738_04_14719_15714	CP000239.1:1058180-1059176|CDS|CYA_1039	97.189	996	28	0	1	996	1	996	0.0	1671
Ga0374738_04_14719_15714	CP000240.1:2960024-2961029|CDS|CYB_2862	97.739	973	22	0	1	973	1	973	0.0	1656
Ga0374738_04_15980_16474	CP000239.1:1059441-1059936|CDS|CYA_1040	100.000	495	0	0	1	495	1	495	0.0	893
Ga0374738_04_15980_16474	CP000240.1:2961045-2961606|CDS|CYB_2863	94.366	426	24	0	34	459	34	459	0.0	661
Ga0374738_04_16698_16808	CP000240.1:2961045-2961606|CDS|CYB_2863	99.038	104	1	0	8	111	458	561	2.68e-47	184
Ga0374738_04_16830_17549	CP000239.1:1060291-1061749|CDS|CYA_1041	98.889	720	8	0	1	720	739	1458	0.0	1263
Ga0374738_04_16830_17549	CP000240.1:2961627-2963085|CDS|CYB_2864	97.361	720	19	0	1	720	739	1458	0.0	1214
Ga0374738_04_17440_18288	CP000240.1:2961627-2963085|CDS|CYB_2864	99.293	849	5	1	1	849	1	848	0.0	1501
Ga0374738_04_17440_18288	CP000239.1:1060291-1061749|CDS|CYA_1041	99.293	849	5	1	1	849	1	848	0.0	1501
Ga0374738_04_18455_19282	CP000240.1:2963261-2965085|CDS|CYB_2865	97.705	828	19	0	1	828	997	1824	0.0	1408
Ga0374738_04_18455_19282	CP000239.1:1061914-1063738|CDS|CYA_1042	90.217	828	81	0	1	828	997	1824	0.0	1129
Ga0374738_05_25_2124	CP000239.1:2337764-2340623|CDS|CYA_2333	99.810	2100	4	0	1	2100	760	2859	0.0	3770
Ga0374738_05_2121_3716	CP000239.1:2336151-2337768|CDS|CYA_2334	91.800	1561	116	3	48	1596	57	1617	0.0	2236
Ga0374738_05_2121_3716	CP000240.1:1592884-1594510|CDS|CYB_1516	76.408	1598	299	16	19	1562	28	1601	0.0	1181
Ga0374738_05_3734_4321	CP000240.1:1594527-1595121|CDS|CYB_1517	85.160	593	82	1	1	587	1	593	0.0	674
Ga0374738_05_3734_4321	CP000239.1:2335567-2336134|CDS|CYA_2332	83.365	523	87	0	8	530	5	527	3.05e-157	552
Ga0374738_05_4384_4731	CP000239.1:2335175-2335523|CDS|CYA_2331	99.709	344	1	0	1	344	1	344	5.03e-177	617
Ga0374738_05_4384_4731	CP000240.1:1595183-1595483|CDS|CYB_1518	85.172	290	43	0	59	348	11	300	1.04e-90	330
Ga0374738_05_4731_5111	CP000239.1:2334828-2335176|CDS|CYA_2330	100.000	348	0	0	34	381	1	348	0.0	628
Ga0374738_05_4731_5111	CP000240.1:1595530-1595872|CDS|CYB_1519	85.050	301	45	0	79	379	40	340	6.33e-94	341
Ga0374738_05_5224_7119	CP000239.1:2332787-2334683|CDS|CYA_2329	99.684	1896	6	0	1	1896	1	1896	0.0	3393
Ga0374738_05_5224_7119	CP000240.1:1596007-1597948|CDS|CYB_1520	83.531	1937	271	9	1	1892	1	1934	0.0	2058
Ga0374738_05_7134_8333	CP000239.1:2331573-2332773|CDS|CYA_2328	99.833	1200	2	0	1	1200	1	1200	0.0	2156
Ga0374738_05_7134_8333	CP000240.1:1627419-1628604|CDS|CYB_1554	82.067	1171	206	2	1	1169	1	1169	0.0	1160
Ga0374738_05_7134_8333	CP000240.1:1627638-1628709|CDS|CYB_1553	81.618	952	171	2	220	1169	1071	122	0.0	923
Ga0374738_05_9454_10431	CP000239.1:2329475-2330453|CDS|CYA_2326	100.000	978	0	0	1	978	1	978	0.0	1764
Ga0374738_05_9454_10431	CP000240.1:1849210-1850191|CDS|CYB_1765	87.461	973	122	0	1	973	1	973	0.0	1205
Ga0374738_05_10679_11855_DR2	CP000239.1:1860048-1860273|CDS|CYA_1856	97.222	36	1	0	1	36	52	87	3.97e-11	61.7
Ga0374738_05_10679_11855_DR3	CP000239.1:1860048-1860273|CDS|CYA_1856	97.222	36	1	0	1	36	52	87	3.97e-11	61.7
Ga0374738_05_10679_11855_DR4	CP000239.1:1860048-1860273|CDS|CYA_1856	97.222	36	1	0	1	36	52	87	3.97e-11	61.7
Ga0374738_05_10679_11855_DR5	CP000239.1:1860048-1860273|CDS|CYA_1856	97.222	36	1	0	1	36	52	87	3.97e-11	61.7
Ga0374738_05_10679_11855_DR6	CP000239.1:1860048-1860273|CDS|CYA_1856	97.222	36	1	0	1	36	52	87	3.97e-11	61.7
Ga0374738_05_10679_11855_DR7	CP000239.1:1860048-1860273|CDS|CYA_1856	97.222	36	1	0	1	36	52	87	3.97e-11	61.7
Ga0374738_05_10679_11855_DR8	CP000239.1:1860048-1860273|CDS|CYA_1856	97.222	36	1	0	1	36	52	87	3.97e-11	61.7
Ga0374738_05_10679_11855_DR9	CP000239.1:1860048-1860273|CDS|CYA_1856	97.222	36	1	0	1	36	52	87	3.97e-11	61.7
Ga0374738_05_10679_11855_DR10	CP000239.1:1860048-1860273|CDS|CYA_1856	97.222	36	1	0	1	36	52	87	3.97e-11	61.7
Ga0374738_05_10679_11855_DR11	CP000239.1:1860048-1860273|CDS|CYA_1856	97.222	36	1	0	1	36	52	87	3.97e-11	61.7
Ga0374738_05_10679_11855_DR12	CP000239.1:1860048-1860273|CDS|CYA_1856	97.222	36	1	0	1	36	52	87	3.97e-11	61.7
Ga0374738_05_10679_11855_DR13	CP000239.1:1860048-1860273|CDS|CYA_1856	97.222	36	1	0	1	36	52	87	3.97e-11	61.7
Ga0374738_05_10679_11855_DR14	CP000239.1:1860048-1860273|CDS|CYA_1856	97.222	36	1	0	1	36	52	87	3.97e-11	61.7
Ga0374738_05_10679_11855_DR15	CP000239.1:1860048-1860273|CDS|CYA_1856	97.222	36	1	0	1	36	52	87	3.97e-11	61.7
Ga0374738_06_584_1174	CP000239.1:207608-208199|CDS|CYA_0202	100.000	591	0	0	1	591	1	591	0.0	1067
Ga0374738_06_584_1174	CP000240.1:1291788-1292412|CDS|CYB_1243	82.432	518	91	0	67	584	100	617	4.26e-149	525
Ga0374738_06_1272_1868	CP000240.1:1291087-1291684|CDS|CYB_1242	95.812	597	25	0	1	597	1	597	0.0	965
Ga0374738_06_1272_1868	CP000239.1:206914-207511|CDS|CYA_0201	95.798	595	25	0	1	595	1	595	0.0	961
Ga0374738_06_9485_10225	CP000239.1:198730-199495|CDS|CYA_0199	85.098	765	90	2	1	741	1	765	0.0	879
Ga0374738_06_9485_10225	CP000240.1:1282594-1283350|CDS|CYB_1239	76.923	663	150	1	1	660	1	663	5.03e-143	505
Ga0374738_06_10282_11415	CP000239.1:197546-198674|CDS|CYA_0198	94.709	1134	54	1	1	1134	1	1128	0.0	1776
Ga0374738_06_10282_11415	CP000240.1:1281431-1282544|CDS|CYB_1238	76.045	1148	200	19	7	1124	4	1106	0.0	813
Ga0374738_07_1027_2655	CP000239.1:2679389-2681012|CDS|CYA_2663	99.938	1623	1	0	7	1629	1	1623	0.0	2923
Ga0374738_07_1027_2655	CP000240.1:2521911-2523540|CDS|CYB_2425	84.819	1627	230	6	7	1620	1	1623	0.0	1810
Ga0374738_07_2721_2834	CP000239.1:2681083-2681197|CDS|CYA_2664	100.000	114	0	0	1	114	1	114	2.43e-54	206
Ga0374738_07_2721_2834	CP000240.1:2523603-2523717|CDS|CYB_2426	83.929	112	18	0	1	112	1	112	7.95e-29	122
Ga0374738_07_3546_4463	CP000239.1:2681419-2682826|CDS|CYA_2666	99.891	918	1	0	1	918	490	1407	0.0	1652
Ga0374738_07_3546_4463	CP000240.1:2523863-2525267|CDS|CYB_2428	81.709	913	157	2	1	913	496	1398	0.0	894
Ga0374738_07_4460_5041	CP000239.1:2682822-2683404|CDS|CYA_2665	100.000	582	0	0	1	582	1	582	0.0	1050
Ga0374738_07_4460_5041	CP000240.1:2525263-2525857|CDS|CYB_2427	80.134	599	95	4	1	581	1	593	3.67e-156	548
Ga0374738_07_5392_6147	CP000239.1:2683754-2684510|CDS|CYA_2667	99.735	756	2	0	1	756	1	756	0.0	1355
Ga0374738_07_5392_6147	CP000240.1:2526098-2526854|CDS|CYB_2430	78.968	756	159	0	1	756	1	756	0.0	647
Ga0374738_07_6879_7229	CP000239.1:2685241-2685592|CDS|CYA_2668	100.000	351	0	0	1	351	1	351	0.0	634
Ga0374738_07_6879_7229	CP000240.1:2267645-2268005|CDS|CYB_2164	83.056	360	52	2	1	351	1	360	2.81e-104	374
Ga0374738_07_7440_8432	CP000239.1:2685874-2686795|CDS|CYA_2670	100.000	921	0	0	73	993	1	921	0.0	1662
Ga0374738_07_7440_8432	CP000240.1:2268251-2269172|CDS|CYB_2165	88.491	921	106	0	73	993	1	921	0.0	1184
Ga0374738_07_8707_9222	CP000239.1:2686874-2687585|CDS|CYA_2671	99.806	516	1	0	1	516	196	711	0.0	927
Ga0374738_07_8707_9222	CP000240.1:2269264-2269984|CDS|CYB_2166	87.791	516	63	0	1	516	205	720	0.0	647
Ga0374738_07_9290_10903	CP000239.1:2687652-2689266|CDS|CYA_2672	99.938	1614	1	0	1	1614	1	1614	0.0	2907
Ga0374738_07_9290_10903	CP000240.1:2270082-2271666|CDS|CYB_2167	84.132	1607	225	6	1	1607	1	1577	0.0	1749
Ga0374738_07_10916_11077	CP000239.1:2689278-2690304|CDS|CYA_2673	100.000	162	0	0	1	162	865	1026	3.24e-80	293
Ga0374738_07_10916_11077	CP000240.1:2271678-2272701|CDS|CYB_2168	74.194	186	24	2	1	162	838	1023	6.69e-32	132
Ga0374738_08_156_1817	CP000239.1:159946-161716|CDS|CYA_0165	99.579	1662	7	0	1	1662	109	1770	0.0	2966
Ga0374738_08_156_1817	CP000240.1:1013237-1014965|CDS|CYB_0977	88.165	1673	186	2	2	1662	56	1728	0.0	2127
Ga0374738_08_1882_2613	CP000239.1:159201-159990|CDS|CYA_0163	99.727	732	2	0	1	732	58	789	0.0	1312
Ga0374738_08_1882_2613	CP000240.1:1016269-1017004|CDS|CYB_0980	85.736	652	93	0	80	731	83	734	0.0	757
Ga0374738_08_2930_3235	CP000239.1:158573-158942|CDS|CYA_0162	100.000	306	0	0	1	306	64	369	4.39e-158	553
Ga0374738_08_2930_3235	CP000240.1:1017329-1017698|CDS|CYB_0982	89.216	306	33	0	1	306	64	369	5.02e-113	404
Ga0374738_08_3648_4871	CP000239.1:157000-158224|CDS|CYA_0161	99.755	1224	3	0	1	1224	1	1224	0.0	2195
Ga0374738_08_3648_4871	CP000240.1:1018037-1019276|CDS|CYB_0983	83.842	1213	196	0	1	1213	1	1213	0.0	1305
Ga0374738_08_4926_5684	CP000239.1:156187-156946|CDS|CYA_0160	100.000	759	0	0	1	759	1	759	0.0	1370
Ga0374738_08_4926_5684	CP000240.1:2422795-2423566|CDS|CYB_2311	86.104	770	95	1	1	758	1	770	0.0	913
Ga0374738_08_5794_6990	CP000239.1:154881-156000|CDS|CYA_0159	100.000	1119	0	0	79	1197	1	1119	0.0	2019
Ga0374738_08_5794_6990	CP000240.1:2421461-2422580|CDS|CYB_2310	87.668	1119	138	0	79	1197	1	1119	0.0	1397
Ga0374738_08_7030_7833	CP000239.1:154077-154842|CDS|CYA_0157	99.865	741	1	0	1	741	1	741	0.0	1333
Ga0374738_08_7866_8105	CP000239.1:151960-152200|CDS|CYA_0155	100.000	240	0	0	1	240	1	240	2.27e-122	434
Ga0374738_08_7866_8105	CP000240.1:2419212-2419452|CDS|CYB_2308	87.324	213	27	0	28	240	28	240	8.49e-71	263
Ga0374738_08_8199_9116	CP000239.1:150949-151867|CDS|CYA_0154	98.802	918	11	0	1	918	1	918	0.0	1607
Ga0374738_08_8199_9116	CP000240.1:1964804-1965716|CDS|CYB_1880	86.608	911	122	0	1	911	1	911	0.0	1094
Ga0374738_08_9209_9895	CP000239.1:141728-142415|CDS|CYA_0147	96.798	687	22	0	1	687	1	687	0.0	1141
Ga0374738_08_9209_9895	CP000240.1:1974253-1974940|CDS|CYB_1887	87.773	687	84	0	1	687	1	687	0.0	861
Ga0374738_09_448_717	CP000239.1:2711744-2712014|CDS|CYA_2696	100.000	270	0	0	1	270	1	270	1.34e-138	488
Ga0374738_09_448_717	CP000240.1:68198-68468|CDS|CYB_0055	85.448	268	39	0	1	268	1	268	2.59e-84	308
Ga0374738_09_932_1465	CP000239.1:2712108-2712762|CDS|CYA_2697	100.000	534	0	0	1	534	121	654	0.0	964
Ga0374738_09_932_1465	CP000240.1:68550-69216|CDS|CYB_0056	85.825	515	73	0	1	515	127	641	6.07e-172	600
Ga0374738_09_1928_2239	CP000239.1:455920-457171|CDS|CYA_0436	92.050	239	19	0	9	247	6	244	1.21e-95	346
Ga0374738_09_2277_2543	CP000239.1:455920-457171|CDS|CYA_0436	82.935	293	24	3	1	267	917	625	6.02e-86	314
Ga0374738_09_2596_2790	CP000239.1:455920-457171|CDS|CYA_0436	74.899	247	10	1	1	195	970	1216	1.30e-54	209
Ga0374738_09_3123_3815	CP000239.1:2714419-2715112|CDS|CYA_2699	99.856	693	1	0	1	693	1	693	0.0	1246
Ga0374738_09_3123_3815	CP000240.1:186761-187454|CDS|CYB_0174	85.051	689	103	0	1	689	1	689	0.0	779
Ga0374738_09_4033_5172	CP000239.1:2715284-2716424|CDS|CYA_2700	99.912	1140	1	0	1	1140	1	1140	0.0	2052
Ga0374738_09_4033_5172	CP000240.1:1314363-1315503|CDS|CYB_1258	84.825	1140	173	0	1	1140	1	1140	0.0	1277
Ga0374738_09_5215_7170	CP000240.1:1310953-1312915|CDS|CYB_1256	84.895	1953	289	3	10	1956	10	1962	0.0	2185
Ga0374738_09_7173_8654	CP000239.1:2718425-2719907|CDS|CYA_2702	99.055	1482	14	0	1	1482	1	1482	0.0	2610
Ga0374738_09_7173_8654	CP000240.1:1309436-1310912|CDS|CYB_1255	85.300	1483	206	5	1	1480	1	1474	0.0	1681
Ga0374738_09_8701_9792	CP000239.1:2719953-2721045|CDS|CYA_2703	100.000	1092	0	0	1	1092	1	1092	0.0	1970
Ga0374738_09_8701_9792	CP000240.1:1308297-1309389|CDS|CYB_1254	89.103	1092	119	0	1	1092	1	1092	0.0	1434
Ga0374738_10_316_1089	CP000239.1:240855-241740|CDS|CYA_0238	99.871	774	1	0	1	774	112	885	0.0	1392
Ga0374738_10_316_1089	CP000240.1:1867813-1868575|CDS|CYB_1782	77.747	728	150	6	1	722	25	746	5.26e-162	567
Ga0374738_10_1373_2698	CP000239.1:241888-243349|CDS|CYA_0239	97.134	1326	38	0	1	1326	136	1461	0.0	2221
Ga0374738_10_2708_3484	CP000239.1:243359-244130|CDS|CYA_0240	92.490	759	57	0	19	777	13	771	0.0	1113
Ga0374738_10_2708_3484	CP000240.1:1870498-1871242|CDS|CYB_1784	84.254	724	107	4	19	738	13	733	0.0	781
Ga0374738_10_3492_4901	CP000239.1:244137-245547|CDS|CYA_0241	97.730	1410	32	0	1	1410	1	1410	0.0	2399
Ga0374738_10_5566_5874	CP000239.1:245743-246574|CDS|CYA_0242	96.764	309	10	0	1	309	523	831	3.89e-146	513
Ga0374738_10_5975_6985	CP000239.1:246675-247608|CDS|CYA_0243	97.428	933	24	0	79	1011	1	933	0.0	1575
Ga0374738_10_5975_6985	CP000240.1:1873482-1874415|CDS|CYB_1786	86.817	933	123	0	79	1011	1	933	0.0	1129
Ga0374738_10_7237_7698	CP000239.1:247937-248399|CDS|CYA_0244	100.000	462	0	0	1	462	1	462	0.0	834
Ga0374738_10_7237_7698	CP000240.1:1874747-1875209|CDS|CYB_1787	90.672	461	43	0	1	461	1	461	0.0	638
Ga0374738_10_7836_9332	CP000239.1:248587-250033|CDS|CYA_0245	99.931	1446	1	0	52	1497	1	1446	0.0	2604
Ga0374738_10_7836_9332	CP000240.1:1875396-1876878|CDS|CYB_1788	80.554	1481	242	17	52	1491	1	1476	0.0	1338
Ga0374738_11_67_1611	CP000239.1:806398-808078|CDS|CYA_0797	97.605	1545	37	0	1	1545	136	1680	0.0	2620
Ga0374738_11_67_1611	CP000240.1:1409783-1411427|CDS|CYB_1342	83.506	1540	251	2	1	1540	103	1639	0.0	1627
Ga0374738_11_1810_2184	CP000239.1:808141-808642|CDS|CYA_0798	99.733	375	1	0	1	375	127	501	0.0	673
Ga0374738_11_1810_2184	CP000240.1:1405599-1406109|CDS|CYB_1340	86.216	370	51	0	1	370	109	478	3.01e-123	438
Ga0374738_11_2727_3827	CP000239.1:809058-810159|CDS|CYA_0799	99.728	1101	3	0	1	1101	1	1101	0.0	1973
Ga0374738_11_2727_3827	CP000240.1:1403996-1405103|CDS|CYB_1339	85.353	1106	156	1	1	1100	1	1106	0.0	1266
Ga0374738_11_4026_5297	CP000239.1:810357-811815|CDS|CYA_0800	98.506	1272	19	0	1	1272	187	1458	0.0	2209
Ga0374738_11_4026_5297	CP000240.1:1402445-1403918|CDS|CYB_1338	86.546	1271	171	0	1	1271	202	1472	0.0	1522
Ga0374738_11_5495_6154	CP000239.1:811826-812486|CDS|CYA_0801	99.848	660	1	0	1	660	1	660	0.0	1187
Ga0374738_11_5495_6154	CP000240.1:1401744-1402434|CDS|CYB_1337	88.685	654	74	0	6	659	36	689	0.0	847
Ga0374738_11_6231_7520	CP000239.1:812562-813909|CDS|CYA_0802	99.922	1290	1	0	1	1290	58	1347	0.0	2323
Ga0374738_11_6231_7520	CP000240.1:1400327-1401674|CDS|CYB_1336	87.907	1290	156	0	1	1290	58	1347	0.0	1624
Ga0374738_11_8120_8785	CP000239.1:814451-816473|CDS|CYA_0803	98.048	666	13	0	1	666	1357	2022	0.0	1143
Ga0374738_11_8120_8785	CP000240.1:1397454-1399515|CDS|CYB_1335	83.283	658	110	0	2	659	1373	2030	0.0	691
Ga0374738_12_13_984	CP000239.1:2283776-2284748|CDS|CYA_2276	99.897	972	1	0	1	972	1	972	0.0	1749
Ga0374738_12_13_984	CP000240.1:457348-458311|CDS|CYB_0451	85.744	954	136	0	10	963	1	954	0.0	1108
Ga0374738_12_1000_1686	CP000239.1:2283074-2283761|CDS|CYA_2275	99.854	687	1	0	1	687	1	687	0.0	1235
Ga0374738_12_1000_1686	CP000240.1:458339-459143|CDS|CYB_0452	85.145	653	96	1	1	653	118	769	0.0	737
Ga0374738_12_1847_2161	CP000239.1:2282599-2282914|CDS|CYA_2274	100.000	315	0	0	1	315	1	315	5.89e-163	569
Ga0374738_12_1847_2161	CP000240.1:459187-459544|CDS|CYB_0453	79.603	353	30	1	1	311	1	353	1.22e-95	346
Ga0374738_12_2291_3358	CP000239.1:2281402-2282470|CDS|CYA_2273	100.000	1068	0	0	1	1068	1	1068	0.0	1927
Ga0374738_12_2291_3358	CP000240.1:459575-460622|CDS|CYB_0454	83.052	1068	160	3	1	1068	1	1047	0.0	1116
Ga0374738_12_3527_4264	CP000239.1:2280496-2281234|CDS|CYA_2272	100.000	738	0	0	1	738	1	738	0.0	1332
Ga0374738_12_3527_4264	CP000240.1:460790-461510|CDS|CYB_0455	85.097	718	107	0	1	718	1	718	0.0	813
Ga0374738_12_4261_4893	CP000239.1:2279867-2280500|CDS|CYA_2271	100.000	633	0	0	1	633	1	633	0.0	1142
Ga0374738_12_4261_4893	CP000240.1:461524-462157|CDS|CYB_0456	88.291	632	74	0	1	632	1	632	0.0	807
Ga0374738_12_4912_5733	CP000239.1:2279027-2279849|CDS|CYA_2270	95.620	822	36	0	1	822	1	822	0.0	1321
Ga0374738_12_4912_5733	CP000240.1:462169-463003|CDS|CYB_0457	78.032	742	141	5	1	728	1	734	2.71e-172	601
Ga0374738_12_5755_6729	CP000239.1:2278031-2279024|CDS|CYA_2269	100.000	975	0	0	1	975	19	993	0.0	1759
Ga0374738_12_5755_6729	CP000240.1:463029-463950|CDS|CYB_0458	78.381	902	152	7	76	975	61	921	0.0	755
Ga0374738_12_8810_9367	CP000239.1:2274971-2276132|CDS|CYA_2266	100.000	558	0	0	1	558	604	1161	0.0	1007
Ga0374738_12_8810_9367	CP000240.1:465555-466713|CDS|CYB_0461	79.570	558	111	1	1	558	604	1158	2.37e-139	491
Ga0374738_12_8810_9367	CP000240.1:2079055-2080213|CDS|CYB_1979	79.211	558	113	1	1	558	604	1158	1.23e-136	482
Ga0374738_13_274_999	CP000239.1:816710-817436|CDS|CYA_0804	100.000	726	0	0	1	726	1	726	0.0	1310
Ga0374738_13_274_999	CP000240.1:777393-778116|CDS|CYB_0755	82.913	714	122	0	1	714	1	714	0.0	738
Ga0374738_13_1238_1561	CP000239.1:814451-816473|CDS|CYA_0803	100.000	275	0	0	1	275	1	275	3.15e-141	497
Ga0374738_13_1238_1561	CP000240.1:1397454-1399515|CDS|CYB_1335	88.364	275	32	0	1	275	1	275	8.46e-98	352
Ga0374738_13_1678_2862	CP000239.1:797504-798689|CDS|CYA_0788	100.000	1185	0	0	1	1185	1	1185	0.0	2138
Ga0374738_13_1678_2862	CP000240.1:3038165-3039350|CDS|CYB_2935	85.738	1185	169	0	1	1185	1	1185	0.0	1376
Ga0374738_13_2859_3122	CP000239.1:798685-798949|CDS|CYA_0789	98.485	264	4	0	1	264	1	264	6.33e-130	459
Ga0374738_13_2859_3122	CP000240.1:3039346-3039616|CDS|CYB_2936	76.494	251	59	0	1	251	1	251	5.95e-48	187
Ga0374738_13_3119_4210	CP000239.1:798945-800037|CDS|CYA_0790	99.542	1092	5	0	1	1092	1	1092	0.0	1948
Ga0374738_13_3119_4210	CP000240.1:3039612-3040641|CDS|CYB_2937	81.478	934	167	6	45	975	30	960	0.0	884
Ga0374738_13_4345_5865	CP000239.1:800171-801692|CDS|CYA_0791	99.803	1521	3	0	1	1521	1	1521	0.0	2730
Ga0374738_13_4345_5865	CP000240.1:1415905-1417561|CDS|CYB_1347	76.874	1561	320	10	1	1521	97	1656	0.0	1180
Ga0374738_13_6037_7242	CP000239.1:1196823-1198029|CDS|CYA_1181	99.834	1206	2	0	1	1206	1	1206	0.0	2167
Ga0374738_13_6037_7242	CP000239.1:229316-230522|CDS|CYA_0226	99.834	1206	2	0	1	1206	1	1206	0.0	2167
Ga0374738_13_6037_7242	CP000239.1:1995329-1996559|CDS|CYA_1977	99.502	1206	6	0	1	1206	25	1230	0.0	2149
Ga0374738_13_6037_7242	CP000240.1:2277226-2278432|CDS|CYB_2174	88.152	1207	141	2	1	1206	1	1206	0.0	1526
Ga0374738_13_7581_8567	CP000239.1:802084-803077|CDS|CYA_0793	99.899	987	1	0	1	987	7	993	0.0	1776
Ga0374738_13_7581_8567	CP000240.1:1414777-1415764|CDS|CYB_1346	83.300	988	163	2	1	987	1	987	0.0	1031
Ga0374738_14_17_754	CP000240.1:2565689-2566883|CDS|CYB_2468	93.557	745	41	1	1	738	61	805	0.0	1130
Ga0374738_14_17_754	CP000240.1:345730-346924|CDS|CYB_0329	93.557	745	41	1	1	738	61	805	0.0	1130
Ga0374738_14_17_754	CP000239.1:994256-995468|CDS|CYA_0981	93.289	745	43	1	1	738	61	805	0.0	1121
Ga0374738_14_17_754	CP000240.1:1384265-1385459|CDS|CYB_1322	92.617	745	48	1	1	738	61	805	0.0	1098
Ga0374738_14_17_754	CP000240.1:2933473-2934709|CDS|CYB_2835	90.767	769	40	2	1	738	61	829	0.0	1086
Ga0374738_14_17_754	CP000240.1:241642-242836|CDS|CYB_0233	92.081	745	52	1	1	738	61	805	0.0	1080
Ga0374738_14_17_754	CP000239.1:893439-894633|CDS|CYA_0887	91.409	745	57	1	1	738	61	805	0.0	1058
Ga0374738_14_17_754	CP000240.1:1267756-1268992|CDS|CYB_1227	88.947	769	54	2	1	738	61	829	0.0	1023
Ga0374738_14_17_754	CP000240.1:2619921-2621115|CDS|CYB_2521	90.336	745	65	1	1	738	61	805	0.0	1021
Ga0374738_14_17_754	CP000240.1:1015074-1016268|CDS|CYB_0979	90.336	745	65	1	1	738	61	805	0.0	1021
Ga0374738_14_17_754	CP000240.1:2661652-2662870|CDS|CYB_2557	88.296	769	59	2	1	738	61	829	0.0	1001
Ga0374738_14_17_754	CP000240.1:629484-630702|CDS|CYB_0620	88.296	769	59	2	1	738	61	829	0.0	1001
Ga0374738_14_17_754	CP000239.1:629980-631174|CDS|CYA_0620	89.664	745	70	1	1	738	61	805	0.0	999
Ga0374738_14_17_754	CP000240.1:481588-482800|CDS|CYB_0472	89.396	745	72	1	1	738	61	805	0.0	990
Ga0374738_14_17_754	CP000240.1:1842322-1843549|CDS|CYB_1759	87.906	769	62	2	1	738	61	829	0.0	987
Ga0374738_14_17_754	CP000240.1:605550-606744|CDS|CYB_0598	89.262	745	73	1	1	738	61	805	0.0	985
Ga0374738_14_17_754	CP000240.1:1244785-1246021|CDS|CYB_1201	86.736	769	71	2	1	738	61	829	0.0	947
Ga0374738_14_17_754	CP000239.1:698055-699204|CDS|CYA_0690	86.736	769	71	2	1	738	61	829	0.0	947
Ga0374738_14_17_754	CP000239.1:1594889-1596107|CDS|CYA_1585	87.818	747	80	3	1	738	61	805	0.0	934
Ga0374738_14_17_754	CP000240.1:1316312-1317548|CDS|CYB_1259	86.747	747	88	3	1	738	61	805	0.0	898
Ga0374738_14_17_754	CP000240.1:2247371-2248565|CDS|CYB_2147	86.479	747	90	3	1	738	61	805	0.0	889
Ga0374738_14_17_754	CP000240.1:1190675-1191869|CDS|CYB_1151	85.542	747	97	3	1	738	61	805	0.0	857
Ga0374738_14_17_754	CP000240.1:2644164-2645358|CDS|CYB_2538	84.337	747	106	3	1	738	61	805	0.0	817
Ga0374738_14_17_754	CP000240.1:1064975-1066169|CDS|CYB_1023	84.337	747	106	3	1	738	61	805	0.0	817
Ga0374738_14_17_754	CP000239.1:2170714-2171908|CDS|CYA_2158	84.337	747	106	3	1	738	61	805	0.0	817
Ga0374738_14_17_754	CP000239.1:774779-775973|CDS|CYA_0767	84.337	747	106	3	1	738	61	805	0.0	817
Ga0374738_14_17_754	CP000240.1:1954838-1956056|CDS|CYB_1872	82.361	771	101	4	1	738	61	829	0.0	792
Ga0374738_14_17_754	CP000240.1:52430-53648|CDS|CYB_0041	82.231	771	102	4	1	738	61	829	0.0	787
Ga0374738_14_17_754	CP000240.1:1803089-1804283|CDS|CYB_1722	83.221	745	118	1	1	738	61	805	0.0	783
Ga0374738_14_17_754	CP000240.1:2210858-2212052|CDS|CYB_2117	83.266	747	114	3	1	738	61	805	0.0	781
Ga0374738_14_17_754	CP000240.1:638632-639850|CDS|CYB_0630	81.795	769	109	2	1	738	61	829	0.0	775
Ga0374738_14_17_754	CP000240.1:2168360-2169515|CDS|CYB_2071	82.823	751	110	5	1	738	61	805	0.0	768
Ga0374738_14_17_754	CP000239.1:712444-713638|CDS|CYA_0704	82.597	747	119	3	1	738	61	805	0.0	758
Ga0374738_14_17_754	CP000240.1:3008652-3009870|CDS|CYB_2910	81.323	771	109	4	1	738	61	829	0.0	755
Ga0374738_14_17_754	CP000240.1:1521392-1522610|CDS|CYB_1450	81.193	771	110	4	1	738	61	829	0.0	751
Ga0374738_14_17_754	CP000240.1:2553363-2554557|CDS|CYB_2454	82.195	747	122	3	1	738	61	805	0.0	745
Ga0374738_14_17_754	CP000240.1:2128026-2129220|CDS|CYB_2026	84.242	679	103	2	1	677	61	737	0.0	737
Ga0374738_14_17_754	CP000240.1:1358129-1359347|CDS|CYB_1297	80.545	771	115	4	1	738	61	829	0.0	728
Ga0374738_14_17_754	CP000240.1:102811-104029|CDS|CYB_0087	80.545	771	115	4	1	738	61	829	0.0	728
Ga0374738_14_17_754	CP000240.1:2796782-2798000|CDS|CYB_2707	80.285	771	117	4	1	738	61	829	0.0	719
Ga0374738_14_17_754	CP000240.1:2830275-2831565|CDS|CYB_2735	78.994	795	108	5	1	738	61	853	0.0	712
Ga0374738_14_17_754	CP000240.1:1083184-1084426|CDS|CYB_1042	78.994	795	108	5	1	738	61	853	0.0	712
Ga0374738_14_17_754	CP000240.1:1763450-1764623|CDS|CYB_1688	81.176	680	122	2	1	677	61	737	0.0	646
Ga0374738_14_17_754	CP000240.1:2219258-2220470|CDS|CYB_2126	81.029	680	123	2	1	677	61	737	0.0	642
Ga0374738_14_17_754	CP000239.1:693322-694534|CDS|CYA_0687	80.636	692	128	2	1	689	61	749	0.0	641
Ga0374738_14_17_754	CP000240.1:1917270-1918464|CDS|CYB_1826	80.735	680	125	2	1	677	61	737	0.0	633
Ga0374738_14_17_754	CP000240.1:2506708-2507857|CDS|CYB_2410	75.092	819	97	7	25	738	109	925	7.44e-179	623
Ga0374738_14_17_754	CP000239.1:88305-89487|CDS|CYA_0091	75.904	747	167	5	2	738	62	805	1.54e-149	526
Ga0374738_14_1483_1695	CP000239.1:993658-993928|CDS|CYA_0979	100.000	198	0	0	1	198	198	1	1.26e-99	358
Ga0374738_14_1483_1695	CP000240.1:2806083-2806359|CDS|CYB_2713	81.726	197	36	0	2	198	197	1	3.16e-50	194
Ga0374738_14_1651_1767	CP000239.1:993658-993928|CDS|CYA_0979	99.145	117	1	0	1	117	154	270	2.51e-54	207
Ga0374738_14_1651_1767	CP000240.1:2806083-2806359|CDS|CYB_2713	80.899	89	17	0	1	89	154	242	2.06e-17	85.1
Ga0374738_14_1779_2306	CP000239.1:992522-993647|CDS|CYA_0978	99.811	528	1	0	1	528	598	1125	0.0	948
Ga0374738_14_1779_2306	CP000240.1:3024714-3025836|CDS|CYB_2926	74.296	533	124	8	1	528	598	1122	8.36e-88	320
Ga0374738_14_2368_2904	CP000239.1:992522-993647|CDS|CYA_0978	99.814	537	0	1	1	537	1	536	0.0	961
Ga0374738_14_2368_2904	CP000240.1:3024714-3025836|CDS|CYB_2926	85.316	538	76	3	1	537	1	536	5.01e-173	604
Ga0374738_14_3276_5081	CP000239.1:990345-992028|CDS|CYA_0977	99.941	1683	1	0	124	1806	1	1683	0.0	3031
Ga0374738_14_3276_5081	CP000240.1:3026348-3028034|CDS|CYB_2927	85.063	1667	249	0	128	1794	2	1668	0.0	1884
Ga0374738_14_5163_6203	CP000239.1:989223-990264|CDS|CYA_0976	99.904	1041	1	0	1	1041	1	1041	0.0	1874
Ga0374738_14_5163_6203	CP000240.1:3028127-3029168|CDS|CYB_2928	87.608	1041	129	0	1	1041	1	1041	0.0	1297
Ga0374738_14_6354_7877	CP000239.1:987513-989007|CDS|CYA_0975	97.390	1494	3	1	67	1524	1	1494	0.0	2547
Ga0374738_14_6354_7877	CP000240.1:3029342-3031082|CDS|CYB_2929	86.473	1449	194	2	1	1448	1	1448	0.0	1723
Ga0374738_15_2809_3225	CP000239.1:285645-286068|CDS|CYA_0279	86.538	416	50	1	1	410	1	416	1.18e-141	499
Ga0374738_15_2809_3225	CP000240.1:2227135-2227633|CDS|CYB_2133	81.707	410	67	3	1	403	1	409	1.03e-110	396
Ga0374738_15_2809_3225	CP000239.1:279448-279994|CDS|CYA_0273	82.385	369	65	0	1	369	1	369	1.18e-103	373
Ga0374738_15_3236_3778	CP000239.1:285107-285635|CDS|CYA_0278	99.053	528	5	0	16	543	1	528	0.0	930
Ga0374738_15_3236_3778	CP000240.1:2226599-2227124|CDS|CYB_2132	80.534	524	101	1	16	538	1	524	1.19e-136	482
Ga0374738_15_3821_5410	CP000239.1:283489-285079|CDS|CYA_0277	97.925	1590	33	0	1	1590	1	1590	0.0	2719
Ga0374738_15_3821_5410	CP000240.1:2224918-2226547|CDS|CYB_2131	87.079	1486	192	0	78	1563	117	1602	0.0	1815
Ga0374738_15_5441_7147	CP000239.1:275782-277948|CDS|CYA_0269	99.353	1699	11	0	1	1699	1	1699	0.0	3015
Ga0374738_15_5441_7147	CP000240.1:809622-811788|CDS|CYB_0785	86.227	1699	234	0	1	1699	1	1699	0.0	2010
Ga0374738_15_7234_8292	CP000239.1:278034-279093|CDS|CYA_0270	95.940	1059	43	0	1	1059	1	1059	0.0	1717
Ga0374738_15_7234_8292	CP000240.1:811919-812990|CDS|CYB_0786	90.952	1061	94	1	1	1059	1	1061	0.0	1479
Ga0374738_16_83_784	CP000239.1:2323898-2324714|CDS|CYA_2322	93.732	702	44	0	1	702	115	816	0.0	1068
Ga0374738_16_83_784	CP000240.1:2137432-2138263|CDS|CYB_2036	79.020	653	137	0	1	653	136	788	7.08e-160	561
Ga0374738_16_1231_1770	CP000239.1:2322725-2323265|CDS|CYA_2320	100.000	540	0	0	1	540	1	540	0.0	975
Ga0374738_16_1828_2703	CP000239.1:2321825-2322668|CDS|CYA_2319	99.763	843	2	0	34	876	1	843	0.0	1512
Ga0374738_16_2877_3062	CP000239.1:2320812-2321619|CDS|CYA_2318	100.000	186	0	0	1	186	622	807	3.52e-93	336
Ga0374738_16_2877_3062	CP000240.1:2135169-2135931|CDS|CYB_2033	85.484	186	27	0	1	186	577	762	2.90e-56	214
Ga0374738_16_3851_4219	CP000239.1:2320183-2320645|CDS|CYA_2317	100.000	369	0	0	1	369	94	462	0.0	666
Ga0374738_16_3851_4219	CP000240.1:2134562-2134943|CDS|CYB_2032	77.778	360	80	0	6	365	9	368	9.69e-79	289
Ga0374738_16_4607_5326	CP000239.1:2319169-2319889|CDS|CYA_2316	100.000	720	0	0	1	720	1	720	0.0	1299
Ga0374738_16_4607_5326	CP000240.1:2133373-2134093|CDS|CYB_2031	86.528	720	97	0	1	720	1	720	0.0	862
Ga0374738_16_5369_6247	CP000239.1:2318278-2319127|CDS|CYA_2315	98.465	847	13	0	33	879	3	849	0.0	1470
Ga0374738_16_5369_6247	CP000240.1:2132468-2133317|CDS|CYB_2030	88.061	846	101	0	33	878	3	848	0.0	1071
Ga0374738_17_920_1432	CP000239.1:1486244-1486910|CDS|CYA_1478	99.805	513	1	0	1	513	154	666	0.0	921
Ga0374738_17_920_1432	CP000240.1:1553928-1554426|CDS|CYB_1479	81.139	509	75	3	1	506	1	491	2.17e-139	491
Ga0374738_17_1484_3118	CP000239.1:1486961-1488596|CDS|CYA_1479	97.982	1635	33	0	1	1635	1	1635	0.0	2801
Ga0374738_17_1484_3118	CP000240.1:1552233-1553868|CDS|CYB_1478	88.502	1635	188	0	1	1635	1	1635	0.0	2102
Ga0374738_17_3370_3846	CP000239.1:1488847-1489324|CDS|CYA_1481	100.000	477	0	0	1	477	1	477	0.0	861
Ga0374738_17_3370_3846	CP000240.1:1550152-1550629|CDS|CYB_1474	87.660	470	58	0	1	470	1	470	3.40e-168	587
Ga0374738_17_4657_5928	CP000239.1:1490110-1491406|CDS|CYA_1483	99.921	1272	1	0	1	1272	25	1296	0.0	2290
Ga0374738_17_4657_5928	CP000240.1:1548066-1549365|CDS|CYB_1472	85.016	1268	187	1	1	1265	25	1292	0.0	1429
Ga0374738_17_6048_7625	CP000239.1:1491526-1493104|CDS|CYA_1484	99.620	1578	6	0	1	1578	1	1578	0.0	2819
Ga0374738_17_6048_7625	CP000240.1:1546358-1547942|CDS|CYB_1471	85.518	1526	221	0	1	1526	1	1526	0.0	1756
Ga0374738_18_242_979	CP000239.1:239219-240008|CDS|CYA_0236	99.864	738	1	0	1	738	52	789	0.0	1327
Ga0374738_18_242_979	CP000240.1:1865922-1866687|CDS|CYB_1780	84.824	738	88	1	1	738	52	765	0.0	844
Ga0374738_18_1216_2364	CP000239.1:237765-239034|CDS|CYA_0235	99.913	1149	1	0	1	1149	121	1269	0.0	2068
Ga0374738_18_1216_2364	CP000240.1:1864407-1865727|CDS|CYB_1779	86.921	1101	144	0	1	1101	121	1221	0.0	1337
Ga0374738_18_2609_2995	CP000239.1:236955-237525|CDS|CYA_0234	85.399	363	53	0	6	368	189	551	1.02e-116	416
Ga0374738_18_2609_2995	CP000240.1:1863391-1863958|CDS|CYB_1778	84.254	362	57	0	6	367	189	550	9.54e-111	397
Ga0374738_18_3480_4685	CP000239.1:235425-236730|CDS|CYA_0232	98.833	1200	14	0	7	1206	106	1305	0.0	2102
Ga0374738_18_3480_4685	CP000240.1:1861855-1863166|CDS|CYB_1776	81.894	1193	210	1	7	1193	106	1298	0.0	1179
Ga0374738_18_4672_6492	CP000239.1:233618-235439|CDS|CYA_0233	99.286	1821	13	0	1	1821	1	1821	0.0	3226
Ga0374738_18_4672_6492	CP000240.1:2231649-2233479|CDS|CYB_2139	79.134	1802	328	8	1	1754	1	1802	0.0	1563
Ga0374738_18_6712_7329	CP000239.1:232781-233399|CDS|CYA_0231	100.000	618	0	0	1	618	1	618	0.0	1115
Ga0374738_18_6712_7329	CP000240.1:2230497-2231103|CDS|CYB_2138	83.882	608	92	2	1	608	1	602	0.0	652
Ga0374738_18_7402_7647	CP000239.1:232463-232709|CDS|CYA_0230	100.000	246	0	0	1	246	1	246	1.29e-125	444
Ga0374738_18_7402_7647	CP000240.1:2230153-2230390|CDS|CYB_2136	79.545	220	45	0	1	220	1	220	3.71e-50	195
Ga0374738_19_620_1681	CP000239.1:1890396-1891458|CDS|CYA_1885	99.906	1062	1	0	1	1062	1	1062	0.0	1911
Ga0374738_19_620_1681	CP000240.1:275060-276122|CDS|CYB_0260	85.052	1057	158	0	1	1057	1	1057	0.0	1195
Ga0374738_19_1705_5832	CP000239.1:1891481-1895570|CDS|CYA_1886	99.780	4089	9	0	40	4128	1	4089	0.0	7334
Ga0374738_19_1705_5832	CP000240.1:270932-275033|CDS|CYB_0259	75.255	4110	946	17	40	4112	1	4076	0.0	2815
Ga0374738_19_6337_6810	CP000239.1:1896113-1896587|CDS|CYA_1888	100.000	474	0	0	1	474	1	474	0.0	856
Ga0374738_19_6337_6810	CP000240.1:268364-268817|CDS|CYB_0253	83.812	383	62	0	92	474	71	453	1.54e-115	412
Ga0374738_19_6857_7591	CP000239.1:1896633-1897416|CDS|CYA_1889	99.864	735	1	0	1	735	49	783	0.0	1322
Ga0374738_19_6857_7591	CP000240.1:267543-268326|CDS|CYB_0252	81.818	726	132	0	1	726	49	774	0.0	715
Ga0374738_20_35_460	CP000239.1:2571627-2572236|CDS|CYA_2551	94.131	426	25	0	1	426	184	609	0.0	656
Ga0374738_20_35_460	CP000240.1:1861120-1861735|CDS|CYB_1775	81.455	426	79	0	1	426	190	615	1.37e-115	413
Ga0374738_20_35_460	CP000240.1:2004169-2004751|CDS|CYB_1919	66.087	345	104	8	54	390	207	546	5.50e-13	71.6
Ga0374738_20_35_460	CP000239.1:1732497-1733079|CDS|CYA_1728	66.087	345	104	8	54	390	207	546	5.50e-13	71.6
Ga0374738_20_537_1103	CP000239.1:2572192-2572879|CDS|CYA_2552	99.824	567	1	0	1	567	121	687	0.0	1019
Ga0374738_20_537_1103	CP000240.1:1860439-1861027|CDS|CYB_1774	74.638	552	126	4	7	557	7	545	1.03e-99	360
Ga0374738_20_1257_3443	CP000239.1:2573293-2576749|CDS|CYA_2553	85.609	1897	263	7	262	2153	1	1892	0.0	2168
Ga0374738_20_1257_3443	CP000240.1:1856513-1860257|CDS|CYB_1773	76.101	2067	482	6	93	2153	111	2171	0.0	1485
Ga0374738_20_3449_4033	CP000239.1:2571015-2571600|CDS|CYA_2550	99.487	585	3	0	1	585	1	585	0.0	1042
Ga0374738_20_3449_4033	CP000240.1:878589-879339|CDS|CYB_0845	71.031	611	140	14	1	585	151	750	3.47e-74	275
Ga0374738_20_4212_5531	CP000239.1:2569517-2570837|CDS|CYA_2548	99.394	1320	8	0	1	1320	1	1320	0.0	2345
Ga0374738_20_4212_5531	CP000240.1:877088-878468|CDS|CYB_0843	80.749	1335	242	2	1	1320	46	1380	0.0	1254
Ga0374738_20_5778_7013	CP000239.1:2566277-2569103|CDS|CYA_2547	97.992	1046	21	0	169	1214	1	1046	0.0	1792
Ga0374738_20_5778_7013	CP000240.1:873898-876886|CDS|CYB_0842	80.017	1196	227	4	13	1205	7	1193	0.0	1073
Ga0374738_21_322_1500	CP000239.1:1786384-1787563|CDS|CYA_1785	100.000	1179	0	0	1	1179	1	1179	0.0	2127
Ga0374738_21_322_1500	CP000240.1:2346623-2347814|CDS|CYB_2241	86.650	1191	147	1	1	1179	1	1191	0.0	1438
Ga0374738_21_1830_2243	CP000239.1:1785641-1786055|CDS|CYA_1784	99.517	414	2	0	1	414	1	414	0.0	738
Ga0374738_21_1830_2243	CP000239.1:1785658-1786702|CDS|CYA_1783	99.496	397	2	0	18	414	1044	648	0.0	708
Ga0374738_21_1830_2243	CP000240.1:1266949-1267360|CDS|CYB_1224	86.473	414	53	1	1	414	1	411	4.96e-140	493
Ga0374738_21_2317_2880	CP000239.1:1785004-1785568|CDS|CYA_1782	99.645	564	2	0	1	564	1	564	0.0	1009
Ga0374738_21_2317_2880	CP000240.1:1266320-1266884|CDS|CYB_1223	88.078	562	67	0	1	562	1	562	0.0	712
Ga0374738_21_3199_3909	CP000239.1:1783975-1784686|CDS|CYA_1780	99.859	711	1	0	1	711	1	711	0.0	1278
Ga0374738_21_3199_3909	CP000240.1:1265311-1266022|CDS|CYB_1222	88.762	703	79	0	1	703	1	703	0.0	912
Ga0374738_21_4009_4434	CP000239.1:1783450-1783876|CDS|CYA_1779	99.765	426	1	0	1	426	1	426	0.0	765
Ga0374738_21_4009_4434	CP000240.1:1264779-1265205|CDS|CYB_1221	86.854	426	56	0	1	426	1	426	4.48e-147	517
Ga0374738_21_4444_5115	CP000239.1:1782769-1783441|CDS|CYA_1778	99.851	672	1	0	1	672	1	672	0.0	1208
Ga0374738_21_4444_5115	CP000240.1:1264104-1264770|CDS|CYB_1220	87.897	661	80	0	12	672	6	666	0.0	832
Ga0374738_21_5199_5504	CP000239.1:1782419-1782686|CDS|CYA_1777	100.000	267	0	0	40	306	1	267	6.52e-137	482
Ga0374738_21_5199_5504	CP000240.1:1263769-1264042|CDS|CYB_1219	82.051	273	43	1	40	306	1	273	6.12e-74	273
Ga0374738_21_5567_5920	CP000239.1:1781964-1782318|CDS|CYA_1776	99.718	354	1	0	1	354	1	354	0.0	635
Ga0374738_21_5911_6672	CP000239.1:1781212-1781974|CDS|CYA_1775	100.000	762	0	0	1	762	1	762	0.0	1375
Ga0374738_21_5911_6672	CP000240.1:1262529-1263285|CDS|CYB_1217	88.340	729	85	0	1	729	1	729	0.0	932
Ga0374738_21_6678_7097	CP000239.1:1780607-1781207|CDS|CYA_1774	99.524	420	2	0	1	420	181	600	0.0	749
Ga0374738_21_6678_7097	CP000240.1:1262125-1262524|CDS|CYB_1216	82.785	395	62	1	1	395	1	389	5.75e-114	407
Ga0374738_22_797_1723	CP000239.1:139455-140352|CDS|CYA_0145	99.666	897	3	0	31	927	1	897	0.0	1605
Ga0374738_22_797_1723	CP000240.1:1520350-1521286|CDS|CYB_1449	84.028	864	138	0	49	912	34	897	0.0	937
Ga0374738_22_1760_2257	CP000239.1:138936-139419|CDS|CYA_0144	100.000	483	0	0	16	498	1	483	0.0	872
Ga0374738_22_1760_2257	CP000240.1:1519800-1520283|CDS|CYB_1448	88.235	476	56	0	16	491	1	476	3.80e-174	607
Ga0374738_22_2402_3913	CP000239.1:137265-138777|CDS|CYA_0143	100.000	1511	0	0	1	1511	1	1511	0.0	2726
Ga0374738_22_4015_4236	CP000239.1:136942-137164|CDS|CYA_0142	100.000	222	0	0	1	222	1	222	1.23e-112	401
Ga0374738_22_4015_4236	CP000240.1:1519382-1519604|CDS|CYB_1447	86.977	215	28	0	1	215	1	215	7.78e-71	262
Ga0374738_22_5342_5914	CP000239.1:134673-135246|CDS|CYA_0139	98.249	571	10	0	2	572	2	572	0.0	985
Ga0374738_22_5342_5914	CP000239.1:135264-135906|CDS|CYA_0140	93.031	574	38	2	1	573	70	642	0.0	848
Ga0374738_22_5342_5914	CP000240.1:1100017-1100590|CDS|CYB_1062	80.870	575	102	3	2	572	2	572	2.28e-152	535
Ga0374738_22_5342_5914	CP000240.1:1099405-1099978|CDS|CYB_1061	78.411	579	111	6	2	573	2	573	9.71e-132	467
Ga0374738_22_5933_6505	CP000239.1:134673-135246|CDS|CYA_0139	99.825	573	1	0	1	573	1	573	0.0	1030
Ga0374738_22_5933_6505	CP000239.1:135264-135906|CDS|CYA_0140	91.783	572	45	2	2	572	71	641	0.0	813
Ga0374738_22_5933_6505	CP000240.1:1100017-1100590|CDS|CYB_1062	80.069	577	107	3	1	573	1	573	6.12e-147	517
Ga0374738_22_5933_6505	CP000240.1:1099405-1099978|CDS|CYB_1061	77.893	579	114	6	1	572	1	572	6.13e-128	453
Ga0374738_22_6818_7111	CP000239.1:134067-134361|CDS|CYA_0138	100.000	294	0	0	1	294	1	294	1.37e-151	531
Ga0374738_23_272_2404	CP000239.1:672501-674634|CDS|CYA_0663	99.953	2133	1	0	1	2133	1	2133	0.0	3843
Ga0374738_23_272_2404	CP000240.1:626982-629181|CDS|CYB_0617	76.892	2220	405	10	1	2133	1	2199	0.0	1744
Ga0374738_23_2401_3072	CP000239.1:671833-672505|CDS|CYA_0664	93.601	672	43	0	1	672	1	672	0.0	1019
Ga0374738_23_2401_3072	CP000240.1:626314-626986|CDS|CYB_0618	86.458	672	91	0	1	672	1	672	0.0	802
Ga0374738_24_63_1127	CP000239.1:2874782-2876375|CDS|CYA_2859	92.495	1066	76	2	1	1065	1	1063	0.0	1557
Ga0374738_24_63_1127	CP000240.1:2609448-2611092|CDS|CYB_2515	92.214	1066	82	1	1	1065	1	1066	0.0	1545
Ga0374738_24_1389_3467	CP000239.1:2876636-2878715|CDS|CYA_2861	95.911	2079	85	0	1	2079	1	2079	0.0	3367
Ga0374738_24_1389_3467	CP000240.1:2611354-2613433|CDS|CYB_2516	92.112	2079	164	0	1	2079	1	2079	0.0	3011
Ga0374738_24_3917_6142	CP000239.1:2879173-2881366|CDS|CYA_2862	96.124	2193	85	0	34	2226	1	2193	0.0	3572
Ga0374738_24_3917_6142	CP000240.1:2613612-2615805|CDS|CYB_2517	87.872	2185	265	0	34	2218	1	2185	0.0	2746
Ga0374738_24_6185_6907	CP000239.1:2881408-2882332|CDS|CYA_2863	100.000	723	0	0	1	723	202	924	0.0	1305
Ga0374738_24_6185_6907	CP000240.1:2615877-2616801|CDS|CYB_2518	84.189	721	114	0	1	721	202	922	0.0	787
Ga0374738_25_46_363	CP000239.1:2258237-2258726|CDS|CYA_2248	96.364	330	0	1	1	318	160	489	1.94e-156	548
Ga0374738_25_46_363	CP000240.1:2506239-2506704|CDS|CYB_2409	83.692	325	41	1	1	313	67	391	2.38e-98	354
Ga0374738_25_376_1716	CP000239.1:2256884-2258225|CDS|CYA_2247	99.925	1341	1	0	1	1341	1	1341	0.0	2415
Ga0374738_25_376_1716	CP000240.1:2508112-2509453|CDS|CYB_2411	82.313	1340	237	0	1	1340	1	1340	0.0	1349
Ga0374738_25_1721_2518	CP000239.1:2256082-2256880|CDS|CYA_2246	100.000	798	0	0	1	798	1	798	0.0	1440
Ga0374738_25_1721_2518	CP000240.1:2509468-2510266|CDS|CYB_2412	82.206	798	142	0	1	798	1	798	0.0	800
Ga0374738_25_2515_2931	CP000239.1:2255669-2256086|CDS|CYA_2245	100.000	417	0	0	1	417	1	417	0.0	753
Ga0374738_25_2515_2931	CP000240.1:2510262-2510691|CDS|CYB_2413	78.723	423	79	4	2	417	2	420	1.34e-96	350
Ga0374738_25_3166_3669	CP000239.1:2254931-2255552|CDS|CYA_2243	100.000	504	0	0	1	504	118	621	0.0	910
Ga0374738_25_3790_4284	CP000239.1:2254274-2254811|CDS|CYA_2242	98.384	495	8	0	1	495	43	537	0.0	857
Ga0374738_25_4332_4877	CP000239.1:2253780-2254269|CDS|CYA_2241	100.000	489	0	0	58	546	1	489	0.0	883
Ga0374738_25_4332_4877	CP000240.1:383135-383615|CDS|CYB_0368	84.388	474	74	0	58	531	1	474	1.37e-148	522
Ga0374738_25_4906_5469	CP000239.1:2253147-2253711|CDS|CYA_2240	96.986	564	17	0	1	564	1	564	0.0	941
Ga0374738_25_4906_5469	CP000240.1:382540-383098|CDS|CYB_0367	78.712	559	118	1	1	559	1	558	2.74e-132	469
Ga0374738_25_5649_6053	CP000239.1:2252344-2252968|CDS|CYA_2239	84.131	397	60	1	1	397	1	394	4.85e-121	431
Ga0374738_26_53_316	CP000239.1:219320-220040|CDS|CYA_0212	99.621	264	1	0	1	264	457	720	1.00e-133	472
Ga0374738_26_53_316	CP000240.1:983148-983868|CDS|CYB_0947	82.576	264	46	0	1	264	457	720	6.35e-73	269
Ga0374738_26_328_1053	CP000239.1:218391-219309|CDS|CYA_0211	98.872	709	8	0	1	709	172	880	0.0	1243
Ga0374738_26_328_1053	CP000240.1:983879-984797|CDS|CYB_0948	86.742	709	94	0	1	709	172	880	0.0	856
Ga0374738_26_1091_1252	CP000239.1:218391-219309|CDS|CYA_0211	100.000	135	0	0	1	135	135	1	1.47e-65	244
Ga0374738_26_1091_1252	CP000240.1:983879-984797|CDS|CYB_0948	93.284	134	9	0	2	135	134	1	1.57e-52	202
Ga0374738_26_1296_2567	CP000239.1:2083979-2085251|CDS|CYA_2063	98.664	1272	17	0	1	1272	1	1272	0.0	2218
Ga0374738_26_1296_2567	CP000239.1:2604687-2605959|CDS|CYA_2581	98.506	1272	19	0	1	1272	1	1272	0.0	2209
Ga0374738_26_1296_2567	CP000239.1:1969261-1970533|CDS|CYA_1959	97.799	1272	28	0	1	1272	1	1272	0.0	2168
Ga0374738_26_1296_2567	CP000239.1:2652297-2653569|CDS|CYA_2636	97.484	1272	32	0	1	1272	1	1272	0.0	2150
Ga0374738_26_1296_2567	CP000239.1:1160018-1161290|CDS|CYA_1136	97.484	1272	32	0	1	1272	1	1272	0.0	2150
Ga0374738_26_1296_2567	CP000239.1:152816-154088|CDS|CYA_0158	97.406	1272	33	0	1	1272	1	1272	0.0	2146
Ga0374738_26_2592_2999	CP000239.1:2362619-2363096|CDS|CYA_2355	99.510	408	2	0	1	408	70	477	0.0	728
Ga0374738_26_2592_2999	CP000239.1:1922539-1923016|CDS|CYA_1913	99.265	408	3	0	1	408	70	477	0.0	723
Ga0374738_26_2592_2999	CP000239.1:65282-65759|CDS|CYA_0068	99.265	408	3	0	1	408	70	477	0.0	723
Ga0374738_26_2592_2999	CP000239.1:1968829-1969306|CDS|CYA_1958	99.261	406	3	0	3	408	72	477	0.0	719
Ga0374738_26_2592_2999	CP000239.1:2610754-2611231|CDS|CYA_2587	99.020	408	4	0	1	408	70	477	0.0	719
Ga0374738_26_2592_2999	CP000239.1:2085206-2085683|CDS|CYA_2064	99.020	408	4	0	1	408	70	477	0.0	719
Ga0374738_26_2592_2999	CP000239.1:2604255-2604732|CDS|CYA_2580	99.015	406	4	0	3	408	72	477	0.0	715
Ga0374738_26_2592_2999	CP000239.1:2426211-2426688|CDS|CYA_2415	99.015	406	4	0	3	408	72	477	0.0	715
Ga0374738_26_2592_2999	CP000239.1:1161245-1161722|CDS|CYA_1137	99.015	406	4	0	3	408	72	477	0.0	715
Ga0374738_26_2592_2999	CP000239.1:563303-563780|CDS|CYA_0549	99.015	406	4	0	3	408	72	477	0.0	715
Ga0374738_26_2592_2999	CP000239.1:152387-152861|CDS|CYA_0156	99.256	403	3	0	1	403	70	472	0.0	714
Ga0374738_26_2592_2999	CP000239.1:2237233-2237710|CDS|CYA_2221	98.765	405	5	0	4	408	73	477	0.0	709
Ga0374738_26_2592_2999	CP000239.1:1153630-1154107|CDS|CYA_1128	98.522	406	6	0	3	408	72	477	0.0	706
Ga0374738_26_2592_2999	CP000239.1:2741014-2741329|CDS|CYA_2724	97.778	315	7	0	94	408	1	315	4.57e-153	537
Ga0374738_26_2592_2999	CP000239.1:2654704-2655019|CDS|CYA_2640	97.778	315	7	0	94	408	1	315	4.57e-153	537
Ga0374738_26_3221_3691	CP000239.1:2704984-2705455|CDS|CYA_2689	97.430	467	12	0	1	467	1	467	0.0	789
Ga0374738_26_3221_3691	CP000240.1:1457259-1457724|CDS|CYB_1385	80.631	444	83	1	27	467	18	461	1.53e-115	412
Ga0374738_26_3867_5078	CP000239.1:2703598-2704810|CDS|CYA_2688	97.360	1212	32	0	1	1212	1	1212	0.0	2042
Ga0374738_26_3867_5078	CP000240.1:1455929-1457141|CDS|CYB_1384	81.856	1207	217	2	7	1212	7	1212	0.0	1183
Ga0374738_27_795_2114	CP000239.1:1515230-1516637|CDS|CYA_1507	94.773	1320	69	0	1	1320	88	1407	0.0	2070
Ga0374738_27_795_2114	CP000240.1:2794010-2795423|CDS|CYB_2705	91.955	1330	93	5	1	1320	88	1413	0.0	1907
Ga0374738_27_2353_2691	CP000239.1:1516788-1517127|CDS|CYA_1508	99.410	339	2	0	1	339	1	339	3.09e-173	603
Ga0374738_27_2353_2691	CP000240.1:2793520-2793859|CDS|CYB_2704	99.115	339	3	0	1	339	1	339	1.31e-171	599
Ga0374738_27_2843_4258	CP000239.1:1517278-1518694|CDS|CYA_1509	98.588	1416	20	0	1	1416	1	1416	0.0	2464
Ga0374738_27_2843_4258	CP000240.1:2791953-2793369|CDS|CYB_2703	91.879	1416	115	0	1	1416	1	1416	0.0	2036
Ga0374738_27_4419_4628	CP000239.1:1518854-1519064|CDS|CYA_1510	100.000	210	0	0	1	210	1	210	3.78e-106	379
Ga0374738_28_22_132	CP000239.1:1880797-1881943|CDS|CYA_1877	100.000	111	0	0	1	111	654	544	9.99e-53	201
Ga0374738_28_22_132	CP000240.1:1631826-1632849|CDS|CYB_1558	89.583	96	10	0	1	96	531	436	5.18e-31	129
Ga0374738_28_269_625	CP000239.1:1880797-1881943|CDS|CYA_1877	100.000	357	0	0	1	357	790	1146	0.0	645
Ga0374738_28_269_625	CP000240.1:1631826-1632849|CDS|CYB_1558	88.796	357	40	0	1	357	667	1023	2.06e-131	464
Ga0374738_28_635_1819	CP000239.1:1881952-1883137|CDS|CYA_1878	99.241	1185	9	0	1	1185	1	1185	0.0	2097
Ga0374738_28_635_1819	CP000240.1:1630632-1631817|CDS|CYB_1557	89.358	1184	126	0	1	1184	1	1184	0.0	1568
Ga0374738_28_1998_2735	CP000239.1:1883315-1884053|CDS|CYA_1880	100.000	738	0	0	1	738	1	738	0.0	1332
Ga0374738_28_1998_2735	CP000240.1:1629669-1630407|CDS|CYB_1555	87.381	737	93	0	1	737	1	737	0.0	911
Ga0374738_28_2732_3700	CP000239.1:1884049-1885003|CDS|CYA_1879	100.000	954	0	0	16	969	1	954	0.0	1721
Ga0374738_28_2732_3700	CP000240.1:1628713-1629673|CDS|CYB_1556	89.915	942	95	0	16	957	1	942	0.0	1271
Ga0374738_29_234_1331	CP000239.1:2869615-2870695|CDS|CYA_2854	100.000	1080	0	0	19	1098	1	1080	0.0	1948
Ga0374738_29_234_1331	CP000240.1:147254-148340|CDS|CYB_0134	80.300	1066	210	0	8	1073	8	1073	0.0	976
Ga0374738_29_1679_1894	CP000240.1:148417-149311|CDS|CYB_0135	72.727	187	34	3	45	214	489	303	1.05e-24	110
Ga0374738_29_2381_4156	CP000239.1:2871555-2873538|CDS|CYA_2856	99.550	1776	8	0	1	1776	208	1983	0.0	3168
Ga0374738_29_2381_4156	CP000240.1:2606113-2608132|CDS|CYB_2512	88.676	1775	201	0	2	1776	245	2019	0.0	2296
Ga0374738_29_4153_4512	CP000240.1:2608128-2608488|CDS|CYB_2513	95.833	360	15	0	1	360	1	360	1.07e-166	582
Ga0374738_29_4153_4512	CP000239.1:2873534-2873894|CDS|CYA_2857	95.556	360	16	0	1	360	1	360	1.31e-165	578
Ga0374738_30_478_594	CP000239.1:2581636-2581753|CDS|CYA_2558	100.000	117	0	0	1	117	1	117	5.90e-56	212
Ga0374738_30_478_594	CP000239.1:2619211-2619328|CDS|CYA_2600	98.291	117	2	0	1	117	1	117	3.06e-53	203
Ga0374738_30_478_594	CP000240.1:841655-841772|CDS|CYB_0812	86.325	117	16	0	1	117	1	117	3.06e-34	140
Ga0374738_30_708_1067	CP000239.1:2581159-2581519|CDS|CYA_2557	94.167	360	21	0	1	360	1	360	1.49e-158	555
Ga0374738_30_708_1067	CP000239.1:2619424-2619778|CDS|CYA_2601	91.117	349	31	0	11	359	5	353	5.21e-139	490
Ga0374738_30_708_1067	CP000240.1:841876-842233|CDS|CYB_0813	87.464	343	43	0	11	353	5	347	1.82e-119	425
Ga0374738_30_1224_1628	CP000239.1:2580598-2581003|CDS|CYA_2556	99.259	405	3	0	1	405	1	405	0.0	718
Ga0374738_30_1224_1628	CP000240.1:2369615-2370020|CDS|CYB_2264	81.481	405	75	0	1	405	1	405	1.22e-109	393
Ga0374738_30_1811_3109	CP000239.1:2579117-2580416|CDS|CYA_2554	99.076	1299	12	0	1	1299	1	1299	0.0	2289
Ga0374738_30_1811_3109	CP000240.1:2636161-2637445|CDS|CYB_2531	88.069	1274	152	0	1	1274	1	1274	0.0	1613
Ga0374738_31_791_2131	CP000239.1:1902122-1903463|CDS|CYA_1894	99.851	1341	2	0	1	1341	1	1341	0.0	2410
Ga0374738_31_791_2131	CP000240.1:1905647-1906973|CDS|CYB_1819	86.418	1340	167	1	1	1340	1	1325	0.0	1606
Ga0374738_31_2282_4060	CP000239.1:1900193-1901972|CDS|CYA_1893	99.888	1779	2	0	1	1779	1	1779	0.0	3200
Ga0374738_31_2282_4060	CP000240.1:262490-264302|CDS|CYB_0248	86.316	1732	202	3	27	1733	27	1748	0.0	2074
Ga0374738_32_889_1110	CP000239.1:209207-209429|CDS|CYA_0204	100.000	222	0	0	1	222	1	222	1.23e-112	401
Ga0374738_32_889_1110	CP000240.1:1293384-1293609|CDS|CYB_1245	92.444	225	14	1	1	222	1	225	2.23e-90	328
Ga0374738_32_1390_1542	CP000239.1:209708-209861|CDS|CYA_0205	100.000	153	0	0	1	153	1	153	2.33e-75	277
Ga0374738_32_1390_1542	CP000240.1:1294729-1294882|CDS|CYB_1247	93.377	151	10	0	1	151	1	151	1.06e-60	228
Ga0374738_32_1814_3553	CP000239.1:210132-211803|CDS|CYA_0206	95.033	1671	83	0	70	1740	1	1671	0.0	2640
Ga0374738_32_1814_3553	CP000240.1:1295152-1296829|CDS|CYB_1248	85.051	1679	241	2	70	1740	1	1677	0.0	1897
Ga0374738_32_3565_4869	CP000239.1:211883-213749|CDS|CYA_0207	98.774	1305	16	0	1	1305	562	1866	0.0	2282
Ga0374738_32_3565_4869	CP000240.1:1300590-1302462|CDS|CYB_1251	84.277	1272	200	0	1	1272	562	1833	0.0	1393
Ga0374738_34_646_1377	CP000239.1:1317025-1317757|CDS|CYA_1307	99.863	732	1	0	1	732	1	732	0.0	1316
Ga0374738_34_646_1377	CP000240.1:964369-965122|CDS|CYB_0926	84.153	732	116	0	1	732	22	753	0.0	798
Ga0374738_34_1650_2840	CP000239.1:1318029-1319391|CDS|CYA_1308	99.916	1191	1	0	1	1191	172	1362	0.0	2144
Ga0374738_34_1650_2840	CP000240.1:965342-966683|CDS|CYB_0927	83.389	1192	196	2	1	1191	151	1341	0.0	1251
Ga0374738_34_3511_4230	CP000239.1:1319890-1320673|CDS|CYA_1310	100.000	720	0	0	1	720	64	783	0.0	1299
Ga0374738_34_3511_4230	CP000240.1:967381-968164|CDS|CYB_0929	88.611	720	82	0	1	720	64	783	0.0	930
Ga0374738_35_33_284	CP000240.1:1085680-1086127|CDS|CYB_1046	80.000	210	30	1	27	224	417	208	1.09e-50	196
Ga0374738_35_579_842	CP000239.1:936771-937035|CDS|CYA_0926	100.000	264	0	0	1	264	1	264	2.36e-135	477
Ga0374738_35_579_842	CP000240.1:1085268-1085532|CDS|CYB_1043	85.878	262	37	0	1	262	1	262	8.82e-84	306
Ga0374738_35_864_1535	CP000239.1:937056-937728|CDS|CYA_0927	100.000	672	0	0	1	672	1	672	0.0	1213
Ga0374738_35_864_1535	CP000240.1:1084593-1085283|CDS|CYB_1044	86.544	654	85	1	1	654	1	651	0.0	782
Ga0374738_35_1719_2507	CP000239.1:937911-938700|CDS|CYA_0928	100.000	789	0	0	1	789	1	789	0.0	1424
Ga0374738_35_1719_2507	CP000240.1:1082301-1083090|CDS|CYB_1041	86.439	789	107	0	1	789	1	789	0.0	941
Ga0374738_35_2504_3262	CP000239.1:938696-939455|CDS|CYA_0929	96.443	759	27	0	1	759	1	759	0.0	1248
Ga0374738_35_2504_3262	CP000240.1:1081522-1082305|CDS|CYB_1040	87.517	729	91	0	1	729	1	729	0.0	905
Ga0374738_35_3330_4085	CP000239.1:939522-940422|CDS|CYA_0930	99.868	756	1	0	1	756	145	900	0.0	1360
Ga0374738_35_3330_4085	CP000240.1:1080663-1081458|CDS|CYB_1039	79.377	771	120	6	1	732	1	771	0.0	682
Ga0374738_36_276_2150	CP000239.1:128590-130471|CDS|CYA_0133	95.261	1857	88	0	19	1875	25	1881	0.0	2953
Ga0374738_36_276_2150	CP000240.1:2286827-2288714|CDS|CYB_2181	87.839	1842	223	1	23	1864	35	1875	0.0	2309
Ga0374738_36_2147_2467	CP000239.1:128273-128594|CDS|CYA_0134	100.000	321	0	0	1	321	1	321	3.32e-166	580
Ga0374738_36_2147_2467	CP000240.1:2286472-2286817|CDS|CYB_2180	84.735	321	49	0	1	321	25	345	1.97e-99	359
Ga0374738_37_929_1531	CP000239.1:2692423-2693002|CDS|CYA_2676	99.655	579	2	0	25	603	1	579	0.0	1036
Ga0374738_37_929_1531	CP000240.1:2274846-2275374|CDS|CYB_2171	83.366	511	76	4	25	532	1	505	1.02e-150	529
Ga0374738_37_1898_2701	CP000239.1:2691229-2692081|CDS|CYA_2675	99.502	804	4	0	1	804	49	852	0.0	1433
Ga0374738_37_1898_2701	CP000240.1:2273703-2274516|CDS|CYB_2170	87.565	764	93	2	1	763	40	802	0.0	943
Ga0374738_37_2743_3669	CP000239.1:2690261-2691098|CDS|CYA_2674	100.000	837	0	0	91	927	1	837	0.0	1510
Ga0374738_37_2743_3669	CP000240.1:2272658-2273516|CDS|CYB_2169	87.657	794	86	1	146	927	65	858	0.0	997
Ga0374738_38_978_2588	CP000239.1:194110-195700|CDS|CYA_0196	95.133	1582	77	0	1	1582	1	1582	0.0	2507
Ga0374738_38_978_2588	CP000240.1:1277743-1279276|CDS|CYB_1235	83.682	1483	242	0	53	1535	29	1511	0.0	1584
Ga0374738_38_2679_3938	CP000239.1:192253-194020|CDS|CYA_0194	98.333	1260	21	0	1	1260	508	1767	0.0	2178
Ga0374738_38_2679_3938	CP000240.1:1275919-1277683|CDS|CYB_1234	86.994	1261	157	3	1	1259	508	1763	0.0	1528
Ga0374738_40_790_1968	CP000239.1:2697359-2698538|CDS|CYA_2683	99.661	1179	4	0	1	1179	1	1179	0.0	2109
Ga0374738_40_790_1968	CP000240.1:1171595-1172774|CDS|CYB_1135	87.956	1179	142	0	1	1179	1	1179	0.0	1487
Ga0374738_40_2132_2530	CP000239.1:2696797-2697196|CDS|CYA_2682	96.491	399	14	0	1	399	1	399	0.0	657
Ga0374738_40_2132_2530	CP000240.1:1172962-1173361|CDS|CYB_1136	83.208	399	67	0	1	399	1	399	3.01e-117	418
Ga0374738_40_2547_3026	CP000239.1:2696301-2696781|CDS|CYA_2681	97.917	480	10	0	1	480	1	480	0.0	821
Ga0374738_40_2547_3026	CP000240.1:2304178-2304658|CDS|CYB_2196	82.875	473	81	0	1	473	1	473	2.47e-138	489
Ga0374738_41_193_681	CP000239.1:1511144-1511633|CDS|CYA_1503	99.796	489	1	0	1	489	1	489	0.0	878
Ga0374738_41_193_681	CP000240.1:2803740-2804223|CDS|CYB_2712	84.286	490	65	2	1	487	1	481	1.59e-153	539
Ga0374738_41_1047_1841	CP000239.1:1511998-1512763|CDS|CYA_1504	99.608	765	3	0	31	795	1	765	0.0	1367
Ga0374738_41_1047_1841	CP000240.1:2798461-2799262|CDS|CYB_2708	84.891	781	112	1	1	781	1	775	0.0	878
Ga0374738_42_51_1676	CP000240.1:501273-502899|CDS|CYB_0488	98.462	1626	25	0	1	1626	1	1626	0.0	2820
Ga0374738_42_51_1676	CP000239.1:1910602-1912207|CDS|CYA_1900	88.334	1603	171	4	1	1601	1	1589	0.0	2045
Ga0374738_42_1705_2007	CP000240.1:502927-503230|CDS|CYB_0489	100.000	303	0	0	1	303	1	303	1.85e-156	547
Ga0374738_42_1705_2007	CP000239.1:1912232-1912535|CDS|CYA_1901	94.352	301	17	0	1	301	1	301	4.96e-132	467
Ga0374738_43_19_261	CP000239.1:1552060-1553908|CDS|CYA_1543	100.000	243	0	0	1	243	1606	1848	5.41e-124	439
Ga0374738_43_19_261	CP000240.1:1123827-1125675|CDS|CYB_1089	88.843	242	27	0	1	242	1606	1847	1.55e-86	315
Ga0374738_43_222_728	CP000239.1:1551632-1552100|CDS|CYA_1544	99.786	468	1	0	40	507	1	468	0.0	840
Ga0374738_43_222_728	CP000240.1:1125635-1126115|CDS|CYB_1088	77.895	475	99	2	36	507	9	480	9.76e-106	380
Ga0374738_43_811_1209	CP000239.1:1551103-1551511|CDS|CYA_1542	100.000	399	0	0	1	399	10	408	0.0	720
Ga0374738_43_811_1209	CP000240.1:2326544-2326958|CDS|CYB_2222	89.147	387	42	0	1	387	10	396	6.21e-145	509
Ga0374738_43_1476_2114	CP000239.1:1550207-1550846|CDS|CYA_1541	100.000	639	0	0	1	639	1	639	0.0	1153
Ga0374738_43_1476_2114	CP000240.1:2325599-2326238|CDS|CYB_2220	88.553	629	72	0	1	629	1	629	0.0	810
Ga0374738_43_2120_2785	CP000239.1:1549536-1550202|CDS|CYA_1540	99.550	666	3	0	1	666	1	666	0.0	1188
Ga0374738_43_2120_2785	CP000239.1:1548850-1549513|CDS|CYA_1539	96.082	638	19	2	32	666	29	663	0.0	1035
Ga0374738_43_2821_2928	CP000239.1:1549536-1550202|CDS|CYA_1540	96.296	108	4	0	1	108	654	547	1.10e-45	178
Ga0374738_43_2821_2928	CP000239.1:1548850-1549513|CDS|CYA_1539	96.296	108	4	0	1	108	651	544	1.10e-45	178
Ga0374738_45_87_1343	CP000239.1:943316-944390|CDS|CYA_0933	99.721	1074	3	0	184	1257	1	1074	0.0	1924
Ga0374738_45_87_1343	CP000240.1:1076532-1077627|CDS|CYB_1034	78.329	1089	216	5	178	1250	1	1085	0.0	896
Ga0374738_45_1655_2329	CP000239.1:944701-945376|CDS|CYA_0934	99.852	675	1	0	1	675	1	675	0.0	1214
Ga0374738_45_1655_2329	CP000240.1:1075818-1076499|CDS|CYB_1033	88.840	681	70	1	1	675	1	681	0.0	887
Ga0374738_45_2505_2720	CP000239.1:945551-946043|CDS|CYA_0935	100.000	216	0	0	1	216	277	492	2.16e-109	390
Ga0374738_45_2505_2720	CP000240.1:923977-924469|CDS|CYB_0891	89.815	216	22	0	1	216	277	492	1.56e-79	291
Ga0374738_48_840_1586	CP000239.1:2917950-2918697|CDS|CYA_2893	99.866	747	1	0	1	747	1	747	0.0	1343
Ga0374738_48_840_1586	CP000240.1:1718487-1719234|CDS|CYB_1646	91.117	743	66	0	1	743	1	743	0.0	1043
Ga0374738_48_1746_2261	CP000239.1:2917182-2917791|CDS|CYA_2892	100.000	516	0	0	1	516	94	609	0.0	931
Ga0374738_48_1746_2261	CP000240.1:1719272-1719872|CDS|CYB_1647	88.760	516	58	0	1	516	85	600	0.0	670
Ga0374738_50_18_1361	CP000239.1:2016331-2017822|CDS|CYA_2000	99.926	1344	1	0	1	1344	148	1491	0.0	2420
Ga0374738_50_18_1361	CP000240.1:1342376-1343864|CDS|CYB_1287	81.178	1392	199	7	1	1344	112	1488	0.0	1355
Ga0374738_50_1429_1689	CP000239.1:2015754-2016264|CDS|CYA_1999	100.000	261	0	0	1	261	250	510	9.91e-134	471
