Ga0374831_01_2058_3014	CP000239.1:638903-639824|CDS|CYA_0627	100.000	921	0	0	37	957	1	921	0.0	1662
Ga0374831_01_2058_3014	CP000240.1:61301-62222|CDS|CYB_0048	84.256	921	145	0	37	957	1	921	0.0	1008
Ga0374831_01_3286_3912	CP000239.1:640131-640758|CDS|CYA_0628	99.841	627	1	0	1	627	1	627	0.0	1127
Ga0374831_01_3286_3912	CP000240.1:62497-63124|CDS|CYB_0049	86.284	627	86	0	1	627	1	627	0.0	744
Ga0374831_01_4132_4581	CP000239.1:782540-783770|CDS|CYA_0777	95.360	431	20	0	10	440	64	494	0.0	688
Ga0374831_01_4132_4581	CP000239.1:1966854-1968081|CDS|CYA_1956	92.824	432	31	0	10	441	64	495	0.0	640
Ga0374831_01_4132_4581	CP000239.1:1368725-1369295|CDS|CYA_1359	84.562	434	67	0	10	443	64	497	3.42e-136	481
Ga0374831_01_4132_4581	CP000240.1:544792-546037|CDS|CYB_0530	79.592	441	87	1	1	441	55	492	1.66e-108	389
Ga0374831_01_4132_4581	CP000240.1:2424097-2424871|CDS|CYB_2313	76.303	422	97	1	20	441	74	492	1.28e-84	309
Ga0374831_01_4132_4581	CP000240.1:2581305-2582079|CDS|CYB_2484	75.283	441	106	1	1	441	55	492	1.90e-82	303
Ga0374831_01_4132_4581	CP000240.1:86287-87061|CDS|CYB_0074	75.057	441	107	1	1	441	55	492	2.31e-81	298
Ga0374831_01_4132_4581	CP000240.1:1126684-1127458|CDS|CYB_1091	75.355	422	101	1	20	441	74	492	3.43e-79	291
Ga0374831_01_5026_6057	CP000239.1:641897-642929|CDS|CYA_0630	100.000	1032	0	0	1	1032	1	1032	0.0	1862
Ga0374831_01_5026_6057	CP000240.1:63175-64207|CDS|CYB_0050	86.888	1022	134	0	1	1022	1	1022	0.0	1240
Ga0374831_01_6087_6863	CP000239.1:642958-643759|CDS|CYA_0631	96.754	801	2	1	1	777	1	801	0.0	1345
Ga0374831_01_6890_7552	CP000239.1:643785-644448|CDS|CYA_0632	100.000	663	0	0	1	663	1	663	0.0	1196
Ga0374831_01_6890_7552	CP000240.1:933677-934340|CDS|CYB_0901	81.599	663	122	0	1	663	1	663	0.0	646
Ga0374831_01_8012_8482	CP000239.1:645186-645657|CDS|CYA_0633	100.000	471	0	0	1	471	1	471	0.0	850
Ga0374831_01_8012_8482	CP000240.1:934707-935205|CDS|CYB_0904	87.339	387	49	0	85	471	112	498	4.37e-135	478
Ga0374831_01_8499_9077	CP000239.1:645673-646252|CDS|CYA_0634	100.000	579	0	0	1	579	1	579	0.0	1045
Ga0374831_01_8499_9077	CP000240.1:935222-935801|CDS|CYB_0905	84.266	572	90	0	1	572	1	572	4.75e-180	627
Ga0374831_01_9169_9351	CP000239.1:646343-646526|CDS|CYA_0635	100.000	183	0	0	1	183	1	183	1.47e-91	331
Ga0374831_01_9169_9351	CP000240.1:1982808-1983009|CDS|CYB_1896	83.688	141	17	1	41	181	65	199	8.15e-38	152
Ga0374831_01_9498_10631	CP000239.1:646672-647806|CDS|CYA_0637	100.000	1134	0	0	1	1134	1	1134	0.0	2046
Ga0374831_01_9498_10631	CP000240.1:1981376-1982510|CDS|CYB_1895	85.450	1134	165	0	1	1134	1	1134	0.0	1302
Ga0374831_01_10597_11097	CP000239.1:647771-648272|CDS|CYA_0636	99.800	501	1	0	1	501	1	501	0.0	900
Ga0374831_01_10597_11097	CP000240.1:2976811-2977270|CDS|CYB_2878	88.498	426	49	0	1	426	1	426	3.14e-156	548
Ga0374831_01_11232_12542	CP000239.1:648406-649717|CDS|CYA_0638	96.034	1311	52	0	1	1311	1	1311	0.0	2131
Ga0374831_01_11232_12542	CP000240.1:2975419-2976730|CDS|CYB_2877	91.762	1311	108	0	1	1311	1	1311	0.0	1878
Ga0374831_01_12588_14117	CP000239.1:649762-651292|CDS|CYA_0639	99.542	1530	7	0	1	1530	1	1530	0.0	2728
Ga0374831_01_12588_14117	CP000240.1:2973825-2975361|CDS|CYB_2876	86.540	1471	198	0	1	1471	1	1471	0.0	1761
Ga0374831_01_14158_15993	CP000239.1:651332-653168|CDS|CYA_0640	99.891	1836	2	0	1	1836	1	1836	0.0	3303
Ga0374831_01_14158_15993	CP000240.1:2971939-2973775|CDS|CYB_2875	87.255	1836	234	0	1	1836	1	1836	0.0	2257
Ga0374831_01_16534_16830	CP000239.1:653708-654005|CDS|CYA_0643	99.663	297	1	0	1	297	1	297	1.39e-151	532
Ga0374831_01_16534_16830	CP000240.1:295073-295370|CDS|CYB_0280	90.572	297	28	0	1	297	1	297	3.27e-115	410
Ga0374831_01_17265_18725	CP000239.1:654367-655900|CDS|CYA_0644	99.932	1461	1	0	1	1461	73	1533	0.0	2631
Ga0374831_01_17265_18725	CP000240.1:295731-297264|CDS|CYB_0281	89.795	1460	149	0	1	1460	73	1532	0.0	1962
Ga0374831_01_18839_18937	CP000239.1:656013-656112|CDS|CYA_0645	100.000	99	0	0	1	99	1	99	2.83e-46	179
Ga0374831_01_18839_18937	CP000240.1:297370-297469|CDS|CYB_0282	89.899	99	10	0	1	99	1	99	1.05e-32	134
Ga0374831_01_19335_19742	CP000239.1:656509-656917|CDS|CYA_0647	99.755	408	1	0	1	408	1	408	0.0	732
Ga0374831_01_19335_19742	CP000240.1:297868-298279|CDS|CYB_0283	86.732	407	51	2	1	404	1	407	2.53e-137	485
Ga0374831_01_19739_20416	CP000239.1:656913-657591|CDS|CYA_0646	99.853	678	1	0	1	678	1	678	0.0	1219
Ga0374831_01_19739_20416	CP000240.1:298296-298974|CDS|CYB_0284	85.542	664	96	0	10	673	10	673	0.0	765
Ga0374831_01_20482_20739	CP000239.1:657643-657901|CDS|CYA_0648	96.124	258	10	0	1	258	1	258	1.55e-118	421
Ga0374831_01_20482_20739	CP000240.1:299089-299347|CDS|CYB_0285	84.232	241	38	0	1	241	1	241	2.63e-71	264
Ga0374831_01_20799_21572	CP000239.1:657960-658734|CDS|CYA_0649	99.612	774	3	0	1	774	1	774	0.0	1383
Ga0374831_01_20799_21572	CP000240.1:299409-300183|CDS|CYB_0286	83.549	772	127	0	1	772	1	772	0.0	820
Ga0374831_01_21682_22347	CP000239.1:658780-659509|CDS|CYA_0651	98.649	666	9	0	1	666	64	729	0.0	1161
Ga0374831_01_21682_22347	CP000240.1:300199-300928|CDS|CYB_0287	82.901	655	110	2	1	654	64	717	0.0	670
Ga0374831_01_22344_22628	CP000239.1:659505-659844|CDS|CYA_0650	96.140	285	11	0	1	285	55	339	1.62e-131	465
Ga0374831_01_22344_22628	CP000240.1:301064-301349|CDS|CYB_0288	83.813	278	45	0	1	278	1	278	1.42e-81	299
Ga0374831_01_22924_23949	CP000239.1:659996-661103|CDS|CYA_0652	94.932	1026	52	0	1	1026	82	1107	0.0	1617
Ga0374831_01_22924_23949	CP000240.1:301581-302688|CDS|CYB_0289	86.257	1026	141	0	1	1026	82	1107	0.0	1215
Ga0374831_01_23988_25418	CP000239.1:661036-662572|CDS|CYA_0653	99.581	1431	6	0	1	1431	106	1536	0.0	2554
Ga0374831_01_23988_25418	CP000240.1:302621-304169|CDS|CYB_0290	83.806	1340	217	0	88	1427	205	1544	0.0	1439
Ga0374831_01_25649_26731	CP000239.1:662802-663885|CDS|CYA_0654	99.631	1083	4	0	1	1083	1	1083	0.0	1936
Ga0374831_01_25649_26731	CP000239.1:903530-904487|CDS|CYA_0896	96.168	835	32	0	10	844	25	859	0.0	1362
Ga0374831_01_25649_26731	CP000240.1:616166-617264|CDS|CYB_0605	84.422	1072	167	0	10	1081	25	1096	0.0	1181
Ga0374831_01_27075_29549	CP000239.1:664228-666703|CDS|CYA_0656	99.919	2475	2	0	1	2475	1	2475	0.0	4455
Ga0374831_01_27075_29549	CP000240.1:617631-620106|CDS|CYB_0607	91.596	2475	208	0	1	2475	1	2475	0.0	3526
Ga0374831_01_29698_30330	CP000239.1:666851-667484|CDS|CYA_0657	100.000	633	0	0	1	633	1	633	0.0	1142
Ga0374831_01_29698_30330	CP000240.1:620233-620869|CDS|CYB_0608	89.117	634	66	1	1	631	1	634	0.0	831
Ga0374831_01_30348_30929	CP000239.1:667501-668083|CDS|CYA_0658	99.828	582	1	0	1	582	1	582	0.0	1046
Ga0374831_01_30957_31568	CP000239.1:668110-668722|CDS|CYA_0659	99.837	612	1	0	1	612	1	612	0.0	1100
Ga0374831_01_30957_31568	CP000240.1:621482-622094|CDS|CYB_0610	89.542	612	64	0	1	612	1	612	0.0	816
Ga0374831_01_31784_32110	CP000239.1:668841-669264|CDS|CYA_0660	100.000	327	0	0	1	327	97	423	1.88e-169	590
Ga0374831_01_32144_32743	CP000239.1:669297-669954|CDS|CYA_0661	100.000	600	0	0	1	600	58	657	0.0	1083
Ga0374831_01_32144_32743	CP000240.1:622508-623096|CDS|CYB_0612	87.500	552	67	2	25	575	16	566	0.0	678
Ga0374831_02_68_1411	CP000239.1:771958-774466|CDS|CYA_0765	92.188	1344	105	0	1	1344	1165	2508	0.0	1951
Ga0374831_02_68_1411	CP000240.1:1004905-1007419|CDS|CYB_0970	81.744	1342	243	2	2	1342	1172	2512	0.0	1309
Ga0374831_02_1424_2131	CP000239.1:771238-771949|CDS|CYA_0764	90.028	712	66	3	1	708	1	711	0.0	956
Ga0374831_02_1424_2131	CP000240.1:140384-141068|CDS|CYB_0127	76.444	675	154	3	1	671	1	674	3.04e-139	492
Ga0374831_02_2166_2918	CP000239.1:770445-771204|CDS|CYA_0763	96.247	746	28	0	1	746	1	746	0.0	1220
Ga0374831_02_2166_2918	CP000240.1:141132-141891|CDS|CYB_0128	85.121	746	111	0	1	746	1	746	0.0	846
Ga0374831_02_2944_5799	CP000239.1:767498-770363|CDS|CYA_0762	97.196	2782	78	0	1	2782	1	2782	0.0	4666
Ga0374831_02_2944_5799	CP000240.1:2549044-2551918|CDS|CYB_2451	89.763	2784	285	0	1	2784	1	2784	0.0	3736
Ga0374831_02_5992_6339	CP000239.1:766951-767290|CDS|CYA_0761	80.747	348	58	3	1	348	1	339	5.40e-88	321
Ga0374831_02_5992_6339	CP000240.1:2548483-2548828|CDS|CYB_2449	76.449	276	51	4	1	263	1	275	1.27e-51	200
Ga0374831_02_6658_7506	CP000239.1:765801-766650|CDS|CYA_0760	90.888	845	77	0	1	845	1	845	0.0	1177
Ga0374831_02_6658_7506	CP000240.1:2547306-2548155|CDS|CYB_2447	85.512	849	123	0	1	849	1	849	0.0	977
Ga0374831_02_7597_9036	CP000239.1:764246-765707|CDS|CYA_0759	89.025	1467	128	5	1	1440	1	1461	0.0	1928
Ga0374831_02_7597_9036	CP000240.1:327027-328524|CDS|CYB_0312	84.786	1170	169	2	277	1440	331	1497	0.0	1307
Ga0374831_02_9463_11205	CP000239.1:760889-762491|CDS|CYA_0756	90.126	1590	155	2	119	1707	2	1590	0.0	2153
Ga0374831_02_9463_11205	CP000240.1:323018-324797|CDS|CYB_0310	80.482	1742	305	6	1	1708	1	1741	0.0	1614
Ga0374831_02_11659_13095	CP000239.1:759188-760703|CDS|CYA_0754	99.861	1437	2	0	1	1437	79	1515	0.0	2583
Ga0374831_02_11659_13095	CP000240.1:907214-908729|CDS|CYB_0879	87.491	1431	179	0	1	1431	79	1509	0.0	1774
Ga0374831_02_13211_14014	CP000239.1:758347-759151|CDS|CYA_0753	99.876	804	1	0	1	804	1	804	0.0	1446
Ga0374831_02_13211_14014	CP000240.1:906380-907163|CDS|CYB_0878	85.623	786	107	3	22	804	1	783	0.0	901
Ga0374831_02_14011_14217	CP000240.1:905700-906363|CDS|CYB_0877	88.406	207	24	0	1	207	457	663	5.91e-72	266
Ga0374831_02_14214_14504	CP000240.1:905700-906363|CDS|CYB_0877	90.753	292	26	1	1	291	169	460	1.66e-112	402
Ga0374831_02_14214_14504	CP000239.1:614687-615296|CDS|CYA_0606	70.293	239	71	0	28	266	172	410	4.18e-25	112
Ga0374831_02_14725_14976	CP000239.1:757385-757637|CDS|CYA_0750	99.603	252	1	0	1	252	1	252	3.12e-127	451
Ga0374831_02_14725_14976	CP000240.1:905386-905614|CDS|CYB_0875	87.838	222	27	0	28	249	1	222	1.16e-75	279
Ga0374831_02_15050_15607	CP000239.1:756754-757312|CDS|CYA_0749	100.000	558	0	0	1	558	1	558	0.0	1007
Ga0374831_02_15050_15607	CP000240.1:904685-905243|CDS|CYB_0874	90.328	548	53	0	1	548	1	548	0.0	750
Ga0374831_02_15699_16016	CP000239.1:756345-756663|CDS|CYA_0748	99.686	318	1	0	1	318	1	318	5.95e-163	570
Ga0374831_02_15699_16016	CP000240.1:904304-904628|CDS|CYB_0873	85.811	296	42	0	23	318	29	324	1.23e-95	345
Ga0374831_02_16088_17368	CP000239.1:754993-756178|CDS|CYA_0747	99.747	1185	3	0	97	1281	1	1185	0.0	2124
Ga0374831_02_16088_17368	CP000240.1:902950-904129|CDS|CYB_0872	90.925	1179	107	0	103	1281	1	1179	0.0	1645
Ga0374831_02_17399_17602	CP000239.1:754759-754963|CDS|CYA_0746	100.000	204	0	0	1	204	1	204	6.62e-103	369
Ga0374831_02_17399_17602	CP000240.1:902717-902921|CDS|CYB_0871	87.317	205	24	2	1	204	1	204	5.44e-66	246
Ga0374831_02_17664_18785	CP000239.1:753576-754698|CDS|CYA_0745	99.554	1120	5	0	1	1120	1	1120	0.0	1998
Ga0374831_02_17664_18785	CP000240.1:901539-902601|CDS|CYB_0870	86.364	1056	142	2	68	1122	8	1062	0.0	1249
Ga0374831_02_18825_19448	CP000239.1:752908-753541|CDS|CYA_0744	90.500	600	57	0	1	600	1	600	0.0	826
Ga0374831_02_18825_19448	CP000240.1:900868-901501|CDS|CYB_0869	84.044	633	92	1	1	624	1	633	0.0	691
Ga0374831_02_19902_21185	CP000240.1:898963-900535|CDS|CYB_0868	79.829	1289	242	2	1	1277	145	1427	0.0	1160
Ga0374831_02_19902_21185	CP000239.1:750970-752635|CDS|CYA_0743	79.877	974	196	0	1	974	163	1136	0.0	874
Ga0374831_02_21687_22040	CP000240.1:897783-898137|CDS|CYB_0864	78.531	354	76	0	1	354	1	354	6.25e-81	297
Ga0374831_02_22045_23304	CP000239.1:749180-750440|CDS|CYA_0742	98.889	1260	14	0	1	1260	1	1260	0.0	2210
Ga0374831_02_22045_23304	CP000240.1:1153961-1155236|CDS|CYB_1116	84.471	1275	183	3	1	1260	1	1275	0.0	1407
Ga0374831_02_23374_25755	CP000239.1:746651-749111|CDS|CYA_0741	95.581	2376	105	0	7	2382	85	2460	0.0	3812
Ga0374831_02_23374_25755	CP000240.1:1151414-1153880|CDS|CYB_1115	89.882	2372	238	2	2	2372	80	2450	0.0	3189
Ga0374831_02_26110_27099	CP000239.1:745385-746318|CDS|CYA_0740	99.357	933	6	0	58	990	1	933	0.0	1656
Ga0374831_02_26110_27099	CP000240.1:1150123-1151077|CDS|CYB_1113	87.002	954	124	0	37	990	1	954	0.0	1162
Ga0374831_02_27264_27437	CP000239.1:745047-745221|CDS|CYA_0738	98.851	174	2	0	1	174	1	174	5.53e-84	306
Ga0374831_02_27382_28554	CP000240.1:95175-96330|CDS|CYB_0081	94.632	1155	62	0	19	1173	1	1155	0.0	1804
Ga0374831_02_27382_28554	CP000240.1:269596-270751|CDS|CYB_0258	93.939	1155	70	0	19	1173	1	1155	0.0	1768
Ga0374831_02_27382_28554	CP000240.1:1824951-1826106|CDS|CYB_1742	93.680	1155	73	0	19	1173	1	1155	0.0	1755
Ga0374831_02_27382_28554	CP000240.1:2789871-2791026|CDS|CYB_2701	93.333	1155	77	0	19	1173	1	1155	0.0	1737
Ga0374831_02_27382_28554	CP000240.1:1235562-1236717|CDS|CYB_1195	93.074	1155	80	0	19	1173	1	1155	0.0	1723
Ga0374831_02_27382_28554	CP000240.1:2745261-2746416|CDS|CYB_2657	92.814	1155	83	0	19	1173	1	1155	0.0	1709
Ga0374831_02_27382_28554	CP000240.1:559712-560867|CDS|CYB_0548	92.814	1155	83	0	19	1173	1	1155	0.0	1709
Ga0374831_02_29773_30951	CP000239.1:730085-731264|CDS|CYA_0725	99.915	1179	1	0	1	1179	1	1179	0.0	2122
Ga0374831_02_29773_30951	CP000240.1:1148654-1149833|CDS|CYB_1112	91.179	1179	104	0	1	1179	1	1179	0.0	1658
Ga0374831_03_702_1748	CP000239.1:2229714-2230662|CDS|CYA_2216	99.895	948	1	0	100	1047	1	948	0.0	1706
Ga0374831_03_702_1748	CP000240.1:1088231-1089179|CDS|CYB_1049	85.441	941	137	0	100	1040	1	941	0.0	1080
Ga0374831_03_1868_2596	CP000239.1:2228767-2229514|CDS|CYA_2215	99.863	729	1	0	1	729	19	747	0.0	1311
Ga0374831_03_1868_2596	CP000240.1:1089413-1090160|CDS|CYB_1050	82.990	729	124	0	1	729	19	747	0.0	756
Ga0374831_03_2670_2906	CP000239.1:2228457-2228694|CDS|CYA_2214	100.000	237	0	0	1	237	1	237	9.52e-121	428
Ga0374831_03_2670_2906	CP000240.1:1090199-1090436|CDS|CYB_1051	89.030	237	26	0	1	237	1	237	1.84e-85	311
Ga0374831_03_2931_3263	CP000239.1:2228070-2228433|CDS|CYA_2213	100.000	333	0	0	1	333	31	363	1.06e-172	601
Ga0374831_03_2931_3263	CP000240.1:1090460-1090823|CDS|CYB_1052	86.446	332	45	0	2	333	32	363	8.15e-111	397
Ga0374831_03_3481_4587	CP000239.1:2226776-2227883|CDS|CYA_2212	99.819	1107	2	0	1	1107	1	1107	0.0	1988
Ga0374831_03_3481_4587	CP000240.1:1090988-1092098|CDS|CYB_1054	84.298	1089	165	1	1	1083	1	1089	0.0	1195
Ga0374831_03_5022_5198	CP000239.1:2226165-2226342|CDS|CYA_2211	100.000	177	0	0	1	177	1	177	2.56e-88	320
Ga0374831_03_5971_6528	CP000239.1:2224763-2225393|CDS|CYA_2210	99.642	558	2	0	1	558	73	630	0.0	998
Ga0374831_03_5971_6528	CP000240.1:1087212-1087833|CDS|CYB_1048	82.129	526	94	0	2	527	74	599	1.15e-149	526
Ga0374831_03_7666_8202	CP000239.1:2223209-2223746|CDS|CYA_2208	100.000	537	0	0	1	537	1	537	0.0	969
Ga0374831_03_7666_8202	CP000240.1:782479-783010|CDS|CYB_0761	80.897	513	98	0	1	513	1	513	3.38e-137	484
Ga0374831_03_8500_10341	CP000239.1:2221070-2222912|CDS|CYA_2206	99.946	1842	1	0	1	1842	1	1842	0.0	3318
Ga0374831_03_8500_10341	CP000240.1:1620131-1621991|CDS|CYB_1545	85.324	1867	240	4	1	1841	1	1859	0.0	2145
Ga0374831_03_10746_10904	CP000239.1:2220508-2220667|CDS|CYA_2205	100.000	159	0	0	1	159	1	159	1.35e-78	288
Ga0374831_03_10746_10904	CP000240.1:2124008-2124485|CDS|CYB_2018	78.125	160	31	2	1	158	1	158	9.71e-30	126
Ga0374831_03_10901_11248	CP000239.1:2220164-2220512|CDS|CYA_2204	100.000	348	0	0	1	348	1	348	0.0	628
Ga0374831_03_10901_11248	CP000240.1:2124481-2124820|CDS|CYB_2019	77.337	353	61	5	1	348	1	339	2.45e-73	271
Ga0374831_03_11326_11616	CP000239.1:2219796-2220123|CDS|CYA_2202	100.000	291	0	0	1	291	37	327	5.78e-150	526
Ga0374831_03_11326_11616	CP000240.1:2124862-2125189|CDS|CYB_2020	89.347	291	31	0	1	291	37	327	1.27e-107	386
Ga0374831_03_11755_12357	CP000239.1:2219055-2219643|CDS|CYA_2201	100.000	588	0	0	16	603	1	588	0.0	1061
Ga0374831_03_11755_12357	CP000240.1:2125296-2125899|CDS|CYB_2021	85.185	594	86	2	1	593	1	593	0.0	668
Ga0374831_03_12339_13424	CP000239.1:2217988-2219059|CDS|CYA_2199	99.907	1071	1	0	16	1086	1	1071	0.0	1928
Ga0374831_03_12339_13424	CP000240.1:2126003-2126951|CDS|CYB_2023	81.876	938	156	4	138	1068	15	945	0.0	921
Ga0374831_03_13406_13594	CP000239.1:2217818-2218007|CDS|CYA_2200	100.000	189	0	0	1	189	1	189	8.44e-95	342
Ga0374831_03_13406_13594	CP000240.1:2126947-2127142|CDS|CYB_2022	85.246	183	27	0	1	183	1	183	1.25e-54	209
Ga0374831_03_13857_13976	CP000239.1:2217436-2217676|CDS|CYA_2198	100.000	120	0	0	1	120	121	240	1.43e-57	217
Ga0374831_03_13857_13976	CP000240.1:2127281-2127521|CDS|CYB_2024	86.555	119	16	0	1	119	121	239	2.59e-35	143
Ga0374831_03_14060_14485	CP000239.1:2216927-2217353|CDS|CYA_2197	100.000	426	0	0	1	426	1	426	0.0	769
Ga0374831_03_14060_14485	CP000240.1:2127611-2128025|CDS|CYB_2025	72.275	422	105	1	1	422	1	410	5.13e-64	241
Ga0374831_03_14807_16207	CP000239.1:2215205-2216606|CDS|CYA_2196	99.929	1401	1	0	1	1401	1	1401	0.0	2523
Ga0374831_03_14807_16207	CP000240.1:783495-784899|CDS|CYB_0762	82.480	1387	234	2	1	1381	1	1384	0.0	1406
Ga0374831_03_16344_16796	CP000239.1:2214616-2215069|CDS|CYA_2195	100.000	453	0	0	1	453	1	453	0.0	818
Ga0374831_03_16344_16796	CP000240.1:785038-785491|CDS|CYB_0763	86.093	453	63	0	1	453	1	453	6.22e-152	534
Ga0374831_03_17470_18756	CP000239.1:2212653-2213943|CDS|CYA_2194	84.585	1252	179	8	43	1287	46	1290	0.0	1365
Ga0374831_03_17470_18756	CP000240.1:1470380-1471673|CDS|CYB_1402	81.707	1230	213	7	43	1266	46	1269	0.0	1184
Ga0374831_03_18753_19526	CP000240.1:1471669-1472485|CDS|CYB_1403	86.939	758	99	0	1	758	1	758	0.0	921
Ga0374831_03_18753_19526	CP000239.1:2211841-2212657|CDS|CYA_2193	85.488	758	110	0	1	758	1	758	0.0	872
Ga0374831_03_19628_21064	CP000239.1:2209664-2211101|CDS|CYA_2190	90.132	1439	138	2	1	1437	1	1437	0.0	1950
Ga0374831_03_19628_21064	CP000240.1:1473109-1474546|CDS|CYB_1405	89.770	1437	147	0	1	1437	1	1437	0.0	1929
Ga0374831_03_21259_21924	CP000239.1:2208773-2209502|CDS|CYA_2189	92.749	662	48	0	5	666	68	729	0.0	978
Ga0374831_03_21259_21924	CP000240.1:1474725-1475442|CDS|CYB_1406	83.994	631	101	0	1	631	64	694	0.0	683
Ga0374831_03_22188_23543	CP000239.1:2207154-2208510|CDS|CYA_2187	99.853	1356	2	0	1	1356	1	1356	0.0	2437
Ga0374831_04_1277_1969	CP000239.1:89674-90367|CDS|CYA_0092	99.856	693	1	0	1	693	1	693	0.0	1246
Ga0374831_04_1277_1969	CP000240.1:2156694-2157387|CDS|CYB_2059	86.443	686	93	0	1	686	1	686	0.0	819
Ga0374831_04_1969_2625	CP000239.1:90366-91023|CDS|CYA_0093	99.087	657	6	0	1	657	1	657	0.0	1159
Ga0374831_04_1969_2625	CP000240.1:2157386-2158043|CDS|CYB_2060	83.714	657	107	0	1	657	1	657	0.0	703
Ga0374831_04_2864_3982	CP000239.1:91261-92380|CDS|CYA_0094	100.000	1119	0	0	1	1119	1	1119	0.0	2019
Ga0374831_04_2864_3982	CP000240.1:2158298-2159417|CDS|CYB_2061	86.327	1119	153	0	1	1119	1	1119	0.0	1329
Ga0374831_04_4135_4593	CP000239.1:92496-92991|CDS|CYA_0095	100.000	459	0	0	1	459	37	495	0.0	829
Ga0374831_04_4135_4593	CP000240.1:2159577-2160048|CDS|CYB_2062	80.000	465	78	4	1	453	1	462	1.22e-116	416
Ga0374831_04_4707_5051	CP000239.1:93104-93449|CDS|CYA_0096	100.000	345	0	0	1	345	1	345	3.36e-179	623
Ga0374831_04_4707_5051	CP000240.1:2160121-2160466|CDS|CYB_2063	84.802	329	50	0	1	329	1	329	1.18e-102	369
Ga0374831_04_5428_6801	CP000239.1:93642-95199|CDS|CYA_0097	99.927	1374	1	0	1	1374	184	1557	0.0	2474
Ga0374831_04_5428_6801	CP000240.1:2160616-2162161|CDS|CYB_2064	82.125	1365	229	5	2	1363	185	1537	0.0	1353
Ga0374831_04_6984_8174	CP000239.1:95381-96572|CDS|CYA_0099	99.916	1191	1	0	1	1191	1	1191	0.0	2144
Ga0374831_04_6984_8174	CP000240.1:2162300-2163470|CDS|CYB_2065	85.641	1177	148	3	1	1177	1	1156	0.0	1367
Ga0374831_04_8276_10015	CP000239.1:96916-98413|CDS|CYA_0100	99.933	1497	1	0	244	1740	1	1497	0.0	2696
Ga0374831_04_8276_10015	CP000240.1:2163802-2165248|CDS|CYB_2066	81.904	1481	232	2	260	1740	2	1446	0.0	1487
Ga0374831_04_10151_10327	CP000239.1:98506-98725|CDS|CYA_0102	99.435	177	1	0	1	177	43	219	1.09e-86	315
Ga0374831_04_10151_10327	CP000240.1:2166532-2166751|CDS|CYB_2069	88.636	176	20	0	1	176	43	218	1.24e-60	228
Ga0374831_04_10459_11928	CP000239.1:98856-100326|CDS|CYA_0103	99.932	1470	1	0	1	1470	1	1470	0.0	2647
Ga0374831_04_10459_11928	CP000240.1:2166881-2168315|CDS|CYB_2070	85.563	1420	203	2	1	1419	1	1419	0.0	1630
Ga0374831_04_12065_12640	CP000239.1:100417-101038|CDS|CYA_0104	99.826	576	1	0	1	576	46	621	0.0	1035
Ga0374831_04_12065_12640	CP000240.1:307436-308048|CDS|CYB_0296	85.764	576	82	0	1	576	37	612	0.0	670
Ga0374831_04_12754_12948	CP000240.1:307127-307346|CDS|CYB_0295	85.641	195	28	0	1	195	25	219	4.84e-60	226
Ga0374831_04_13524_14651	CP000239.1:101921-103049|CDS|CYA_0107	100.000	1128	0	0	1	1128	1	1128	0.0	2035
Ga0374831_04_13524_14651	CP000240.1:2206275-2207412|CDS|CYB_2112	85.284	1128	166	0	1	1128	1	1128	0.0	1287
Ga0374831_04_14858_15082	CP000240.1:2205521-2206241|CDS|CYB_2111	83.158	190	23	2	1	181	439	628	2.76e-51	198
Ga0374831_04_15821_16942	CP000239.1:104218-105340|CDS|CYA_0109	100.000	1122	0	0	1	1122	1	1122	0.0	2024
Ga0374831_04_15821_16942	CP000240.1:2203611-2204727|CDS|CYB_2110	84.220	1128	160	4	1	1122	1	1116	0.0	1231
Ga0374831_04_17012_17983	CP000239.1:105409-106381|CDS|CYA_0110	100.000	972	0	0	1	972	1	972	0.0	1754
Ga0374831_04_17012_17983	CP000240.1:2202564-2203542|CDS|CYB_2109	85.840	911	129	0	1	911	1	911	0.0	1062
Ga0374831_04_18003_18500	CP000239.1:106400-106871|CDS|CYA_0111	100.000	471	0	0	28	498	1	471	0.0	850
Ga0374831_04_18641_19306	CP000239.1:107038-107704|CDS|CYA_0112	99.850	666	1	0	1	666	1	666	0.0	1197
Ga0374831_04_18641_19306	CP000240.1:2201188-2201854|CDS|CYB_2107	86.937	666	87	0	1	666	1	666	0.0	810
Ga0374831_04_19358_20209	CP000239.1:107755-108475|CDS|CYA_0113	99.861	720	1	0	133	852	1	720	0.0	1295
Ga0374831_04_19358_20209	CP000240.1:2200319-2201048|CDS|CYB_2106	84.495	703	101	2	154	852	31	729	0.0	775
Ga0374831_04_20225_20797	CP000239.1:108622-109369|CDS|CYA_0114	100.000	573	0	0	1	573	175	747	0.0	1034
Ga0374831_04_20225_20797	CP000240.1:2199442-2200213|CDS|CYB_2104	85.844	551	78	0	1	551	175	725	0.0	643
Ga0374831_04_21044_21241	CP000239.1:109441-110236|CDS|CYA_0115	100.000	198	0	0	1	198	598	795	1.16e-99	358
Ga0374831_04_21044_21241	CP000240.1:2198610-2199366|CDS|CYB_2103	89.796	196	20	0	1	196	559	754	1.96e-71	264
Ga0374831_04_21900_22601	CP000239.1:110297-111221|CDS|CYA_0116	100.000	702	0	0	1	702	223	924	0.0	1267
Ga0374831_04_21900_22601	CP000240.1:2197589-2198528|CDS|CYB_2102	86.115	713	87	3	2	702	227	939	0.0	838
Ga0374831_05_25_1539	CP000239.1:567086-569000|CDS|CYA_0554	99.736	1515	4	0	1	1515	400	1914	0.0	2715
Ga0374831_05_25_1539	CP000240.1:791708-793724|CDS|CYB_0770	88.391	1516	172	2	1	1514	502	2015	0.0	1936
Ga0374831_05_1604_1972	CP000239.1:566653-567022|CDS|CYA_0552	100.000	369	0	0	1	369	1	369	0.0	666
Ga0374831_05_1604_1972	CP000240.1:791274-791643|CDS|CYB_0768	87.805	369	45	0	1	369	1	369	7.43e-131	463
Ga0374831_05_1969_3051	CP000239.1:565574-566657|CDS|CYA_0553	100.000	1083	0	0	1	1083	1	1083	0.0	1954
Ga0374831_05_1969_3051	CP000240.1:790195-791278|CDS|CYB_0769	89.012	1083	119	0	1	1083	1	1083	0.0	1417
Ga0374831_05_3229_3516	CP000239.1:565109-565394|CDS|CYA_0551	100.000	285	0	0	4	288	1	285	1.03e-146	515
Ga0374831_05_3229_3516	CP000240.1:789734-790004|CDS|CYB_0767	78.509	228	47	2	20	246	2	228	7.97e-47	184
Ga0374831_05_3574_4068	CP000239.1:562721-563216|CDS|CYA_0548	99.798	495	1	0	1	495	1	495	0.0	889
Ga0374831_05_3574_4068	CP000240.1:789171-789684|CDS|CYB_0766	85.887	496	68	2	1	495	19	513	7.79e-164	572
Ga0374831_05_4190_5506	CP000239.1:561283-562600|CDS|CYA_0547	98.481	1317	20	0	1	1317	1	1317	0.0	2286
Ga0374831_05_4190_5506	CP000240.1:2366010-2367327|CDS|CYB_2262	88.167	1293	153	0	1	1293	1	1293	0.0	1643
Ga0374831_05_5544_7652	CP000239.1:559137-561246|CDS|CYA_0546	99.052	2109	20	0	1	2109	1	2109	0.0	3714
Ga0374831_05_5544_7652	CP000240.1:2363787-2365941|CDS|CYB_2261	83.519	2154	303	8	1	2107	1	2149	0.0	2296
Ga0374831_05_7663_9480	CP000239.1:557309-559127|CDS|CYA_0545	97.415	1818	47	0	1	1818	1	1818	0.0	3067
Ga0374831_05_7663_9480	CP000240.1:2361939-2363757|CDS|CYB_2260	87.184	1818	233	0	1	1818	1	1818	0.0	2229
Ga0374831_05_9664_9771	CP000239.1:557018-557126|CDS|CYA_0544	100.000	108	0	0	1	108	1	108	4.11e-51	196
Ga0374831_05_9664_9771	CP000240.1:2361657-2361765|CDS|CYB_2259	87.963	108	13	0	1	108	1	108	3.37e-33	137
Ga0374831_05_9884_11179	CP000239.1:555610-556906|CDS|CYA_0543	99.923	1296	1	0	1	1296	1	1296	0.0	2333
Ga0374831_05_9884_11179	CP000240.1:2360254-2361550|CDS|CYB_2258	88.812	1296	145	0	1	1296	1	1296	0.0	1684
Ga0374831_05_11498_12541	CP000239.1:554248-555292|CDS|CYA_0542	99.808	1044	2	0	1	1044	1	1044	0.0	1874
Ga0374831_05_11498_12541	CP000240.1:2358883-2359927|CDS|CYB_2257	90.307	1042	101	0	1	1042	1	1042	0.0	1425
Ga0374831_05_12960_13055	CP000239.1:553735-553993|CDS|CYA_0540	100.000	96	0	0	1	96	163	258	1.15e-44	174
Ga0374831_05_13057_13248	CP000239.1:553497-553734|CDS|CYA_0539	100.000	175	0	0	18	192	63	237	3.42e-87	316
Ga0374831_05_13057_13248	CP000240.1:2358009-2358276|CDS|CYB_2255	82.383	193	28	1	4	190	73	265	8.06e-51	196
Ga0374831_05_13464_14072	CP000239.1:552726-553335|CDS|CYA_0537	100.000	609	0	0	1	609	1	609	0.0	1099
Ga0374831_05_13464_14072	CP000240.1:2357236-2357845|CDS|CYB_2254	92.447	609	46	0	1	609	1	609	0.0	892
Ga0374831_06_188_679	CP000239.1:2269212-2269932|CDS|CYA_2263	76.316	456	102	2	36	491	270	719	1.23e-91	333
Ga0374831_06_1299_1898	CP000239.1:2268270-2269023|CDS|CYA_2260	91.000	600	54	0	1	600	154	753	0.0	839
Ga0374831_06_1299_1898	CP000240.1:1419041-1419602|CDS|CYB_1349	78.467	548	103	3	65	600	17	561	5.28e-129	457
Ga0374831_06_1994_2743	CP000239.1:2267425-2268175|CDS|CYA_2259	96.000	750	30	0	1	750	1	750	0.0	1218
Ga0374831_06_1994_2743	CP000240.1:1419904-1420654|CDS|CYB_1350	85.160	748	111	0	1	748	1	748	0.0	849
Ga0374831_06_2749_3060	CP000239.1:2267108-2267420|CDS|CYA_2258	98.718	312	4	0	1	312	1	312	6.65e-156	545
Ga0374831_06_2749_3060	CP000240.1:1420707-1421019|CDS|CYB_1351	98.065	310	6	0	1	310	1	310	4.20e-152	533
Ga0374831_06_3211_4110	CP000239.1:2266058-2266988|CDS|CYA_2257	98.111	900	17	0	1	900	31	930	0.0	1547
Ga0374831_06_3211_4110	CP000240.1:1421430-1422348|CDS|CYB_1353	80.805	870	167	0	1	870	31	900	0.0	817
Ga0374831_06_4131_5741	CP000239.1:2264430-2266038|CDS|CYA_2256	99.565	1608	7	0	4	1611	1	1608	0.0	2869
Ga0374831_06_4131_5741	CP000240.1:2348918-2350535|CDS|CYB_2244	83.240	1605	267	2	4	1607	1	1604	0.0	1675
Ga0374831_06_5861_6709	CP000239.1:2263459-2264308|CDS|CYA_2254	99.882	849	1	0	1	849	1	849	0.0	1527
Ga0374831_06_5861_6709	CP000240.1:2501737-2502595|CDS|CYB_2403	85.000	840	126	0	2	841	2	841	0.0	948
Ga0374831_06_6790_7530	CP000239.1:2262758-2263379|CDS|CYA_2253	98.712	621	8	0	121	741	1	621	0.0	1085
Ga0374831_06_6790_7530	CP000240.1:2502642-2503263|CDS|CYB_2404	85.829	621	88	0	121	741	1	621	0.0	724
Ga0374831_06_7701_9161	CP000239.1:2261007-2262468|CDS|CYA_2252	100.000	1461	0	0	1	1461	1	1461	0.0	2636
Ga0374831_06_7701_9161	CP000240.1:2503543-2505004|CDS|CYB_2405	85.000	1460	219	0	1	1460	1	1460	0.0	1646
Ga0374831_06_9177_9635	CP000239.1:2260533-2260992|CDS|CYA_2251	100.000	459	0	0	1	459	1	459	0.0	829
Ga0374831_06_9177_9635	CP000240.1:148417-149311|CDS|CYB_0135	67.380	374	122	0	2	375	2	375	3.08e-29	125
Ga0374831_06_9938_10354	CP000239.1:2255669-2256086|CDS|CYA_2245	100.000	417	0	0	1	417	1	417	0.0	753
Ga0374831_06_9938_10354	CP000240.1:2510262-2510691|CDS|CYB_2413	78.723	423	79	4	2	417	2	420	1.34e-96	350
Ga0374831_06_10351_11148	CP000239.1:2256082-2256880|CDS|CYA_2246	100.000	798	0	0	1	798	1	798	0.0	1440
Ga0374831_06_10351_11148	CP000240.1:2509468-2510266|CDS|CYB_2412	82.206	798	142	0	1	798	1	798	0.0	800
Ga0374831_06_11153_12493	CP000239.1:2256884-2258225|CDS|CYA_2247	99.925	1341	1	0	1	1341	1	1341	0.0	2415
Ga0374831_06_11153_12493	CP000240.1:2508112-2509453|CDS|CYB_2411	82.388	1340	236	0	1	1340	1	1340	0.0	1353
Ga0374831_06_12506_12835	CP000239.1:2258237-2258726|CDS|CYA_2248	100.000	330	0	0	1	330	160	489	4.45e-171	596
Ga0374831_06_12506_12835	CP000240.1:2506239-2506704|CDS|CYB_2409	83.742	326	51	2	1	325	67	391	1.56e-94	343
Ga0374831_07_11_241	CP000239.1:2251175-2251874|CDS|CYA_2237	100.000	231	0	0	1	231	469	699	1.67e-117	417
Ga0374831_07_293_1003	CP000239.1:2250413-2251124|CDS|CYA_2236	100.000	711	0	0	1	711	1	711	0.0	1283
Ga0374831_07_293_1003	CP000240.1:380442-381219|CDS|CYB_0364	81.831	710	124	3	1	707	1	708	0.0	691
Ga0374831_07_1097_1711	CP000239.1:2249699-2250320|CDS|CYA_2235	100.000	615	0	0	1	615	7	621	0.0	1110
Ga0374831_07_1097_1711	CP000240.1:590398-591046|CDS|CYB_0584	81.918	636	88	2	7	615	13	648	0.0	645
Ga0374831_07_1762_2529	CP000239.1:2248887-2249655|CDS|CYA_2234	100.000	768	0	0	1	768	1	768	0.0	1386
Ga0374831_07_2550_3086	CP000239.1:2248276-2248867|CDS|CYA_2233	100.000	537	0	0	1	537	55	591	0.0	969
Ga0374831_07_2550_3086	CP000240.1:588837-589461|CDS|CYB_0582	75.091	550	89	6	20	521	56	605	5.73e-109	391
Ga0374831_07_3338_3955	CP000239.1:2247461-2248079|CDS|CYA_2232	100.000	618	0	0	1	618	1	618	0.0	1115
Ga0374831_07_3338_3955	CP000240.1:588094-588712|CDS|CYB_0581	87.967	615	74	0	2	616	2	616	0.0	776
Ga0374831_07_3952_4920	CP000239.1:2246496-2247465|CDS|CYA_2231	100.000	969	0	0	1	969	1	969	0.0	1748
Ga0374831_07_3952_4920	CP000240.1:587129-588098|CDS|CYB_0580	87.410	969	122	0	1	969	1	969	0.0	1198
Ga0374831_07_4949_5842	CP000239.1:2245575-2246475|CDS|CYA_2230	99.776	894	2	0	1	894	1	894	0.0	1604
Ga0374831_07_4949_5842	CP000240.1:586179-587103|CDS|CYB_0579	87.596	911	89	3	1	887	1	911	0.0	1142
Ga0374831_07_5994_7256	CP000239.1:2244161-2245424|CDS|CYA_2229	100.000	1263	0	0	1	1263	1	1263	0.0	2278
Ga0374831_07_5994_7256	CP000240.1:584582-585827|CDS|CYB_0578	85.962	1268	146	4	1	1261	1	1243	0.0	1496
Ga0374831_07_7923_8519	CP000239.1:2242916-2243624|CDS|CYA_2228	96.187	577	16	1	1	571	130	706	0.0	943
Ga0374831_07_7923_8519	CP000240.1:583590-584298|CDS|CYB_0577	87.348	577	67	1	1	571	130	706	0.0	713
Ga0374831_07_8811_9302	CP000239.1:2242109-2242595|CDS|CYA_2227	100.000	486	0	0	7	492	1	486	0.0	877
Ga0374831_07_8811_9302	CP000240.1:1508398-1508884|CDS|CYB_1438	90.123	486	48	0	7	492	1	486	0.0	661
Ga0374831_07_9363_9848	CP000239.1:2241563-2242049|CDS|CYA_2226	100.000	486	0	0	1	486	1	486	0.0	877
Ga0374831_07_9363_9848	CP000240.1:1508947-1509433|CDS|CYB_1439	91.152	486	43	0	1	486	1	486	0.0	683
Ga0374831_07_9989_10192	CP000239.1:2241219-2241423|CDS|CYA_2225	99.510	204	1	0	1	204	1	204	2.81e-101	364
Ga0374831_07_9989_10192	CP000240.1:1509599-1509803|CDS|CYB_1440	92.647	204	15	0	1	204	1	204	2.82e-82	301
Ga0374831_07_10325_11356	CP000239.1:2240055-2241087|CDS|CYA_2224	100.000	1032	0	0	1	1032	1	1032	0.0	1862
Ga0374831_07_10325_11356	CP000240.1:1509936-1510965|CDS|CYB_1441	85.142	1023	149	1	1	1023	1	1020	0.0	1159
Ga0374831_08_245_334	CP000239.1:722155-722287|CDS|CYA_0717	100.000	90	0	0	1	90	43	132	1.95e-41	163
Ga0374831_08_245_334	CP000240.1:3009973-3010105|CDS|CYB_2911	87.778	90	11	0	1	90	43	132	3.09e-26	113
Ga0374831_08_795_2009	CP000239.1:720522-721737|CDS|CYA_0713	99.918	1215	1	0	1	1215	1	1215	0.0	2187
Ga0374831_08_795_2009	CP000239.1:699773-701018|CDS|CYA_0693	82.429	1161	202	2	1	1160	1	1160	0.0	1168
Ga0374831_08_795_2009	CP000240.1:3004651-3005875|CDS|CYB_2904	82.029	1163	182	8	1	1160	1	1139	0.0	1144
Ga0374831_08_2006_2878	CP000239.1:719653-720526|CDS|CYA_0714	99.885	873	1	0	1	873	1	873	0.0	1571
Ga0374831_08_2006_2878	CP000240.1:3003800-3004655|CDS|CYB_2905	87.678	844	104	0	1	844	1	844	0.0	1054
Ga0374831_08_2006_2878	CP000239.1:701014-701869|CDS|CYA_0692	87.337	845	105	2	1	844	1	844	0.0	1035
Ga0374831_08_2006_2878	CP000239.1:2354506-2355397|CDS|CYA_2347	64.698	762	240	19	90	835	96	844	6.84e-22	103
Ga0374831_08_2957_3454	CP000239.1:719077-719575|CDS|CYA_0712	100.000	498	0	0	1	498	1	498	0.0	899
Ga0374831_08_2957_3454	CP000239.1:702090-702585|CDS|CYA_0694	84.114	491	78	0	7	497	4	494	1.97e-152	535
Ga0374831_08_2957_3454	CP000240.1:3003084-3003579|CDS|CYB_2903	83.707	491	80	0	7	497	4	494	1.02e-149	526
Ga0374831_08_3567_3749	CP000239.1:718782-718953|CDS|CYA_0711	100.000	171	0	0	13	183	1	171	4.81e-85	309
Ga0374831_08_4109_5233	CP000239.1:717299-718511|CDS|CYA_0710	100.000	1125	0	0	1	1125	88	1212	0.0	2030
Ga0374831_08_4109_5233	CP000240.1:1835741-1836944|CDS|CYB_1752	86.882	1113	146	0	1	1113	88	1200	0.0	1350
Ga0374831_08_5374_6654	CP000239.1:715878-717159|CDS|CYA_0709	100.000	1281	0	0	1	1281	1	1281	0.0	2311
Ga0374831_08_5374_6654	CP000240.1:1833864-1835145|CDS|CYB_1751	89.428	1277	135	0	1	1277	1	1277	0.0	1695
Ga0374831_08_6765_7244	CP000239.1:715288-715768|CDS|CYA_0707	99.792	480	1	0	1	480	1	480	0.0	862
Ga0374831_08_6765_7244	CP000240.1:1833257-1833770|CDS|CYB_1750	87.692	455	54	2	1	454	1	454	1.36e-160	562
Ga0374831_08_7211_7579	CP000239.1:714926-715322|CDS|CYA_0708	99.729	369	1	0	1	369	28	396	0.0	662
Ga0374831_08_7211_7579	CP000240.1:2213301-2213703|CDS|CYB_2119	75.504	347	81	2	13	357	49	393	5.37e-63	238
Ga0374831_08_7211_7579	CP000239.1:687318-687720|CDS|CYA_0680	74.640	347	84	2	13	357	49	393	3.39e-59	224
Ga0374831_08_7674_7796	CP000239.1:687173-687296|CDS|CYA_0679	91.870	123	10	0	1	123	1	123	1.29e-45	178
Ga0374831_08_8183_8806	CP000239.1:686138-686762|CDS|CYA_0678	99.199	624	5	0	1	624	1	624	0.0	1104
Ga0374831_08_8183_8806	CP000239.1:713714-714350|CDS|CYA_0706	91.158	622	55	0	1	622	1	622	0.0	875
Ga0374831_08_8183_8806	CP000240.1:2212140-2212764|CDS|CYB_2118	82.476	622	109	0	1	622	1	622	0.0	631
Ga0374831_08_9037_9738	CP000239.1:685206-685908|CDS|CYA_0677	98.433	702	11	0	1	702	1	702	0.0	1217
Ga0374831_08_9037_9738	CP000240.1:2210138-2210840|CDS|CYB_2116	86.895	702	92	0	1	702	1	702	0.0	852
Ga0374831_08_9773_9970	CP000239.1:684899-685172|CDS|CYA_0676	100.000	198	0	0	1	198	76	273	1.16e-99	358
Ga0374831_08_9773_9970	CP000240.1:2209865-2210111|CDS|CYB_2115	82.353	170	30	0	28	197	76	245	9.52e-44	172
Ga0374831_08_10075_11454	CP000239.1:683433-684870|CDS|CYA_0675	98.333	1380	23	0	1	1380	58	1437	0.0	2386
Ga0374831_08_10075_11454	CP000240.1:2208275-2209715|CDS|CYB_2114	91.292	1378	120	0	1	1378	61	1438	0.0	1945
Ga0374831_09_514_1635	CP000239.1:1221033-1222236|CDS|CYA_1211	99.733	1122	3	0	1	1122	82	1203	0.0	2011
Ga0374831_09_514_1635	CP000240.1:2487937-2489140|CDS|CYB_2385	84.512	1117	173	0	1	1117	82	1198	0.0	1235
Ga0374831_09_2041_3354	CP000239.1:1219395-1220859|CDS|CYA_1210	95.510	1314	59	0	1	1314	151	1464	0.0	2104
Ga0374831_09_2041_3354	CP000240.1:2486294-2487725|CDS|CYB_2384	87.205	1313	168	0	2	1314	119	1431	0.0	1611
Ga0374831_09_3367_4095	CP000239.1:1218654-1219383|CDS|CYA_1209	99.863	729	1	0	1	729	1	729	0.0	1311
Ga0374831_09_3367_4095	CP000240.1:2485553-2486282|CDS|CYB_2383	91.736	726	58	2	1	725	1	725	0.0	1032
Ga0374831_09_4778_5269	CP000239.1:1217480-1217972|CDS|CYA_1208	100.000	492	0	0	1	492	1	492	0.0	888
Ga0374831_09_4778_5269	CP000240.1:2484334-2484835|CDS|CYB_2380	83.333	492	82	0	1	492	10	501	1.50e-147	518
Ga0374831_09_5497_6429	CP000239.1:1216338-1217253|CDS|CYA_1206	99.891	915	1	0	19	933	1	915	0.0	1646
Ga0374831_09_5497_6429	CP000240.1:2426035-2426938|CDS|CYB_2315	87.653	899	111	0	31	929	1	899	0.0	1122
Ga0374831_09_6622_7755	CP000239.1:1214994-1216128|CDS|CYA_1205	99.912	1134	1	0	1	1134	1	1134	0.0	2041
Ga0374831_09_6622_7755	CP000240.1:2427163-2428297|CDS|CYB_2316	88.272	1134	133	0	1	1134	1	1134	0.0	1446
Ga0374831_09_7767_8510	CP000239.1:1214239-1214983|CDS|CYA_1204	100.000	744	0	0	1	744	1	744	0.0	1342
Ga0374831_09_7767_8510	CP000240.1:2428296-2429046|CDS|CYB_2317	80.085	703	136	2	34	734	49	749	0.0	632
Ga0374831_09_8498_9286	CP000239.1:1213463-1214252|CDS|CYA_1202	99.620	789	3	0	1	789	1	789	0.0	1410
Ga0374831_09_8498_9286	CP000240.1:2429084-2429858|CDS|CYB_2319	84.812	744	113	0	46	789	31	774	0.0	833
Ga0374831_09_9264_9989	CP000239.1:1212760-1213486|CDS|CYA_1203	98.347	726	12	0	1	726	1	726	0.0	1256
Ga0374831_09_9264_9989	CP000240.1:2429835-2430561|CDS|CYB_2318	81.241	725	134	2	1	724	1	724	0.0	688
Ga0374831_09_9986_10900	CP000239.1:1211786-1212764|CDS|CYA_1201	99.891	915	1	0	1	915	64	978	0.0	1646
Ga0374831_09_9986_10900	CP000240.1:2430557-2431541|CDS|CYB_2320	88.634	915	104	0	1	915	70	984	0.0	1182
Ga0374831_11_87_443	CP000239.1:1652091-1652448|CDS|CYA_1655	100.000	357	0	0	1	357	1	357	0.0	645
Ga0374831_11_87_443	CP000240.1:1706411-1706768|CDS|CYB_1638	84.551	356	53	2	1	355	1	355	4.53e-108	388
Ga0374831_11_444_1673	CP000239.1:1652448-1653678|CDS|CYA_1656	99.756	1230	3	0	1	1230	1	1230	0.0	2205
Ga0374831_11_444_1673	CP000240.1:1706803-1708045|CDS|CYB_1639	76.705	1129	247	10	97	1217	112	1232	0.0	820
Ga0374831_11_1660_5808	CP000239.1:1653664-1658044|CDS|CYA_1657	97.228	4149	115	0	1	4149	232	4380	0.0	6964
Ga0374831_11_1660_5808	CP000240.1:1708079-1712408|CDS|CYB_1640	82.526	4109	619	22	1	4061	232	4289	0.0	4164
Ga0374831_11_6281_8959	CP000239.1:1658285-1661042|CDS|CYA_1658	99.925	2679	2	0	1	2679	79	2757	0.0	4823
Ga0374831_11_6281_8959	CP000240.1:1712649-1715439|CDS|CYB_1641	84.814	2713	377	4	1	2679	79	2790	0.0	3049
Ga0374831_12_12_1160	CP000239.1:111442-113350|CDS|CYA_0117	100.000	1149	0	0	1	1149	760	1908	0.0	2073
Ga0374831_12_1301_2419	CP000239.1:113490-114609|CDS|CYA_0118	100.000	1119	0	0	1	1119	1	1119	0.0	2019
Ga0374831_12_1301_2419	CP000240.1:2865970-2867077|CDS|CYB_2767	79.765	1107	218	2	1	1104	1	1104	0.0	984
Ga0374831_12_2643_2996	CP000239.1:114832-115186|CDS|CYA_0119	99.718	354	1	0	1	354	1	354	0.0	635
Ga0374831_12_2643_2996	CP000240.1:2867276-2867630|CDS|CYB_2768	86.127	346	48	0	1	346	1	346	1.37e-114	408
Ga0374831_12_2998_3594	CP000239.1:115187-115784|CDS|CYA_0120	99.832	597	1	0	1	597	1	597	0.0	1073
Ga0374831_12_2998_3594	CP000240.1:2867668-2868259|CDS|CYB_2769	87.411	564	65	1	1	558	1	564	0.0	699
Ga0374831_12_4054_4365	CP000239.1:116243-116555|CDS|CYA_0121	100.000	312	0	0	1	312	1	312	2.48e-161	563
Ga0374831_12_4054_4365	CP000240.1:2868401-2868716|CDS|CYB_2770	85.609	271	39	0	1	271	1	271	7.13e-86	314
Ga0374831_12_4369_4695	CP000239.1:116558-116885|CDS|CYA_0122	100.000	327	0	0	1	327	1	327	1.88e-169	590
Ga0374831_12_4369_4695	CP000240.1:2868719-2869046|CDS|CYB_2771	83.681	288	47	0	1	288	1	288	3.19e-84	308
Ga0374831_12_4695_4871	CP000239.1:116884-117061|CDS|CYA_0123	100.000	177	0	0	1	177	1	177	2.56e-88	320
Ga0374831_12_4695_4871	CP000240.1:2869045-2869312|CDS|CYB_2772	87.425	167	21	0	1	167	91	257	4.06e-54	207
Ga0374831_12_4969_5154	CP000239.1:117158-117344|CDS|CYA_0124	100.000	186	0	0	1	186	1	186	3.52e-93	336
Ga0374831_12_5251_5502	CP000239.1:117440-117692|CDS|CYA_0125	99.603	252	1	0	1	252	1	252	3.12e-127	451
Ga0374831_12_5251_5502	CP000240.1:2869599-2869851|CDS|CYB_2774	88.446	251	29	0	1	251	1	251	1.09e-88	323
Ga0374831_12_5621_6925	CP000239.1:117810-119115|CDS|CYA_0126	99.923	1304	1	0	1	1304	1	1304	0.0	2348
Ga0374831_12_5621_6925	CP000240.1:2869974-2871279|CDS|CYB_2775	81.581	1303	240	0	1	1303	1	1303	0.0	1269
Ga0374831_12_7191_8795	CP000239.1:119961-121887|CDS|CYA_0128	97.570	1605	39	0	1	1605	322	1926	0.0	2719
Ga0374831_12_7191_8795	CP000240.1:2872846-2874769|CDS|CYB_2779	92.308	1599	123	0	1	1599	322	1920	0.0	2330
Ga0374831_13_1248_1934	CP000239.1:1712347-1713088|CDS|CYA_1704	99.709	687	2	0	1	687	55	741	0.0	1231
Ga0374831_13_1248_1934	CP000240.1:1066520-1067435|CDS|CYB_1024	79.751	642	126	2	2	641	188	827	4.66e-162	567
Ga0374831_13_2224_2637	CP000239.1:1713323-1713767|CDS|CYA_1705	100.000	398	0	0	1	398	1	398	0.0	719
Ga0374831_13_2224_2637	CP000240.1:1067555-1067930|CDS|CYB_1025	85.205	365	54	0	1	365	1	365	1.09e-116	416
Ga0374831_13_2814_3356	CP000239.1:1713943-1715746|CDS|CYA_1706	99.563	458	2	0	1	458	1	458	0.0	818
Ga0374831_13_2814_3356	CP000240.1:1068087-1069890|CDS|CYB_1026	87.773	458	56	0	1	458	1	458	2.46e-164	574
Ga0374831_13_4071_4562	CP000239.1:1713943-1715746|CDS|CYA_1706	99.797	492	1	0	1	492	1312	1803	0.0	884
Ga0374831_13_4071_4562	CP000240.1:1068087-1069890|CDS|CYB_1026	88.797	482	54	0	1	482	1315	1796	4.01e-180	627
Ga0374831_13_4651_5076	CP000239.1:1715834-1716260|CDS|CYA_1707	100.000	426	0	0	1	426	1	426	0.0	769
Ga0374831_13_6158_7108	CP000239.1:1719051-1720002|CDS|CYA_1710	100.000	951	0	0	1	951	1	951	0.0	1716
Ga0374831_13_6158_7108	CP000240.1:360078-361053|CDS|CYB_0341	74.048	998	185	6	1	949	1	973	0.0	673
Ga0374831_15_12_347	CP000239.1:781897-782347|CDS|CYA_0776	100.000	336	0	0	1	336	115	450	2.51e-174	607
Ga0374831_15_12_347	CP000240.1:212011-212446|CDS|CYB_0200	81.270	315	47	2	1	315	115	417	4.00e-83	305
Ga0374831_15_707_1216	CP000239.1:781028-781538|CDS|CYA_0774	100.000	510	0	0	1	510	1	510	0.0	921
Ga0374831_15_707_1216	CP000240.1:211181-211715|CDS|CYB_0199	88.115	488	58	0	1	488	1	488	6.17e-178	619
Ga0374831_15_1466_2080	CP000239.1:780165-780984|CDS|CYA_0773	99.837	615	1	0	1	615	205	819	0.0	1105
Ga0374831_15_1466_2080	CP000240.1:209502-210327|CDS|CYB_0196	84.296	554	87	0	1	554	208	761	4.74e-174	608
Ga0374831_15_2190_3020	CP000239.1:779225-780056|CDS|CYA_0772	100.000	831	0	0	1	831	1	831	0.0	1499
Ga0374831_15_2190_3020	CP000240.1:208564-209434|CDS|CYB_0195	79.023	839	149	5	1	812	22	860	0.0	722
Ga0374831_15_3043_3723	CP000239.1:778522-779203|CDS|CYA_0771	99.853	681	1	0	1	681	1	681	0.0	1224
Ga0374831_15_3043_3723	CP000240.1:207846-208548|CDS|CYB_0194	79.822	674	121	3	1	659	1	674	6.42e-173	603
Ga0374831_15_3746_4816	CP000239.1:777429-778500|CDS|CYA_0770	100.000	1071	0	0	1	1071	1	1071	0.0	1932
Ga0374831_15_3746_4816	CP000240.1:206713-207784|CDS|CYB_0193	86.181	1071	148	0	1	1071	1	1071	0.0	1265
Ga0374831_15_4949_5290	CP000239.1:776957-777299|CDS|CYA_0769	100.000	342	0	0	1	342	1	342	1.42e-177	618
Ga0374831_15_4949_5290	CP000240.1:206257-206599|CDS|CYB_0192	88.060	335	40	0	1	335	1	335	1.73e-119	425
Ga0374831_16_52_1011	CP000239.1:2272521-2273481|CDS|CYA_2264	100.000	960	0	0	1	960	1	960	0.0	1732
Ga0374831_16_52_1011	CP000240.1:469830-470799|CDS|CYB_0465	85.759	969	129	2	1	960	1	969	0.0	1125
Ga0374831_16_1198_2406	CP000239.1:2273667-2274876|CDS|CYA_2265	99.752	1209	3	0	1	1209	1	1209	0.0	2168
Ga0374831_16_1198_2406	CP000240.1:466818-468018|CDS|CYB_0462	84.018	1120	177	2	91	1209	82	1200	0.0	1206
Ga0374831_16_2502_3692	CP000239.1:2274971-2276132|CDS|CYA_2266	99.914	1161	1	0	31	1191	1	1161	0.0	2090
Ga0374831_16_2502_3692	CP000240.1:2079055-2080213|CDS|CYB_1979	80.690	1160	221	1	32	1191	2	1158	0.0	1081
Ga0374831_16_2502_3692	CP000240.1:465555-466713|CDS|CYB_0461	80.517	1160	223	1	32	1191	2	1158	0.0	1072
Ga0374831_16_4162_5175	CP000239.1:2276670-2277645|CDS|CYA_2267	100.000	975	0	0	40	1014	1	975	0.0	1759
Ga0374831_16_4162_5175	CP000240.1:464347-465361|CDS|CYB_0460	84.320	1014	159	0	1	1014	1	1014	0.0	1113
Ga0374831_16_4162_5175	CP000240.1:2080407-2081415|CDS|CYB_1980	82.939	1014	167	1	1	1014	1	1008	0.0	1050
Ga0374831_17_430_837	CP000239.1:2610754-2611231|CDS|CYA_2587	98.775	408	5	0	1	408	70	477	0.0	714
Ga0374831_17_430_837	CP000239.1:2362619-2363096|CDS|CYA_2355	98.775	408	5	0	1	408	70	477	0.0	714
Ga0374831_17_430_837	CP000239.1:2604255-2604732|CDS|CYA_2580	98.768	406	5	0	3	408	72	477	0.0	710
Ga0374831_17_430_837	CP000239.1:563303-563780|CDS|CYA_0549	98.768	406	5	0	3	408	72	477	0.0	710
Ga0374831_17_430_837	CP000239.1:1922539-1923016|CDS|CYA_1913	98.529	408	6	0	1	408	70	477	0.0	710
Ga0374831_17_430_837	CP000239.1:65282-65759|CDS|CYA_0068	98.529	408	6	0	1	408	70	477	0.0	710
Ga0374831_17_430_837	CP000239.1:2085206-2085683|CDS|CYA_2064	98.284	408	7	0	1	408	70	477	0.0	705
Ga0374831_17_430_837	CP000239.1:2237233-2237710|CDS|CYA_2221	98.519	405	6	0	4	408	73	477	0.0	704
Ga0374831_17_430_837	CP000239.1:2426211-2426688|CDS|CYA_2415	98.276	406	7	0	3	408	72	477	0.0	701
Ga0374831_17_430_837	CP000239.1:1161245-1161722|CDS|CYA_1137	98.276	406	7	0	3	408	72	477	0.0	701
Ga0374831_17_430_837	CP000239.1:1153630-1154107|CDS|CYA_1128	98.276	406	7	0	3	408	72	477	0.0	701
Ga0374831_17_430_837	CP000239.1:1968829-1969306|CDS|CYA_1958	98.030	406	8	0	3	408	72	477	0.0	697
Ga0374831_17_430_837	CP000239.1:152387-152861|CDS|CYA_0156	98.015	403	8	0	1	403	70	472	0.0	691
Ga0374831_17_430_837	CP000239.1:2741014-2741329|CDS|CYA_2724	98.095	315	6	0	94	408	1	315	1.08e-154	542
Ga0374831_17_430_837	CP000239.1:2654704-2655019|CDS|CYA_2640	98.095	315	6	0	94	408	1	315	1.08e-154	542
Ga0374831_17_862_2133	CP000239.1:2083979-2085251|CDS|CYA_2063	98.585	1272	18	0	1	1272	1	1272	0.0	2214
Ga0374831_17_862_2133	CP000239.1:152816-154088|CDS|CYA_0158	98.270	1272	22	0	1	1272	1	1272	0.0	2195
Ga0374831_17_862_2133	CP000239.1:2604687-2605959|CDS|CYA_2581	98.113	1272	24	0	1	1272	1	1272	0.0	2186
Ga0374831_17_862_2133	CP000239.1:2652297-2653569|CDS|CYA_2636	98.035	1272	25	0	1	1272	1	1272	0.0	2182
Ga0374831_17_862_2133	CP000239.1:1969261-1970533|CDS|CYA_1959	97.720	1272	29	0	1	1272	1	1272	0.0	2164
Ga0374831_17_862_2133	CP000239.1:1160018-1161290|CDS|CYA_1136	97.720	1272	29	0	1	1272	1	1272	0.0	2164
Ga0374831_17_2146_2541	CP000239.1:2235539-2235965|CDS|CYA_2219	100.000	396	0	0	1	396	31	426	0.0	715
Ga0374831_17_2146_2541	CP000240.1:1512795-1513710|CDS|CYB_1443	84.557	395	43	1	1	395	1	377	5.06e-127	450
Ga0374831_17_2723_4861	CP000239.1:2233249-2235388|CDS|CYA_2218	99.953	2139	1	0	1	2139	1	2139	0.0	3854
Ga0374831_17_2723_4861	CP000240.1:1514302-1516441|CDS|CYB_1445	87.751	2139	262	0	1	2139	1	2139	0.0	2677
Ga0374831_18_205_480	CP000239.1:1764599-1764986|CDS|CYA_1759	100.000	276	0	0	1	276	112	387	7.58e-142	499
Ga0374831_18_205_480	CP000240.1:1247140-1247623|CDS|CYB_1203	86.496	274	37	0	1	274	208	481	2.83e-90	328
Ga0374831_18_490_1011	CP000239.1:1764134-1764590|CDS|CYA_1758	100.000	456	0	0	67	522	1	456	0.0	823
Ga0374831_18_490_1011	CP000240.1:1244277-1244703|CDS|CYB_1200	85.308	422	62	0	68	489	2	423	1.15e-136	482
Ga0374831_18_1435_2046	CP000239.1:88305-89487|CDS|CYA_0091	80.616	552	107	0	20	571	389	940	7.99e-146	514
Ga0374831_18_1435_2046	CP000240.1:1316312-1317548|CDS|CYB_1259	79.423	520	107	0	38	557	407	926	1.88e-128	456
Ga0374831_18_1435_2046	CP000240.1:102811-104029|CDS|CYB_0087	78.598	542	116	0	1	542	394	935	1.88e-128	455
Ga0374831_18_1435_2046	CP000240.1:1190675-1191869|CDS|CYB_1151	78.453	543	117	0	1	543	370	912	2.29e-127	453
Ga0374831_18_1435_2046	CP000240.1:2644164-2645358|CDS|CYB_2538	78.269	543	118	0	1	543	370	912	2.79e-126	448
Ga0374831_18_1435_2046	CP000240.1:1521392-1522610|CDS|CYB_1450	78.269	543	118	0	1	543	394	936	2.79e-126	448
Ga0374831_18_1435_2046	CP000240.1:1358129-1359347|CDS|CYB_1297	78.085	543	119	0	1	543	394	936	1.19e-124	444
Ga0374831_18_1435_2046	CP000240.1:638632-639850|CDS|CYB_0630	78.085	543	119	0	1	543	394	936	1.19e-124	444
Ga0374831_18_1435_2046	CP000240.1:2210858-2212052|CDS|CYB_2117	77.697	547	122	0	11	557	380	926	5.05e-123	437
Ga0374831_18_1435_2046	CP000240.1:1803089-1804283|CDS|CYB_1722	78.049	533	117	0	11	543	380	912	6.15e-122	434
Ga0374831_18_1435_2046	CP000239.1:2170714-2171908|CDS|CYA_2158	77.716	543	121	0	1	543	370	912	6.15e-122	434
Ga0374831_18_1435_2046	CP000239.1:1594889-1596107|CDS|CYA_1585	77.020	557	128	0	1	557	370	926	2.61e-120	428
Ga0374831_18_1435_2046	CP000240.1:3008652-3009870|CDS|CYB_2910	77.348	543	123	0	1	543	394	936	3.18e-119	425
Ga0374831_18_1435_2046	CP000240.1:2247371-2248565|CDS|CYB_2147	77.148	547	125	0	11	557	380	926	1.11e-118	424
Ga0374831_18_1435_2046	CP000239.1:712444-713638|CDS|CYA_0704	76.840	557	129	0	1	557	370	926	1.11e-118	424
Ga0374831_18_1435_2046	CP000240.1:1267756-1268992|CDS|CYB_1227	77.390	544	121	2	1	543	394	936	1.35e-117	420
Ga0374831_18_1435_2046	CP000240.1:629484-630702|CDS|CYB_0620	77.390	544	121	2	1	543	394	936	1.35e-117	420
Ga0374831_18_1435_2046	CP000240.1:2553363-2554557|CDS|CYB_2454	76.357	571	134	1	1	571	371	940	4.73e-117	418
Ga0374831_18_1435_2046	CP000240.1:481588-482800|CDS|CYB_0472	77.206	544	122	2	1	543	370	912	1.65e-116	416
Ga0374831_18_1435_2046	CP000240.1:1064975-1066169|CDS|CYB_1023	76.937	542	125	0	1	542	370	911	5.76e-116	415
Ga0374831_18_1435_2046	CP000240.1:2619921-2621115|CDS|CYB_2521	76.796	543	126	0	1	543	370	912	2.01e-115	412
Ga0374831_18_1435_2046	CP000240.1:2796782-2798000|CDS|CYB_2707	75.309	567	116	1	1	543	370	936	2.45e-114	409
Ga0374831_18_1435_2046	CP000240.1:2506708-2507857|CDS|CYB_2410	77.255	510	90	3	59	543	524	1032	8.54e-114	407
Ga0374831_18_1435_2046	CP000240.1:2168360-2169515|CDS|CYB_2071	76.611	543	127	0	1	543	370	912	8.54e-114	407
Ga0374831_18_1435_2046	CP000240.1:52430-53648|CDS|CYB_0041	74.871	581	122	1	1	557	370	950	8.54e-114	407
Ga0374831_18_1435_2046	CP000240.1:241642-242836|CDS|CYB_0233	76.838	544	124	2	1	543	370	912	8.54e-114	407
Ga0374831_18_1435_2046	CP000239.1:893439-894633|CDS|CYA_0887	76.344	558	130	2	1	557	370	926	2.98e-113	405
Ga0374831_18_1435_2046	CP000239.1:774779-775973|CDS|CYA_0767	76.427	543	128	0	1	543	370	912	1.04e-112	403
Ga0374831_18_1435_2046	CP000240.1:1244785-1246021|CDS|CYB_1201	76.654	544	125	2	1	543	394	936	3.63e-112	402
Ga0374831_18_1435_2046	CP000239.1:994256-995468|CDS|CYA_0981	75.986	558	132	2	1	557	370	926	1.54e-110	396
Ga0374831_18_1435_2046	CP000240.1:1384265-1385459|CDS|CYB_1322	76.243	543	127	2	1	542	370	911	6.57e-109	391
Ga0374831_18_1435_2046	CP000240.1:2830275-2831565|CDS|CYB_2735	74.427	567	121	1	1	543	394	960	8.00e-108	387
Ga0374831_18_1435_2046	CP000240.1:2933473-2934709|CDS|CYB_2835	75.780	545	128	2	1	543	394	936	9.75e-107	383
Ga0374831_18_1435_2046	CP000240.1:1015074-1016268|CDS|CYB_0979	76.583	521	120	2	38	557	407	926	9.75e-107	383
Ga0374831_18_1435_2046	CP000240.1:1954838-1956056|CDS|CYB_1872	74.250	567	122	1	1	543	370	936	3.40e-106	382
Ga0374831_18_1435_2046	CP000239.1:629980-631174|CDS|CYA_0620	75.735	544	130	2	1	543	370	912	1.19e-105	379
Ga0374831_18_1435_2046	CP000240.1:1083184-1084426|CDS|CYB_1042	74.074	567	123	1	1	543	394	960	4.15e-105	378
Ga0374831_18_1435_2046	CP000240.1:2565689-2566883|CDS|CYB_2468	74.954	543	134	2	1	542	370	911	1.11e-99	360
Ga0374831_18_1435_2046	CP000240.1:605550-606744|CDS|CYB_0598	75.984	508	120	2	36	542	405	911	1.11e-99	360
Ga0374831_18_1435_2046	CP000240.1:2661652-2662870|CDS|CYB_2557	73.239	568	126	3	1	543	370	936	2.01e-96	350
Ga0374831_18_1435_2046	CP000239.1:698055-699204|CDS|CYA_0690	73.239	568	126	3	1	543	370	936	2.01e-96	350
Ga0374831_18_1435_2046	CP000240.1:1842322-1843549|CDS|CYB_1759	73.260	546	118	3	38	557	407	950	3.64e-93	339
Ga0374831_18_1435_2046	CP000240.1:345730-346924|CDS|CYB_0329	75.099	506	124	2	38	542	407	911	3.64e-93	338
Ga0374831_18_1435_2046	CP000240.1:2128026-2129220|CDS|CYB_2026	71.731	566	160	0	1	566	370	935	9.14e-82	300
Ga0374831_18_1435_2046	CP000240.1:2219258-2220470|CDS|CYB_2126	71.201	566	163	0	1	566	370	935	2.01e-77	287
Ga0374831_18_1435_2046	CP000240.1:1917270-1918464|CDS|CYB_1826	71.223	556	160	0	11	566	380	935	2.45e-76	282
Ga0374831_18_1435_2046	CP000239.1:693322-694534|CDS|CYA_0687	70.826	569	166	0	1	569	370	938	2.99e-75	279
Ga0374831_18_1435_2046	CP000240.1:1763450-1764623|CDS|CYB_1688	70.599	568	163	2	1	566	370	935	1.89e-71	267
Ga0374831_18_2060_2488	CP000240.1:2933473-2934709|CDS|CYB_2835	71.325	415	83	7	16	429	1	380	5.90e-57	217
Ga0374831_18_2060_2488	CP000240.1:1267756-1268992|CDS|CYB_1227	70.602	415	86	7	16	429	1	380	1.30e-52	204
Ga0374831_18_2060_2488	CP000240.1:629484-630702|CDS|CYB_0620	69.880	415	89	7	16	429	1	380	8.20e-49	190
Ga0374831_18_2604_2981	CP000239.1:1762155-1762494|CDS|CYA_1756	100.000	339	0	0	40	378	1	339	6.67e-176	612
Ga0374831_18_2604_2981	CP000240.1:218004-218367|CDS|CYB_0207	86.129	310	43	0	59	368	20	329	1.57e-101	366
Ga0374831_18_2974_4464	CP000239.1:1760672-1762163|CDS|CYA_1755	100.000	1491	0	0	1	1491	1	1491	0.0	2690
Ga0374831_18_2974_4464	CP000240.1:218359-219832|CDS|CYB_0208	82.409	1478	252	3	15	1491	3	1473	0.0	1488
Ga0374831_19_35_1477	CP000239.1:1907092-1908622|CDS|CYA_1897	100.000	1443	0	0	1	1443	88	1530	0.0	2603
Ga0374831_19_35_1477	CP000240.1:1948150-1949674|CDS|CYB_1865	86.125	1427	196	2	2	1427	89	1514	0.0	1674
Ga0374831_19_1501_3021	CP000239.1:1905548-1907069|CDS|CYA_1896	100.000	1521	0	0	1	1521	1	1521	0.0	2744
Ga0374831_19_1501_3021	CP000240.1:1909094-1910672|CDS|CYB_1821	79.497	1590	225	17	7	1514	1	1571	0.0	1413
Ga0374831_20_743_1048	CP000239.1:158573-158942|CDS|CYA_0162	100.000	306	0	0	1	306	64	369	4.39e-158	553
Ga0374831_20_743_1048	CP000240.1:1017329-1017698|CDS|CYB_0982	89.216	306	33	0	1	306	64	369	5.02e-113	404
Ga0374831_20_1365_2096	CP000239.1:159201-159990|CDS|CYA_0163	99.863	732	1	0	1	732	58	789	0.0	1316
Ga0374831_20_1365_2096	CP000240.1:1016269-1017004|CDS|CYB_0980	85.736	652	93	0	80	731	83	734	0.0	757
Ga0374831_20_2107_2331	CP000239.1:159946-161716|CDS|CYA_0165	98.870	177	2	0	1	177	55	231	1.74e-85	311
Ga0374831_20_2107_2331	CP000240.1:1013237-1014965|CDS|CYB_0977	87.006	177	23	0	1	177	1	177	1.03e-56	216
Ga0374831_20_2325_3764	CP000239.1:159946-161716|CDS|CYA_0165	100.000	1440	0	0	1	1440	331	1770	0.0	2598
Ga0374831_20_2325_3764	CP000240.1:1013237-1014965|CDS|CYB_0977	87.672	1452	167	2	1	1440	277	1728	0.0	1814
Ga0374831_21_1_162	CP000239.1:88001-88187|CDS|CYA_0090	100.000	145	0	0	18	162	186	42	5.48e-71	262
Ga0374831_21_1_162	CP000240.1:2156366-2156552|CDS|CYB_2057	94.483	145	8	0	18	162	186	42	3.95e-60	226
Ga0374831_21_420_938	CP000239.1:87208-87829|CDS|CYA_0089	100.000	519	0	0	1	519	103	621	0.0	937
Ga0374831_21_420_938	CP000240.1:2155497-2156064|CDS|CYB_2056	85.870	460	65	0	48	507	96	555	5.89e-153	537
Ga0374831_21_1139_1972	CP000239.1:86174-87005|CDS|CYA_0087	99.759	831	2	0	4	834	1	831	0.0	1490
Ga0374831_21_1139_1972	CP000240.1:2154432-2155266|CDS|CYB_2055	84.915	822	122	2	1	821	1	821	0.0	917
Ga0374831_21_1969_3447	CP000239.1:84591-86178|CDS|CYA_0088	99.932	1479	1	0	1	1479	109	1587	0.0	2663
Ga0374831_21_1969_3447	CP000240.1:2150251-2151814|CDS|CYB_2051	83.596	1457	231	3	1	1450	55	1510	0.0	1544
Ga0374831_21_3552_3989	CP000239.1:84184-84595|CDS|CYA_0086	100.000	411	0	0	28	438	1	411	0.0	742
Ga0374831_21_3552_3989	CP000240.1:2149724-2150195|CDS|CYB_2050	81.633	392	67	3	42	432	84	471	3.56e-104	374
Ga0374831_21_4095_4265	CP000239.1:83851-84037|CDS|CYA_0085	91.765	170	14	0	1	170	1	170	1.57e-65	244
Ga0374831_21_4095_4265	CP000240.1:2149331-2149643|CDS|CYB_2048	84.459	148	20	1	1	148	1	145	1.47e-40	162
Ga0374831_21_4095_4265	CP000240.1:2149241-2149673|CDS|CYB_2049	84.459	148	20	1	1	148	402	258	1.47e-40	162
Ga0374831_22_3_1211	CP000239.1:1363310-1364600|CDS|CYA_1353	99.586	1209	5	0	1	1209	82	1290	0.0	2159
Ga0374831_22_3_1211	CP000240.1:1452737-1454039|CDS|CYB_1382	80.413	1210	235	2	1	1209	94	1302	0.0	1107
Ga0374831_22_1419_3002	CP000239.1:1364667-1366251|CDS|CYA_1354	98.422	1584	25	0	1	1584	1	1584	0.0	2745
Ga0374831_22_1419_3002	CP000240.1:1454115-1455696|CDS|CYB_1383	87.658	1580	192	1	1	1580	1	1577	0.0	1969
Ga0374831_22_3206_3442	CP000239.1:1366454-1366745|CDS|CYA_1355	100.000	237	0	0	1	237	55	291	9.52e-121	428
Ga0374831_22_3206_3442	CP000239.1:703050-703287|CDS|CYA_0695	88.210	229	27	0	1	229	1	229	1.72e-79	292
Ga0374831_22_3206_3442	CP000240.1:3002382-3002619|CDS|CYB_2902	87.773	229	28	0	1	229	1	229	2.10e-78	288
Ga0374831_23_639_1358	CP000239.1:2189854-2190574|CDS|CYA_2173	99.861	720	1	0	1	720	1	720	0.0	1295
Ga0374831_23_1506_2057	CP000239.1:2190748-2191273|CDS|CYA_2174	99.619	525	2	0	28	552	1	525	0.0	939
Ga0374831_23_1506_2057	CP000240.1:514666-515191|CDS|CYB_0503	88.381	525	61	0	28	552	1	525	0.0	673
Ga0374831_23_2061_2771	CP000239.1:2191276-2191987|CDS|CYA_2175	99.859	711	1	0	1	711	1	711	0.0	1278
Ga0374831_23_2061_2771	CP000240.1:513958-514663|CDS|CYB_0502	82.148	689	123	0	18	706	12	700	0.0	689
Ga0374831_23_2778_3497	CP000239.1:2191993-2192713|CDS|CYA_2176	100.000	720	0	0	1	720	1	720	0.0	1299
Ga0374831_24_265_1629	CP000239.1:1665243-1666608|CDS|CYA_1663	100.000	1365	0	0	1	1365	1	1365	0.0	2462
Ga0374831_24_265_1629	CP000240.1:1058902-1060246|CDS|CYB_1020	82.199	1337	233	2	26	1358	2	1337	0.0	1334
Ga0374831_24_1641_2975	CP000239.1:1666619-1667954|CDS|CYA_1664	99.850	1335	2	0	1	1335	1	1335	0.0	2399
Ga0374831_24_1641_2975	CP000240.1:1060248-1061595|CDS|CYB_1021	79.104	1273	250	6	46	1316	58	1316	0.0	1085
Ga0374831_25_35_2290	CP000239.1:1326863-1329119|CDS|CYA_1316	99.911	2256	2	0	1	2256	1	2256	0.0	4060
Ga0374831_25_35_2290	CP000240.1:948731-951008|CDS|CYB_0912	85.042	2273	316	1	1	2249	1	2273	0.0	2584
Ga0374831_25_2736_2936	CP000239.1:1329549-1329765|CDS|CYA_1317	100.000	201	0	0	1	201	16	216	2.77e-101	363
Ga0374831_25_2736_2936	CP000240.1:945216-945417|CDS|CYB_0910	89.055	201	22	0	1	201	1	201	1.99e-71	264
Ga0374831_26_31_591	CP000239.1:675282-676173|CDS|CYA_0665	99.822	561	1	0	1	561	331	891	0.0	1008
Ga0374831_26_1241_3373	CP000239.1:672501-674634|CDS|CYA_0663	99.953	2133	1	0	1	2133	1	2133	0.0	3843
Ga0374831_26_1241_3373	CP000240.1:626982-629181|CDS|CYB_0617	76.937	2220	404	10	1	2133	1	2199	0.0	1748
Ga0374831_26_3370_3627	CP000239.1:671833-672505|CDS|CYA_0664	98.450	258	4	0	1	258	415	672	1.12e-126	448
Ga0374831_26_3370_3627	CP000240.1:626314-626986|CDS|CYB_0618	89.535	258	27	0	1	258	415	672	3.42e-95	344
Ga0374831_27_59_1081	CP000239.1:1909496-1910519|CDS|CYA_1899	100.000	1023	0	0	1	1023	1	1023	0.0	1846
Ga0374831_27_59_1081	CP000240.1:1950553-1951576|CDS|CYB_1867	86.228	973	134	0	47	1019	47	1019	0.0	1151
Ga0374831_27_1165_2769	CP000239.1:1910602-1912207|CDS|CYA_1900	99.875	1605	2	0	1	1605	1	1605	0.0	2886
Ga0374831_27_1165_2769	CP000240.1:501273-502899|CDS|CYB_0488	87.898	1603	178	4	1	1589	1	1601	0.0	2013
Ga0374831_27_2795_3097	CP000239.1:1912232-1912535|CDS|CYA_1901	100.000	303	0	0	1	303	1	303	1.85e-156	547
Ga0374831_27_2795_3097	CP000240.1:502927-503230|CDS|CYB_0489	94.352	301	17	0	1	301	1	301	4.96e-132	467
Ga0374831_28_1139_1330	CP000239.1:2177601-2177802|CDS|CYA_2165	93.750	192	12	0	1	192	10	201	3.90e-80	293
Ga0374831_28_1139_1330	CP000240.1:2840673-2840868|CDS|CYB_2745	78.075	187	33	2	13	192	10	195	3.01e-37	151
Ga0374831_28_1393_3336	CP000239.1:2177855-2180051|CDS|CYA_2166	99.537	1944	9	0	1	1944	253	2196	0.0	3466
Ga0374831_28_1393_3336	CP000240.1:2838368-2840609|CDS|CYB_2744	73.898	1793	436	7	177	1944	456	2241	0.0	1122
Ga0374831_29_815_1288	CP000239.1:171020-171494|CDS|CYA_0174	99.789	474	1	0	1	474	1	474	0.0	851
Ga0374831_29_1285_3219	CP000239.1:627357-629493|CDS|CYA_0619	68.527	1595	457	20	106	1682	301	1868	1.63e-160	564
Ga0374831_29_1285_3219	CP000240.1:49773-51909|CDS|CYB_0040	68.233	1596	460	21	106	1682	301	1868	1.86e-153	541
Ga0374831_30_495_1889	CP000239.1:2187004-2188312|CDS|CYA_2171	99.924	1308	1	0	88	1395	1	1308	0.0	2355
Ga0374831_30_495_1889	CP000240.1:752641-753946|CDS|CYB_0732	79.489	1292	260	3	103	1393	16	1303	0.0	1127
Ga0374831_30_1917_3107	CP000239.1:2185699-2186890|CDS|CYA_2170	100.000	1191	0	0	1	1191	1	1191	0.0	2149
Ga0374831_30_1917_3107	CP000240.1:754140-755355|CDS|CYB_0733	86.484	1169	158	0	1	1169	1	1169	0.0	1397
Ga0374831_31_17_559	CP000239.1:2164602-2165586|CDS|CYA_2152	99.816	543	1	0	1	543	442	984	0.0	976
Ga0374831_31_17_559	CP000240.1:2851657-2852635|CDS|CYB_2755	87.287	527	67	0	1	527	442	968	0.0	649
Ga0374831_31_569_2332	CP000239.1:2162829-2164593|CDS|CYA_2151	99.773	1764	4	0	1	1764	1	1764	0.0	3164
Ga0374831_31_569_2332	CP000240.1:2852930-2854706|CDS|CYB_2756	84.113	1775	262	4	9	1764	3	1776	0.0	1930
Ga0374831_32_1212_1970	CP000239.1:156187-156946|CDS|CYA_0160	99.736	759	2	0	1	759	1	759	0.0	1361
Ga0374831_32_1212_1970	CP000240.1:2422795-2423566|CDS|CYB_2311	85.844	770	97	1	1	758	1	770	0.0	904
Ga0374831_32_2025_2585	CP000239.1:157000-158224|CDS|CYA_0161	99.822	561	1	0	1	561	664	1224	0.0	1008
Ga0374831_32_2025_2585	CP000240.1:1018037-1019276|CDS|CYB_0983	80.364	550	108	0	1	550	664	1213	1.08e-143	506
Ga0374831_33_104_2107	CP000240.1:49773-51909|CDS|CYB_0040	96.856	2004	63	0	1	2004	133	2136	0.0	3331
Ga0374831_33_104_2107	CP000239.1:627357-629493|CDS|CYA_0619	96.557	2004	69	0	1	2004	133	2136	0.0	3304
