Ga0393524_01_7_1818	CP000240.1:1566887-1568699|CDS|CYB_1492	95.861	1812	75	0	1	1812	1	1812	0.0	2930
Ga0393524_01_7_1818	CP000239.1:2441938-2443750|CDS|CYA_2433	88.852	1812	202	0	1	1812	1	1812	0.0	2358
Ga0393524_01_1931_2254	CP000239.1:2445983-2447531|CDS|CYA_2437	97.812	320	7	0	5	324	1229	1548	6.93e-156	546
Ga0393524_01_1931_2254	CP000240.1:1566147-1566420|CDS|CYB_1489	98.496	266	4	0	59	324	8	273	6.49e-131	462
Ga0393524_01_2251_3852	CP000240.1:1564555-1566151|CDS|CYB_1490	92.669	1596	117	0	7	1602	1	1596	0.0	2351
Ga0393524_01_2251_3852	CP000239.1:2447527-2449129|CDS|CYA_2436	89.076	1602	175	0	1	1602	1	1602	0.0	2101
Ga0393524_01_3999_4871	CP000240.1:1563521-1564394|CDS|CYB_1488	94.845	873	45	0	1	873	1	873	0.0	1372
Ga0393524_01_4918_5553	CP000240.1:1562863-1563481|CDS|CYB_1487	92.736	592	43	0	1	592	1	592	0.0	875
Ga0393524_01_4918_5553	CP000239.1:2449284-2449941|CDS|CYA_2438	83.278	598	99	1	1	597	1	598	1.83e-179	625
Ga0393524_01_5753_6298	CP000240.1:1562118-1562664|CDS|CYB_1486	98.535	546	8	0	1	546	1	546	0.0	949
Ga0393524_01_5753_6298	CP000239.1:2882904-2883444|CDS|CYA_2865	82.109	531	89	1	16	546	16	540	2.64e-151	531
Ga0393524_01_6531_7082	CP000240.1:1561334-1561886|CDS|CYB_1485	96.920	552	17	0	1	552	1	552	0.0	920
Ga0393524_01_6531_7082	CP000239.1:2883500-2884055|CDS|CYA_2866	83.549	541	89	0	1	541	1	541	2.50e-164	575
Ga0393524_01_7137_7505	CP000240.1:1560911-1561280|CDS|CYB_1484	97.561	369	9	0	1	369	1	369	1.03e-179	626
Ga0393524_01_7137_7505	CP000239.1:2884108-2884477|CDS|CYA_2867	82.337	368	65	0	1	368	1	368	3.61e-103	371
Ga0393524_01_7534_8217	CP000240.1:1559946-1560831|CDS|CYB_1483	94.620	539	29	0	1	539	1	539	0.0	842
Ga0393524_01_7534_8217	CP000240.1:1558658-1559549|CDS|CYB_1482	83.488	539	86	1	1	539	1	536	1.33e-162	570
Ga0393524_01_7534_8217	CP000239.1:2884601-2885483|CDS|CYA_2868	79.406	539	111	0	1	539	1	539	2.75e-133	472
Ga0393524_01_7534_8217	CP000239.1:2885817-2886651|CDS|CYA_2869	79.074	540	111	2	1	539	1	539	6.05e-129	458
Ga0393524_01_7534_8217	CP000239.1:2886812-2887649|CDS|CYA_2870	71.212	528	149	2	1	528	1	525	9.00e-70	261
Ga0393524_01_8605_9207	CP000240.1:1559946-1560831|CDS|CYB_1483	97.663	599	14	0	1	599	283	881	0.0	1018
Ga0393524_01_8605_9207	CP000240.1:1558658-1559549|CDS|CYB_1482	93.592	593	29	1	20	603	299	891	0.0	902
Ga0393524_01_9839_12295	CP000240.1:1555785-1558380|CDS|CYB_1481	97.170	2438	69	0	1	2438	139	2576	0.0	4086
Ga0393524_01_9839_12295	CP000239.1:2887937-2890445|CDS|CYA_2871	79.843	2426	423	10	1	2426	118	2477	0.0	2186
Ga0393524_01_12570_12989	CP000240.1:1554621-1555617|CDS|CYB_1480	96.602	412	14	0	8	419	584	995	0.0	681
Ga0393524_01_12570_12989	CP000239.1:1485216-1486212|CDS|CYA_1477	77.262	409	93	0	11	419	587	995	2.29e-87	319
Ga0393524_01_13242_13778	CP000240.1:1554621-1555617|CDS|CYB_1480	76.953	512	112	2	13	521	79	587	2.00e-108	389
Ga0393524_01_13242_13778	CP000239.1:1485216-1486212|CDS|CYA_1477	76.143	503	120	0	13	515	79	581	6.54e-102	367
Ga0393524_01_14270_14602	CP000240.1:1553928-1554426|CDS|CYB_1479	96.979	331	10	0	1	331	166	496	4.81e-158	553
Ga0393524_01_14270_14602	CP000239.1:1486244-1486910|CDS|CYA_1478	88.562	306	35	0	28	333	361	666	2.85e-110	395
Ga0393524_02_1224_1730	CP000240.1:1125635-1126115|CDS|CYB_1088	97.500	480	12	0	28	507	1	480	0.0	812
Ga0393524_02_1224_1730	CP000239.1:1551632-1552100|CDS|CYA_1544	78.525	461	93	2	50	507	11	468	2.80e-106	382
Ga0393524_02_1691_3538	CP000240.1:1123827-1125675|CDS|CYB_1089	98.160	1848	34	0	1	1848	1	1848	0.0	3180
Ga0393524_02_1691_3538	CP000239.1:1552060-1553908|CDS|CYA_1543	86.031	1847	258	0	1	1847	1	1847	0.0	2168
Ga0393524_02_3715_4908	CP000240.1:1122427-1123651|CDS|CYB_1087	97.152	1194	34	0	1	1194	31	1224	0.0	2001
Ga0393524_02_3715_4908	CP000239.1:1553981-1555208|CDS|CYA_1545	79.872	1098	198	3	1	1097	31	1106	0.0	992
Ga0393524_02_4943_5749	CP000240.1:1121621-1122428|CDS|CYB_1086	99.133	807	7	0	1	807	1	807	0.0	1425
Ga0393524_02_5954_6883	CP000240.1:1120529-1121417|CDS|CYB_1084	98.311	888	15	0	43	930	1	888	0.0	1535
Ga0393524_02_7102_7935	CP000240.1:1119435-1120269|CDS|CYB_1083	98.321	834	14	0	1	834	1	834	0.0	1442
Ga0393524_02_7102_7935	CP000239.1:1557329-1558139|CDS|CYA_1548	85.160	748	111	0	30	777	27	774	0.0	849
Ga0393524_02_7991_8887	CP000240.1:1118492-1119389|CDS|CYB_1082	95.652	897	39	0	1	897	1	897	0.0	1443
Ga0393524_02_7991_8887	CP000239.1:1558159-1559056|CDS|CYA_1549	80.735	898	171	2	1	897	1	897	0.0	833
Ga0393524_02_9018_10796	CP000240.1:1116585-1118361|CDS|CYB_1081	97.128	1776	51	0	4	1779	1	1776	0.0	2974
Ga0393524_02_9018_10796	CP000239.1:1559183-1560959|CDS|CYA_1550	85.304	1776	261	0	4	1779	1	1776	0.0	2027
Ga0393524_02_10972_11472	CP000240.1:1115957-1116407|CDS|CYB_1080	97.333	450	12	0	52	501	1	450	0.0	758
Ga0393524_02_10972_11472	CP000239.1:1561069-1561531|CDS|CYA_1551	83.146	445	75	0	53	497	14	458	2.94e-131	465
Ga0393524_02_12062_13138	CP000240.1:1114090-1115167|CDS|CYB_1077	99.721	1077	3	0	1	1077	1	1077	0.0	1929
Ga0393524_02_12062_13138	CP000239.1:1561866-1562946|CDS|CYA_1552	81.378	1074	197	1	6	1076	6	1079	0.0	1034
Ga0393524_02_13172_14140	CP000240.1:1113088-1114057|CDS|CYB_1076	99.174	969	8	0	1	969	1	969	0.0	1712
Ga0393524_02_13172_14140	CP000239.1:1562970-1563939|CDS|CYA_1553	80.251	957	189	0	13	969	13	969	0.0	875
Ga0393524_03_429_1358	CP000240.1:1057547-1058462|CDS|CYB_1018	97.814	915	20	0	16	930	1	915	0.0	1561
Ga0393524_03_1736_3127	CP000240.1:1058902-1060246|CDS|CYB_1020	98.063	1342	26	0	49	1390	1	1342	0.0	2304
Ga0393524_03_1736_3127	CP000239.1:1665243-1666608|CDS|CYA_1663	82.891	1356	227	2	31	1385	7	1358	0.0	1396
Ga0393524_03_3208_4512	CP000240.1:1060248-1061595|CDS|CYB_1021	95.556	1305	34	1	1	1305	67	1347	0.0	2110
Ga0393524_03_3208_4512	CP000239.1:1666619-1667954|CDS|CYA_1664	78.339	1288	239	10	1	1274	55	1316	0.0	1057
Ga0393524_03_4601_7384	CP000240.1:1061683-1064512|CDS|CYB_1022	99.030	2784	27	0	1	2784	46	2829	0.0	4900
Ga0393524_03_4601_7384	CP000239.1:1709017-1711828|CDS|CYA_1703	85.735	2790	368	5	1	2784	46	2811	0.0	3242
Ga0393524_03_7951_9162	CP000240.1:1064975-1066169|CDS|CYB_1023	98.911	1194	13	0	19	1212	1	1194	0.0	2095
Ga0393524_03_7951_9162	CP000240.1:1803089-1804283|CDS|CYB_1722	93.551	1194	77	0	19	1212	1	1194	0.0	1807
Ga0393524_03_7951_9162	CP000240.1:1190675-1191869|CDS|CYB_1151	92.971	1195	82	2	19	1212	1	1194	0.0	1770
Ga0393524_03_7951_9162	CP000240.1:1358129-1359347|CDS|CYB_1297	91.872	1218	75	1	19	1212	1	1218	0.0	1768
Ga0393524_03_7951_9162	CP000240.1:1521392-1522610|CDS|CYB_1450	91.544	1218	79	1	19	1212	1	1218	0.0	1750
Ga0393524_03_7951_9162	CP000240.1:3008652-3009870|CDS|CYB_2910	91.297	1218	82	1	19	1212	1	1218	0.0	1737
Ga0393524_03_7951_9162	CP000240.1:2644164-2645358|CDS|CYB_2538	92.127	1194	94	0	19	1212	1	1194	0.0	1730
Ga0393524_03_7951_9162	CP000240.1:102811-104029|CDS|CYB_0087	92.950	1149	57	1	19	1143	1	1149	0.0	1725
Ga0393524_03_7951_9162	CP000240.1:638632-639850|CDS|CYB_0630	90.476	1218	92	1	19	1212	1	1218	0.0	1691
Ga0393524_03_7951_9162	CP000240.1:52430-53648|CDS|CYB_0041	89.984	1218	98	1	19	1212	1	1218	0.0	1664
Ga0393524_03_7951_9162	CP000239.1:774779-775973|CDS|CYA_0767	89.866	1194	121	0	19	1212	1	1194	0.0	1608
Ga0393524_03_7951_9162	CP000240.1:2796782-2798000|CDS|CYB_2707	88.424	1218	117	1	19	1212	1	1218	0.0	1579
Ga0393524_03_7951_9162	CP000239.1:2170714-2171908|CDS|CYA_2158	89.112	1194	130	0	19	1212	1	1194	0.0	1568
Ga0393524_03_7951_9162	CP000240.1:2210858-2212052|CDS|CYB_2117	88.442	1194	138	0	19	1212	1	1194	0.0	1532
Ga0393524_03_7951_9162	CP000240.1:2830275-2831565|CDS|CYB_2735	86.532	1240	102	3	19	1210	1	1223	0.0	1529
Ga0393524_03_7951_9162	CP000240.1:2168360-2169515|CDS|CYB_2071	90.133	1125	111	0	19	1143	1	1125	0.0	1529
Ga0393524_03_7951_9162	CP000240.1:2553363-2554557|CDS|CYB_2454	88.191	1194	141	0	19	1212	1	1194	0.0	1518
Ga0393524_03_7951_9162	CP000239.1:712444-713638|CDS|CYA_0704	88.023	1194	143	0	19	1212	1	1194	0.0	1509
Ga0393524_03_7951_9162	CP000240.1:1083184-1084426|CDS|CYB_1042	86.151	1242	124	2	19	1212	1	1242	0.0	1499
Ga0393524_03_7951_9162	CP000240.1:1954838-1956056|CDS|CYB_1872	86.946	1218	135	1	19	1212	1	1218	0.0	1498
Ga0393524_03_7951_9162	CP000240.1:481588-482800|CDS|CYB_0472	87.678	1193	145	2	19	1210	1	1192	0.0	1482
Ga0393524_03_7951_9162	CP000240.1:1316312-1317548|CDS|CYB_1259	86.102	1216	145	1	19	1210	1	1216	0.0	1449
Ga0393524_03_7951_9162	CP000240.1:2247371-2248565|CDS|CYB_2147	88.000	1125	135	0	19	1143	1	1125	0.0	1421
Ga0393524_03_7951_9162	CP000239.1:629980-631174|CDS|CYA_0620	86.348	1194	163	0	19	1212	1	1194	0.0	1419
Ga0393524_03_7951_9162	CP000239.1:1594889-1596107|CDS|CYA_1585	87.733	1125	138	0	19	1143	1	1125	0.0	1407
Ga0393524_03_7951_9162	CP000239.1:994256-995468|CDS|CYA_0981	86.074	1192	166	0	19	1210	1	1192	0.0	1402
Ga0393524_03_7951_9162	CP000240.1:605550-606744|CDS|CYB_0598	86.013	1194	167	0	19	1212	1	1194	0.0	1401
Ga0393524_03_7951_9162	CP000240.1:345730-346924|CDS|CYB_0329	87.378	1125	142	0	19	1143	1	1125	0.0	1389
Ga0393524_03_7951_9162	CP000240.1:2619921-2621115|CDS|CYB_2521	85.607	1195	170	2	19	1212	1	1194	0.0	1373
Ga0393524_03_7951_9162	CP000240.1:1244785-1246021|CDS|CYB_1201	84.704	1216	162	1	19	1210	1	1216	0.0	1372
Ga0393524_03_7951_9162	CP000240.1:1384265-1385459|CDS|CYB_1322	86.933	1125	147	0	19	1143	1	1125	0.0	1367
Ga0393524_03_7951_9162	CP000240.1:2565689-2566883|CDS|CYB_2468	86.844	1125	148	0	19	1143	1	1125	0.0	1362
Ga0393524_03_7951_9162	CP000240.1:1015074-1016268|CDS|CYB_0979	86.756	1125	149	0	19	1143	1	1125	0.0	1358
Ga0393524_03_7951_9162	CP000240.1:2661652-2662870|CDS|CYB_2557	84.072	1218	170	1	19	1212	1	1218	0.0	1340
Ga0393524_03_7951_9162	CP000240.1:1267756-1268992|CDS|CYB_1227	84.141	1217	167	3	19	1210	1	1216	0.0	1335
Ga0393524_03_7951_9162	CP000240.1:629484-630702|CDS|CYB_0620	83.990	1218	171	1	19	1212	1	1218	0.0	1335
Ga0393524_03_7951_9162	CP000240.1:241642-242836|CDS|CYB_0233	85.968	1126	156	2	19	1143	1	1125	0.0	1312
Ga0393524_03_7951_9162	CP000240.1:2933473-2934709|CDS|CYB_2835	82.937	1219	178	5	19	1210	1	1216	0.0	1266
Ga0393524_03_7951_9162	CP000240.1:1842322-1843549|CDS|CYB_1759	83.002	1206	177	3	19	1198	1	1204	0.0	1263
Ga0393524_03_7951_9162	CP000239.1:893439-894633|CDS|CYA_0887	84.000	1125	180	0	19	1143	1	1125	0.0	1218
Ga0393524_03_7951_9162	CP000239.1:698055-699204|CDS|CYA_0690	82.127	1147	181	1	19	1141	1	1147	0.0	1162
Ga0393524_03_7951_9162	CP000240.1:2128026-2129220|CDS|CYB_2026	82.535	1128	191	5	19	1143	1	1125	0.0	1130
Ga0393524_03_7951_9162	CP000239.1:693322-694534|CDS|CYA_0687	79.899	1194	236	3	19	1210	1	1192	0.0	1062
Ga0393524_03_7951_9162	CP000240.1:2219258-2220470|CDS|CYB_2126	79.732	1194	238	3	19	1210	1	1192	0.0	1053
Ga0393524_03_7951_9162	CP000240.1:1763450-1764623|CDS|CYB_1688	79.344	1128	227	5	19	1143	1	1125	0.0	967
Ga0393524_03_7951_9162	CP000240.1:1917270-1918464|CDS|CYB_1826	78.723	1128	234	5	19	1143	1	1125	0.0	936
Ga0393524_03_7951_9162	CP000240.1:2506708-2507857|CDS|CYB_2410	76.018	1130	149	8	19	1027	1	1129	0.0	891
Ga0393524_03_7951_9162	CP000239.1:88305-89487|CDS|CYA_0091	76.497	1119	233	8	24	1133	6	1103	0.0	824
Ga0393524_03_9496_10221	CP000240.1:1066520-1067435|CDS|CYB_1024	98.898	726	8	0	1	726	190	915	0.0	1274
Ga0393524_03_9496_10221	CP000239.1:1712347-1713088|CDS|CYA_1704	79.531	640	127	2	1	638	58	695	2.56e-159	559
Ga0393524_03_10531_10905	CP000240.1:1067555-1067930|CDS|CYB_1025	100.000	375	0	0	1	375	1	375	0.0	677
Ga0393524_03_10531_10905	CP000239.1:1713323-1713767|CDS|CYA_1705	85.205	365	54	0	1	365	1	365	9.85e-117	416
Ga0393524_03_11052_12854	CP000240.1:1068087-1069890|CDS|CYB_1026	98.170	1803	33	0	1	1803	1	1803	0.0	3103
Ga0393524_03_11052_12854	CP000239.1:1713943-1715746|CDS|CYA_1706	85.468	1796	258	1	1	1796	1	1793	0.0	2061
Ga0393524_04_65_856	CP000240.1:714106-715048|CDS|CYB_0696	96.478	795	25	1	1	792	148	942	0.0	1306
Ga0393524_04_65_856	CP000239.1:2502827-2503613|CDS|CYA_2493	85.606	792	108	2	1	792	1	786	0.0	911
Ga0393524_04_826_1680	CP000240.1:713300-714170|CDS|CYB_0695	91.706	856	42	6	2	855	35	863	0.0	1223
Ga0393524_04_826_1680	CP000239.1:2503582-2504401|CDS|CYA_2494	80.620	774	114	2	2	763	2	751	0.0	744
Ga0393524_04_1778_3076	CP000240.1:711907-713206|CDS|CYB_0694	97.918	1297	27	0	1	1297	1	1297	0.0	2218
Ga0393524_04_1778_3076	CP000239.1:2504481-2505741|CDS|CYA_2495	86.273	1253	172	0	1	1253	1	1253	0.0	1485
Ga0393524_04_3070_4590	CP000240.1:710393-711914|CDS|CYB_0693	97.367	1519	40	0	1	1519	1	1519	0.0	2560
Ga0393524_04_3070_4590	CP000239.1:2505748-2507278|CDS|CYA_2496	74.214	1590	281	26	1	1521	1	1530	0.0	1019
Ga0393524_04_4615_5451	CP000240.1:709542-710385|CDS|CYB_0692	96.163	834	32	0	1	834	1	834	0.0	1361
Ga0393524_04_4615_5451	CP000239.1:2507292-2508129|CDS|CYA_2497	87.799	836	102	0	1	836	1	836	0.0	1049
Ga0393524_04_5553_6353	CP000240.1:708583-709441|CDS|CYB_0691	95.131	801	39	0	1	801	58	858	0.0	1269
Ga0393524_04_5553_6353	CP000239.1:2508230-2509130|CDS|CYA_2498	87.722	790	97	0	10	799	109	898	0.0	988
Ga0393524_04_6505_7635	CP000240.1:707358-708489|CDS|CYB_0690	97.259	1131	31	0	1	1131	1	1131	0.0	1901
Ga0393524_04_6505_7635	CP000239.1:2509158-2510295|CDS|CYA_2499	90.476	1113	106	0	8	1120	8	1120	0.0	1530
Ga0393524_04_7632_9404	CP000240.1:705841-707362|CDS|CYB_0689	93.460	1529	84	5	253	1773	1	1521	0.0	2299
Ga0393524_04_7632_9404	CP000239.1:2510291-2511791|CDS|CYA_2500	81.452	1488	259	4	253	1739	1	1472	0.0	1437
Ga0393524_04_9540_9941	CP000240.1:705025-705457|CDS|CYB_0688	98.010	402	8	0	1	402	31	432	0.0	690
Ga0393524_04_9540_9941	CP000239.1:2512197-2512599|CDS|CYA_2501	84.615	390	60	0	7	396	7	396	3.95e-122	434
Ga0393524_04_9540_9941	CP000239.1:26692-27145|CDS|CYA_0028	77.982	327	72	0	70	396	97	423	1.21e-71	266
Ga0393524_04_9540_9941	CP000240.1:2389379-2389823|CDS|CYB_2283	75.076	329	82	0	67	395	94	422	3.71e-59	224
Ga0393524_04_10063_12027	CP000240.1:702939-704877|CDS|CYB_0687	95.979	1940	74	4	28	1965	1	1938	0.0	3133
Ga0393524_04_10063_12027	CP000239.1:2512761-2514654|CDS|CYA_2502	87.372	1853	228	6	116	1965	44	1893	0.0	2266
Ga0393524_05_153_428	CP000240.1:776568-776844|CDS|CYB_0753	98.913	276	3	0	1	276	1	276	1.67e-137	485
Ga0393524_05_153_428	CP000239.1:817917-818223|CDS|CYA_0806	83.271	269	45	0	1	269	31	299	1.06e-76	283
Ga0393524_05_529_1704	CP000240.1:775404-776481|CDS|CYB_0752	97.073	1059	31	0	112	1170	1	1059	0.0	1771
Ga0393524_05_529_1704	CP000239.1:820042-821119|CDS|CYA_0809	84.478	1063	159	2	103	1162	1	1060	0.0	1170
Ga0393524_05_1688_1825	CP000240.1:775172-775310|CDS|CYB_0751	99.275	138	1	0	1	138	1	138	1.22e-65	245
Ga0393524_05_2059_3387	CP000240.1:773670-774939|CDS|CYB_0750	97.480	1270	30	2	61	1329	1	1269	0.0	2140
Ga0393524_05_2059_3387	CP000239.1:2078860-2080132|CDS|CYA_2060	83.715	1265	206	0	61	1325	1	1265	0.0	1353
Ga0393524_05_3551_4960	CP000240.1:772179-773562|CDS|CYB_0749	93.709	1383	87	0	28	1410	1	1383	0.0	2103
Ga0393524_05_3551_4960	CP000239.1:2077342-2078725|CDS|CYA_2059	86.240	1359	185	2	28	1385	1	1358	0.0	1601
Ga0393524_05_5059_5841	CP000240.1:771271-772054|CDS|CYB_0748	95.530	783	35	0	1	783	1	783	0.0	1255
Ga0393524_05_5059_5841	CP000239.1:2076421-2077198|CDS|CYA_2058	85.809	754	107	0	1	754	1	754	0.0	878
Ga0393524_05_5838_6692	CP000240.1:770420-771275|CDS|CYB_0747	95.556	855	38	0	1	855	1	855	0.0	1371
Ga0393524_05_5838_6692	CP000239.1:2075576-2076425|CDS|CYA_2057	82.475	816	142	1	25	840	19	833	0.0	824
Ga0393524_05_6951_7712	CP000240.1:769400-770162|CDS|CYB_0746	98.950	762	8	0	1	762	1	762	0.0	1339
Ga0393524_05_6951_7712	CP000239.1:2074538-2075300|CDS|CYA_2056	82.736	753	130	0	10	762	10	762	0.0	773
Ga0393524_05_7866_8801	CP000240.1:768308-769244|CDS|CYB_0745	98.825	936	11	0	1	936	1	936	0.0	1639
Ga0393524_05_7866_8801	CP000239.1:2073484-2074417|CDS|CYA_2055	86.966	936	119	1	1	936	1	933	0.0	1137
Ga0393524_05_8798_9079	CP000240.1:768030-768312|CDS|CYB_0744	98.936	282	3	0	1	282	1	282	9.45e-141	496
Ga0393524_05_8798_9079	CP000239.1:2073206-2073488|CDS|CYA_2054	80.797	276	53	0	1	276	1	276	1.23e-69	260
Ga0393524_05_9123_9872	CP000240.1:767235-767994|CDS|CYB_0743	97.864	749	16	0	1	749	10	758	0.0	1279
Ga0393524_05_9123_9872	CP000239.1:2072404-2073154|CDS|CYA_2053	84.626	748	115	0	1	748	1	748	0.0	831
Ga0393524_05_10144_10569	CP000240.1:766523-766949|CDS|CYB_0742	98.357	426	7	0	1	426	1	426	0.0	737
Ga0393524_05_10144_10569	CP000239.1:2071839-2072247|CDS|CYA_2052	81.361	338	63	0	1	338	1	338	1.57e-89	326
Ga0393524_05_10643_10912	CP000240.1:766177-766447|CDS|CYB_0741	99.630	270	1	0	1	270	1	270	5.69e-137	483
Ga0393524_05_10643_10912	CP000239.1:2071509-2071779|CDS|CYA_2051	88.519	270	31	0	1	270	1	270	2.95e-96	348
Ga0393524_06_995_1498	CP000240.1:1383697-1384201|CDS|CYB_1321	95.635	504	22	0	1	504	1	504	0.0	810
Ga0393524_06_995_1498	CP000239.1:2295978-2296602|CDS|CYA_2292	88.978	499	55	0	1	499	121	619	0.0	653
Ga0393524_06_1572_2039	CP000240.1:1385547-1386015|CDS|CYB_1323	97.863	468	10	0	1	468	1	468	0.0	800
Ga0393524_06_1572_2039	CP000239.1:2296552-2297020|CDS|CYA_2293	88.889	468	52	0	1	468	1	468	2.92e-175	610
Ga0393524_06_2334_3110	CP000240.1:1386258-1387086|CDS|CYB_1325	99.743	777	2	0	1	777	52	828	0.0	1393
Ga0393524_06_2334_3110	CP000239.1:2297212-2298082|CDS|CYA_2295	87.402	762	96	0	1	762	103	864	0.0	942
Ga0393524_06_3107_3457	CP000240.1:1387082-1387433|CDS|CYB_1324	100.000	351	0	0	1	351	1	351	0.0	634
Ga0393524_06_3107_3457	CP000239.1:2298078-2298411|CDS|CYA_2294	84.333	300	46	1	23	322	9	307	1.28e-89	326
Ga0393524_06_3493_4797	CP000240.1:1387468-1388773|CDS|CYB_1326	97.548	1305	32	0	1	1305	1	1305	0.0	2210
Ga0393524_06_3493_4797	CP000239.1:2298435-2299770|CDS|CYA_2296	85.423	1276	186	0	2	1277	32	1307	0.0	1463
Ga0393524_06_5014_5973	CP000240.1:1388991-1389951|CDS|CYB_1327	98.542	960	14	0	1	960	1	960	0.0	1669
Ga0393524_06_5014_5973	CP000239.1:2300103-2301033|CDS|CYA_2297	85.377	889	130	0	62	950	38	926	0.0	1018
Ga0393524_06_5996_6721	CP000240.1:32082-33315|CDS|CYB_0026	96.143	726	28	0	1	726	508	1233	0.0	1184
Ga0393524_06_5996_6721	CP000239.1:818225-819443|CDS|CYA_0807	95.921	711	29	0	1	711	508	1218	0.0	1152
Ga0393524_06_5996_6721	CP000239.1:607043-608261|CDS|CYA_0596	95.499	711	32	0	1	711	508	1218	0.0	1139
Ga0393524_06_5996_6721	CP000239.1:2433345-2434626|CDS|CYA_2424	91.214	774	20	1	1	726	508	1281	0.0	1129
Ga0393524_06_5996_6721	CP000239.1:1644791-1646072|CDS|CYA_1646	91.085	774	21	1	1	726	508	1281	0.0	1124
Ga0393524_06_5996_6721	CP000239.1:1478618-1479899|CDS|CYA_1471	91.085	774	21	1	1	726	508	1281	0.0	1124
Ga0393524_06_5996_6721	CP000239.1:1445168-1446401|CDS|CYA_1438	94.215	726	42	0	1	726	508	1233	0.0	1121
Ga0393524_06_5996_6721	CP000239.1:1385448-1386729|CDS|CYA_1375	90.956	774	22	1	1	726	508	1281	0.0	1120
Ga0393524_06_5996_6721	CP000239.1:2710017-2711283|CDS|CYA_2695	96.997	666	20	0	1	666	508	1173	0.0	1112
Ga0393524_06_5996_6721	CP000239.1:410292-411573|CDS|CYA_0395	90.698	774	24	1	1	726	508	1281	0.0	1111
Ga0393524_06_5996_6721	CP000239.1:1949093-1950374|CDS|CYA_1938	90.568	774	25	1	1	726	508	1281	0.0	1106
Ga0393524_06_5996_6721	CP000239.1:1897468-1898749|CDS|CYA_1890	90.568	774	25	1	1	726	508	1281	0.0	1106
Ga0393524_06_5996_6721	CP000239.1:2598895-2600176|CDS|CYA_2573	90.439	774	26	1	1	726	508	1281	0.0	1102
Ga0393524_06_5996_6721	CP000239.1:731378-732659|CDS|CYA_0726	90.439	774	26	1	1	726	508	1281	0.0	1102
Ga0393524_06_5996_6721	CP000239.1:2017852-2019133|CDS|CYA_2001	90.310	774	27	1	1	726	508	1281	0.0	1097
Ga0393524_06_5996_6721	CP000239.1:362788-364069|CDS|CYA_0345	90.310	774	27	1	1	726	508	1281	0.0	1097
Ga0393524_06_5996_6721	CP000239.1:1779349-1780630|CDS|CYA_1773	96.396	666	24	0	1	666	508	1173	0.0	1094
Ga0393524_06_5996_6721	CP000239.1:2699277-2700558|CDS|CYA_2685	90.181	774	28	1	1	726	508	1281	0.0	1093
Ga0393524_06_5996_6721	CP000239.1:2450640-2451921|CDS|CYA_2440	90.181	774	28	1	1	726	508	1281	0.0	1093
Ga0393524_06_5996_6721	CP000239.1:2403315-2404596|CDS|CYA_2393	90.181	774	28	1	1	726	508	1281	0.0	1093
Ga0393524_06_5996_6721	CP000239.1:2258726-2260007|CDS|CYA_2249	89.793	774	31	1	1	726	508	1281	0.0	1079
Ga0393524_06_5996_6721	CP000240.1:21293-22574|CDS|CYB_0018	95.646	666	29	0	1	666	508	1173	0.0	1071
Ga0393524_06_5996_6721	CP000240.1:1256770-1257394|CDS|CYB_1210	94.527	603	33	0	124	726	22	624	0.0	939
Ga0393524_06_7083_7676	CP000239.1:411427-412021|CDS|CYA_0397	96.801	594	19	0	1	594	1	594	0.0	986
Ga0393524_06_7083_7676	CP000239.1:2434480-2435074|CDS|CYA_2425	96.465	594	21	0	1	594	1	594	0.0	977
Ga0393524_06_7083_7676	CP000239.1:2402867-2403461|CDS|CYA_2392	96.465	594	21	0	1	594	1	594	0.0	977
Ga0393524_06_7083_7676	CP000239.1:1898603-1899197|CDS|CYA_1891	96.465	594	21	0	1	594	1	594	0.0	977
Ga0393524_06_7083_7676	CP000240.1:22428-23022|CDS|CYB_0019	95.960	594	24	0	1	594	1	594	0.0	964
Ga0393524_06_7083_7676	CP000239.1:1778901-1779495|CDS|CYA_1772	95.960	594	24	0	1	594	1	594	0.0	964
Ga0393524_06_7083_7676	CP000239.1:1446255-1446849|CDS|CYA_1439	95.791	594	25	0	1	594	1	594	0.0	959
Ga0393524_06_7083_7676	CP000239.1:819297-819891|CDS|CYA_0808	95.791	594	25	0	1	594	1	594	0.0	959
Ga0393524_06_7083_7676	CP000240.1:31634-32228|CDS|CYB_0025	95.118	594	29	0	1	594	1	594	0.0	941
Ga0393524_06_7083_7676	CP000239.1:2598423-2599041|CDS|CYA_2572	93.042	618	19	1	1	594	1	618	0.0	939
Ga0393524_06_7083_7676	CP000239.1:732513-733107|CDS|CYA_0727	94.949	594	30	0	1	594	1	594	0.0	937
Ga0393524_06_7083_7676	CP000239.1:2698805-2699423|CDS|CYA_2684	92.395	618	23	1	1	594	1	618	0.0	921
Ga0393524_06_7083_7676	CP000239.1:1948621-1949239|CDS|CYA_1937	92.395	618	23	1	1	594	1	618	0.0	921
Ga0393524_06_7083_7676	CP000239.1:1644319-1644937|CDS|CYA_1645	92.395	618	23	1	1	594	1	618	0.0	921
Ga0393524_06_7083_7676	CP000239.1:1384976-1385594|CDS|CYA_1374	92.395	618	23	1	1	594	1	618	0.0	921
Ga0393524_06_7083_7676	CP000239.1:2018987-2019605|CDS|CYA_2002	92.233	618	24	1	1	594	1	618	0.0	916
Ga0393524_06_7083_7676	CP000239.1:606571-607189|CDS|CYA_0595	92.071	618	25	1	1	594	1	618	0.0	911
Ga0393524_06_7083_7676	CP000239.1:2709545-2710163|CDS|CYA_2694	92.233	618	24	3	1	594	1	618	0.0	907
Ga0393524_06_7083_7676	CP000239.1:363923-364541|CDS|CYA_0346	91.748	618	27	1	1	594	1	618	0.0	902
Ga0393524_06_7083_7676	CP000239.1:2450192-2450786|CDS|CYA_2439	93.434	594	39	0	1	594	1	594	0.0	896
Ga0393524_06_7083_7676	CP000239.1:2259861-2260479|CDS|CYA_2250	91.424	618	29	1	1	594	1	618	0.0	893
Ga0393524_06_7083_7676	CP000239.1:1479753-1480371|CDS|CYA_1472	91.262	618	30	1	1	594	1	618	0.0	889
Ga0393524_06_8122_8460	CP000240.1:1390127-1390676|CDS|CYB_1328	99.115	339	3	0	1	339	211	549	1.31e-171	599
Ga0393524_06_9000_10970	CP000240.1:1391211-1393182|CDS|CYB_1330	97.108	1971	57	0	1	1971	1	1971	0.0	3298
Ga0393524_06_9000_10970	CP000239.1:1133197-1135141|CDS|CYA_1108	80.738	1869	360	0	103	1971	76	1944	0.0	1748
Ga0393524_06_11237_11506	CP000240.1:1393331-1393718|CDS|CYB_1331	98.889	270	3	0	1	270	118	387	2.95e-134	474
Ga0393524_06_11237_11506	CP000239.1:1132683-1133100|CDS|CYA_1107	80.460	261	51	0	1	261	148	408	3.16e-64	242
Ga0393524_07_1427_2794	CP000240.1:853142-854510|CDS|CYB_0823	97.661	1368	32	0	1	1368	1	1368	0.0	2324
Ga0393524_07_1427_2794	CP000239.1:2838132-2839500|CDS|CYA_2820	86.433	1371	180	4	1	1368	1	1368	0.0	1622
Ga0393524_07_3126_4421	CP000240.1:851515-852811|CDS|CYB_0822	99.460	1296	7	0	1	1296	1	1296	0.0	2306
Ga0393524_07_3126_4421	CP000239.1:2836588-2837884|CDS|CYA_2818	88.208	1289	152	0	1	1289	1	1289	0.0	1640
Ga0393524_07_4599_5543	CP000240.1:850393-851338|CDS|CYB_0821	98.836	945	11	0	1	945	1	945	0.0	1655
Ga0393524_07_4599_5543	CP000239.1:2835538-2836483|CDS|CYA_2817	86.258	946	128	2	1	945	1	945	0.0	1113
Ga0393524_07_5885_6238	CP000240.1:849697-850123|CDS|CYB_0820	98.873	355	3	1	1	354	1	355	4.19e-178	619
Ga0393524_07_5885_6238	CP000239.1:2835079-2835505|CDS|CYA_2816	85.634	355	50	1	1	354	1	355	4.80e-114	407
Ga0393524_07_6242_6937	CP000240.1:848998-849694|CDS|CYB_0819	99.713	696	2	0	1	696	1	696	0.0	1247
Ga0393524_07_6242_6937	CP000239.1:2834359-2835076|CDS|CYA_2815	90.058	694	69	0	2	695	23	716	0.0	941
Ga0393524_07_7158_9011	CP000240.1:846924-848778|CDS|CYB_0818	99.029	1854	18	0	1	1854	1	1854	0.0	3263
Ga0393524_07_7158_9011	CP000239.1:2410354-2412211|CDS|CYA_2401	86.739	1855	244	2	1	1854	4	1857	0.0	2230
Ga0393524_07_9011_9232	CP000240.1:846703-846928|CDS|CYB_0817	98.649	222	3	0	1	222	4	225	2.71e-108	388
Ga0393524_07_9011_9232	CP000239.1:2412210-2412432|CDS|CYA_2402	89.189	222	24	0	1	222	1	222	4.60e-80	293
Ga0393524_07_9690_11033	CP000240.1:844859-846245|CDS|CYB_0816	99.405	1344	8	0	1	1344	43	1386	0.0	2388
Ga0393524_07_9690_11033	CP000239.1:1958779-1960201|CDS|CYA_1947	78.577	1335	266	10	1	1328	43	1364	0.0	1092
Ga0393524_07_11241_11456	CP000240.1:844278-844764|CDS|CYB_0815	94.907	216	11	0	1	216	271	486	3.42e-94	341
Ga0393524_07_11241_11456	CP000239.1:1958287-1958773|CDS|CYA_1946	77.561	205	46	0	1	205	271	475	5.44e-41	163
Ga0393524_08_51_755	CP000240.1:1026866-1027571|CDS|CYB_0991	95.745	705	30	0	1	705	1	705	0.0	1137
Ga0393524_08_51_755	CP000239.1:921362-922058|CDS|CYA_0912	83.721	688	103	1	8	695	8	686	0.0	740
Ga0393524_08_843_1841	CP000240.1:1027681-1028665|CDS|CYB_0992	98.069	984	19	0	16	999	1	984	0.0	1690
Ga0393524_08_843_1841	CP000239.1:920305-921313|CDS|CYA_0911	80.781	973	179	5	31	999	40	1008	0.0	897
Ga0393524_08_1834_3198	CP000240.1:1028657-1030022|CDS|CYB_0993	99.487	1365	7	0	1	1365	1	1365	0.0	2431
Ga0393524_08_1834_3198	CP000239.1:918954-920313|CDS|CYA_0910	88.053	1356	162	0	1	1356	1	1356	0.0	1716
Ga0393524_08_3223_4767	CP000240.1:1030046-1031633|CDS|CYB_0994	97.864	1545	33	0	1	1545	43	1587	0.0	2638
Ga0393524_08_3223_4767	CP000239.1:131557-133147|CDS|CYA_0137	81.676	1539	282	0	2	1540	47	1585	0.0	1505
Ga0393524_08_4885_5736	CP000240.1:1031708-1032803|CDS|CYB_0995	73.349	863	179	10	1	851	271	1094	7.56e-148	521
Ga0393524_08_6391_8136	CP000240.1:1033029-1034934|CDS|CYB_0996	97.995	1746	35	0	1	1746	160	1905	0.0	2992
Ga0393524_08_6391_8136	CP000239.1:1088472-1090218|CDS|CYA_1072	81.484	1739	322	0	1	1739	1	1739	0.0	1685
Ga0393524_08_8248_9471	CP000240.1:1035045-1036269|CDS|CYB_0997	97.712	1224	28	0	1	1224	1	1224	0.0	2082
Ga0393524_08_8248_9471	CP000239.1:1090357-1091581|CDS|CYA_1073	84.069	1224	195	0	1	1224	1	1224	0.0	1329
Ga0393524_08_9669_10784	CP000240.1:1036443-1038936|CDS|CYB_0998	99.462	1116	6	0	1	1116	1378	2493	0.0	1986
Ga0393524_08_9669_10784	CP000239.1:1091761-1094227|CDS|CYA_1074	87.209	1118	137	2	2	1116	1352	2466	0.0	1369
Ga0393524_09_351_449	CP000239.1:1832477-1832771|CDS|CYA_1827	100.000	99	0	0	1	99	196	294	2.83e-46	179
Ga0393524_09_351_449	CP000240.1:427044-427338|CDS|CYB_0418	97.980	99	2	0	1	99	196	294	1.46e-43	170
Ga0393524_09_375_611	CP000240.1:427044-427338|CDS|CYB_0418	97.890	237	5	0	1	237	270	34	1.09e-113	406
Ga0393524_09_375_611	CP000239.1:1832477-1832771|CDS|CYA_1827	97.890	237	5	0	1	237	270	34	1.09e-113	406
Ga0393524_09_670_1950	CP000240.1:425582-427019|CDS|CYB_0417	98.517	1281	19	0	1	1281	157	1437	0.0	2225
Ga0393524_09_670_1950	CP000239.1:1832796-1834233|CDS|CYA_1828	98.439	1281	20	0	1	1281	157	1437	0.0	2221
Ga0393524_09_2879_3172	CP000240.1:424515-424845|CDS|CYB_0415	99.660	294	1	0	1	294	37	330	5.84e-150	526
Ga0393524_09_2879_3172	CP000239.1:1835004-1835298|CDS|CYA_1830	98.299	294	5	0	1	294	1	294	1.57e-144	508
Ga0393524_09_3227_3772	CP000240.1:423915-424461|CDS|CYB_0414	99.817	546	1	0	1	546	1	546	0.0	981
Ga0393524_09_3227_3772	CP000239.1:1835352-1835898|CDS|CYA_1831	98.901	546	6	0	1	546	1	546	0.0	958
Ga0393524_09_3227_3772	CP000239.1:2474425-2474977|CDS|CYA_2464	69.530	489	147	2	47	534	47	534	1.68e-52	204
Ga0393524_09_3227_3772	CP000240.1:1503975-1504527|CDS|CYB_1434	69.321	427	125	4	111	534	111	534	1.21e-41	168
Ga0393524_09_3815_4039	CP000240.1:423648-423873|CDS|CYB_0413	99.556	225	1	0	1	225	1	225	1.25e-112	402
Ga0393524_09_3815_4039	CP000239.1:1835940-1836165|CDS|CYA_1832	96.889	225	7	0	1	225	1	225	1.74e-104	375
Ga0393524_09_4043_4402	CP000240.1:423285-423645|CDS|CYB_0412	97.778	360	8	0	1	360	1	360	1.81e-176	614
Ga0393524_09_4043_4402	CP000239.1:1836168-1836528|CDS|CYA_1833	97.778	360	8	0	1	360	1	360	1.81e-176	614
Ga0393524_09_4393_5787	CP000240.1:421900-423295|CDS|CYB_0411	99.068	1395	13	0	1	1395	1	1395	0.0	2458
Ga0393524_09_4393_5787	CP000239.1:1836518-1837925|CDS|CYA_1834	98.280	1395	24	0	1	1395	1	1395	0.0	2408
Ga0393524_09_5784_7124	CP000239.1:1837912-1839250|CDS|CYA_1835	98.729	1338	17	0	4	1341	1	1338	0.0	2337
Ga0393524_09_5784_7124	CP000240.1:420563-421901|CDS|CYB_0410	98.206	1338	24	0	4	1341	1	1338	0.0	2305
Ga0393524_09_7199_7618	CP000240.1:420062-420482|CDS|CYB_0409	99.048	420	4	0	1	420	1	420	0.0	740
Ga0393524_09_7199_7618	CP000239.1:1839324-1839744|CDS|CYA_1836	99.048	420	4	0	1	420	1	420	0.0	740
Ga0393524_09_7621_8076	CP000240.1:419604-420060|CDS|CYB_0408	96.272	456	17	0	1	456	1	456	0.0	746
Ga0393524_09_7621_8076	CP000239.1:1839746-1840202|CDS|CYA_1837	94.737	456	24	0	1	456	1	456	0.0	715
Ga0393524_09_8137_8400	CP000239.1:1840268-1840532|CDS|CYA_1838	96.970	264	8	0	1	264	1	264	1.70e-124	441
Ga0393524_09_8137_8400	CP000240.1:419274-419538|CDS|CYB_0407	95.833	264	11	0	1	264	1	264	3.74e-120	427
Ga0393524_09_8397_8762	CP000240.1:418912-419278|CDS|CYB_0406	98.907	366	4	0	1	366	1	366	0.0	643
Ga0393524_09_8397_8762	CP000239.1:1840528-1840894|CDS|CYA_1839	96.995	366	11	0	1	366	1	366	2.25e-175	611
Ga0393524_09_8805_9104	CP000240.1:418570-418870|CDS|CYB_0405	98.333	300	5	0	1	300	1	300	8.86e-148	519
Ga0393524_09_8805_9104	CP000239.1:1840936-1841236|CDS|CYA_1840	98.000	300	6	0	1	300	1	300	1.08e-146	515
Ga0393524_10_399_1118	CP000240.1:2269264-2269984|CDS|CYB_2166	96.667	720	24	0	1	720	1	720	0.0	1191
Ga0393524_10_399_1118	CP000239.1:2686874-2687585|CDS|CYA_2671	85.944	683	96	0	38	720	29	711	0.0	800
Ga0393524_10_1217_2800	CP000240.1:2270082-2271666|CDS|CYB_2167	98.043	1584	31	0	1	1584	1	1584	0.0	2718
Ga0393524_10_1217_2800	CP000239.1:2687652-2689266|CDS|CYA_2672	84.630	1607	217	6	1	1577	1	1607	0.0	1785
Ga0393524_10_2813_3532	CP000240.1:2271678-2272701|CDS|CYB_2168	92.361	720	16	1	1	720	343	1023	0.0	1082
Ga0393524_10_2813_3532	CP000239.1:2689278-2690304|CDS|CYA_2673	79.555	719	111	3	2	720	344	1026	0.0	654
Ga0393524_10_3833_4690	CP000240.1:2272658-2273516|CDS|CYB_2169	97.902	858	18	0	1	858	1	858	0.0	1467
Ga0393524_10_3833_4690	CP000239.1:2690261-2691098|CDS|CYA_2674	87.909	794	84	1	65	858	56	837	0.0	1006
Ga0393524_10_4878_5714	CP000240.1:2273703-2274516|CDS|CYB_2170	96.310	813	30	0	25	837	1	813	0.0	1332
Ga0393524_10_4878_5714	CP000239.1:2691229-2692081|CDS|CYA_2675	88.025	810	97	0	17	826	2	811	0.0	1024
Ga0393524_10_5991_6566	CP000240.1:2274846-2275374|CDS|CYB_2171	94.325	511	26	1	31	541	1	508	0.0	790
Ga0393524_10_5991_6566	CP000239.1:2692423-2693002|CDS|CYA_2676	82.031	512	84	3	31	538	1	508	1.36e-142	503
Ga0393524_10_7217_8692	CP000240.1:2275712-2277212|CDS|CYB_2173	98.645	1476	20	0	1	1476	25	1500	0.0	2572
Ga0393524_10_7217_8692	CP000239.1:2693305-2694793|CDS|CYA_2678	83.906	1454	222	3	1	1454	25	1466	0.0	1565
Ga0393524_11_98_466	CP000240.1:2704956-2705325|CDS|CYB_2607	94.309	369	21	0	1	369	1	369	1.99e-163	572
Ga0393524_11_98_466	CP000239.1:1187337-1187706|CDS|CYA_1168	90.685	365	34	0	1	365	1	365	6.96e-144	506
Ga0393524_11_466_864	CP000240.1:2705324-2705723|CDS|CYB_2608	98.744	398	5	0	1	398	1	398	0.0	696
Ga0393524_11_466_864	CP000239.1:1186939-1187338|CDS|CYA_1167	87.719	399	47	2	1	398	1	398	1.67e-139	492
Ga0393524_11_931_1473	CP000240.1:2705791-2706334|CDS|CYB_2609	97.974	543	11	0	1	543	1	543	0.0	930
Ga0393524_11_931_1473	CP000239.1:1186340-1186883|CDS|CYA_1166	89.483	542	57	0	1	542	1	542	0.0	721
Ga0393524_11_1525_1935	CP000240.1:2706380-2706791|CDS|CYB_2610	99.513	411	2	0	1	411	1	411	0.0	733
Ga0393524_11_1525_1935	CP000239.1:1185875-1186280|CDS|CYA_1165	88.698	407	40	1	1	407	1	401	2.39e-150	528
Ga0393524_11_1969_2514	CP000240.1:2706824-2707370|CDS|CYB_2611	99.451	546	3	0	1	546	1	546	0.0	972
Ga0393524_11_1969_2514	CP000239.1:1185303-1185849|CDS|CYA_1164	83.303	545	91	0	1	545	1	545	8.63e-164	573
Ga0393524_11_2546_2914	CP000240.1:2707401-2707770|CDS|CYB_2612	98.374	369	6	0	1	369	1	369	0.0	639
Ga0393524_11_2546_2914	CP000239.1:1184932-1185301|CDS|CYA_1163	82.656	369	64	0	1	369	1	369	2.43e-105	378
Ga0393524_11_2933_3469	CP000240.1:2707788-2708325|CDS|CYB_2613	98.138	537	10	0	1	537	1	537	0.0	924
Ga0393524_11_2933_3469	CP000239.1:1184377-1184914|CDS|CYA_1162	86.168	535	74	0	1	535	1	535	0.0	632
Ga0393524_11_3609_3959	CP000240.1:2708362-2708815|CDS|CYB_2614	95.143	350	17	0	1	350	103	452	1.45e-158	555
Ga0393524_11_3609_3959	CP000239.1:1183880-1184354|CDS|CYA_1161	82.336	351	62	0	1	351	103	453	2.63e-98	354
Ga0393524_11_4158_5411	CP000240.1:2708967-2710266|CDS|CYB_2615	98.405	1254	20	0	1	1254	46	1299	0.0	2172
Ga0393524_11_4158_5411	CP000239.1:1182473-1183772|CDS|CYA_1160	87.719	1254	154	0	1	1254	46	1299	0.0	1568
Ga0393524_11_5420_5992	CP000240.1:2710265-2710847|CDS|CYB_2616	98.080	573	11	0	1	573	10	582	0.0	985
Ga0393524_11_5420_5992	CP000239.1:1181892-1182474|CDS|CYA_1159	85.166	573	85	0	1	573	10	582	0.0	651
Ga0393524_11_6031_6804	CP000240.1:2710885-2711659|CDS|CYB_2617	97.804	774	17	0	1	774	1	774	0.0	1320
Ga0393524_11_6031_6804	CP000239.1:1181080-1181854|CDS|CYA_1158	84.994	773	116	0	1	773	1	773	0.0	872
Ga0393524_11_6935_7159	CP000240.1:2711789-2712014|CDS|CYB_2618	100.000	225	0	0	1	225	1	225	2.94e-114	407
Ga0393524_11_6935_7159	CP000239.1:1180725-1180950|CDS|CYA_1157	89.778	225	23	0	1	225	1	225	9.01e-83	303
Ga0393524_11_7183_7827	CP000240.1:2712091-2712682|CDS|CYB_2619	98.308	591	10	0	55	645	1	591	0.0	1021
Ga0393524_11_7183_7827	CP000239.1:1179715-1180696|CDS|CYA_1156	83.515	643	106	0	1	643	1	643	0.0	682
Ga0393524_11_8155_8466	CP000240.1:2712988-2713297|CDS|CYB_2620	94.463	307	17	0	4	310	1	307	2.83e-135	478
Ga0393524_11_8155_8466	CP000239.1:1179715-1180696|CDS|CYA_1156	86.230	305	42	0	1	305	670	974	1.57e-100	361
Ga0393524_12_1276_1572	CP000240.1:2169714-2170011|CDS|CYB_2072	97.611	293	7	0	1	293	1	293	2.87e-141	498
Ga0393524_12_1276_1572	CP000239.1:2478894-2479182|CDS|CYA_2468	87.008	254	33	0	1	254	1	254	8.23e-85	310
Ga0393524_12_1591_2784	CP000240.1:605550-606744|CDS|CYB_0598	89.223	1197	123	4	1	1194	1	1194	0.0	1565
Ga0393524_12_1591_2784	CP000240.1:2619921-2621115|CDS|CYB_2521	88.564	1198	129	6	1	1194	1	1194	0.0	1524
Ga0393524_12_1591_2784	CP000240.1:1316312-1317548|CDS|CYB_1259	87.171	1216	132	2	1	1192	1	1216	0.0	1503
Ga0393524_12_1591_2784	CP000239.1:774779-775973|CDS|CYA_0767	87.886	1197	139	2	1	1194	1	1194	0.0	1502
Ga0393524_12_1591_2784	CP000239.1:2170714-2171908|CDS|CYA_2158	87.437	1194	150	0	1	1194	1	1194	0.0	1478
Ga0393524_12_1591_2784	CP000240.1:2661652-2662870|CDS|CYB_2557	86.732	1221	132	5	1	1194	1	1218	0.0	1477
Ga0393524_12_1591_2784	CP000240.1:1803089-1804283|CDS|CYB_1722	87.186	1194	153	0	1	1194	1	1194	0.0	1464
Ga0393524_12_1591_2784	CP000239.1:712444-713638|CDS|CYA_0704	87.135	1197	148	2	1	1194	1	1194	0.0	1462
Ga0393524_12_1591_2784	CP000240.1:2644164-2645358|CDS|CYB_2538	87.102	1194	154	0	1	1194	1	1194	0.0	1460
Ga0393524_12_1591_2784	CP000240.1:1244785-1246021|CDS|CYB_1201	86.077	1221	136	6	1	1192	1	1216	0.0	1440
Ga0393524_12_1591_2784	CP000240.1:638632-639850|CDS|CYB_0630	85.796	1218	149	1	1	1194	1	1218	0.0	1434
Ga0393524_12_1591_2784	CP000240.1:2553363-2554557|CDS|CYB_2454	86.656	1199	150	4	1	1194	1	1194	0.0	1433
Ga0393524_12_1591_2784	CP000240.1:1954838-1956056|CDS|CYB_1872	85.714	1218	150	1	1	1194	1	1218	0.0	1430
Ga0393524_12_1591_2784	CP000240.1:1267756-1268992|CDS|CYB_1227	85.925	1222	136	8	1	1192	1	1216	0.0	1425
Ga0393524_12_1591_2784	CP000240.1:1521392-1522610|CDS|CYB_1450	85.550	1218	152	1	1	1194	1	1218	0.0	1421
Ga0393524_12_1591_2784	CP000240.1:629484-630702|CDS|CYB_0620	85.586	1221	146	5	1	1194	1	1218	0.0	1414
Ga0393524_12_1591_2784	CP000240.1:52430-53648|CDS|CYB_0041	85.386	1218	154	1	1	1194	1	1218	0.0	1412
Ga0393524_12_1591_2784	CP000240.1:1358129-1359347|CDS|CYB_1297	85.140	1218	157	1	1	1194	1	1218	0.0	1398
Ga0393524_12_1591_2784	CP000239.1:1594889-1596107|CDS|CYA_1585	87.302	1134	138	2	1	1131	1	1131	0.0	1393
Ga0393524_12_1591_2784	CP000240.1:1064975-1066169|CDS|CYB_1023	85.846	1194	169	0	1	1194	1	1194	0.0	1392
Ga0393524_12_1591_2784	CP000240.1:1083184-1084426|CDS|CYB_1042	84.219	1242	148	2	1	1194	1	1242	0.0	1391
Ga0393524_12_1591_2784	CP000239.1:893439-894633|CDS|CYA_0887	85.786	1196	141	8	1	1190	1	1173	0.0	1381
Ga0393524_12_1591_2784	CP000240.1:2796782-2798000|CDS|CYB_2707	84.647	1218	163	1	1	1194	1	1218	0.0	1371
Ga0393524_12_1591_2784	CP000240.1:2210858-2212052|CDS|CYB_2117	85.343	1194	175	0	1	1194	1	1194	0.0	1365
Ga0393524_12_1591_2784	CP000240.1:481588-482800|CDS|CYB_0472	85.488	1199	160	8	1	1192	1	1192	0.0	1355
Ga0393524_12_1591_2784	CP000240.1:3008652-3009870|CDS|CYB_2910	84.319	1218	167	1	1	1194	1	1218	0.0	1353
Ga0393524_12_1591_2784	CP000240.1:2933473-2934709|CDS|CYB_2835	84.628	1223	150	9	1	1192	1	1216	0.0	1352
Ga0393524_12_1591_2784	CP000240.1:1190675-1191869|CDS|CYB_1151	85.225	1198	169	4	1	1194	1	1194	0.0	1352
Ga0393524_12_1591_2784	CP000239.1:698055-699204|CDS|CYA_0690	85.603	1153	130	7	1	1123	1	1147	0.0	1333
Ga0393524_12_1591_2784	CP000240.1:2247371-2248565|CDS|CYB_2147	84.577	1193	161	4	1	1190	1	1173	0.0	1325
Ga0393524_12_1591_2784	CP000240.1:2830275-2831565|CDS|CYB_2735	82.903	1240	147	4	1	1192	1	1223	0.0	1322
Ga0393524_12_1591_2784	CP000240.1:2168360-2169515|CDS|CYB_2071	85.966	1133	155	2	1	1131	1	1131	0.0	1322
Ga0393524_12_1591_2784	CP000239.1:994256-995468|CDS|CYA_0981	84.474	1198	174	6	1	1192	1	1192	0.0	1306
Ga0393524_12_1591_2784	CP000240.1:2565689-2566883|CDS|CYB_2468	84.241	1193	165	6	1	1190	1	1173	0.0	1298
Ga0393524_12_1591_2784	CP000240.1:102811-104029|CDS|CYB_0087	83.196	1214	163	3	1	1190	1	1197	0.0	1294
Ga0393524_12_1591_2784	CP000240.1:1384265-1385459|CDS|CYB_1322	84.114	1196	161	8	1	1190	1	1173	0.0	1291
Ga0393524_12_1591_2784	CP000239.1:629980-631174|CDS|CYA_0620	84.083	1200	179	6	1	1194	1	1194	0.0	1287
Ga0393524_12_1591_2784	CP000240.1:241642-242836|CDS|CYB_0233	83.542	1197	166	10	1	1190	1	1173	0.0	1254
Ga0393524_12_1591_2784	CP000240.1:1842322-1843549|CDS|CYB_1759	82.502	1223	180	5	1	1194	1	1218	0.0	1250
Ga0393524_12_1591_2784	CP000240.1:345730-346924|CDS|CYB_0329	82.845	1195	178	6	1	1190	1	1173	0.0	1229
Ga0393524_12_1591_2784	CP000240.1:1015074-1016268|CDS|CYB_0979	81.925	1195	189	6	1	1190	1	1173	0.0	1179
Ga0393524_12_1591_2784	CP000239.1:693322-694534|CDS|CYA_0687	78.315	1199	246	7	1	1192	1	1192	0.0	972
Ga0393524_12_1591_2784	CP000240.1:2219258-2220470|CDS|CYB_2126	78.333	1200	244	9	1	1192	1	1192	0.0	966
Ga0393524_12_1591_2784	CP000240.1:2128026-2129220|CDS|CYB_2026	77.611	1197	237	11	1	1190	1	1173	0.0	930
Ga0393524_12_1591_2784	CP000240.1:1763450-1764623|CDS|CYB_1688	77.379	1198	236	13	1	1189	1	1172	0.0	912
Ga0393524_12_1591_2784	CP000240.1:1917270-1918464|CDS|CYB_1826	76.564	1199	246	13	1	1190	1	1173	0.0	869
Ga0393524_12_1591_2784	CP000240.1:2506708-2507857|CDS|CYB_2410	75.066	1131	158	7	1	1009	1	1129	0.0	849
Ga0393524_12_1591_2784	CP000239.1:88305-89487|CDS|CYA_0091	77.009	983	222	2	1	981	1	981	0.0	749
Ga0393524_12_3023_3511	CP000240.1:2170172-2170661|CDS|CYB_2073	98.569	489	7	0	1	489	1	489	0.0	851
Ga0393524_12_3023_3511	CP000239.1:2479463-2479952|CDS|CYA_2469	88.106	454	54	0	1	454	1	454	6.31e-165	576
Ga0393524_12_3770_4051	CP000240.1:2170907-2171189|CDS|CYB_2074	99.645	282	1	0	1	282	1	282	1.82e-143	505
Ga0393524_12_3770_4051	CP000239.1:2480162-2480444|CDS|CYA_2470	90.942	276	25	0	1	276	1	276	1.23e-107	386
Ga0393524_12_4054_5223	CP000240.1:2171191-2172361|CDS|CYB_2075	99.487	1170	6	0	1	1170	1	1170	0.0	2084
Ga0393524_12_4054_5223	CP000239.1:2480446-2481610|CDS|CYA_2471	89.812	1168	113	1	1	1168	1	1162	0.0	1572
Ga0393524_12_5334_6554	CP000240.1:2172471-2173725|CDS|CYB_2077	97.929	1207	25	0	1	1207	1	1207	0.0	2065
Ga0393524_12_5334_6554	CP000239.1:2481733-2483035|CDS|CYA_2473	88.519	1202	132	1	1	1202	61	1256	0.0	1547
Ga0393524_12_6551_7033	CP000240.1:2173713-2174148|CDS|CYB_2076	86.013	479	19	1	1	479	1	431	1.56e-172	601
Ga0393524_12_7148_8194	CP000240.1:2174262-2175306|CDS|CYB_2078	97.893	1044	22	0	4	1047	1	1044	0.0	1784
Ga0393524_12_7148_8194	CP000239.1:2483585-2484572|CDS|CYA_2474	87.386	983	124	0	4	986	1	983	0.0	1214
Ga0393524_12_8462_8806	CP000240.1:2175461-2176580|CDS|CYB_2079	99.710	345	0	1	1	345	661	1004	1.74e-176	615
Ga0393524_13_159_416	CP000240.1:677241-677640|CDS|CYB_0663	99.225	258	2	0	1	258	142	399	2.16e-129	457
Ga0393524_13_159_416	CP000239.1:2650476-2650803|CDS|CYA_2633	89.272	261	25	1	1	258	67	327	3.42e-95	343
Ga0393524_13_741_1100	CP000240.1:677970-678336|CDS|CYB_0664	98.333	360	6	0	1	360	7	366	3.50e-179	623
Ga0393524_13_741_1100	CP000239.1:2649784-2650144|CDS|CYA_2632	79.370	349	60	3	1	346	1	340	1.50e-82	303
Ga0393524_13_2541_3212	CP000240.1:679815-680487|CDS|CYB_0666	95.833	672	28	0	1	672	1	672	0.0	1086
Ga0393524_13_2541_3212	CP000239.1:2649063-2649741|CDS|CYA_2631	87.309	654	83	0	1	654	1	654	0.0	806
Ga0393524_13_3222_3350	CP000240.1:680496-680868|CDS|CYB_0667	98.450	129	2	0	1	129	244	372	1.05e-59	224
Ga0393524_13_3222_3350	CP000239.1:2648736-2649054|CDS|CYA_2630	89.147	129	14	0	1	129	190	318	2.03e-43	170
Ga0393524_13_3815_6133	CP000240.1:681089-682925|CDS|CYB_0668	92.141	1845	97	5	514	2319	1	1836	0.0	2695
Ga0393524_13_3815_6133	CP000239.1:2646699-2648472|CDS|CYA_2629	75.676	1776	352	17	514	2261	1	1724	0.0	1251
Ga0393524_14_161_1117	CP000240.1:693811-694969|CDS|CYB_0678	99.896	957	1	0	1	957	202	1158	0.0	1722
Ga0393524_14_161_1117	CP000239.1:2522680-2523826|CDS|CYA_2512	85.789	957	136	0	1	957	190	1146	0.0	1113
Ga0393524_14_1397_1648	CP000240.1:695047-695299|CDS|CYB_0680	96.443	253	7	2	1	252	1	252	9.54e-115	409
Ga0393524_14_1397_1648	CP000239.1:2522303-2522534|CDS|CYA_2511	83.333	192	32	0	47	238	32	223	7.36e-53	203
Ga0393524_14_1641_3095	CP000240.1:695291-696746|CDS|CYB_0681	94.708	1455	77	0	1	1455	1	1455	0.0	2278
Ga0393524_14_1641_3095	CP000239.1:2520823-2522311|CDS|CYA_2510	88.044	1447	173	0	1	1447	1	1447	0.0	1830
Ga0393524_14_3120_3944	CP000240.1:696770-697595|CDS|CYB_0682	96.121	825	32	0	1	825	1	825	0.0	1344
Ga0393524_14_3120_3944	CP000239.1:2519968-2520763|CDS|CYA_2509	81.314	776	139	1	1	776	1	770	0.0	747
Ga0393524_14_3960_4190	CP000240.1:697610-697892|CDS|CYB_0683	95.671	231	10	0	1	231	52	282	6.24e-104	372
Ga0393524_14_3960_4190	CP000239.1:2519671-2519953|CDS|CYA_2507	94.805	231	12	0	1	231	52	282	3.23e-101	363
Ga0393524_14_4512_6239	CP000240.1:698176-699904|CDS|CYB_0684	96.701	1728	57	0	1	1728	1	1728	0.0	2860
Ga0393524_14_4512_6239	CP000239.1:2517679-2519407|CDS|CYA_2506	89.474	1729	180	2	1	1728	1	1728	0.0	2291
Ga0393524_14_6479_6838	CP000240.1:700144-700504|CDS|CYB_0685	98.889	360	4	0	1	360	1	360	0.0	632
Ga0393524_14_6479_6838	CP000239.1:2517065-2517425|CDS|CYA_2504	93.036	359	25	0	1	359	1	359	1.40e-152	535
Ga0393524_14_6894_8300	CP000240.1:700560-702855|CDS|CYB_0686	94.670	1407	75	0	1	1407	889	2295	0.0	2200
Ga0393524_14_6894_8300	CP000239.1:2515199-2517008|CDS|CYA_2503	88.336	1406	164	0	2	1407	404	1809	0.0	1797
Ga0393524_15_479_1132	CP000240.1:110016-110670|CDS|CYB_0094	99.235	654	5	0	1	654	1	654	0.0	1158
Ga0393524_15_479_1132	CP000239.1:2006474-2007128|CDS|CYA_1987	87.768	654	80	0	1	654	1	654	0.0	820
Ga0393524_15_1480_2868	CP000240.1:110943-112338|CDS|CYB_0095	98.065	1395	21	1	1	1389	1	1395	0.0	2396
Ga0393524_15_1480_2868	CP000239.1:2007471-2008917|CDS|CYA_1988	86.730	1364	181	0	9	1372	12	1375	0.0	1645
Ga0393524_15_3054_5189	CP000240.1:112531-114667|CDS|CYB_0096	98.081	2136	41	0	1	2136	1	2136	0.0	3668
Ga0393524_15_3054_5189	CP000239.1:1938846-1940973|CDS|CYA_1926	84.563	2060	303	2	58	2114	58	2105	0.0	2287
Ga0393524_15_5327_5914	CP000240.1:114810-115398|CDS|CYB_0097	99.490	588	3	0	1	588	1	588	0.0	1048
Ga0393524_15_5327_5914	CP000239.1:776203-776698|CDS|CYA_0768	82.996	494	84	0	95	588	2	495	7.66e-146	513
Ga0393524_15_5976_6221	CP000240.1:115466-115760|CDS|CYB_0098	95.528	246	11	0	1	246	49	294	2.05e-110	395
Ga0393524_15_5976_6221	CP000239.1:1941212-1941491|CDS|CYA_1927	84.426	244	38	0	1	244	34	277	5.88e-73	269
Ga0393524_15_6315_7034	CP000240.1:115839-116520|CDS|CYB_0100	99.412	680	4	0	40	719	1	680	0.0	1209
Ga0393524_15_6315_7034	CP000239.1:1941565-1942258|CDS|CYA_1929	85.479	668	97	0	52	719	25	692	0.0	768
Ga0393524_16_237_848	CP000240.1:337001-337604|CDS|CYB_0321	97.678	603	14	0	10	612	1	603	0.0	1025
Ga0393524_16_237_848	CP000239.1:1284500-1285112|CDS|CYA_1269	84.754	610	93	0	1	610	1	610	0.0	682
Ga0393524_16_891_1259	CP000240.1:336590-336959|CDS|CYB_0319	98.916	369	4	0	1	369	1	369	0.0	648
Ga0393524_16_891_1259	CP000239.1:1284111-1284456|CDS|CYA_1267	90.606	330	31	0	16	345	1	330	1.10e-128	456
Ga0393524_16_1237_3591	CP000240.1:334258-336613|CDS|CYB_0320	98.726	2354	30	0	1	2354	1	2354	0.0	4111
Ga0393524_16_3989_4291	CP000240.1:333558-333861|CDS|CYB_0318	100.000	303	0	0	1	303	1	303	1.85e-156	547
Ga0393524_16_3989_4291	CP000239.1:1281329-1281692|CDS|CYA_1266	85.824	261	37	0	1	261	1	261	3.58e-83	305
Ga0393524_16_4390_5196	CP000240.1:332660-333467|CDS|CYB_0317	97.274	807	22	0	1	807	1	807	0.0	1357
Ga0393524_16_4390_5196	CP000239.1:1280432-1281239|CDS|CYA_1265	86.245	807	111	0	1	807	1	807	0.0	956
Ga0393524_16_5193_5498	CP000240.1:331929-332664|CDS|CYB_0316	96.405	306	11	0	1	306	430	735	6.96e-143	503
Ga0393524_16_5193_5498	CP000239.1:1279683-1280436|CDS|CYA_1264	83.007	306	52	0	1	306	448	753	1.64e-87	318
Ga0393524_16_6962_7285	CP000240.1:329523-329991|CDS|CYB_0314	96.605	324	11	0	1	324	145	468	1.25e-152	535
Ga0393524_16_6962_7285	CP000239.1:2102942-2103374|CDS|CYA_2084	82.353	306	54	0	19	324	127	432	9.04e-85	309
Ga0393524_17_162_1313	CP000240.1:2475196-2476366|CDS|CYB_2369	96.496	1170	23	1	1	1152	1	1170	0.0	1938
Ga0393524_17_162_1313	CP000239.1:2611972-2613151|CDS|CYA_2590	80.629	1177	201	6	1	1150	1	1177	0.0	1093
Ga0393524_17_1451_2350	CP000240.1:2474159-2475143|CDS|CYB_2368	95.889	900	37	0	1	900	85	984	0.0	1457
Ga0393524_17_1451_2350	CP000239.1:2613191-2614202|CDS|CYA_2591	83.146	890	150	0	1	890	85	974	0.0	930
Ga0393524_17_2423_2989	CP000239.1:1152933-1153500|CDS|CYA_1127	100.000	567	0	0	1	567	1	567	0.0	1023
Ga0393524_17_2423_2989	CP000239.1:1012514-1013081|CDS|CYA_0998	100.000	567	0	0	1	567	1	567	0.0	1023
Ga0393524_17_2423_2989	CP000239.1:2653692-2654259|CDS|CYA_2637	99.471	567	3	0	1	567	1	567	0.0	1010
Ga0393524_17_2423_2989	CP000239.1:1290362-1291310|CDS|CYA_1279	99.295	567	4	0	1	567	382	948	0.0	1005
Ga0393524_17_2423_2989	CP000239.1:2728909-2729476|CDS|CYA_2710	99.118	567	5	0	1	567	1	567	0.0	1001
Ga0393524_17_2423_2989	CP000239.1:1612111-1613059|CDS|CYA_1604	98.765	567	7	0	1	567	382	948	0.0	992
Ga0393524_17_2423_2989	CP000239.1:51699-52647|CDS|CYA_0053	98.765	567	7	0	1	567	382	948	0.0	992
Ga0393524_17_2423_2989	CP000239.1:1664315-1664882|CDS|CYA_1662	98.060	567	11	0	1	567	1	567	0.0	974
Ga0393524_17_2423_2989	CP000239.1:1368174-1368741|CDS|CYA_1360	98.060	567	11	0	1	567	1	567	0.0	974
Ga0393524_17_2423_2989	CP000239.1:1300214-1300781|CDS|CYA_1289	98.060	567	11	0	1	567	1	567	0.0	974
Ga0393524_17_2423_2989	CP000239.1:1321049-1321982|CDS|CYA_1311	97.350	566	0	1	2	567	383	933	0.0	963
Ga0393524_17_2423_2989	CP000239.1:2101215-2101767|CDS|CYA_2081	97.002	567	2	1	1	567	1	552	0.0	956
Ga0393524_17_2423_2989	CP000239.1:34936-35488|CDS|CYA_0038	96.649	567	4	1	1	567	1	552	0.0	947
Ga0393524_17_2423_2989	CP000239.1:2863003-2863513|CDS|CYA_2846	99.216	510	4	0	58	567	1	510	0.0	902
Ga0393524_17_2971_3369	CP000239.1:2728529-2728928|CDS|CYA_2709	99.749	399	1	0	1	399	1	399	0.0	716
Ga0393524_17_2971_3369	CP000239.1:1152553-1152952|CDS|CYA_1126	99.749	399	1	0	1	399	1	399	0.0	716
Ga0393524_17_2971_3369	CP000239.1:1013062-1013461|CDS|CYA_0999	99.749	399	1	0	1	399	1	399	0.0	716
Ga0393524_17_2971_3369	CP000239.1:34556-34955|CDS|CYA_0037	99.749	399	1	0	1	399	1	399	0.0	716
Ga0393524_17_2971_3369	CP000239.1:1290362-1291310|CDS|CYA_1279	99.750	400	0	1	1	399	1	400	0.0	714
Ga0393524_17_2971_3369	CP000239.1:1663935-1664334|CDS|CYA_1661	99.499	399	2	0	1	399	1	399	0.0	711
Ga0393524_17_2971_3369	CP000239.1:1300762-1301161|CDS|CYA_1291	99.499	399	2	0	1	399	1	399	0.0	711
Ga0393524_17_2971_3369	CP000239.1:1612111-1613059|CDS|CYA_1604	99.500	400	1	1	1	399	1	400	0.0	710
Ga0393524_17_2971_3369	CP000239.1:1321049-1321982|CDS|CYA_1311	99.500	400	1	1	1	399	1	400	0.0	710
Ga0393524_17_2971_3369	CP000239.1:51699-52647|CDS|CYA_0053	99.500	400	1	1	1	399	1	400	0.0	710
Ga0393524_17_2971_3369	CP000239.1:2862566-2862965|CDS|CYA_2845	99.248	399	3	0	1	399	1	399	0.0	707
Ga0393524_17_2971_3369	CP000239.1:1367794-1368193|CDS|CYA_1358	99.248	399	3	0	1	399	1	399	0.0	707
Ga0393524_17_2971_3369	CP000239.1:2740042-2740447|CDS|CYA_2722	99.248	399	2	1	1	399	1	398	0.0	703
Ga0393524_17_2971_3369	CP000239.1:2026942-2027347|CDS|CYA_2010	99.248	399	2	1	1	399	1	398	0.0	703
Ga0393524_17_2971_3369	CP000239.1:2654240-2654639|CDS|CYA_2639	98.997	399	4	0	1	399	1	399	0.0	702
Ga0393524_17_2971_3369	CP000239.1:2101748-2102147|CDS|CYA_2082	98.747	399	5	0	1	399	1	399	0.0	698
Ga0393524_17_3651_4661	CP000240.1:2471568-2472579|CDS|CYB_2365	99.308	1011	7	0	1	1011	1	1011	0.0	1792
Ga0393524_17_5630_6157	CP000240.1:378803-379409|CDS|CYB_0362	99.811	528	1	0	1	528	79	606	0.0	948
Ga0393524_17_5630_6157	CP000239.1:2766532-2767138|CDS|CYA_2746	84.971	519	78	0	1	519	79	597	1.32e-167	585
Ga0393524_17_6781_7716	CP000240.1:377265-378450|CDS|CYB_0361	97.112	935	27	0	1	935	58	992	0.0	1565
Ga0393524_17_6781_7716	CP000239.1:2199574-2200729|CDS|CYA_2182	75.952	919	212	5	12	927	48	960	0.0	647
Ga0393524_18_38_265	CP000240.1:1959184-1960810|CDS|CYB_1875	100.000	228	0	0	1	228	1399	1626	7.01e-116	412
Ga0393524_18_452_1672	CP000240.1:1957777-1958914|CDS|CYB_1874	99.296	1137	8	0	85	1221	1	1137	0.0	2015
Ga0393524_18_452_1672	CP000239.1:829653-830793|CDS|CYA_0818	83.407	1133	188	0	85	1217	1	1133	0.0	1196
Ga0393524_18_2095_3189	CP000240.1:1956263-1957358|CDS|CYB_1873	98.813	1095	13	0	1	1095	1	1095	0.0	1917
Ga0393524_18_2095_3189	CP000239.1:2726040-2726886|CDS|CYA_2706	83.175	844	142	0	251	1094	2	845	0.0	883
Ga0393524_18_3391_4584	CP000239.1:774779-775973|CDS|CYA_0767	95.812	1194	50	0	1	1194	1	1194	0.0	1929
Ga0393524_18_3391_4584	CP000239.1:2170714-2171908|CDS|CYA_2158	95.226	1194	57	0	1	1194	1	1194	0.0	1897
Ga0393524_18_3391_4584	CP000240.1:1083184-1084426|CDS|CYB_1042	92.351	1242	47	2	1	1194	1	1242	0.0	1847
Ga0393524_18_3391_4584	CP000240.1:1954838-1956056|CDS|CYB_1872	93.103	1218	60	1	1	1194	1	1218	0.0	1836
Ga0393524_18_3391_4584	CP000240.1:2644164-2645358|CDS|CYB_2538	92.379	1194	91	0	1	1194	1	1194	0.0	1744
Ga0393524_18_3391_4584	CP000240.1:2796782-2798000|CDS|CYB_2707	91.379	1218	81	1	1	1194	1	1218	0.0	1741
Ga0393524_18_3391_4584	CP000240.1:1803089-1804283|CDS|CYB_1722	92.044	1194	95	0	1	1194	1	1194	0.0	1726
Ga0393524_18_3391_4584	CP000240.1:3008652-3009870|CDS|CYB_2910	90.805	1218	88	1	1	1194	1	1218	0.0	1709
Ga0393524_18_3391_4584	CP000240.1:52430-53648|CDS|CYB_0041	90.722	1218	89	1	1	1194	1	1218	0.0	1705
Ga0393524_18_3391_4584	CP000240.1:2168360-2169515|CDS|CYB_2071	93.369	1131	75	0	1	1131	1	1131	0.0	1702
Ga0393524_18_3391_4584	CP000239.1:712444-713638|CDS|CYA_0704	91.479	1197	96	2	1	1194	1	1194	0.0	1696
Ga0393524_18_3391_4584	CP000240.1:1190675-1191869|CDS|CYB_1151	90.962	1195	106	2	1	1194	1	1194	0.0	1662
Ga0393524_18_3391_4584	CP000240.1:638632-639850|CDS|CYB_0630	89.491	1218	104	1	1	1194	1	1218	0.0	1637
Ga0393524_18_3391_4584	CP000240.1:2210858-2212052|CDS|CYB_2117	90.142	1197	112	2	1	1194	1	1194	0.0	1624
Ga0393524_18_3391_4584	CP000239.1:629980-631174|CDS|CYA_0620	90.034	1194	119	0	1	1194	1	1194	0.0	1618
Ga0393524_18_3391_4584	CP000240.1:2619921-2621115|CDS|CYB_2521	89.874	1195	119	2	1	1194	1	1194	0.0	1603
Ga0393524_18_3391_4584	CP000240.1:2553363-2554557|CDS|CYB_2454	89.724	1197	117	2	1	1194	1	1194	0.0	1601
Ga0393524_18_3391_4584	CP000240.1:1316312-1317548|CDS|CYB_1259	88.734	1216	113	1	1	1192	1	1216	0.0	1593
Ga0393524_18_3391_4584	CP000240.1:1521392-1522610|CDS|CYB_1450	88.670	1218	114	1	1	1194	1	1218	0.0	1592
Ga0393524_18_3391_4584	CP000240.1:1267756-1268992|CDS|CYB_1227	88.661	1217	112	3	1	1192	1	1216	0.0	1583
Ga0393524_18_3391_4584	CP000240.1:2830275-2831565|CDS|CYB_2735	87.258	1240	93	3	1	1192	1	1223	0.0	1570
Ga0393524_18_3391_4584	CP000240.1:2661652-2662870|CDS|CYB_2557	88.013	1218	122	1	1	1194	1	1218	0.0	1556
Ga0393524_18_3391_4584	CP000240.1:1244785-1246021|CDS|CYB_1201	87.747	1216	125	1	1	1192	1	1216	0.0	1539
Ga0393524_18_3391_4584	CP000240.1:1358129-1359347|CDS|CYB_1297	87.521	1218	128	1	1	1194	1	1218	0.0	1529
Ga0393524_18_3391_4584	CP000240.1:1064975-1066169|CDS|CYB_1023	88.191	1194	141	0	1	1194	1	1194	0.0	1518
Ga0393524_18_3391_4584	CP000240.1:2933473-2934709|CDS|CYB_2835	87.285	1219	125	5	1	1192	1	1216	0.0	1505
Ga0393524_18_3391_4584	CP000240.1:629484-630702|CDS|CYB_0620	87.028	1218	134	1	1	1194	1	1218	0.0	1502
Ga0393524_18_3391_4584	CP000240.1:481588-482800|CDS|CYB_0472	88.013	1193	141	2	1	1192	1	1192	0.0	1500
Ga0393524_18_3391_4584	CP000240.1:2247371-2248565|CDS|CYB_2147	88.948	1131	125	0	1	1131	1	1131	0.0	1477
Ga0393524_18_3391_4584	CP000239.1:1594889-1596107|CDS|CYA_1585	88.506	1131	130	0	1	1131	1	1131	0.0	1454
Ga0393524_18_3391_4584	CP000239.1:893439-894633|CDS|CYA_0887	88.671	1121	127	0	1	1121	1	1121	0.0	1450
Ga0393524_18_3391_4584	CP000240.1:605550-606744|CDS|CYB_0598	86.800	1197	152	2	1	1194	1	1194	0.0	1443
Ga0393524_18_3391_4584	CP000239.1:698055-699204|CDS|CYA_0690	86.038	1146	136	1	1	1122	1	1146	0.0	1363
Ga0393524_18_3391_4584	CP000239.1:994256-995468|CDS|CYA_0981	85.272	1195	170	2	1	1192	1	1192	0.0	1359
Ga0393524_18_3391_4584	CP000240.1:1842322-1843549|CDS|CYB_1759	84.577	1206	158	3	1	1180	1	1204	0.0	1349
Ga0393524_18_3391_4584	CP000240.1:241642-242836|CDS|CYB_0233	86.042	1132	156	2	1	1131	1	1131	0.0	1323
Ga0393524_18_3391_4584	CP000240.1:102811-104029|CDS|CYB_0087	84.416	1155	156	1	1	1131	1	1155	0.0	1289
Ga0393524_18_3391_4584	CP000240.1:1015074-1016268|CDS|CYB_0979	84.792	1131	172	0	1	1131	1	1131	0.0	1265
Ga0393524_18_3391_4584	CP000240.1:1384265-1385459|CDS|CYB_1322	83.996	1131	181	0	1	1131	1	1131	0.0	1224
Ga0393524_18_3391_4584	CP000240.1:345730-346924|CDS|CYB_0329	83.466	1131	187	0	1	1131	1	1131	0.0	1197
Ga0393524_18_3391_4584	CP000240.1:2565689-2566883|CDS|CYB_2468	83.289	1131	189	0	1	1131	1	1131	0.0	1188
Ga0393524_18_3391_4584	CP000240.1:2128026-2129220|CDS|CYB_2026	82.850	1137	183	7	1	1131	1	1131	0.0	1151
Ga0393524_18_3391_4584	CP000239.1:693322-694534|CDS|CYA_0687	81.287	1197	214	5	1	1192	1	1192	0.0	1136
Ga0393524_18_3391_4584	CP000240.1:2219258-2220470|CDS|CYB_2126	81.036	1197	217	5	1	1192	1	1192	0.0	1122
Ga0393524_18_3391_4584	CP000240.1:1763450-1764623|CDS|CYB_1688	81.003	1137	204	7	1	1131	1	1131	0.0	1057
Ga0393524_18_3391_4584	CP000240.1:1917270-1918464|CDS|CYB_1826	79.771	1137	218	7	1	1131	1	1131	0.0	994
Ga0393524_18_3391_4584	CP000240.1:2506708-2507857|CDS|CYB_2410	77.072	1134	140	5	1	1014	1	1134	0.0	959
Ga0393524_18_3391_4584	CP000239.1:88305-89487|CDS|CYA_0091	74.064	1122	265	5	1	1115	1	1103	0.0	713
Ga0393524_18_4717_5730	CP000240.1:1953692-1954718|CDS|CYB_1871	97.732	1014	23	0	1	1014	13	1026	0.0	1726
Ga0393524_18_4717_5730	CP000239.1:2727384-2728404|CDS|CYA_2708	88.560	1014	116	0	1	1014	7	1020	0.0	1306
Ga0393524_19_324_578	CP000240.1:119663-119909|CDS|CYB_0103	99.187	246	2	0	10	255	1	246	6.96e-123	435
Ga0393524_19_324_578	CP000239.1:1945380-1945626|CDS|CYA_1932	83.197	244	41	0	10	253	1	244	1.35e-68	256
Ga0393524_19_700_837	CP000240.1:120039-120168|CDS|CYB_0104	98.450	129	2	0	10	138	1	129	1.14e-59	224
Ga0393524_19_700_837	CP000239.1:1945751-1945889|CDS|CYA_1933	88.235	136	16	0	1	136	1	136	1.81e-44	174
Ga0393524_19_1176_1715	CP000240.1:120506-121046|CDS|CYB_0105	97.593	540	13	0	1	540	1	540	0.0	916
Ga0393524_19_1176_1715	CP000239.1:1946053-1946593|CDS|CYA_1934	82.900	538	92	0	1	538	1	538	6.56e-159	556
Ga0393524_19_1791_2186	CP000240.1:121121-121568|CDS|CYB_0106	97.475	396	10	0	1	396	52	447	0.0	670
Ga0393524_19_1791_2186	CP000239.1:1946704-1947118|CDS|CYA_1935	83.820	377	61	0	2	378	11	387	1.89e-113	406
Ga0393524_19_2524_3582	CP000240.1:121854-122913|CDS|CYB_0107	98.300	1059	18	0	1	1059	1	1059	0.0	1829
Ga0393524_19_2524_3582	CP000239.1:1947457-1948516|CDS|CYA_1936	87.819	1059	129	0	1	1059	1	1059	0.0	1329
Ga0393524_19_3586_4221	CP000240.1:122952-123651|CDS|CYB_0108	96.855	636	20	0	1	636	64	699	0.0	1058
Ga0393524_19_3586_4221	CP000239.1:1950383-1951052|CDS|CYA_1939	82.492	594	104	0	1	594	64	657	5.98e-173	603
Ga0393524_19_4669_5202	CP000240.1:124059-124593|CDS|CYB_0109	98.127	534	10	0	1	534	1	534	0.0	919
Ga0393524_19_4669_5202	CP000239.1:1951109-1951634|CDS|CYA_1940	83.708	534	78	1	1	534	1	525	2.42e-164	575
Ga0393524_19_5405_5533	CP000240.1:124795-124924|CDS|CYB_0110	99.225	129	1	0	1	129	1	129	8.64e-61	229
Ga0393524_20_502_2055	CP000240.1:2086060-2087614|CDS|CYB_1985	98.069	1554	30	0	1	1554	1	1554	0.0	2668
Ga0393524_20_502_2055	CP000239.1:1702906-1704457|CDS|CYA_1699	86.405	1552	208	1	1	1552	1	1549	0.0	1847
Ga0393524_20_2093_3091	CP000240.1:2087651-2088650|CDS|CYB_1986	99.800	999	2	0	1	999	1	999	0.0	1793
Ga0393524_20_2093_3091	CP000239.1:1701866-1702865|CDS|CYA_1698	87.928	994	120	0	6	999	6	999	0.0	1252
Ga0393524_20_3447_5147	CP000240.1:2089023-2090721|CDS|CYB_1987	98.410	1698	27	0	4	1701	1	1698	0.0	2941
Ga0393524_20_3447_5147	CP000239.1:1699912-1701610|CDS|CYA_1697	88.751	1698	191	0	4	1701	1	1698	0.0	2202
Ga0393524_20_5323_5760	CP000240.1:2090887-2092936|CDS|CYB_1988	96.110	437	17	0	1	437	1612	2048	0.0	712
Ga0393524_20_5323_5760	CP000239.1:1697728-1699789|CDS|CYA_1696	91.111	450	28	1	1	438	1612	2061	0.0	638
Ga0393524_21_180_1031	CP000240.1:1055031-1055883|CDS|CYB_1016	98.471	850	13	0	1	850	1	850	0.0	1475
Ga0393524_21_180_1031	CP000239.1:2391459-2392311|CDS|CYA_2382	88.484	851	98	0	2	852	2	852	0.0	1094
Ga0393524_21_1172_2167	CP000240.1:1053895-1054873|CDS|CYB_1015	98.160	978	18	0	19	996	1	978	0.0	1683
Ga0393524_21_1172_2167	CP000239.1:2392469-2393447|CDS|CYA_2383	88.139	978	116	0	19	996	1	978	0.0	1242
Ga0393524_21_2208_3608	CP000240.1:1052453-1053854|CDS|CYB_1013	97.787	1401	31	0	1	1401	1	1401	0.0	2388
Ga0393524_21_2208_3608	CP000239.1:2393476-2394877|CDS|CYA_2385	89.073	1391	152	0	1	1391	1	1391	0.0	1824
Ga0393524_21_3647_3874	CP000240.1:1052214-1052457|CDS|CYB_1014	98.276	174	3	0	1	174	201	28	3.19e-82	301
Ga0393524_21_3647_3874	CP000239.1:2394873-2395110|CDS|CYA_2384	83.237	173	23	2	1	173	195	29	2.62e-45	178
Ga0393524_21_4189_5499	CP000240.1:1050865-1052176|CDS|CYB_1012	97.788	1311	29	0	1	1311	1	1311	0.0	2234
Ga0393524_21_4189_5499	CP000239.1:2395185-2396496|CDS|CYA_2386	87.930	1309	158	0	1	1309	1	1309	0.0	1649
Ga0393524_22_817_1101	CP000239.1:443915-444200|CDS|CYA_0425	78.246	285	62	0	1	285	1	285	1.42e-62	235
Ga0393524_22_1098_1664	CP000240.1:1170895-1171462|CDS|CYB_1134	99.647	567	2	0	1	567	1	567	0.0	1014
Ga0393524_22_1098_1664	CP000239.1:444196-444757|CDS|CYA_0426	83.451	568	86	4	1	567	1	561	3.35e-169	590
Ga0393524_22_1798_2976	CP000240.1:1171595-1172774|CDS|CYB_1135	98.558	1179	17	0	1	1179	1	1179	0.0	2050
Ga0393524_22_1798_2976	CP000239.1:2697359-2698538|CDS|CYA_2683	87.193	1179	151	0	1	1179	1	1179	0.0	1446
Ga0393524_22_3093_3563	CP000240.1:1172962-1173361|CDS|CYB_1136	99.749	399	1	0	73	471	1	399	0.0	716
Ga0393524_22_3093_3563	CP000239.1:2696797-2697196|CDS|CYA_2682	83.459	399	66	0	73	471	1	399	8.45e-119	423
Ga0393524_22_3925_4755	CP000240.1:1173714-1174596|CDS|CYB_1137	99.880	831	1	0	1	831	52	882	0.0	1495
Ga0393524_22_3925_4755	CP000239.1:1258972-1259830|CDS|CYA_1247	80.440	818	136	2	1	818	52	845	0.0	767
Ga0393524_22_4825_5301	CP000240.1:1174614-1175091|CDS|CYB_1138	98.742	477	6	0	1	477	1	477	0.0	834
Ga0393524_22_4825_5301	CP000239.1:1258475-1258955|CDS|CYA_1246	87.946	448	54	0	1	448	1	448	1.11e-161	565
Ga0393524_23_618_1646	CP000240.1:405674-406703|CDS|CYB_0391	98.542	1029	15	0	1	1029	1	1029	0.0	1789
Ga0393524_23_618_1646	CP000239.1:1593437-1594466|CDS|CYA_1584	97.959	1029	21	0	1	1029	1	1029	0.0	1762
Ga0393524_23_1654_3180	CP000239.1:1591903-1593466|CDS|CYA_1583	97.708	1527	35	0	1	1527	37	1563	0.0	2597
Ga0393524_23_1654_3180	CP000240.1:404140-405703|CDS|CYB_0390	97.511	1527	38	0	1	1527	37	1563	0.0	2583
Ga0393524_23_3224_4219	CP000239.1:1590864-1591914|CDS|CYA_1582	97.791	996	22	0	1	996	55	1050	0.0	1698
Ga0393524_23_3224_4219	CP000240.1:403101-404151|CDS|CYB_0389	96.586	996	34	0	1	996	55	1050	0.0	1644
Ga0393524_23_4226_5182	CP000240.1:402138-403095|CDS|CYB_0388	97.179	957	27	0	1	957	1	957	0.0	1605
Ga0393524_23_4226_5182	CP000239.1:1589901-1590858|CDS|CYA_1581	95.820	957	40	0	1	957	1	957	0.0	1546
Ga0393524_24_1518_1784	CP000240.1:287861-288215|CDS|CYB_0273	95.506	267	12	0	1	267	88	354	1.09e-120	428
Ga0393524_24_1518_1784	CP000239.1:1077376-1077709|CDS|CYA_1060	84.644	267	41	0	1	267	67	333	4.63e-81	297
Ga0393524_24_1933_2445	CP000240.1:287287-287800|CDS|CYB_0272	97.661	513	12	0	1	513	1	513	0.0	872
Ga0393524_24_1933_2445	CP000239.1:1077737-1078295|CDS|CYA_1061	86.811	508	67	0	1	508	46	553	2.64e-176	615
Ga0393524_24_2696_3166	CP000240.1:286565-287237|CDS|CYB_0271	99.151	471	4	0	1	471	202	672	0.0	832
Ga0393524_24_2696_3166	CP000239.1:1078416-1079034|CDS|CYA_1062	87.852	461	56	0	4	464	151	611	4.98e-166	580
Ga0393524_24_3254_3703	CP000240.1:286028-286478|CDS|CYB_0270	99.777	449	1	0	1	449	1	449	0.0	806
Ga0393524_24_3254_3703	CP000239.1:1079108-1079558|CDS|CYA_1063	88.864	449	50	0	1	449	1	449	1.12e-167	585
Ga0393524_24_3834_4724	CP000240.1:284954-285965|CDS|CYB_0269	89.735	867	89	0	1	867	97	963	0.0	1163
Ga0393524_24_4969_5475	CP000240.1:283432-284806|CDS|CYB_0268	99.211	507	4	0	1	507	868	1374	0.0	897
Ga0393524_24_4969_5475	CP000239.1:1079820-1081194|CDS|CYA_1064	86.600	500	67	0	1	500	868	1367	5.75e-172	600
Ga0393524_25_3322_4410	CP000240.1:1429581-1430670|CDS|CYB_1358	93.664	1089	69	0	1	1089	1	1089	0.0	1654
Ga0393524_25_3322_4410	CP000239.1:1140937-1142029|CDS|CYA_1112	87.823	1084	132	0	1	1084	1	1084	0.0	1361
Ga0393524_25_4444_5217	CP000240.1:1430707-1431481|CDS|CYB_1359	98.191	774	14	0	1	774	1	774	0.0	1333
Ga0393524_26_256_1632	CP000240.1:1738815-1740378|CDS|CYB_1659	96.332	1363	47	2	18	1377	201	1563	0.0	2227
Ga0393524_26_256_1632	CP000239.1:2896297-2897866|CDS|CYA_2880	83.126	1369	222	1	18	1377	201	1569	0.0	1432
Ga0393524_26_1780_2718	CP000240.1:1740396-1741881|CDS|CYB_1660	96.915	940	27	2	1	939	547	1485	0.0	1558
Ga0393524_26_1780_2718	CP000239.1:2894858-2896280|CDS|CYA_2879	79.157	878	159	1	2	879	527	1380	0.0	776
Ga0393524_26_2723_3256	CP000240.1:1741885-1742533|CDS|CYB_1661	98.876	534	6	0	1	534	115	648	0.0	937
Ga0393524_26_2723_3256	CP000239.1:2894124-2894838|CDS|CYA_2878	90.075	534	53	0	1	534	181	714	0.0	725
Ga0393524_26_3466_4170	CP000240.1:1742628-1743189|CDS|CYB_1662	96.613	561	19	0	145	705	1	561	0.0	927
Ga0393524_26_3466_4170	CP000239.1:2893462-2894092|CDS|CYA_2877	85.810	599	85	0	19	617	19	617	0.0	698
Ga0393524_26_4198_4596	CP000240.1:1743354-1743753|CDS|CYB_1663	96.482	398	14	0	1	398	1	398	0.0	655
Ga0393524_26_4198_4596	CP000239.1:2893037-2893436|CDS|CYA_2876	81.910	398	72	0	1	398	1	398	3.44e-110	394
Ga0393524_26_4670_4960	CP000240.1:1743826-1744117|CDS|CYB_1664	99.313	291	2	0	1	291	1	291	2.99e-147	517
Ga0393524_26_4670_4960	CP000239.1:2892659-2892950|CDS|CYA_2875	81.690	284	52	0	1	284	1	284	1.36e-75	279
Ga0393524_27_64_546	CP000240.1:2720920-2721424|CDS|CYB_2628	97.573	412	9	1	1	412	94	504	0.0	695
Ga0393524_27_64_546	CP000239.1:1044862-1045273|CDS|CYA_1027	88.537	410	46	1	1	410	1	409	3.45e-149	525
Ga0393524_27_525_1328	CP000240.1:2721473-2722277|CDS|CYB_2629	98.134	804	15	0	1	804	1	804	0.0	1383
Ga0393524_27_525_1328	CP000239.1:1044009-1044813|CDS|CYA_1026	85.075	804	120	0	1	804	1	804	0.0	910
Ga0393524_27_1569_1781	CP000240.1:2722675-2722888|CDS|CYB_2630	100.000	213	0	0	1	213	1	213	9.04e-108	385
Ga0393524_27_1569_1781	CP000239.1:1043738-1043951|CDS|CYA_1025	88.263	213	25	0	1	213	1	213	1.43e-73	272
Ga0393524_27_2038_2718	CP000240.1:2723145-2723826|CDS|CYB_2631	97.944	681	14	0	1	681	1	681	0.0	1166
Ga0393524_27_2038_2718	CP000239.1:1042832-1043561|CDS|CYA_1024	86.587	671	89	1	12	681	54	724	0.0	801
Ga0393524_27_2755_3024	CP000240.1:2723862-2724132|CDS|CYB_2632	97.778	270	6	0	1	270	1	270	1.86e-130	461
Ga0393524_27_2755_3024	CP000239.1:1042529-1042799|CDS|CYA_1023	86.038	265	33	2	1	263	1	263	9.04e-84	306
Ga0393524_27_3176_3634	CP000240.1:2724283-2724742|CDS|CYB_2633	98.693	459	6	0	1	459	1	459	0.0	801
Ga0393524_27_3176_3634	CP000239.1:1128532-1128991|CDS|CYA_1102	81.379	435	81	0	24	458	24	458	1.00e-117	420
Ga0393524_27_3769_4137	CP000240.1:2724876-2725314|CDS|CYB_2634	100.000	369	0	0	1	369	70	438	0.0	666
Ga0393524_27_3769_4137	CP000239.1:1176172-1176601|CDS|CYA_1152	86.450	369	50	0	1	369	61	429	2.43e-124	441
Ga0393524_28_9_3614	CP000239.1:1891481-1895570|CDS|CYA_1886	91.398	3592	269	6	1	3581	511	4073	0.0	5094
Ga0393524_28_9_3614	CP000240.1:270932-275033|CDS|CYB_0259	83.557	3582	563	10	41	3606	530	4101	0.0	3783
Ga0393524_28_3642_4703	CP000240.1:275060-276122|CDS|CYB_0260	98.588	1062	15	0	1	1062	1	1062	0.0	1848
Ga0393524_28_3642_4703	CP000239.1:1890396-1891458|CDS|CYA_1885	85.620	1057	152	0	1	1057	1	1057	0.0	1222
Ga0393524_28_4752_4970	CP000240.1:276170-276629|CDS|CYB_0261	98.174	219	4	0	1	219	241	459	1.38e-105	378
Ga0393524_28_4752_4970	CP000239.1:1087801-1088257|CDS|CYA_1071	86.139	202	28	0	1	202	241	442	8.75e-64	239
Ga0393524_29_67_1545	CP000240.1:2568125-2569874|CDS|CYB_2471	99.865	1479	2	0	1	1479	271	1749	0.0	2659
Ga0393524_29_67_1545	CP000239.1:2793173-2795138|CDS|CYA_2773	87.086	1479	191	0	1	1479	487	1965	0.0	1807
Ga0393524_29_1738_2418	CP000240.1:2567348-2567933|CDS|CYB_2470	99.316	585	4	0	97	681	1	585	0.0	1038
Ga0393524_29_2477_2722	CP000240.1:2566903-2567194|CDS|CYB_2469	99.593	246	1	0	1	246	46	291	5.49e-124	440
Ga0393524_29_2477_2722	CP000239.1:2795941-2796187|CDS|CYA_2775	88.211	246	29	0	1	246	1	246	5.50e-86	314
Ga0393524_29_2788_4005	CP000240.1:2565689-2566883|CDS|CYB_2468	93.678	1218	53	1	1	1218	1	1194	0.0	1867
Ga0393524_29_2788_4005	CP000240.1:1384265-1385459|CDS|CYB_1322	91.708	1218	77	1	1	1218	1	1194	0.0	1759
Ga0393524_29_2788_4005	CP000240.1:345730-346924|CDS|CYB_0329	91.297	1218	82	1	1	1218	1	1194	0.0	1737
Ga0393524_29_2788_4005	CP000240.1:102811-104029|CDS|CYB_0087	90.887	1218	111	0	1	1218	1	1218	0.0	1697
Ga0393524_29_2788_4005	CP000240.1:2247371-2248565|CDS|CYB_2147	88.752	1218	113	2	1	1218	1	1194	0.0	1592
Ga0393524_29_2788_4005	CP000239.1:1594889-1596107|CDS|CYA_1585	87.520	1242	107	2	1	1218	1	1218	0.0	1576
Ga0393524_29_2788_4005	CP000240.1:241642-242836|CDS|CYB_0233	86.792	1219	135	3	1	1218	1	1194	0.0	1483
Ga0393524_29_2788_4005	CP000239.1:994256-995468|CDS|CYA_0981	87.815	1149	116	1	1	1149	1	1125	0.0	1459
Ga0393524_29_2788_4005	CP000240.1:1015074-1016268|CDS|CYB_0979	85.961	1218	147	1	1	1218	1	1194	0.0	1443
Ga0393524_29_2788_4005	CP000240.1:1316312-1317548|CDS|CYB_1259	88.040	1112	109	1	1	1112	1	1088	0.0	1424
Ga0393524_29_2788_4005	CP000239.1:893439-894633|CDS|CYA_0887	85.304	1218	155	1	1	1218	1	1194	0.0	1407
Ga0393524_29_2788_4005	CP000240.1:1064975-1066169|CDS|CYB_1023	86.597	1149	130	1	1	1149	1	1125	0.0	1396
Ga0393524_29_2788_4005	CP000240.1:3008652-3009870|CDS|CYB_2910	86.753	1155	153	0	1	1155	1	1155	0.0	1394
Ga0393524_29_2788_4005	CP000240.1:638632-639850|CDS|CYB_0630	86.771	1149	152	0	1	1149	1	1149	0.0	1388
Ga0393524_29_2788_4005	CP000240.1:2168360-2169515|CDS|CYB_2071	85.666	1179	145	1	1	1179	1	1155	0.0	1382
Ga0393524_29_2788_4005	CP000240.1:2830275-2831565|CDS|CYB_2735	84.393	1243	169	2	1	1218	1	1243	0.0	1381
Ga0393524_29_2788_4005	CP000240.1:1521392-1522610|CDS|CYB_1450	86.336	1149	157	0	1	1149	1	1149	0.0	1365
Ga0393524_29_2788_4005	CP000240.1:2933473-2934709|CDS|CYB_2835	86.372	1152	151	4	1	1149	1	1149	0.0	1358
Ga0393524_29_2788_4005	CP000240.1:1267756-1268992|CDS|CYB_1227	86.174	1150	157	2	1	1149	1	1149	0.0	1351
Ga0393524_29_2788_4005	CP000240.1:605550-606744|CDS|CYB_0598	85.541	1155	143	1	1	1155	1	1131	0.0	1348
Ga0393524_29_2788_4005	CP000240.1:629484-630702|CDS|CYB_0620	85.714	1155	165	0	1	1155	1	1155	0.0	1340
Ga0393524_29_2788_4005	CP000240.1:1842322-1843549|CDS|CYB_1759	84.420	1181	132	4	1	1155	1	1155	0.0	1330
Ga0393524_29_2788_4005	CP000240.1:1083184-1084426|CDS|CYB_1042	84.648	1179	157	1	1	1155	1	1179	0.0	1328
Ga0393524_29_2788_4005	CP000240.1:1358129-1359347|CDS|CYB_1297	85.553	1149	166	0	1	1149	1	1149	0.0	1324
Ga0393524_29_2788_4005	CP000240.1:1190675-1191869|CDS|CYB_1151	84.696	1150	150	3	1	1149	1	1125	0.0	1291
Ga0393524_29_2788_4005	CP000239.1:629980-631174|CDS|CYA_0620	84.421	1149	155	1	1	1149	1	1125	0.0	1283
Ga0393524_29_2788_4005	CP000240.1:1803089-1804283|CDS|CYB_1722	84.156	1155	159	1	1	1155	1	1131	0.0	1276
Ga0393524_29_2788_4005	CP000240.1:2644164-2645358|CDS|CYB_2538	84.247	1149	157	1	1	1149	1	1125	0.0	1274
Ga0393524_29_2788_4005	CP000239.1:2170714-2171908|CDS|CYA_2158	84.069	1155	160	1	1	1155	1	1131	0.0	1271
Ga0393524_29_2788_4005	CP000240.1:2210858-2212052|CDS|CYB_2117	83.899	1149	161	1	1	1149	1	1125	0.0	1256
Ga0393524_29_2788_4005	CP000240.1:2796782-2798000|CDS|CYB_2707	83.035	1173	151	2	1	1149	1	1149	0.0	1253
Ga0393524_29_2788_4005	CP000239.1:712444-713638|CDS|CYA_0704	83.377	1155	168	1	1	1155	1	1131	0.0	1235
Ga0393524_29_2788_4005	CP000239.1:774779-775973|CDS|CYA_0767	83.377	1149	167	1	1	1149	1	1125	0.0	1229
Ga0393524_29_2788_4005	CP000240.1:2619921-2621115|CDS|CYB_2521	83.478	1150	164	3	1	1149	1	1125	0.0	1228
Ga0393524_29_2788_4005	CP000240.1:52430-53648|CDS|CYB_0041	82.273	1179	161	2	1	1155	1	1155	0.0	1219
Ga0393524_29_2788_4005	CP000240.1:2553363-2554557|CDS|CYB_2454	83.116	1149	170	1	1	1149	1	1125	0.0	1215
Ga0393524_29_2788_4005	CP000240.1:2661652-2662870|CDS|CYB_2557	82.182	1173	161	2	1	1149	1	1149	0.0	1208
Ga0393524_29_2788_4005	CP000239.1:698055-699204|CDS|CYA_0690	82.051	1170	162	2	1	1146	1	1146	0.0	1198
Ga0393524_29_2788_4005	CP000240.1:1244785-1246021|CDS|CYB_1201	81.841	1173	165	2	1	1149	1	1149	0.0	1190
Ga0393524_29_2788_4005	CP000240.1:481588-482800|CDS|CYB_0472	82.696	1150	173	3	1	1149	1	1125	0.0	1187
Ga0393524_29_2788_4005	CP000240.1:2128026-2129220|CDS|CYB_2026	81.475	1220	198	5	1	1218	1	1194	0.0	1185
Ga0393524_29_2788_4005	CP000240.1:1954838-1956056|CDS|CYB_1872	81.510	1179	170	2	1	1155	1	1155	0.0	1178
Ga0393524_29_2788_4005	CP000240.1:1917270-1918464|CDS|CYB_1826	79.262	1220	225	5	1	1218	1	1194	0.0	1063
Ga0393524_29_2788_4005	CP000240.1:2506708-2507857|CDS|CYB_2410	79.295	1135	137	5	1	1038	1	1134	0.0	1054
Ga0393524_29_2788_4005	CP000240.1:1763450-1764623|CDS|CYB_1688	78.715	1198	227	5	1	1196	1	1172	0.0	1014
Ga0393524_29_2788_4005	CP000240.1:2219258-2220470|CDS|CYB_2126	78.261	1150	224	3	1	1149	1	1125	0.0	957
Ga0393524_29_2788_4005	CP000239.1:693322-694534|CDS|CYA_0687	77.652	1150	231	3	1	1149	1	1125	0.0	926
Ga0393524_29_2788_4005	CP000239.1:88305-89487|CDS|CYA_0091	73.762	1151	242	10	1	1139	1	1103	0.0	724
Ga0393524_29_4176_4265	CP000239.1:2796320-2796410|CDS|CYA_2776	84.270	89	14	0	1	89	1	89	6.81e-22	98.7
Ga0393524_29_4357_4518	CP000240.1:2565176-2565338|CDS|CYB_2467	100.000	162	0	0	1	162	1	162	3.24e-80	293
Ga0393524_29_4357_4518	CP000239.1:2796425-2796614|CDS|CYA_2777	82.911	158	27	0	1	158	25	182	3.95e-41	164
Ga0393524_29_4542_4913	CP000240.1:2564781-2565153|CDS|CYB_2466	98.387	372	6	0	1	372	1	372	0.0	645
Ga0393524_29_4542_4913	CP000239.1:2796654-2797047|CDS|CYA_2778	86.306	314	43	0	19	332	31	344	1.04e-103	373
Ga0393524_30_1472_1858	CP000240.1:294355-294742|CDS|CYB_0279	95.866	387	16	0	1	387	1	387	3.11e-180	627
Ga0393524_30_1472_1858	CP000239.1:11267-11660|CDS|CYA_0010	84.239	368	58	0	1	368	1	368	6.43e-113	403
Ga0393524_30_1997_2104	CP000239.1:653520-653628|CDS|CYA_0642	86.170	94	13	0	1	94	1	94	1.34e-25	112
Ga0393524_30_2191_2487	CP000240.1:295073-295370|CDS|CYB_0280	98.653	297	4	0	1	297	1	297	8.76e-148	518
Ga0393524_30_2191_2487	CP000239.1:653708-654005|CDS|CYA_0643	90.236	297	29	0	1	297	1	297	1.39e-113	406
Ga0393524_30_2956_4380	CP000240.1:295731-297264|CDS|CYB_0281	98.035	1425	28	0	1	1425	109	1533	0.0	2444
Ga0393524_30_2956_4380	CP000239.1:654367-655900|CDS|CYA_0644	88.764	1424	160	0	1	1424	109	1532	0.0	1847
Ga0393524_30_4506_4604	CP000240.1:297370-297469|CDS|CYB_0282	93.939	99	6	0	1	99	1	99	3.93e-38	152
Ga0393524_30_4506_4604	CP000239.1:656013-656112|CDS|CYA_0645	84.848	99	15	0	1	99	1	99	1.20e-25	112
Ga0393524_31_89_1411	CP000240.1:2949661-2951179|CDS|CYB_2853	97.921	1347	4	1	1	1323	172	1518	0.0	2321
Ga0393524_31_89_1411	CP000239.1:875991-877470|CDS|CYA_0872	79.120	1341	236	9	1	1322	163	1478	0.0	1156
Ga0393524_31_1548_2339	CP000240.1:2948745-2949525|CDS|CYB_2852	97.475	792	8	2	1	792	1	780	0.0	1341
Ga0393524_31_1548_2339	CP000239.1:570095-570899|CDS|CYA_0556	85.492	772	112	0	6	777	30	801	0.0	888
Ga0393524_31_2492_4225	CP000240.1:2946859-2948593|CDS|CYB_2851	99.769	1734	4	0	1	1734	1	1734	0.0	3110
Ga0393524_31_4292_4597	CP000240.1:2945584-2946514|CDS|CYB_2850	100.000	306	0	0	1	306	625	930	4.39e-158	553
Ga0393524_31_4292_4597	CP000239.1:2831690-2832491|CDS|CYA_2814	81.311	305	33	1	1	305	520	800	2.44e-85	311
Ga0393524_32_279_848	CP000240.1:2716342-2716912|CDS|CYB_2624	99.649	570	2	0	1	570	1	570	0.0	1020
Ga0393524_32_1087_2973	CP000240.1:2717149-2719069|CDS|CYB_2625	96.817	1885	60	0	3	1887	36	1920	0.0	3130
Ga0393524_32_1087_2973	CP000239.1:1047275-1049177|CDS|CYA_1030	82.611	1892	297	4	3	1887	36	1902	0.0	1940
Ga0393524_32_3028_4062	CP000240.1:2719084-2720125|CDS|CYB_2626	97.198	1035	29	0	1	1035	7	1041	0.0	1737
Ga0393524_32_3028_4062	CP000239.1:1046249-1047260|CDS|CYA_1029	80.598	1036	169	7	1	1035	7	1011	0.0	960
Ga0393524_33_381_938	CP000240.1:365637-366588|CDS|CYB_0347	97.670	558	12	1	1	558	148	704	0.0	945
Ga0393524_33_381_938	CP000239.1:500692-501478|CDS|CYA_0483	76.548	533	123	2	20	551	2	533	5.97e-109	391
Ga0393524_33_952_1185	CP000240.1:365637-366588|CDS|CYB_0347	99.573	234	1	0	1	234	718	951	1.70e-117	418
Ga0393524_33_952_1185	CP000239.1:500692-501478|CDS|CYA_0483	67.949	234	75	0	1	234	553	786	4.58e-17	85.1
Ga0393524_33_1207_1596	CP000240.1:366609-366999|CDS|CYB_0348	97.692	390	9	0	1	390	1	390	0.0	664
Ga0393524_33_1207_1596	CP000239.1:500299-500689|CDS|CYA_0482	87.949	390	47	0	1	390	1	390	1.63e-139	492
Ga0393524_33_1702_2559	CP000240.1:367080-367986|CDS|CYB_0349	98.951	858	9	0	1	858	49	906	0.0	1508
Ga0393524_33_1702_2559	CP000239.1:499315-500221|CDS|CYA_0481	87.879	858	104	0	1	858	49	906	0.0	1079
Ga0393524_33_2837_3697	CP000240.1:368128-369076|CDS|CYB_0350	99.535	861	4	0	1	861	88	948	0.0	1535
Ga0393524_33_2837_3697	CP000239.1:498263-499196|CDS|CYA_0480	83.003	859	146	0	2	860	74	932	0.0	892
Ga0393524_33_3974_4339	CP000240.1:369352-369718|CDS|CYB_0352	98.634	366	5	0	1	366	1	366	0.0	638
Ga0393524_33_3974_4339	CP000239.1:497586-497952|CDS|CYA_0479	81.944	360	65	0	1	360	1	360	7.88e-99	357
Ga0393524_34_948_2333	CP000239.1:2541913-2543251|CDS|CYA_2523	92.446	1337	95	1	55	1385	1	1337	0.0	1957
Ga0393524_34_2393_3982	CP000240.1:19690-21247|CDS|CYB_0017	97.881	1557	33	0	34	1590	1	1557	0.0	2660
Ga0393524_34_4031_4336	CP000240.1:23138-23720|CDS|CYB_0020	98.039	306	6	0	1	306	277	582	6.10e-150	526
Ga0393524_35_191_931	CP000240.1:1020246-1020951|CDS|CYB_0985	97.730	705	16	0	37	741	1	705	0.0	1200
Ga0393524_35_191_931	CP000239.1:927518-928223|CDS|CYA_0918	84.068	703	112	0	37	739	1	703	0.0	764
Ga0393524_35_1006_1812	CP000240.1:1019365-1020172|CDS|CYB_0984	97.646	807	19	0	1	807	1	807	0.0	1370
Ga0393524_35_1006_1812	CP000239.1:928297-929104|CDS|CYA_0919	84.387	807	126	0	1	807	1	807	0.0	888
Ga0393524_35_1902_3203	CP000240.1:1018037-1019276|CDS|CYB_0983	98.224	1239	22	0	64	1302	1	1239	0.0	2136
Ga0393524_35_1902_3203	CP000239.1:157000-158224|CDS|CYA_0161	84.913	1213	183	0	64	1276	1	1213	0.0	1363
Ga0393524_35_3480_3848	CP000240.1:1017329-1017698|CDS|CYB_0982	99.458	369	2	0	1	369	1	369	0.0	657
Ga0393524_35_3480_3848	CP000239.1:158573-158942|CDS|CYA_0162	89.431	369	39	0	1	369	1	369	5.35e-139	490
Ga0393524_36_32_2986	CP000240.1:528508-531463|CDS|CYB_0516	97.733	2955	67	0	1	2955	1	2955	0.0	5028
Ga0393524_36_3018_4070	CP000240.1:531482-532535|CDS|CYB_0517	99.714	1049	3	0	1	1049	1	1049	0.0	1879
Ga0393524_36_3018_4070	CP000239.1:1161809-1162904|CDS|CYA_1138	87.060	1051	136	0	3	1053	45	1095	0.0	1283
Ga0393524_37_111_476	CP000240.1:654686-655052|CDS|CYB_0644	99.454	366	2	0	1	366	1	366	0.0	652
Ga0393524_37_111_476	CP000239.1:2088581-2088947|CDS|CYA_2069	85.519	366	53	0	1	366	1	366	2.26e-118	422
Ga0393524_37_557_982	CP000240.1:655132-655558|CDS|CYB_0645	99.061	426	4	0	1	426	1	426	0.0	751
Ga0393524_37_557_982	CP000239.1:2089021-2089474|CDS|CYA_2070	77.042	453	77	3	1	426	1	453	7.60e-100	360
Ga0393524_37_1528_3003	CP000240.1:656103-657579|CDS|CYB_0646	99.526	1476	7	0	1	1476	1	1476	0.0	2631
Ga0393524_37_1528_3003	CP000239.1:2089671-2091147|CDS|CYA_2071	87.940	1476	178	0	1	1476	1	1476	0.0	1860
Ga0393524_38_1049_1498	CP000240.1:1039002-1039398|CDS|CYB_0999	96.717	396	13	0	55	450	1	396	0.0	656
Ga0393524_38_1049_1498	CP000239.1:1094295-1094745|CDS|CYA_1075	86.528	386	52	0	61	446	61	446	9.18e-131	462
Ga0393524_38_1680_1877	CP000240.1:1039633-1040269|CDS|CYB_1000	99.495	198	1	0	1	198	439	636	4.92e-98	353
Ga0393524_38_1680_1877	CP000239.1:1094788-1095538|CDS|CYA_1076	67.956	181	58	0	2	182	542	722	1.02e-11	66.2
Ga0393524_38_2638_3885	CP000240.1:1040369-1041839|CDS|CYB_1001	97.436	1248	32	0	1	1248	223	1470	0.0	2107
Ga0393524_38_2638_3885	CP000239.1:1095620-1096982|CDS|CYA_1077	88.917	1173	130	0	1	1173	139	1311	0.0	1530
Ga0393524_39_1311_2189	CP000240.1:374261-375125|CDS|CYB_0359	99.177	851	7	0	1	851	1	851	0.0	1504
Ga0393524_39_1311_2189	CP000239.1:2196565-2197444|CDS|CYA_2180	84.036	877	140	0	1	877	1	877	0.0	951
Ga0393524_39_2226_2705	CP000240.1:373632-374226|CDS|CYB_0358	97.292	480	13	0	1	480	115	594	0.0	808
Ga0393524_39_2226_2705	CP000239.1:1508119-1508881|CDS|CYA_1498	87.083	480	62	0	1	480	283	762	3.42e-168	587
Ga0393524_40_521_1702	CP000240.1:1012023-1013241|CDS|CYB_0978	99.915	1180	1	0	1	1180	31	1210	0.0	2124
Ga0393524_40_521_1702	CP000239.1:161685-162930|CDS|CYA_0164	88.634	1179	134	0	1	1179	31	1209	0.0	1523
Ga0393524_40_1985_3712	CP000240.1:1013237-1014965|CDS|CYB_0977	97.512	1728	43	0	1	1728	1	1728	0.0	2923
Ga0393524_40_1985_3712	CP000239.1:159946-161716|CDS|CYA_0165	88.079	1728	194	2	1	1728	55	1770	0.0	2190
Ga0393524_40_3744_4007	CP000240.1:1016269-1017004|CDS|CYB_0980	96.923	260	8	0	1	260	472	731	2.52e-122	434
Ga0393524_40_3744_4007	CP000239.1:159201-159990|CDS|CYA_0163	85.824	261	37	0	2	262	527	787	3.08e-83	305
Ga0393524_41_61_1053	CP000240.1:608338-609307|CDS|CYB_0599	98.281	931	14	2	1	930	1	930	0.0	1600
Ga0393524_41_61_1053	CP000239.1:896417-897338|CDS|CYA_0890	91.014	868	52	4	127	993	79	921	0.0	1220
Ga0393524_41_1269_2156	CP000240.1:610277-611165|CDS|CYB_0601	98.986	888	9	0	1	888	1	888	0.0	1562
Ga0393524_41_1269_2156	CP000239.1:897553-898417|CDS|CYA_0891	88.964	888	74	1	1	888	1	864	0.0	1177
Ga0393524_41_2228_3985	CP000240.1:611236-613234|CDS|CYB_0602	98.066	1758	34	0	1	1758	241	1998	0.0	3018
Ga0393524_41_2228_3985	CP000239.1:898479-900489|CDS|CYA_0892	90.226	1770	161	1	1	1758	241	2010	0.0	2419
Ga0393524_42_1136_1963	CP000240.1:2801570-2802398|CDS|CYB_2710	97.585	828	20	0	1	828	1	828	0.0	1404
Ga0393524_42_1960_3138	CP000240.1:2802394-2803573|CDS|CYB_2711	99.067	1179	11	0	1	1179	1	1179	0.0	2077
Ga0393524_42_3306_3788	CP000240.1:2803740-2804223|CDS|CYB_2712	99.586	483	2	0	1	483	1	483	0.0	863
Ga0393524_42_3306_3788	CP000239.1:1511144-1511633|CDS|CYA_1503	84.490	490	64	2	1	481	1	487	3.68e-155	544
Ga0393524_43_111_1283	CP000239.1:1293306-1294479|CDS|CYA_1283	99.659	1173	4	0	1	1173	1	1173	0.0	2098
Ga0393524_43_111_1283	CP000240.1:969538-970711|CDS|CYB_0931	97.272	1173	32	0	1	1173	1	1173	0.0	1972
Ga0393524_43_1392_1925	CP000239.1:1294587-1295625|CDS|CYA_1284	97.378	534	14	0	1	534	505	1038	0.0	901
Ga0393524_43_1392_1925	CP000240.1:970809-971847|CDS|CYB_0932	96.992	532	16	0	1	532	505	1036	0.0	888
Ga0393524_43_1936_2919	CP000240.1:965342-966683|CDS|CYB_0927	97.663	984	23	0	1	984	358	1341	0.0	1672
Ga0393524_43_1936_2919	CP000239.1:1318029-1319391|CDS|CYA_1308	83.046	985	165	2	1	984	379	1362	0.0	1017
Ga0393524_43_3161_3802	CP000240.1:964369-965122|CDS|CYB_0926	97.199	607	14	1	1	607	22	625	0.0	1017
Ga0393524_43_3161_3802	CP000239.1:1317025-1317757|CDS|CYA_1307	83.526	607	97	1	1	607	1	604	0.0	643
Ga0393524_44_33_548	CP000240.1:1462918-1464274|CDS|CYB_1391	97.426	505	13	0	1	505	769	1273	0.0	853
Ga0393524_44_33_548	CP000239.1:860605-861961|CDS|CYA_0852	93.267	505	34	0	1	505	769	1273	0.0	758
Ga0393524_44_971_2992	CP000240.1:1458974-1460996|CDS|CYB_1388	99.258	2022	15	0	1	2022	1	2022	0.0	3580
Ga0393524_44_971_2992	CP000239.1:2706716-2708738|CDS|CYA_2692	99.159	2022	17	0	1	2022	1	2022	0.0	3571
Ga0393524_44_3168_3599	CP000240.1:1458253-1458796|CDS|CYB_1386	98.611	432	6	0	1	432	112	543	0.0	753
Ga0393524_44_3168_3599	CP000239.1:2705995-2706538|CDS|CYA_2690	98.611	432	6	0	1	432	112	543	0.0	753
Ga0393524_45_18_245	CP000240.1:816610-817510|CDS|CYB_0790	92.105	228	18	0	1	228	673	900	1.88e-91	331
Ga0393524_45_18_245	CP000239.1:461089-461983|CDS|CYA_0441	81.416	226	36	2	1	226	673	892	1.04e-56	215
Ga0393524_45_256_1368	CP000240.1:815415-816528|CDS|CYB_0789	97.035	1113	33	0	1	1113	1	1113	0.0	1859
Ga0393524_45_256_1368	CP000239.1:460002-461085|CDS|CYA_0440	78.154	1094	215	1	2	1095	8	1077	0.0	913
Ga0393524_45_1399_2700	CP000240.1:814083-815385|CDS|CYB_0788	95.622	1302	57	0	1	1302	1	1302	0.0	2092
Ga0393524_45_1399_2700	CP000239.1:458676-459972|CDS|CYA_0439	83.690	1263	204	2	1	1262	1	1262	0.0	1342
Ga0393524_45_1399_2700	CP000240.1:1340740-1342003|CDS|CYB_1286	66.006	1009	308	23	34	1029	43	1029	1.43e-51	202
Ga0393524_45_2842_3537	CP000240.1:813090-813960|CDS|CYB_0787	97.126	696	20	0	1	696	714	19	0.0	1166
Ga0393524_45_2842_3537	CP000239.1:457779-458628|CDS|CYA_0438	87.879	693	84	0	4	696	157	849	0.0	872
Ga0393524_46_378_1154	CP000240.1:1610315-1611092|CDS|CYB_1535	98.327	777	13	0	1	777	1	777	0.0	1343
Ga0393524_46_378_1154	CP000239.1:1639355-1640204|CDS|CYA_1639	88.293	709	83	0	1	709	1	709	0.0	905
Ga0393524_46_1377_2792	CP000240.1:1611314-1612730|CDS|CYB_1536	96.664	1409	47	0	1	1409	1	1409	0.0	2330
Ga0393524_46_1377_2792	CP000239.1:1640410-1641823|CDS|CYA_1640	85.969	1404	194	2	13	1416	13	1413	0.0	1638
Ga0393524_48_910_1152	CP000240.1:1025387-1025630|CDS|CYB_0989	96.708	243	8	0	1	243	1	243	3.90e-113	403
Ga0393524_48_910_1152	CP000239.1:923277-923520|CDS|CYA_0914	83.539	243	40	0	1	243	1	243	1.05e-69	259
Ga0393524_48_1666_2799	CP000240.1:1023739-1024873|CDS|CYB_0988	99.383	1134	7	0	1	1134	1	1134	0.0	2014
Ga0393524_48_1666_2799	CP000239.1:923753-924848|CDS|CYA_0915	84.708	1079	158	2	1	1078	1	1073	0.0	1200
Ga0393524_49_2164_3156	CP000240.1:2366010-2367327|CDS|CYB_2262	99.396	993	6	0	1	993	292	1284	0.0	1764
Ga0393524_49_2164_3156	CP000239.1:561283-562600|CDS|CYA_0547	87.185	991	127	0	1	991	292	1282	0.0	1215
Ga0393524_50_1644_1868	CP000240.1:646124-646640|CDS|CYB_0635	89.333	225	24	0	1	225	292	516	1.10e-81	298
Ga0393524_50_1644_1868	CP000239.1:2775737-2776262|CDS|CYA_2754	86.058	208	28	1	1	208	310	516	2.58e-64	242
Ga0393524_51_935_1474	CP000240.1:339945-340485|CDS|CYB_0323	95.556	540	24	0	1	540	1	540	0.0	866
Ga0393524_51_935_1474	CP000239.1:1537656-1538217|CDS|CYA_1525	83.840	526	85	0	11	536	14	539	1.27e-161	566
Ga0393524_52_26_682	CP000240.1:1071392-1072049|CDS|CYB_1028	98.630	657	9	0	1	657	1	657	0.0	1145
Ga0393524_52_26_682	CP000239.1:2592634-2593231|CDS|CYA_2568	78.862	615	106	1	1	615	1	591	6.19e-154	541
Ga0393524_52_657_797	CP000240.1:1072023-1072998|CDS|CYB_1029	98.561	139	2	0	1	139	1	139	4.36e-65	242
Ga0393524_52_837_1040	CP000240.1:1072023-1072998|CDS|CYB_1029	99.459	185	1	0	1	185	157	341	5.80e-91	330
Ga0393524_52_837_1040	CP000239.1:1668087-1669062|CDS|CYA_1665	85.946	185	26	0	1	185	121	305	2.64e-57	217
Ga0393524_52_1101_1679	CP000240.1:1072023-1072998|CDS|CYB_1029	96.200	579	22	0	1	579	397	975	0.0	946
Ga0393524_52_1101_1679	CP000239.1:1668087-1669062|CDS|CYA_1665	86.250	560	77	0	2	561	362	921	0.0	664
Ga0393524_52_1704_2780	CP000240.1:1073023-1074115|CDS|CYB_1030	96.429	1092	24	1	1	1077	1	1092	0.0	1803
Ga0393524_52_1704_2780	CP000239.1:1669030-1670131|CDS|CYA_1666	78.358	1072	221	5	1	1065	1	1068	0.0	875
Ga0393524_53_1095_2405	CP000240.1:2278763-2280074|CDS|CYB_2175	95.271	1311	62	0	1	1311	1	1311	0.0	2085
Ga0393524_53_1095_2405	CP000239.1:126727-128053|CDS|CYA_0131	87.365	1298	164	0	1	1298	1	1298	0.0	1602
Ga0393524_55_205_1044	CP000240.1:1080663-1081458|CDS|CYB_1039	99.224	644	5	0	1	644	1	644	0.0	1140
Ga0393524_55_205_1044	CP000239.1:939522-940422|CDS|CYA_0930	78.416	644	100	7	1	644	145	749	2.78e-153	539
Ga0393524_55_1338_1970	CP000240.1:1074735-1075494|CDS|CYB_1032	100.000	627	0	0	7	633	133	759	0.0	1131
Ga0393524_55_1338_1970	CP000239.1:1670798-1671482|CDS|CYA_1668	79.745	627	121	1	7	627	37	663	6.36e-160	560
Ga0393524_56_2020_2718	CP000239.1:675282-676173|CDS|CYA_0665	83.063	679	113	2	5	682	44	721	0.0	700
Ga0393524_57_106_2085	CP000240.1:1971811-1974076|CDS|CYB_1886	99.899	1980	2	0	1	1980	286	2265	0.0	3562
Ga0393524_57_106_2085	CP000239.1:142591-144856|CDS|CYA_0148	99.697	1980	6	0	1	1980	286	2265	0.0	3544
Ga0393524_57_106_2085	CP000239.1:164139-166383|CDS|CYA_0167	80.554	1949	373	5	1	1946	286	2231	0.0	1790
Ga0393524_57_2263_2697	CP000240.1:1974253-1974940|CDS|CYB_1887	98.161	435	8	0	1	435	253	687	0.0	749
Ga0393524_57_2263_2697	CP000239.1:141728-142415|CDS|CYA_0147	87.586	435	54	0	1	435	253	687	1.15e-154	542
Ga0393524_59_9_698	CP000240.1:1464368-1465361|CDS|CYB_1392	98.549	689	10	0	2	690	305	993	0.0	1198
Ga0393524_59_9_698	CP000239.1:862121-863051|CDS|CYA_0853	89.520	687	72	0	4	690	244	930	0.0	915
Ga0393524_59_863_1888	CP000240.1:1465525-1466551|CDS|CYB_1393	99.903	1026	1	0	1	1026	1	1026	0.0	1847
Ga0393524_59_863_1888	CP000239.1:863214-864228|CDS|CYA_0855	89.084	1026	100	1	1	1026	1	1014	0.0	1352
Ga0393524_59_1879_2481	CP000239.1:864218-864821|CDS|CYA_0856	91.860	602	49	0	2	603	2	603	0.0	866
Ga0393524_60_130_786	CP000240.1:2881308-2882163|CDS|CYB_2785	99.841	627	1	0	1	627	226	852	0.0	1127
Ga0393524_60_130_786	CP000239.1:1965675-1966587|CDS|CYA_1955	89.560	613	64	0	1	613	226	838	0.0	818
Ga0393524_60_1026_1565	CP000240.1:2880706-2881294|CDS|CYB_2784	95.381	433	20	0	1	433	112	544	0.0	691
Ga0393524_60_1026_1565	CP000239.1:1965093-1965669|CDS|CYA_1954	79.724	434	61	4	1	431	121	530	1.65e-109	393
Ga0393524_60_1675_2574	CP000240.1:2879808-2880639|CDS|CYB_2783	99.639	831	3	0	70	900	1	831	0.0	1486
Ga0393524_60_1675_2574	CP000239.1:1964217-1965027|CDS|CYA_1953	83.265	735	119	3	104	836	35	767	0.0	762
Ga0393524_61_391_816	CP000240.1:1109889-1110315|CDS|CYB_1072	99.296	426	3	0	1	426	1	426	0.0	755
Ga0393524_61_391_816	CP000239.1:1566645-1567080|CDS|CYA_1557	85.122	410	61	0	13	422	13	422	2.48e-131	465
Ga0393524_61_860_1687	CP000240.1:1110358-1111186|CDS|CYB_1073	99.026	821	8	0	1	821	1	821	0.0	1445
Ga0393524_61_860_1687	CP000239.1:1565774-1566602|CDS|CYA_1556	81.022	822	156	0	1	822	1	822	0.0	780
Ga0393524_61_1783_2610	CP000240.1:1111281-1112109|CDS|CYB_1074	99.396	828	5	0	1	828	1	828	0.0	1471
Ga0393524_61_1783_2610	CP000239.1:1564881-1565709|CDS|CYA_1555	84.492	748	114	2	82	828	82	828	0.0	820
Ga0393524_61_1783_2610	CP000239.1:1739211-1740009|CDS|CYA_1735	71.589	623	171	4	84	703	57	676	1.98e-85	314
Ga0393524_61_1783_2610	CP000240.1:1997239-1998037|CDS|CYB_1912	70.994	624	173	6	84	703	57	676	2.25e-78	290
Ga0393524_62_15_170	CP000240.1:2647745-2648990|CDS|CYB_2542	100.000	156	0	0	1	156	1090	1245	5.60e-77	282
Ga0393524_62_15_170	CP000239.1:2455786-2457031|CDS|CYA_2446	86.452	155	21	0	1	155	1090	1244	1.16e-47	186
Ga0393524_62_389_1144	CP000240.1:2649087-2649894|CDS|CYB_2543	99.206	756	6	0	1	756	52	807	0.0	1337
Ga0393524_62_389_1144	CP000239.1:2457020-2457923|CDS|CYA_2447	80.688	756	146	0	1	756	148	903	0.0	706
Ga0393524_62_1469_1684	CP000240.1:2650187-2650430|CDS|CYB_2544	99.537	216	1	0	1	216	28	243	9.18e-108	386
Ga0393524_62_1469_1684	CP000239.1:2458259-2458475|CDS|CYA_2448	90.148	203	20	0	1	203	1	203	3.43e-75	277
Ga0393524_62_1743_1868	CP000240.1:2750456-2750834|CDS|CYB_2662	99.213	127	0	1	1	126	1	127	1.25e-58	222
Ga0393524_62_1743_1868	CP000240.1:2692552-2692930|CDS|CYB_2592	99.213	127	0	1	1	126	1	127	1.25e-58	222
Ga0393524_62_1743_1868	CP000240.1:2571005-2571383|CDS|CYB_2474	99.213	127	0	1	1	126	1	127	1.25e-58	222
Ga0393524_62_1743_1868	CP000240.1:2505500-2505878|CDS|CYB_2407	99.213	127	0	1	1	126	1	127	1.25e-58	222
Ga0393524_62_1743_1868	CP000240.1:2354072-2354450|CDS|CYB_2250	99.213	127	0	1	1	126	1	127	1.25e-58	222
Ga0393524_62_1743_1868	CP000240.1:2181774-2182152|CDS|CYB_2085	99.213	127	0	1	1	126	1	127	1.25e-58	222
Ga0393524_62_1743_1868	CP000240.1:2165300-2165678|CDS|CYB_2067	99.213	127	0	1	1	126	1	127	1.25e-58	222
Ga0393524_62_1743_1868	CP000240.1:1839469-1839847|CDS|CYB_1756	99.213	127	0	1	1	126	1	127	1.25e-58	222
Ga0393524_62_1743_1868	CP000240.1:1127858-1128236|CDS|CYB_1092	99.213	127	0	1	1	126	1	127	1.25e-58	222
Ga0393524_62_1743_1868	CP000240.1:214818-215196|CDS|CYB_0204	99.213	127	0	1	1	126	1	127	1.25e-58	222
Ga0393524_62_1743_1868	CP000240.1:66226-66604|CDS|CYB_0053	99.213	127	0	1	1	126	1	127	1.25e-58	222
Ga0393524_62_1743_1868	CP000240.1:2728450-2728828|CDS|CYB_2638	98.425	127	1	1	1	126	1	127	1.52e-57	217
Ga0393524_62_1743_1868	CP000240.1:1750510-1750888|CDS|CYB_1673	98.425	127	1	1	1	126	1	127	1.52e-57	217
Ga0393524_62_1743_1868	CP000240.1:1639380-1639758|CDS|CYB_1567	98.425	127	1	1	1	126	1	127	1.52e-57	217
Ga0393524_62_1743_1868	CP000240.1:1332515-1332893|CDS|CYB_1276	98.425	127	1	1	1	126	1	127	1.52e-57	217
Ga0393524_62_1743_1868	CP000240.1:210424-210802|CDS|CYB_0197	98.425	127	1	1	1	126	1	127	1.52e-57	217
Ga0393524_62_1973_2119	CP000240.1:2750456-2750834|CDS|CYB_2662	100.000	147	0	0	1	147	232	378	4.02e-72	266
Ga0393524_62_1973_2119	CP000240.1:2571005-2571383|CDS|CYB_2474	100.000	147	0	0	1	147	232	378	4.02e-72	266
Ga0393524_62_1973_2119	CP000240.1:2181774-2182152|CDS|CYB_2085	100.000	147	0	0	1	147	232	378	4.02e-72	266
Ga0393524_62_1973_2119	CP000240.1:214818-215196|CDS|CYB_0204	100.000	147	0	0	1	147	232	378	4.02e-72	266
Ga0393524_62_1973_2119	CP000240.1:66226-66604|CDS|CYB_0053	100.000	147	0	0	1	147	232	378	4.02e-72	266
Ga0393524_62_1973_2119	CP000240.1:2728450-2728828|CDS|CYB_2638	99.320	147	1	0	1	147	232	378	1.71e-70	261
Ga0393524_62_1973_2119	CP000240.1:2692552-2692930|CDS|CYB_2592	99.320	147	1	0	1	147	232	378	1.71e-70	261
Ga0393524_62_1973_2119	CP000240.1:2505500-2505878|CDS|CYB_2407	99.320	147	1	0	1	147	232	378	1.71e-70	261
Ga0393524_62_1973_2119	CP000240.1:2354072-2354450|CDS|CYB_2250	99.320	147	1	0	1	147	232	378	1.71e-70	261
Ga0393524_62_1973_2119	CP000240.1:2165300-2165678|CDS|CYB_2067	99.320	147	1	0	1	147	232	378	1.71e-70	261
Ga0393524_62_1973_2119	CP000240.1:1839469-1839847|CDS|CYB_1756	99.320	147	1	0	1	147	232	378	1.71e-70	261
Ga0393524_62_1973_2119	CP000240.1:1750510-1750888|CDS|CYB_1673	99.320	147	1	0	1	147	232	378	1.71e-70	261
Ga0393524_62_1973_2119	CP000240.1:1639380-1639758|CDS|CYB_1567	99.320	147	1	0	1	147	232	378	1.71e-70	261
Ga0393524_62_1973_2119	CP000240.1:1332515-1332893|CDS|CYB_1276	99.320	147	1	0	1	147	232	378	1.71e-70	261
Ga0393524_62_1973_2119	CP000240.1:1127858-1128236|CDS|CYB_1092	99.320	147	1	0	1	147	232	378	1.71e-70	261
Ga0393524_62_1973_2119	CP000240.1:210424-210802|CDS|CYB_0197	99.320	147	1	0	1	147	232	378	1.71e-70	261
Ga0393524_62_2116_2484	CP000240.1:2571340-2571748|CDS|CYB_2475	100.000	369	0	0	1	369	40	408	0.0	666
Ga0393524_62_2116_2484	CP000240.1:651866-652274|CDS|CYB_0641	100.000	369	0	0	1	369	40	408	0.0	666
Ga0393524_62_2116_2484	CP000240.1:65861-66269|CDS|CYB_0052	100.000	369	0	0	1	369	40	408	0.0	666
Ga0393524_62_2116_2484	CP000240.1:2353707-2354115|CDS|CYB_2249	99.729	369	1	0	1	369	40	408	0.0	662
Ga0393524_62_2116_2484	CP000240.1:1750145-1750553|CDS|CYB_1672	99.729	369	1	0	1	369	40	408	0.0	662
Ga0393524_62_2116_2484	CP000240.1:1639015-1639423|CDS|CYB_1566	99.729	369	1	0	1	369	40	408	0.0	662
Ga0393524_62_2116_2484	CP000240.1:1128193-1128601|CDS|CYB_1093	99.729	369	1	0	1	369	40	408	0.0	662
Ga0393524_62_2116_2484	CP000240.1:2750791-2751199|CDS|CYB_2663	99.458	369	2	0	1	369	40	408	0.0	657
Ga0393524_62_2116_2484	CP000240.1:2728785-2729193|CDS|CYB_2639	99.458	369	2	0	1	369	40	408	0.0	657
Ga0393524_62_2116_2484	CP000240.1:2182109-2182517|CDS|CYB_2086	99.458	369	2	0	1	369	40	408	0.0	657
Ga0393524_62_2116_2484	CP000240.1:1332150-1332558|CDS|CYB_1275	99.458	369	2	0	1	369	40	408	0.0	657
Ga0393524_62_2116_2484	CP000240.1:214453-214861|CDS|CYB_0203	99.458	369	2	0	1	369	40	408	0.0	657
Ga0393524_62_2116_2484	CP000240.1:210759-211167|CDS|CYB_0198	99.458	369	2	0	1	369	40	408	0.0	657
Ga0393524_62_2116_2484	CP000240.1:2692187-2692595|CDS|CYB_2591	99.187	369	3	0	1	369	40	408	0.0	653
Ga0393524_62_2116_2484	CP000240.1:2505835-2506243|CDS|CYB_2408	99.187	369	3	0	1	369	40	408	0.0	653
Ga0393524_62_2116_2484	CP000240.1:2165635-2166043|CDS|CYB_2068	99.187	369	3	0	1	369	40	408	0.0	653
Ga0393524_62_2116_2484	CP000240.1:1839104-1839512|CDS|CYB_1755	99.187	369	3	0	1	369	40	408	0.0	653
Ga0393524_63_560_796	CP000240.1:3002382-3002619|CDS|CYB_2902	100.000	237	0	0	1	237	1	237	9.52e-121	428
Ga0393524_63_560_796	CP000239.1:703050-703287|CDS|CYA_0695	99.578	237	1	0	1	237	1	237	4.05e-119	424
Ga0393524_63_560_796	CP000239.1:1366454-1366745|CDS|CYA_1355	87.773	229	28	0	1	229	55	283	2.10e-78	288
Ga0393524_63_1262_1756	CP000240.1:3003084-3003579|CDS|CYB_2903	99.394	495	3	0	1	495	1	495	0.0	880
Ga0393524_63_1262_1756	CP000239.1:702090-702585|CDS|CYA_0694	98.990	495	5	0	1	495	1	495	0.0	871
Ga0393524_63_1262_1756	CP000239.1:719077-719575|CDS|CYA_0712	83.707	491	80	0	4	494	7	497	1.01e-149	526
Ga0393524_64_12_1040	CP000240.1:783495-784899|CDS|CYB_0762	97.760	1027	23	0	1	1027	376	1402	0.0	1749
Ga0393524_64_12_1040	CP000239.1:2215205-2216606|CDS|CYA_2196	82.527	1013	168	2	2	1011	377	1383	0.0	1029
Ga0393524_64_1219_1422	CP000239.1:1362668-1362881|CDS|CYA_1351	86.275	204	25	1	1	204	13	213	2.31e-64	241
Ga0393524_64_1526_1693	CP000240.1:782479-783010|CDS|CYB_0761	100.000	150	0	0	2	151	125	274	1.10e-73	271
Ga0393524_64_1526_1693	CP000239.1:2223209-2223746|CDS|CYA_2208	84.459	148	23	0	2	149	125	272	4.12e-41	164
Ga0393524_64_1911_2243	CP000240.1:781056-782130|CDS|CYB_0759	100.000	259	0	0	1	259	814	1072	1.57e-132	468
Ga0393524_65_535_1293	CP000240.1:166155-166914|CDS|CYB_0151	98.681	758	8	2	1	757	1	757	0.0	1315
Ga0393524_65_535_1293	CP000239.1:1157889-1158648|CDS|CYA_1132	87.863	758	92	0	1	758	1	758	0.0	953
Ga0393524_65_1301_1585	CP000240.1:165884-166148|CDS|CYB_0150	100.000	264	0	0	22	285	1	264	2.57e-135	477
Ga0393524_65_1301_1585	CP000239.1:1158654-1158912|CDS|CYA_1133	88.889	252	28	0	28	279	1	252	8.40e-91	329
Ga0393524_65_1692_2108	CP000240.1:165340-165757|CDS|CYB_0149	97.362	417	11	0	1	417	1	417	0.0	703
Ga0393524_65_1692_2108	CP000239.1:1159045-1159444|CDS|CYA_1134	81.775	417	58	1	1	417	1	399	2.59e-118	422
Ga0393524_67_599_1381	CP000240.1:967381-968164|CDS|CYB_0929	98.595	783	11	0	1	783	1	783	0.0	1363
Ga0393524_67_599_1381	CP000239.1:1319890-1320673|CDS|CYA_1310	88.506	783	90	0	1	783	1	783	0.0	1007
Ga0393524_67_1371_1985	CP000240.1:966777-967392|CDS|CYB_0928	99.350	615	4	0	1	615	1	615	0.0	1092
Ga0393524_68_11_1258	CP000240.1:575975-577478|CDS|CYB_0566	93.189	1248	85	0	1	1248	256	1503	0.0	1868
Ga0393524_68_11_1258	CP000239.1:544261-545764|CDS|CYA_0529	85.134	1231	172	4	1	1221	256	1485	0.0	1388
