Ga0393503_01_118_339	CP000240.1:1519382-1519604|CDS|CYB_1447	95.045	222	11	0	1	222	1	222	1.95e-97	352
Ga0393503_01_118_339	CP000239.1:136942-137164|CDS|CYA_0142	87.442	215	27	0	1	215	1	215	6.39e-72	267
Ga0393503_01_919_2949	CP000240.1:1516616-1518803|CDS|CYB_1446	98.227	2031	36	0	1	2031	157	2187	0.0	3501
Ga0393503_01_919_2949	CP000239.1:2231059-2233144|CDS|CYA_2217	83.279	1842	276	5	189	2029	273	2083	0.0	1940
Ga0393503_01_3281_5419	CP000240.1:1514302-1516441|CDS|CYB_1445	97.849	2139	46	0	1	2139	1	2139	0.0	3651
Ga0393503_01_3281_5419	CP000239.1:2233249-2235388|CDS|CYA_2218	87.564	2139	266	0	1	2139	1	2139	0.0	2659
Ga0393503_01_6051_6914	CP000240.1:1512795-1513710|CDS|CYB_1443	93.379	876	46	1	1	864	40	915	0.0	1325
Ga0393503_01_6974_8614	CP000240.1:1511095-1512736|CDS|CYB_1442	97.562	1641	40	0	1	1641	1	1641	0.0	2780
Ga0393503_01_6974_8614	CP000239.1:2238390-2240031|CDS|CYA_2223	88.605	1641	187	0	1	1641	1	1641	0.0	2117
Ga0393503_01_8745_9773	CP000240.1:1509936-1510965|CDS|CYB_1441	97.668	1029	24	0	1	1029	1	1029	0.0	1748
Ga0393503_01_8745_9773	CP000239.1:2240055-2241087|CDS|CYA_2224	85.142	1023	149	1	1	1020	1	1023	0.0	1159
Ga0393503_01_9907_10158	CP000240.1:1509599-1509803|CDS|CYB_1440	100.000	204	0	0	49	252	1	204	8.37e-103	369
Ga0393503_01_9907_10158	CP000239.1:2241219-2241423|CDS|CYA_2225	93.137	204	14	0	49	252	1	204	8.38e-84	306
Ga0393503_01_10277_10762	CP000240.1:1508947-1509433|CDS|CYB_1439	99.794	486	1	0	1	486	1	486	0.0	873
Ga0393503_01_10277_10762	CP000239.1:2241563-2242049|CDS|CYA_2226	91.358	486	42	0	1	486	1	486	0.0	688
Ga0393503_01_10826_11311	CP000240.1:1508398-1508884|CDS|CYB_1438	97.938	485	10	0	1	485	1	485	0.0	830
Ga0393503_01_10826_11311	CP000239.1:2242109-2242595|CDS|CYA_2227	90.309	485	47	0	1	485	1	485	0.0	664
Ga0393503_01_11630_12589	CP000240.1:1507120-1508080|CDS|CYB_1437	99.375	960	6	0	1	960	1	960	0.0	1705
Ga0393503_01_11630_12589	CP000239.1:2477558-2478521|CDS|CYA_2467	88.008	959	112	1	1	956	1	959	0.0	1210
Ga0393503_01_12642_13646	CP000240.1:1506068-1507049|CDS|CYB_1435	95.515	981	44	0	25	1005	1	981	0.0	1572
Ga0393503_01_12642_13646	CP000239.1:2476486-2477509|CDS|CYA_2466	86.066	933	130	0	37	969	31	963	0.0	1097
Ga0393503_01_13638_14900	CP000240.1:1504814-1506077|CDS|CYB_1436	99.525	1263	6	0	1	1263	1	1263	0.0	2251
Ga0393503_01_13638_14900	CP000239.1:2475225-2476479|CDS|CYA_2465	82.703	1058	178	3	159	1212	147	1203	0.0	1075
Ga0393503_01_15173_15739	CP000240.1:1503975-1504527|CDS|CYB_1434	97.826	552	12	0	16	567	1	552	0.0	942
Ga0393503_01_15173_15739	CP000239.1:2474425-2474977|CDS|CYA_2464	87.138	552	71	0	16	567	1	552	0.0	676
Ga0393503_01_15173_15739	CP000239.1:1835352-1835898|CDS|CYA_1831	70.258	427	121	4	126	549	111	534	4.68e-47	186
Ga0393503_01_15173_15739	CP000240.1:423915-424461|CDS|CYB_0414	70.023	427	122	4	126	549	111	534	5.70e-46	181
Ga0393503_01_15815_16144	CP000240.1:1503573-1503852|CDS|CYB_1433	94.265	279	16	0	52	330	1	279	1.12e-121	432
Ga0393503_01_15815_16144	CP000239.1:2474012-2474291|CDS|CYA_2463	79.457	258	47	1	73	330	28	279	2.48e-60	228
Ga0393503_02_4_249	CP000240.1:996437-997175|CDS|CYB_0958	97.561	246	6	0	1	246	493	738	1.79e-117	417
Ga0393503_02_4_249	CP000239.1:2820790-2821531|CDS|CYA_2803	89.837	246	25	0	1	246	496	741	2.05e-91	332
Ga0393503_02_285_590	CP000240.1:997206-997515|CDS|CYB_0959	94.771	306	15	1	1	306	5	309	2.77e-135	477
Ga0393503_02_285_590	CP000239.1:2820450-2820759|CDS|CYA_2802	84.561	285	44	0	22	306	25	309	5.73e-87	316
Ga0393503_02_596_2191	CP000240.1:997525-999121|CDS|CYB_0961	95.050	1596	79	0	1	1596	1	1596	0.0	2523
Ga0393503_02_596_2191	CP000239.1:2818864-2820454|CDS|CYA_2800	87.134	1570	200	2	23	1591	17	1585	0.0	1914
Ga0393503_02_2128_2553	CP000240.1:999057-999534|CDS|CYB_0960	97.887	426	9	0	1	426	52	477	0.0	728
Ga0393503_02_2128_2553	CP000239.1:2818535-2818928|CDS|CYA_2801	91.094	393	35	0	34	426	1	393	2.17e-157	552
Ga0393503_02_2555_3295	CP000240.1:999484-1000225|CDS|CYB_0962	97.571	741	18	0	1	741	1	741	0.0	1256
Ga0393503_02_2555_3295	CP000239.1:2817784-2818501|CDS|CYA_2799	87.727	717	88	0	25	741	1	717	0.0	897
Ga0393503_02_3361_3762	CP000240.1:1000293-1000695|CDS|CYB_0963	98.756	402	5	0	1	402	1	402	0.0	703
Ga0393503_02_3361_3762	CP000239.1:2817286-2817688|CDS|CYA_2798	82.750	400	69	0	1	400	1	400	4.51e-115	411
Ga0393503_02_3947_4450	CP000240.1:1000924-1001389|CDS|CYB_0964	97.849	465	10	0	40	504	1	465	0.0	794
Ga0393503_02_4475_5182	CP000240.1:1001413-1002196|CDS|CYB_0965	95.763	708	30	0	1	708	76	783	0.0	1142
Ga0393503_02_4475_5182	CP000239.1:2816490-2817261|CDS|CYA_2797	86.864	708	93	0	1	708	64	771	0.0	858
Ga0393503_02_5378_6265	CP000240.1:1002316-1003060|CDS|CYB_0966	97.177	744	21	0	145	888	1	744	0.0	1248
Ga0393503_02_5378_6265	CP000239.1:2815491-2816349|CDS|CYA_2796	82.097	849	152	0	40	888	10	858	0.0	847
Ga0393503_02_6278_6961	CP000240.1:1003216-1004071|CDS|CYB_0967	96.930	684	21	0	1	684	172	855	0.0	1140
Ga0393503_02_6278_6961	CP000239.1:2814556-2815450|CDS|CYA_2795	81.962	693	111	4	1	680	196	887	0.0	682
Ga0393503_02_7630_7821	CP000240.1:1004568-1004760|CDS|CYB_0968	100.000	192	0	0	1	192	1	192	2.02e-96	347
Ga0393503_02_7967_10480	CP000240.1:1004905-1007419|CDS|CYB_0970	98.966	2514	26	0	1	2514	1	2514	0.0	4417
Ga0393503_02_7967_10480	CP000239.1:771958-774466|CDS|CYA_0765	83.083	2465	416	1	48	2512	43	2506	0.0	2562
Ga0393503_02_10645_11169	CP000240.1:1007583-1008108|CDS|CYB_0971	97.524	525	13	0	1	525	1	525	0.0	889
Ga0393503_02_10645_11169	CP000239.1:2145308-2145833|CDS|CYA_2130	88.039	510	61	0	1	510	1	510	0.0	645
Ga0393503_02_11244_11825	CP000240.1:1008125-1008764|CDS|CYB_0972	97.079	582	17	0	1	582	58	639	0.0	974
Ga0393503_02_11244_11825	CP000239.1:2145878-2146520|CDS|CYA_2131	79.123	479	93	2	2	478	77	550	6.66e-115	411
Ga0393503_02_11851_12390	CP000240.1:1008789-1009407|CDS|CYB_0973	98.889	540	6	0	1	540	79	618	0.0	948
Ga0393503_02_11851_12390	CP000239.1:2146708-2147455|CDS|CYA_2132	92.222	540	42	0	1	540	208	747	0.0	785
Ga0393503_02_12778_13821	CP000240.1:1009688-1010732|CDS|CYB_0974	98.659	1044	14	0	1	1044	1	1044	0.0	1820
Ga0393503_02_12778_13821	CP000239.1:2147593-2148640|CDS|CYA_2134	81.660	1036	187	1	1	1033	1	1036	0.0	1011
Ga0393503_03_750_1232	CP000240.1:2803740-2804223|CDS|CYB_2712	100.000	483	0	0	1	483	1	483	0.0	872
Ga0393503_03_750_1232	CP000239.1:1511144-1511633|CDS|CYA_1503	84.490	490	64	2	1	481	1	487	3.68e-155	544
Ga0393503_03_1400_2578	CP000240.1:2802394-2803573|CDS|CYB_2711	98.304	1179	20	0	1	1179	1	1179	0.0	2037
Ga0393503_03_2575_3402	CP000240.1:2801570-2802398|CDS|CYB_2710	97.464	828	21	0	1	828	1	828	0.0	1399
Ga0393503_03_3441_5525	CP000240.1:2799600-2801532|CDS|CYB_2709	95.607	1935	82	1	151	2085	1	1932	0.0	3105
Ga0393503_03_5714_6514	CP000240.1:2798461-2799262|CDS|CYB_2708	99.750	801	2	0	1	801	1	801	0.0	1436
Ga0393503_03_5714_6514	CP000239.1:1511998-1512763|CDS|CYA_1504	85.274	747	110	0	29	775	5	751	0.0	852
Ga0393503_03_7329_8036	CP000240.1:2795622-2796291|CDS|CYB_2706	98.954	669	7	0	40	708	1	669	0.0	1176
Ga0393503_03_7329_8036	CP000239.1:1514373-1515081|CDS|CYA_1505	92.655	708	52	0	1	708	1	708	0.0	1043
Ga0393503_03_8082_9569	CP000239.1:1515230-1516637|CDS|CYA_1507	72.405	1243	326	7	226	1467	157	1383	0.0	680
Ga0393503_03_8082_9569	CP000240.1:2794010-2795423|CDS|CYB_2705	72.182	1251	321	10	226	1467	157	1389	0.0	667
Ga0393503_03_9756_11150	CP000239.1:1515230-1516637|CDS|CYA_1507	94.624	1395	75	0	1	1395	13	1407	0.0	2178
Ga0393503_03_9756_11150	CP000240.1:2794010-2795423|CDS|CYB_2705	92.313	1405	94	5	1	1395	13	1413	0.0	2038
Ga0393503_03_11317_11655	CP000239.1:1516788-1517127|CDS|CYA_1508	99.403	335	2	0	1	335	1	335	4.58e-171	596
Ga0393503_03_11317_11655	CP000240.1:2793520-2793859|CDS|CYB_2704	99.104	335	3	0	1	335	1	335	1.95e-169	591
Ga0393503_03_11807_13222	CP000240.1:2791953-2793369|CDS|CYB_2703	98.728	1415	18	0	1	1415	1	1415	0.0	2471
Ga0393503_03_11807_13222	CP000239.1:1517278-1518694|CDS|CYA_1509	91.802	1415	116	0	1	1415	1	1415	0.0	2030
Ga0393503_03_13600_13836	CP000240.1:2791340-2791577|CDS|CYB_2702	97.890	237	5	0	1	237	1	237	1.09e-113	406
Ga0393503_04_38_676	CP000240.1:2558713-2559358|CDS|CYB_2460	95.969	645	20	1	1	639	1	645	0.0	1048
Ga0393503_04_38_676	CP000239.1:2790650-2791283|CDS|CYA_2767	78.281	640	123	7	1	635	1	629	2.92e-145	511
Ga0393503_04_739_1548	CP000240.1:2559381-2560230|CDS|CYB_2462	98.889	810	9	0	1	810	40	849	0.0	1421
Ga0393503_04_739_1548	CP000239.1:2791339-2792134|CDS|CYA_2769	83.569	779	128	0	1	779	1	779	0.0	829
Ga0393503_04_1533_2099	CP000240.1:2560214-2560835|CDS|CYB_2461	99.471	567	3	0	1	567	55	621	0.0	1010
Ga0393503_04_1533_2099	CP000239.1:2800622-2801213|CDS|CYA_2781	92.294	558	43	0	1	558	22	579	0.0	813
Ga0393503_04_2563_3375	CP000240.1:2561277-2562057|CDS|CYB_2464	97.436	780	20	0	34	813	1	780	0.0	1317
Ga0393503_04_2563_3375	CP000239.1:2799666-2800452|CDS|CYA_2780	85.622	772	111	0	34	805	1	772	0.0	893
Ga0393503_04_3601_6099	CP000240.1:2562272-2564777|CDS|CYB_2465	97.525	2505	56	1	1	2499	1	2505	0.0	4240
Ga0393503_04_3601_6099	CP000239.1:2797034-2799542|CDS|CYA_2779	83.674	2493	384	4	10	2480	4	2495	0.0	2664
Ga0393503_04_6104_6475	CP000240.1:2564781-2565153|CDS|CYB_2466	98.387	372	6	0	1	372	1	372	0.0	645
Ga0393503_04_6104_6475	CP000239.1:2796654-2797047|CDS|CYA_2778	86.306	314	43	0	19	332	31	344	1.04e-103	373
Ga0393503_04_6499_6660	CP000240.1:2565176-2565338|CDS|CYB_2467	100.000	162	0	0	1	162	1	162	3.24e-80	293
Ga0393503_04_6499_6660	CP000239.1:2796425-2796614|CDS|CYA_2777	82.911	158	27	0	1	158	25	182	3.95e-41	164
Ga0393503_04_6752_6841	CP000239.1:2796320-2796410|CDS|CYA_2776	84.444	90	14	0	1	90	1	90	1.95e-22	100
Ga0393503_04_7000_8211	CP000240.1:1954838-1956056|CDS|CYB_1872	94.007	1218	49	1	19	1212	1	1218	0.0	1885
Ga0393503_04_7000_8211	CP000239.1:2170714-2171908|CDS|CYA_2158	94.891	1194	61	0	19	1212	1	1194	0.0	1879
Ga0393503_04_7000_8211	CP000240.1:1083184-1084426|CDS|CYB_1042	92.271	1242	48	2	19	1212	1	1242	0.0	1842
Ga0393503_04_7000_8211	CP000240.1:2168360-2169515|CDS|CYB_2071	95.402	1131	52	0	19	1149	1	1131	0.0	1806
Ga0393503_04_7000_8211	CP000240.1:2644164-2645358|CDS|CYB_2538	93.467	1194	78	0	19	1212	1	1194	0.0	1802
Ga0393503_04_7000_8211	CP000239.1:774779-775973|CDS|CYA_0767	93.300	1194	80	0	19	1212	1	1194	0.0	1793
Ga0393503_04_7000_8211	CP000240.1:1803089-1804283|CDS|CYB_1722	92.965	1194	84	0	19	1212	1	1194	0.0	1775
Ga0393503_04_7000_8211	CP000240.1:2796782-2798000|CDS|CYB_2707	91.872	1218	75	1	19	1212	1	1218	0.0	1768
Ga0393503_04_7000_8211	CP000239.1:712444-713638|CDS|CYA_0704	92.044	1194	95	0	19	1212	1	1194	0.0	1726
Ga0393503_04_7000_8211	CP000240.1:3008652-3009870|CDS|CYB_2910	90.887	1218	87	1	19	1212	1	1218	0.0	1714
Ga0393503_04_7000_8211	CP000240.1:2210858-2212052|CDS|CYB_2117	91.709	1194	99	0	19	1212	1	1194	0.0	1708
Ga0393503_04_7000_8211	CP000240.1:1358129-1359347|CDS|CYB_1297	90.722	1218	89	1	19	1212	1	1218	0.0	1705
Ga0393503_04_7000_8211	CP000240.1:638632-639850|CDS|CYB_0630	90.476	1218	92	1	19	1212	1	1218	0.0	1691
Ga0393503_04_7000_8211	CP000240.1:52430-53648|CDS|CYB_0041	90.476	1218	92	1	19	1212	1	1218	0.0	1691
Ga0393503_04_7000_8211	CP000240.1:2553363-2554557|CDS|CYB_2454	91.374	1194	103	0	19	1212	1	1194	0.0	1690
Ga0393503_04_7000_8211	CP000240.1:1521392-1522610|CDS|CYB_1450	90.148	1218	96	1	19	1212	1	1218	0.0	1673
Ga0393503_04_7000_8211	CP000239.1:629980-631174|CDS|CYA_0620	91.039	1194	107	0	19	1212	1	1194	0.0	1672
Ga0393503_04_7000_8211	CP000240.1:1190675-1191869|CDS|CYB_1151	90.962	1195	106	2	19	1212	1	1194	0.0	1662
Ga0393503_04_7000_8211	CP000240.1:2830275-2831565|CDS|CYB_2735	88.387	1240	79	3	19	1210	1	1223	0.0	1633
Ga0393503_04_7000_8211	CP000240.1:1064975-1066169|CDS|CYB_1023	89.698	1194	123	0	19	1212	1	1194	0.0	1599
Ga0393503_04_7000_8211	CP000240.1:481588-482800|CDS|CYB_0472	89.271	1193	126	2	19	1210	1	1192	0.0	1568
Ga0393503_04_7000_8211	CP000240.1:2619921-2621115|CDS|CYB_2521	88.452	1195	136	2	19	1212	1	1194	0.0	1526
Ga0393503_04_7000_8211	CP000240.1:1316312-1317548|CDS|CYB_1259	86.595	1216	139	1	19	1210	1	1216	0.0	1476
Ga0393503_04_7000_8211	CP000240.1:2661652-2662870|CDS|CYB_2557	86.535	1218	140	1	19	1212	1	1218	0.0	1475
Ga0393503_04_7000_8211	CP000240.1:1267756-1268992|CDS|CYB_1227	86.524	1217	138	3	19	1210	1	1216	0.0	1466
Ga0393503_04_7000_8211	CP000240.1:2247371-2248565|CDS|CYB_2147	88.594	1131	129	0	19	1149	1	1131	0.0	1459
Ga0393503_04_7000_8211	CP000240.1:629484-630702|CDS|CYB_0620	85.913	1221	142	3	19	1212	1	1218	0.0	1441
Ga0393503_04_7000_8211	CP000240.1:1244785-1246021|CDS|CYB_1201	85.691	1216	150	1	19	1210	1	1216	0.0	1426
Ga0393503_04_7000_8211	CP000239.1:1594889-1596107|CDS|CYA_1585	87.798	1131	138	0	19	1149	1	1131	0.0	1418
Ga0393503_04_7000_8211	CP000240.1:102811-104029|CDS|CYB_0087	86.840	1155	128	1	19	1149	1	1155	0.0	1416
Ga0393503_04_7000_8211	CP000240.1:605550-606744|CDS|CYB_0598	85.846	1194	169	0	19	1212	1	1194	0.0	1392
Ga0393503_04_7000_8211	CP000240.1:2933473-2934709|CDS|CYB_2835	85.025	1222	147	7	19	1210	1	1216	0.0	1380
Ga0393503_04_7000_8211	CP000239.1:994256-995468|CDS|CYA_0981	85.654	1192	171	0	19	1210	1	1192	0.0	1379
Ga0393503_04_7000_8211	CP000240.1:241642-242836|CDS|CYB_0233	86.307	1132	153	2	19	1149	1	1131	0.0	1336
Ga0393503_04_7000_8211	CP000239.1:698055-699204|CDS|CYA_0690	85.515	1146	142	1	19	1140	1	1146	0.0	1336
Ga0393503_04_7000_8211	CP000239.1:893439-894633|CDS|CYA_0887	86.388	1124	147	2	19	1139	1	1121	0.0	1334
Ga0393503_04_7000_8211	CP000240.1:1842322-1843549|CDS|CYB_1759	84.119	1209	158	5	19	1198	1	1204	0.0	1324
Ga0393503_04_7000_8211	CP000240.1:1015074-1016268|CDS|CYB_0979	84.215	1134	173	2	19	1149	1	1131	0.0	1235
Ga0393503_04_7000_8211	CP000240.1:1384265-1385459|CDS|CYB_1322	84.085	1131	180	0	19	1149	1	1131	0.0	1229
Ga0393503_04_7000_8211	CP000240.1:345730-346924|CDS|CYB_0329	84.039	1134	175	2	19	1149	1	1131	0.0	1226
Ga0393503_04_7000_8211	CP000240.1:2565689-2566883|CDS|CYB_2468	83.820	1131	183	0	19	1149	1	1131	0.0	1215
Ga0393503_04_7000_8211	CP000240.1:2128026-2129220|CDS|CYB_2026	83.553	1137	175	7	19	1149	1	1131	0.0	1187
Ga0393503_04_7000_8211	CP000239.1:693322-694534|CDS|CYA_0687	81.119	1197	216	5	19	1210	1	1192	0.0	1127
Ga0393503_04_7000_8211	CP000240.1:2219258-2220470|CDS|CYB_2126	80.869	1197	219	5	19	1210	1	1192	0.0	1113
Ga0393503_04_7000_8211	CP000240.1:1763450-1764623|CDS|CYB_1688	81.003	1137	204	7	19	1149	1	1131	0.0	1057
Ga0393503_04_7000_8211	CP000240.1:1917270-1918464|CDS|CYB_1826	80.035	1137	215	7	19	1149	1	1131	0.0	1007
Ga0393503_04_7000_8211	CP000240.1:2506708-2507857|CDS|CYB_2410	77.148	1129	138	5	19	1027	1	1129	0.0	959
Ga0393503_04_7000_8211	CP000239.1:88305-89487|CDS|CYA_0091	74.843	1117	255	5	24	1133	6	1103	0.0	749
Ga0393503_04_8294_8539	CP000240.1:2566903-2567194|CDS|CYB_2469	99.593	246	1	0	1	246	46	291	5.49e-124	440
Ga0393503_04_8294_8539	CP000239.1:2795941-2796187|CDS|CYA_2775	88.211	246	29	0	1	246	1	246	5.50e-86	314
Ga0393503_04_8599_9279	CP000240.1:2567348-2567933|CDS|CYB_2470	99.487	585	3	0	97	681	1	585	0.0	1042
Ga0393503_04_9472_11409	CP000240.1:2568125-2569874|CDS|CYB_2471	99.943	1749	1	0	190	1938	1	1749	0.0	3150
Ga0393503_04_9472_11409	CP000239.1:2793173-2795138|CDS|CYA_2773	85.302	1939	256	4	1	1938	55	1965	0.0	2221
Ga0393503_05_856_1725	CP000240.1:116511-117381|CDS|CYB_0099	96.667	870	29	0	1	870	1	870	0.0	1439
Ga0393503_05_856_1725	CP000239.1:1942254-1943112|CDS|CYA_1928	95.093	856	42	0	1	856	1	856	0.0	1355
Ga0393503_05_1717_2397	CP000240.1:115839-116520|CDS|CYB_0100	95.000	680	34	0	1	680	1	680	0.0	1074
Ga0393503_05_1717_2397	CP000239.1:1941565-1942258|CDS|CYA_1929	87.126	668	86	0	13	680	25	692	0.0	818
Ga0393503_05_2477_2767	CP000240.1:115466-115760|CDS|CYB_0098	96.259	294	8	1	1	291	1	294	7.52e-136	480
Ga0393503_05_2477_2767	CP000239.1:1941212-1941491|CDS|CYA_1927	84.701	268	41	0	22	289	10	277	1.46e-81	299
Ga0393503_05_2842_3429	CP000240.1:114810-115398|CDS|CYB_0097	98.469	588	9	0	1	588	1	588	0.0	1021
Ga0393503_05_2842_3429	CP000239.1:776203-776698|CDS|CYA_0768	83.401	494	82	0	95	588	2	495	1.48e-148	522
Ga0393503_05_3567_5702	CP000240.1:112531-114667|CDS|CYB_0096	97.519	2136	53	0	1	2136	1	2136	0.0	3614
Ga0393503_05_3567_5702	CP000239.1:1938846-1940973|CDS|CYA_1926	84.612	2060	302	2	58	2114	58	2105	0.0	2291
Ga0393503_05_5888_7276	CP000240.1:110943-112338|CDS|CYB_0095	97.993	1395	22	1	1	1389	1	1395	0.0	2391
Ga0393503_05_5888_7276	CP000239.1:2007471-2008917|CDS|CYA_1988	87.097	1364	176	0	9	1372	12	1375	0.0	1667
Ga0393503_05_7550_8203	CP000240.1:110016-110670|CDS|CYB_0094	98.777	654	8	0	1	654	1	654	0.0	1144
Ga0393503_05_7550_8203	CP000239.1:2006474-2007128|CDS|CYA_1987	87.615	654	81	0	1	654	1	654	0.0	815
Ga0393503_05_8431_9705	CP000240.1:108514-109690|CDS|CYB_0093	99.233	1174	9	0	100	1273	1	1174	0.0	2077
Ga0393503_05_8431_9705	CP000239.1:2005092-2006355|CDS|CYA_1986	83.673	1176	189	2	1	1176	1	1173	0.0	1250
Ga0393503_05_9754_10371	CP000240.1:107840-108458|CDS|CYB_0092	98.539	616	9	0	1	616	1	616	0.0	1071
Ga0393503_05_9754_10371	CP000239.1:2004447-2005065|CDS|CYA_1985	81.282	593	109	2	26	617	26	617	1.78e-160	563
Ga0393503_05_10937_11185	CP000240.1:107026-107731|CDS|CYB_0091	99.598	249	1	0	1	249	457	705	1.31e-125	445
Ga0393503_05_10937_11185	CP000239.1:2003652-2004384|CDS|CYA_1984	84.739	249	38	0	1	249	484	732	1.15e-75	279
Ga0393503_05_11449_11745	CP000240.1:105602-106484|CDS|CYB_0090	100.000	296	0	0	1	296	586	881	1.14e-152	535
Ga0393503_05_11449_11745	CP000239.1:1992866-1993736|CDS|CYA_1974	83.039	283	46	2	2	283	587	868	2.69e-78	288
Ga0393503_06_944_1357	CP000240.1:2587259-2587766|CDS|CYB_2490	96.618	414	14	0	1	414	94	507	0.0	684
Ga0393503_06_944_1357	CP000239.1:383964-384408|CDS|CYA_0367	74.257	404	98	3	1	401	28	428	2.75e-67	252
Ga0393503_06_1354_1947	CP000240.1:2586669-2587263|CDS|CYB_2491	95.791	594	25	0	1	594	1	594	0.0	959
Ga0393503_06_1354_1947	CP000239.1:2600433-2600940|CDS|CYA_2574	84.279	458	72	0	136	593	49	506	1.40e-142	502
Ga0393503_06_2315_3082	CP000240.1:2585420-2586302|CDS|CYB_2489	99.870	768	1	0	1	768	115	882	0.0	1381
Ga0393503_06_2315_3082	CP000239.1:608381-609281|CDS|CYA_0597	87.646	769	92	1	1	766	130	898	0.0	957
Ga0393503_06_3635_4813	CP000240.1:2583791-2584970|CDS|CYB_2488	99.830	1179	2	0	1	1179	1	1179	0.0	2118
Ga0393503_06_3635_4813	CP000239.1:605021-606212|CDS|CYA_0594	85.765	1131	161	0	1	1131	1	1131	0.0	1315
Ga0393503_06_4841_5146	CP000240.1:2583458-2583764|CDS|CYB_2487	99.673	306	1	0	1	306	1	306	1.87e-156	548
Ga0393503_06_4841_5146	CP000239.1:604691-604997|CDS|CYA_0593	89.003	291	32	0	16	306	16	306	1.64e-106	381
Ga0393503_06_5175_5846	CP000240.1:2582596-2583430|CDS|CYB_2486	97.173	672	19	0	1	672	163	834	0.0	1127
Ga0393503_06_5175_5846	CP000239.1:603884-604595|CDS|CYA_0592	86.481	503	68	0	10	512	67	569	2.21e-172	601
Ga0393503_06_6526_7332	CP000240.1:86287-87061|CDS|CYB_0074	95.736	774	33	0	34	807	1	774	0.0	1248
Ga0393503_06_6526_7332	CP000240.1:1126684-1127458|CDS|CYB_1091	94.065	775	44	2	34	807	1	774	0.0	1184
Ga0393503_06_6526_7332	CP000240.1:2581305-2582079|CDS|CYB_2484	93.702	778	41	4	34	807	1	774	0.0	1172
Ga0393503_06_6526_7332	CP000240.1:2424097-2424871|CDS|CYB_2313	93.436	777	45	2	34	807	1	774	0.0	1168
Ga0393503_06_6526_7332	CP000240.1:544792-546037|CDS|CYB_0530	81.325	755	133	4	34	784	1	751	0.0	716
Ga0393503_06_6526_7332	CP000239.1:782540-783770|CDS|CYA_0777	77.116	756	164	3	34	783	1	753	3.04e-165	579
Ga0393503_06_6526_7332	CP000239.1:1966854-1968081|CDS|CYA_1956	76.984	756	165	3	34	783	1	753	3.70e-164	574
Ga0393503_06_7481_8338	CP000240.1:2580273-2581131|CDS|CYB_2483	100.000	858	0	0	1	858	1	858	0.0	1548
Ga0393503_06_7481_8338	CP000239.1:955763-956606|CDS|CYA_0945	80.891	853	135	3	5	855	8	834	0.0	816
Ga0393503_06_8537_9625	CP000240.1:2578986-2580075|CDS|CYB_2482	99.265	1089	8	0	1	1089	1	1089	0.0	1929
Ga0393503_06_8537_9625	CP000239.1:956762-957695|CDS|CYA_0946	83.279	915	153	0	175	1089	19	933	0.0	961
Ga0393503_07_41_3439	CP000240.1:485682-489318|CDS|CYB_0476	84.272	3408	515	10	1	3399	241	3636	0.0	3704
Ga0393503_07_41_3439	CP000239.1:1020397-1024249|CDS|CYA_1007	76.860	3401	759	7	1	3399	478	3852	0.0	2580
Ga0393503_07_3654_4172	CP000240.1:489532-490051|CDS|CYB_0478	98.073	519	10	0	1	519	1	519	0.0	892
Ga0393503_07_3654_4172	CP000239.1:1019841-1020354|CDS|CYA_1006	87.091	519	61	1	1	519	1	513	0.0	636
Ga0393503_07_4238_5158	CP000240.1:490116-491037|CDS|CYB_0479	96.308	921	34	0	1	921	1	921	0.0	1508
Ga0393503_07_4238_5158	CP000239.1:1018843-1019764|CDS|CYA_1005	88.274	921	108	0	1	921	1	921	0.0	1175
Ga0393503_07_5565_5687	CP000240.1:491705-491966|CDS|CYB_0480	90.833	120	11	0	1	120	31	150	2.34e-42	168
Ga0393503_07_5565_5687	CP000239.1:1018221-1018578|CDS|CYA_1004	82.979	94	16	0	27	120	117	210	9.96e-22	98.7
Ga0393503_07_5684_5806	CP000240.1:491705-491966|CDS|CYB_0480	89.344	122	13	0	2	123	140	261	9.95e-41	162
Ga0393503_07_5684_5806	CP000239.1:1018221-1018578|CDS|CYA_1004	85.833	120	17	0	2	121	200	319	3.25e-34	141
Ga0393503_07_6071_7513	CP000240.1:492231-493674|CDS|CYB_0481	95.495	1443	65	0	1	1443	1	1443	0.0	2310
Ga0393503_07_6071_7513	CP000239.1:1016585-1018019|CDS|CYA_1003	87.246	1427	173	1	1	1427	1	1418	0.0	1757
Ga0393503_07_7530_9116	CP000240.1:493689-495231|CDS|CYB_0482	94.289	1541	88	0	46	1586	1	1541	0.0	2383
Ga0393503_07_7530_9116	CP000239.1:1015045-1016581|CDS|CYA_1002	85.117	1532	220	3	47	1574	2	1529	0.0	1729
Ga0393503_07_9194_9760	CP000240.1:495353-495920|CDS|CYB_0483	98.942	567	6	0	1	567	1	567	0.0	996
Ga0393503_07_9194_9760	CP000239.1:1014351-1014918|CDS|CYA_1001	86.596	567	76	0	1	567	1	567	0.0	681
Ga0393503_07_9954_10895	CP000240.1:496113-498204|CDS|CYB_0484	97.152	948	21	1	1	942	1144	2091	0.0	1599
Ga0393503_08_19_1716	CP000240.1:1033029-1034934|CDS|CYB_0996	96.996	1698	51	0	1	1698	208	1905	0.0	2833
Ga0393503_08_19_1716	CP000239.1:1088472-1090218|CDS|CYA_1072	82.315	1685	298	0	7	1691	55	1739	0.0	1696
Ga0393503_08_1828_3051	CP000240.1:1035045-1036269|CDS|CYB_0997	99.265	1224	9	0	1	1224	1	1224	0.0	2168
Ga0393503_08_1828_3051	CP000239.1:1090357-1091581|CDS|CYA_1073	84.804	1224	186	0	1	1224	1	1224	0.0	1370
Ga0393503_08_3226_5724	CP000240.1:1036443-1038936|CDS|CYB_0998	97.599	2499	54	1	1	2499	1	2493	0.0	4238
Ga0393503_08_3226_5724	CP000239.1:1091761-1094227|CDS|CYA_1074	86.304	2446	320	4	57	2499	33	2466	0.0	2897
Ga0393503_08_5794_6243	CP000240.1:1039002-1039398|CDS|CYB_0999	97.462	394	10	0	55	448	1	394	0.0	666
Ga0393503_08_5794_6243	CP000239.1:1094295-1094745|CDS|CYA_1075	87.147	389	50	0	61	449	61	449	4.17e-135	477
Ga0393503_08_6425_6622	CP000240.1:1039633-1040269|CDS|CYB_1000	100.000	198	0	0	1	198	439	636	1.16e-99	358
Ga0393503_08_6425_6622	CP000239.1:1094788-1095538|CDS|CYA_1076	68.508	181	57	0	2	182	542	722	8.36e-13	70.7
Ga0393503_08_6623_6967	CP000240.1:1039633-1040269|CDS|CYB_1000	100.000	345	0	0	1	345	438	94	3.36e-179	623
Ga0393503_08_6623_6967	CP000239.1:1094788-1095538|CDS|CYA_1076	77.341	331	71	2	17	345	524	196	6.52e-68	254
Ga0393503_08_7383_8630	CP000240.1:1040369-1041839|CDS|CYB_1001	97.436	1248	32	0	1	1248	223	1470	0.0	2107
Ga0393503_08_7383_8630	CP000239.1:1095620-1096982|CDS|CYA_1077	88.917	1173	130	0	1	1173	139	1311	0.0	1530
Ga0393503_09_59_1045	CP000240.1:1150123-1151077|CDS|CYB_1113	95.388	954	44	0	34	987	1	954	0.0	1523
Ga0393503_09_59_1045	CP000239.1:745385-746318|CDS|CYA_0740	88.387	930	108	0	58	987	4	933	0.0	1191
Ga0393503_09_1336_2514	CP000240.1:1148654-1149833|CDS|CYB_1112	98.728	1179	15	0	1	1179	1	1179	0.0	2059
Ga0393503_09_1336_2514	CP000239.1:730085-731264|CDS|CYA_0725	90.500	1179	112	0	1	1179	1	1179	0.0	1622
Ga0393503_09_2550_4046	CP000240.1:1147122-1148619|CDS|CYB_1111	99.265	1497	11	0	1	1497	1	1497	0.0	2651
Ga0393503_09_2550_4046	CP000239.1:728568-730068|CDS|CYA_0724	88.541	1501	167	2	1	1497	1	1500	0.0	1928
Ga0393503_09_4097_4408	CP000240.1:1146760-1147090|CDS|CYB_1110	98.718	312	4	0	1	312	19	330	6.65e-156	545
Ga0393503_09_4097_4408	CP000239.1:728198-728519|CDS|CYA_0723	83.007	306	52	0	1	306	1	306	1.68e-87	318
Ga0393503_09_4408_4671	CP000240.1:1146497-1146761|CDS|CYB_1109	98.485	264	4	0	1	264	1	264	6.33e-130	459
Ga0393503_09_4408_4671	CP000239.1:727935-728202|CDS|CYA_0722	82.510	263	46	0	1	263	4	266	2.22e-72	268
Ga0393503_09_4695_5162	CP000240.1:1146006-1146399|CDS|CYB_1108	99.746	393	1	0	76	468	1	393	0.0	705
Ga0393503_09_4695_5162	CP000239.1:727211-727643|CDS|CYA_0720	80.779	385	74	0	82	466	19	403	2.41e-100	361
Ga0393503_09_5168_8425	CP000240.1:1142683-1146001|CDS|CYB_1107	96.215	3276	94	2	1	3258	55	3318	0.0	5368
Ga0393503_09_8644_9246	CP000240.1:1140272-1142549|CDS|CYB_1106	92.069	580	38	4	1	576	1657	2232	0.0	829
Ga0393503_09_8644_9246	CP000239.1:1146622-1148851|CDS|CYA_1120	75.327	612	127	5	1	603	1633	2229	1.09e-118	423
Ga0393503_10_211_636	CP000240.1:1109889-1110315|CDS|CYB_1072	99.061	426	4	0	1	426	1	426	0.0	751
Ga0393503_10_211_636	CP000239.1:1566645-1567080|CDS|CYA_1557	85.122	410	61	0	13	422	13	422	2.48e-131	465
Ga0393503_10_680_1546	CP000240.1:1110358-1111186|CDS|CYB_1073	98.904	821	9	0	40	860	1	821	0.0	1441
Ga0393503_10_680_1546	CP000239.1:1565774-1566602|CDS|CYA_1556	80.900	822	157	0	40	861	1	822	0.0	775
Ga0393503_10_1603_1896	CP000240.1:1111281-1112109|CDS|CYB_1074	98.723	235	3	0	60	294	594	828	3.24e-115	411
Ga0393503_10_1603_1896	CP000239.1:1564881-1565709|CDS|CYA_1555	87.179	234	28	2	62	294	596	828	3.95e-76	280
Ga0393503_10_1963_2616	CP000240.1:1112191-1113082|CDS|CYB_1075	91.896	654	53	0	1	654	238	891	0.0	941
Ga0393503_10_1963_2616	CP000239.1:1563945-1564845|CDS|CYA_1554	80.828	652	125	0	1	652	247	898	1.19e-175	613
Ga0393503_10_3002_3502	CP000240.1:1115957-1116407|CDS|CYB_1080	97.333	450	12	0	52	501	1	450	0.0	758
Ga0393503_10_3002_3502	CP000239.1:1561069-1561531|CDS|CYA_1551	83.146	445	75	0	53	497	14	458	2.94e-131	465
Ga0393503_10_3667_5445	CP000240.1:1116585-1118361|CDS|CYB_1081	96.396	1776	64	0	4	1779	1	1776	0.0	2915
Ga0393503_10_3667_5445	CP000239.1:1559183-1560959|CDS|CYA_1550	85.023	1776	266	0	4	1779	1	1776	0.0	2004
Ga0393503_10_5577_6473	CP000240.1:1118492-1119389|CDS|CYB_1082	98.216	897	16	0	1	897	1	897	0.0	1546
Ga0393503_10_5577_6473	CP000239.1:1558159-1559056|CDS|CYA_1549	80.825	897	172	0	1	897	1	897	0.0	843
Ga0393503_10_6520_7353	CP000240.1:1119435-1120269|CDS|CYB_1083	96.882	834	26	0	1	834	1	834	0.0	1388
Ga0393503_10_6520_7353	CP000239.1:1557329-1558139|CDS|CYA_1548	84.436	771	120	0	30	800	27	797	0.0	850
Ga0393503_10_7572_8501	CP000240.1:1120529-1121417|CDS|CYB_1084	96.959	888	27	0	43	930	1	888	0.0	1480
Ga0393503_12_56_1669	CP000240.1:945777-948474|CDS|CYB_0911	98.327	1614	27	0	1	1614	1084	2697	0.0	2790
Ga0393503_12_2022_2222	CP000240.1:945216-945417|CDS|CYB_0910	97.512	201	5	0	1	201	1	201	3.16e-94	341
Ga0393503_12_2022_2222	CP000239.1:1329549-1329765|CDS|CYA_1317	89.552	201	21	0	1	201	16	216	1.64e-72	269
Ga0393503_12_2347_3216	CP000240.1:944224-945076|CDS|CYB_0909	99.765	852	2	0	19	870	1	852	0.0	1528
Ga0393503_12_2347_3216	CP000239.1:1329841-1330684|CDS|CYA_1318	82.567	826	144	0	45	870	18	843	0.0	841
Ga0393503_12_3294_7280	CP000240.1:940184-944147|CDS|CYB_0908	95.887	3987	140	1	1	3987	1	3963	0.0	6469
Ga0393503_12_3294_7280	CP000239.1:1330744-1334707|CDS|CYA_1319	89.967	3987	376	1	1	3987	1	3963	0.0	5405
Ga0393503_13_128_2101	CP000240.1:2807447-2809421|CDS|CYB_2716	99.392	1974	12	0	1	1974	1	1974	0.0	3507
Ga0393503_13_2382_3089	CP000240.1:2806459-2807440|CDS|CYB_2715	97.034	708	21	0	1	708	274	981	0.0	1183
Ga0393503_13_3751_4023	CP000240.1:260888-262250|CDS|CYB_0247	98.901	273	3	0	1	273	931	1203	7.01e-136	480
Ga0393503_13_3751_4023	CP000240.1:369858-371220|CDS|CYB_0353	98.535	273	4	0	1	273	931	1203	8.55e-135	475
Ga0393503_13_3751_4023	CP000240.1:842717-843944|CDS|CYB_0814	91.246	297	2	1	1	273	931	1227	7.50e-123	436
Ga0393503_13_3751_4023	CP000240.1:2804325-2806095|CDS|CYB_2714	99.149	235	2	0	1	235	931	1165	7.02e-117	416
Ga0393503_13_3751_4023	CP000240.1:2368187-2369462|CDS|CYB_2263	98.712	233	3	0	3	235	933	1165	3.64e-114	407
Ga0393503_13_3751_4023	CP000240.1:3023196-3024534|CDS|CYB_2925	90.110	273	3	1	1	273	931	1179	9.76e-109	389
Ga0393503_13_3751_4023	CP000240.1:532981-534160|CDS|CYB_0518	89.744	273	4	1	1	273	931	1179	4.15e-107	384
Ga0393503_13_4304_4669	CP000240.1:369352-369718|CDS|CYB_0352	98.634	366	5	0	1	366	1	366	0.0	638
Ga0393503_13_4304_4669	CP000239.1:497586-497952|CDS|CYA_0479	81.944	360	65	0	1	360	1	360	7.88e-99	357
Ga0393503_13_4946_5806	CP000240.1:368128-369076|CDS|CYB_0350	98.955	861	9	0	1	861	88	948	0.0	1513
Ga0393503_13_4946_5806	CP000239.1:498263-499196|CDS|CYA_0480	82.887	859	147	0	2	860	74	932	0.0	887
Ga0393503_13_6084_6941	CP000240.1:367080-367986|CDS|CYB_0349	98.834	858	10	0	1	858	49	906	0.0	1503
Ga0393503_13_6084_6941	CP000239.1:499315-500221|CDS|CYA_0481	87.879	858	104	0	1	858	49	906	0.0	1079
Ga0393503_13_7024_7413	CP000240.1:366609-366999|CDS|CYB_0348	97.692	390	9	0	1	390	1	390	0.0	664
Ga0393503_13_7024_7413	CP000239.1:500299-500689|CDS|CYA_0482	87.949	390	47	0	1	390	1	390	1.63e-139	492
Ga0393503_13_7435_8346	CP000240.1:365637-366588|CDS|CYB_0347	97.478	912	23	0	1	912	40	951	0.0	1542
Ga0393503_13_7435_8346	CP000239.1:500692-501478|CDS|CYA_0483	73.791	786	204	2	128	912	2	786	2.04e-136	482
Ga0393503_14_6_959	CP000240.1:478586-480641|CDS|CYB_0470	96.395	860	31	0	1	860	526	1385	0.0	1412
Ga0393503_14_6_959	CP000240.1:476535-478557|CDS|CYB_0469	94.580	738	40	0	139	876	649	1386	0.0	1151
Ga0393503_14_6_959	CP000240.1:1355061-1357113|CDS|CYB_1295	93.075	722	50	0	139	860	649	1370	0.0	1077
Ga0393503_14_6_959	CP000239.1:1027703-1029731|CDS|CYA_1011	78.312	853	183	2	4	855	523	1374	0.0	698
Ga0393503_14_980_1444	CP000240.1:482826-483726|CDS|CYB_0473	94.815	405	21	0	1	405	73	477	0.0	636
Ga0393503_14_1555_2019	CP000240.1:483698-484709|CDS|CYB_0474	100.000	465	0	0	1	465	547	1011	0.0	839
Ga0393503_14_1555_2019	CP000239.1:1025027-1025978|CDS|CYA_1008	89.509	448	47	0	1	448	502	949	6.39e-171	597
Ga0393503_14_2115_2630	CP000240.1:484804-485320|CDS|CYB_0475	96.899	516	16	0	1	516	1	516	0.0	859
Ga0393503_14_3044_4588	CP000240.1:485682-489318|CDS|CYB_0476	98.820	1186	14	0	196	1381	4	1189	0.0	2076
Ga0393503_14_3044_4588	CP000239.1:1020397-1024249|CDS|CYA_1007	75.093	1341	325	2	43	1374	79	1419	0.0	912
Ga0393503_14_4479_5150	CP000240.1:501273-502899|CDS|CYB_0488	98.958	672	7	0	1	672	955	1626	0.0	1181
Ga0393503_14_4479_5150	CP000239.1:1910602-1912207|CDS|CYA_1900	90.417	647	62	0	1	647	943	1589	0.0	888
Ga0393503_14_5331_6488	CP000240.1:499935-501054|CDS|CYB_0487	98.302	1119	19	0	40	1158	1	1119	0.0	1933
Ga0393503_14_5331_6488	CP000239.1:1006631-1007750|CDS|CYA_0993	84.629	1119	172	0	40	1158	1	1119	0.0	1243
Ga0393503_14_6549_7256	CP000240.1:499167-499875|CDS|CYB_0486	99.294	708	5	0	1	708	1	708	0.0	1255
Ga0393503_14_6549_7256	CP000239.1:1007813-1008518|CDS|CYA_0994	81.346	713	120	4	1	708	1	705	0.0	681
Ga0393503_14_7256_7957	CP000240.1:498466-499168|CDS|CYB_0485	97.863	702	15	0	1	702	1	702	0.0	1199
Ga0393503_14_7256_7957	CP000239.1:1008517-1009240|CDS|CYA_0995	79.971	694	139	0	1	694	1	694	2.03e-179	626
Ga0393503_15_78_1196	CP000240.1:2421461-2422580|CDS|CYB_2310	97.498	1119	28	0	1	1119	1	1119	0.0	1893
Ga0393503_15_78_1196	CP000239.1:154881-156000|CDS|CYA_0159	88.025	1119	134	0	1	1119	1	1119	0.0	1415
Ga0393503_15_1421_2458	CP000240.1:2419548-2421423|CDS|CYB_2309	97.306	928	19	1	1	928	187	1108	0.0	1563
Ga0393503_15_2729_2857	CP000240.1:2419548-2421423|CDS|CYB_2309	98.039	102	2	0	7	108	1255	1356	4.78e-45	176
Ga0393503_15_3077_3586	CP000240.1:2419548-2421423|CDS|CYB_2309	99.412	510	3	0	1	510	1366	1875	0.0	907
Ga0393503_15_3077_3586	CP000239.1:154077-154842|CDS|CYA_0157	89.183	416	45	0	27	442	321	736	3.20e-156	548
Ga0393503_15_3683_3922	CP000240.1:2419212-2419452|CDS|CYB_2308	99.167	240	2	0	1	240	1	240	1.18e-119	425
Ga0393503_15_3683_3922	CP000239.1:151960-152200|CDS|CYA_0155	86.854	213	28	0	28	240	28	240	1.03e-69	259
Ga0393503_15_4141_4743	CP000240.1:2418299-2418983|CDS|CYB_2307	98.176	603	11	0	1	603	82	684	0.0	1039
Ga0393503_15_4141_4743	CP000239.1:824514-825198|CDS|CYA_0813	86.070	603	84	0	1	603	82	684	0.0	710
Ga0393503_15_5149_6159	CP000240.1:2417062-2418073|CDS|CYB_2306	98.516	1011	15	0	1	1011	1	1011	0.0	1756
Ga0393503_15_5149_6159	CP000239.1:2195309-2196320|CDS|CYA_2179	86.548	1011	136	0	1	1011	1	1011	0.0	1211
Ga0393503_15_6185_7471	CP000240.1:2415750-2417037|CDS|CYB_2305	97.203	1287	36	0	1	1287	1	1287	0.0	2159
Ga0393503_15_6185_7471	CP000239.1:2193985-2195272|CDS|CYA_2178	88.345	1287	150	0	1	1287	1	1287	0.0	1645
Ga0393503_16_17_265	CP000240.1:575033-575858|CDS|CYB_0565	99.197	249	2	0	1	249	577	825	1.59e-124	441
Ga0393503_16_17_265	CP000239.1:545800-546625|CDS|CYA_0530	85.944	249	35	0	1	249	577	825	1.82e-79	292
Ga0393503_16_5096_5473	CP000240.1:2750456-2750834|CDS|CYB_2662	100.000	378	0	0	1	378	1	378	0.0	682
Ga0393503_16_5096_5473	CP000240.1:2571005-2571383|CDS|CYB_2474	100.000	378	0	0	1	378	1	378	0.0	682
Ga0393503_16_5096_5473	CP000240.1:2181774-2182152|CDS|CYB_2085	100.000	378	0	0	1	378	1	378	0.0	682
Ga0393503_16_5096_5473	CP000240.1:214818-215196|CDS|CYB_0204	100.000	378	0	0	1	378	1	378	0.0	682
Ga0393503_16_5096_5473	CP000240.1:66226-66604|CDS|CYB_0053	100.000	378	0	0	1	378	1	378	0.0	682
Ga0393503_16_5096_5473	CP000240.1:2692552-2692930|CDS|CYB_2592	99.735	378	1	0	1	378	1	378	0.0	678
Ga0393503_16_5096_5473	CP000240.1:2505500-2505878|CDS|CYB_2407	99.735	378	1	0	1	378	1	378	0.0	678
Ga0393503_16_5096_5473	CP000240.1:2354072-2354450|CDS|CYB_2250	99.735	378	1	0	1	378	1	378	0.0	678
Ga0393503_16_5096_5473	CP000240.1:2165300-2165678|CDS|CYB_2067	99.735	378	1	0	1	378	1	378	0.0	678
Ga0393503_16_5096_5473	CP000240.1:1839469-1839847|CDS|CYB_1756	99.735	378	1	0	1	378	1	378	0.0	678
Ga0393503_16_5096_5473	CP000240.1:1127858-1128236|CDS|CYB_1092	99.735	378	1	0	1	378	1	378	0.0	678
Ga0393503_16_5096_5473	CP000240.1:2728450-2728828|CDS|CYB_2638	99.471	378	2	0	1	378	1	378	0.0	673
Ga0393503_16_5096_5473	CP000240.1:1750510-1750888|CDS|CYB_1673	99.471	378	2	0	1	378	1	378	0.0	673
Ga0393503_16_5096_5473	CP000240.1:1639380-1639758|CDS|CYB_1567	99.471	378	2	0	1	378	1	378	0.0	673
Ga0393503_16_5096_5473	CP000240.1:1332515-1332893|CDS|CYB_1276	99.471	378	2	0	1	378	1	378	0.0	673
Ga0393503_16_5096_5473	CP000240.1:210424-210802|CDS|CYB_0197	99.471	378	2	0	1	378	1	378	0.0	673
Ga0393503_16_5470_5838	CP000240.1:2750791-2751199|CDS|CYB_2663	99.729	369	1	0	1	369	40	408	0.0	662
Ga0393503_16_5470_5838	CP000240.1:2182109-2182517|CDS|CYB_2086	99.729	369	1	0	1	369	40	408	0.0	662
Ga0393503_16_5470_5838	CP000240.1:1332150-1332558|CDS|CYB_1275	99.729	369	1	0	1	369	40	408	0.0	662
Ga0393503_16_5470_5838	CP000240.1:214453-214861|CDS|CYB_0203	99.729	369	1	0	1	369	40	408	0.0	662
Ga0393503_16_5470_5838	CP000240.1:210759-211167|CDS|CYB_0198	99.729	369	1	0	1	369	40	408	0.0	662
Ga0393503_16_5470_5838	CP000240.1:2692187-2692595|CDS|CYB_2591	99.458	369	2	0	1	369	40	408	0.0	657
Ga0393503_16_5470_5838	CP000240.1:2505835-2506243|CDS|CYB_2408	99.458	369	2	0	1	369	40	408	0.0	657
Ga0393503_16_5470_5838	CP000240.1:2353707-2354115|CDS|CYB_2249	99.458	369	2	0	1	369	40	408	0.0	657
Ga0393503_16_5470_5838	CP000240.1:2165635-2166043|CDS|CYB_2068	99.458	369	2	0	1	369	40	408	0.0	657
Ga0393503_16_5470_5838	CP000240.1:1639015-1639423|CDS|CYB_1566	99.458	369	2	0	1	369	40	408	0.0	657
Ga0393503_16_5470_5838	CP000240.1:1128193-1128601|CDS|CYB_1093	99.458	369	2	0	1	369	40	408	0.0	657
Ga0393503_16_5470_5838	CP000240.1:2728785-2729193|CDS|CYB_2639	99.187	369	3	0	1	369	40	408	0.0	653
Ga0393503_16_5470_5838	CP000240.1:2571340-2571748|CDS|CYB_2475	99.187	369	3	0	1	369	40	408	0.0	653
Ga0393503_16_5470_5838	CP000240.1:651866-652274|CDS|CYB_0641	99.187	369	3	0	1	369	40	408	0.0	653
Ga0393503_16_5470_5838	CP000240.1:65861-66269|CDS|CYB_0052	99.187	369	3	0	1	369	40	408	0.0	653
Ga0393503_16_5470_5838	CP000240.1:1839104-1839512|CDS|CYB_1755	98.916	369	4	0	1	369	40	408	0.0	648
Ga0393503_16_5470_5838	CP000240.1:1750145-1750553|CDS|CYB_1672	98.916	369	4	0	1	369	40	408	0.0	648
Ga0393503_16_6208_7044	CP000240.1:571690-572527|CDS|CYB_0562	99.164	837	7	0	1	837	1	837	0.0	1479
Ga0393503_16_6208_7044	CP000239.1:2614375-2615212|CDS|CYA_2592	83.632	837	137	0	1	837	1	837	0.0	893
Ga0393503_17_55_1344	CP000240.1:56765-58055|CDS|CYB_0045	96.977	1290	39	0	1	1290	1	1290	0.0	2151
Ga0393503_17_55_1344	CP000239.1:634312-635602|CDS|CYA_0624	83.824	1292	205	2	1	1290	1	1290	0.0	1383
Ga0393503_17_1575_2618	CP000240.1:55506-56598|CDS|CYB_0044	98.538	1026	15	0	1	1026	64	1089	0.0	1783
Ga0393503_17_1575_2618	CP000239.1:633055-634186|CDS|CYA_0623	85.478	1026	134	1	1	1011	88	1113	0.0	1188
Ga0393503_17_2807_3994	CP000240.1:54108-55404|CDS|CYB_0043	98.401	1188	19	0	1	1188	109	1296	0.0	2058
Ga0393503_17_2807_3994	CP000239.1:631634-632930|CDS|CYA_0622	94.019	1187	67	2	4	1188	112	1296	0.0	1816
Ga0393503_17_4417_4641	CP000240.1:51933-52434|CDS|CYB_0042	99.556	225	1	0	1	225	399	175	1.25e-112	402
Ga0393503_17_4417_4641	CP000239.1:629517-630009|CDS|CYA_0621	99.111	225	2	0	1	225	399	175	1.52e-111	398
Ga0393503_17_4840_6987	CP000239.1:627357-629493|CDS|CYA_0619	97.238	2136	59	0	13	2148	1	2136	0.0	3587
Ga0393503_17_4840_6987	CP000240.1:49773-51909|CDS|CYB_0040	97.051	2136	63	0	13	2148	1	2136	0.0	3569
Ga0393503_18_127_1218	CP000240.1:1308297-1309389|CDS|CYB_1254	95.971	1092	44	0	1	1092	1	1092	0.0	1772
Ga0393503_18_127_1218	CP000239.1:2719953-2721045|CDS|CYA_2703	88.553	1092	125	0	1	1092	1	1092	0.0	1407
Ga0393503_18_1266_2741	CP000240.1:1309436-1310912|CDS|CYB_1255	98.374	1476	24	0	1	1476	1	1476	0.0	2554
Ga0393503_18_1266_2741	CP000239.1:2718425-2719907|CDS|CYA_2702	85.502	1483	203	5	1	1474	1	1480	0.0	1694
Ga0393503_18_2855_4744	CP000240.1:1310953-1312915|CDS|CYB_1256	97.989	1890	38	0	1	1890	73	1962	0.0	3238
Ga0393503_18_4847_6166	CP000240.1:1313017-1314289|CDS|CYB_1257	99.764	1273	2	1	1	1273	1	1272	0.0	2279
Ga0393503_18_6194_7117	CP000240.1:1314363-1315503|CDS|CYB_1258	96.537	924	32	0	1	924	217	1140	0.0	1523
Ga0393503_18_6194_7117	CP000239.1:2715284-2716424|CDS|CYA_2700	84.632	924	142	0	1	924	217	1140	0.0	1027
Ga0393503_19_221_1798	CP000240.1:2828629-2830276|CDS|CYB_2733	98.352	1578	26	0	1	1578	70	1647	0.0	2729
Ga0393503_19_221_1798	CP000239.1:2057849-2059484|CDS|CYA_2038	84.898	1523	227	2	4	1526	61	1580	0.0	1704
Ga0393503_19_1795_2895	CP000240.1:2827532-2828633|CDS|CYB_2734	98.274	1101	19	0	1	1101	1	1101	0.0	1901
Ga0393503_19_1795_2895	CP000239.1:2056744-2057839|CDS|CYA_2037	88.193	1101	124	1	1	1101	1	1095	0.0	1401
Ga0393503_19_3471_4049	CP000240.1:2826359-2827061|CDS|CYB_2732	98.774	571	7	0	1	571	109	679	0.0	999
Ga0393503_19_3471_4049	CP000239.1:2055622-2056153|CDS|CYA_2036	75.629	517	87	2	59	575	44	521	6.20e-109	391
Ga0393503_19_4062_6650	CP000240.1:2823702-2826357|CDS|CYB_2731	95.583	2581	114	0	1	2581	73	2653	0.0	4141
Ga0393503_19_4062_6650	CP000239.1:2052971-2055620|CDS|CYA_2035	87.717	2475	274	2	2	2476	74	2518	0.0	3112
Ga0393503_20_737_1387	CP000240.1:201388-202078|CDS|CYB_0188	99.693	651	2	0	1	651	40	690	0.0	1166
Ga0393503_20_737_1387	CP000239.1:2811141-2811831|CDS|CYA_2792	85.080	563	84	0	88	650	127	689	0.0	637
Ga0393503_20_1558_2187	CP000240.1:202190-202922|CDS|CYB_0189	98.889	630	7	0	1	630	103	732	0.0	1105
Ga0393503_20_1558_2187	CP000239.1:2811954-2812680|CDS|CYA_2793	83.810	630	96	1	1	630	103	726	0.0	678
Ga0393503_20_2532_3755	CP000240.1:203164-204388|CDS|CYB_0190	98.938	1224	13	0	1	1224	1	1224	0.0	2150
Ga0393503_20_2532_3755	CP000239.1:2812904-2814101|CDS|CYA_2794	85.505	1159	154	3	1	1158	1	1146	0.0	1333
Ga0393503_20_3917_4660	CP000240.1:204871-205585|CDS|CYB_0191	98.596	712	10	0	33	744	3	714	0.0	1240
Ga0393503_20_5332_5673	CP000240.1:206257-206599|CDS|CYB_0192	97.953	342	7	0	1	342	1	342	8.37e-168	586
Ga0393503_20_5332_5673	CP000239.1:776957-777299|CDS|CYA_0769	89.254	335	36	0	1	335	1	335	6.44e-125	443
Ga0393503_21_1427_2935	CP000240.1:1894837-1896346|CDS|CYB_1811	99.072	1509	14	0	1	1509	1	1509	0.0	2659
Ga0393503_21_1427_2935	CP000239.1:1603970-1605488|CDS|CYA_1594	84.605	1455	206	6	1	1446	1	1446	0.0	1604
Ga0393503_21_2972_4153	CP000240.1:1893619-1894801|CDS|CYB_1810	96.362	1182	43	0	1	1182	1	1182	0.0	1939
Ga0393503_21_2972_4153	CP000239.1:1605541-1606801|CDS|CYA_1595	86.068	1170	157	2	1	1167	1	1167	0.0	1372
Ga0393503_21_4342_5502	CP000240.1:1892267-1893431|CDS|CYB_1808	97.498	1159	29	0	1	1159	1	1159	0.0	1960
Ga0393503_21_4342_5502	CP000239.1:1607175-1608336|CDS|CYA_1597	86.554	1123	151	0	1	1123	1	1123	0.0	1345
Ga0393503_22_1776_4091	CP000240.1:2694267-2696505|CDS|CYB_2595	99.553	2238	10	0	79	2316	1	2238	0.0	3992
Ga0393503_22_4276_4803	CP000240.1:2693555-2694083|CDS|CYB_2594	99.432	528	3	0	1	528	1	528	0.0	939
Ga0393503_22_4276_4803	CP000239.1:1199236-1199788|CDS|CYA_1184	78.066	424	72	5	1	406	1	421	2.56e-94	343
Ga0393503_22_4840_5358	CP000240.1:2693000-2693519|CDS|CYB_2593	99.807	519	1	0	1	519	1	519	0.0	932
Ga0393503_23_6_497	CP000240.1:1826361-1827114|CDS|CYB_1743	99.797	492	1	0	1	492	262	753	0.0	884
Ga0393503_23_6_497	CP000239.1:865477-866230|CDS|CYA_0858	86.066	488	68	0	1	488	262	749	2.22e-164	574
Ga0393503_23_511_1704	CP000240.1:2565689-2566883|CDS|CYB_2468	90.955	1194	108	0	1	1194	1	1194	0.0	1667
Ga0393503_23_511_1704	CP000240.1:2247371-2248565|CDS|CYB_2147	90.620	1194	112	0	1	1194	1	1194	0.0	1649
Ga0393503_23_511_1704	CP000239.1:1594889-1596107|CDS|CYA_1585	89.573	1218	103	1	1	1194	1	1218	0.0	1642
Ga0393503_23_511_1704	CP000240.1:345730-346924|CDS|CYB_0329	90.117	1194	118	0	1	1194	1	1194	0.0	1622
Ga0393503_23_511_1704	CP000240.1:1384265-1385459|CDS|CYB_1322	89.698	1194	123	0	1	1194	1	1194	0.0	1599
Ga0393503_23_511_1704	CP000240.1:1316312-1317548|CDS|CYB_1259	88.107	1236	105	4	1	1194	1	1236	0.0	1587
Ga0393503_23_511_1704	CP000240.1:241642-242836|CDS|CYB_0233	89.038	1195	129	2	1	1194	1	1194	0.0	1558
Ga0393503_23_511_1704	CP000240.1:1015074-1016268|CDS|CYB_0979	88.107	1194	142	0	1	1194	1	1194	0.0	1514
Ga0393503_23_511_1704	CP000240.1:102811-104029|CDS|CYB_0087	86.946	1218	135	1	1	1194	1	1218	0.0	1498
Ga0393503_23_511_1704	CP000239.1:893439-894633|CDS|CYA_0887	87.688	1194	147	0	1	1194	1	1194	0.0	1491
Ga0393503_23_511_1704	CP000239.1:994256-995468|CDS|CYA_0981	87.129	1212	138	2	1	1194	1	1212	0.0	1490
Ga0393503_23_511_1704	CP000240.1:2168360-2169515|CDS|CYB_2071	87.706	1155	142	0	1	1155	1	1155	0.0	1443
Ga0393503_23_511_1704	CP000240.1:1842322-1843549|CDS|CYB_1759	87.208	1157	120	3	1	1131	1	1155	0.0	1432
Ga0393503_23_511_1704	CP000240.1:1803089-1804283|CDS|CYB_1722	87.091	1131	146	0	1	1131	1	1131	0.0	1382
Ga0393503_23_511_1704	CP000240.1:3008652-3009870|CDS|CYB_2910	86.147	1155	136	1	1	1131	1	1155	0.0	1379
Ga0393503_23_511_1704	CP000240.1:1064975-1066169|CDS|CYB_1023	86.933	1125	147	0	1	1125	1	1125	0.0	1367
Ga0393503_23_511_1704	CP000239.1:2170714-2171908|CDS|CYA_2158	86.649	1131	151	0	1	1131	1	1131	0.0	1360
Ga0393503_23_511_1704	CP000240.1:1190675-1191869|CDS|CYB_1151	86.590	1126	149	2	1	1125	1	1125	0.0	1343
Ga0393503_23_511_1704	CP000239.1:774779-775973|CDS|CYA_0767	86.222	1125	155	0	1	1125	1	1125	0.0	1331
Ga0393503_23_511_1704	CP000240.1:2644164-2645358|CDS|CYB_2538	86.133	1125	156	0	1	1125	1	1125	0.0	1326
Ga0393503_23_511_1704	CP000240.1:2830275-2831565|CDS|CYB_2735	83.025	1243	162	3	1	1194	1	1243	0.0	1322
Ga0393503_23_511_1704	CP000240.1:52430-53648|CDS|CYB_0041	84.935	1155	150	1	1	1131	1	1155	0.0	1316
Ga0393503_23_511_1704	CP000240.1:2796782-2798000|CDS|CYB_2707	85.030	1149	148	1	1	1125	1	1149	0.0	1315
Ga0393503_23_511_1704	CP000240.1:638632-639850|CDS|CYB_0630	84.943	1149	149	1	1	1125	1	1149	0.0	1310
Ga0393503_23_511_1704	CP000239.1:698055-699204|CDS|CYA_0690	84.991	1146	148	1	1	1122	1	1146	0.0	1309
Ga0393503_23_511_1704	CP000239.1:629980-631174|CDS|CYA_0620	85.778	1125	160	0	1	1125	1	1125	0.0	1308
Ga0393503_23_511_1704	CP000240.1:2661652-2662870|CDS|CYB_2557	84.769	1149	151	1	1	1125	1	1149	0.0	1301
Ga0393503_23_511_1704	CP000240.1:1521392-1522610|CDS|CYB_1450	84.769	1149	151	1	1	1125	1	1149	0.0	1301
Ga0393503_23_511_1704	CP000240.1:1358129-1359347|CDS|CYB_1297	84.682	1149	152	1	1	1125	1	1149	0.0	1297
Ga0393503_23_511_1704	CP000240.1:1267756-1268992|CDS|CYB_1227	82.700	1237	170	5	1	1194	1	1236	0.0	1284
Ga0393503_23_511_1704	CP000240.1:2210858-2212052|CDS|CYB_2117	85.244	1125	166	0	1	1125	1	1125	0.0	1281
Ga0393503_23_511_1704	CP000240.1:629484-630702|CDS|CYB_0620	84.242	1155	158	1	1	1131	1	1155	0.0	1280
Ga0393503_23_511_1704	CP000240.1:605550-606744|CDS|CYB_0598	85.057	1131	169	0	1	1131	1	1131	0.0	1278
Ga0393503_23_511_1704	CP000240.1:2553363-2554557|CDS|CYB_2454	85.156	1125	167	0	1	1125	1	1125	0.0	1277
Ga0393503_23_511_1704	CP000240.1:2128026-2129220|CDS|CYB_2026	83.960	1197	186	5	1	1194	1	1194	0.0	1277
Ga0393503_23_511_1704	CP000240.1:2619921-2621115|CDS|CYB_2521	85.169	1126	165	2	1	1125	1	1125	0.0	1271
Ga0393503_23_511_1704	CP000240.1:1954838-1956056|CDS|CYB_1872	84.069	1155	160	1	1	1131	1	1155	0.0	1271
Ga0393503_23_511_1704	CP000239.1:712444-713638|CDS|CYA_0704	84.881	1131	171	0	1	1131	1	1131	0.0	1269
Ga0393503_23_511_1704	CP000240.1:2933473-2934709|CDS|CYB_2835	82.405	1239	170	7	1	1194	1	1236	0.0	1264
Ga0393503_23_511_1704	CP000240.1:481588-482800|CDS|CYB_0472	83.182	1213	184	5	1	1194	1	1212	0.0	1264
Ga0393503_23_511_1704	CP000240.1:1244785-1246021|CDS|CYB_1201	82.201	1236	178	3	1	1194	1	1236	0.0	1262
Ga0393503_23_511_1704	CP000240.1:1083184-1084426|CDS|CYB_1042	83.036	1179	152	2	1	1131	1	1179	0.0	1260
Ga0393503_23_511_1704	CP000240.1:1917270-1918464|CDS|CYB_1826	80.952	1197	222	5	1	1194	1	1194	0.0	1114
Ga0393503_23_511_1704	CP000240.1:1763450-1764623|CDS|CYB_1688	80.475	1178	218	5	1	1172	1	1172	0.0	1076
Ga0393503_23_511_1704	CP000240.1:2506708-2507857|CDS|CYB_2410	78.678	1135	120	6	1	1014	1	1134	0.0	1040
Ga0393503_23_511_1704	CP000240.1:2219258-2220470|CDS|CYB_2126	78.995	1214	233	5	1	1194	1	1212	0.0	1038
Ga0393503_23_511_1704	CP000239.1:693322-694534|CDS|CYA_0687	78.254	1214	242	5	1	1194	1	1212	0.0	997
Ga0393503_23_511_1704	CP000239.1:88305-89487|CDS|CYA_0091	75.822	1125	240	7	1	1115	1	1103	0.0	801
Ga0393503_23_1837_2571	CP000240.1:1823993-1824728|CDS|CYB_1741	99.184	735	6	0	1	735	1	735	0.0	1299
Ga0393503_23_1837_2571	CP000239.1:2658592-2659321|CDS|CYA_2643	86.207	725	100	0	1	725	1	725	0.0	857
Ga0393503_23_2818_4059	CP000240.1:1822505-1823747|CDS|CYB_1740	98.631	1242	17	0	1	1242	1	1242	0.0	2164
Ga0393503_23_2818_4059	CP000239.1:2659823-2661062|CDS|CYA_2644	83.540	1130	186	0	1	1130	1	1130	0.0	1200
Ga0393503_24_237_803	CP000239.1:1152933-1153500|CDS|CYA_1127	100.000	567	0	0	1	567	1	567	0.0	1023
Ga0393503_24_237_803	CP000239.1:1012514-1013081|CDS|CYA_0998	100.000	567	0	0	1	567	1	567	0.0	1023
Ga0393503_24_237_803	CP000239.1:2653692-2654259|CDS|CYA_2637	99.471	567	3	0	1	567	1	567	0.0	1010
Ga0393503_24_237_803	CP000239.1:1290362-1291310|CDS|CYA_1279	99.295	567	4	0	1	567	382	948	0.0	1005
Ga0393503_24_237_803	CP000239.1:2728909-2729476|CDS|CYA_2710	99.118	567	5	0	1	567	1	567	0.0	1001
Ga0393503_24_237_803	CP000239.1:1612111-1613059|CDS|CYA_1604	98.765	567	7	0	1	567	382	948	0.0	992
Ga0393503_24_237_803	CP000239.1:51699-52647|CDS|CYA_0053	98.765	567	7	0	1	567	382	948	0.0	992
Ga0393503_24_237_803	CP000239.1:1664315-1664882|CDS|CYA_1662	98.060	567	11	0	1	567	1	567	0.0	974
Ga0393503_24_237_803	CP000239.1:1368174-1368741|CDS|CYA_1360	98.060	567	11	0	1	567	1	567	0.0	974
Ga0393503_24_237_803	CP000239.1:1300214-1300781|CDS|CYA_1289	98.060	567	11	0	1	567	1	567	0.0	974
Ga0393503_24_237_803	CP000239.1:1321049-1321982|CDS|CYA_1311	97.350	566	0	1	2	567	383	933	0.0	963
Ga0393503_24_237_803	CP000239.1:2101215-2101767|CDS|CYA_2081	97.002	567	2	1	1	567	1	552	0.0	956
Ga0393503_24_237_803	CP000239.1:34936-35488|CDS|CYA_0038	96.649	567	4	1	1	567	1	552	0.0	947
Ga0393503_24_237_803	CP000239.1:2863003-2863513|CDS|CYA_2846	99.216	510	4	0	58	567	1	510	0.0	902
Ga0393503_24_864_1100	CP000239.1:1807824-1808778|CDS|CYA_1806	73.246	228	59	1	5	230	720	947	2.93e-32	134
Ga0393503_24_1110_2735	CP000240.1:1901328-1902870|CDS|CYB_1816	98.114	1538	29	0	85	1622	1	1538	0.0	2644
Ga0393503_24_1110_2735	CP000239.1:1578941-1580483|CDS|CYA_1570	88.274	1535	180	0	91	1625	7	1541	0.0	1957
Ga0393503_24_2853_3899	CP000240.1:1900080-1901127|CDS|CYB_1815	99.236	1047	8	0	1	1047	1	1047	0.0	1853
Ga0393503_24_2853_3899	CP000239.1:1577758-1578805|CDS|CYA_1569	87.273	1045	133	0	1	1045	1	1045	0.0	1286
Ga0393503_24_4019_4243	CP000240.1:1899635-1899971|CDS|CYB_1814	99.556	225	1	0	1	225	112	336	1.25e-112	402
Ga0393503_24_4019_4243	CP000239.1:1577384-1577690|CDS|CYA_1568	82.840	169	29	0	3	171	114	282	3.15e-44	175
Ga0393503_24_4573_5673	CP000240.1:1898316-1899534|CDS|CYB_1813	97.548	1101	27	0	1	1101	118	1218	0.0	1865
Ga0393503_24_4573_5673	CP000239.1:1576087-1577257|CDS|CYA_1566	80.532	1053	199	1	1	1053	106	1152	0.0	976
Ga0393503_25_551_1078	CP000240.1:2619378-2619876|CDS|CYB_2520	99.352	463	3	0	25	487	1	463	0.0	822
Ga0393503_25_551_1078	CP000239.1:2451932-2452448|CDS|CYA_2441	83.806	494	80	0	25	518	1	494	2.55e-151	531
Ga0393503_25_1129_2439	CP000240.1:2621228-2622539|CDS|CYB_2522	96.262	1311	49	0	1	1311	1	1311	0.0	2144
Ga0393503_25_1129_2439	CP000239.1:174652-175975|CDS|CYA_0178	86.489	1310	177	0	2	1311	14	1323	0.0	1565
Ga0393503_25_2663_3109	CP000240.1:2622807-2623209|CDS|CYB_2523	90.306	392	38	0	46	437	1	392	5.04e-153	536
Ga0393503_25_2663_3109	CP000239.1:176346-176748|CDS|CYA_0179	86.480	392	53	0	46	437	1	392	2.14e-132	469
Ga0393503_26_939_1235	CP000240.1:295073-295370|CDS|CYB_0280	98.653	297	4	0	1	297	1	297	8.76e-148	518
Ga0393503_26_939_1235	CP000239.1:653708-654005|CDS|CYA_0643	90.236	297	29	0	1	297	1	297	1.39e-113	406
Ga0393503_26_1321_1428	CP000239.1:653520-653628|CDS|CYA_0642	86.170	94	13	0	1	94	1	94	1.34e-25	112
Ga0393503_26_1558_1977	CP000240.1:294355-294742|CDS|CYB_0279	94.057	387	23	0	34	420	1	387	2.00e-170	595
Ga0393503_26_1558_1977	CP000239.1:11267-11660|CDS|CYA_0010	84.034	357	57	0	34	390	1	357	5.39e-108	388
Ga0393503_26_2151_3518	CP000240.1:292777-294145|CDS|CYB_0278	96.053	1368	54	0	1	1368	1	1368	0.0	2224
Ga0393503_26_2151_3518	CP000239.1:11809-13177|CDS|CYA_0011	89.875	1363	138	0	1	1363	1	1363	0.0	1837
Ga0393503_26_3738_4475	CP000240.1:291857-292559|CDS|CYB_0277	94.017	702	42	0	37	738	1	702	0.0	1077
Ga0393503_26_3738_4475	CP000239.1:14216-14957|CDS|CYA_0013	87.363	728	92	0	1	728	1	728	0.0	899
Ga0393503_26_4516_4986	CP000240.1:291316-291781|CDS|CYB_0276	97.624	463	11	0	9	471	3	465	0.0	786
Ga0393503_26_4516_4986	CP000239.1:14997-15462|CDS|CYA_0014	89.849	463	47	0	9	471	3	465	4.66e-179	624
Ga0393503_26_5032_5373	CP000240.1:290737-291265|CDS|CYB_0275	100.000	342	0	0	1	342	187	528	1.42e-177	618
Ga0393503_26_5032_5373	CP000239.1:15512-16040|CDS|CYA_0015	88.889	342	38	0	1	342	187	528	5.29e-126	446
Ga0393503_27_1366_2199	CP000240.1:1202876-1203710|CDS|CYB_1164	98.921	834	9	0	1	834	1	834	0.0	1464
Ga0393503_27_1366_2199	CP000239.1:1677523-1678357|CDS|CYA_1678	87.239	815	104	0	1	815	1	815	0.0	1002
Ga0393503_27_2275_2559	CP000240.1:1203778-1204063|CDS|CYB_1165	97.193	285	8	0	1	285	1	285	7.35e-136	479
Ga0393503_27_2275_2559	CP000239.1:1677193-1677484|CDS|CYA_1677	86.505	289	33	1	1	283	1	289	3.13e-96	347
Ga0393503_27_2275_2559	CP000239.1:529493-529808|CDS|CYA_0511	68.398	231	71	2	1	230	1	230	6.92e-16	81.5
Ga0393503_27_2755_3537	CP000240.1:1204259-1205042|CDS|CYB_1166	97.829	783	17	0	1	783	1	783	0.0	1336
Ga0393503_27_2755_3537	CP000239.1:1676216-1676999|CDS|CYA_1675	85.476	778	113	0	1	778	1	778	0.0	894
Ga0393503_27_3534_4523	CP000240.1:1205038-1206028|CDS|CYB_1167	99.899	990	1	0	1	990	1	990	0.0	1782
Ga0393503_27_3534_4523	CP000239.1:1675215-1676220|CDS|CYA_1674	84.678	979	150	0	1	979	1	979	0.0	1090
Ga0393503_28_34_765	CP000240.1:2497102-2497912|CDS|CYB_2397	89.603	731	76	0	1	731	79	809	0.0	976
Ga0393503_28_34_765	CP000239.1:1071254-1071986|CDS|CYA_1053	83.311	731	122	0	1	731	1	731	0.0	769
Ga0393503_28_897_1037	CP000240.1:2498043-2498184|CDS|CYB_2398	92.908	141	10	0	1	141	1	141	2.58e-55	210
Ga0393503_28_1348_2292	CP000240.1:2498323-2499439|CDS|CYB_2399	97.234	940	26	0	1	940	172	1111	0.0	1579
Ga0393503_28_1348_2292	CP000239.1:1069763-1070897|CDS|CYA_1051	86.989	930	121	0	8	937	179	1108	0.0	1132
Ga0393503_28_2367_3350	CP000240.1:2499534-2500518|CDS|CYB_2400	99.390	984	6	0	1	984	1	984	0.0	1748
Ga0393503_28_2367_3350	CP000239.1:1068747-1069734|CDS|CYA_1050	87.035	941	122	0	43	983	46	986	0.0	1148
Ga0393503_28_3771_4430	CP000240.1:2500951-2501611|CDS|CYB_2402	96.970	660	20	0	1	660	1	660	0.0	1101
Ga0393503_29_1027_1257	CP000240.1:212622-212853|CDS|CYB_0201	100.000	231	0	0	1	231	1	231	1.67e-117	417
Ga0393503_29_1027_1257	CP000239.1:783952-784174|CDS|CYA_0778	85.638	188	27	0	1	188	1	188	3.03e-57	218
Ga0393503_29_1434_1868	CP000240.1:212011-212446|CDS|CYB_0200	97.005	434	13	0	1	434	1	434	0.0	725
Ga0393503_29_1434_1868	CP000239.1:781897-782347|CDS|CYA_0776	85.421	439	52	2	1	427	1	439	8.29e-144	506
Ga0393503_29_2220_2753	CP000240.1:211181-211715|CDS|CYB_0199	98.502	534	8	0	1	534	1	534	0.0	928
Ga0393503_29_2220_2753	CP000239.1:781028-781538|CDS|CYA_0774	88.320	488	57	0	1	488	1	488	5.32e-179	624
Ga0393503_29_2795_3643	CP000240.1:209502-210327|CDS|CYB_0196	96.584	849	5	1	1	849	1	825	0.0	1418
Ga0393503_29_2795_3643	CP000239.1:780165-780984|CDS|CYA_0773	84.494	761	115	1	1	761	1	758	0.0	839
Ga0393503_29_3709_4581	CP000240.1:208564-209434|CDS|CYB_0195	95.977	870	35	0	4	873	1	870	0.0	1412
Ga0393503_29_3709_4581	CP000239.1:779225-780056|CDS|CYA_0772	78.114	827	150	5	25	849	1	798	0.0	682
Ga0393503_29_4595_5164	CP000240.1:207846-208548|CDS|CYB_0194	95.965	570	23	0	1	570	133	702	0.0	925
Ga0393503_29_4595_5164	CP000239.1:778522-779203|CDS|CYA_0771	78.704	540	103	2	3	542	132	659	5.00e-129	458
Ga0393503_30_49_549	CP000240.1:74615-75209|CDS|CYB_0063	99.202	501	4	0	1	501	94	594	0.0	886
Ga0393503_30_49_549	CP000239.1:592231-592873|CDS|CYA_0581	83.195	482	81	0	1	482	97	578	3.36e-143	505
Ga0393503_30_625_963	CP000240.1:74201-74573|CDS|CYB_0062	100.000	339	0	0	1	339	34	372	5.96e-176	612
Ga0393503_30_625_963	CP000239.1:591847-592186|CDS|CYA_0580	88.166	338	40	0	1	338	1	338	4.03e-121	430
Ga0393503_30_1560_1880	CP000240.1:73284-73605|CDS|CYB_0061	100.000	321	0	0	1	321	1	321	3.32e-166	580
Ga0393503_30_1560_1880	CP000239.1:590946-591267|CDS|CYA_0578	88.474	321	37	0	1	321	1	321	1.02e-115	413
Ga0393503_30_1938_2849	CP000240.1:72315-73227|CDS|CYB_0059	98.465	912	14	0	1	912	1	912	0.0	1582
Ga0393503_30_1938_2849	CP000239.1:589985-590897|CDS|CYA_0576	86.075	912	125	2	1	911	1	911	0.0	1066
Ga0393503_30_2846_3919	CP000240.1:71167-72319|CDS|CYB_0060	98.790	1074	13	0	1	1074	79	1152	0.0	1879
Ga0393503_30_2846_3919	CP000239.1:588837-589989|CDS|CYA_0577	90.214	1073	105	0	1	1073	79	1151	0.0	1462
Ga0393503_30_4407_4865	CP000240.1:69558-70017|CDS|CYB_0057	99.782	459	1	0	1	459	1	459	0.0	824
Ga0393503_30_4407_4865	CP000239.1:587312-587771|CDS|CYA_0574	85.403	459	67	0	1	459	1	459	9.36e-150	526
Ga0393503_31_741_1691	CP000240.1:1634809-1635796|CDS|CYB_1560	96.712	882	29	0	70	951	106	987	0.0	1461
Ga0393503_31_741_1691	CP000239.1:1878065-1879004|CDS|CYA_1875	84.885	913	138	0	36	948	12	924	0.0	1025
Ga0393503_31_1811_2077	CP000240.1:1635816-1636182|CDS|CYB_1561	98.127	267	5	0	1	267	100	366	6.41e-130	460
Ga0393503_31_2127_2345	CP000240.1:1636231-1636465|CDS|CYB_1562	100.000	219	0	0	1	219	16	234	5.16e-111	396
Ga0393503_31_2415_3191	CP000240.1:1636486-1637269|CDS|CYB_1564	92.692	780	24	3	1	777	34	783	0.0	1167
Ga0393503_31_2415_3191	CP000239.1:1875933-1876707|CDS|CYA_1870	87.629	776	60	4	2	777	35	774	0.0	982
Ga0393503_31_3157_3963	CP000240.1:1637234-1638041|CDS|CYB_1563	91.822	807	66	0	1	807	1	807	0.0	1159
Ga0393503_31_3157_3963	CP000239.1:1875185-1875968|CDS|CYA_1871	85.254	807	95	1	1	807	1	783	0.0	937
Ga0393503_31_3998_4756	CP000240.1:1638082-1638856|CDS|CYB_1565	98.946	759	8	0	1	759	16	774	0.0	1333
Ga0393503_31_3998_4756	CP000239.1:1874379-1875156|CDS|CYA_1869	89.578	758	79	0	1	758	19	776	0.0	1012
Ga0393503_32_1245_2777	CP000240.1:1904033-1905566|CDS|CYB_1818	99.022	1533	15	0	1	1533	1	1533	0.0	2698
Ga0393503_32_1245_2777	CP000239.1:2546832-2548365|CDS|CYA_2527	80.809	1532	294	0	1	1532	1	1532	0.0	1438
Ga0393503_32_2859_4184	CP000240.1:1905647-1906973|CDS|CYB_1819	99.170	1326	11	0	1	1326	1	1326	0.0	2342
Ga0393503_32_2859_4184	CP000239.1:1902122-1903463|CDS|CYA_1894	85.896	1340	174	1	1	1325	1	1340	0.0	1574
Ga0393503_33_18_1070	CP000240.1:831481-833314|CDS|CYB_0806	99.430	1053	6	0	1	1053	781	1833	0.0	1873
Ga0393503_33_18_1070	CP000239.1:313287-315018|CDS|CYA_0308	68.910	1055	210	14	1	1053	793	1731	5.20e-132	468
Ga0393503_33_1074_1517	CP000240.1:831034-831478|CDS|CYB_0805	98.198	444	8	0	1	444	1	444	0.0	765
Ga0393503_33_1074_1517	CP000239.1:312833-313277|CDS|CYA_0307	83.559	444	73	0	1	444	1	444	1.75e-133	472
Ga0393503_33_1659_1856	CP000240.1:830328-830916|CDS|CYB_0804	100.000	198	0	0	1	198	24	221	1.16e-99	358
Ga0393503_33_1659_1856	CP000239.1:312457-312718|CDS|CYA_0306	78.947	190	40	0	1	190	34	223	4.93e-41	163
Ga0393503_33_1939_2223	CP000240.1:830328-830916|CDS|CYB_0804	99.649	285	1	0	1	285	304	588	4.34e-145	510
Ga0393503_33_1939_2223	CP000239.1:312013-312340|CDS|CYA_0305	85.837	233	33	0	1	233	43	275	1.98e-73	272
Ga0393503_33_2236_3696	CP000240.1:828855-830316|CDS|CYB_0803	98.289	1461	25	0	1	1461	1	1461	0.0	2523
Ga0393503_33_2236_3696	CP000239.1:310545-312012|CDS|CYA_0303	80.632	1456	277	3	1	1455	1	1452	0.0	1346
Ga0393503_33_4001_4930	CP000240.1:827617-828547|CDS|CYB_0801	98.384	928	15	0	1	928	1	928	0.0	1607
Ga0393503_34_1438_2370	CP000240.1:243544-244477|CDS|CYB_0234	99.464	933	5	0	1	933	1	933	0.0	1661
Ga0393503_34_2452_3120	CP000240.1:244558-245227|CDS|CYB_0235	98.187	662	12	0	1	662	1	662	0.0	1141
Ga0393503_34_2452_3120	CP000239.1:481553-482228|CDS|CYA_0467	84.802	658	98	2	1	657	1	657	0.0	729
Ga0393503_34_3137_3964	CP000240.1:245241-246069|CDS|CYB_0236	98.671	828	11	0	1	828	1	828	0.0	1444
Ga0393503_34_3137_3964	CP000239.1:482241-483081|CDS|CYA_0468	82.719	787	130	1	46	826	52	838	0.0	808
Ga0393503_34_3954_4766	CP000240.1:246058-246871|CDS|CYB_0237	99.508	813	4	0	1	813	1	813	0.0	1449
Ga0393503_34_3954_4766	CP000239.1:483070-483883|CDS|CYA_0469	83.970	811	130	0	1	811	1	811	0.0	877
Ga0393503_35_66_971	CP000240.1:552871-553828|CDS|CYB_0538	96.909	906	28	0	1	906	46	951	0.0	1508
Ga0393503_35_66_971	CP000239.1:1542428-1543451|CDS|CYA_1531	81.424	899	122	2	1	899	139	992	0.0	901
Ga0393503_35_1067_1582	CP000240.1:552116-552782|CDS|CYB_0537	97.674	516	12	0	1	516	151	666	0.0	877
Ga0393503_35_1067_1582	CP000239.1:1541631-1542297|CDS|CYA_1530	84.462	502	78	0	15	516	165	666	2.18e-158	554
Ga0393503_35_1991_2539	CP000240.1:551296-551845|CDS|CYB_0536	97.810	548	12	0	1	548	1	548	0.0	935
Ga0393503_35_1991_2539	CP000239.1:2148725-2149301|CDS|CYA_2135	86.422	545	74	0	1	545	1	545	0.0	650
Ga0393503_35_2852_4201	CP000240.1:549635-551156|CDS|CYB_0535	97.481	1350	34	0	1	1350	172	1521	0.0	2282
Ga0393503_35_2852_4201	CP000239.1:2149405-2150902|CDS|CYA_2136	84.821	1344	180	2	1	1344	172	1491	0.0	1517
Ga0393503_36_629_940	CP000240.1:540237-540549|CDS|CYB_0525	100.000	312	0	0	1	312	1	312	2.48e-161	563
Ga0393503_36_1200_1757	CP000240.1:539420-539978|CDS|CYB_0524	99.821	558	1	0	1	558	1	558	0.0	1003
Ga0393503_36_1200_1757	CP000239.1:2156948-2157506|CDS|CYA_2144	93.466	551	36	0	1	551	1	551	0.0	832
Ga0393503_36_1773_2237	CP000240.1:538940-539405|CDS|CYB_0523	99.570	465	2	0	1	465	1	465	0.0	830
Ga0393503_36_1773_2237	CP000239.1:2157521-2157986|CDS|CYA_2145	87.931	464	56	0	1	464	1	464	1.16e-167	585
Ga0393503_36_2413_4311	CP000240.1:536867-538766|CDS|CYB_0522	99.315	1899	13	0	1	1899	1	1899	0.0	3367
Ga0393503_36_2413_4311	CP000239.1:2158112-2160044|CDS|CYA_2146	81.233	1865	306	7	1	1855	67	1897	0.0	1794
Ga0393503_37_87_1181	CP000240.1:1442815-1443910|CDS|CYB_1374	91.872	1095	89	0	1	1095	1	1095	0.0	1574
Ga0393503_37_87_1181	CP000239.1:2305895-2306984|CDS|CYA_2304	85.106	1081	159	2	7	1086	1	1080	0.0	1217
Ga0393503_37_1275_1478	CP000240.1:1442517-1442721|CDS|CYB_1373	97.549	204	5	0	1	204	1	204	7.55e-96	346
Ga0393503_37_1275_1478	CP000239.1:1341405-1341609|CDS|CYA_1326	88.614	202	23	0	1	202	1	202	2.47e-70	261
Ga0393503_37_1709_1840	CP000240.1:1442183-1442315|CDS|CYB_1372	97.727	132	3	0	1	132	1	132	1.08e-59	225
Ga0393503_37_1709_1840	CP000239.1:1341083-1341215|CDS|CYA_1325	90.000	130	13	0	1	130	1	130	4.92e-45	177
Ga0393503_37_1867_2736	CP000240.1:1441287-1442145|CDS|CYB_1371	97.433	857	22	0	14	870	2	858	0.0	1447
Ga0393503_37_1867_2736	CP000239.1:1340187-1341045|CDS|CYA_1324	85.360	847	122	2	20	865	8	853	0.0	962
Ga0393503_37_2740_3384	CP000240.1:1440738-1441284|CDS|CYB_1370	99.634	546	2	0	100	645	1	546	0.0	976
Ga0393503_37_2740_3384	CP000239.1:1339536-1340181|CDS|CYA_1323	90.824	643	59	0	1	643	1	643	0.0	894
Ga0393503_37_3516_4079	CP000240.1:1439944-1440508|CDS|CYB_1369	99.468	564	3	0	1	564	1	564	0.0	1004
Ga0393503_37_3516_4079	CP000239.1:1338792-1339422|CDS|CYA_1322	89.946	557	56	0	1	557	70	626	0.0	753
Ga0393503_38_541_1911	CP000240.1:1756308-1757748|CDS|CYB_1680	98.177	1371	25	0	1	1371	70	1440	0.0	2360
Ga0393503_38_541_1911	CP000239.1:2734802-2736242|CDS|CYA_2715	86.842	1368	171	3	1	1362	70	1434	0.0	1651
Ga0393503_38_2215_2565	CP000240.1:1757982-1758333|CDS|CYB_1682	99.430	351	2	0	1	351	1	351	9.77e-180	625
Ga0393503_38_2215_2565	CP000239.1:2736468-2736819|CDS|CYA_2716	85.241	332	49	0	1	332	1	332	2.31e-105	379
Ga0393503_38_2852_4186	CP000240.1:1758619-1759954|CDS|CYB_1683	97.753	1335	30	0	1	1335	1	1335	0.0	2273
Ga0393503_38_2852_4186	CP000239.1:2921617-2922979|CDS|CYA_2897	87.663	1305	161	0	1	1305	1	1305	0.0	1628
Ga0393503_39_690_1193	CP000240.1:1602949-1603453|CDS|CYB_1523	96.627	504	17	0	1	504	1	504	0.0	833
Ga0393503_39_690_1193	CP000239.1:1889698-1890190|CDS|CYA_1883	80.785	484	87	4	1	483	1	479	3.38e-124	442
Ga0393503_39_1496_3124	CP000240.1:1601050-1602712|CDS|CYB_1522	96.992	1629	49	0	1	1629	34	1662	0.0	2718
Ga0393503_39_1496_3124	CP000239.1:1888006-1889680|CDS|CYA_1882	79.210	1645	306	6	7	1627	40	1672	0.0	1431
Ga0393503_40_38_292	CP000240.1:2477689-2477944|CDS|CYB_2372	100.000	255	0	0	1	255	1	255	1.75e-130	461
Ga0393503_40_38_292	CP000239.1:2608813-2609137|CDS|CYA_2584	82.353	255	42	1	1	255	73	324	1.35e-68	256
Ga0393503_40_892_1194	CP000240.1:2476793-2477096|CDS|CYB_2370	97.682	302	7	0	2	303	2	303	3.81e-146	514
Ga0393503_40_1622_2773	CP000240.1:2475196-2476366|CDS|CYB_2369	96.410	1170	24	1	1	1152	1	1170	0.0	1933
Ga0393503_40_1622_2773	CP000239.1:2611972-2613151|CDS|CYA_2590	80.799	1177	199	7	1	1150	1	1177	0.0	1097
Ga0393503_40_2911_3810	CP000240.1:2474159-2475143|CDS|CYB_2368	98.111	900	17	0	1	900	85	984	0.0	1547
Ga0393503_40_2911_3810	CP000239.1:2613191-2614202|CDS|CYA_2591	83.483	890	147	0	1	890	85	974	0.0	943
Ga0393503_41_291_1118	CP000240.1:1936471-1937302|CDS|CYB_1852	96.970	825	25	0	1	825	1	825	0.0	1376
Ga0393503_41_291_1118	CP000239.1:397452-398280|CDS|CYA_0383	84.179	828	131	0	1	828	1	828	0.0	903
Ga0393503_41_1115_1360	CP000240.1:1935907-1936156|CDS|CYB_1851	96.281	242	9	0	1	242	1	242	5.87e-111	397
Ga0393503_41_1115_1360	CP000239.1:398276-398516|CDS|CYA_0382	82.449	245	37	2	1	245	1	239	2.34e-65	245
Ga0393503_41_1540_1836	CP000240.1:1935444-1935825|CDS|CYB_1850	99.663	297	1	0	1	297	85	381	1.39e-151	532
Ga0393503_41_1886_2125	CP000240.1:1935155-1935377|CDS|CYB_1849	99.099	222	2	0	19	240	1	222	6.95e-110	392
Ga0393503_41_1886_2125	CP000239.1:398919-399153|CDS|CYA_0384	80.000	230	46	0	1	230	1	230	1.64e-54	208
Ga0393503_41_2240_3094	CP000240.1:1933937-1935041|CDS|CYB_1848	94.490	853	44	1	1	850	247	1099	0.0	1325
Ga0393503_41_2240_3094	CP000239.1:399355-400294|CDS|CYA_0385	82.746	852	127	5	1	848	97	932	0.0	870
Ga0393503_42_2216_3316	CP000240.1:2875216-2876317|CDS|CYB_2780	97.003	1101	33	0	1	1101	1	1101	0.0	1838
Ga0393503_42_2216_3316	CP000239.1:122378-123428|CDS|CYA_0129	85.397	1034	136	2	68	1101	32	1050	0.0	1189
Ga0393503_43_8_1126	CP000240.1:833612-835700|CDS|CYB_0807	98.570	1119	16	0	1	1119	970	2088	0.0	1947
Ga0393503_43_8_1126	CP000239.1:2587474-2589562|CDS|CYA_2564	85.893	1120	156	2	1	1119	970	2088	0.0	1301
Ga0393503_43_1467_3080	CP000240.1:835785-837645|CDS|CYB_0808	97.522	1614	40	0	1	1614	247	1860	0.0	2731
Ga0393503_43_1467_3080	CP000239.1:2585535-2587392|CDS|CYA_2563	87.407	1612	203	0	1	1612	244	1855	0.0	1993
Ga0393503_43_3114_3704	CP000240.1:837678-838269|CDS|CYB_0809	96.277	591	22	0	1	591	1	591	0.0	967
Ga0393503_43_3114_3704	CP000239.1:2584939-2585527|CDS|CYA_2562	79.695	591	117	2	1	591	1	588	1.81e-147	519
Ga0393503_43_3868_4080	CP000240.1:838432-839815|CDS|CYB_0810	98.592	213	3	0	1	213	1171	1383	1.99e-103	371
Ga0393503_43_3868_4080	CP000239.1:2583384-2584767|CDS|CYA_2560	82.938	211	36	0	1	211	1171	1381	7.94e-58	219
Ga0393503_44_1436_3298	CP000240.1:2632125-2633949|CDS|CYB_2529	95.280	1801	85	0	37	1837	1	1801	0.0	2865
Ga0393503_44_1436_3298	CP000239.1:185640-187449|CDS|CYA_0184	84.526	1803	260	4	37	1837	1	1786	0.0	1994
Ga0393503_46_84_1796	CP000240.1:2066704-2070322|CDS|CYB_1970	97.957	1713	35	0	1	1713	1906	3618	0.0	2932
Ga0393503_46_84_1796	CP000239.1:2531668-2535265|CDS|CYA_2519	77.726	1715	378	2	1	1713	1885	3597	0.0	1366
Ga0393503_46_1786_2979	CP000240.1:2065521-2066715|CDS|CYB_1969	97.739	1194	27	0	1	1194	1	1194	0.0	2032
Ga0393503_46_1786_2979	CP000239.1:2530485-2531679|CDS|CYA_2518	83.082	1194	202	0	1	1194	1	1194	0.0	1243
Ga0393503_46_2976_3569	CP000240.1:2064931-2065525|CDS|CYB_1968	99.831	592	1	0	1	592	1	592	0.0	1064
Ga0393503_46_2976_3569	CP000239.1:2529895-2530489|CDS|CYA_2517	85.185	594	88	0	1	594	1	594	0.0	675
Ga0393503_47_66_587	CP000240.1:2324030-2324552|CDS|CYB_2216	98.467	522	8	0	1	522	1	522	0.0	906
Ga0393503_47_66_587	CP000239.1:1354566-1355088|CDS|CYA_1342	89.847	522	53	0	1	522	1	522	0.0	703
Ga0393503_47_760_1044	CP000240.1:2323573-2323858|CDS|CYB_2215	96.491	285	10	0	1	285	1	285	3.81e-133	470
Ga0393503_47_760_1044	CP000239.1:1354153-1354489|CDS|CYA_1341	88.971	272	30	0	1	272	31	302	6.05e-99	356
Ga0393503_47_1168_2163	CP000240.1:2322454-2323450|CDS|CYB_2214	97.988	994	20	0	1	994	1	994	0.0	1703
Ga0393503_47_1168_2163	CP000239.1:1353065-1354061|CDS|CYA_1340	86.834	995	131	0	1	995	1	995	0.0	1205
Ga0393503_47_2191_3204	CP000240.1:2321458-2322427|CDS|CYB_2213	97.420	969	22	1	49	1014	1	969	0.0	1634
Ga0393503_47_2191_3204	CP000239.1:1352021-1353053|CDS|CYA_1339	85.714	1015	127	3	1	1012	31	1030	0.0	1180
Ga0393503_48_240_2660	CP000240.1:2818829-2821259|CDS|CYB_2727	96.835	2433	62	4	1	2421	1	2430	0.0	4037
Ga0393503_48_240_2660	CP000239.1:2046707-2049128|CDS|CYA_2031	88.765	2421	272	0	1	2421	1	2421	0.0	3140
Ga0393503_48_2726_3559	CP000240.1:2821323-2822157|CDS|CYB_2728	97.722	834	19	0	1	834	1	834	0.0	1419
Ga0393503_48_2726_3559	CP000239.1:2049165-2050011|CDS|CYA_2032	86.260	786	108	0	9	794	15	800	0.0	931
Ga0393503_48_3556_3879	CP000240.1:2822153-2823197|CDS|CYB_2729	98.765	324	4	0	1	324	721	1044	2.12e-162	567
Ga0393503_48_3556_3879	CP000239.1:2050007-2051051|CDS|CYA_2033	85.802	324	46	0	1	324	721	1044	2.12e-105	378
Ga0393503_49_719_1666	CP000240.1:1088231-1089179|CDS|CYB_1049	98.418	948	15	0	1	948	1	948	0.0	1643
Ga0393503_49_719_1666	CP000239.1:2229714-2230662|CDS|CYA_2216	85.228	941	139	0	1	941	1	941	0.0	1071
Ga0393503_49_1978_2649	CP000240.1:1089413-1090160|CDS|CYB_1050	96.429	672	24	0	1	672	76	747	0.0	1104
Ga0393503_49_1978_2649	CP000239.1:2228767-2229514|CDS|CYA_2215	82.738	672	116	0	1	672	76	747	0.0	690
Ga0393503_49_2689_2925	CP000240.1:1090199-1090436|CDS|CYB_1051	97.046	237	7	0	1	237	1	237	5.63e-111	397
Ga0393503_49_2689_2925	CP000239.1:2228457-2228694|CDS|CYA_2214	91.561	237	20	0	1	237	1	237	1.32e-93	338
Ga0393503_49_2950_3312	CP000240.1:1090460-1090823|CDS|CYB_1052	95.041	363	18	0	1	363	1	363	1.61e-164	574
Ga0393503_49_2950_3312	CP000239.1:2228070-2228433|CDS|CYA_2213	86.501	363	49	0	1	363	1	363	3.54e-122	434
Ga0393503_50_1456_1776	CP000240.1:2006633-2006954|CDS|CYB_1922	99.377	321	2	0	1	321	1	321	1.72e-163	571
Ga0393503_50_1456_1776	CP000239.1:1730943-1731276|CDS|CYA_1725	83.333	312	52	0	1	312	1	312	9.56e-91	329
Ga0393503_50_1811_2578	CP000240.1:2005831-2006620|CDS|CYB_1921	92.328	769	57	2	1	768	22	789	0.0	1114
Ga0393503_50_1811_2578	CP000239.1:1731289-1732072|CDS|CYA_1727	80.276	725	115	5	9	707	33	755	0.0	666
Ga0393503_50_2639_2953	CP000240.1:2005222-2005771|CDS|CYB_1920	98.730	315	4	0	1	315	235	549	1.58e-157	551
Ga0393503_50_2639_2953	CP000239.1:1732068-1732401|CDS|CYA_1726	96.190	315	12	0	1	315	19	333	1.14e-146	515
Ga0393503_50_3380_3778	CP000240.1:2004169-2004751|CDS|CYB_1919	100.000	399	0	0	1	399	184	582	0.0	720
Ga0393503_50_3380_3778	CP000239.1:1732497-1733079|CDS|CYA_1728	100.000	399	0	0	1	399	184	582	0.0	720
Ga0393503_50_3380_3778	CP000240.1:1861120-1861735|CDS|CYB_1775	67.055	343	102	4	25	363	244	579	3.03e-22	102
Ga0393503_51_52_2007	CP000240.1:288322-290380|CDS|CYB_0274	98.517	1956	29	0	1	1956	103	2058	0.0	3397
Ga0393503_51_52_2007	CP000239.1:1075231-1077295|CDS|CYA_1059	87.207	1962	239	2	1	1956	109	2064	0.0	2409
Ga0393503_51_2217_2483	CP000240.1:287861-288215|CDS|CYB_0273	95.506	267	12	0	1	267	88	354	1.09e-120	428
Ga0393503_51_2217_2483	CP000239.1:1077376-1077709|CDS|CYA_1060	84.644	267	41	0	1	267	67	333	4.63e-81	297
Ga0393503_51_2632_3144	CP000240.1:287287-287800|CDS|CYB_0272	99.805	513	1	0	1	513	1	513	0.0	921
Ga0393503_51_2632_3144	CP000239.1:1077737-1078295|CDS|CYA_1061	87.205	508	65	0	1	508	46	553	5.10e-179	624
Ga0393503_52_847_1815	CP000240.1:1875396-1876878|CDS|CYB_1788	98.039	969	18	1	1	969	515	1482	0.0	1659
Ga0393503_52_847_1815	CP000239.1:248587-250033|CDS|CYA_0245	83.593	963	145	4	1	963	491	1440	0.0	1019
Ga0393503_52_1850_2056	CP000240.1:1875396-1876878|CDS|CYB_1788	93.237	207	2	1	1	207	480	286	3.72e-87	317
Ga0393503_52_2154_2297	CP000240.1:1875396-1876878|CDS|CYB_1788	98.611	144	2	0	1	144	188	45	8.64e-68	251
Ga0393503_52_2154_2297	CP000239.1:248587-250033|CDS|CYA_0245	85.315	143	21	0	1	143	188	46	3.44e-41	164
Ga0393503_52_2529_3038	CP000240.1:1874747-1875209|CDS|CYB_1787	98.485	462	7	0	49	510	1	462	0.0	802
Ga0393503_52_2529_3038	CP000239.1:247937-248399|CDS|CYA_0244	90.456	461	44	0	49	509	1	461	0.0	634
Ga0393503_53_388_591	CP000240.1:902717-902921|CDS|CYB_0871	97.059	204	6	0	1	204	1	204	9.20e-95	342
Ga0393503_53_388_591	CP000239.1:754759-754963|CDS|CYA_0746	86.275	204	28	0	1	204	1	204	6.63e-65	242
Ga0393503_53_648_1769	CP000240.1:901539-902601|CDS|CYB_0870	94.915	1062	54	0	61	1122	1	1062	0.0	1673
Ga0393503_53_648_1769	CP000239.1:753576-754698|CDS|CYA_0745	87.232	1120	143	0	1	1120	1	1120	0.0	1376
Ga0393503_53_1808_2431	CP000240.1:900868-901501|CDS|CYB_0869	94.787	633	24	1	1	624	1	633	0.0	997
Ga0393503_53_1808_2431	CP000239.1:752908-753541|CDS|CYA_0744	82.573	614	107	0	1	614	1	614	1.79e-179	626
Ga0393503_54_1269_2405	CP000240.1:1129403-1130540|CDS|CYB_1095	98.857	1137	13	0	1	1137	1	1137	0.0	1993
Ga0393503_54_1269_2405	CP000239.1:1530409-1531546|CDS|CYA_1520	89.427	1135	120	0	1	1135	1	1135	0.0	1507
Ga0393503_54_2582_3172	CP000240.1:1128615-1129227|CDS|CYB_1094	99.323	591	3	1	1	591	1	590	0.0	1045
Ga0393503_54_2582_3172	CP000239.1:1529633-1530245|CDS|CYA_1519	87.817	591	71	1	1	591	1	590	0.0	738
Ga0393503_55_507_992	CP000240.1:255471-256221|CDS|CYB_0243	95.267	486	23	0	1	486	265	750	0.0	774
Ga0393503_55_507_992	CP000239.1:492369-493122|CDS|CYA_0475	83.925	479	77	0	1	479	268	746	5.15e-147	517
Ga0393503_55_1482_1892	CP000240.1:256446-256857|CDS|CYB_0244	98.054	411	8	0	1	411	1	411	0.0	706
Ga0393503_55_1482_1892	CP000239.1:493283-493661|CDS|CYA_0476	79.937	319	64	0	52	370	43	361	3.80e-78	288
Ga0393503_55_1974_3416	CP000240.1:256938-259245|CDS|CYB_0245	99.515	1443	7	0	1	1443	865	2307	0.0	2571
Ga0393503_55_1974_3416	CP000239.1:493748-496055|CDS|CYA_0477	94.802	1443	75	0	1	1443	865	2307	0.0	2265
Ga0393503_56_18_542	CP000240.1:665041-666871|CDS|CYB_0651	99.048	525	5	0	1	525	1306	1830	0.0	925
Ga0393503_56_1142_2110	CP000240.1:663341-664406|CDS|CYB_0650	98.865	969	11	0	1	969	97	1065	0.0	1699
Ga0393503_56_1142_2110	CP000239.1:1463666-1464716|CDS|CYA_1458	86.715	956	121	1	1	956	88	1037	0.0	1153
Ga0393503_56_2316_3302	CP000240.1:661654-663232|CDS|CYB_0649	99.392	987	6	0	1	987	592	1578	0.0	1754
Ga0393503_56_2316_3302	CP000239.1:1461998-1463558|CDS|CYA_1457	85.947	982	138	0	2	983	575	1556	0.0	1150
Ga0393503_57_254_1510	CP000240.1:1322409-1323615|CDS|CYB_1265	97.678	1206	28	0	52	1257	1	1206	0.0	2049
Ga0393503_57_1522_2124	CP000240.1:1323626-1324229|CDS|CYB_1266	99.668	603	2	0	1	603	1	603	0.0	1079
Ga0393503_57_1522_2124	CP000239.1:1231274-1231877|CDS|CYA_1219	86.070	603	84	0	1	603	1	603	0.0	710
Ga0393503_57_2223_3230	CP000240.1:1324327-1325515|CDS|CYB_1267	98.512	1008	15	0	1	1008	181	1188	0.0	1751
Ga0393503_58_280_645	CP000240.1:817509-817875|CDS|CYB_0791	95.628	366	16	0	1	366	1	366	7.36e-169	589
Ga0393503_58_280_645	CP000239.1:461982-462321|CDS|CYA_0442	83.792	327	44	2	1	327	1	318	3.35e-97	351
Ga0393503_58_706_987	CP000240.1:817934-818216|CDS|CYB_0792	99.291	282	2	0	1	282	1	282	2.22e-142	500
Ga0393503_58_706_987	CP000239.1:462385-462718|CDS|CYA_0443	81.293	294	37	5	1	282	46	333	4.60e-75	277
Ga0393503_58_1130_1990	CP000240.1:818330-819434|CDS|CYB_0793	94.601	852	46	0	1	852	250	1101	0.0	1330
Ga0393503_58_1130_1990	CP000239.1:462768-463866|CDS|CYA_0444	82.139	851	152	0	2	852	245	1095	0.0	850
Ga0393503_58_2363_2803	CP000240.1:819558-820029|CDS|CYB_0794	94.737	437	23	0	1	437	34	470	0.0	685
Ga0393503_58_2363_2803	CP000239.1:464358-464856|CDS|CYA_0445	73.272	434	107	3	10	437	67	497	2.42e-68	255
Ga0393503_60_67_354	CP000240.1:2768006-2768321|CDS|CYB_2683	99.306	288	2	0	1	288	28	315	1.26e-145	511
Ga0393503_60_67_354	CP000239.1:2136484-2136799|CDS|CYA_2122	81.754	285	52	0	4	288	31	315	3.86e-76	280
Ga0393503_60_378_1649	CP000240.1:2768335-2769928|CDS|CYB_2684	99.916	1196	1	0	1	1196	1	1196	0.0	2153
Ga0393503_60_378_1649	CP000239.1:2136812-2138405|CDS|CYA_2123	88.147	1198	142	0	1	1198	1	1198	0.0	1521
Ga0393503_60_1865_2383	CP000240.1:2770143-2770662|CDS|CYB_2685	99.422	519	3	0	1	519	1	519	0.0	923
Ga0393503_60_1865_2383	CP000239.1:2138612-2139137|CDS|CYA_2124	88.566	516	59	0	1	516	1	516	0.0	665
Ga0393503_60_2432_2932	CP000240.1:2770701-2771202|CDS|CYB_2686	99.401	501	3	0	1	501	1	501	0.0	891
Ga0393503_60_2432_2932	CP000239.1:2139179-2139680|CDS|CYA_2125	89.379	499	53	0	1	499	1	499	0.0	662
Ga0393503_61_168_542	CP000240.1:1475731-1476802|CDS|CYB_1407	98.133	375	7	0	1	375	697	1071	0.0	645
Ga0393503_61_168_542	CP000239.1:2205544-2206615|CDS|CYA_2186	89.362	376	38	2	1	375	697	1071	1.56e-139	491
Ga0393503_61_688_1134	CP000240.1:1477033-1477390|CDS|CYB_1408	97.199	357	10	0	91	447	1	357	5.03e-172	600
Ga0393503_61_1165_1746	CP000240.1:1477420-1478002|CDS|CYB_1409	98.454	582	9	0	1	582	1	582	0.0	1010
Ga0393503_61_1165_1746	CP000239.1:2204737-2205343|CDS|CYA_2185	83.916	572	92	0	10	581	34	605	2.47e-177	618
Ga0393503_62_9_539	CP000240.1:2030528-2031671|CDS|CYB_1939	96.604	530	18	0	1	530	613	1142	0.0	875
Ga0393503_62_9_539	CP000239.1:2752754-2753897|CDS|CYA_2737	89.077	531	58	0	1	531	613	1143	0.0	697
Ga0393503_62_728_1105	CP000240.1:2029962-2030340|CDS|CYB_1938	98.413	378	6	0	1	378	1	378	0.0	655
Ga0393503_62_728_1105	CP000239.1:2754124-2754511|CDS|CYA_2738	86.685	368	49	0	1	368	1	368	7.14e-125	444
Ga0393503_62_1102_1467	CP000240.1:2029600-2029966|CDS|CYB_1937	100.000	366	0	0	1	366	1	366	0.0	661
Ga0393503_62_1102_1467	CP000239.1:2754507-2754873|CDS|CYA_2739	92.582	364	27	0	1	364	1	364	1.42e-152	535
Ga0393503_62_1568_2101	CP000240.1:2028966-2029485|CDS|CYB_1936	99.615	519	2	0	16	534	1	519	0.0	928
Ga0393503_62_1568_2101	CP000239.1:2755038-2755503|CDS|CYA_2740	87.742	465	57	0	70	534	1	465	1.63e-166	582
Ga0393503_63_58_978	CP000240.1:2268251-2269172|CDS|CYB_2165	98.154	921	17	0	1	921	1	921	0.0	1585
Ga0393503_63_58_978	CP000239.1:2685874-2686795|CDS|CYA_2670	88.382	921	107	0	1	921	1	921	0.0	1179
Ga0393503_63_1087_2670	CP000240.1:2270082-2271666|CDS|CYB_2167	97.285	1584	43	0	1	1584	1	1584	0.0	2663
Ga0393503_63_1087_2670	CP000239.1:2687652-2689266|CDS|CYA_2672	84.070	1607	226	6	1	1577	1	1607	0.0	1745
Ga0393503_63_2683_2895	CP000239.1:2689278-2690304|CDS|CYA_2673	84.475	219	28	1	1	213	808	1026	6.96e-65	243
Ga0393503_63_2683_2895	CP000240.1:2271678-2272701|CDS|CYB_2168	80.247	243	18	2	1	213	781	1023	2.43e-64	241
Ga0393503_64_1537_2670	CP000240.1:1023739-1024873|CDS|CYB_0988	99.206	1134	9	0	1	1134	1	1134	0.0	2005
Ga0393503_64_1537_2670	CP000239.1:923753-924848|CDS|CYA_0915	84.902	1073	156	1	1	1073	1	1067	0.0	1206
Ga0393503_65_171_1388	CP000240.1:1267756-1268992|CDS|CYB_1227	96.711	1216	40	0	1	1216	1	1216	0.0	2013
Ga0393503_65_171_1388	CP000240.1:2933473-2934709|CDS|CYB_2835	95.148	1216	59	0	1	1216	1	1216	0.0	1928
Ga0393503_65_171_1388	CP000240.1:2619921-2621115|CDS|CYB_2521	94.417	1218	44	1	1	1218	1	1194	0.0	1908
Ga0393503_65_171_1388	CP000240.1:629484-630702|CDS|CYB_0620	94.750	1219	62	2	1	1218	1	1218	0.0	1903
Ga0393503_65_171_1388	CP000240.1:2661652-2662870|CDS|CYB_2557	91.311	1243	58	4	1	1218	1	1218	0.0	1783
Ga0393503_65_171_1388	CP000240.1:1244785-1246021|CDS|CYB_1201	91.136	1241	60	4	1	1216	1	1216	0.0	1770
Ga0393503_65_171_1388	CP000240.1:481588-482800|CDS|CYB_0472	91.201	1216	83	1	1	1216	1	1192	0.0	1728
Ga0393503_65_171_1388	CP000239.1:698055-699204|CDS|CYA_0690	91.126	1172	54	4	1	1147	1	1147	0.0	1673
Ga0393503_65_171_1388	CP000239.1:893439-894633|CDS|CYA_0887	91.652	1150	70	3	1	1149	1	1125	0.0	1652
Ga0393503_65_171_1388	CP000239.1:629980-631174|CDS|CYA_0620	89.253	1219	105	3	1	1218	1	1194	0.0	1618
Ga0393503_65_171_1388	CP000240.1:241642-242836|CDS|CYB_0233	90.862	1149	81	1	1	1149	1	1125	0.0	1617
Ga0393503_65_171_1388	CP000240.1:605550-606744|CDS|CYB_0598	88.679	1219	112	3	1	1218	1	1194	0.0	1587
Ga0393503_65_171_1388	CP000239.1:994256-995468|CDS|CYA_0981	88.661	1217	112	3	1	1216	1	1192	0.0	1583
Ga0393503_65_171_1388	CP000240.1:1316312-1317548|CDS|CYB_1259	87.107	1241	110	4	1	1216	1	1216	0.0	1544
Ga0393503_65_171_1388	CP000240.1:638632-639850|CDS|CYB_0630	88.187	1219	142	2	1	1218	1	1218	0.0	1543
Ga0393503_65_171_1388	CP000239.1:774779-775973|CDS|CYA_0767	87.859	1219	122	3	1	1218	1	1194	0.0	1542
Ga0393503_65_171_1388	CP000240.1:1521392-1522610|CDS|CYB_1450	87.941	1219	145	2	1	1218	1	1218	0.0	1529
Ga0393503_65_171_1388	CP000240.1:1842322-1843549|CDS|CYB_1759	86.737	1229	113	4	1	1204	1	1204	0.0	1509
Ga0393503_65_171_1388	CP000240.1:1190675-1191869|CDS|CYB_1151	87.028	1218	134	1	1	1218	1	1194	0.0	1502
Ga0393503_65_171_1388	CP000240.1:1083184-1084426|CDS|CYB_1042	86.565	1243	141	3	1	1218	1	1242	0.0	1499
Ga0393503_65_171_1388	CP000240.1:2644164-2645358|CDS|CYB_2538	86.874	1219	134	3	1	1218	1	1194	0.0	1488
Ga0393503_65_171_1388	CP000240.1:1358129-1359347|CDS|CYB_1297	87.121	1219	155	2	1	1218	1	1218	0.0	1484
Ga0393503_65_171_1388	CP000239.1:2170714-2171908|CDS|CYA_2158	86.382	1219	140	3	1	1218	1	1194	0.0	1461
Ga0393503_65_171_1388	CP000240.1:3008652-3009870|CDS|CYB_2910	86.218	1219	166	2	1	1218	1	1218	0.0	1434
Ga0393503_65_171_1388	CP000240.1:1954838-1956056|CDS|CYB_1872	85.036	1243	136	4	1	1218	1	1218	0.0	1431
Ga0393503_65_171_1388	CP000240.1:2830275-2831565|CDS|CYB_2735	85.173	1241	141	4	1	1216	1	1223	0.0	1430
Ga0393503_65_171_1388	CP000240.1:1803089-1804283|CDS|CYB_1722	85.562	1219	150	3	1	1218	1	1194	0.0	1416
Ga0393503_65_171_1388	CP000240.1:1384265-1385459|CDS|CYB_1322	86.957	1150	124	3	1	1149	1	1125	0.0	1408
Ga0393503_65_171_1388	CP000240.1:345730-346924|CDS|CYB_0329	86.609	1150	128	3	1	1149	1	1125	0.0	1390
Ga0393503_65_171_1388	CP000240.1:2796782-2798000|CDS|CYB_2707	83.749	1243	152	4	1	1218	1	1218	0.0	1359
Ga0393503_65_171_1388	CP000240.1:2565689-2566883|CDS|CYB_2468	85.826	1150	137	3	1	1149	1	1125	0.0	1350
Ga0393503_65_171_1388	CP000240.1:2168360-2169515|CDS|CYB_2071	85.603	1153	134	5	1	1149	1	1125	0.0	1338
Ga0393503_65_171_1388	CP000240.1:52430-53648|CDS|CYB_0041	83.347	1243	157	4	1	1218	1	1218	0.0	1336
Ga0393503_65_171_1388	CP000240.1:1064975-1066169|CDS|CYB_1023	83.921	1219	170	3	1	1218	1	1194	0.0	1325
Ga0393503_65_171_1388	CP000239.1:712444-713638|CDS|CYA_0704	83.921	1219	170	3	1	1218	1	1194	0.0	1325
Ga0393503_65_171_1388	CP000240.1:1015074-1016268|CDS|CYB_0979	85.304	1150	143	3	1	1149	1	1125	0.0	1323
Ga0393503_65_171_1388	CP000240.1:2210858-2212052|CDS|CYB_2117	83.675	1219	173	3	1	1218	1	1194	0.0	1312
Ga0393503_65_171_1388	CP000239.1:1594889-1596107|CDS|CYA_1585	85.043	1150	146	3	1	1149	1	1125	0.0	1309
Ga0393503_65_171_1388	CP000240.1:2553363-2554557|CDS|CYB_2454	83.019	1219	181	3	1	1218	1	1194	0.0	1276
Ga0393503_65_171_1388	CP000240.1:2247371-2248565|CDS|CYB_2147	84.348	1150	154	4	1	1149	1	1125	0.0	1269
Ga0393503_65_171_1388	CP000240.1:102811-104029|CDS|CYB_0087	82.348	1150	201	2	1	1149	1	1149	0.0	1152
Ga0393503_65_171_1388	CP000240.1:2506708-2507857|CDS|CYB_2410	80.824	1116	116	6	1	1019	1	1115	0.0	1110
Ga0393503_65_171_1388	CP000239.1:693322-694534|CDS|CYA_0687	75.592	1225	257	11	1	1216	1	1192	0.0	850
Ga0393503_65_171_1388	CP000240.1:2219258-2220470|CDS|CYB_2126	75.510	1225	258	11	1	1216	1	1192	0.0	846
Ga0393503_65_171_1388	CP000240.1:2128026-2129220|CDS|CYB_2026	75.865	1156	241	10	1	1149	1	1125	0.0	817
Ga0393503_65_171_1388	CP000240.1:1763450-1764623|CDS|CYB_1688	74.892	1159	247	13	1	1149	1	1125	0.0	760
Ga0393503_65_171_1388	CP000240.1:1917270-1918464|CDS|CYB_1826	74.202	1159	255	13	1	1149	1	1125	0.0	724
Ga0393503_65_171_1388	CP000239.1:88305-89487|CDS|CYA_0091	73.432	1148	251	7	1	1139	1	1103	0.0	713
Ga0393503_65_1761_2789	CP000240.1:2463812-2466614|CDS|CYB_2358	97.959	1029	21	0	1	1029	1774	2802	0.0	1762
Ga0393503_65_1761_2789	CP000239.1:572481-575142|CDS|CYA_0561	87.710	773	91	2	1	771	1768	2538	0.0	961
Ga0393503_68_273_785	CP000240.1:2486294-2487725|CDS|CYB_2384	90.354	508	45	1	1	504	367	874	0.0	704
Ga0393503_68_273_785	CP000239.1:1219395-1220859|CDS|CYA_1210	80.777	515	95	1	1	511	400	914	2.17e-139	491
Ga0393503_68_815_1333	CP000240.1:2486294-2487725|CDS|CYB_2384	92.678	519	38	0	1	519	913	1431	0.0	765
Ga0393503_68_815_1333	CP000239.1:1219395-1220859|CDS|CYA_1210	87.091	519	67	0	1	519	946	1464	0.0	635
Ga0393503_68_1346_1627	CP000240.1:2485553-2486282|CDS|CYB_2383	91.844	282	23	0	1	282	448	729	1.32e-113	406
Ga0393503_68_1346_1627	CP000239.1:1218654-1219383|CDS|CYA_1209	90.614	277	26	0	2	278	449	725	4.30e-107	383
Ga0393503_68_1584_2075	CP000240.1:2485553-2486282|CDS|CYB_2383	95.122	492	23	1	1	492	1	491	0.0	776
Ga0393503_68_1584_2075	CP000239.1:1218654-1219383|CDS|CYA_1209	88.438	493	54	3	1	492	1	491	1.70e-178	622
Ga0393503_69_338_1273	CP000240.1:2376130-2377504|CDS|CYB_2271	99.893	936	1	0	1	936	439	1374	0.0	1684
Ga0393503_69_338_1273	CP000239.1:2627220-2628156|CDS|CYA_2612	98.291	936	16	0	1	936	1	936	0.0	1617
Ga0393503_69_1270_1944	CP000240.1:2377500-2378175|CDS|CYB_2270	100.000	675	0	0	1	675	1	675	0.0	1218
Ga0393503_69_1270_1944	CP000239.1:2628152-2628827|CDS|CYA_2611	100.000	675	0	0	1	675	1	675	0.0	1218
Ga0393503_71_6_605	CP000240.1:2531008-2531722|CDS|CYB_2435	96.327	599	22	0	2	600	116	714	0.0	982
Ga0393503_71_6_605	CP000239.1:423115-423829|CDS|CYA_0408	90.000	600	60	0	1	600	115	714	0.0	812
Ga0393503_71_690_1154	CP000240.1:2530393-2530924|CDS|CYB_2434	95.269	465	22	0	1	465	67	531	0.0	740
Ga0393503_71_690_1154	CP000239.1:422500-423031|CDS|CYA_0407	92.009	463	37	0	3	465	69	531	0.0	669
Ga0393503_72_1657_2466	CP000240.1:2219258-2220470|CDS|CYB_2126	97.654	810	19	0	1	810	403	1212	0.0	1376
Ga0393503_72_1657_2466	CP000239.1:693322-694534|CDS|CYA_0687	97.284	810	22	0	1	810	403	1212	0.0	1362
Ga0393503_72_1657_2466	CP000240.1:1917270-1918464|CDS|CYB_1826	94.815	810	24	2	1	810	403	1194	0.0	1279
Ga0393503_72_1657_2466	CP000240.1:1763450-1764623|CDS|CYB_1688	98.755	723	9	0	1	723	403	1125	0.0	1264
Ga0393503_72_1657_2466	CP000240.1:2128026-2129220|CDS|CYB_2026	91.010	723	65	0	1	723	403	1125	0.0	1012
Ga0393503_72_1657_2466	CP000240.1:1803089-1804283|CDS|CYB_1722	79.345	794	156	7	1	790	403	1192	0.0	669
Ga0393503_72_1657_2466	CP000240.1:1316312-1317548|CDS|CYB_1259	77.671	833	156	6	5	810	407	1236	0.0	664
Ga0393503_72_1657_2466	CP000240.1:638632-639850|CDS|CYB_0630	78.894	796	156	7	1	790	427	1216	0.0	658
Ga0393503_72_1657_2466	CP000239.1:774779-775973|CDS|CYA_0767	78.967	794	159	7	1	790	403	1192	0.0	655
Ga0393503_72_1657_2466	CP000240.1:2644164-2645358|CDS|CYB_2538	78.643	796	158	7	1	790	403	1192	0.0	649
Ga0393503_72_1657_2466	CP000240.1:1521392-1522610|CDS|CYB_1450	78.463	794	163	7	1	790	427	1216	0.0	637
Ga0393503_72_1657_2466	CP000240.1:2553363-2554557|CDS|CYB_2454	78.769	796	157	11	1	790	403	1192	0.0	636
Ga0393503_72_1657_2466	CP000239.1:2170714-2171908|CDS|CYA_2158	78.266	796	161	7	1	790	403	1192	0.0	636
Ga0393503_72_1657_2466	CP000240.1:1358129-1359347|CDS|CYB_1297	78.212	794	165	7	1	790	427	1216	1.92e-180	628
Ga0393503_72_1657_2466	CP000239.1:712444-713638|CDS|CYA_0704	77.820	798	161	7	1	790	403	1192	2.34e-179	625
Ga0393503_72_1657_2466	CP000240.1:1244785-1246021|CDS|CYB_1201	77.534	819	162	11	3	810	429	1236	3.48e-177	618
Ga0393503_72_1657_2466	CP000239.1:994256-995468|CDS|CYA_0981	77.506	818	160	11	5	810	407	1212	3.48e-177	618
Ga0393503_72_1657_2466	CP000240.1:1064975-1066169|CDS|CYB_1023	77.680	793	171	5	1	790	403	1192	1.21e-176	616
Ga0393503_72_1657_2466	CP000240.1:1083184-1084426|CDS|CYB_1042	76.989	817	158	9	1	790	427	1240	1.48e-175	613
Ga0393503_72_1657_2466	CP000240.1:2210858-2212052|CDS|CYB_2117	76.846	799	167	4	1	790	403	1192	2.19e-173	606
Ga0393503_72_1657_2466	CP000240.1:3008652-3009870|CDS|CYB_2910	77.387	796	168	7	1	790	427	1216	7.66e-173	604
Ga0393503_72_1657_2466	CP000240.1:1190675-1191869|CDS|CYB_1151	77.472	799	162	10	1	790	403	1192	2.67e-172	601
Ga0393503_72_1657_2466	CP000240.1:1267756-1268992|CDS|CYB_1227	77.139	818	167	12	3	810	429	1236	1.14e-170	597
Ga0393503_72_1657_2466	CP000240.1:481588-482800|CDS|CYB_0472	76.951	820	165	13	3	810	405	1212	4.83e-169	590
Ga0393503_72_1657_2466	CP000240.1:2796782-2798000|CDS|CYB_2707	76.132	817	165	8	1	790	403	1216	2.05e-167	586
Ga0393503_72_1657_2466	CP000240.1:1954838-1956056|CDS|CYB_1872	76.255	817	164	9	1	790	403	1216	2.05e-167	586
Ga0393503_72_1657_2466	CP000240.1:52430-53648|CDS|CYB_0041	75.921	814	172	7	1	790	403	1216	3.71e-164	575
Ga0393503_72_1657_2466	CP000240.1:2619921-2621115|CDS|CYB_2521	76.730	795	171	9	3	790	405	1192	1.30e-163	572
Ga0393503_72_1657_2466	CP000240.1:2933473-2934709|CDS|CYB_2835	76.406	818	173	12	3	810	429	1236	1.58e-162	570
Ga0393503_72_1657_2466	CP000240.1:605550-606744|CDS|CYB_0598	76.846	799	163	13	3	790	405	1192	1.58e-162	569
Ga0393503_72_1657_2466	CP000240.1:2830275-2831565|CDS|CYB_2735	74.671	837	165	9	1	810	427	1243	9.97e-159	556
Ga0393503_72_1657_2466	CP000240.1:629484-630702|CDS|CYB_0620	76.005	796	175	8	3	790	429	1216	1.21e-157	554
Ga0393503_72_1657_2466	CP000239.1:629980-631174|CDS|CYA_0620	75.935	802	165	11	3	790	405	1192	1.21e-157	553
Ga0393503_72_1657_2466	CP000240.1:2168360-2169515|CDS|CYB_2071	77.366	729	153	7	1	723	403	1125	4.24e-157	551
Ga0393503_72_1657_2466	CP000240.1:2247371-2248565|CDS|CYB_2147	75.123	812	180	6	1	810	403	1194	5.16e-156	547
Ga0393503_72_1657_2466	CP000240.1:2661652-2662870|CDS|CYB_2557	75.122	820	164	13	3	790	405	1216	9.34e-153	537
Ga0393503_72_1657_2466	CP000239.1:1594889-1596107|CDS|CYA_1585	75.862	725	171	4	1	723	403	1125	5.52e-143	505
Ga0393503_72_1657_2466	CP000240.1:1842322-1843549|CDS|CYB_1759	74.000	800	180	9	5	778	407	1204	1.22e-138	490
Ga0393503_72_1657_2466	CP000240.1:102811-104029|CDS|CYB_0087	75.344	726	173	5	1	723	427	1149	1.48e-137	486
Ga0393503_72_1657_2466	CP000240.1:1384265-1385459|CDS|CYB_1322	73.801	813	181	12	5	810	407	1194	6.30e-136	481
Ga0393503_72_1657_2466	CP000240.1:1015074-1016268|CDS|CYB_0979	72.996	811	191	9	5	810	407	1194	5.90e-130	461
Ga0393503_72_1657_2466	CP000239.1:893439-894633|CDS|CYA_0887	72.973	814	190	10	3	810	405	1194	2.06e-129	459
Ga0393503_72_1657_2466	CP000240.1:345730-346924|CDS|CYB_0329	74.897	725	170	9	5	723	407	1125	7.18e-129	458
Ga0393503_72_1657_2466	CP000240.1:241642-242836|CDS|CYB_0233	73.049	820	179	15	3	810	405	1194	8.75e-128	453
Ga0393503_72_1657_2466	CP000240.1:2565689-2566883|CDS|CYB_2468	74.415	727	174	8	3	723	405	1125	3.72e-126	448
Ga0393503_72_1657_2466	CP000239.1:698055-699204|CDS|CYA_0690	72.897	749	163	13	5	721	407	1147	7.68e-116	414
Ga0393503_72_1657_2466	CP000239.1:88305-89487|CDS|CYA_0091	71.923	723	169	9	2	713	404	1103	1.58e-105	379
Ga0393503_73_164_580	CP000239.1:285645-286068|CDS|CYA_0279	86.538	416	50	1	1	410	1	416	1.18e-141	499
Ga0393503_73_164_580	CP000240.1:2227135-2227633|CDS|CYB_2133	81.707	410	67	3	1	403	1	409	1.03e-110	396
Ga0393503_73_164_580	CP000239.1:279448-279994|CDS|CYA_0273	82.385	369	65	0	1	369	1	369	1.18e-103	373
Ga0393503_74_667_1569	CP000240.1:2426035-2426938|CDS|CYB_2315	99.557	903	4	0	1	903	1	903	0.0	1611
Ga0393503_74_667_1569	CP000239.1:1216338-1217253|CDS|CYA_1206	87.875	899	109	0	1	899	13	911	0.0	1131
Ga0393503_75_193_1053	CP000240.1:1431557-1432418|CDS|CYB_1360	99.535	861	4	0	1	861	1	861	0.0	1535
Ga0393503_75_1130_1903	CP000240.1:1430707-1431481|CDS|CYB_1359	98.837	774	9	0	1	774	1	774	0.0	1356
Ga0393503_75_1940_2260	CP000240.1:1429581-1430670|CDS|CYB_1358	96.262	321	12	0	1	321	769	1089	6.42e-150	526
Ga0393503_75_1940_2260	CP000239.1:1140937-1142029|CDS|CYA_1112	85.127	316	47	0	1	316	769	1084	1.97e-99	359
Ga0393503_76_22_474	CP000240.1:2529684-2530233|CDS|CYB_2433	98.234	453	8	0	1	453	97	549	0.0	782
Ga0393503_76_22_474	CP000239.1:421805-422360|CDS|CYA_0406	80.941	425	79	2	6	429	102	525	3.93e-110	395
Ga0393503_76_526_1497	CP000240.1:2528661-2529633|CDS|CYB_2432	98.455	971	15	0	1	971	1	971	0.0	1684
Ga0393503_76_526_1497	CP000239.1:420788-421748|CDS|CYA_0405	84.216	944	149	0	10	953	10	953	0.0	1031
Ga0393503_76_1598_2149	CP000240.1:2528012-2528561|CDS|CYB_2431	95.109	552	24	1	1	552	1	549	0.0	873
Ga0393503_76_1598_2149	CP000239.1:420171-420726|CDS|CYA_0404	80.039	511	99	1	1	511	1	508	3.97e-130	461
Ga0393503_77_416_1003	CP000240.1:2880706-2881294|CDS|CYB_2784	99.320	588	4	0	1	588	1	588	0.0	1043
Ga0393503_77_416_1003	CP000239.1:1965093-1965669|CDS|CYA_1954	80.168	595	82	5	1	583	1	571	3.05e-157	552
Ga0393503_77_1002_1901	CP000240.1:2879808-2880639|CDS|CYB_2783	99.519	831	4	0	70	900	1	831	0.0	1481
Ga0393503_77_1002_1901	CP000239.1:1964217-1965027|CDS|CYA_1953	83.129	735	120	3	104	836	35	767	0.0	757
Ga0393503_77_2042_2209	CP000240.1:2878708-2879668|CDS|CYB_2782	100.000	168	0	0	1	168	793	960	1.87e-83	304
Ga0393503_77_2042_2209	CP000239.1:125762-126731|CDS|CYA_0132	82.738	168	29	0	1	168	802	969	7.95e-44	173
Ga0393503_78_268_582	CP000240.1:1436813-1437128|CDS|CYB_1367	99.365	315	2	0	1	315	1	315	3.05e-160	560
Ga0393503_78_268_582	CP000239.1:1146147-1146600|CDS|CYA_1119	82.562	281	49	0	25	305	163	443	1.00e-77	287
Ga0393503_79_229_1080	CP000240.1:1031708-1032803|CDS|CYB_0995	73.001	863	182	10	1	851	271	1094	4.77e-144	508
Ga0393503_80_64_723	CP000240.1:527703-528363|CDS|CYB_0515	94.242	660	38	0	1	660	1	660	0.0	1020
Ga0393503_80_64_723	CP000239.1:1163148-1163808|CDS|CYA_1139	87.273	660	84	0	1	660	1	660	0.0	812
