Ga0393537_02_583_1827	CP000240.1:1317827-1319036|CDS|CYB_1261	99.173	1209	10	0	37	1245	1	1209	0.0	2136
Ga0393537_02_583_1827	CP000239.1:1226616-1227825|CDS|CYA_1215	87.156	1199	154	0	37	1235	1	1199	0.0	1469
Ga0393537_02_1831_3027	CP000240.1:1319039-1320236|CDS|CYB_1262	99.248	1197	9	0	1	1197	1	1197	0.0	2119
Ga0393537_02_1831_3027	CP000239.1:1227847-1229044|CDS|CYA_1216	88.053	1197	143	0	1	1197	1	1197	0.0	1515
Ga0393537_02_3254_4567	CP000240.1:1320402-1321782|CDS|CYB_1263	99.087	1314	12	0	1	1314	67	1380	0.0	2316
Ga0393537_02_3254_4567	CP000239.1:1229209-1230589|CDS|CYA_1217	86.367	1313	179	0	2	1314	68	1380	0.0	1562
Ga0393537_02_4591_5055	CP000240.1:1321805-1322270|CDS|CYB_1264	99.140	465	4	0	1	465	1	465	0.0	821
Ga0393537_02_4591_5055	CP000239.1:1230624-1231089|CDS|CYA_1218	87.965	457	55	0	1	457	1	457	5.99e-165	577
Ga0393537_02_5144_6400	CP000240.1:1322409-1323615|CDS|CYB_1265	97.098	1206	35	0	52	1257	1	1206	0.0	2018
Ga0393537_02_6412_7014	CP000240.1:1323626-1324229|CDS|CYB_1266	99.668	603	2	0	1	603	1	603	0.0	1079
Ga0393537_02_6412_7014	CP000239.1:1231274-1231877|CDS|CYA_1219	85.738	603	86	0	1	603	1	603	0.0	700
Ga0393537_02_7113_8372	CP000240.1:1324327-1325515|CDS|CYB_1267	98.148	1188	22	0	73	1260	1	1188	0.0	2044
Ga0393537_02_8481_9356	CP000240.1:1325695-1326781|CDS|CYB_1268	99.311	871	6	0	6	876	216	1086	0.0	1544
Ga0393537_02_8481_9356	CP000239.1:1231948-1233025|CDS|CYA_1220	87.836	855	104	0	3	857	207	1061	0.0	1074
Ga0393537_02_9881_11476	CP000240.1:1327063-1328677|CDS|CYB_1269	95.725	1614	42	1	10	1596	1	1614	0.0	2620
Ga0393537_02_9881_11476	CP000239.1:1233033-1234773|CDS|CYA_1221	84.852	1591	217	2	1	1567	91	1681	0.0	1796
Ga0393537_02_12489_12929	CP000240.1:1329386-1330193|CDS|CYB_1271	97.279	441	12	0	1	441	367	807	0.0	742
Ga0393537_02_13428_13937	CP000240.1:1330655-1331201|CDS|CYB_1272	94.118	510	30	0	1	510	37	546	0.0	785
Ga0393537_02_14247_14681	CP000240.1:1331509-1331944|CDS|CYB_1274	99.540	435	2	0	1	435	1	435	0.0	776
Ga0393537_02_14247_14681	CP000239.1:2882339-2882792|CDS|CYA_2864	80.288	416	80	2	21	435	39	453	3.53e-104	374
Ga0393537_02_15134_15442	CP000240.1:1333696-1334005|CDS|CYB_1278	100.000	309	0	0	1	309	1	309	1.04e-159	558
Ga0393537_02_15134_15442	CP000239.1:1632593-1632902|CDS|CYA_1630	88.997	309	34	0	1	309	1	309	1.45e-113	405
Ga0393537_02_15520_16128	CP000240.1:1334082-1334691|CDS|CYB_1279	98.686	609	8	0	1	609	1	609	0.0	1063
Ga0393537_02_15520_16128	CP000239.1:1632978-1633587|CDS|CYA_1631	85.222	609	90	0	1	609	1	609	0.0	693
Ga0393537_03_395_586	CP000240.1:1004568-1004760|CDS|CYB_0968	100.000	192	0	0	1	192	1	192	2.02e-96	347
Ga0393537_03_1256_1939	CP000240.1:1003216-1004071|CDS|CYB_0967	95.468	684	31	0	1	684	172	855	0.0	1095
Ga0393537_03_1256_1939	CP000239.1:2814556-2815450|CDS|CYA_2795	81.530	693	114	4	1	680	196	887	0.0	668
Ga0393537_03_2162_2839	CP000240.1:1002316-1003060|CDS|CYB_0966	96.755	678	22	0	1	678	67	744	0.0	1124
Ga0393537_03_2162_2839	CP000239.1:2815491-2816349|CDS|CYA_2796	84.101	673	107	0	6	678	186	858	0.0	732
Ga0393537_03_2996_3766	CP000240.1:1001413-1002196|CDS|CYB_0965	98.309	769	13	0	3	771	15	783	0.0	1329
Ga0393537_03_2996_3766	CP000239.1:2816490-2817261|CDS|CYA_2797	86.770	771	102	0	1	771	1	771	0.0	931
Ga0393537_03_3791_4294	CP000240.1:1000924-1001389|CDS|CYB_0964	96.989	465	14	0	40	504	1	465	0.0	776
Ga0393537_03_4480_4881	CP000240.1:1000293-1000695|CDS|CYB_0963	96.020	402	16	0	1	402	1	402	0.0	654
Ga0393537_03_4480_4881	CP000239.1:2817286-2817688|CDS|CYA_2798	84.250	400	63	0	1	400	1	400	3.24e-123	438
Ga0393537_03_4947_5687	CP000240.1:999484-1000225|CDS|CYB_0962	98.111	741	14	0	1	741	1	741	0.0	1274
Ga0393537_03_4947_5687	CP000239.1:2817784-2818501|CDS|CYA_2799	86.890	717	94	0	25	741	1	717	0.0	870
Ga0393537_03_5689_6114	CP000240.1:999057-999534|CDS|CYB_0960	98.826	426	5	0	1	426	52	477	0.0	746
Ga0393537_03_5689_6114	CP000239.1:2818535-2818928|CDS|CYA_2801	91.753	388	32	0	39	426	6	393	5.11e-159	556
Ga0393537_03_6051_7646	CP000240.1:997525-999121|CDS|CYB_0961	97.807	1596	35	0	1	1596	1	1596	0.0	2721
Ga0393537_03_6051_7646	CP000239.1:2818864-2820454|CDS|CYA_2800	86.752	1570	206	2	23	1591	17	1585	0.0	1887
Ga0393537_03_7652_7960	CP000240.1:997206-997515|CDS|CYB_0959	99.353	309	2	0	1	309	1	309	5.40e-157	549
Ga0393537_03_7652_7960	CP000239.1:2820450-2820759|CDS|CYA_2802	84.561	285	44	0	25	309	25	309	5.79e-87	316
Ga0393537_03_7992_8531	CP000240.1:996437-997175|CDS|CYB_0958	99.815	540	1	0	1	540	199	738	0.0	970
Ga0393537_03_7992_8531	CP000239.1:2820790-2821531|CDS|CYA_2803	82.963	540	74	2	1	540	220	741	3.63e-162	567
Ga0393537_03_8772_9722	CP000240.1:995444-996395|CDS|CYB_0956	98.002	951	19	0	1	951	1	951	0.0	1630
Ga0393537_03_8772_9722	CP000239.1:2821567-2822518|CDS|CYA_2804	88.372	946	110	0	6	951	6	951	0.0	1211
Ga0393537_03_9750_11957	CP000240.1:993209-995417|CDS|CYB_0955	97.509	2208	55	0	1	2208	1	2208	0.0	3735
Ga0393537_03_9750_11957	CP000239.1:2822551-2824759|CDS|CYA_2805	89.045	2209	240	2	1	2208	1	2208	0.0	2886
Ga0393537_03_12125_12643	CP000240.1:992535-993054|CDS|CYB_0954	98.651	519	7	0	1	519	1	519	0.0	905
Ga0393537_03_12125_12643	CP000239.1:2824934-2825477|CDS|CYA_2806	87.984	516	62	0	1	516	1	516	0.0	652
Ga0393537_03_12879_13406	CP000240.1:2783381-2784644|CDS|CYB_2696	65.709	522	157	3	8	528	1076	576	4.64e-34	141
Ga0393537_04_297_566	CP000240.1:68198-68468|CDS|CYB_0055	97.407	270	7	0	1	270	1	270	7.91e-129	456
Ga0393537_04_297_566	CP000239.1:2711744-2712014|CDS|CYA_2696	86.940	268	35	0	1	268	1	268	9.65e-90	326
Ga0393537_04_775_1314	CP000240.1:68550-69216|CDS|CYB_0056	98.704	540	7	0	1	540	127	666	0.0	943
Ga0393537_04_775_1314	CP000239.1:2712108-2712762|CDS|CYA_2697	86.408	515	70	0	1	515	121	635	2.79e-176	614
Ga0393537_04_1525_2049	CP000240.1:1176690-1177398|CDS|CYB_1140	78.486	502	106	2	13	513	13	513	1.71e-115	412
Ga0393537_04_1525_2049	CP000240.1:1092094-1093351|CDS|CYB_1053	76.712	511	108	4	1	507	1	504	3.53e-105	378
Ga0393537_04_1525_2049	CP000239.1:2051442-2052723|CDS|CYA_2034	76.181	508	114	4	13	517	13	516	9.48e-100	360
Ga0393537_04_2112_2570	CP000240.1:69558-70017|CDS|CYB_0057	99.564	459	2	0	1	459	1	459	0.0	820
Ga0393537_04_2112_2570	CP000239.1:587312-587771|CDS|CYA_0574	85.621	459	66	0	1	459	1	459	2.20e-151	531
Ga0393537_04_2690_3628	CP000240.1:70136-71075|CDS|CYB_0058	98.083	939	18	0	1	939	1	939	0.0	1613
Ga0393537_04_2690_3628	CP000239.1:587799-588738|CDS|CYA_0575	85.129	928	138	0	1	928	1	928	0.0	1052
Ga0393537_04_3721_4872	CP000240.1:71167-72319|CDS|CYB_0060	98.958	1152	12	0	1	1152	1	1152	0.0	2024
Ga0393537_04_3721_4872	CP000239.1:588837-589989|CDS|CYA_0577	90.443	1151	110	0	1	1151	1	1151	0.0	1581
Ga0393537_04_4869_5780	CP000240.1:72315-73227|CDS|CYB_0059	97.259	912	25	0	1	912	1	912	0.0	1533
Ga0393537_04_4869_5780	CP000239.1:589985-590897|CDS|CYA_0576	85.730	911	130	0	1	911	1	911	0.0	1058
Ga0393537_04_5838_6158	CP000240.1:73284-73605|CDS|CYB_0061	100.000	321	0	0	1	321	1	321	3.32e-166	580
Ga0393537_04_5838_6158	CP000239.1:590946-591267|CDS|CYA_0578	88.474	321	37	0	1	321	1	321	1.02e-115	413
Ga0393537_04_6755_7093	CP000240.1:74201-74573|CDS|CYB_0062	99.705	339	1	0	1	339	34	372	2.54e-174	608
Ga0393537_04_6755_7093	CP000239.1:591847-592186|CDS|CYA_0580	87.870	338	41	0	1	338	1	338	1.71e-119	425
Ga0393537_04_7169_7669	CP000240.1:74615-75209|CDS|CYB_0063	99.002	501	5	0	1	501	94	594	0.0	882
Ga0393537_04_7169_7669	CP000239.1:592231-592873|CDS|CYA_0581	83.402	482	80	0	1	482	97	578	7.89e-145	509
Ga0393537_04_7767_9578	CP000240.1:75213-77025|CDS|CYB_0064	98.841	1812	21	0	1	1812	1	1812	0.0	3174
Ga0393537_04_7767_9578	CP000239.1:592865-594677|CDS|CYA_0582	88.135	1812	215	0	1	1812	1	1812	0.0	2299
Ga0393537_04_9910_10437	CP000240.1:77356-77884|CDS|CYB_0065	99.242	528	4	0	1	528	1	528	0.0	935
Ga0393537_04_9910_10437	CP000239.1:594943-595468|CDS|CYA_0583	88.566	516	59	0	13	528	10	525	0.0	665
Ga0393537_04_10588_11574	CP000240.1:78034-79021|CDS|CYB_0066	99.291	987	7	0	1	987	1	987	0.0	1749
Ga0393537_04_10588_11574	CP000239.1:595615-596602|CDS|CYA_0584	89.695	951	98	0	1	951	1	951	0.0	1274
Ga0393537_04_11627_12391	CP000240.1:79073-79838|CDS|CYB_0067	99.608	765	3	0	1	765	1	765	0.0	1367
Ga0393537_04_11627_12391	CP000239.1:596647-597418|CDS|CYA_0585	96.498	771	21	1	1	765	1	771	0.0	1270
Ga0393537_04_12440_13780	CP000240.1:79886-81374|CDS|CYB_0068	99.031	1341	13	0	1	1341	148	1488	0.0	2360
Ga0393537_04_12440_13780	CP000239.1:597477-598887|CDS|CYA_0586	97.539	1341	33	0	1	1341	70	1410	0.0	2270
Ga0393537_05_175_1491	CP000240.1:688190-689507|CDS|CYB_0676	99.238	1313	10	0	1	1313	1	1313	0.0	2324
Ga0393537_05_175_1491	CP000239.1:1122233-1123547|CDS|CYA_1098	79.217	1328	251	12	1	1317	1	1314	0.0	1120
Ga0393537_05_1502_2407	CP000240.1:687274-688180|CDS|CYB_0675	99.890	906	1	0	1	906	1	906	0.0	1630
Ga0393537_05_1502_2407	CP000239.1:1123530-1124484|CDS|CYA_1099	86.619	837	112	0	1	837	1	837	0.0	1005
Ga0393537_05_2585_3691	CP000240.1:685996-687097|CDS|CYB_0674	97.019	1107	27	2	1	1107	1	1101	0.0	1845
Ga0393537_05_2585_3691	CP000239.1:264136-265249|CDS|CYA_0258	80.577	1040	196	2	58	1094	52	1088	0.0	962
Ga0393537_05_3726_3887	CP000240.1:685809-685962|CDS|CYB_0673	98.693	153	2	0	10	162	1	153	1.29e-72	268
Ga0393537_05_3726_3887	CP000239.1:265282-265435|CDS|CYA_0259	89.542	153	16	0	10	162	1	153	1.29e-53	205
Ga0393537_05_6381_7001	CP000240.1:684862-685483|CDS|CYB_0671	97.262	621	17	0	1	621	1	621	0.0	1044
Ga0393537_05_6381_7001	CP000239.1:2644292-2644913|CDS|CYA_2626	86.634	621	83	0	1	621	1	621	0.0	746
Ga0393537_05_7313_8728	CP000240.1:683072-684488|CDS|CYB_0669	96.328	1416	52	0	1	1416	1	1416	0.0	2320
Ga0393537_05_7313_8728	CP000239.1:2645143-2646559|CDS|CYA_2628	82.764	1404	230	2	1	1404	7	1398	0.0	1443
Ga0393537_05_8894_9517	CP000240.1:681089-682925|CDS|CYB_0668	93.143	525	27	2	1	525	19	534	0.0	784
Ga0393537_05_8894_9517	CP000239.1:2646699-2648472|CDS|CYA_2629	81.977	516	72	3	1	504	19	525	6.69e-147	517
Ga0393537_06_3_1094	CP000240.1:1253988-1255434|CDS|CYB_1208	94.780	1092	57	0	1	1092	355	1446	0.0	1713
Ga0393537_06_3_1094	CP000239.1:1771686-1773120|CDS|CYA_1764	88.187	1092	129	0	1	1092	343	1434	0.0	1388
Ga0393537_06_1300_2349	CP000240.1:1255627-1256677|CDS|CYB_1209	97.905	1050	22	0	1	1050	1	1050	0.0	1795
Ga0393537_06_1300_2349	CP000239.1:1773201-1774251|CDS|CYA_1766	88.857	1050	117	0	1	1050	1	1050	0.0	1367
Ga0393537_06_2443_2667	CP000239.1:2433345-2434626|CDS|CYA_2424	99.111	225	2	0	1	225	1057	1281	1.52e-111	398
Ga0393537_06_2443_2667	CP000239.1:1478618-1479899|CDS|CYA_1471	99.111	225	2	0	1	225	1057	1281	1.52e-111	398
Ga0393537_06_2443_2667	CP000239.1:2598895-2600176|CDS|CYA_2573	98.667	225	3	0	1	225	1057	1281	6.47e-110	393
Ga0393537_06_2443_2667	CP000239.1:2403315-2404596|CDS|CYA_2393	98.667	225	3	0	1	225	1057	1281	6.47e-110	393
Ga0393537_06_2443_2667	CP000239.1:2017852-2019133|CDS|CYA_2001	98.667	225	3	0	1	225	1057	1281	6.47e-110	393
Ga0393537_06_2443_2667	CP000239.1:1949093-1950374|CDS|CYA_1938	98.667	225	3	0	1	225	1057	1281	6.47e-110	393
Ga0393537_06_2443_2667	CP000239.1:1779349-1780630|CDS|CYA_1773	98.667	225	3	0	1	225	1057	1281	6.47e-110	393
Ga0393537_06_2443_2667	CP000239.1:1385448-1386729|CDS|CYA_1375	98.667	225	3	0	1	225	1057	1281	6.47e-110	393
Ga0393537_06_2443_2667	CP000239.1:410292-411573|CDS|CYA_0395	98.667	225	3	0	1	225	1057	1281	6.47e-110	393
Ga0393537_06_2443_2667	CP000239.1:1897468-1898749|CDS|CYA_1890	98.222	225	4	0	1	225	1057	1281	7.89e-109	389
Ga0393537_06_2443_2667	CP000239.1:1644791-1646072|CDS|CYA_1646	98.222	225	4	0	1	225	1057	1281	7.89e-109	389
Ga0393537_06_2443_2667	CP000239.1:731378-732659|CDS|CYA_0726	98.222	225	4	0	1	225	1057	1281	7.89e-109	389
Ga0393537_06_2443_2667	CP000239.1:2450640-2451921|CDS|CYA_2440	97.333	225	6	0	1	225	1057	1281	4.08e-106	379
Ga0393537_06_2443_2667	CP000239.1:2258726-2260007|CDS|CYA_2249	97.333	225	6	0	1	225	1057	1281	4.08e-106	379
Ga0393537_06_2443_2667	CP000239.1:2699277-2700558|CDS|CYA_2685	96.444	225	8	0	1	225	1057	1281	2.12e-103	370
Ga0393537_06_2443_2667	CP000240.1:21293-22574|CDS|CYB_0018	96.000	225	9	0	1	225	1057	1281	9.00e-102	366
Ga0393537_06_2443_2667	CP000239.1:362788-364069|CDS|CYA_0345	95.556	225	10	0	1	225	1057	1281	1.10e-100	361
Ga0393537_06_2443_2667	CP000239.1:2710017-2711283|CDS|CYA_2695	97.619	210	5	0	1	210	1057	1266	4.66e-99	357
Ga0393537_06_2443_2667	CP000240.1:1256770-1257394|CDS|CYB_1210	78.222	225	1	1	1	225	448	624	1.99e-59	224
Ga0393537_06_2443_2667	CP000240.1:32082-33315|CDS|CYB_0026	77.778	225	2	1	1	225	1057	1233	8.44e-58	220
Ga0393537_06_2443_2667	CP000239.1:1445168-1446401|CDS|CYA_1438	68.444	225	23	1	1	225	1057	1233	1.43e-29	125
Ga0393537_06_2626_3033	CP000240.1:1256770-1257394|CDS|CYB_1210	98.039	408	8	0	1	408	489	82	0.0	700
Ga0393537_06_2626_3033	CP000239.1:2403315-2404596|CDS|CYA_2393	97.059	408	12	0	1	408	1098	691	0.0	682
Ga0393537_06_2626_3033	CP000239.1:1644791-1646072|CDS|CYA_1646	96.814	408	13	0	1	408	1098	691	0.0	678
Ga0393537_06_2626_3033	CP000239.1:1478618-1479899|CDS|CYA_1471	96.814	408	13	0	1	408	1098	691	0.0	678
Ga0393537_06_2626_3033	CP000239.1:410292-411573|CDS|CYA_0395	96.814	408	13	0	1	408	1098	691	0.0	678
Ga0393537_06_2626_3033	CP000240.1:32082-33315|CDS|CYB_0026	96.569	408	14	0	1	408	1098	691	0.0	673
Ga0393537_06_2626_3033	CP000239.1:1949093-1950374|CDS|CYA_1938	96.569	408	14	0	1	408	1098	691	0.0	673
Ga0393537_06_2626_3033	CP000239.1:1897468-1898749|CDS|CYA_1890	96.569	408	14	0	1	408	1098	691	0.0	673
Ga0393537_06_2626_3033	CP000239.1:818225-819443|CDS|CYA_0807	96.569	408	14	0	1	408	1098	691	0.0	673
Ga0393537_06_2626_3033	CP000240.1:21293-22574|CDS|CYB_0018	96.324	408	15	0	1	408	1098	691	0.0	669
Ga0393537_06_2626_3033	CP000239.1:2710017-2711283|CDS|CYA_2695	96.324	408	15	0	1	408	1098	691	0.0	669
Ga0393537_06_2626_3033	CP000239.1:2699277-2700558|CDS|CYA_2685	96.324	408	15	0	1	408	1098	691	0.0	669
Ga0393537_06_2626_3033	CP000239.1:1385448-1386729|CDS|CYA_1375	96.324	408	15	0	1	408	1098	691	0.0	669
Ga0393537_06_2626_3033	CP000239.1:731378-732659|CDS|CYA_0726	96.324	408	15	0	1	408	1098	691	0.0	669
Ga0393537_06_2626_3033	CP000239.1:607043-608261|CDS|CYA_0596	96.324	408	15	0	1	408	1098	691	0.0	669
Ga0393537_06_2626_3033	CP000239.1:362788-364069|CDS|CYA_0345	96.324	408	15	0	1	408	1098	691	0.0	669
Ga0393537_06_2626_3033	CP000239.1:2258726-2260007|CDS|CYA_2249	96.314	407	15	0	2	408	1097	691	0.0	667
Ga0393537_06_2626_3033	CP000239.1:1779349-1780630|CDS|CYA_1773	96.078	408	16	0	1	408	1098	691	0.0	664
Ga0393537_06_2626_3033	CP000239.1:2450640-2451921|CDS|CYA_2440	96.069	407	16	0	2	408	1097	691	0.0	663
Ga0393537_06_2626_3033	CP000239.1:2598895-2600176|CDS|CYA_2573	95.833	408	17	0	1	408	1098	691	0.0	660
Ga0393537_06_2626_3033	CP000239.1:2433345-2434626|CDS|CYA_2424	95.833	408	17	0	1	408	1098	691	0.0	660
Ga0393537_06_2626_3033	CP000239.1:2017852-2019133|CDS|CYA_2001	95.588	408	18	0	1	408	1098	691	0.0	655
Ga0393537_06_2626_3033	CP000239.1:1445168-1446401|CDS|CYA_1438	95.466	397	18	0	12	408	1087	691	0.0	636
Ga0393537_06_3096_4682	CP000240.1:1257375-1259115|CDS|CYB_1211	99.055	1587	15	0	1	1587	154	1740	0.0	2795
Ga0393537_06_3096_4682	CP000239.1:1774360-1776115|CDS|CYA_1767	89.152	1604	146	5	1	1587	163	1755	0.0	2112
Ga0393537_06_5243_5536	CP000240.1:1259509-1260043|CDS|CYB_1212	97.619	294	7	0	1	294	241	534	8.12e-142	499
Ga0393537_06_5243_5536	CP000239.1:1776481-1777009|CDS|CYA_1768	81.185	287	54	0	8	294	242	528	1.68e-74	275
Ga0393537_06_5783_6232	CP000240.1:1260049-1260499|CDS|CYB_1213	95.111	450	22	0	1	450	1	450	0.0	713
Ga0393537_06_5783_6232	CP000239.1:1777015-1777441|CDS|CYA_1769	85.333	450	42	1	1	450	1	426	2.16e-151	532
Ga0393537_06_6229_6453	CP000240.1:1260495-1261680|CDS|CYB_1214	92.478	226	15	2	1	225	961	1185	2.75e-89	324
Ga0393537_06_6229_6453	CP000239.1:1777437-1778568|CDS|CYA_1770	89.823	226	21	2	1	225	907	1131	3.83e-81	297
Ga0393537_06_6431_7372	CP000240.1:1260495-1261680|CDS|CYB_1214	98.089	942	17	1	1	942	43	983	0.0	1615
Ga0393537_06_6431_7372	CP000239.1:1777437-1778568|CDS|CYA_1770	85.350	942	125	3	1	942	1	929	0.0	1076
Ga0393537_06_7563_7709	CP000240.1:1261702-1261975|CDS|CYB_1215	98.639	147	2	0	1	147	127	273	2.08e-69	257
Ga0393537_06_7860_8258	CP000240.1:1262125-1262524|CDS|CYB_1216	98.496	399	6	0	1	399	1	399	0.0	693
Ga0393537_06_7860_8258	CP000239.1:1780607-1781207|CDS|CYA_1774	83.544	395	59	1	1	389	181	575	2.47e-118	421
Ga0393537_06_8264_9019	CP000240.1:1262529-1263285|CDS|CYB_1217	97.222	756	21	0	1	756	1	756	0.0	1269
Ga0393537_06_8264_9019	CP000239.1:1781212-1781974|CDS|CYA_1775	87.517	729	91	0	1	729	1	729	0.0	905
Ga0393537_06_9021_9398	CP000240.1:1263288-1263666|CDS|CYB_1218	99.471	378	2	0	1	378	1	378	0.0	673
Ga0393537_06_9502_9774	CP000240.1:1263769-1264042|CDS|CYB_1219	98.901	273	3	0	1	273	1	273	7.01e-136	480
Ga0393537_06_9502_9774	CP000239.1:1782419-1782686|CDS|CYA_1777	81.685	273	44	1	1	273	1	267	2.30e-72	269
Ga0393537_07_1531_2754	CP000240.1:2975419-2976730|CDS|CYB_2877	96.650	1224	41	0	1	1224	88	1311	0.0	2023
Ga0393537_07_1531_2754	CP000239.1:648406-649717|CDS|CYA_0638	90.033	1224	122	0	1	1224	88	1311	0.0	1658
Ga0393537_07_2836_3294	CP000240.1:2976811-2977270|CDS|CYB_2878	95.852	458	19	0	1	458	1	458	0.0	741
Ga0393537_07_2836_3294	CP000239.1:647771-648272|CDS|CYA_0636	88.498	426	49	0	1	426	1	426	2.86e-156	548
Ga0393537_07_3771_3932	CP000240.1:2977727-2977907|CDS|CYB_2879	100.000	162	0	0	1	162	19	180	3.24e-80	293
Ga0393537_07_4167_5558	CP000240.1:2978141-2979533|CDS|CYB_2880	97.414	1392	36	0	1	1392	1	1392	0.0	2349
Ga0393537_07_4167_5558	CP000239.1:2080170-2081562|CDS|CYA_2061	83.706	1387	226	0	1	1387	1	1387	0.0	1483
Ga0393537_07_5654_6808	CP000240.1:95175-96330|CDS|CYB_0081	98.095	1155	22	0	1	1155	1	1155	0.0	1984
Ga0393537_07_5654_6808	CP000240.1:269596-270751|CDS|CYB_0258	96.970	1155	35	0	1	1155	1	1155	0.0	1926
Ga0393537_07_5654_6808	CP000240.1:1235562-1236717|CDS|CYB_1195	96.537	1155	40	0	1	1155	1	1155	0.0	1903
Ga0393537_07_5654_6808	CP000240.1:2789871-2791026|CDS|CYB_2701	96.277	1155	43	0	1	1155	1	1155	0.0	1890
Ga0393537_07_5654_6808	CP000240.1:2745261-2746416|CDS|CYB_2657	96.104	1155	45	0	1	1155	1	1155	0.0	1881
Ga0393537_07_5654_6808	CP000240.1:1824951-1826106|CDS|CYB_1742	96.017	1155	46	0	1	1155	1	1155	0.0	1876
Ga0393537_07_5654_6808	CP000240.1:559712-560867|CDS|CYB_0548	95.931	1155	47	0	1	1155	1	1155	0.0	1872
Ga0393537_07_6978_9683	CP000240.1:2979665-2982314|CDS|CYB_2881	97.546	2649	65	0	58	2706	1	2649	0.0	4485
Ga0393537_07_6978_9683	CP000239.1:1270023-1272645|CDS|CYA_1256	86.528	2650	328	5	58	2706	1	2622	0.0	3174
Ga0393537_08_30_671	CP000240.1:1020246-1020951|CDS|CYB_0985	98.287	642	11	0	1	642	64	705	0.0	1109
Ga0393537_08_30_671	CP000239.1:927518-928223|CDS|CYA_0918	85.174	634	94	0	7	640	70	703	0.0	720
Ga0393537_08_746_1552	CP000240.1:1019365-1020172|CDS|CYB_0984	97.770	807	18	0	1	807	1	807	0.0	1375
Ga0393537_08_746_1552	CP000239.1:928297-929104|CDS|CYA_0919	84.634	807	124	0	1	807	1	807	0.0	897
Ga0393537_08_1642_2880	CP000240.1:1018037-1019276|CDS|CYB_0983	98.224	1239	22	0	1	1239	1	1239	0.0	2136
Ga0393537_08_1642_2880	CP000239.1:157000-158224|CDS|CYA_0161	84.913	1213	183	0	1	1213	1	1213	0.0	1363
Ga0393537_08_3220_3588	CP000240.1:1017329-1017698|CDS|CYB_0982	99.729	369	1	0	1	369	1	369	0.0	662
Ga0393537_08_3220_3588	CP000239.1:158573-158942|CDS|CYA_0162	89.702	369	38	0	1	369	1	369	1.26e-140	495
Ga0393537_08_3844_4647	CP000240.1:1016269-1017004|CDS|CYB_0980	99.728	735	2	0	70	804	1	735	0.0	1317
Ga0393537_08_3844_4647	CP000239.1:159201-159990|CDS|CYA_0163	82.660	767	118	1	37	803	37	788	0.0	793
Ga0393537_08_4649_5842	CP000240.1:1015074-1016268|CDS|CYB_0979	97.320	1194	32	0	1	1194	1	1194	0.0	2010
Ga0393537_08_4649_5842	CP000239.1:994256-995468|CDS|CYA_0981	92.574	1212	72	2	1	1194	1	1212	0.0	1788
Ga0393537_08_4649_5842	CP000240.1:345730-346924|CDS|CYB_0329	92.965	1194	84	0	1	1194	1	1194	0.0	1775
Ga0393537_08_4649_5842	CP000240.1:1384265-1385459|CDS|CYB_1322	92.295	1194	92	0	1	1194	1	1194	0.0	1739
Ga0393537_08_4649_5842	CP000240.1:241642-242836|CDS|CYB_0233	91.715	1195	97	2	1	1194	1	1194	0.0	1702
Ga0393537_08_4649_5842	CP000240.1:2565689-2566883|CDS|CYB_2468	91.541	1194	101	0	1	1194	1	1194	0.0	1699
Ga0393537_08_4649_5842	CP000239.1:893439-894633|CDS|CYA_0887	91.039	1194	107	0	1	1194	1	1194	0.0	1672
Ga0393537_08_4649_5842	CP000240.1:1842322-1843549|CDS|CYB_1759	91.515	1155	74	1	1	1131	1	1155	0.0	1659
Ga0393537_08_4649_5842	CP000239.1:1594889-1596107|CDS|CYA_1585	89.180	1220	104	3	1	1194	1	1218	0.0	1618
Ga0393537_08_4649_5842	CP000240.1:2247371-2248565|CDS|CYB_2147	89.130	1196	126	2	1	1194	1	1194	0.0	1566
Ga0393537_08_4649_5842	CP000240.1:2933473-2934709|CDS|CYB_2835	85.934	1237	130	5	1	1194	1	1236	0.0	1464
Ga0393537_08_4649_5842	CP000240.1:605550-606744|CDS|CYB_0598	88.506	1131	130	0	1	1131	1	1131	0.0	1454
Ga0393537_08_4649_5842	CP000240.1:629484-630702|CDS|CYB_0620	87.532	1155	120	1	1	1131	1	1155	0.0	1452
Ga0393537_08_4649_5842	CP000240.1:2619921-2621115|CDS|CYB_2521	88.544	1126	127	2	1	1125	1	1125	0.0	1443
Ga0393537_08_4649_5842	CP000240.1:1316312-1317548|CDS|CYB_1259	85.460	1238	134	5	1	1194	1	1236	0.0	1441
Ga0393537_08_4649_5842	CP000240.1:481588-482800|CDS|CYB_0472	86.232	1213	147	5	1	1194	1	1212	0.0	1431
Ga0393537_08_4649_5842	CP000239.1:629980-631174|CDS|CYA_0620	88.089	1125	134	0	1	1125	1	1125	0.0	1425
Ga0393537_08_4649_5842	CP000240.1:1244785-1246021|CDS|CYB_1201	85.032	1236	143	3	1	1194	1	1236	0.0	1420
Ga0393537_08_4649_5842	CP000240.1:1267756-1268992|CDS|CYB_1227	84.964	1237	142	5	1	1194	1	1236	0.0	1410
Ga0393537_08_4649_5842	CP000240.1:2661652-2662870|CDS|CYB_2557	86.858	1149	127	1	1	1125	1	1149	0.0	1409
Ga0393537_08_4649_5842	CP000239.1:698055-699204|CDS|CYA_0690	86.312	1147	133	1	1	1123	1	1147	0.0	1379
Ga0393537_08_4649_5842	CP000239.1:712444-713638|CDS|CYA_0704	86.408	1133	150	2	1	1131	1	1131	0.0	1344
Ga0393537_08_4649_5842	CP000240.1:2168360-2169515|CDS|CYB_2071	85.751	1158	159	3	1	1155	1	1155	0.0	1337
Ga0393537_08_4649_5842	CP000240.1:2210858-2212052|CDS|CYB_2117	86.335	1127	150	2	1	1125	1	1125	0.0	1333
Ga0393537_08_4649_5842	CP000240.1:2644164-2645358|CDS|CYB_2538	85.448	1127	160	2	1	1125	1	1125	0.0	1288
Ga0393537_08_4649_5842	CP000240.1:102811-104029|CDS|CYB_0087	83.115	1220	178	3	1	1194	1	1218	0.0	1284
Ga0393537_08_4649_5842	CP000240.1:1190675-1191869|CDS|CYB_1151	85.461	1128	158	4	1	1125	1	1125	0.0	1283
Ga0393537_08_4649_5842	CP000240.1:1064975-1066169|CDS|CYB_1023	85.004	1127	165	2	1	1125	1	1125	0.0	1266
Ga0393537_08_4649_5842	CP000240.1:3008652-3009870|CDS|CYB_2910	83.966	1160	152	5	1	1131	1	1155	0.0	1262
Ga0393537_08_4649_5842	CP000240.1:1803089-1804283|CDS|CYB_1722	84.439	1131	176	0	1	1131	1	1131	0.0	1247
Ga0393537_08_4649_5842	CP000240.1:2553363-2554557|CDS|CYB_2454	84.561	1127	170	2	1	1125	1	1125	0.0	1243
Ga0393537_08_4649_5842	CP000239.1:2170714-2171908|CDS|CYA_2158	84.289	1133	174	2	1	1131	1	1131	0.0	1236
Ga0393537_08_4649_5842	CP000240.1:2796782-2798000|CDS|CYB_2707	83.493	1151	162	3	1	1125	1	1149	0.0	1232
Ga0393537_08_4649_5842	CP000240.1:2830275-2831565|CDS|CYB_2735	81.205	1245	181	5	1	1194	1	1243	0.0	1216
Ga0393537_08_4649_5842	CP000240.1:52430-53648|CDS|CYB_0041	83.060	1157	168	3	1	1131	1	1155	0.0	1215
Ga0393537_08_4649_5842	CP000239.1:774779-775973|CDS|CYA_0767	83.585	1127	181	2	1	1125	1	1125	0.0	1194
Ga0393537_08_4649_5842	CP000240.1:1954838-1956056|CDS|CYB_1872	82.627	1157	173	3	1	1131	1	1155	0.0	1193
Ga0393537_08_4649_5842	CP000240.1:1083184-1084426|CDS|CYB_1042	81.626	1181	165	4	1	1131	1	1179	0.0	1181
Ga0393537_08_4649_5842	CP000240.1:638632-639850|CDS|CYB_0630	82.419	1149	178	1	1	1125	1	1149	0.0	1179
Ga0393537_08_4649_5842	CP000240.1:1521392-1522610|CDS|CYB_1450	82.189	1151	177	3	1	1125	1	1149	0.0	1164
Ga0393537_08_4649_5842	CP000240.1:1358129-1359347|CDS|CYB_1297	81.581	1151	184	3	1	1125	1	1149	0.0	1132
Ga0393537_08_4649_5842	CP000240.1:2128026-2129220|CDS|CYB_2026	81.167	1200	214	9	1	1194	1	1194	0.0	1116
Ga0393537_08_4649_5842	CP000240.1:1917270-1918464|CDS|CYB_1826	80.417	1200	223	9	1	1194	1	1194	0.0	1076
Ga0393537_08_4649_5842	CP000240.1:1763450-1764623|CDS|CYB_1688	80.204	1177	223	7	1	1172	1	1172	0.0	1050
Ga0393537_08_4649_5842	CP000240.1:2219258-2220470|CDS|CYB_2126	78.061	1217	239	9	1	1194	1	1212	0.0	976
Ga0393537_08_4649_5842	CP000239.1:693322-694534|CDS|CYA_0687	77.486	1217	246	9	1	1194	1	1212	0.0	945
Ga0393537_08_4649_5842	CP000240.1:2506708-2507857|CDS|CYB_2410	75.265	1132	154	8	1	1009	1	1129	0.0	857
Ga0393537_08_4649_5842	CP000239.1:88305-89487|CDS|CYA_0091	75.378	1125	245	8	1	1115	1	1103	0.0	774
Ga0393537_08_5952_7679	CP000240.1:1013237-1014965|CDS|CYB_0977	96.875	1728	54	0	1	1728	1	1728	0.0	2874
Ga0393537_08_5952_7679	CP000239.1:159946-161716|CDS|CYA_0165	88.079	1728	194	2	1	1728	55	1770	0.0	2190
Ga0393537_08_7961_9142	CP000240.1:1012023-1013241|CDS|CYB_0978	99.915	1180	1	0	1	1180	31	1210	0.0	2124
Ga0393537_08_7961_9142	CP000239.1:161685-162930|CDS|CYA_0164	88.634	1179	134	0	1	1179	31	1209	0.0	1523
Ga0393537_09_674_1936	CP000240.1:2988076-2989450|CDS|CYB_2890	99.050	1263	12	0	1	1263	112	1374	0.0	2224
Ga0393537_09_674_1936	CP000239.1:1623052-1624450|CDS|CYA_1620	83.224	1222	202	1	17	1238	128	1346	0.0	1278
Ga0393537_09_2214_2606	CP000240.1:2987532-2987910|CDS|CYB_2889	96.524	374	13	0	1	374	1	374	5.71e-177	617
Ga0393537_09_2214_2606	CP000239.1:1622497-1622881|CDS|CYA_1619	85.635	362	52	0	1	362	1	362	8.50e-118	419
Ga0393537_09_2758_3630	CP000240.1:2986498-2987368|CDS|CYB_2887	97.005	868	26	0	1	868	1	868	0.0	1449
Ga0393537_09_2758_3630	CP000239.1:2023323-2024142|CDS|CYA_2006	83.376	788	126	3	77	863	29	812	0.0	822
Ga0393537_09_4037_4459	CP000240.1:2985673-2986387|CDS|CYB_2886	97.867	422	9	0	2	423	293	714	0.0	721
Ga0393537_09_4037_4459	CP000239.1:2024693-2025113|CDS|CYA_2008	82.506	423	71	1	1	423	1	420	1.77e-120	428
Ga0393537_09_4611_5342	CP000240.1:2984790-2985522|CDS|CYB_2885	97.678	732	17	0	1	732	1	732	0.0	1244
Ga0393537_09_4611_5342	CP000239.1:1275063-1275795|CDS|CYA_1259	80.309	711	140	0	1	711	1	711	0.0	652
Ga0393537_09_5429_6436	CP000240.1:2983696-2984704|CDS|CYB_2883	98.115	1008	19	0	1	1008	1	1008	0.0	1733
Ga0393537_09_5429_6436	CP000239.1:1273981-1274989|CDS|CYA_1258	88.878	1007	112	0	1	1007	1	1007	0.0	1312
Ga0393537_09_6723_7670	CP000240.1:2982454-2983345|CDS|CYB_2882	98.878	891	10	0	58	948	1	891	0.0	1563
Ga0393537_09_6723_7670	CP000239.1:1272773-1273664|CDS|CYA_1257	90.685	891	83	0	58	948	1	891	0.0	1233
Ga0393537_10_1819_2223	CP000240.1:2724876-2725314|CDS|CYB_2634	97.022	403	12	0	3	405	36	438	0.0	673
Ga0393537_10_1819_2223	CP000239.1:1176172-1176601|CDS|CYA_1152	84.826	402	61	0	4	405	28	429	5.18e-127	451
Ga0393537_10_2354_2812	CP000240.1:2724283-2724742|CDS|CYB_2633	98.039	459	9	0	1	459	1	459	0.0	788
Ga0393537_10_2354_2812	CP000239.1:1128532-1128991|CDS|CYA_1102	80.690	435	84	0	24	458	24	458	6.32e-114	407
Ga0393537_10_2964_3233	CP000240.1:2723862-2724132|CDS|CYB_2632	97.778	270	6	0	1	270	1	270	1.86e-130	461
Ga0393537_10_2964_3233	CP000239.1:1042529-1042799|CDS|CYA_1023	86.038	265	33	2	1	263	1	263	9.04e-84	306
Ga0393537_10_3270_3950	CP000240.1:2723145-2723826|CDS|CYB_2631	97.797	681	15	0	1	681	1	681	0.0	1161
Ga0393537_10_3270_3950	CP000239.1:1042832-1043561|CDS|CYA_1024	85.991	671	93	1	12	681	54	724	0.0	783
Ga0393537_10_4819_5622	CP000240.1:2721473-2722277|CDS|CYB_2629	97.761	804	18	0	1	804	1	804	0.0	1370
Ga0393537_10_4819_5622	CP000239.1:1044009-1044813|CDS|CYA_1026	85.217	805	117	2	1	804	1	804	0.0	909
Ga0393537_10_5672_6175	CP000240.1:2720920-2721424|CDS|CYB_2628	97.817	504	11	0	1	504	1	504	0.0	860
Ga0393537_10_5672_6175	CP000239.1:1044862-1045273|CDS|CYA_1027	88.509	409	47	0	94	502	1	409	1.03e-149	526
Ga0393537_10_6439_6882	CP000240.1:2720213-2720657|CDS|CYB_2627	98.423	444	7	0	1	444	1	444	0.0	770
Ga0393537_10_6439_6882	CP000239.1:1045717-1046161|CDS|CYA_1028	87.838	444	54	0	1	444	1	444	1.53e-159	558
Ga0393537_11_152_259	CP000240.1:644666-645770|CDS|CYB_0633	100.000	108	0	0	1	108	997	1104	4.11e-51	196
Ga0393537_11_152_259	CP000239.1:2774240-2775344|CDS|CYA_2753	92.523	107	8	0	1	107	997	1103	1.03e-39	158
Ga0393537_11_711_2912	CP000240.1:642011-644168|CDS|CYB_0632	97.682	2157	50	0	46	2202	1	2157	0.0	3665
Ga0393537_11_711_2912	CP000239.1:2771628-2773785|CDS|CYA_2752	86.940	2144	280	0	46	2189	1	2144	0.0	2605
Ga0393537_11_3029_4945	CP000240.1:639991-641908|CDS|CYB_0631	96.296	1917	71	0	1	1917	1	1917	0.0	3138
Ga0393537_11_3029_4945	CP000239.1:2769532-2771449|CDS|CYA_2751	87.011	1917	249	0	1	1917	1	1917	0.0	2335
Ga0393537_11_5206_5679	CP000240.1:637943-638417|CDS|CYB_0627	98.734	474	6	0	1	474	1	474	0.0	829
Ga0393537_11_5206_5679	CP000239.1:2768829-2769303|CDS|CYA_2749	86.076	474	66	0	1	474	1	474	1.64e-159	558
Ga0393537_11_5676_5936	CP000240.1:637686-637947|CDS|CYB_0628	96.169	261	10	0	1	261	1	261	3.70e-120	426
Ga0393537_11_5676_5936	CP000239.1:2768581-2768833|CDS|CYA_2750	87.556	225	28	0	1	225	1	225	3.47e-76	280
Ga0393537_12_356_769	CP000240.1:1435802-1436294|CDS|CYB_1365	95.894	414	17	0	1	414	79	492	0.0	671
Ga0393537_12_356_769	CP000239.1:1145281-1145773|CDS|CYA_1118	83.896	385	56	1	1	379	79	463	1.09e-116	416
Ga0393537_12_1059_2252	CP000240.1:2168360-2169515|CDS|CYB_2071	93.506	1155	75	0	1	1155	1	1155	0.0	1746
Ga0393537_12_1059_2252	CP000240.1:2247371-2248565|CDS|CYB_2147	92.379	1194	91	0	1	1194	1	1194	0.0	1744
Ga0393537_12_1059_2252	CP000239.1:712444-713638|CDS|CYA_0704	93.280	1131	76	0	1	1131	1	1131	0.0	1698
Ga0393537_12_1059_2252	CP000239.1:1594889-1596107|CDS|CYA_1585	90.558	1218	91	1	1	1194	1	1218	0.0	1696
Ga0393537_12_1059_2252	CP000240.1:2210858-2212052|CDS|CYB_2117	93.333	1125	75	0	1	1125	1	1125	0.0	1691
Ga0393537_12_1059_2252	CP000239.1:2170714-2171908|CDS|CYA_2158	92.661	1131	83	0	1	1131	1	1131	0.0	1666
Ga0393537_12_1059_2252	CP000240.1:2796782-2798000|CDS|CYB_2707	91.210	1149	77	1	1	1125	1	1149	0.0	1635
Ga0393537_12_1059_2252	CP000240.1:1803089-1804283|CDS|CYB_1722	91.424	1131	97	0	1	1131	1	1131	0.0	1603
Ga0393537_12_1059_2252	CP000240.1:1083184-1084426|CDS|CYB_1042	89.483	1179	76	2	1	1131	1	1179	0.0	1602
Ga0393537_12_1059_2252	CP000240.1:1954838-1956056|CDS|CYB_1872	90.390	1155	87	1	1	1131	1	1155	0.0	1600
Ga0393537_12_1059_2252	CP000239.1:774779-775973|CDS|CYA_0767	91.022	1125	101	0	1	1125	1	1125	0.0	1574
Ga0393537_12_1059_2252	CP000240.1:2830275-2831565|CDS|CYB_2735	87.289	1243	109	3	1	1194	1	1243	0.0	1561
Ga0393537_12_1059_2252	CP000240.1:2644164-2645358|CDS|CYB_2538	90.756	1125	104	0	1	1125	1	1125	0.0	1561
Ga0393537_12_1059_2252	CP000240.1:52430-53648|CDS|CYB_0041	89.351	1155	99	1	1	1131	1	1155	0.0	1546
Ga0393537_12_1059_2252	CP000240.1:2553363-2554557|CDS|CYB_2454	90.222	1125	110	0	1	1125	1	1125	0.0	1534
Ga0393537_12_1059_2252	CP000239.1:893439-894633|CDS|CYA_0887	88.107	1194	142	0	1	1194	1	1194	0.0	1514
Ga0393537_12_1059_2252	CP000239.1:629980-631174|CDS|CYA_0620	89.689	1125	116	0	1	1125	1	1125	0.0	1507
Ga0393537_12_1059_2252	CP000240.1:1190675-1191869|CDS|CYB_1151	89.698	1126	114	2	1	1125	1	1125	0.0	1501
Ga0393537_12_1059_2252	CP000240.1:1015074-1016268|CDS|CYB_0979	87.772	1194	146	0	1	1194	1	1194	0.0	1496
Ga0393537_12_1059_2252	CP000240.1:3008652-3009870|CDS|CYB_2910	88.225	1155	112	1	1	1131	1	1155	0.0	1488
Ga0393537_12_1059_2252	CP000240.1:638632-639850|CDS|CYB_0630	88.164	1149	112	1	1	1125	1	1149	0.0	1477
Ga0393537_12_1059_2252	CP000240.1:1384265-1385459|CDS|CYB_1322	87.364	1195	149	2	1	1194	1	1194	0.0	1468
Ga0393537_12_1059_2252	CP000240.1:1521392-1522610|CDS|CYB_1450	87.903	1149	115	1	1	1125	1	1149	0.0	1463
Ga0393537_12_1059_2252	CP000240.1:241642-242836|CDS|CYB_0233	87.280	1195	150	2	1	1194	1	1194	0.0	1463
Ga0393537_12_1059_2252	CP000240.1:1064975-1066169|CDS|CYB_1023	88.622	1125	128	0	1	1125	1	1125	0.0	1452
Ga0393537_12_1059_2252	CP000240.1:1316312-1317548|CDS|CYB_1259	85.437	1236	138	3	1	1194	1	1236	0.0	1443
Ga0393537_12_1059_2252	CP000240.1:345730-346924|CDS|CYB_0329	86.778	1195	156	2	1	1194	1	1194	0.0	1436
Ga0393537_12_1059_2252	CP000240.1:102811-104029|CDS|CYB_0087	85.796	1218	149	1	1	1194	1	1218	0.0	1434
Ga0393537_12_1059_2252	CP000240.1:1358129-1359347|CDS|CYB_1297	86.945	1149	126	1	1	1125	1	1149	0.0	1414
Ga0393537_12_1059_2252	CP000240.1:1842322-1843549|CDS|CYB_1759	86.085	1157	133	3	1	1131	1	1155	0.0	1373
Ga0393537_12_1059_2252	CP000239.1:994256-995468|CDS|CYA_0981	84.901	1212	165	2	1	1194	1	1212	0.0	1369
Ga0393537_12_1059_2252	CP000240.1:2565689-2566883|CDS|CYB_2468	85.008	1194	179	0	1	1194	1	1194	0.0	1347
Ga0393537_12_1059_2252	CP000240.1:2128026-2129220|CDS|CYB_2026	85.046	1197	173	5	1	1194	1	1194	0.0	1335
Ga0393537_12_1059_2252	CP000240.1:481588-482800|CDS|CYB_0472	84.419	1213	169	5	1	1194	1	1212	0.0	1332
Ga0393537_12_1059_2252	CP000240.1:2619921-2621115|CDS|CYB_2521	85.346	1126	163	2	1	1125	1	1125	0.0	1280
Ga0393537_12_1059_2252	CP000240.1:1244785-1246021|CDS|CYB_1201	82.120	1236	179	3	1	1194	1	1236	0.0	1258
Ga0393537_12_1059_2252	CP000240.1:2661652-2662870|CDS|CYB_2557	83.899	1149	161	1	1	1125	1	1149	0.0	1256
Ga0393537_12_1059_2252	CP000240.1:1267756-1268992|CDS|CYB_1227	81.892	1237	180	5	1	1194	1	1236	0.0	1239
Ga0393537_12_1059_2252	CP000240.1:629484-630702|CDS|CYB_0620	83.290	1155	169	1	1	1131	1	1155	0.0	1231
Ga0393537_12_1059_2252	CP000239.1:698055-699204|CDS|CYA_0690	82.738	1147	174	1	1	1123	1	1147	0.0	1194
Ga0393537_12_1059_2252	CP000240.1:605550-606744|CDS|CYB_0598	83.216	1132	188	2	1	1131	1	1131	0.0	1178
Ga0393537_12_1059_2252	CP000240.1:2933473-2934709|CDS|CYB_2835	80.791	1239	190	7	1	1194	1	1236	0.0	1174
Ga0393537_12_1059_2252	CP000240.1:1763450-1764623|CDS|CYB_1688	82.468	1175	200	5	1	1172	1	1172	0.0	1174
Ga0393537_12_1059_2252	CP000240.1:1917270-1918464|CDS|CYB_1826	82.038	1197	209	5	1	1194	1	1194	0.0	1173
Ga0393537_12_1059_2252	CP000240.1:2219258-2220470|CDS|CYB_2126	79.407	1214	228	5	1	1194	1	1212	0.0	1060
Ga0393537_12_1059_2252	CP000239.1:693322-694534|CDS|CYA_0687	79.242	1214	230	5	1	1194	1	1212	0.0	1051
Ga0393537_12_1059_2252	CP000240.1:2506708-2507857|CDS|CYB_2410	75.664	1130	153	6	1	1009	1	1129	0.0	882
Ga0393537_12_1059_2252	CP000239.1:88305-89487|CDS|CYA_0091	75.134	1122	253	6	1	1115	1	1103	0.0	763
Ga0393537_12_2640_2954	CP000240.1:1436813-1437128|CDS|CYB_1367	98.413	315	5	0	1	315	1	315	6.72e-156	546
Ga0393537_12_2640_2954	CP000239.1:1146147-1146600|CDS|CYA_1119	82.562	281	49	0	25	305	163	443	1.00e-77	287
Ga0393537_12_3206_5284	CP000240.1:1437379-1439743|CDS|CYB_1368	98.286	2042	35	0	38	2079	323	2364	0.0	3525
Ga0393537_12_3206_5284	CP000239.1:1336314-1338645|CDS|CYA_1321	82.681	2044	332	7	38	2079	308	2331	0.0	2079
Ga0393537_13_100_438	CP000240.1:1390127-1390676|CDS|CYB_1328	97.640	339	8	0	1	339	211	549	4.29e-165	576
Ga0393537_13_972_2942	CP000240.1:1391211-1393182|CDS|CYB_1330	97.717	1971	45	0	1	1971	1	1971	0.0	3352
Ga0393537_13_972_2942	CP000239.1:1133197-1135141|CDS|CYA_1108	80.150	1869	371	0	103	1971	76	1944	0.0	1699
Ga0393537_13_3071_3478	CP000240.1:1393331-1393718|CDS|CYB_1331	97.933	387	8	0	22	408	1	387	0.0	663
Ga0393537_13_3071_3478	CP000239.1:1132683-1133100|CDS|CYA_1107	82.143	336	60	0	64	399	73	408	8.29e-93	336
Ga0393537_13_3490_4359	CP000240.1:1393729-1394599|CDS|CYB_1332	98.621	870	12	0	1	870	1	870	0.0	1516
Ga0393537_13_3490_4359	CP000239.1:1131804-1132674|CDS|CYA_1106	81.013	869	165	0	1	869	1	869	0.0	824
Ga0393537_13_4456_5106	CP000240.1:1394603-1395251|CDS|CYB_1333	96.583	556	18	1	1	556	94	648	0.0	914
Ga0393537_13_4456_5106	CP000239.1:1131147-1131801|CDS|CYA_1105	85.099	557	78	3	4	560	91	642	2.28e-178	622
Ga0393537_14_688_807	CP000240.1:1574930-1575197|CDS|CYB_1501	100.000	120	0	0	1	120	148	267	1.43e-57	217
Ga0393537_14_891_2204	CP000240.1:1575252-1576710|CDS|CYB_1502	98.100	1316	23	1	1	1314	115	1430	0.0	2259
Ga0393537_14_2673_4052	CP000240.1:1577050-1578643|CDS|CYB_1503	98.696	1380	18	0	1	1380	214	1593	0.0	2408
Ga0393537_14_2673_4052	CP000239.1:360753-362295|CDS|CYA_0343	81.653	1379	202	3	1	1379	214	1541	0.0	1379
Ga0393537_14_4021_4266	CP000240.1:1577050-1578643|CDS|CYB_1503	99.593	246	0	1	1	246	1	245	6.69e-123	436
Ga0393537_14_4021_4266	CP000239.1:360753-362295|CDS|CYA_0343	85.366	246	35	1	1	246	1	245	1.13e-75	279
Ga0393537_14_4266_4829	CP000240.1:1578642-1579203|CDS|CYB_1504	95.153	557	27	0	8	564	5	561	0.0	884
Ga0393537_14_4266_4829	CP000239.1:360157-360754|CDS|CYA_0342	82.624	564	95	1	1	564	37	597	2.56e-164	574
Ga0393537_16_59_3187	CP000240.1:270932-275033|CDS|CYB_0259	97.990	3135	57	1	1	3129	967	4101	0.0	5380
Ga0393537_16_59_3187	CP000239.1:1891481-1895570|CDS|CYA_1886	74.824	3122	732	16	1	3104	988	4073	0.0	2073
Ga0393537_16_3215_4276	CP000240.1:275060-276122|CDS|CYB_0260	98.117	1062	20	0	1	1062	1	1062	0.0	1826
Ga0393537_16_3215_4276	CP000239.1:1890396-1891458|CDS|CYA_1885	85.336	1057	155	0	1	1057	1	1057	0.0	1208
Ga0393537_16_4325_4543	CP000240.1:276170-276629|CDS|CYB_0261	99.083	218	2	0	1	218	241	458	9.32e-108	385
Ga0393537_16_4325_4543	CP000239.1:1087801-1088257|CDS|CYA_1071	87.129	202	26	0	1	202	241	442	1.69e-66	248
Ga0393537_17_873_1187	CP000240.1:1433860-1434175|CDS|CYB_1364	98.413	315	5	0	1	315	1	315	6.72e-156	546
Ga0393537_17_873_1187	CP000239.1:1143360-1143684|CDS|CYA_1117	78.930	299	63	0	1	299	1	299	1.69e-68	256
Ga0393537_17_1397_1687	CP000240.1:1433358-1433664|CDS|CYB_1362	97.938	291	6	0	1	291	16	306	8.03e-142	499
Ga0393537_17_1397_1687	CP000239.1:1142910-1143216|CDS|CYA_1114	93.471	291	19	0	1	291	16	306	6.60e-124	440
Ga0393537_17_1745_2377	CP000240.1:1432668-1433301|CDS|CYB_1361	93.997	633	38	0	1	633	1	633	0.0	971
Ga0393537_17_1745_2377	CP000239.1:1142038-1142671|CDS|CYA_1113	83.412	633	105	0	1	633	1	633	0.0	669
Ga0393537_17_2803_3663	CP000240.1:1431557-1432418|CDS|CYB_1360	99.535	861	4	0	1	861	1	861	0.0	1535
Ga0393537_18_1302_1592	CP000240.1:936729-937020|CDS|CYB_0907	99.656	291	1	0	1	291	1	291	2.46e-148	521
Ga0393537_18_2566_3066	CP000240.1:935938-936439|CDS|CYB_0906	97.605	501	12	0	1	501	1	501	0.0	850
Ga0393537_18_2566_3066	CP000239.1:1632070-1632571|CDS|CYA_1629	83.640	489	80	0	1	489	1	489	1.25e-148	522
Ga0393537_18_3204_3782	CP000240.1:935222-935801|CDS|CYB_0905	98.618	579	8	0	1	579	1	579	0.0	1009
Ga0393537_18_3204_3782	CP000239.1:645673-646252|CDS|CYA_0634	83.916	572	92	0	1	572	1	572	2.46e-177	618
Ga0393537_18_3800_4252	CP000240.1:934707-935205|CDS|CYB_0904	100.000	453	0	0	1	453	46	498	0.0	818
Ga0393537_18_3800_4252	CP000239.1:645186-645657|CDS|CYA_0633	87.339	387	49	0	67	453	85	471	4.20e-135	478
Ga0393537_19_1281_2729	CP000240.1:278268-279717|CDS|CYB_0263	97.654	1449	34	0	1	1449	1	1449	0.0	2461
Ga0393537_19_1281_2729	CP000239.1:1084725-1086174|CDS|CYA_1068	82.612	1432	241	4	1	1428	1	1428	0.0	1450
Ga0393537_20_54_680	CP000240.1:66822-67761|CDS|CYB_0054	98.565	627	9	0	1	627	313	939	0.0	1091
Ga0393537_20_920_2152	CP000240.1:64390-65770|CDS|CYB_0051	99.513	1233	6	0	1	1233	148	1380	0.0	2197
Ga0393537_20_920_2152	CP000239.1:2700631-2701987|CDS|CYA_2686	86.596	1231	165	0	1	1231	124	1354	0.0	1477
Ga0393537_21_470_1654	CP000240.1:82504-83689|CDS|CYB_0071	98.059	1185	23	0	1	1185	1	1185	0.0	2034
Ga0393537_21_470_1654	CP000239.1:600075-601260|CDS|CYA_0589	87.351	1178	143	2	11	1185	11	1185	0.0	1450
Ga0393537_21_1704_2321	CP000240.1:81870-82455|CDS|CYB_0070	97.778	585	13	0	34	618	1	585	0.0	997
Ga0393537_21_1704_2321	CP000239.1:599456-600041|CDS|CYA_0588	83.677	533	87	0	34	566	1	533	1.20e-162	570
Ga0393537_21_2347_2631	CP000240.1:81527-81812|CDS|CYB_0069	98.596	285	4	0	1	285	1	285	2.74e-141	497
Ga0393537_21_2347_2631	CP000239.1:599118-599403|CDS|CYA_0587	92.632	285	21	0	1	285	1	285	6.04e-118	420
