Ga0374737_02_1853_2452	CP000239.1:669297-669954|CDS|CYA_0661	100.000	600	0	0	1	600	58	657	0.0	1083
Ga0374737_02_1853_2452	CP000240.1:622508-623096|CDS|CYB_0612	87.500	552	67	2	25	575	16	566	0.0	678
Ga0374737_02_2486_2812	CP000239.1:668841-669264|CDS|CYA_0660	100.000	327	0	0	1	327	97	423	1.88e-169	590
Ga0374737_02_3028_3639	CP000239.1:668110-668722|CDS|CYA_0659	100.000	612	0	0	1	612	1	612	0.0	1104
Ga0374737_02_3028_3639	CP000240.1:621482-622094|CDS|CYB_0610	89.706	612	63	0	1	612	1	612	0.0	820
Ga0374737_02_3711_4259	CP000239.1:667501-668083|CDS|CYA_0658	97.996	549	0	1	1	549	1	538	0.0	947
Ga0374737_02_4277_4909	CP000239.1:666851-667484|CDS|CYA_0657	100.000	633	0	0	1	633	1	633	0.0	1142
Ga0374737_02_4277_4909	CP000240.1:620233-620869|CDS|CYB_0608	89.117	634	66	1	1	631	1	634	0.0	831
Ga0374737_02_5058_5711	CP000239.1:664228-666703|CDS|CYA_0656	100.000	654	0	0	1	654	1822	2475	0.0	1180
Ga0374737_02_5058_5711	CP000240.1:617631-620106|CDS|CYB_0607	90.061	654	65	0	1	654	1822	2475	0.0	887
Ga0374737_02_5674_7533	CP000239.1:664228-666703|CDS|CYA_0656	99.785	1860	3	1	1	1860	1	1859	0.0	3333
Ga0374737_02_5674_7533	CP000240.1:617631-620106|CDS|CYB_0607	92.043	1860	147	1	1	1860	1	1859	0.0	2684
Ga0374737_02_7877_8959	CP000239.1:662802-663885|CDS|CYA_0654	99.631	1083	4	0	1	1083	1	1083	0.0	1936
Ga0374737_02_7877_8959	CP000239.1:903530-904487|CDS|CYA_0896	95.689	835	36	0	10	844	25	859	0.0	1344
Ga0374737_02_7877_8959	CP000240.1:616166-617264|CDS|CYB_0605	84.422	1072	167	0	10	1081	25	1096	0.0	1181
Ga0374737_02_9190_9822	CP000239.1:661036-662572|CDS|CYA_0653	99.368	633	4	0	1	633	904	1536	0.0	1124
Ga0374737_02_9190_9822	CP000240.1:302621-304169|CDS|CYB_0290	84.261	629	99	0	1	629	916	1544	0.0	689
Ga0374737_02_10660_11766	CP000239.1:659996-661103|CDS|CYA_0652	94.761	1107	58	0	1	1107	1	1107	0.0	1736
Ga0374737_02_10660_11766	CP000240.1:301581-302688|CDS|CYB_0289	85.095	1107	165	0	1	1107	1	1107	0.0	1253
Ga0374737_02_11981_12265	CP000239.1:659505-659844|CDS|CYA_0650	95.789	285	12	0	1	285	55	339	1.97e-130	461
Ga0374737_02_11981_12265	CP000240.1:301064-301349|CDS|CYB_0288	84.000	275	44	0	1	275	1	275	1.42e-81	298
Ga0374737_02_12262_12927	CP000239.1:658780-659509|CDS|CYA_0651	95.495	666	30	0	1	666	64	729	0.0	1067
Ga0374737_02_12262_12927	CP000240.1:300199-300928|CDS|CYB_0287	82.569	654	114	0	1	654	64	717	0.0	666
Ga0374737_02_13037_13810	CP000239.1:657960-658734|CDS|CYA_0649	99.354	774	5	0	1	774	1	774	0.0	1374
Ga0374737_02_13037_13810	CP000240.1:299409-300183|CDS|CYB_0286	83.679	772	126	0	1	772	1	772	0.0	825
Ga0374737_02_13870_14127	CP000239.1:657643-657901|CDS|CYA_0648	99.612	258	1	0	1	258	1	258	1.77e-130	462
Ga0374737_02_13870_14127	CP000240.1:299089-299347|CDS|CYB_0285	84.647	241	37	0	1	241	1	241	2.16e-72	269
Ga0374737_02_14180_14857	CP000239.1:656913-657591|CDS|CYA_0646	99.263	678	5	0	1	678	1	678	0.0	1201
Ga0374737_02_14180_14857	CP000240.1:298296-298974|CDS|CYB_0284	86.111	648	90	0	10	657	10	657	0.0	764
Ga0374737_02_14854_15261	CP000239.1:656509-656917|CDS|CYA_0647	99.755	408	1	0	1	408	1	408	0.0	732
Ga0374737_02_14854_15261	CP000240.1:297868-298279|CDS|CYB_0283	86.732	407	51	2	1	404	1	407	2.53e-137	485
Ga0374737_02_15659_15757	CP000239.1:656013-656112|CDS|CYA_0645	100.000	99	0	0	1	99	1	99	2.83e-46	179
Ga0374737_02_15659_15757	CP000240.1:297370-297469|CDS|CYB_0282	89.899	99	10	0	1	99	1	99	1.05e-32	134
Ga0374737_02_15871_17331	CP000239.1:654367-655900|CDS|CYA_0644	99.726	1461	4	0	1	1461	73	1533	0.0	2617
Ga0374737_02_15871_17331	CP000240.1:295731-297264|CDS|CYB_0281	89.726	1460	150	0	1	1460	73	1532	0.0	1957
Ga0374737_02_17766_18062	CP000239.1:653708-654005|CDS|CYA_0643	99.663	297	1	0	1	297	1	297	1.39e-151	532
Ga0374737_02_17766_18062	CP000240.1:295073-295370|CDS|CYB_0280	90.572	297	28	0	1	297	1	297	3.27e-115	410
Ga0374737_02_18603_20438	CP000239.1:651332-653168|CDS|CYA_0640	99.946	1836	1	0	1	1836	1	1836	0.0	3307
Ga0374737_02_18603_20438	CP000240.1:2971939-2973775|CDS|CYB_2875	87.309	1836	233	0	1	1836	1	1836	0.0	2261
Ga0374737_03_1169_1822	CP000240.1:2740770-2741424|CDS|CYB_2652	98.930	654	7	0	1	654	1	654	0.0	1149
Ga0374737_03_1169_1822	CP000239.1:1345252-1345906|CDS|CYA_1331	82.416	654	115	0	1	654	1	654	0.0	662
Ga0374737_03_2159_4693	CP000240.1:2737899-2740434|CDS|CYB_2650	98.304	2535	43	0	1	2535	1	2535	0.0	4378
Ga0374737_03_2159_4693	CP000239.1:1163922-1166457|CDS|CYA_1140	97.475	2535	64	0	1	2535	1	2535	0.0	4284
Ga0374737_03_4741_5151	CP000240.1:2737441-2737852|CDS|CYB_2649	99.757	411	1	0	1	411	1	411	0.0	737
Ga0374737_03_4741_5151	CP000239.1:1166504-1166915|CDS|CYA_1142	99.513	411	2	0	1	411	1	411	0.0	733
Ga0374737_03_6413_6625	CP000240.1:2735955-2736210|CDS|CYB_2648	99.531	213	1	0	1	213	243	31	3.84e-106	380
Ga0374737_03_6413_6625	CP000239.1:1167657-1167912|CDS|CYA_1143	98.592	213	3	0	1	213	243	31	1.99e-103	371
Ga0374737_03_6703_7602	CP000239.1:1167977-1168946|CDS|CYA_1144	97.667	900	21	0	1	900	70	969	0.0	1529
Ga0374737_03_6703_7602	CP000240.1:2734922-2735891|CDS|CYB_2647	96.993	898	27	0	1	898	70	967	0.0	1498
Ga0374737_03_7766_9301	CP000240.1:2733292-2734828|CDS|CYB_2646	97.982	1536	31	0	1	1536	1	1536	0.0	2631
Ga0374737_03_7766_9301	CP000239.1:1169040-1170579|CDS|CYA_1145	84.939	1547	214	6	1	1536	1	1539	0.0	1730
Ga0374737_03_9603_9797	CP000240.1:2732927-2733122|CDS|CYB_2644	100.000	195	0	0	1	195	1	195	4.83e-98	352
Ga0374737_03_9603_9797	CP000239.1:1170709-1170904|CDS|CYA_1147	84.615	195	30	0	1	195	1	195	2.51e-57	217
Ga0374737_03_9794_10750	CP000240.1:2731980-2732931|CDS|CYB_2645	96.951	951	29	0	7	957	1	951	0.0	1585
Ga0374737_03_9794_10750	CP000239.1:1170900-1171863|CDS|CYA_1146	74.093	965	232	4	7	956	1	962	1.75e-175	612
Ga0374737_03_10771_12030	CP000240.1:2730694-2731954|CDS|CYB_2643	97.302	1260	34	0	1	1260	1	1260	0.0	2120
Ga0374737_03_10771_12030	CP000239.1:1171868-1173149|CDS|CYA_1148	89.239	1236	133	0	1	1236	1	1236	0.0	1630
Ga0374737_03_12228_12503	CP000240.1:2730221-2730497|CDS|CYB_2642	97.826	276	6	0	1	276	1	276	1.05e-133	471
Ga0374737_03_12228_12503	CP000239.1:1173296-1173572|CDS|CYA_1149	86.567	268	36	0	1	268	1	268	1.20e-88	322
Ga0374737_03_12555_13052	CP000240.1:2729687-2730170|CDS|CYB_2641	99.586	483	2	0	16	498	1	483	0.0	863
Ga0374737_03_12555_13052	CP000239.1:1173594-1174071|CDS|CYA_1150	90.433	439	42	0	52	490	1	439	4.63e-173	603
Ga0374737_03_13427_13879	CP000240.1:2277226-2278432|CDS|CYB_2174	90.674	386	36	0	49	434	49	434	1.78e-152	535
Ga0374737_03_13427_13879	CP000239.1:1995329-1996559|CDS|CYA_1977	83.010	412	59	4	33	440	60	464	9.88e-118	420
Ga0374737_03_13427_13879	CP000239.1:1196823-1198029|CDS|CYA_1181	83.010	412	59	4	33	440	36	440	9.88e-118	420
Ga0374737_03_13427_13879	CP000239.1:229316-230522|CDS|CYA_0226	83.010	412	59	4	33	440	36	440	9.88e-118	420
Ga0374737_03_13970_15814	CP000240.1:2725443-2727342|CDS|CYB_2635	97.832	1845	40	0	1	1845	55	1899	0.0	3148
Ga0374737_03_13970_15814	CP000239.1:1174188-1176054|CDS|CYA_1151	85.780	1751	241	3	1	1750	55	1798	0.0	2030
Ga0374737_03_16007_16435	CP000240.1:2724876-2725314|CDS|CYB_2634	98.588	425	6	0	1	425	10	434	0.0	740
Ga0374737_03_16007_16435	CP000239.1:1176172-1176601|CDS|CYA_1152	83.607	427	70	0	1	427	1	427	1.30e-128	455
Ga0374737_03_16454_17407	CP000240.1:1083184-1084426|CDS|CYB_1042	94.070	978	34	1	1	954	265	1242	0.0	1520
Ga0374737_03_16454_17407	CP000239.1:2170714-2171908|CDS|CYA_2158	95.283	954	45	0	1	954	241	1194	0.0	1518
Ga0374737_03_16454_17407	CP000240.1:1954838-1956056|CDS|CYB_1872	93.661	978	38	1	1	954	241	1218	0.0	1502
Ga0374737_03_16454_17407	CP000239.1:774779-775973|CDS|CYA_0767	93.711	954	60	0	1	954	241	1194	0.0	1451
Ga0374737_03_16454_17407	CP000240.1:1190675-1191869|CDS|CYB_1151	93.397	939	62	0	16	954	256	1194	0.0	1415
Ga0374737_03_16454_17407	CP000240.1:1803089-1804283|CDS|CYB_1722	93.291	939	63	0	16	954	256	1194	0.0	1410
Ga0374737_03_16454_17407	CP000240.1:2168360-2169515|CDS|CYB_2071	94.949	891	45	0	1	891	241	1131	0.0	1405
Ga0374737_03_16454_17407	CP000239.1:712444-713638|CDS|CYA_0704	92.558	954	71	0	1	954	241	1194	0.0	1401
Ga0374737_03_16454_17407	CP000240.1:2644164-2645358|CDS|CYB_2538	92.652	939	69	0	16	954	256	1194	0.0	1383
Ga0374737_03_16454_17407	CP000240.1:2796782-2798000|CDS|CYB_2707	90.900	978	65	1	1	954	241	1218	0.0	1380
Ga0374737_03_16454_17407	CP000240.1:3008652-3009870|CDS|CYB_2910	92.013	939	75	0	16	954	280	1218	0.0	1356
Ga0374737_03_16454_17407	CP000240.1:2210858-2212052|CDS|CYB_2117	90.671	954	89	0	1	954	241	1194	0.0	1320
Ga0374737_03_16454_17407	CP000240.1:638632-639850|CDS|CYB_0630	90.628	939	88	0	16	954	280	1218	0.0	1297
Ga0374737_03_16454_17407	CP000239.1:629980-631174|CDS|CYA_0620	90.147	954	94	0	1	954	241	1194	0.0	1297
Ga0374737_03_16454_17407	CP000240.1:52430-53648|CDS|CYB_0041	89.408	963	78	1	16	954	256	1218	0.0	1295
Ga0374737_03_16454_17407	CP000240.1:2830275-2831565|CDS|CYB_2735	89.178	961	63	2	16	952	280	1223	0.0	1293
Ga0374737_03_16454_17407	CP000240.1:1267756-1268992|CDS|CYB_1227	90.502	937	89	0	16	952	280	1216	0.0	1289
Ga0374737_03_16454_17407	CP000240.1:2619921-2621115|CDS|CYB_2521	90.415	939	90	0	16	954	256	1194	0.0	1288
Ga0374737_03_16454_17407	CP000240.1:2553363-2554557|CDS|CYB_2454	89.832	954	97	0	1	954	241	1194	0.0	1284
Ga0374737_03_16454_17407	CP000240.1:1521392-1522610|CDS|CYB_1450	90.309	939	91	0	16	954	280	1218	0.0	1284
Ga0374737_03_16454_17407	CP000240.1:1358129-1359347|CDS|CYB_1297	89.457	939	99	0	16	954	280	1218	0.0	1248
Ga0374737_03_16454_17407	CP000240.1:2247371-2248565|CDS|CYB_2147	91.176	884	78	0	8	891	248	1131	0.0	1243
Ga0374737_03_16454_17407	CP000240.1:2933473-2934709|CDS|CYB_2835	89.218	946	100	2	8	952	272	1216	0.0	1240
Ga0374737_03_16454_17407	CP000240.1:629484-630702|CDS|CYB_0620	88.490	947	109	0	8	954	272	1218	0.0	1217
Ga0374737_03_16454_17407	CP000240.1:481588-482800|CDS|CYB_0472	88.581	937	107	0	16	952	256	1192	0.0	1208
Ga0374737_03_16454_17407	CP000240.1:1064975-1066169|CDS|CYB_1023	88.285	939	110	0	16	954	256	1194	0.0	1198
Ga0374737_03_16454_17407	CP000240.1:1316312-1317548|CDS|CYB_1259	86.791	969	104	1	8	952	248	1216	0.0	1188
Ga0374737_03_16454_17407	CP000239.1:1594889-1596107|CDS|CYA_1585	89.593	884	92	0	8	891	248	1131	0.0	1180
Ga0374737_03_16454_17407	CP000240.1:2661652-2662870|CDS|CYB_2557	86.397	963	107	1	16	954	256	1218	0.0	1164
Ga0374737_03_16454_17407	CP000240.1:1244785-1246021|CDS|CYB_1201	88.423	907	105	0	46	952	310	1216	0.0	1163
Ga0374737_03_16454_17407	CP000240.1:241642-242836|CDS|CYB_0233	88.927	876	97	0	16	891	256	1131	0.0	1143
Ga0374737_03_16454_17407	CP000239.1:893439-894633|CDS|CYA_0887	86.872	876	115	0	16	891	256	1131	0.0	1062
Ga0374737_03_16454_17407	CP000239.1:994256-995468|CDS|CYA_0981	84.739	937	143	0	16	952	256	1192	0.0	1046
Ga0374737_03_16454_17407	CP000240.1:1842322-1843549|CDS|CYB_1759	82.922	972	140	3	8	954	248	1218	0.0	1015
Ga0374737_03_16454_17407	CP000240.1:102811-104029|CDS|CYB_0087	84.932	876	132	0	16	891	280	1155	0.0	985
Ga0374737_03_16454_17407	CP000240.1:605550-606744|CDS|CYB_0598	82.999	947	161	0	8	954	248	1194	0.0	983
Ga0374737_03_16454_17407	CP000239.1:698055-699204|CDS|CYA_0690	83.744	892	121	1	16	883	256	1147	0.0	973
Ga0374737_03_16454_17407	CP000240.1:1384265-1385459|CDS|CYB_1322	83.824	884	143	0	8	891	248	1131	0.0	950
Ga0374737_03_16454_17407	CP000240.1:1015074-1016268|CDS|CYB_0979	83.790	876	142	0	16	891	256	1131	0.0	940
Ga0374737_03_16454_17407	CP000240.1:345730-346924|CDS|CYB_0329	82.919	884	151	0	8	891	248	1131	0.0	914
Ga0374737_03_16454_17407	CP000240.1:2128026-2129220|CDS|CYB_2026	82.943	897	141	7	1	891	241	1131	0.0	908
Ga0374737_03_16454_17407	CP000240.1:2565689-2566883|CDS|CYB_2468	81.787	884	161	0	8	891	248	1131	0.0	869
Ga0374737_03_16454_17407	CP000239.1:693322-694534|CDS|CYA_0687	79.937	957	182	5	1	952	241	1192	0.0	847
Ga0374737_03_16454_17407	CP000240.1:2219258-2220470|CDS|CYB_2126	79.415	957	187	5	1	952	241	1192	0.0	825
Ga0374737_03_16454_17407	CP000240.1:1763450-1764623|CDS|CYB_1688	79.933	897	168	7	1	891	241	1131	0.0	786
Ga0374737_03_16454_17407	CP000240.1:2506708-2507857|CDS|CYB_2410	80.729	768	100	2	36	755	348	1115	0.0	753
Ga0374737_03_16454_17407	CP000240.1:1917270-1918464|CDS|CYB_1826	78.595	897	180	7	1	891	241	1131	0.0	732
Ga0374737_03_16454_17407	CP000239.1:88305-89487|CDS|CYA_0091	74.074	864	204	7	16	875	256	1103	3.86e-152	535
Ga0374737_04_61_975	CP000240.1:2746710-2747625|CDS|CYB_2658	99.016	915	9	0	1	915	1	915	0.0	1610
Ga0374737_04_1314_2714	CP000240.1:2747956-2749357|CDS|CYB_2659	97.502	1401	35	0	1	1401	1	1401	0.0	2370
Ga0374737_04_1314_2714	CP000239.1:2117543-2118944|CDS|CYA_2100	96.431	1401	50	0	1	1401	1	1401	0.0	2302
Ga0374737_04_2711_2899	CP000240.1:2749353-2749542|CDS|CYB_2660	99.471	189	1	0	1	189	1	189	3.59e-93	337
Ga0374737_04_2711_2899	CP000239.1:2118940-2119129|CDS|CYA_2101	97.354	189	5	0	1	189	1	189	9.63e-88	319
Ga0374737_04_2971_3603	CP000240.1:2749613-2750246|CDS|CYB_2661	98.894	633	7	0	1	633	1	633	0.0	1111
Ga0374737_04_2971_3603	CP000239.1:2119222-2119831|CDS|CYA_2102	90.787	597	55	0	37	633	13	609	0.0	829
Ga0374737_04_3763_4629	CP000240.1:2751213-2752080|CDS|CYB_2664	96.078	867	34	0	1	867	1	867	0.0	1411
Ga0374737_04_3763_4629	CP000239.1:2119977-2120823|CDS|CYA_2103	86.391	845	115	0	23	867	2	846	0.0	1006
Ga0374737_04_4754_5698	CP000240.1:2752204-2753149|CDS|CYB_2665	96.402	945	34	0	1	945	1	945	0.0	1552
Ga0374737_04_4754_5698	CP000239.1:2120987-2121932|CDS|CYA_2104	86.093	906	126	0	1	906	1	906	0.0	1067
Ga0374737_04_5959_6333	CP000240.1:2753409-2753784|CDS|CYB_2666	98.133	375	7	0	1	375	1	375	0.0	645
Ga0374737_04_5959_6333	CP000239.1:2122211-2122586|CDS|CYA_2105	83.467	375	62	0	1	375	1	375	2.64e-111	398
Ga0374737_04_6435_7139	CP000240.1:2753885-2754590|CDS|CYB_2667	98.293	703	12	0	1	703	1	703	0.0	1214
Ga0374737_04_6435_7139	CP000239.1:2122668-2123367|CDS|CYA_2107	81.727	695	127	0	1	695	1	695	0.0	682
Ga0374737_04_7215_9431	CP000240.1:2754665-2756882|CDS|CYB_2668	98.241	2217	39	0	1	2217	1	2217	0.0	3823
Ga0374737_04_7215_9431	CP000239.1:2123363-2125556|CDS|CYA_2106	83.726	2163	346	2	1	2160	1	2160	0.0	2311
Ga0374737_04_9853_10899	CP000240.1:2757303-2758350|CDS|CYB_2669	99.427	1047	6	0	1	1047	1	1047	0.0	1862
Ga0374737_04_9853_10899	CP000239.1:2125968-2127015|CDS|CYA_2109	89.971	1047	105	0	1	1047	1	1047	0.0	1416
Ga0374737_04_12423_14135	CP000240.1:2758982-2760683|CDS|CYB_2671	98.824	1701	20	0	13	1713	1	1701	0.0	2978
Ga0374737_04_12423_14135	CP000239.1:2127640-2129362|CDS|CYA_2111	86.951	1686	220	0	13	1698	1	1686	0.0	2049
Ga0374737_04_14141_15085	CP000240.1:2760688-2761633|CDS|CYB_2672	98.730	945	12	0	1	945	1	945	0.0	1651
Ga0374737_04_14141_15085	CP000239.1:2129477-2130422|CDS|CYA_2112	84.958	944	142	0	1	944	1	944	0.0	1063
Ga0374737_04_15147_16667	CP000240.1:2761694-2763215|CDS|CYB_2673	98.159	1521	28	0	1	1521	1	1521	0.0	2617
Ga0374737_04_15147_16667	CP000239.1:2130467-2131988|CDS|CYA_2113	88.823	1521	170	0	1	1521	1	1521	0.0	1977
Ga0374737_04_16712_17260	CP000240.1:2763259-2763808|CDS|CYB_2674	99.271	549	4	0	1	549	1	549	0.0	973
Ga0374737_04_16712_17260	CP000239.1:2132047-2132596|CDS|CYA_2114	81.569	548	101	0	1	548	1	548	7.62e-152	534
Ga0374737_05_35_694	CP000240.1:2442-3264|CDS|CYB_0003	97.727	660	15	0	1	660	163	822	0.0	1123
Ga0374737_05_35_694	CP000239.1:2330-3152|CDS|CYA_0002	84.043	658	105	0	1	658	163	820	0.0	714
Ga0374737_05_823_1506	CP000240.1:1492-2317|CDS|CYB_0002	98.538	684	10	0	1	684	142	825	0.0	1189
Ga0374737_05_823_1506	CP000239.1:1644-2334|CDS|CYA_0003	83.333	690	109	1	1	684	1	690	0.0	728
Ga0374737_05_1673_1945	CP000240.1:63-1467|CDS|CYB_0001	97.378	267	7	0	7	273	1138	1404	3.40e-127	451
Ga0374737_05_1673_1945	CP000239.1:70-1474|CDS|CYA_0001	85.019	267	40	0	7	273	1138	1404	1.11e-82	302
Ga0374737_05_2406_3653	CP000240.1:15044-16448|CDS|CYB_0014	93.508	1186	77	0	1	1186	1	1186	0.0	1792
Ga0374737_05_2406_3653	CP000239.1:9805-11209|CDS|CYA_0009	87.500	1160	145	0	13	1172	13	1172	0.0	1439
Ga0374737_05_3924_4304	CP000240.1:14051-14774|CDS|CYB_0012	99.658	292	1	0	1	292	1	292	9.36e-149	523
Ga0374737_05_4261_4578	CP000240.1:14051-14774|CDS|CYB_0012	100.000	318	0	0	1	318	406	723	1.40e-164	574
Ga0374737_05_4762_5766	CP000240.1:12863-13868|CDS|CYB_0011	99.005	1005	10	0	1	1005	1	1005	0.0	1768
Ga0374737_05_4762_5766	CP000240.1:1540612-1541620|CDS|CYB_1465	63.797	790	263	9	108	884	117	896	3.59e-26	116
Ga0374737_05_5907_7817	CP000240.1:10812-12723|CDS|CYB_0009	99.948	1911	1	0	1	1911	1	1911	0.0	3443
Ga0374737_05_8962_11487	CP000240.1:7142-9602|CDS|CYB_0008	97.520	2460	61	0	67	2526	1	2460	0.0	4162
Ga0374737_05_8962_11487	CP000239.1:7056-9606|CDS|CYA_0008	86.314	2550	325	2	1	2526	1	2550	0.0	3039
Ga0374737_05_11510_12019	CP000240.1:6532-7120|CDS|CYB_0007	95.490	510	23	0	1	510	79	588	0.0	817
Ga0374737_05_11510_12019	CP000239.1:6353-7019|CDS|CYA_0007	85.882	510	66	1	1	510	163	666	7.04e-171	597
Ga0374737_05_12324_13199	CP000240.1:5430-6306|CDS|CYB_0005	96.461	876	31	0	1	876	1	876	0.0	1441
Ga0374737_05_12324_13199	CP000239.1:5267-6143|CDS|CYA_0005	89.486	875	92	0	1	875	1	875	0.0	1164
Ga0374737_05_13336_15258	CP000240.1:3371-5294|CDS|CYB_0004	97.920	1923	40	0	1	1923	1	1923	0.0	3288
Ga0374737_05_13336_15258	CP000239.1:3255-5142|CDS|CYA_0004	87.752	1886	219	1	1	1886	1	1874	0.0	2367
Ga0374737_06_48_821	CP000240.1:2710885-2711659|CDS|CYB_2617	96.770	774	25	0	1	774	1	774	0.0	1284
Ga0374737_06_48_821	CP000239.1:1181080-1181854|CDS|CYA_1158	86.417	773	105	0	1	773	1	773	0.0	921
Ga0374737_06_976_1176	CP000240.1:2711789-2712014|CDS|CYB_2618	99.005	201	2	0	1	201	25	225	1.43e-98	354
Ga0374737_06_976_1176	CP000239.1:1180725-1180950|CDS|CYA_1157	91.000	200	18	0	2	201	26	225	2.59e-76	280
Ga0374737_06_1200_1844	CP000240.1:2712091-2712682|CDS|CYB_2619	97.800	591	13	0	55	645	1	591	0.0	1008
Ga0374737_06_1200_1844	CP000239.1:1179715-1180696|CDS|CYA_1156	83.515	643	106	0	1	643	1	643	0.0	682
Ga0374737_06_2172_2483	CP000240.1:2712988-2713297|CDS|CYB_2620	97.087	309	9	0	4	312	1	309	3.23e-147	517
Ga0374737_06_2172_2483	CP000239.1:1179715-1180696|CDS|CYA_1156	86.885	305	40	0	1	305	670	974	3.03e-103	370
Ga0374737_06_2628_3572	CP000240.1:2713441-2714329|CDS|CYB_2621	98.311	888	15	0	58	945	1	888	0.0	1535
Ga0374737_06_2628_3572	CP000239.1:1178650-1179544|CDS|CYA_1155	79.889	900	163	3	58	945	1	894	0.0	810
Ga0374737_06_3594_4742	CP000240.1:2714416-2715556|CDS|CYB_2622	99.034	1139	11	0	1	1139	1	1139	0.0	2005
Ga0374737_06_3594_4742	CP000239.1:1177431-1178553|CDS|CYA_1154	82.977	1122	191	0	1	1122	1	1122	0.0	1163
Ga0374737_06_4836_5288	CP000240.1:2715649-2716102|CDS|CYB_2623	97.792	453	10	0	1	453	1	453	0.0	773
Ga0374737_06_4836_5288	CP000239.1:1176915-1177371|CDS|CYA_1153	82.599	454	73	1	1	448	1	454	2.65e-131	464
Ga0374737_06_5524_6093	CP000240.1:2716342-2716912|CDS|CYB_2624	99.825	570	1	0	1	570	1	570	0.0	1024
Ga0374737_06_6332_8215	CP000240.1:2717149-2719069|CDS|CYB_2625	97.188	1885	50	1	3	1884	36	1920	0.0	3159
Ga0374737_06_6332_8215	CP000239.1:1047275-1049177|CDS|CYA_1030	82.770	1892	291	5	3	1884	36	1902	0.0	1952
Ga0374737_06_8270_9304	CP000240.1:2719084-2720125|CDS|CYB_2626	95.749	1035	44	0	1	1035	7	1041	0.0	1669
Ga0374737_06_8270_9304	CP000239.1:1046249-1047260|CDS|CYA_1029	80.309	1036	172	4	1	1035	7	1011	0.0	960
Ga0374737_06_9702_10145	CP000240.1:2720213-2720657|CDS|CYB_2627	98.198	444	8	0	1	444	1	444	0.0	765
Ga0374737_06_9702_10145	CP000239.1:1045717-1046161|CDS|CYA_1028	88.288	444	52	0	1	444	1	444	2.95e-162	567
Ga0374737_06_10409_10912	CP000240.1:2720920-2721424|CDS|CYB_2628	96.032	504	20	0	1	504	1	504	0.0	820
Ga0374737_06_10409_10912	CP000239.1:1044862-1045273|CDS|CYA_1027	88.206	407	48	0	94	500	1	407	1.53e-147	518
Ga0374737_06_10962_11072	CP000240.1:2721473-2722277|CDS|CYB_2629	100.000	109	0	0	1	109	1	109	1.22e-51	197
Ga0374737_06_10962_11072	CP000239.1:1044009-1044813|CDS|CYA_1026	85.981	107	15	0	1	107	1	107	6.31e-30	126
Ga0374737_06_11127_11765	CP000240.1:2721473-2722277|CDS|CYB_2629	98.592	639	9	0	1	639	166	804	0.0	1113
Ga0374737_06_11127_11765	CP000239.1:1044009-1044813|CDS|CYA_1026	84.820	639	97	0	1	639	166	804	0.0	716
Ga0374737_06_12005_12217	CP000240.1:2722675-2722888|CDS|CYB_2630	98.592	213	3	0	1	213	1	213	1.99e-103	371
Ga0374737_06_12005_12217	CP000239.1:1043738-1043951|CDS|CYA_1025	86.854	213	28	0	1	213	1	213	9.05e-70	259
Ga0374737_06_12474_13154	CP000240.1:2723145-2723826|CDS|CYB_2631	98.238	681	12	0	1	681	1	681	0.0	1175
Ga0374737_06_12474_13154	CP000239.1:1042832-1043561|CDS|CYA_1024	86.140	671	92	1	12	681	54	724	0.0	788
Ga0374737_06_13191_13460	CP000240.1:2723862-2724132|CDS|CYB_2632	97.778	270	6	0	1	270	1	270	1.86e-130	461
Ga0374737_06_13191_13460	CP000239.1:1042529-1042799|CDS|CYA_1023	86.038	265	33	2	1	263	1	263	9.04e-84	306
Ga0374737_06_13612_14070	CP000240.1:2724283-2724742|CDS|CYB_2633	96.732	459	15	0	1	459	1	459	0.0	761
Ga0374737_06_13612_14070	CP000239.1:1128532-1128991|CDS|CYA_1102	80.000	435	87	0	24	458	24	458	1.39e-109	393
Ga0374737_07_5_1084	CP000240.1:2183650-2185402|CDS|CYB_2088	98.889	1080	12	0	1	1080	673	1752	0.0	1894
Ga0374737_07_5_1084	CP000239.1:2491859-2493524|CDS|CYA_2481	87.590	830	100	1	1	827	646	1475	0.0	1031
Ga0374737_07_1097_1609	CP000240.1:2185414-2185909|CDS|CYB_2089	99.798	495	1	0	19	513	1	495	0.0	889
Ga0374737_07_1097_1609	CP000239.1:2493527-2494016|CDS|CYA_2482	87.273	495	57	2	19	513	1	489	1.37e-173	606
Ga0374737_07_2150_2911	CP000240.1:2186453-2187215|CDS|CYB_2090	99.340	758	5	0	1	758	1	758	0.0	1345
Ga0374737_07_2150_2911	CP000239.1:2494429-2495191|CDS|CYA_2483	91.293	758	66	0	1	758	1	758	0.0	1070
Ga0374737_07_2917_4560	CP000240.1:2187220-2188864|CDS|CYB_2091	98.844	1644	19	0	1	1644	1	1644	0.0	2880
Ga0374737_07_2917_4560	CP000239.1:2495196-2496843|CDS|CYA_2484	98.477	1641	16	1	4	1644	16	1647	0.0	2851
Ga0374737_07_4598_5332	CP000240.1:2188901-2189771|CDS|CYB_2092	99.864	735	1	0	1	735	136	870	0.0	1322
Ga0374737_07_4598_5332	CP000239.1:2496880-2497573|CDS|CYA_2485	98.557	693	10	0	43	735	1	693	0.0	1205
Ga0374737_07_5399_6052	CP000240.1:2189703-2190357|CDS|CYB_2093	97.859	654	14	0	1	654	1	654	0.0	1117
Ga0374737_07_5399_6052	CP000239.1:2497672-2498335|CDS|CYA_2486	90.373	644	62	0	10	653	10	653	0.0	883
Ga0374737_07_6065_6304	CP000240.1:2190369-2190609|CDS|CYB_2094	100.000	240	0	0	1	240	1	240	2.27e-122	434
Ga0374737_07_6065_6304	CP000239.1:2498349-2498589|CDS|CYA_2487	88.333	240	28	0	1	240	1	240	2.28e-84	307
Ga0374737_07_7161_7688	CP000240.1:2191975-2192503|CDS|CYB_2096	99.811	528	1	0	1	528	1	528	0.0	948
Ga0374737_07_7161_7688	CP000239.1:370021-370573|CDS|CYA_0352	80.663	543	81	1	9	527	9	551	3.79e-149	524
Ga0374737_07_8141_8584	CP000240.1:2192897-2193341|CDS|CYB_2098	99.550	444	2	0	1	444	1	444	0.0	792
Ga0374737_07_8141_8584	CP000240.1:827053-827497|CDS|CYB_0800	76.027	438	105	0	7	444	7	444	8.49e-87	317
Ga0374737_07_8590_9465	CP000240.1:2193346-2194222|CDS|CYB_2099	97.945	876	18	0	1	876	1	876	0.0	1499
Ga0374737_07_8590_9465	CP000239.1:368585-369452|CDS|CYA_0350	85.259	848	119	2	1	848	1	842	0.0	963
Ga0374737_07_9585_11744	CP000240.1:2194341-2196501|CDS|CYB_2100	99.398	2160	13	0	1	2160	1	2160	0.0	3837
Ga0374737_07_9585_11744	CP000239.1:366345-368466|CDS|CYA_0349	84.962	2108	305	3	41	2142	2	2103	0.0	2370
Ga0374737_07_11756_12421	CP000240.1:2196512-2197373|CDS|CYB_2101	97.748	666	15	0	1	666	196	861	0.0	1134
Ga0374737_07_11756_12421	CP000239.1:365437-366295|CDS|CYA_0348	86.937	666	87	0	1	666	193	858	0.0	810
Ga0374737_08_685_1626	CP000240.1:3011593-3012520|CDS|CYB_2914	74.018	789	193	6	136	918	121	903	2.11e-136	483
Ga0374737_08_1705_3009	CP000240.1:1044769-1046068|CDS|CYB_1005	76.502	1298	287	9	13	1304	13	1298	0.0	942
Ga0374737_08_3037_3615	CP000239.1:1485216-1486212|CDS|CYA_1477	92.110	507	40	0	1	507	1	507	0.0	735
Ga0374737_08_3037_3615	CP000240.1:1554621-1555617|CDS|CYB_1480	88.415	492	57	0	16	507	16	507	0.0	631
Ga0374737_08_3799_4311	CP000239.1:1486244-1486910|CDS|CYA_1478	100.000	513	0	0	1	513	154	666	0.0	926
Ga0374737_08_3799_4311	CP000240.1:1553928-1554426|CDS|CYB_1479	81.336	509	74	3	1	506	1	491	1.78e-140	496
Ga0374737_08_4363_5997	CP000239.1:1486961-1488596|CDS|CYA_1479	99.327	1635	11	0	1	1635	1	1635	0.0	2900
Ga0374737_08_4363_5997	CP000240.1:1552233-1553868|CDS|CYB_1478	89.235	1635	176	0	1	1635	1	1635	0.0	2156
Ga0374737_08_6249_6725	CP000239.1:1488847-1489324|CDS|CYA_1481	100.000	477	0	0	1	477	1	477	0.0	861
Ga0374737_08_6249_6725	CP000240.1:1550152-1550629|CDS|CYB_1474	87.660	470	58	0	1	470	1	470	3.40e-168	587
Ga0374737_08_7536_8807	CP000239.1:1490110-1491406|CDS|CYA_1483	99.921	1272	1	0	1	1272	25	1296	0.0	2290
Ga0374737_08_7536_8807	CP000240.1:1548066-1549365|CDS|CYB_1472	85.016	1268	187	1	1	1265	25	1292	0.0	1429
Ga0374737_08_8927_10504	CP000239.1:1491526-1493104|CDS|CYA_1484	99.937	1578	1	0	1	1578	1	1578	0.0	2842
Ga0374737_08_8927_10504	CP000240.1:1546358-1547942|CDS|CYB_1471	85.649	1526	219	0	1	1526	1	1526	0.0	1765
Ga0374737_08_10671_11240	CP000239.1:1493270-1493840|CDS|CYA_1485	99.825	570	1	0	1	570	1	570	0.0	1024
Ga0374737_08_10671_11240	CP000240.1:1538389-1538959|CDS|CYB_1463	88.246	570	67	0	1	570	1	570	0.0	727
Ga0374737_08_11461_12054	CP000239.1:1494060-1495182|CDS|CYA_1486	100.000	594	0	0	1	594	529	1122	0.0	1072
Ga0374737_08_11461_12054	CP000240.1:1536991-1538086|CDS|CYB_1462	83.297	455	68	4	4	454	487	937	2.89e-132	468
Ga0374737_09_1357_2076	CP000240.1:1230693-1231359|CDS|CYB_1192	94.255	644	37	0	43	686	1	644	0.0	995
Ga0374737_09_1357_2076	CP000239.1:43924-44719|CDS|CYA_0045	79.871	621	111	4	1	608	1	620	3.76e-157	552
Ga0374737_09_1357_2076	CP000239.1:43127-43799|CDS|CYA_0044	69.546	683	181	12	43	710	1	671	7.79e-71	265
Ga0374737_09_2174_2362	CP000239.1:43924-44719|CDS|CYA_0045	99.474	190	0	1	1	189	1	190	1.25e-92	335
Ga0374737_09_2359_2967	CP000239.1:43924-44719|CDS|CYA_0045	99.015	609	6	0	1	609	187	795	0.0	1072
Ga0374737_09_3026_4036	CP000240.1:1229528-1230635|CDS|CYB_1191	99.011	1011	10	0	1	1011	97	1107	0.0	1779
Ga0374737_09_3026_4036	CP000239.1:44777-45890|CDS|CYA_0046	87.858	1013	119	3	1	1011	103	1113	0.0	1263
Ga0374737_09_4235_4984	CP000240.1:1228691-1229426|CDS|CYB_1190	95.918	735	30	0	16	750	1	735	0.0	1191
Ga0374737_09_4235_4984	CP000239.1:45988-46711|CDS|CYA_0047	86.122	735	90	1	16	750	1	723	0.0	873
Ga0374737_09_6196_6396	CP000240.1:1227222-1228095|CDS|CYB_1189	96.517	201	7	0	1	201	673	873	1.64e-91	332
Ga0374737_09_6196_6396	CP000239.1:46914-47829|CDS|CYA_0048	88.557	201	23	0	1	201	715	915	8.48e-70	260
Ga0374737_09_6618_7175	CP000240.1:1226374-1227001|CDS|CYB_1188	98.746	558	7	0	1	558	70	627	0.0	976
Ga0374737_09_6618_7175	CP000239.1:48012-48570|CDS|CYA_0049	84.588	558	86	0	1	558	1	558	6.78e-178	619
Ga0374737_09_7513_8454	CP000240.1:1225171-1226113|CDS|CYB_1187	98.408	942	15	0	1	942	1	942	0.0	1632
Ga0374737_09_7513_8454	CP000239.1:48907-49837|CDS|CYA_0050	90.446	942	78	1	1	942	1	930	0.0	1300
Ga0374737_09_8502_9740	CP000240.1:1223891-1225124|CDS|CYB_1186	97.821	1239	13	1	1	1239	9	1233	0.0	2122
Ga0374737_09_8502_9740	CP000239.1:49891-51004|CDS|CYA_0051	86.283	1130	122	3	103	1232	1	1097	0.0	1356
Ga0374737_09_9795_10205	CP000240.1:1223347-1223845|CDS|CYB_1185	97.080	411	12	0	1	411	88	498	0.0	688
Ga0374737_09_9795_10205	CP000239.1:51169-51670|CDS|CYA_0052	87.348	411	52	0	1	411	91	501	2.24e-144	508
Ga0374737_09_9795_10205	CP000239.1:50662-51715|CDS|CYA_0054	87.348	411	52	0	1	411	918	508	2.24e-144	508
Ga0374737_09_10436_11503	CP000240.1:1222136-1223204|CDS|CYB_1184	99.064	1068	10	0	1	1068	1	1068	0.0	1882
Ga0374737_09_10436_11503	CP000239.1:52801-53860|CDS|CYA_0055	83.760	1016	165	0	1	1016	1	1016	0.0	1089
Ga0374737_10_332_769	CP000239.1:1464768-1465722|CDS|CYA_1459	100.000	438	0	0	1	438	517	954	0.0	791
Ga0374737_10_332_769	CP000240.1:667102-667960|CDS|CYB_0652	77.938	417	92	0	10	426	439	855	2.56e-93	338
Ga0374737_10_862_1761	CP000239.1:1465839-1466739|CDS|CYA_1460	99.889	900	1	0	1	900	1	900	0.0	1619
Ga0374737_10_862_1761	CP000240.1:668014-669001|CDS|CYB_0653	80.936	897	129	3	12	866	27	923	0.0	872
Ga0374737_10_1787_2731	CP000239.1:1460681-1461719|CDS|CYA_1456	99.894	944	1	0	1	944	1	944	0.0	1699
Ga0374737_10_1787_2731	CP000240.1:1648295-1649357|CDS|CYB_1575	84.281	897	135	2	46	939	70	963	0.0	979
Ga0374737_10_2790_4748	CP000239.1:1458691-1460623|CDS|CYA_1455	99.793	1932	4	0	28	1959	1	1932	0.0	3467
Ga0374737_10_2790_4748	CP000240.1:1649445-1651422|CDS|CYB_1576	85.556	1980	262	3	1	1959	1	1977	0.0	2290
Ga0374737_10_4916_5032	CP000239.1:1458380-1458497|CDS|CYA_1454	100.000	117	0	0	1	117	1	117	5.90e-56	212
Ga0374737_10_4916_5032	CP000240.1:1651587-1651704|CDS|CYB_1577	90.598	117	11	0	1	117	1	117	9.36e-41	162
Ga0374737_10_5247_5630	CP000239.1:1457783-1458167|CDS|CYA_1453	100.000	384	0	0	1	384	1	384	0.0	693
Ga0374737_10_5247_5630	CP000240.1:1651905-1652289|CDS|CYB_1578	90.104	384	38	0	1	384	1	384	9.44e-149	522
Ga0374737_10_5719_6105	CP000239.1:1457308-1457695|CDS|CYA_1452	100.000	387	0	0	1	387	1	387	0.0	699
Ga0374737_10_5719_6105	CP000240.1:1652373-1652760|CDS|CYB_1579	89.406	387	41	0	1	387	1	387	4.93e-146	514
Ga0374737_10_6228_7223	CP000239.1:1456190-1457186|CDS|CYA_1451	100.000	996	0	0	1	996	1	996	0.0	1797
Ga0374737_10_6228_7223	CP000240.1:1652910-1653918|CDS|CYB_1580	85.845	982	130	3	3	978	6	984	0.0	1140
Ga0374737_10_7296_7646	CP000239.1:1455767-1456118|CDS|CYA_1450	99.715	351	1	0	1	351	1	351	0.0	629
Ga0374737_10_7296_7646	CP000240.1:1654013-1654364|CDS|CYB_1581	90.883	351	32	0	1	351	1	351	5.07e-139	489
Ga0374737_10_7652_8515	CP000239.1:1454898-1455762|CDS|CYA_1449	100.000	864	0	0	1	864	1	864	0.0	1559
Ga0374737_10_7652_8515	CP000240.1:1654377-1655235|CDS|CYB_1582	88.514	801	92	0	1	801	1	801	0.0	1031
Ga0374737_10_8547_9020	CP000239.1:1454393-1454849|CDS|CYA_1448	100.000	456	0	0	19	474	1	456	0.0	823
Ga0374737_10_8547_9020	CP000240.1:1655280-1655736|CDS|CYB_1583	87.939	456	55	0	19	474	1	456	2.13e-164	575
Ga0374737_10_9017_9430	CP000239.1:1453983-1454397|CDS|CYA_1447	100.000	414	0	0	1	414	1	414	0.0	747
Ga0374737_10_9017_9430	CP000240.1:1655732-1656143|CDS|CYB_1584	85.856	403	57	0	12	414	9	411	5.66e-133	471
Ga0374737_10_9460_9729	CP000239.1:1453684-1453906|CDS|CYA_1446	99.550	222	1	0	49	270	1	222	6.50e-111	397
Ga0374737_10_9460_9729	CP000240.1:1656219-1656444|CDS|CYB_1585	91.111	225	17	1	49	270	1	225	1.74e-86	315
Ga0374737_10_9800_10885	CP000239.1:1452528-1453614|CDS|CYA_1445	100.000	1086	0	0	1	1086	1	1086	0.0	1959
Ga0374737_10_9800_10885	CP000240.1:1656498-1657581|CDS|CYB_1586	89.576	1084	110	1	1	1084	1	1081	0.0	1444
Ga0374737_11_736_1722	CP000240.1:1705314-1706301|CDS|CYB_1636	97.974	987	20	0	1	987	1	987	0.0	1691
Ga0374737_11_736_1722	CP000239.1:1650994-1651969|CDS|CYA_1654	86.509	971	131	0	1	971	1	971	0.0	1161
Ga0374737_11_2112_2468	CP000240.1:1706411-1706768|CDS|CYB_1638	95.798	357	15	0	1	357	1	357	4.52e-165	577
Ga0374737_11_2112_2468	CP000239.1:1652091-1652448|CDS|CYA_1655	83.989	356	55	2	1	355	1	355	2.35e-105	379
Ga0374737_11_2504_3736	CP000240.1:1706803-1708045|CDS|CYB_1639	95.169	1242	51	1	1	1233	1	1242	0.0	1974
Ga0374737_11_2504_3736	CP000239.1:1652448-1653678|CDS|CYA_1656	77.093	1135	244	10	97	1223	91	1217	0.0	845
Ga0374737_11_3771_7508	CP000240.1:1708079-1712408|CDS|CYB_1640	96.073	3056	116	4	685	3738	1276	4329	0.0	4956
Ga0374737_11_3771_7508	CP000239.1:1653664-1658044|CDS|CYA_1657	81.448	3067	490	27	685	3722	1300	4316	0.0	2916
Ga0374737_11_7981_10806	CP000240.1:1712649-1715439|CDS|CYB_1641	97.778	2790	62	0	37	2826	1	2790	0.0	4753
Ga0374737_11_7981_10806	CP000239.1:1658285-1661042|CDS|CYA_1658	84.258	2776	404	2	51	2826	15	2757	0.0	3057
Ga0374737_12_1047_2921	CP000240.1:1837180-1839013|CDS|CYB_1754	97.545	1833	45	0	43	1875	1	1833	0.0	3103
Ga0374737_12_1047_2921	CP000239.1:73397-75167|CDS|CYA_0076	88.688	1768	200	0	106	1873	1	1768	0.0	2287
Ga0374737_12_3116_4318	CP000240.1:1835741-1836944|CDS|CYB_1752	97.069	1194	35	0	1	1194	1	1194	0.0	1996
Ga0374737_12_3116_4318	CP000239.1:717299-718511|CDS|CYA_0710	87.353	1194	151	0	1	1194	1	1194	0.0	1473
Ga0374737_12_4411_5691	CP000240.1:1833864-1835145|CDS|CYB_1751	99.375	1279	8	0	1	1279	1	1279	0.0	2271
Ga0374737_12_4411_5691	CP000239.1:715878-717159|CDS|CYA_0709	89.297	1280	137	0	1	1280	1	1280	0.0	1691
Ga0374737_12_5786_6298	CP000240.1:1833257-1833770|CDS|CYB_1750	99.805	513	1	0	1	513	1	513	0.0	921
Ga0374737_12_5786_6298	CP000239.1:715288-715768|CDS|CYA_0707	87.473	455	55	2	1	454	1	454	6.22e-159	557
Ga0374737_12_6439_7656	CP000240.1:1831899-1833117|CDS|CYB_1748	99.589	1218	5	0	1	1218	1	1218	0.0	2175
Ga0374737_12_6439_7656	CP000239.1:870346-871561|CDS|CYA_0862	83.583	1200	194	1	6	1205	6	1202	0.0	1275
Ga0374737_12_7653_8417	CP000240.1:1831099-1831903|CDS|CYB_1749	99.608	765	3	0	1	765	40	804	0.0	1367
Ga0374737_12_7653_8417	CP000239.1:869557-870361|CDS|CYA_0863	85.490	765	111	0	1	765	40	804	0.0	880
Ga0374737_12_8462_8836	CP000240.1:1830518-1831094|CDS|CYB_1747	99.733	375	1	0	1	375	202	576	0.0	673
Ga0374737_12_8462_8836	CP000239.1:868982-869552|CDS|CYA_0861	90.400	375	36	0	1	375	196	570	1.37e-146	515
Ga0374737_12_9619_10302	CP000240.1:1829256-1829940|CDS|CYB_1746	99.269	684	5	0	1	684	1	684	0.0	1212
Ga0374737_12_9619_10302	CP000239.1:867734-868409|CDS|CYA_0860	91.928	669	54	0	16	684	7	675	0.0	964
Ga0374737_12_10406_11254	CP000240.1:1828304-1829153|CDS|CYB_1745	99.764	849	2	0	1	849	1	849	0.0	1523
Ga0374737_12_11327_11710	CP000240.1:1827308-1828232|CDS|CYB_1744	97.656	384	9	0	1	384	541	924	0.0	653
Ga0374737_12_11327_11710	CP000239.1:866402-867308|CDS|CYA_0859	89.844	384	39	0	1	384	523	906	4.01e-147	517
Ga0374737_13_393_1430	CP000239.1:1294587-1295625|CDS|CYA_1284	99.614	1036	4	0	1	1036	1	1036	0.0	1851
Ga0374737_13_393_1430	CP000240.1:970809-971847|CDS|CYB_0932	99.422	1038	6	0	1	1038	1	1038	0.0	1846
Ga0374737_13_1529_2701	CP000239.1:1293306-1294479|CDS|CYA_1283	99.829	1173	2	0	1	1173	1	1173	0.0	2107
Ga0374737_13_1529_2701	CP000240.1:969538-970711|CDS|CYB_0931	97.272	1173	32	0	1	1173	1	1173	0.0	1972
Ga0374737_13_2783_3910	CP000239.1:1292097-1293303|CDS|CYA_1282	98.137	1127	21	0	1	1127	79	1205	0.0	1939
Ga0374737_13_2783_3910	CP000240.1:968326-969535|CDS|CYB_0930	97.338	1127	30	0	1	1127	82	1208	0.0	1898
Ga0374737_13_4068_4850	CP000240.1:967381-968164|CDS|CYB_0929	98.084	783	15	0	1	783	1	783	0.0	1345
Ga0374737_13_4068_4850	CP000239.1:1319890-1320673|CDS|CYA_1310	87.995	783	94	0	1	783	1	783	0.0	989
Ga0374737_13_4840_5454	CP000240.1:966777-967392|CDS|CYB_0928	99.511	613	3	0	1	613	1	613	0.0	1093
Ga0374737_13_5549_6889	CP000240.1:965342-966683|CDS|CYB_0927	96.644	1341	45	0	1	1341	1	1341	0.0	2216
Ga0374737_13_5549_6889	CP000239.1:1318029-1319391|CDS|CYA_1308	83.672	1329	213	4	15	1341	36	1362	0.0	1405
Ga0374737_13_7131_7862	CP000240.1:964369-965122|CDS|CYB_0926	97.951	732	15	0	1	732	22	753	0.0	1253
Ga0374737_13_7131_7862	CP000239.1:1317025-1317757|CDS|CYA_1307	83.470	732	121	0	1	732	1	732	0.0	775
Ga0374737_13_8087_9682	CP000240.1:962549-964145|CDS|CYB_0925	95.852	1591	66	0	1	1591	1	1591	0.0	2572
Ga0374737_13_8087_9682	CP000239.1:1315336-1316857|CDS|CYA_1306	74.659	1539	300	9	73	1596	58	1521	0.0	1058
Ga0374737_13_9760_10677	CP000240.1:961554-962472|CDS|CYB_0923	97.277	918	25	0	1	918	1	918	0.0	1544
Ga0374737_13_9760_10677	CP000239.1:1314339-1315251|CDS|CYA_1304	87.473	918	109	1	1	918	1	912	0.0	1139
Ga0374737_14_43_2100	CP000240.1:249358-252145|CDS|CYB_0240	90.634	2082	171	1	1	2058	706	2787	0.0	2893
Ga0374737_14_43_2100	CP000239.1:486235-489031|CDS|CYA_0472	91.460	2014	172	0	1	2014	682	2695	0.0	2857
Ga0374737_14_2377_3363	CP000240.1:248095-249100|CDS|CYB_0239	96.758	987	32	0	1	987	19	1005	0.0	1636
Ga0374737_14_2377_3363	CP000239.1:485107-486127|CDS|CYA_0471	85.141	922	137	0	66	987	99	1020	0.0	1046
Ga0374737_14_3538_4593	CP000240.1:246877-247921|CDS|CYB_0238	98.295	1056	6	1	1	1056	1	1044	0.0	1830
Ga0374737_14_3538_4593	CP000239.1:483889-484933|CDS|CYA_0470	84.645	1055	148	3	1	1054	1	1042	0.0	1172
Ga0374737_14_4600_5412	CP000240.1:246058-246871|CDS|CYB_0237	98.524	813	12	0	1	813	1	813	0.0	1413
Ga0374737_14_4600_5412	CP000239.1:483070-483883|CDS|CYA_0469	83.724	811	132	0	1	811	1	811	0.0	868
Ga0374737_14_5402_6229	CP000240.1:245241-246069|CDS|CYB_0236	99.517	828	4	0	1	828	1	828	0.0	1476
Ga0374737_14_5402_6229	CP000239.1:482241-483081|CDS|CYA_0468	82.592	787	131	1	46	826	52	838	0.0	803
Ga0374737_14_6246_6914	CP000240.1:244558-245227|CDS|CYB_0235	99.245	662	5	0	1	662	1	662	0.0	1172
Ga0374737_14_6246_6914	CP000239.1:481553-482228|CDS|CYA_0467	84.650	658	99	2	1	657	1	657	0.0	725
Ga0374737_14_6996_7928	CP000240.1:243544-244477|CDS|CYB_0234	99.143	933	8	0	1	933	1	933	0.0	1647
Ga0374737_14_8983_10248	CP000239.1:994256-995468|CDS|CYA_0981	92.583	1173	39	2	1	1173	1	1125	0.0	1758
Ga0374737_14_8983_10248	CP000240.1:1842322-1843549|CDS|CYB_1759	92.536	1179	64	1	1	1179	1	1155	0.0	1747
Ga0374737_14_8983_10248	CP000239.1:1594889-1596107|CDS|CYA_1585	89.345	1267	85	4	1	1266	1	1218	0.0	1704
Ga0374737_14_8983_10248	CP000240.1:1015074-1016268|CDS|CYB_0979	88.389	1266	75	3	1	1266	1	1194	0.0	1673
Ga0374737_14_8983_10248	CP000240.1:345730-346924|CDS|CYB_0329	88.152	1266	78	3	1	1266	1	1194	0.0	1659
Ga0374737_14_8983_10248	CP000240.1:1384265-1385459|CDS|CYB_1322	87.915	1266	81	3	1	1266	1	1194	0.0	1645
Ga0374737_14_8983_10248	CP000240.1:2565689-2566883|CDS|CYB_2468	86.967	1266	93	3	1	1266	1	1194	0.0	1591
Ga0374737_14_8983_10248	CP000239.1:893439-894633|CDS|CYA_0887	86.414	1266	100	3	1	1266	1	1194	0.0	1560
Ga0374737_14_8983_10248	CP000240.1:2933473-2934709|CDS|CYB_2835	88.671	1174	107	3	1	1173	1	1149	0.0	1528
Ga0374737_14_8983_10248	CP000240.1:2247371-2248565|CDS|CYB_2147	86.030	1267	103	6	1	1266	1	1194	0.0	1527
Ga0374737_14_8983_10248	CP000240.1:241642-242836|CDS|CYB_0233	85.872	1267	105	5	1	1266	1	1194	0.0	1523
Ga0374737_14_8983_10248	CP000240.1:629484-630702|CDS|CYB_0620	87.786	1179	120	1	1	1179	1	1155	0.0	1495
Ga0374737_14_8983_10248	CP000240.1:2661652-2662870|CDS|CYB_2557	87.724	1173	120	1	1	1173	1	1149	0.0	1484
Ga0374737_14_8983_10248	CP000239.1:698055-699204|CDS|CYA_0690	87.617	1171	121	1	1	1171	1	1147	0.0	1476
Ga0374737_14_8983_10248	CP000240.1:1267756-1268992|CDS|CYB_1227	86.797	1174	129	3	1	1173	1	1149	0.0	1429
Ga0374737_14_8983_10248	CP000239.1:629980-631174|CDS|CYA_0620	86.189	1173	114	2	1	1173	1	1125	0.0	1420
Ga0374737_14_8983_10248	CP000240.1:2830275-2831565|CDS|CYB_2735	85.774	1202	171	0	1	1202	1	1202	0.0	1397
Ga0374737_14_8983_10248	CP000240.1:1083184-1084426|CDS|CYB_1042	85.496	1179	171	0	1	1179	1	1179	0.0	1356
Ga0374737_14_8983_10248	CP000240.1:2210858-2212052|CDS|CYB_2117	84.753	1174	129	4	1	1173	1	1125	0.0	1338
Ga0374737_14_8983_10248	CP000240.1:605550-606744|CDS|CYB_0598	84.478	1179	135	2	1	1179	1	1131	0.0	1336
Ga0374737_14_8983_10248	CP000239.1:712444-713638|CDS|CYA_0704	84.322	1180	135	4	1	1179	1	1131	0.0	1322
Ga0374737_14_8983_10248	CP000240.1:1316312-1317548|CDS|CYB_1259	83.041	1197	131	3	1	1173	1	1149	0.0	1296
Ga0374737_14_8983_10248	CP000240.1:481588-482800|CDS|CYB_0472	83.901	1174	139	4	1	1173	1	1125	0.0	1293
Ga0374737_14_8983_10248	CP000240.1:52430-53648|CDS|CYB_0041	83.969	1179	165	1	1	1179	1	1155	0.0	1292
Ga0374737_14_8983_10248	CP000240.1:2619921-2621115|CDS|CYB_2521	83.816	1174	140	4	1	1173	1	1125	0.0	1288
Ga0374737_14_8983_10248	CP000240.1:3008652-3009870|CDS|CYB_2910	83.885	1179	166	1	1	1179	1	1155	0.0	1287
Ga0374737_14_8983_10248	CP000240.1:2168360-2169515|CDS|CYB_2071	82.917	1200	157	2	1	1200	1	1152	0.0	1275
Ga0374737_14_8983_10248	CP000240.1:102811-104029|CDS|CYB_0087	81.517	1266	186	2	1	1266	1	1218	0.0	1263
Ga0374737_14_8983_10248	CP000240.1:2796782-2798000|CDS|CYB_2707	83.461	1173	170	1	1	1173	1	1149	0.0	1259
Ga0374737_14_8983_10248	CP000240.1:1954838-1956056|CDS|CYB_1872	83.390	1180	170	3	1	1179	1	1155	0.0	1255
Ga0374737_14_8983_10248	CP000240.1:1244785-1246021|CDS|CYB_1201	82.289	1197	140	3	1	1173	1	1149	0.0	1255
Ga0374737_14_8983_10248	CP000240.1:1521392-1522610|CDS|CYB_1450	83.120	1173	174	1	1	1173	1	1149	0.0	1241
Ga0374737_14_8983_10248	CP000240.1:638632-639850|CDS|CYB_0630	82.864	1173	177	1	1	1173	1	1149	0.0	1227
Ga0374737_14_8983_10248	CP000240.1:1190675-1191869|CDS|CYB_1151	82.368	1174	157	4	1	1173	1	1125	0.0	1212
Ga0374737_14_8983_10248	CP000240.1:1064975-1066169|CDS|CYB_1023	81.671	1173	167	2	1	1173	1	1125	0.0	1181
Ga0374737_14_8983_10248	CP000240.1:2644164-2645358|CDS|CYB_2538	81.671	1173	167	3	1	1173	1	1125	0.0	1177
Ga0374737_14_8983_10248	CP000240.1:1358129-1359347|CDS|CYB_1297	81.586	1173	192	1	1	1173	1	1149	0.0	1159
Ga0374737_14_8983_10248	CP000240.1:1803089-1804283|CDS|CYB_1722	81.086	1179	175	2	1	1179	1	1131	0.0	1156
Ga0374737_14_8983_10248	CP000240.1:2553363-2554557|CDS|CYB_2454	81.074	1173	174	2	1	1173	1	1125	0.0	1150
Ga0374737_14_8983_10248	CP000239.1:2170714-2171908|CDS|CYA_2158	80.492	1179	182	2	1	1179	1	1131	0.0	1124
Ga0374737_14_8983_10248	CP000240.1:2506708-2507857|CDS|CYB_2410	80.705	1135	145	4	1	1062	1	1134	0.0	1109
Ga0374737_14_8983_10248	CP000239.1:774779-775973|CDS|CYA_0767	79.881	1173	188	2	1	1173	1	1125	0.0	1086
Ga0374737_14_8983_10248	CP000240.1:2128026-2129220|CDS|CYB_2026	77.287	1268	212	7	1	1266	1	1194	0.0	1026
Ga0374737_14_8983_10248	CP000240.1:1917270-1918464|CDS|CYB_1826	76.299	1270	221	12	1	1266	1	1194	0.0	952
Ga0374737_14_8983_10248	CP000240.1:1763450-1764623|CDS|CYB_1688	77.280	1206	218	12	1	1202	1	1154	0.0	937
Ga0374737_14_8983_10248	CP000240.1:2219258-2220470|CDS|CYB_2126	76.590	1179	216	11	1	1173	1	1125	0.0	887
Ga0374737_14_8983_10248	CP000239.1:693322-694534|CDS|CYA_0687	75.786	1177	229	7	1	1173	1	1125	0.0	857
Ga0374737_14_8983_10248	CP000239.1:88305-89487|CDS|CYA_0091	72.222	1170	251	8	1	1163	1	1103	0.0	676
Ga0374737_14_10270_10518	CP000240.1:2175461-2176580|CDS|CYB_2079	99.598	249	1	0	1	249	882	634	1.31e-125	445
Ga0374737_15_7_834	CP000240.1:2954904-2955939|CDS|CYB_2857	98.671	828	11	0	1	828	208	1035	0.0	1444
Ga0374737_15_7_834	CP000239.1:1052606-1053632|CDS|CYA_1034	83.937	828	124	1	1	828	208	1026	0.0	898
Ga0374737_15_1041_2423	CP000240.1:2953376-2954759|CDS|CYB_2855	97.975	1383	28	0	1	1383	1	1383	0.0	2369
Ga0374737_15_1041_2423	CP000239.1:1051099-1052437|CDS|CYA_1032	76.295	1371	241	8	20	1366	8	1318	0.0	1048
Ga0374737_15_2420_3163	CP000240.1:2952636-2953380|CDS|CYB_2856	98.522	744	11	0	1	744	1	744	0.0	1293
Ga0374737_15_2420_3163	CP000239.1:1050353-1051103|CDS|CYA_1033	86.267	750	97	1	1	744	1	750	0.0	890
Ga0374737_15_3538_4440	CP000240.1:2951359-2952262|CDS|CYB_2854	99.557	903	4	0	1	903	1	903	0.0	1611
Ga0374737_15_3538_4440	CP000239.1:1049193-1050096|CDS|CYA_1031	85.050	903	135	0	1	903	1	903	0.0	1021
Ga0374737_15_4621_6183	CP000240.1:2949661-2951179|CDS|CYB_2853	97.017	1542	22	1	1	1542	1	1518	0.0	2591
Ga0374737_15_6299_7090	CP000240.1:2948745-2949525|CDS|CYB_2852	97.348	792	9	2	1	792	1	780	0.0	1336
Ga0374737_15_6299_7090	CP000239.1:570095-570899|CDS|CYA_0556	85.363	772	113	0	6	777	30	801	0.0	884
Ga0374737_15_7291_8976	CP000240.1:2946859-2948593|CDS|CYB_2851	98.992	1686	17	0	1	1686	49	1734	0.0	2965
Ga0374737_16_1296_2540	CP000240.1:216391-217609|CDS|CYB_0206	98.194	1218	22	0	28	1245	1	1218	0.0	2098
Ga0374737_16_2889_3251	CP000240.1:218004-218367|CDS|CYB_0207	98.347	363	6	0	1	363	1	363	0.0	628
Ga0374737_16_2889_3251	CP000239.1:1762155-1762494|CDS|CYA_1756	86.817	311	41	0	19	329	19	329	8.34e-105	377
Ga0374737_16_3244_4716	CP000240.1:218359-219832|CDS|CYB_0208	99.796	1473	3	0	1	1473	1	1473	0.0	2644
Ga0374737_16_3244_4716	CP000239.1:1760672-1762163|CDS|CYA_1755	82.206	1478	255	3	3	1473	15	1491	0.0	1474
Ga0374737_16_4700_5104	CP000240.1:219833-220220|CDS|CYB_0209	100.000	387	0	0	19	405	1	387	0.0	699
Ga0374737_16_4700_5104	CP000239.1:1760284-1760671|CDS|CYA_1754	85.146	377	56	0	29	405	11	387	1.69e-120	428
Ga0374737_16_5101_5352	CP000240.1:220216-220468|CDS|CYB_0210	100.000	252	0	0	1	252	1	252	7.33e-129	455
Ga0374737_16_5101_5352	CP000239.1:1760036-1760288|CDS|CYA_1753	86.853	251	33	0	1	251	1	251	2.92e-83	305
Ga0374737_16_5372_5653	CP000240.1:220487-220769|CDS|CYB_0211	99.645	282	1	0	1	282	1	282	1.82e-143	505
Ga0374737_16_5372_5653	CP000239.1:1759743-1760025|CDS|CYA_1752	89.716	282	29	0	1	282	1	282	1.83e-105	379
Ga0374737_16_5663_6184	CP000240.1:220778-221300|CDS|CYB_0212	100.000	522	0	0	1	522	1	522	0.0	942
Ga0374737_16_5663_6184	CP000239.1:1759212-1759734|CDS|CYA_1751	85.069	509	76	0	1	509	1	509	6.76e-165	576
Ga0374737_16_6181_6861	CP000240.1:221296-221977|CDS|CYB_0214	97.651	681	16	0	1	681	1	681	0.0	1157
Ga0374737_16_6181_6861	CP000239.1:1758556-1759216|CDS|CYA_1750	83.994	681	88	2	1	681	1	660	0.0	747
Ga0374737_17_114_881	CP000240.1:450943-451711|CDS|CYB_0442	97.266	768	21	0	1	768	1	768	0.0	1291
Ga0374737_17_114_881	CP000239.1:2290124-2290898|CDS|CYA_2285	84.805	770	111	2	1	764	1	770	0.0	858
Ga0374737_17_1371_2312	CP000240.1:449716-450658|CDS|CYB_0441	97.134	942	27	0	1	942	1	942	0.0	1578
Ga0374737_17_2610_2924	CP000240.1:449104-449419|CDS|CYB_0439	99.048	315	3	0	1	315	1	315	1.30e-158	555
Ga0374737_17_2610_2924	CP000239.1:1151169-1151457|CDS|CYA_1124	85.612	278	39	1	25	302	1	277	1.69e-87	318
Ga0374737_17_2928_3674	CP000240.1:448354-449101|CDS|CYB_0438	99.866	747	1	0	1	747	1	747	0.0	1343
Ga0374737_17_2928_3674	CP000239.1:1150394-1151141|CDS|CYA_1123	86.059	746	104	0	1	746	1	746	0.0	877
Ga0374737_17_3751_4602	CP000240.1:447348-448278|CDS|CYB_0437	98.826	852	10	0	1	852	79	930	0.0	1492
Ga0374737_17_3751_4602	CP000239.1:1149395-1150319|CDS|CYA_1122	84.578	830	128	0	1	830	79	908	0.0	921
Ga0374737_17_5066_5575	CP000240.1:446480-446954|CDS|CYB_0436	99.367	474	3	0	37	510	1	474	0.0	842
Ga0374737_17_5066_5575	CP000239.1:1286274-1286754|CDS|CYA_1271	79.958	479	87	4	37	507	1	478	3.21e-118	422
Ga0374737_17_5609_6166	CP000240.1:445853-446411|CDS|CYB_0435	99.642	558	2	0	1	558	1	558	0.0	998
Ga0374737_17_5609_6166	CP000239.1:1286821-1287379|CDS|CYA_1272	87.814	558	68	0	1	558	1	558	0.0	700
Ga0374737_17_6203_6928	CP000240.1:445109-445817|CDS|CYB_0434	98.588	708	10	0	19	726	1	708	0.0	1232
Ga0374737_17_6203_6928	CP000239.1:1287415-1288099|CDS|CYA_1273	82.009	667	114	2	19	682	1	664	0.0	659
Ga0374737_17_7009_8073	CP000240.1:443946-445011|CDS|CYB_0433	99.437	1065	6	0	1	1065	1	1065	0.0	1894
Ga0374737_17_7009_8073	CP000240.1:384572-385637|CDS|CYB_0371	99.437	1065	6	0	1	1065	1	1065	0.0	1894
Ga0374737_17_7009_8073	CP000239.1:1814549-1815614|CDS|CYA_1811	93.146	1065	73	0	1	1065	1	1065	0.0	1592
Ga0374737_17_7009_8073	CP000239.1:1850153-1851218|CDS|CYA_1849	92.944	1063	75	0	1	1063	1	1063	0.0	1580
Ga0374737_17_7009_8073	CP000239.1:1288197-1289262|CDS|CYA_1274	92.568	1063	79	0	1	1063	1	1063	0.0	1562
Ga0374737_17_7009_8073	CP000240.1:226513-227569|CDS|CYB_0216	74.101	946	236	5	58	997	67	1009	7.80e-168	588
Ga0374737_17_7009_8073	CP000239.1:1753540-1754599|CDS|CYA_1748	72.617	986	255	8	58	1034	67	1046	3.54e-153	539
Ga0374737_17_8214_9350	CP000240.1:442669-443806|CDS|CYB_0432	99.560	1137	5	0	1	1137	1	1137	0.0	2029
Ga0374737_17_8214_9350	CP000239.1:1815753-1816890|CDS|CYA_1812	99.120	1137	10	0	1	1137	1	1137	0.0	2006
Ga0374737_17_8214_9350	CP000239.1:1851391-1852504|CDS|CYA_1850	82.058	1137	180	5	1	1137	1	1113	0.0	1131
Ga0374737_18_854_1909	CP000240.1:226513-227569|CDS|CYB_0216	98.011	1056	21	0	1	1056	1	1056	0.0	1810
Ga0374737_18_854_1909	CP000239.1:1753540-1754599|CDS|CYA_1748	89.771	1046	107	0	1	1046	1	1046	0.0	1405
Ga0374737_18_854_1909	CP000239.1:1850153-1851218|CDS|CYA_1849	73.568	995	248	8	58	1046	49	1034	7.73e-168	587
Ga0374737_18_854_1909	CP000239.1:1814549-1815614|CDS|CYA_1811	73.568	995	248	8	58	1046	49	1034	7.73e-168	587
Ga0374737_18_854_1909	CP000239.1:1288197-1289262|CDS|CYA_1274	73.467	995	249	8	58	1046	49	1034	3.29e-166	582
Ga0374737_18_854_1909	CP000240.1:384572-385637|CDS|CYB_0371	73.717	955	242	5	58	1009	49	997	1.40e-164	577
Ga0374737_18_854_1909	CP000240.1:443946-445011|CDS|CYB_0433	73.613	955	243	5	58	1009	49	997	1.70e-163	572
Ga0374737_18_1916_3766	CP000240.1:227575-229426|CDS|CYB_0217	98.109	1851	35	0	1	1851	1	1851	0.0	3181
Ga0374737_18_1916_3766	CP000239.1:1751515-1753342|CDS|CYA_1747	80.578	1833	303	7	13	1832	13	1805	0.0	1718
Ga0374737_18_3811_5346	CP000240.1:229470-231006|CDS|CYB_0218	99.023	1536	15	0	1	1536	1	1536	0.0	2703
Ga0374737_18_3811_5346	CP000239.1:1749935-1751471|CDS|CYA_1746	84.750	1541	225	8	1	1536	1	1536	0.0	1693
Ga0374737_18_5625_5867	CP000240.1:231284-231545|CDS|CYB_0220	99.588	243	1	0	1	243	19	261	2.30e-122	434
Ga0374737_18_5625_5867	CP000239.1:1749394-1749670|CDS|CYA_1744	85.135	222	33	0	1	222	22	243	1.56e-67	252
Ga0374737_18_6392_6931	CP000240.1:232120-232591|CDS|CYB_0221	99.575	471	2	0	70	540	1	471	0.0	841
Ga0374737_18_6392_6931	CP000239.1:1748696-1749167|CDS|CYA_1743	85.138	471	70	0	70	540	1	471	2.14e-152	535
Ga0374737_18_7146_7745	CP000240.1:232757-233405|CDS|CYB_0223	98.833	600	7	0	1	600	49	648	0.0	1051
Ga0374737_18_7146_7745	CP000239.1:473957-474605|CDS|CYA_0458	84.654	593	91	0	1	593	49	641	0.0	660
Ga0374737_18_7872_8681	CP000240.1:233531-234650|CDS|CYB_0224	97.407	810	21	0	1	810	310	1119	0.0	1367
Ga0374737_18_7872_8681	CP000239.1:474746-475817|CDS|CYA_0459	87.421	787	99	0	1	787	262	1048	0.0	974
Ga0374737_19_454_1566	CP000240.1:1426848-1427961|CDS|CYB_1357	95.867	1113	46	0	1	1113	1	1113	0.0	1801
Ga0374737_19_454_1566	CP000239.1:1138773-1139904|CDS|CYA_1111	86.472	1131	135	1	1	1113	1	1131	0.0	1362
Ga0374737_19_1675_2898	CP000240.1:1425513-1426740|CDS|CYB_1356	96.088	1227	45	1	1	1224	1	1227	0.0	1995
Ga0374737_19_1675_2898	CP000239.1:1137367-1138585|CDS|CYA_1110	83.497	1121	181	2	94	1212	73	1191	0.0	1183
Ga0374737_19_3064_4884	CP000240.1:1423512-1425348|CDS|CYB_1355	96.569	1836	48	1	1	1821	1	1836	0.0	3037
Ga0374737_19_3064_4884	CP000239.1:1135413-1137369|CDS|CYA_1109	79.351	1850	286	22	1	1817	166	1952	0.0	1602
Ga0374737_19_5051_5794	CP000240.1:1422602-1423346|CDS|CYB_1354	97.581	744	18	0	1	744	1	744	0.0	1261
Ga0374737_19_5051_5794	CP000239.1:2301670-2302414|CDS|CYA_2298	86.425	744	101	0	1	744	1	744	0.0	887
Ga0374737_19_6048_6935	CP000240.1:1421430-1422348|CDS|CYB_1353	97.748	888	20	0	1	888	31	918	0.0	1512
Ga0374737_19_6048_6935	CP000239.1:2266058-2266988|CDS|CYA_2257	80.345	870	171	0	1	870	31	900	0.0	799
Ga0374737_19_7355_7681	CP000240.1:1420707-1421019|CDS|CYB_1351	74.312	327	69	3	1	327	1	312	1.89e-55	212
Ga0374737_19_7355_7681	CP000239.1:2267108-2267420|CDS|CYA_2258	72.923	325	73	3	1	325	1	310	6.16e-49	190
Ga0374737_19_7735_8484	CP000240.1:1419904-1420654|CDS|CYB_1350	93.600	750	48	0	1	750	1	750	0.0	1137
Ga0374737_19_7735_8484	CP000239.1:2267425-2268175|CDS|CYA_2259	91.310	748	65	0	1	748	1	748	0.0	1057
Ga0374737_20_15_338	CP000240.1:2520219-2520537|CDS|CYB_2423	94.444	324	12	2	1	324	1	318	2.58e-142	500
Ga0374737_20_15_338	CP000239.1:2677849-2678146|CDS|CYA_2661	85.985	264	37	0	1	264	1	264	9.04e-85	310
Ga0374737_20_374_1411	CP000240.1:2520572-2521610|CDS|CYB_2424	96.243	1038	39	0	1	1038	1	1038	0.0	1697
Ga0374737_20_374_1411	CP000239.1:2678155-2679193|CDS|CYA_2662	88.206	1009	119	0	1	1009	1	1009	0.0	1284
Ga0374737_20_1713_3347	CP000240.1:2521911-2523540|CDS|CYB_2425	98.036	1629	32	0	7	1635	1	1629	0.0	2794
Ga0374737_20_1713_3347	CP000239.1:2679389-2681012|CDS|CYA_2663	84.729	1624	237	5	7	1629	1	1614	0.0	1799
Ga0374737_20_3665_5068	CP000240.1:2523863-2525267|CDS|CYB_2428	97.507	1404	35	0	1	1404	1	1404	0.0	2375
Ga0374737_20_3665_5068	CP000239.1:2681419-2682826|CDS|CYA_2666	80.626	1373	254	4	37	1398	31	1402	0.0	1270
Ga0374737_20_5065_5658	CP000240.1:2525263-2525857|CDS|CYB_2427	99.832	594	1	0	1	594	1	594	0.0	1067
Ga0374737_20_5065_5658	CP000239.1:2682822-2683404|CDS|CYA_2665	79.967	599	96	4	1	593	1	581	4.57e-155	544
Ga0374737_20_5876_6655	CP000240.1:2526098-2526854|CDS|CYB_2430	99.471	756	4	0	25	780	1	756	0.0	1346
Ga0374737_20_5876_6655	CP000239.1:2683754-2684510|CDS|CYA_2667	78.704	756	161	0	25	780	1	756	0.0	638
Ga0374737_20_7825_8376	CP000240.1:2528012-2528561|CDS|CYB_2431	96.014	552	19	1	1	552	1	549	0.0	895
Ga0374737_20_7825_8376	CP000239.1:420171-420726|CDS|CYA_0404	80.235	511	98	1	1	511	1	508	3.26e-131	465
Ga0374737_21_298_636	CP000240.1:1390127-1390676|CDS|CYB_1328	98.525	339	5	0	1	339	211	549	6.80e-169	590
Ga0374737_21_1170_3140	CP000240.1:1391211-1393182|CDS|CYB_1330	97.818	1971	43	0	1	1971	1	1971	0.0	3361
Ga0374737_21_1170_3140	CP000239.1:1133197-1135141|CDS|CYA_1108	80.738	1869	360	0	103	1971	76	1944	0.0	1748
Ga0374737_21_3269_3676	CP000240.1:1393331-1393718|CDS|CYB_1331	97.933	387	8	0	22	408	1	387	0.0	663
Ga0374737_21_3269_3676	CP000239.1:1132683-1133100|CDS|CYA_1107	82.143	336	60	0	64	399	73	408	8.29e-93	336
Ga0374737_21_3688_4557	CP000240.1:1393729-1394599|CDS|CYB_1332	98.851	870	10	0	1	870	1	870	0.0	1525
Ga0374737_21_3688_4557	CP000239.1:1131804-1132674|CDS|CYA_1106	80.783	869	167	0	1	869	1	869	0.0	815
Ga0374737_21_4648_5202	CP000240.1:1394603-1395251|CDS|CYB_1333	96.757	555	18	0	1	555	94	648	0.0	921
Ga0374737_21_4648_5202	CP000239.1:1131147-1131801|CDS|CYA_1105	85.145	552	78	2	4	555	91	638	1.93e-178	621
Ga0374737_21_5394_7373	CP000240.1:1395355-1397422|CDS|CYB_1334	97.525	1980	49	0	1	1980	88	2067	0.0	3351
Ga0374737_21_5394_7373	CP000239.1:1129062-1131117|CDS|CYA_1104	80.071	1972	350	13	2	1969	92	2024	0.0	1765
Ga0374737_22_237_1094	CP000240.1:2580273-2581131|CDS|CYB_2483	100.000	858	0	0	1	858	1	858	0.0	1548
Ga0374737_22_237_1094	CP000239.1:955763-956606|CDS|CYA_0945	80.891	853	135	3	5	855	8	834	0.0	816
Ga0374737_22_1243_2049	CP000240.1:2581305-2582079|CDS|CYB_2484	97.545	774	19	0	34	807	1	774	0.0	1311
Ga0374737_22_1243_2049	CP000240.1:86287-87061|CDS|CYB_0074	94.466	777	37	2	34	807	1	774	0.0	1205
Ga0374737_22_1243_2049	CP000240.1:2424097-2424871|CDS|CYB_2313	92.894	774	55	0	34	807	1	774	0.0	1149
Ga0374737_22_1243_2049	CP000240.1:1126684-1127458|CDS|CYB_1091	92.021	777	56	2	34	807	1	774	0.0	1119
Ga0374737_22_1243_2049	CP000240.1:544792-546037|CDS|CYB_0530	82.423	751	132	0	34	784	1	751	0.0	760
Ga0374737_22_1243_2049	CP000239.1:782540-783770|CDS|CYA_0777	77.424	753	167	1	34	783	1	753	4.81e-169	590
Ga0374737_22_1243_2049	CP000239.1:1966854-1968081|CDS|CYA_1956	77.291	753	168	1	34	783	1	753	2.05e-167	586
Ga0374737_22_2997_3656	CP000240.1:2582596-2583430|CDS|CYB_2486	93.485	660	43	0	1	660	163	822	0.0	997
Ga0374737_22_2997_3656	CP000239.1:603884-604595|CDS|CYA_0592	85.421	535	78	0	1	535	58	592	3.43e-176	614
Ga0374737_22_3688_3993	CP000240.1:2583458-2583764|CDS|CYB_2487	99.346	306	2	0	1	306	1	306	2.27e-155	544
Ga0374737_22_3688_3993	CP000239.1:604691-604997|CDS|CYA_0593	89.384	292	31	0	15	306	15	306	3.86e-108	388
Ga0374737_22_4021_5199	CP000240.1:2583791-2584970|CDS|CYB_2488	98.982	1179	12	0	1	1179	1	1179	0.0	2073
Ga0374737_22_4021_5199	CP000239.1:605021-606212|CDS|CYA_0594	86.384	1131	154	0	1	1131	1	1131	0.0	1346
Ga0374737_22_5753_6520	CP000240.1:2585420-2586302|CDS|CYB_2489	100.000	768	0	0	1	768	115	882	0.0	1386
Ga0374737_22_5753_6520	CP000239.1:608381-609281|CDS|CYA_0597	87.516	769	93	1	1	766	130	898	0.0	953
Ga0374737_22_6888_7481	CP000240.1:2586669-2587263|CDS|CYB_2491	97.306	594	16	0	1	594	1	594	0.0	1000
Ga0374737_22_6888_7481	CP000239.1:2600433-2600940|CDS|CYA_2574	84.902	457	69	0	137	593	50	506	7.74e-146	514
Ga0374737_22_7478_7891	CP000240.1:2587259-2587766|CDS|CYB_2490	97.826	414	9	0	1	414	94	507	0.0	707
Ga0374737_22_7478_7891	CP000239.1:383964-384408|CDS|CYA_0367	74.257	404	98	3	1	401	28	428	2.75e-67	252
Ga0374737_23_1566_2528	CP000239.1:1501065-1502028|CDS|CYA_1495	99.896	963	1	0	1	963	1	963	0.0	1733
Ga0374737_23_1566_2528	CP000240.1:1529569-1530553|CDS|CYB_1454	81.736	991	142	4	1	961	1	982	0.0	989
Ga0374737_23_2466_5309	CP000239.1:1501965-1504893|CDS|CYA_1494	99.930	2844	2	0	1	2844	85	2928	0.0	5121
Ga0374737_23_2466_5309	CP000240.1:1526590-1529545|CDS|CYB_1453	80.287	2856	445	19	1	2749	82	2926	0.0	2634
Ga0374737_23_5550_6170	CP000239.1:1505049-1505595|CDS|CYA_1496	100.000	546	0	0	76	621	1	546	0.0	985
Ga0374737_23_5550_6170	CP000240.1:1525406-1525955|CDS|CYB_1452	84.717	530	80	1	76	604	1	530	4.48e-168	588
Ga0374737_23_6224_7216	CP000239.1:1505723-1508000|CDS|CYA_1497	99.698	993	3	0	1	993	1285	2277	0.0	1778
Ga0374737_23_6224_7216	CP000240.1:1522978-1525192|CDS|CYB_1451	76.237	930	163	6	14	890	1277	2201	0.0	707
Ga0374737_24_220_1494	CP000240.1:1548066-1549365|CDS|CYB_1472	97.804	1275	28	0	1	1275	25	1299	0.0	2174
Ga0374737_24_220_1494	CP000239.1:1490110-1491406|CDS|CYA_1483	84.972	1271	182	3	1	1268	25	1289	0.0	1426
Ga0374737_24_1619_3202	CP000240.1:1546358-1547942|CDS|CYB_1471	93.624	1584	101	0	1	1584	1	1584	0.0	2402
Ga0374737_24_1619_3202	CP000239.1:1491526-1493104|CDS|CYA_1484	87.156	1526	196	0	1	1526	1	1526	0.0	1869
Ga0374737_24_3982_4794	CP000240.1:1544765-1545578|CDS|CYB_1469	100.000	813	0	0	1	813	1	813	0.0	1467
Ga0374737_24_4794_5603	CP000240.1:1543956-1544766|CDS|CYB_1468	99.506	810	4	0	1	810	1	810	0.0	1443
Ga0374737_24_5618_6472	CP000240.1:1543088-1543898|CDS|CYB_1467	99.383	811	4	1	1	811	1	810	0.0	1437
Ga0374737_25_16_426	CP000240.1:297868-298279|CDS|CYB_0283	98.297	411	7	0	1	411	1	411	0.0	710
Ga0374737_25_16_426	CP000239.1:656509-656917|CDS|CYA_0647	86.946	406	50	2	1	406	1	403	2.09e-138	488
Ga0374737_25_457_1134	CP000240.1:298296-298974|CDS|CYB_0284	97.493	678	17	0	1	678	1	678	0.0	1147
Ga0374737_25_457_1134	CP000239.1:656913-657591|CDS|CYA_0646	83.655	673	110	0	1	673	1	673	0.0	719
Ga0374737_25_1307_1564	CP000240.1:299089-299347|CDS|CYB_0285	99.213	254	2	0	1	254	1	254	3.20e-127	450
Ga0374737_25_1307_1564	CP000239.1:657643-657901|CDS|CYA_0648	84.490	245	38	0	1	245	1	245	1.77e-73	271
Ga0374737_25_1627_2400	CP000240.1:299409-300183|CDS|CYB_0286	99.612	774	3	0	1	774	1	774	0.0	1383
Ga0374737_25_1627_2400	CP000239.1:657960-658734|CDS|CYA_0649	83.679	772	126	0	1	772	1	772	0.0	825
Ga0374737_25_2417_3145	CP000240.1:300199-300928|CDS|CYB_0287	97.668	729	17	0	1	729	1	729	0.0	1239
Ga0374737_25_2417_3145	CP000239.1:658780-659509|CDS|CYA_0651	81.690	710	130	0	8	717	8	717	0.0	695
Ga0374737_25_3282_3566	CP000240.1:301064-301349|CDS|CYB_0288	96.491	285	10	0	1	285	1	285	3.81e-133	470
Ga0374737_25_3282_3566	CP000239.1:659505-659844|CDS|CYA_0650	89.723	253	26	0	1	253	55	307	4.65e-94	340
Ga0374737_25_3880_4905	CP000240.1:301581-302688|CDS|CYB_0289	97.758	1026	23	0	1	1026	82	1107	0.0	1747
Ga0374737_25_3880_4905	CP000239.1:659996-661103|CDS|CYA_0652	86.940	1026	134	0	1	1026	82	1107	0.0	1247
Ga0374737_25_4944_6377	CP000240.1:302621-304169|CDS|CYB_0290	97.505	1443	27	1	1	1434	106	1548	0.0	2444
Ga0374737_25_4944_6377	CP000239.1:661036-662572|CDS|CYA_0653	83.582	1340	220	0	91	1430	193	1532	0.0	1425
Ga0374737_26_145_1842	CP000240.1:1033029-1034934|CDS|CYB_0996	98.469	1698	26	0	1	1698	208	1905	0.0	2946
Ga0374737_26_145_1842	CP000239.1:1088472-1090218|CDS|CYA_1072	82.567	1652	288	0	40	1691	88	1739	0.0	1682
Ga0374737_26_2047_2640	CP000240.1:31634-32228|CDS|CYB_0025	96.128	594	23	0	1	594	1	594	0.0	968
Ga0374737_26_2047_2640	CP000239.1:2434480-2435074|CDS|CYA_2425	95.623	594	26	0	1	594	1	594	0.0	955
Ga0374737_26_2047_2640	CP000239.1:1898603-1899197|CDS|CYA_1891	95.623	594	26	0	1	594	1	594	0.0	955
Ga0374737_26_2047_2640	CP000239.1:819297-819891|CDS|CYA_0808	95.623	594	26	0	1	594	1	594	0.0	955
Ga0374737_26_2047_2640	CP000239.1:2402867-2403461|CDS|CYA_2392	95.286	594	28	0	1	594	1	594	0.0	946
Ga0374737_26_2047_2640	CP000239.1:411427-412021|CDS|CYA_0397	95.286	594	28	0	1	594	1	594	0.0	946
Ga0374737_26_2047_2640	CP000239.1:2709545-2710163|CDS|CYA_2694	93.204	618	18	1	1	594	1	618	0.0	943
Ga0374737_26_2047_2640	CP000239.1:1778901-1779495|CDS|CYA_1772	95.118	594	29	0	1	594	1	594	0.0	941
Ga0374737_26_2047_2640	CP000239.1:1446255-1446849|CDS|CYA_1439	94.949	594	30	0	1	594	1	594	0.0	937
Ga0374737_26_2047_2640	CP000239.1:732513-733107|CDS|CYA_0727	94.781	594	31	0	1	594	1	594	0.0	932
Ga0374737_26_2047_2640	CP000239.1:2450192-2450786|CDS|CYA_2439	94.276	594	34	0	1	594	1	594	0.0	919
Ga0374737_26_2047_2640	CP000239.1:2259861-2260479|CDS|CYA_2250	92.233	618	24	1	1	594	1	618	0.0	916
Ga0374737_26_2047_2640	CP000239.1:2018987-2019605|CDS|CYA_2002	92.233	618	24	1	1	594	1	618	0.0	916
Ga0374737_26_2047_2640	CP000239.1:363923-364541|CDS|CYA_0346	92.233	618	24	1	1	594	1	618	0.0	916
Ga0374737_26_2047_2640	CP000240.1:22428-23022|CDS|CYB_0019	94.108	594	35	0	1	594	1	594	0.0	914
Ga0374737_26_2047_2640	CP000239.1:1948621-1949239|CDS|CYA_1937	91.909	618	26	1	1	594	1	618	0.0	907
Ga0374737_26_2047_2640	CP000239.1:2598423-2599041|CDS|CYA_2572	91.748	618	27	1	1	594	1	618	0.0	902
Ga0374737_26_2047_2640	CP000239.1:2698805-2699423|CDS|CYA_2684	91.586	618	28	1	1	594	1	618	0.0	898
Ga0374737_26_2047_2640	CP000239.1:1644319-1644937|CDS|CYA_1645	91.586	618	28	1	1	594	1	618	0.0	898
Ga0374737_26_2047_2640	CP000239.1:606571-607189|CDS|CYA_0595	91.586	618	28	1	1	594	1	618	0.0	898
Ga0374737_26_2047_2640	CP000239.1:1479753-1480371|CDS|CYA_1472	91.424	618	29	1	1	594	1	618	0.0	893
Ga0374737_26_2047_2640	CP000239.1:1384976-1385594|CDS|CYA_1374	91.262	618	30	1	1	594	1	618	0.0	889
Ga0374737_26_2825_3097	CP000239.1:2699277-2700558|CDS|CYA_2685	97.810	274	5	1	1	273	331	604	1.55e-131	464
Ga0374737_26_2825_3097	CP000239.1:731378-732659|CDS|CYA_0726	97.810	274	5	1	1	273	331	604	1.55e-131	464
Ga0374737_26_2825_3097	CP000239.1:2450640-2451921|CDS|CYA_2440	97.445	274	6	1	1	273	331	604	6.57e-130	460
Ga0374737_26_2825_3097	CP000239.1:2258726-2260007|CDS|CYA_2249	97.445	274	6	1	1	273	331	604	6.57e-130	460
Ga0374737_26_2825_3097	CP000239.1:1779349-1780630|CDS|CYA_1773	97.445	274	6	1	1	273	331	604	6.57e-130	460
Ga0374737_26_2825_3097	CP000239.1:2598895-2600176|CDS|CYA_2573	97.080	274	7	1	1	273	331	604	8.00e-129	455
Ga0374737_26_2825_3097	CP000239.1:1949093-1950374|CDS|CYA_1938	97.080	274	7	1	1	273	331	604	8.00e-129	455
Ga0374737_26_2825_3097	CP000239.1:818225-819443|CDS|CYA_0807	97.080	274	7	1	1	273	331	604	8.00e-129	455
Ga0374737_26_2825_3097	CP000239.1:2017852-2019133|CDS|CYA_2001	97.070	273	7	1	2	273	332	604	2.79e-128	453
Ga0374737_26_2825_3097	CP000239.1:1897468-1898749|CDS|CYA_1890	96.715	274	8	1	1	273	331	604	3.40e-127	451
Ga0374737_26_2825_3097	CP000239.1:1445168-1446401|CDS|CYA_1438	96.715	274	8	1	1	273	331	604	3.40e-127	451
Ga0374737_26_2825_3097	CP000239.1:607043-608261|CDS|CYA_0596	96.715	274	8	1	1	273	331	604	3.40e-127	451
Ga0374737_26_2825_3097	CP000239.1:362788-364069|CDS|CYA_0345	96.715	274	8	1	1	273	331	604	3.40e-127	451
Ga0374737_26_2825_3097	CP000239.1:2403315-2404596|CDS|CYA_2393	96.350	274	9	1	1	273	331	604	4.15e-126	446
Ga0374737_26_2825_3097	CP000239.1:410292-411573|CDS|CYA_0395	96.350	274	9	1	1	273	331	604	4.15e-126	446
Ga0374737_26_2825_3097	CP000240.1:32082-33315|CDS|CYB_0026	95.620	274	11	1	1	273	331	604	2.15e-123	437
Ga0374737_26_2825_3097	CP000239.1:1644791-1646072|CDS|CYA_1646	95.620	274	11	1	1	273	331	604	2.15e-123	437
Ga0374737_26_2825_3097	CP000239.1:1478618-1479899|CDS|CYA_1471	94.891	274	13	1	1	273	331	604	1.11e-120	428
Ga0374737_26_2825_3097	CP000239.1:2710017-2711283|CDS|CYA_2695	94.526	274	14	1	1	273	331	604	4.73e-119	424
Ga0374737_26_2825_3097	CP000239.1:2433345-2434626|CDS|CYA_2424	94.526	274	14	1	1	273	331	604	4.73e-119	424
Ga0374737_26_2825_3097	CP000239.1:1385448-1386729|CDS|CYA_1375	94.161	274	15	1	1	273	331	604	5.76e-118	419
Ga0374737_26_2825_3097	CP000240.1:21293-22574|CDS|CYB_0018	79.336	271	55	1	4	273	334	604	4.74e-62	233
Ga0374737_26_3238_3726	CP000239.1:818225-819443|CDS|CYA_0807	97.257	474	13	0	1	474	745	1218	0.0	797
Ga0374737_26_3238_3726	CP000239.1:607043-608261|CDS|CYA_0596	97.257	474	13	0	1	474	745	1218	0.0	797
Ga0374737_26_3238_3726	CP000240.1:32082-33315|CDS|CYB_0026	95.910	489	20	0	1	489	745	1233	0.0	792
Ga0374737_26_3238_3726	CP000240.1:1256770-1257394|CDS|CYB_1210	94.479	489	27	0	1	489	136	624	0.0	761
Ga0374737_26_3238_3726	CP000239.1:1445168-1446401|CDS|CYA_1438	93.252	489	33	0	1	489	745	1233	0.0	734
Ga0374737_26_3238_3726	CP000239.1:2433345-2434626|CDS|CYA_2424	97.647	425	10	0	1	425	745	1169	0.0	722
Ga0374737_26_3238_3726	CP000239.1:410292-411573|CDS|CYA_0395	97.647	425	10	0	1	425	745	1169	0.0	722
Ga0374737_26_3238_3726	CP000239.1:2710017-2711283|CDS|CYA_2695	97.412	425	11	0	1	425	745	1169	0.0	718
Ga0374737_26_3238_3726	CP000239.1:1644791-1646072|CDS|CYA_1646	97.412	425	11	0	1	425	745	1169	0.0	718
Ga0374737_26_3238_3726	CP000239.1:1478618-1479899|CDS|CYA_1471	97.412	425	11	0	1	425	745	1169	0.0	718
Ga0374737_26_3238_3726	CP000239.1:362788-364069|CDS|CYA_0345	97.412	425	11	0	1	425	745	1169	0.0	718
Ga0374737_26_3238_3726	CP000239.1:2699277-2700558|CDS|CYA_2685	97.176	425	12	0	1	425	745	1169	0.0	713
Ga0374737_26_3238_3726	CP000239.1:2598895-2600176|CDS|CYA_2573	97.176	425	12	0	1	425	745	1169	0.0	713
Ga0374737_26_3238_3726	CP000239.1:2450640-2451921|CDS|CYA_2440	97.176	425	12	0	1	425	745	1169	0.0	713
Ga0374737_26_3238_3726	CP000239.1:1949093-1950374|CDS|CYA_1938	97.176	425	12	0	1	425	745	1169	0.0	713
Ga0374737_26_3238_3726	CP000239.1:1779349-1780630|CDS|CYA_1773	97.176	425	12	0	1	425	745	1169	0.0	713
Ga0374737_26_3238_3726	CP000239.1:1385448-1386729|CDS|CYA_1375	97.176	425	12	0	1	425	745	1169	0.0	713
Ga0374737_26_3238_3726	CP000239.1:2403315-2404596|CDS|CYA_2393	96.941	425	13	0	1	425	745	1169	0.0	709
Ga0374737_26_3238_3726	CP000239.1:2258726-2260007|CDS|CYA_2249	96.941	425	13	0	1	425	745	1169	0.0	709
Ga0374737_26_3238_3726	CP000239.1:1897468-1898749|CDS|CYA_1890	96.941	425	13	0	1	425	745	1169	0.0	709
Ga0374737_26_3238_3726	CP000239.1:731378-732659|CDS|CYA_0726	96.941	425	13	0	1	425	745	1169	0.0	709
Ga0374737_26_3238_3726	CP000239.1:2017852-2019133|CDS|CYA_2001	96.471	425	15	0	1	425	745	1169	0.0	700
Ga0374737_26_3238_3726	CP000240.1:21293-22574|CDS|CYB_0018	96.009	426	17	0	1	426	745	1170	0.0	692
Ga0374737_26_3732_4937	CP000240.1:1035045-1036269|CDS|CYB_0997	98.422	1204	19	0	1	1204	1	1204	0.0	2086
Ga0374737_26_3732_4937	CP000239.1:1090357-1091581|CDS|CYA_1073	84.628	1197	184	0	1	1197	1	1197	0.0	1330
Ga0374737_26_5112_6002	CP000240.1:1036443-1038936|CDS|CYB_0998	99.214	891	7	0	1	891	1603	2493	0.0	1576
Ga0374737_26_5112_6002	CP000239.1:1091761-1094227|CDS|CYA_1074	87.696	894	104	2	1	891	1576	2466	0.0	1113
Ga0374737_27_228_1421	CP000239.1:2170714-2171908|CDS|CYA_2158	95.896	1194	49	0	1	1194	1	1194	0.0	1933
Ga0374737_27_228_1421	CP000240.1:1954838-1956056|CDS|CYB_1872	93.514	1218	55	1	1	1194	1	1218	0.0	1858
Ga0374737_27_228_1421	CP000239.1:774779-775973|CDS|CYA_0767	94.221	1194	69	0	1	1194	1	1194	0.0	1843
Ga0374737_27_228_1421	CP000240.1:1083184-1084426|CDS|CYB_1042	92.029	1242	51	2	1	1194	1	1242	0.0	1829
Ga0374737_27_228_1421	CP000240.1:2796782-2798000|CDS|CYB_2707	92.529	1218	67	1	1	1194	1	1218	0.0	1804
Ga0374737_27_228_1421	CP000240.1:1803089-1804283|CDS|CYB_1722	93.384	1194	79	0	1	1194	1	1194	0.0	1798
Ga0374737_27_228_1421	CP000240.1:2644164-2645358|CDS|CYB_2538	93.300	1194	80	0	1	1194	1	1194	0.0	1793
Ga0374737_27_228_1421	CP000239.1:712444-713638|CDS|CYA_0704	92.546	1194	89	0	1	1194	1	1194	0.0	1753
Ga0374737_27_228_1421	CP000240.1:638632-639850|CDS|CYB_0630	91.297	1218	82	1	1	1194	1	1218	0.0	1737
Ga0374737_27_228_1421	CP000240.1:52430-53648|CDS|CYB_0041	91.215	1218	83	1	1	1194	1	1218	0.0	1732
Ga0374737_27_228_1421	CP000240.1:2168360-2169515|CDS|CYB_2071	93.811	1131	70	0	1	1131	1	1131	0.0	1725
Ga0374737_27_228_1421	CP000240.1:1521392-1522610|CDS|CYB_1450	90.805	1218	88	1	1	1194	1	1218	0.0	1709
Ga0374737_27_228_1421	CP000240.1:3008652-3009870|CDS|CYB_2910	90.312	1218	94	1	1	1194	1	1218	0.0	1682
Ga0374737_27_228_1421	CP000240.1:2553363-2554557|CDS|CYB_2454	91.206	1194	105	0	1	1194	1	1194	0.0	1681
Ga0374737_27_228_1421	CP000240.1:2210858-2212052|CDS|CYB_2117	91.122	1194	106	0	1	1194	1	1194	0.0	1676
Ga0374737_27_228_1421	CP000240.1:1190675-1191869|CDS|CYB_1151	90.879	1195	107	2	1	1194	1	1194	0.0	1657
Ga0374737_27_228_1421	CP000239.1:629980-631174|CDS|CYA_0620	90.711	1195	109	2	1	1194	1	1194	0.0	1648
Ga0374737_27_228_1421	CP000240.1:1358129-1359347|CDS|CYB_1297	89.491	1218	104	1	1	1194	1	1218	0.0	1637
Ga0374737_27_228_1421	CP000240.1:2830275-2831565|CDS|CYB_2735	88.226	1240	81	3	1	1192	1	1223	0.0	1624
Ga0374737_27_228_1421	CP000240.1:481588-482800|CDS|CYB_0472	89.531	1194	121	4	1	1192	1	1192	0.0	1576
Ga0374737_27_228_1421	CP000240.1:2619921-2621115|CDS|CYB_2521	89.289	1195	126	2	1	1194	1	1194	0.0	1572
Ga0374737_27_228_1421	CP000240.1:1064975-1066169|CDS|CYB_1023	88.610	1194	136	0	1	1194	1	1194	0.0	1541
Ga0374737_27_228_1421	CP000240.1:2247371-2248565|CDS|CYB_2147	89.655	1131	117	0	1	1131	1	1131	0.0	1513
Ga0374737_27_228_1421	CP000240.1:1244785-1246021|CDS|CYB_1201	87.346	1217	128	3	1	1192	1	1216	0.0	1511
Ga0374737_27_228_1421	CP000240.1:2661652-2662870|CDS|CYB_2557	87.285	1219	129	3	1	1194	1	1218	0.0	1510
Ga0374737_27_228_1421	CP000240.1:1267756-1268992|CDS|CYB_1227	87.438	1218	125	5	1	1192	1	1216	0.0	1510
Ga0374737_27_228_1421	CP000240.1:1316312-1317548|CDS|CYB_1259	87.171	1216	132	1	1	1192	1	1216	0.0	1508
Ga0374737_27_228_1421	CP000239.1:1594889-1596107|CDS|CYA_1585	89.213	1131	122	0	1	1131	1	1131	0.0	1490
Ga0374737_27_228_1421	CP000240.1:629484-630702|CDS|CYB_0620	86.371	1218	142	1	1	1194	1	1218	0.0	1466
Ga0374737_27_228_1421	CP000240.1:2933473-2934709|CDS|CYB_2835	85.890	1219	142	5	1	1192	1	1216	0.0	1428
Ga0374737_27_228_1421	CP000239.1:994256-995468|CDS|CYA_0981	85.583	1193	170	2	1	1192	1	1192	0.0	1370
Ga0374737_27_228_1421	CP000239.1:893439-894633|CDS|CYA_0887	87.065	1121	145	0	1	1121	1	1121	0.0	1369
Ga0374737_27_228_1421	CP000240.1:241642-242836|CDS|CYB_0233	87.026	1133	143	4	1	1131	1	1131	0.0	1367
Ga0374737_27_228_1421	CP000240.1:605550-606744|CDS|CYB_0598	85.439	1195	172	2	1	1194	1	1194	0.0	1364
Ga0374737_27_228_1421	CP000239.1:698055-699204|CDS|CYA_0690	85.789	1147	137	3	1	1122	1	1146	0.0	1344
Ga0374737_27_228_1421	CP000240.1:1842322-1843549|CDS|CYB_1759	84.328	1206	161	3	1	1180	1	1204	0.0	1335
Ga0374737_27_228_1421	CP000240.1:102811-104029|CDS|CYB_0087	84.502	1155	155	1	1	1131	1	1155	0.0	1294
Ga0374737_27_228_1421	CP000240.1:1384265-1385459|CDS|CYB_1322	84.452	1132	174	2	1	1131	1	1131	0.0	1242
Ga0374737_27_228_1421	CP000240.1:1015074-1016268|CDS|CYB_0979	84.085	1131	180	0	1	1131	1	1131	0.0	1229
Ga0374737_27_228_1421	CP000240.1:345730-346924|CDS|CYB_0329	83.289	1131	189	0	1	1131	1	1131	0.0	1188
Ga0374737_27_228_1421	CP000240.1:2565689-2566883|CDS|CYB_2468	83.216	1132	188	2	1	1131	1	1131	0.0	1178
Ga0374737_27_228_1421	CP000240.1:2128026-2129220|CDS|CYB_2026	82.850	1137	183	7	1	1131	1	1131	0.0	1151
Ga0374737_27_228_1421	CP000239.1:693322-694534|CDS|CYA_0687	81.454	1197	212	5	1	1192	1	1192	0.0	1145
Ga0374737_27_228_1421	CP000240.1:2219258-2220470|CDS|CYB_2126	81.203	1197	215	5	1	1192	1	1192	0.0	1131
Ga0374737_27_228_1421	CP000240.1:1763450-1764623|CDS|CYB_1688	81.354	1137	200	7	1	1131	1	1131	0.0	1075
Ga0374737_27_228_1421	CP000240.1:1917270-1918464|CDS|CYB_1826	80.123	1137	214	7	1	1131	1	1131	0.0	1012
Ga0374737_27_228_1421	CP000240.1:2506708-2507857|CDS|CYB_2410	77.768	1129	131	5	1	1009	1	1129	0.0	991
Ga0374737_27_228_1421	CP000239.1:88305-89487|CDS|CYA_0091	74.242	1122	263	5	1	1115	1	1103	0.0	722
Ga0374737_27_1620_2309	CP000240.1:1084593-1085283|CDS|CYB_1044	98.116	690	13	0	1	690	1	690	0.0	1187
Ga0374737_27_1620_2309	CP000239.1:937056-937728|CDS|CYA_0927	87.003	654	82	1	1	651	1	654	0.0	795
Ga0374737_27_2295_2558	CP000240.1:1085268-1085532|CDS|CYB_1043	99.242	264	2	0	1	264	1	264	1.22e-132	468
Ga0374737_27_2295_2558	CP000239.1:936771-937035|CDS|CYA_0926	86.641	262	35	0	1	262	1	262	1.70e-86	315
Ga0374737_27_3010_3123	CP000240.1:1085982-1086096|CDS|CYB_1045	96.491	114	4	0	1	114	1	114	6.52e-49	188
Ga0374737_27_3010_3123	CP000240.1:1085680-1086127|CDS|CYB_1046	96.491	114	4	0	1	114	416	303	6.52e-49	188
Ga0374737_27_3053_3154	CP000240.1:1085680-1086127|CDS|CYB_1046	94.118	102	6	0	1	102	346	447	9.60e-40	158
Ga0374737_27_3293_3775	CP000240.1:1086265-1086748|CDS|CYB_1047	100.000	483	0	0	1	483	1	483	0.0	872
Ga0374737_27_4414_4860	CP000240.1:1087212-1087833|CDS|CYB_1048	97.763	447	10	0	1	447	175	621	0.0	762
Ga0374737_27_4414_4860	CP000239.1:2224763-2225393|CDS|CYA_2210	80.941	425	81	0	1	425	175	599	2.61e-112	402
Ga0374737_28_1311_2093	CP000240.1:1066520-1067435|CDS|CYB_1024	98.840	776	7	1	1	776	133	906	0.0	1357
Ga0374737_28_1311_2093	CP000239.1:1712347-1713088|CDS|CYA_1704	78.736	696	144	2	2	695	2	695	6.92e-167	583
Ga0374737_28_2346_2720	CP000240.1:1067555-1067930|CDS|CYB_1025	99.733	375	1	0	1	375	1	375	0.0	673
Ga0374737_28_2346_2720	CP000239.1:1713323-1713767|CDS|CYA_1705	85.479	365	53	0	1	365	1	365	8.08e-118	420
Ga0374737_28_2867_4669	CP000240.1:1068087-1069890|CDS|CYB_1026	98.447	1803	28	0	1	1803	1	1803	0.0	3126
Ga0374737_28_2867_4669	CP000239.1:1713943-1715746|CDS|CYA_1706	85.412	1796	259	1	1	1796	1	1793	0.0	2057
Ga0374737_28_4697_5566	CP000240.1:1069917-1070976|CDS|CYB_1027	99.080	870	8	0	1	870	190	1059	0.0	1534
Ga0374737_28_4697_5566	CP000239.1:2593698-2594769|CDS|CYA_2570	84.316	848	133	0	1	848	190	1037	0.0	930
Ga0374737_29_610_1611	CP000240.1:2154432-2155266|CDS|CYB_2055	98.199	833	15	0	169	1001	1	833	0.0	1435
Ga0374737_29_610_1611	CP000239.1:86174-87005|CDS|CYA_0087	85.542	830	118	2	173	1001	2	830	0.0	949
Ga0374737_29_1675_2193	CP000240.1:2155497-2156064|CDS|CYB_2056	98.266	519	9	0	1	519	49	567	0.0	896
Ga0374737_29_1675_2193	CP000239.1:87208-87829|CDS|CYA_0089	85.652	460	66	0	48	507	150	609	7.18e-152	533
Ga0374737_29_2539_2724	CP000240.1:2156366-2156552|CDS|CYB_2057	98.925	186	2	0	1	186	1	186	1.82e-90	327
Ga0374737_29_2539_2724	CP000239.1:88001-88187|CDS|CYA_0090	95.161	186	9	0	1	186	1	186	1.08e-80	296
Ga0374737_29_2867_3559	CP000240.1:2156694-2157387|CDS|CYB_2059	97.547	693	17	0	1	693	1	693	0.0	1174
Ga0374737_29_2867_3559	CP000239.1:89674-90367|CDS|CYA_0092	86.463	687	93	0	1	687	1	687	0.0	820
Ga0374737_29_3559_4215	CP000239.1:90366-91023|CDS|CYA_0093	87.062	657	85	0	1	657	1	657	0.0	802
Ga0374737_29_3559_4215	CP000240.1:2157386-2158043|CDS|CYB_2060	85.845	657	93	0	1	657	1	657	0.0	766
Ga0374737_30_466_1323	CP000240.1:1654377-1655235|CDS|CYB_1582	99.184	858	7	0	1	858	1	858	0.0	1517
Ga0374737_30_466_1323	CP000239.1:1454898-1455762|CDS|CYA_1449	88.140	801	95	0	1	801	1	801	0.0	1017
Ga0374737_30_1337_1687	CP000240.1:1654013-1654364|CDS|CYB_1581	99.715	351	1	0	1	351	1	351	0.0	629
Ga0374737_30_1337_1687	CP000239.1:1455767-1456118|CDS|CYA_1450	91.168	351	31	0	1	351	1	351	4.16e-140	494
Ga0374737_30_1783_2850	CP000240.1:1652910-1653918|CDS|CYB_1580	98.810	1008	12	0	61	1068	1	1008	0.0	1764
Ga0374737_30_1783_2850	CP000239.1:1456190-1457186|CDS|CYA_1451	85.642	982	132	3	66	1044	3	978	0.0	1131
Ga0374737_30_2925_3311	CP000240.1:1652373-1652760|CDS|CYB_1579	98.708	387	5	0	1	387	1	387	0.0	676
Ga0374737_30_2925_3311	CP000239.1:1457308-1457695|CDS|CYA_1452	89.664	387	40	0	1	387	1	387	1.16e-147	518
Ga0374737_30_3396_3779	CP000240.1:1651905-1652289|CDS|CYB_1578	99.479	384	2	0	1	384	1	384	0.0	684
Ga0374737_30_3396_3779	CP000239.1:1457783-1458167|CDS|CYA_1453	89.583	384	40	0	1	384	1	384	4.89e-146	513
Ga0374737_30_3981_4097	CP000240.1:1651587-1651704|CDS|CYB_1577	99.145	117	1	0	1	117	1	117	2.51e-54	207
Ga0374737_30_3981_4097	CP000239.1:1458380-1458497|CDS|CYA_1454	91.453	117	10	0	1	117	1	117	2.20e-42	167
Ga0374737_31_691_1494	CP000240.1:1081522-1082305|CDS|CYB_1040	98.978	783	8	0	22	804	1	783	0.0	1377
Ga0374737_31_691_1494	CP000239.1:938696-939455|CDS|CYA_0929	86.557	729	98	0	22	750	1	729	0.0	874
Ga0374737_31_1538_2332	CP000240.1:1080663-1081458|CDS|CYB_1039	99.623	795	3	0	1	795	1	795	0.0	1421
Ga0374737_31_1538_2332	CP000239.1:939522-940422|CDS|CYA_0930	79.248	771	121	6	1	771	145	876	0.0	678
Ga0374737_31_2475_2840	CP000240.1:1079567-1080521|CDS|CYB_1038	99.677	310	1	0	1	310	1	310	1.52e-158	555
Ga0374737_31_2475_2840	CP000239.1:940420-941374|CDS|CYA_0931	92.581	310	23	0	1	310	1	310	1.09e-128	456
Ga0374737_31_2858_3379	CP000240.1:1074735-1075494|CDS|CYB_1032	99.616	521	2	0	2	522	239	759	0.0	931
Ga0374737_31_2858_3379	CP000239.1:1670798-1671482|CDS|CYA_1668	80.962	520	93	1	3	516	144	663	6.34e-140	493
Ga0374737_31_3996_4676	CP000240.1:1075818-1076499|CDS|CYB_1033	96.916	681	21	0	1	681	1	681	0.0	1134
Ga0374737_31_3996_4676	CP000239.1:944701-945376|CDS|CYA_0934	89.574	681	65	1	1	681	1	675	0.0	910
Ga0374737_31_4681_5073	CP000240.1:1079567-1080521|CDS|CYB_1038	94.911	393	20	0	1	393	562	954	4.69e-178	619
Ga0374737_31_4681_5073	CP000239.1:940420-941374|CDS|CYA_0931	85.897	390	55	0	4	393	565	954	1.18e-128	456
Ga0374737_32_39_4496	CP000240.1:2020573-2025991|CDS|CYB_1934	96.870	4473	77	4	1	4458	994	5418	0.0	7475
Ga0374737_32_4569_4847	CP000240.1:2019865-2020501|CDS|CYB_1933	98.208	279	5	0	1	279	358	636	2.06e-136	481
Ga0374737_33_403_945	CP000240.1:1579253-1579796|CDS|CYB_1505	97.422	543	14	0	1	543	1	543	0.0	917
Ga0374737_33_403_945	CP000239.1:359626-360145|CDS|CYA_0341	76.685	549	92	6	1	543	1	519	1.20e-117	419
Ga0374737_33_1497_1856	CP000240.1:1580055-1580415|CDS|CYB_1507	99.167	360	3	0	1	360	1	360	0.0	636
Ga0374737_33_1497_1856	CP000239.1:359123-359483|CDS|CYA_0340	81.944	360	65	0	1	360	1	360	7.74e-99	357
Ga0374737_33_2142_3290	CP000240.1:1580595-1581873|CDS|CYB_1508	94.373	1173	42	1	1	1149	106	1278	0.0	1836
Ga0374737_33_2142_3290	CP000239.1:357667-358867|CDS|CYA_0339	90.114	1143	113	0	1	1143	49	1191	0.0	1553
Ga0374737_33_3742_4110	CP000240.1:1581910-1582717|CDS|CYB_1509	98.916	369	4	0	1	369	439	807	0.0	648
Ga0374737_33_3742_4110	CP000239.1:356933-357665|CDS|CYA_0338	81.301	369	45	2	1	369	388	732	4.40e-102	368
Ga0374737_33_4100_4864	CP000240.1:1582706-1583471|CDS|CYB_1510	99.346	765	5	0	1	765	1	765	0.0	1358
Ga0374737_33_4100_4864	CP000239.1:356209-356944|CDS|CYA_0337	82.937	715	122	0	51	765	21	735	0.0	740
Ga0374737_34_121_501	CP000240.1:2262300-2263200|CDS|CYB_2162	94.751	381	20	0	1	381	520	900	1.48e-171	598
Ga0374737_34_121_501	CP000239.1:417442-418339|CDS|CYA_0402	74.551	334	85	0	13	346	556	889	1.49e-57	220
Ga0374737_34_495_884	CP000240.1:2263193-2264918|CDS|CYB_2161	98.652	371	5	0	20	390	1355	1725	0.0	647
Ga0374737_34_495_884	CP000239.1:418342-420067|CDS|CYA_0403	86.921	367	48	0	20	386	1355	1721	6.06e-126	446
Ga0374737_34_1046_1915	CP000240.1:2261151-2262021|CDS|CYB_2160	99.655	870	3	0	1	870	1	870	0.0	1556
Ga0374737_34_1046_1915	CP000239.1:416554-417418|CDS|CYA_0401	85.786	802	114	0	22	823	40	841	0.0	933
Ga0374737_34_1970_2599	CP000240.1:2260448-2261117|CDS|CYB_2159	99.841	630	1	0	1	630	40	669	0.0	1132
Ga0374737_35_527_1300	CP000240.1:1430707-1431481|CDS|CYB_1359	96.641	774	26	0	1	774	1	774	0.0	1279
Ga0374737_35_1366_2226	CP000240.1:1431557-1432418|CDS|CYB_1360	96.400	861	31	0	1	861	1	861	0.0	1414
Ga0374737_35_2477_3109	CP000240.1:1432668-1433301|CDS|CYB_1361	98.262	633	11	0	1	633	1	633	0.0	1093
Ga0374737_35_2477_3109	CP000239.1:1142038-1142671|CDS|CYA_1113	83.570	633	104	0	1	633	1	633	0.0	673
Ga0374737_35_3167_3457	CP000240.1:1433358-1433664|CDS|CYB_1362	98.625	291	4	0	1	291	16	306	1.55e-144	508
Ga0374737_35_3167_3457	CP000239.1:1142910-1143216|CDS|CYA_1114	92.784	291	21	0	1	291	16	306	3.42e-121	431
Ga0374737_35_3668_3982	CP000240.1:1433860-1434175|CDS|CYB_1364	99.365	315	2	0	1	315	1	315	3.05e-160	560
Ga0374737_35_3668_3982	CP000239.1:1143360-1143684|CDS|CYA_1117	78.595	299	64	0	1	299	1	299	2.06e-67	251
Ga0374737_35_3979_4836	CP000240.1:1434171-1435719|CDS|CYB_1363	99.767	858	2	0	1	858	691	1548	0.0	1539
Ga0374737_35_3979_4836	CP000239.1:1143680-1145201|CDS|CYA_1116	86.946	812	106	0	1	812	685	1496	0.0	987
Ga0374737_36_1370_1735	CP000240.1:677970-678336|CDS|CYB_0664	96.995	366	5	1	1	366	7	366	6.45e-176	612
Ga0374737_36_1370_1735	CP000239.1:2649784-2650144|CDS|CYA_2632	78.904	365	65	3	1	362	1	356	1.03e-84	309
Ga0374737_36_2060_2317	CP000240.1:677241-677640|CDS|CYB_0663	98.837	258	3	0	1	258	142	399	9.17e-128	453
Ga0374737_36_2060_2317	CP000239.1:2650476-2650803|CDS|CYA_2633	89.655	261	24	1	1	258	67	327	2.81e-96	348
Ga0374737_36_2638_3747	CP000240.1:675946-677032|CDS|CYB_0662	97.606	1086	26	0	25	1110	1	1086	0.0	1842
Ga0374737_36_2638_3747	CP000239.1:2651107-2652193|CDS|CYA_2635	85.097	1087	160	2	25	1110	1	1086	0.0	1223
Ga0374737_37_198_590	CP000240.1:2702763-2703138|CDS|CYB_2602	100.000	372	0	0	22	393	4	375	0.0	672
Ga0374737_37_198_590	CP000239.1:1189527-1189899|CDS|CYA_1173	88.140	371	41	1	22	392	4	371	5.36e-133	470
Ga0374737_37_607_816	CP000240.1:2704708-2704960|CDS|CYB_2606	98.095	210	4	0	1	210	43	252	1.01e-100	361
Ga0374737_37_607_816	CP000239.1:1187702-1187954|CDS|CYA_1169	90.000	210	21	0	1	210	43	252	2.24e-77	285
Ga0374737_37_813_1181	CP000240.1:2704956-2705325|CDS|CYB_2607	98.645	369	5	0	1	369	1	369	0.0	644
Ga0374737_37_813_1181	CP000239.1:1187337-1187706|CDS|CYA_1168	89.589	365	38	0	1	365	1	365	1.87e-138	488
Ga0374737_37_1181_1579	CP000240.1:2705324-2705723|CDS|CYB_2608	97.995	399	8	0	1	399	1	399	0.0	684
Ga0374737_37_1181_1579	CP000239.1:1186939-1187338|CDS|CYA_1167	85.464	399	58	0	1	399	1	399	9.84e-130	459
Ga0374737_37_1648_2190	CP000240.1:2705791-2706334|CDS|CYB_2609	97.053	543	16	0	1	543	1	543	0.0	908
Ga0374737_37_1648_2190	CP000239.1:1186340-1186883|CDS|CYA_1166	89.668	542	56	0	1	542	1	542	0.0	726
Ga0374737_37_2237_2647	CP000240.1:2706380-2706791|CDS|CYB_2610	97.810	411	9	0	1	411	1	411	0.0	701
Ga0374737_37_2237_2647	CP000239.1:1185875-1186280|CDS|CYA_1165	89.196	398	37	1	1	398	1	392	8.33e-150	526
Ga0374737_37_2681_3226	CP000240.1:2706824-2707370|CDS|CYB_2611	98.718	546	7	0	1	546	1	546	0.0	954
Ga0374737_37_2681_3226	CP000239.1:1185303-1185849|CDS|CYA_1164	82.385	545	96	0	1	545	1	545	2.82e-157	551
Ga0374737_37_3258_3653	CP000240.1:2707401-2707770|CDS|CYB_2612	99.189	370	2	1	1	370	1	369	0.0	651
Ga0374737_37_3258_3653	CP000239.1:1184932-1185301|CDS|CYA_1163	82.432	370	64	1	1	370	1	369	3.89e-103	371
Ga0374737_37_3646_4182	CP000240.1:2707788-2708325|CDS|CYB_2613	97.393	537	14	0	1	537	1	537	0.0	906
Ga0374737_37_3646_4182	CP000239.1:1184377-1184914|CDS|CYA_1162	86.168	535	74	0	1	535	1	535	0.0	632
Ga0374737_38_109_717	CP000240.1:1465525-1466551|CDS|CYB_1393	100.000	596	0	0	1	596	1	596	0.0	1076
Ga0374737_38_109_717	CP000239.1:863214-864228|CDS|CYA_0855	88.087	596	59	1	1	596	1	584	0.0	762
Ga0374737_38_708_1310	CP000239.1:864218-864821|CDS|CYA_0856	91.860	602	49	0	2	603	2	603	0.0	866
Ga0374737_38_1837_2013	CP000240.1:1467671-1468097|CDS|CYB_1398	96.591	176	6	0	2	177	251	426	1.24e-79	291
Ga0374737_38_1837_2013	CP000239.1:865146-865431|CDS|CYA_0857	93.143	175	12	0	3	177	111	285	6.02e-71	262
Ga0374737_38_1925_2263	CP000240.1:1467671-1468097|CDS|CYB_1398	97.640	339	7	1	1	339	1	338	5.23e-164	572
Ga0374737_38_2394_3029	CP000240.1:1468227-1468863|CDS|CYB_1400	98.585	636	9	0	1	636	1	636	0.0	1107
Ga0374737_38_2394_3029	CP000239.1:1240338-1240980|CDS|CYA_1229	86.003	643	82	3	1	636	1	642	0.0	748
Ga0374737_38_3068_4207	CP000240.1:1468880-1470101|CDS|CYB_1401	95.526	1140	51	0	1	1140	82	1221	0.0	1827
Ga0374737_38_3068_4207	CP000239.1:1238960-1240181|CDS|CYA_1228	88.276	1143	126	2	1	1139	82	1220	0.0	1456
Ga0374737_39_5_1066	CP000240.1:2086060-2087614|CDS|CYB_1985	99.058	1062	10	0	1	1062	493	1554	0.0	1871
Ga0374737_39_5_1066	CP000239.1:1702906-1704457|CDS|CYA_1699	86.698	1060	138	1	1	1060	493	1549	0.0	1275
Ga0374737_39_1693_2463	CP000240.1:2084955-2086035|CDS|CYB_1984	99.092	771	7	0	1	771	310	1080	0.0	1360
Ga0374737_39_1693_2463	CP000239.1:1704609-1705548|CDS|CYA_1700	86.071	761	106	0	1	761	166	926	0.0	895
Ga0374737_39_2477_4276	CP000240.1:2082995-2084942|CDS|CYB_1983	98.889	1800	20	0	1	1800	148	1947	0.0	3157
Ga0374737_39_2477_4276	CP000239.1:1705550-1707500|CDS|CYA_1701	89.149	1751	190	0	1	1751	148	1898	0.0	2302
Ga0374737_40_28_507	CP000240.1:2148515-2149226|CDS|CYB_2047	99.167	480	4	0	1	480	232	711	0.0	848
Ga0374737_40_28_507	CP000239.1:82981-83692|CDS|CYA_0084	88.750	480	54	0	1	480	232	711	4.75e-179	623
Ga0374737_40_657_1313	CP000240.1:2147547-2148366|CDS|CYB_2046	97.108	657	19	0	1	657	163	819	0.0	1100
Ga0374737_40_657_1313	CP000239.1:82002-82824|CDS|CYA_0083	82.477	662	103	6	1	657	169	822	0.0	656
Ga0374737_40_1636_2700	CP000240.1:2146322-2147387|CDS|CYB_2044	96.244	1065	40	0	1	1065	1	1065	0.0	1741
Ga0374737_40_1636_2700	CP000239.1:80828-81851|CDS|CYA_0081	78.719	1015	165	1	51	1065	60	1023	0.0	899
Ga0374737_40_2624_4072	CP000240.1:2144572-2146399|CDS|CYB_2045	93.917	1463	74	1	2	1449	365	1827	0.0	2247
Ga0374737_40_2624_4072	CP000239.1:79111-80905|CDS|CYA_0082	81.453	1445	252	8	2	1444	359	1789	0.0	1377
Ga0374737_41_144_344	CP000240.1:2667985-2668201|CDS|CYB_2562	99.005	201	2	0	1	201	16	216	1.43e-98	354
Ga0374737_41_144_344	CP000239.1:1396720-1396921|CDS|CYA_1391	86.224	196	27	0	6	201	6	201	1.18e-61	233
Ga0374737_41_3171_3911	CP000240.1:2664996-2665737|CDS|CYB_2561	98.516	741	11	0	1	741	1	741	0.0	1287
Ga0374737_41_3171_3911	CP000239.1:1398862-1399594|CDS|CYA_1392	89.231	715	77	0	1	715	1	715	0.0	943
Ga0374737_42_653_1417	CP000240.1:1386258-1387086|CDS|CYB_1325	99.737	761	2	0	1	761	52	812	0.0	1364
Ga0374737_42_653_1417	CP000239.1:2297212-2298082|CDS|CYA_2295	87.484	759	95	0	1	759	103	861	0.0	941
Ga0374737_42_1427_1777	CP000240.1:1387082-1387433|CDS|CYB_1324	99.430	351	2	0	1	351	1	351	9.77e-180	625
Ga0374737_42_1427_1777	CP000239.1:2298078-2298411|CDS|CYA_2294	84.333	300	46	1	23	322	9	307	1.28e-89	326
Ga0374737_42_1813_3147	CP000240.1:1387468-1388773|CDS|CYB_1326	97.395	1305	34	0	31	1335	1	1305	0.0	2201
Ga0374737_42_1813_3147	CP000239.1:2298435-2299770|CDS|CYA_2296	85.004	1307	196	0	1	1307	1	1307	0.0	1474
Ga0374737_42_3653_4003	CP000240.1:1388991-1389951|CDS|CYB_1327	98.006	351	7	0	1	351	576	226	1.11e-172	602
Ga0374737_42_3653_4003	CP000239.1:2300103-2301033|CDS|CYA_2297	85.143	350	52	0	2	351	551	202	2.46e-111	398
Ga0374737_43_46_1392	CP000240.1:1116585-1118361|CDS|CYB_1081	96.288	1347	50	0	1	1347	430	1776	0.0	2205
Ga0374737_43_46_1392	CP000239.1:1559183-1560959|CDS|CYA_1550	86.107	1346	187	0	2	1347	431	1776	0.0	1585
Ga0374737_43_1524_2420	CP000240.1:1118492-1119389|CDS|CYB_1082	95.987	897	36	0	1	897	1	897	0.0	1456
Ga0374737_43_1524_2420	CP000239.1:1558159-1559056|CDS|CYA_1549	80.624	898	172	2	1	897	1	897	0.0	829
Ga0374737_43_2467_3300	CP000240.1:1119435-1120269|CDS|CYB_1083	97.842	834	18	0	1	834	1	834	0.0	1424
Ga0374737_43_2467_3300	CP000239.1:1557329-1558139|CDS|CYA_1548	84.358	748	117	0	30	777	27	774	0.0	822
Ga0374737_44_535_1692	CP000239.1:1540473-1541559|CDS|CYA_1529	95.225	1089	12	2	1	1052	1	1086	0.0	1766
Ga0374737_44_535_1692	CP000240.1:342763-343864|CDS|CYB_0326	75.212	1061	221	4	11	1030	20	1079	0.0	757
Ga0374737_44_1772_2764	CP000239.1:1539401-1540394|CDS|CYA_1528	99.799	993	2	0	1	993	1	993	0.0	1783
Ga0374737_44_1772_2764	CP000240.1:341669-342692|CDS|CYB_0325	83.822	989	160	0	1	989	1	989	0.0	1063
Ga0374737_45_972_1421	CP000240.1:881471-881912|CDS|CYB_0848	99.546	441	2	0	10	450	1	441	0.0	787
Ga0374737_45_972_1421	CP000239.1:1236951-1237392|CDS|CYA_1226	82.313	441	78	0	10	450	1	441	2.46e-125	444
Ga0374737_45_1543_2538	CP000240.1:882042-883038|CDS|CYB_0849	98.193	996	18	0	1	996	1	996	0.0	1716
Ga0374737_45_1543_2538	CP000239.1:1235826-1236822|CDS|CYA_1224	85.040	996	149	0	1	996	1	996	0.0	1125
Ga0374737_45_2563_3522	CP000240.1:883062-884091|CDS|CYB_0850	98.958	960	10	0	1	960	70	1029	0.0	1687
Ga0374737_45_2563_3522	CP000239.1:2369786-2370812|CDS|CYA_2362	91.250	960	84	0	1	960	67	1026	0.0	1353
Ga0374737_46_223_1647	CP000240.1:2682337-2683762|CDS|CYB_2579	97.544	1425	35	0	1	1425	1	1425	0.0	2413
Ga0374737_46_223_1647	CP000239.1:1207203-1208628|CDS|CYA_1194	90.105	1425	141	0	1	1425	1	1425	0.0	1935
Ga0374737_46_2156_2758	CP000240.1:2684271-2684874|CDS|CYB_2581	99.171	603	5	0	1	603	1	603	0.0	1066
Ga0374737_46_2156_2758	CP000239.1:1206092-1206695|CDS|CYA_1193	91.181	601	53	0	1	601	1	601	0.0	846
Ga0374737_46_3050_3181	CP000240.1:2685097-2685208|CDS|CYB_2582	100.000	111	0	0	22	132	1	111	1.23e-52	201
Ga0374737_46_3050_3181	CP000239.1:1205838-1206003|CDS|CYA_1192	80.165	121	23	1	13	132	45	165	2.09e-24	107
Ga0374737_47_630_932	CP000240.1:1247140-1247623|CDS|CYB_1203	100.000	303	0	0	1	303	181	483	1.85e-156	547
Ga0374737_47_630_932	CP000239.1:1764599-1764986|CDS|CYA_1759	85.619	299	43	0	3	301	87	385	1.17e-95	346
Ga0374737_47_1013_1987	CP000240.1:1246085-1247060|CDS|CYB_1202	97.538	975	24	0	1	975	1	975	0.0	1651
Ga0374737_47_2025_2543	CP000240.1:1244277-1244703|CDS|CYB_1200	100.000	426	0	0	94	519	1	426	0.0	769
Ga0374737_47_2025_2543	CP000239.1:1764134-1764590|CDS|CYA_1758	85.308	422	62	0	95	516	2	423	1.14e-136	482
Ga0374737_47_2787_3242	CP000239.1:785883-787233|CDS|CYA_0781	97.588	456	11	0	1	456	895	1350	0.0	774
Ga0374737_47_2787_3242	CP000240.1:1242591-1243941|CDS|CYB_1198	94.956	456	23	0	1	456	895	1350	0.0	719
Ga0374737_48_147_461	CP000239.1:1495169-1495484|CDS|CYA_1487	100.000	315	0	0	1	315	1	315	5.89e-163	569
Ga0374737_48_147_461	CP000240.1:1536652-1536967|CDS|CYB_1461	88.571	315	36	0	1	315	1	315	4.25e-114	407
Ga0374737_48_513_827	CP000239.1:1495535-1496153|CDS|CYA_1488	100.000	315	0	0	1	315	304	618	5.89e-163	569
Ga0374737_48_513_827	CP000240.1:1535957-1536587|CDS|CYB_1460	91.746	315	26	0	1	315	316	630	1.14e-127	452
Ga0374737_48_1167_1733	CP000239.1:1496189-1496693|CDS|CYA_1489	99.802	504	1	0	64	567	1	504	0.0	905
Ga0374737_48_1167_1733	CP000240.1:1535307-1535922|CDS|CYB_1459	87.313	536	68	0	1	536	1	536	0.0	661
Ga0374737_48_1730_2392	CP000239.1:1496752-1497415|CDS|CYA_1490	100.000	663	0	0	1	663	1	663	0.0	1196
Ga0374737_48_1730_2392	CP000240.1:1534648-1535311|CDS|CYB_1458	90.799	663	61	0	1	663	1	663	0.0	921
Ga0374737_49_705_1610	CP000240.1:687274-688180|CDS|CYB_0675	100.000	906	0	0	1	906	1	906	0.0	1635
Ga0374737_49_705_1610	CP000239.1:1123530-1124484|CDS|CYA_1099	86.738	837	111	0	1	837	1	837	0.0	1010
Ga0374737_49_1564_2937	CP000240.1:688190-689507|CDS|CYB_0676	99.010	1313	13	0	58	1370	1	1313	0.0	2310
Ga0374737_49_1564_2937	CP000239.1:1122233-1123547|CDS|CYA_1098	78.991	1328	254	12	58	1374	1	1314	0.0	1106
Ga0374737_50_560_1108	CP000240.1:2529684-2530233|CDS|CYB_2433	98.907	549	6	0	1	549	1	549	0.0	964
Ga0374737_50_560_1108	CP000239.1:421805-422360|CDS|CYA_0406	80.039	516	101	2	11	525	11	525	1.38e-129	460
Ga0374737_51_290_475	CP000240.1:1271495-1271681|CDS|CYB_1229	96.774	186	6	0	1	186	1	186	4.90e-85	309
Ga0374737_51_290_475	CP000239.1:188129-188315|CDS|CYA_0188	91.935	186	15	0	1	186	1	186	1.50e-72	269
Ga0374737_51_756_1967	CP000240.1:1270031-1271426|CDS|CYB_1228	96.127	1162	45	0	3	1164	165	1326	0.0	1893
Ga0374737_52_1922_2362	CP000239.1:1448814-1449255|CDS|CYA_1442	89.569	441	46	0	1	441	1	441	8.97e-169	589
Ga0374737_52_1922_2362	CP000240.1:1660865-1661306|CDS|CYB_1589	88.383	439	51	0	1	439	1	439	1.25e-160	563
Ga0374737_55_44_427	CP000240.1:1120529-1121417|CDS|CYB_1084	98.494	332	5	0	1	332	514	845	4.89e-165	577
Ga0374737_55_891_1697	CP000240.1:1121621-1122428|CDS|CYB_1086	98.885	807	9	0	1	807	1	807	0.0	1416
Ga0374737_56_3_878	CP000239.1:1943182-1944007|CDS|CYA_1930	97.212	825	23	0	52	876	1	825	0.0	1385
Ga0374737_56_3_878	CP000240.1:117451-118333|CDS|CYB_0101	86.728	874	116	0	3	876	9	882	0.0	1054
Ga0374737_57_642_2462	CP000240.1:831481-833314|CDS|CYB_0806	96.017	1833	61	1	1	1821	1	1833	0.0	2984
Ga0374737_57_642_2462	CP000239.1:313287-315018|CDS|CYA_0308	75.467	1822	343	11	1	1821	13	1731	0.0	1315
Ga0374737_57_2466_2783	CP000240.1:831034-831478|CDS|CYB_0805	100.000	266	0	0	53	318	179	444	2.37e-136	480
Ga0374737_57_2466_2783	CP000239.1:312833-313277|CDS|CYA_0307	82.576	264	46	0	55	318	181	444	7.77e-73	269
Ga0374737_58_251_1297	CP000240.1:2174262-2175306|CDS|CYB_2078	97.510	1044	26	0	4	1047	1	1044	0.0	1766
Ga0374737_58_251_1297	CP000239.1:2483585-2484572|CDS|CYA_2474	87.080	983	127	0	4	986	1	983	0.0	1201
Ga0374737_58_1412_1894	CP000240.1:2173713-2174148|CDS|CYB_2076	87.164	483	14	1	1	483	1	435	0.0	631
Ga0374737_58_1883_2587	CP000240.1:2172471-2173725|CDS|CYB_2077	97.730	705	16	0	1	705	550	1254	0.0	1200
Ga0374737_58_1883_2587	CP000239.1:2481733-2483035|CDS|CYA_2473	87.136	653	78	1	1	653	610	1256	0.0	801
Ga0374737_59_557_1342	CP000240.1:1762378-1763188|CDS|CYB_1686	98.346	786	13	0	1	786	25	810	0.0	1360
Ga0374737_59_1339_2055	CP000240.1:1761443-1762382|CDS|CYB_1687	98.599	714	10	0	4	717	226	939	0.0	1243
Ga0374737_59_1339_2055	CP000239.1:317852-318755|CDS|CYA_0310	86.555	714	96	0	4	717	190	903	0.0	856
Ga0374737_60_180_890	CP000240.1:1265311-1266022|CDS|CYB_1222	98.594	711	10	0	1	711	1	711	0.0	1238
Ga0374737_60_180_890	CP000239.1:1783975-1784686|CDS|CYA_1780	88.905	703	78	0	1	703	1	703	0.0	917
Ga0374737_60_1188_1751	CP000240.1:1266320-1266884|CDS|CYB_1223	98.936	564	6	0	1	564	1	564	0.0	991
Ga0374737_60_1188_1751	CP000239.1:1785004-1785568|CDS|CYA_1782	87.857	560	68	0	1	560	1	560	0.0	704
Ga0374737_60_1815_2225	CP000240.1:1266949-1267360|CDS|CYB_1224	98.054	411	8	0	1	411	1	411	0.0	706
Ga0374737_60_1815_2225	CP000239.1:1785641-1786055|CDS|CYA_1784	87.198	414	50	1	1	411	1	414	7.80e-144	507
Ga0374737_60_1815_2225	CP000239.1:1785658-1786702|CDS|CYA_1783	87.817	394	45	1	21	411	1041	648	4.92e-140	493
Ga0374737_61_992_1957	CP000240.1:2182577-2183543|CDS|CYB_2087	95.124	964	47	0	1	964	1	964	0.0	1527
Ga0374737_61_992_1957	CP000239.1:2490775-2491777|CDS|CYA_2480	80.719	1001	155	4	1	964	1	1000	0.0	952
Ga0374737_62_84_1577	CP000240.1:1239977-1242344|CDS|CYB_1197	90.763	1494	138	0	1	1494	874	2367	0.0	2073
Ga0374737_62_84_1577	CP000239.1:787480-789847|CDS|CYA_0782	89.224	1494	161	0	1	1494	874	2367	0.0	1969
