Ga0393519_02_61_918	CP000240.1:2663675-2664533|CDS|CYB_2559	96.970	858	26	0	1	858	1	858	0.0	1431
Ga0393519_02_61_918	CP000239.1:1400047-1400953|CDS|CYA_1394	78.113	795	169	3	1	791	1	794	0.0	641
Ga0393519_02_915_1610	CP000240.1:2662983-2663679|CDS|CYB_2558	98.994	696	7	0	1	696	1	696	0.0	1224
Ga0393519_02_915_1610	CP000239.1:1400949-1401651|CDS|CYA_1395	87.246	690	88	0	1	690	1	690	0.0	848
Ga0393519_02_1816_2280	CP000240.1:2661169-2661634|CDS|CYB_2556	97.614	461	11	0	1	461	1	461	0.0	783
Ga0393519_02_2455_3336	CP000240.1:2660113-2660995|CDS|CYB_2555	98.980	882	9	0	1	882	1	882	0.0	1551
Ga0393519_02_3748_4386	CP000240.1:2659063-2659702|CDS|CYB_2553	97.496	639	16	0	1	639	1	639	0.0	1081
Ga0393519_02_3748_4386	CP000239.1:1225784-1226417|CDS|CYA_1214	87.040	625	81	0	1	625	1	625	0.0	763
Ga0393519_02_4908_6968	CP000240.1:2656485-2658546|CDS|CYB_2552	97.234	2061	57	0	1	2061	1	2061	0.0	3461
Ga0393519_02_4908_6968	CP000239.1:1223353-1225405|CDS|CYA_1213	85.623	2038	293	0	1	2038	1	2038	0.0	2355
Ga0393519_02_7327_8085	CP000240.1:2655374-2656382|CDS|CYB_2551	97.628	759	18	0	1	759	250	1008	0.0	1288
Ga0393519_02_7327_8085	CP000239.1:1222247-1223261|CDS|CYA_1212	88.406	759	88	0	1	759	256	1014	0.0	973
Ga0393519_02_8343_9341	CP000240.1:2654318-2655116|CDS|CYB_2550	96.742	798	26	0	202	999	1	798	0.0	1323
Ga0393519_02_8343_9341	CP000239.1:1344207-1345005|CDS|CYA_1329	85.464	798	112	2	202	997	1	796	0.0	911
Ga0393519_02_9407_10228	CP000240.1:2653238-2654057|CDS|CYB_2549	98.054	822	13	1	1	822	1	819	0.0	1409
Ga0393519_02_9407_10228	CP000239.1:1343097-1343904|CDS|CYA_1328	84.307	822	114	3	1	822	1	807	0.0	902
Ga0393519_02_10491_11642	CP000240.1:2651824-2653042|CDS|CYB_2548	98.524	1152	17	0	1	1152	67	1218	0.0	2002
Ga0393519_02_10491_11642	CP000239.1:1341632-1342853|CDS|CYA_1327	85.182	1154	168	1	1	1151	67	1220	0.0	1309
Ga0393519_02_12840_13238	CP000240.1:2650771-2651170|CDS|CYB_2545	99.499	399	2	0	1	399	1	399	0.0	711
Ga0393519_02_13235_13552	CP000240.1:2650457-2650775|CDS|CYB_2546	99.686	318	1	0	1	318	1	318	5.95e-163	570
Ga0393519_02_13235_13552	CP000239.1:2458517-2458820|CDS|CYA_2449	76.144	306	67	2	16	318	1	303	1.23e-57	220
Ga0393519_02_13580_13795	CP000240.1:2650187-2650430|CDS|CYB_2544	99.074	216	2	0	1	216	28	243	1.12e-106	381
Ga0393519_02_13580_13795	CP000239.1:2458259-2458475|CDS|CYA_2448	89.655	203	21	0	1	203	1	203	1.46e-73	272
Ga0393519_02_14116_14871	CP000240.1:2649087-2649894|CDS|CYB_2543	98.942	756	8	0	1	756	52	807	0.0	1328
Ga0393519_02_14116_14871	CP000239.1:2457020-2457923|CDS|CYA_2447	81.481	756	140	0	1	756	148	903	0.0	733
Ga0393519_02_15090_16316	CP000240.1:2647745-2648990|CDS|CYB_2542	99.756	1227	3	0	1	1227	19	1245	0.0	2200
Ga0393519_02_15090_16316	CP000239.1:2455786-2457031|CDS|CYA_2446	84.761	1214	185	0	13	1226	31	1244	0.0	1356
Ga0393519_03_291_692	CP000240.1:2149724-2150195|CDS|CYB_2050	96.517	402	14	0	1	402	70	471	0.0	663
Ga0393519_03_291_692	CP000239.1:84184-84595|CDS|CYA_0086	80.542	406	74	3	1	402	1	405	4.82e-102	368
Ga0393519_03_842_1153	CP000240.1:2149331-2149643|CDS|CYB_2048	97.436	312	8	0	1	312	1	312	1.78e-150	527
Ga0393519_03_842_1153	CP000240.1:2149241-2149673|CDS|CYB_2049	97.436	312	8	0	1	312	402	91	1.78e-150	527
Ga0393519_03_1538_2248	CP000240.1:2148515-2149226|CDS|CYB_2047	96.474	709	25	0	1	709	1	709	0.0	1167
Ga0393519_03_1538_2248	CP000239.1:82981-83692|CDS|CYA_0084	88.336	703	82	0	7	709	7	709	0.0	899
Ga0393519_03_2336_2992	CP000240.1:2147547-2148366|CDS|CYB_2046	96.341	656	24	0	1	656	163	818	0.0	1076
Ga0393519_03_2336_2992	CP000239.1:82002-82824|CDS|CYA_0083	83.099	639	97	5	1	635	169	800	0.0	654
Ga0393519_03_3315_4379	CP000240.1:2146322-2147387|CDS|CYB_2044	97.089	1065	31	0	1	1065	1	1065	0.0	1782
Ga0393519_03_3315_4379	CP000239.1:80828-81851|CDS|CYA_0081	79.841	1007	152	1	59	1065	68	1023	0.0	943
Ga0393519_03_4303_6108	CP000240.1:2144572-2146399|CDS|CYB_2045	93.271	1828	100	3	1	1806	1	1827	0.0	2750
Ga0393519_03_4303_6108	CP000239.1:79111-80905|CDS|CYA_0082	82.254	1775	301	8	31	1801	25	1789	0.0	1758
Ga0393519_03_6105_6911	CP000240.1:2143769-2144576|CDS|CYB_2043	98.017	807	16	0	1	807	1	807	0.0	1384
Ga0393519_03_7202_7444	CP000240.1:2143236-2143479|CDS|CYB_2042	100.000	243	0	0	1	243	1	243	5.41e-124	439
Ga0393519_03_7202_7444	CP000239.1:78556-79003|CDS|CYA_0080	91.770	243	20	0	1	243	205	447	7.53e-97	349
Ga0393519_03_7768_7899	CP000240.1:2142771-2143104|CDS|CYB_2041	100.000	132	0	0	1	132	141	10	4.91e-64	239
Ga0393519_03_8197_8421	CP000240.1:2142258-2142483|CDS|CYB_2040	99.111	225	2	0	1	225	1	225	1.52e-111	398
Ga0393519_03_8197_8421	CP000239.1:77337-77559|CDS|CYA_0078	84.932	219	31	2	7	224	4	221	9.01e-64	240
Ga0393519_03_8529_9866	CP000240.1:2140818-2142156|CDS|CYB_2039	97.160	1338	38	0	1	1338	1	1338	0.0	2242
Ga0393519_03_8529_9866	CP000239.1:75902-77240|CDS|CYA_0077	82.648	1337	232	0	1	1337	1	1337	0.0	1366
Ga0393519_03_10152_10868	CP000240.1:2139781-2140498|CDS|CYB_2038	97.211	717	20	0	1	717	1	717	0.0	1204
Ga0393519_03_10152_10868	CP000239.1:2326262-2326955|CDS|CYA_2325	83.871	682	110	0	36	717	12	693	0.0	735
Ga0393519_03_10919_12268	CP000240.1:2138246-2139731|CDS|CYB_2037	94.148	1350	79	0	1	1350	136	1485	0.0	2079
Ga0393519_03_10919_12268	CP000239.1:2324912-2326232|CDS|CYA_2323	87.197	1320	169	0	31	1350	1	1320	0.0	1619
Ga0393519_03_12387_13103	CP000240.1:2137432-2138263|CDS|CYB_2036	97.071	717	21	0	1	717	115	831	0.0	1199
Ga0393519_03_12387_13103	CP000239.1:2323898-2324714|CDS|CYA_2322	77.151	674	154	0	1	674	94	767	1.82e-148	522
Ga0393519_03_13204_13905	CP000240.1:2136744-2137446|CDS|CYB_2035	98.860	702	8	0	1	702	1	702	0.0	1231
Ga0393519_03_13204_13905	CP000239.1:2323267-2323912|CDS|CYA_2321	73.372	691	127	5	1	691	1	634	1.12e-125	446
Ga0393519_03_13914_14519	CP000240.1:2136178-2136736|CDS|CYB_2034	94.242	521	27	2	89	606	38	558	0.0	799
Ga0393519_03_14587_15384	CP000239.1:2321825-2322668|CDS|CYA_2319	75.714	770	158	7	3	771	72	813	7.55e-154	541
Ga0393519_03_15684_15869	CP000240.1:2135169-2135931|CDS|CYB_2033	99.462	186	1	0	1	186	577	762	1.50e-91	332
Ga0393519_03_15684_15869	CP000239.1:2320812-2321619|CDS|CYA_2318	84.946	186	28	0	1	186	622	807	3.53e-55	210
Ga0393519_04_143_1114	CP000240.1:2583791-2584970|CDS|CYB_2488	98.765	972	12	0	1	972	208	1179	0.0	1700
Ga0393519_04_143_1114	CP000239.1:605021-606212|CDS|CYA_0594	86.580	924	124	0	1	924	208	1131	0.0	1108
Ga0393519_04_1669_2436	CP000240.1:2585420-2586302|CDS|CYB_2489	100.000	768	0	0	1	768	115	882	0.0	1386
Ga0393519_04_1669_2436	CP000239.1:608381-609281|CDS|CYA_0597	87.516	769	93	1	1	766	130	898	0.0	953
Ga0393519_04_2804_3397	CP000240.1:2586669-2587263|CDS|CYB_2491	97.980	594	12	0	1	594	1	594	0.0	1018
Ga0393519_04_2804_3397	CP000239.1:2600433-2600940|CDS|CYA_2574	84.245	457	72	0	137	593	50	506	4.89e-142	500
Ga0393519_04_3394_3807	CP000240.1:2587259-2587766|CDS|CYB_2490	96.377	414	15	0	1	414	94	507	0.0	680
Ga0393519_04_3394_3807	CP000239.1:383964-384408|CDS|CYA_0367	74.010	404	99	3	1	401	28	428	3.36e-66	248
Ga0393519_04_4294_5292	CP000240.1:2588129-2589158|CDS|CYB_2492	99.800	999	2	0	1	999	31	1029	0.0	1793
Ga0393519_04_4294_5292	CP000239.1:384546-385575|CDS|CYA_0368	87.988	999	120	0	1	999	31	1029	0.0	1261
Ga0393519_04_5415_6104	CP000240.1:2589225-2589978|CDS|CYB_2493	96.812	690	22	0	1	690	64	753	0.0	1146
Ga0393519_04_5415_6104	CP000239.1:385635-386379|CDS|CYA_0369	87.970	665	79	1	14	677	76	740	0.0	836
Ga0393519_04_6220_6726	CP000240.1:2589955-2590600|CDS|CYB_2494	99.014	507	5	0	1	507	139	645	0.0	893
Ga0393519_04_6220_6726	CP000239.1:386365-386995|CDS|CYA_0370	84.631	501	77	0	2	502	125	625	6.14e-159	557
Ga0393519_04_7114_7341	CP000240.1:2590988-2591216|CDS|CYB_2496	98.246	228	4	0	1	228	1	228	1.88e-110	394
Ga0393519_04_7114_7341	CP000239.1:387282-387510|CDS|CYA_0371	86.937	222	29	0	1	222	1	222	5.40e-73	270
Ga0393519_04_7635_8159	CP000240.1:2591414-2591948|CDS|CYB_2497	99.810	525	1	0	1	525	10	534	0.0	943
Ga0393519_04_7635_8159	CP000239.1:387548-388073|CDS|CYA_0372	81.071	523	99	0	1	523	1	523	5.23e-141	498
Ga0393519_04_8900_9268	CP000240.1:2750791-2751199|CDS|CYB_2663	99.729	369	1	0	1	369	40	408	0.0	662
Ga0393519_04_8900_9268	CP000240.1:2571340-2571748|CDS|CYB_2475	99.729	369	1	0	1	369	40	408	0.0	662
Ga0393519_04_8900_9268	CP000240.1:2182109-2182517|CDS|CYB_2086	99.729	369	1	0	1	369	40	408	0.0	662
Ga0393519_04_8900_9268	CP000240.1:1332150-1332558|CDS|CYB_1275	99.729	369	1	0	1	369	40	408	0.0	662
Ga0393519_04_8900_9268	CP000240.1:651866-652274|CDS|CYB_0641	99.729	369	1	0	1	369	40	408	0.0	662
Ga0393519_04_8900_9268	CP000240.1:214453-214861|CDS|CYB_0203	99.729	369	1	0	1	369	40	408	0.0	662
Ga0393519_04_8900_9268	CP000240.1:210759-211167|CDS|CYB_0198	99.729	369	1	0	1	369	40	408	0.0	662
Ga0393519_04_8900_9268	CP000240.1:65861-66269|CDS|CYB_0052	99.729	369	1	0	1	369	40	408	0.0	662
Ga0393519_04_8900_9268	CP000240.1:2692187-2692595|CDS|CYB_2591	99.458	369	2	0	1	369	40	408	0.0	657
Ga0393519_04_8900_9268	CP000240.1:2505835-2506243|CDS|CYB_2408	99.458	369	2	0	1	369	40	408	0.0	657
Ga0393519_04_8900_9268	CP000240.1:2353707-2354115|CDS|CYB_2249	99.458	369	2	0	1	369	40	408	0.0	657
Ga0393519_04_8900_9268	CP000240.1:2165635-2166043|CDS|CYB_2068	99.458	369	2	0	1	369	40	408	0.0	657
Ga0393519_04_8900_9268	CP000240.1:1750145-1750553|CDS|CYB_1672	99.458	369	2	0	1	369	40	408	0.0	657
Ga0393519_04_8900_9268	CP000240.1:1639015-1639423|CDS|CYB_1566	99.458	369	2	0	1	369	40	408	0.0	657
Ga0393519_04_8900_9268	CP000240.1:1128193-1128601|CDS|CYB_1093	99.458	369	2	0	1	369	40	408	0.0	657
Ga0393519_04_8900_9268	CP000240.1:2728785-2729193|CDS|CYB_2639	99.187	369	3	0	1	369	40	408	0.0	653
Ga0393519_04_8900_9268	CP000240.1:1839104-1839512|CDS|CYB_1755	98.916	369	4	0	1	369	40	408	0.0	648
Ga0393519_04_9265_9642	CP000240.1:2750456-2750834|CDS|CYB_2662	100.000	378	0	0	1	378	1	378	0.0	682
Ga0393519_04_9265_9642	CP000240.1:2571005-2571383|CDS|CYB_2474	100.000	378	0	0	1	378	1	378	0.0	682
Ga0393519_04_9265_9642	CP000240.1:2181774-2182152|CDS|CYB_2085	100.000	378	0	0	1	378	1	378	0.0	682
Ga0393519_04_9265_9642	CP000240.1:214818-215196|CDS|CYB_0204	100.000	378	0	0	1	378	1	378	0.0	682
Ga0393519_04_9265_9642	CP000240.1:66226-66604|CDS|CYB_0053	100.000	378	0	0	1	378	1	378	0.0	682
Ga0393519_04_9265_9642	CP000240.1:2692552-2692930|CDS|CYB_2592	99.735	378	1	0	1	378	1	378	0.0	678
Ga0393519_04_9265_9642	CP000240.1:2505500-2505878|CDS|CYB_2407	99.735	378	1	0	1	378	1	378	0.0	678
Ga0393519_04_9265_9642	CP000240.1:2354072-2354450|CDS|CYB_2250	99.735	378	1	0	1	378	1	378	0.0	678
Ga0393519_04_9265_9642	CP000240.1:2165300-2165678|CDS|CYB_2067	99.735	378	1	0	1	378	1	378	0.0	678
Ga0393519_04_9265_9642	CP000240.1:1839469-1839847|CDS|CYB_1756	99.735	378	1	0	1	378	1	378	0.0	678
Ga0393519_04_9265_9642	CP000240.1:1127858-1128236|CDS|CYB_1092	99.735	378	1	0	1	378	1	378	0.0	678
Ga0393519_04_9265_9642	CP000240.1:2728450-2728828|CDS|CYB_2638	99.471	378	2	0	1	378	1	378	0.0	673
Ga0393519_04_9265_9642	CP000240.1:1750510-1750888|CDS|CYB_1673	99.471	378	2	0	1	378	1	378	0.0	673
Ga0393519_04_9265_9642	CP000240.1:1639380-1639758|CDS|CYB_1567	99.471	378	2	0	1	378	1	378	0.0	673
Ga0393519_04_9265_9642	CP000240.1:1332515-1332893|CDS|CYB_1276	99.471	378	2	0	1	378	1	378	0.0	673
Ga0393519_04_9265_9642	CP000240.1:210424-210802|CDS|CYB_0197	99.471	378	2	0	1	378	1	378	0.0	673
Ga0393519_04_9830_10900	CP000240.1:2592796-2593801|CDS|CYB_2498	98.089	994	19	0	78	1071	12	1005	0.0	1708
Ga0393519_04_9830_10900	CP000239.1:442643-443633|CDS|CYA_0424	84.388	948	148	0	78	1025	3	950	0.0	1043
Ga0393519_04_10884_11339	CP000240.1:2593814-2594270|CDS|CYB_2499	95.175	456	22	0	1	456	1	456	0.0	724
Ga0393519_04_10884_11339	CP000239.1:442168-442621|CDS|CYA_0423	80.217	460	80	4	1	456	1	453	1.48e-115	412
Ga0393519_04_11546_12544	CP000240.1:2594548-2595538|CDS|CYB_2500	93.966	1011	28	2	1	999	1	990	0.0	1570
Ga0393519_04_11546_12544	CP000239.1:441168-442080|CDS|CYA_0422	81.506	903	126	5	1	902	1	863	0.0	891
Ga0393519_04_12573_13274	CP000240.1:2595566-2596268|CDS|CYB_2501	94.729	702	37	0	1	702	1	702	0.0	1100
Ga0393519_04_12573_13274	CP000239.1:440424-441165|CDS|CYA_0421	85.244	698	103	0	1	698	1	698	0.0	795
Ga0393519_04_13435_14868	CP000240.1:2596452-2597886|CDS|CYB_2502	99.163	1434	12	0	1	1434	1	1434	0.0	2533
Ga0393519_04_13435_14868	CP000239.1:438980-440414|CDS|CYA_0420	89.525	1432	150	0	1	1432	1	1432	0.0	1907
Ga0393519_05_59_1192	CP000240.1:2094867-2096001|CDS|CYB_1990	96.649	1134	38	0	1	1134	1	1134	0.0	1874
Ga0393519_05_1302_3026	CP000240.1:2096112-2097837|CDS|CYB_1991	97.681	1725	40	0	1	1725	1	1725	0.0	2931
Ga0393519_05_1302_3026	CP000239.1:1694020-1695745|CDS|CYA_1694	84.812	1725	262	0	1	1725	1	1725	0.0	1930
Ga0393519_05_3181_3915	CP000240.1:2098002-2098731|CDS|CYB_1992	96.845	729	23	0	7	735	1	729	0.0	1212
Ga0393519_05_3996_4964	CP000240.1:2098811-2099780|CDS|CYB_1993	95.679	972	36	2	1	969	1	969	0.0	1561
Ga0393519_05_3996_4964	CP000239.1:1690554-1691523|CDS|CYA_1691	85.981	963	135	0	1	963	1	963	0.0	1129
Ga0393519_05_5069_5800	CP000240.1:2099887-2100607|CDS|CYB_1994	95.417	720	33	0	13	732	1	720	0.0	1150
Ga0393519_05_5069_5800	CP000239.1:1689738-1690470|CDS|CYA_1690	85.656	732	105	0	1	732	1	732	0.0	847
Ga0393519_05_5808_7535	CP000240.1:2100626-2102354|CDS|CYB_1995	97.627	1728	41	0	1	1728	1	1728	0.0	2932
Ga0393519_05_5808_7535	CP000239.1:1688039-1689731|CDS|CYA_1689	79.113	1714	314	10	11	1714	11	1690	0.0	1472
Ga0393519_05_7528_8592	CP000240.1:2102346-2103408|CDS|CYB_1996	94.836	1065	52	1	1	1065	1	1062	0.0	1672
Ga0393519_05_7528_8592	CP000239.1:1686985-1688047|CDS|CYA_1688	78.058	1071	218	8	1	1064	1	1061	0.0	852
Ga0393519_05_8631_9974	CP000240.1:2103446-2104724|CDS|CYB_1997	98.748	1278	16	0	67	1344	1	1278	0.0	2233
Ga0393519_05_8631_9974	CP000239.1:405905-407195|CDS|CYA_0391	82.713	1290	211	2	67	1344	1	1290	0.0	1324
Ga0393519_05_10123_10311	CP000240.1:2104908-2105127|CDS|CYB_1998	100.000	188	0	0	2	189	32	219	2.94e-94	340
Ga0393519_05_10123_10311	CP000239.1:405518-405737|CDS|CYA_0390	88.770	187	21	0	2	188	32	218	6.08e-65	243
Ga0393519_05_10417_10767	CP000240.1:2105207-2105576|CDS|CYB_1999	95.415	349	13	1	6	351	21	369	4.16e-159	556
Ga0393519_05_10417_10767	CP000239.1:405099-405408|CDS|CYA_0389	81.230	309	58	0	43	351	1	309	6.19e-81	297
Ga0393519_05_11973_12647	CP000240.1:2106781-2107456|CDS|CYB_2001	96.889	675	21	0	1	675	1	675	0.0	1123
Ga0393519_05_11973_12647	CP000239.1:1920106-1920781|CDS|CYA_1910	88.156	667	79	0	7	673	7	673	0.0	847
Ga0393519_05_12855_13601	CP000240.1:2107663-2108410|CDS|CYB_2002	96.921	747	23	0	1	747	1	747	0.0	1244
Ga0393519_05_12855_13601	CP000239.1:1920941-1921688|CDS|CYA_1911	84.337	747	117	0	1	747	1	747	0.0	820
Ga0393519_06_788_1381	CP000240.1:2689153-2689921|CDS|CYB_2588	97.643	594	14	0	1	594	175	768	0.0	1009
Ga0393519_06_788_1381	CP000239.1:1202371-1203058|CDS|CYA_1188	85.835	593	84	0	1	593	94	686	0.0	691
Ga0393519_06_1727_2056	CP000240.1:2690053-2690422|CDS|CYB_2589	100.000	330	0	0	1	330	40	369	4.45e-171	596
Ga0393519_06_1727_2056	CP000239.1:1201813-1202182|CDS|CYA_1187	76.667	330	77	0	1	330	40	369	2.64e-66	249
Ga0393519_06_2534_3793	CP000240.1:2690914-2692159|CDS|CYB_2590	99.679	1245	4	0	16	1260	1	1245	0.0	2228
Ga0393519_06_2534_3793	CP000239.1:1200072-1201317|CDS|CYA_1186	89.550	1244	130	0	16	1259	1	1244	0.0	1658
Ga0393519_06_3822_4340	CP000240.1:2693000-2693519|CDS|CYB_2593	99.229	519	4	0	1	519	1	519	0.0	919
Ga0393519_06_4375_4902	CP000240.1:2693555-2694083|CDS|CYB_2594	98.674	528	7	0	1	528	1	528	0.0	921
Ga0393519_06_4375_4902	CP000239.1:1199236-1199788|CDS|CYA_1184	77.962	422	72	5	1	404	1	419	3.12e-93	339
Ga0393519_06_5087_6427	CP000240.1:2694267-2696505|CDS|CYB_2595	99.478	1341	6	1	1	1341	899	2238	0.0	2384
Ga0393519_06_7836_9797	CP000239.1:1193691-1195644|CDS|CYA_1179	83.597	1957	313	3	1	1956	1	1950	0.0	2076
Ga0393519_06_10352_10963	CP000240.1:2699498-2700143|CDS|CYB_2597	98.200	611	11	0	1	611	34	644	0.0	1053
Ga0393519_06_10352_10963	CP000239.1:1192570-1193215|CDS|CYA_1178	88.562	612	70	0	1	612	34	645	0.0	789
Ga0393519_06_10991_11971	CP000240.1:2700193-2701144|CDS|CYB_2598	99.579	951	4	0	31	981	1	951	0.0	1698
Ga0393519_06_11964_12263	CP000240.1:2701136-2701436|CDS|CYB_2599	98.322	298	5	0	1	298	1	298	1.08e-146	516
Ga0393519_06_11964_12263	CP000239.1:1191246-1191546|CDS|CYA_1176	89.262	298	32	0	1	298	1	298	2.54e-110	394
Ga0393519_07_451_1761	CP000240.1:1861855-1863166|CDS|CYB_1776	99.008	1311	13	0	1	1311	1	1311	0.0	2306
Ga0393519_07_451_1761	CP000239.1:235425-236730|CDS|CYA_0232	83.590	1298	207	1	1	1298	1	1292	0.0	1382
Ga0393519_07_1880_2497	CP000240.1:1861120-1861735|CDS|CYB_1775	99.675	615	2	0	4	618	1	615	0.0	1101
Ga0393519_07_1880_2497	CP000239.1:2571627-2572236|CDS|CYA_2551	81.411	581	108	0	38	618	29	609	1.78e-160	562
Ga0393519_07_2591_3178	CP000240.1:1860439-1861027|CDS|CYB_1774	96.259	588	22	0	1	588	1	588	0.0	962
Ga0393519_07_2591_3178	CP000239.1:2572192-2572879|CDS|CYA_2552	75.000	552	124	4	7	545	127	677	2.06e-102	369
Ga0393519_07_3350_5065	CP000240.1:1856513-1860257|CDS|CYB_1773	84.096	1704	245	9	1	1685	1	1697	0.0	1835
Ga0393519_07_3350_5065	CP000239.1:2573293-2576749|CDS|CYA_2553	77.163	1410	308	6	282	1678	3	1411	0.0	1077
Ga0393519_07_5050_5616	CP000239.1:1152933-1153500|CDS|CYA_1127	100.000	567	0	0	1	567	1	567	0.0	1023
Ga0393519_07_5050_5616	CP000239.1:1012514-1013081|CDS|CYA_0998	100.000	567	0	0	1	567	1	567	0.0	1023
Ga0393519_07_5050_5616	CP000239.1:2653692-2654259|CDS|CYA_2637	99.471	567	3	0	1	567	1	567	0.0	1010
Ga0393519_07_5050_5616	CP000239.1:1290362-1291310|CDS|CYA_1279	99.295	567	4	0	1	567	382	948	0.0	1005
Ga0393519_07_5050_5616	CP000239.1:2728909-2729476|CDS|CYA_2710	99.118	567	5	0	1	567	1	567	0.0	1001
Ga0393519_07_5050_5616	CP000239.1:1612111-1613059|CDS|CYA_1604	98.765	567	7	0	1	567	382	948	0.0	992
Ga0393519_07_5050_5616	CP000239.1:51699-52647|CDS|CYA_0053	98.765	567	7	0	1	567	382	948	0.0	992
Ga0393519_07_5050_5616	CP000239.1:1664315-1664882|CDS|CYA_1662	98.060	567	11	0	1	567	1	567	0.0	974
Ga0393519_07_5050_5616	CP000239.1:1368174-1368741|CDS|CYA_1360	98.060	567	11	0	1	567	1	567	0.0	974
Ga0393519_07_5050_5616	CP000239.1:1300214-1300781|CDS|CYA_1289	98.060	567	11	0	1	567	1	567	0.0	974
Ga0393519_07_5050_5616	CP000239.1:1321049-1321982|CDS|CYA_1311	97.350	566	0	1	2	567	383	933	0.0	963
Ga0393519_07_5050_5616	CP000239.1:2101215-2101767|CDS|CYA_2081	97.002	567	2	1	1	567	1	552	0.0	956
Ga0393519_07_5050_5616	CP000239.1:34936-35488|CDS|CYA_0038	96.649	567	4	1	1	567	1	552	0.0	947
Ga0393519_07_5050_5616	CP000239.1:2863003-2863513|CDS|CYA_2846	99.216	510	4	0	58	567	1	510	0.0	902
Ga0393519_07_5598_5996	CP000239.1:2728529-2728928|CDS|CYA_2709	99.499	399	2	0	1	399	1	399	0.0	711
Ga0393519_07_5598_5996	CP000239.1:1152553-1152952|CDS|CYA_1126	99.499	399	2	0	1	399	1	399	0.0	711
Ga0393519_07_5598_5996	CP000239.1:1013062-1013461|CDS|CYA_0999	99.499	399	2	0	1	399	1	399	0.0	711
Ga0393519_07_5598_5996	CP000239.1:34556-34955|CDS|CYA_0037	99.499	399	2	0	1	399	1	399	0.0	711
Ga0393519_07_5598_5996	CP000239.1:1290362-1291310|CDS|CYA_1279	99.500	400	1	1	1	399	1	400	0.0	710
Ga0393519_07_5598_5996	CP000239.1:1663935-1664334|CDS|CYA_1661	99.248	399	3	0	1	399	1	399	0.0	707
Ga0393519_07_5598_5996	CP000239.1:1300762-1301161|CDS|CYA_1291	99.248	399	3	0	1	399	1	399	0.0	707
Ga0393519_07_5598_5996	CP000239.1:1612111-1613059|CDS|CYA_1604	99.250	400	2	1	1	399	1	400	0.0	705
Ga0393519_07_5598_5996	CP000239.1:1321049-1321982|CDS|CYA_1311	99.250	400	2	1	1	399	1	400	0.0	705
Ga0393519_07_5598_5996	CP000239.1:51699-52647|CDS|CYA_0053	99.250	400	2	1	1	399	1	400	0.0	705
Ga0393519_07_5598_5996	CP000239.1:2862566-2862965|CDS|CYA_2845	98.997	399	4	0	1	399	1	399	0.0	702
Ga0393519_07_5598_5996	CP000239.1:1367794-1368193|CDS|CYA_1358	98.997	399	4	0	1	399	1	399	0.0	702
Ga0393519_07_5598_5996	CP000239.1:2740042-2740447|CDS|CYA_2722	98.997	399	3	1	1	399	1	398	0.0	699
Ga0393519_07_5598_5996	CP000239.1:2026942-2027347|CDS|CYA_2010	98.997	399	3	1	1	399	1	398	0.0	699
Ga0393519_07_5598_5996	CP000239.1:2654240-2654639|CDS|CYA_2639	98.747	399	5	0	1	399	1	399	0.0	698
Ga0393519_07_5598_5996	CP000239.1:2101748-2102147|CDS|CYA_2082	98.496	399	6	0	1	399	1	399	0.0	693
Ga0393519_07_6096_8081	CP000240.1:1856513-1860257|CDS|CYB_1773	91.538	2009	142	5	1	1986	1741	3744	0.0	2860
Ga0393519_07_6096_8081	CP000239.1:2573293-2576749|CDS|CYA_2553	78.571	2002	390	15	2	1979	1463	3449	0.0	1645
Ga0393519_07_11527_12099	CP000240.1:1855873-1856446|CDS|CYB_1771	97.033	573	17	0	1	573	1	573	0.0	957
Ga0393519_08_533_2395	CP000240.1:665041-666871|CDS|CYB_0651	99.617	1830	7	0	34	1863	1	1830	0.0	3269
Ga0393519_08_2594_3451	CP000240.1:667102-667960|CDS|CYB_0652	98.951	858	9	0	1	858	1	858	0.0	1508
Ga0393519_08_2594_3451	CP000239.1:1464768-1465722|CDS|CYA_1459	75.629	874	192	3	3	855	69	942	3.03e-178	622
Ga0393519_08_3708_4703	CP000240.1:668014-669001|CDS|CYB_0653	98.480	987	15	0	10	996	1	987	0.0	1713
Ga0393519_08_3708_4703	CP000239.1:1465839-1466739|CDS|CYA_1460	81.048	897	128	3	36	932	12	866	0.0	876
Ga0393519_08_4708_5076	CP000240.1:669014-669383|CDS|CYB_0654	99.458	369	2	0	1	369	1	369	0.0	657
Ga0393519_08_4708_5076	CP000239.1:1466742-1467078|CDS|CYA_1461	81.988	322	55	1	43	364	1	319	2.00e-87	318
Ga0393519_08_5260_6534	CP000240.1:669566-670841|CDS|CYB_0655	97.569	1275	31	0	1	1275	1	1275	0.0	2160
Ga0393519_08_5260_6534	CP000239.1:1467547-1468837|CDS|CYA_1462	85.370	1121	164	0	130	1250	148	1268	0.0	1283
Ga0393519_08_6581_7396	CP000240.1:670885-672040|CDS|CYB_0656	99.510	816	4	0	1	816	340	1155	0.0	1454
Ga0393519_08_6581_7396	CP000239.1:1468877-1469918|CDS|CYA_1463	82.843	816	137	1	4	816	226	1041	0.0	839
Ga0393519_08_8406_8684	CP000240.1:672562-672841|CDS|CYB_0659	96.057	279	11	0	1	279	1	279	2.86e-128	454
Ga0393519_08_8832_9872	CP000240.1:673291-674284|CDS|CYB_0660	99.496	993	5	0	49	1041	1	993	0.0	1769
Ga0393519_08_8832_9872	CP000239.1:1525395-1526391|CDS|CYA_1517	83.029	931	158	0	106	1036	34	964	0.0	967
Ga0393519_08_9878_10888	CP000240.1:674337-675297|CDS|CYB_0661	98.542	960	14	0	52	1011	1	960	0.0	1669
Ga0393519_08_9878_10888	CP000239.1:1524407-1525343|CDS|CYA_1515	80.783	869	143	2	79	947	1	845	0.0	828
Ga0393519_08_11487_12305	CP000240.1:675946-677032|CDS|CYB_0662	99.878	817	1	0	3	819	270	1086	0.0	1470
Ga0393519_08_11487_12305	CP000239.1:2651107-2652193|CDS|CYA_2635	86.536	817	110	0	3	819	270	1086	0.0	978
Ga0393519_09_16_732	CP000240.1:1369404-1370121|CDS|CYB_1306	97.768	717	16	0	1	717	1	717	0.0	1222
Ga0393519_09_16_732	CP000239.1:578721-579414|CDS|CYA_0565	75.417	720	140	8	1	710	1	693	2.07e-141	499
Ga0393519_09_807_2501	CP000240.1:1370138-1371857|CDS|CYB_1307	96.871	1662	52	0	1	1662	1	1662	0.0	2764
Ga0393519_09_807_2501	CP000239.1:579513-581181|CDS|CYA_0566	88.665	1588	180	0	29	1616	29	1616	0.0	2053
Ga0393519_09_2491_2862	CP000240.1:1371846-1372218|CDS|CYB_1308	97.043	372	11	0	1	372	1	372	1.27e-178	622
Ga0393519_09_2491_2862	CP000239.1:581170-581542|CDS|CYA_0567	83.333	372	62	0	1	372	1	372	1.11e-109	392
Ga0393519_09_3329_4249	CP000240.1:1372686-1373607|CDS|CYB_1309	98.914	921	10	0	1	921	1	921	0.0	1617
Ga0393519_09_3329_4249	CP000239.1:581830-582655|CDS|CYA_0568	84.577	804	120	2	97	898	1	802	0.0	886
Ga0393519_09_4410_6134	CP000240.1:1373767-1375492|CDS|CYB_1310	98.145	1725	32	0	1	1725	1	1725	0.0	2967
Ga0393519_09_4410_6134	CP000239.1:582702-584529|CDS|CYA_0569	85.432	1723	251	0	3	1725	105	1827	0.0	1976
Ga0393519_09_6576_6857	CP000240.1:1375773-1376055|CDS|CYB_1311	95.730	281	12	0	1	281	1	281	2.89e-128	453
Ga0393519_09_6576_6857	CP000239.1:584809-585091|CDS|CYA_0570	88.652	282	32	0	1	282	1	282	1.15e-101	365
Ga0393519_09_7309_8076	CP000240.1:1376500-1377226|CDS|CYB_1313	97.107	726	21	0	43	768	1	726	0.0	1215
Ga0393519_09_7309_8076	CP000239.1:585521-586202|CDS|CYA_0572	77.974	681	150	0	88	768	1	681	1.15e-157	553
Ga0393519_09_8076_8366	CP000240.1:1377267-1377837|CDS|CYB_1314	98.969	291	3	0	1	291	280	570	1.27e-145	512
Ga0393519_09_8076_8366	CP000239.1:586288-586831|CDS|CYA_0573	81.979	283	51	0	1	283	253	535	3.91e-76	281
Ga0393519_09_8736_8987	CP000240.1:1377926-1378178|CDS|CYB_1315	99.206	252	2	0	1	252	1	252	3.80e-126	446
Ga0393519_09_9235_9582	CP000240.1:1378425-1378770|CDS|CYB_1316	98.261	345	6	0	4	348	1	345	4.72e-171	596
Ga0393519_09_9235_9582	CP000239.1:1151588-1151933|CDS|CYA_1125	83.478	345	55	2	4	347	1	344	2.15e-99	359
Ga0393519_09_9956_10759	CP000240.1:1379590-1380676|CDS|CYB_1318	98.881	804	9	0	1	804	283	1086	0.0	1410
Ga0393519_09_9956_10759	CP000239.1:2291816-2293013|CDS|CYA_2289	88.250	800	94	0	1	800	391	1190	0.0	1020
Ga0393519_10_756_1697	CP000240.1:449716-450658|CDS|CYB_0441	97.771	942	21	0	1	942	1	942	0.0	1605
Ga0393519_10_1995_2309	CP000240.1:449104-449419|CDS|CYB_0439	98.730	315	4	0	1	315	1	315	1.58e-157	551
Ga0393519_10_1995_2309	CP000239.1:1151169-1151457|CDS|CYA_1124	85.971	278	38	1	25	302	1	277	1.39e-88	323
Ga0393519_10_2313_3059	CP000240.1:448354-449101|CDS|CYB_0438	99.598	747	3	0	1	747	1	747	0.0	1334
Ga0393519_10_2313_3059	CP000239.1:1150394-1151141|CDS|CYA_1123	86.193	746	103	0	1	746	1	746	0.0	882
Ga0393519_10_3136_3987	CP000240.1:447348-448278|CDS|CYB_0437	99.061	852	8	0	1	852	79	930	0.0	1501
Ga0393519_10_3136_3987	CP000239.1:1149395-1150319|CDS|CYA_1122	85.301	830	122	0	1	830	79	908	0.0	948
Ga0393519_10_4451_4960	CP000240.1:446480-446954|CDS|CYB_0436	98.945	474	5	0	37	510	1	474	0.0	833
Ga0393519_10_4451_4960	CP000239.1:1286274-1286754|CDS|CYA_1271	79.958	474	87	3	37	503	1	473	3.21e-118	421
Ga0393519_10_4995_5552	CP000240.1:445853-446411|CDS|CYB_0435	99.281	556	4	0	1	556	1	556	0.0	985
Ga0393519_10_4995_5552	CP000239.1:1286821-1287379|CDS|CYA_1272	87.410	556	70	0	1	556	1	556	0.0	688
Ga0393519_10_5589_6296	CP000240.1:445109-445817|CDS|CYB_0434	98.729	708	9	0	1	708	1	708	0.0	1237
Ga0393519_10_5589_6296	CP000239.1:1287415-1288099|CDS|CYA_1273	81.709	667	116	2	1	664	1	664	0.0	650
Ga0393519_10_6395_7459	CP000240.1:443946-445011|CDS|CYB_0433	99.531	1065	5	0	1	1065	1	1065	0.0	1899
Ga0393519_10_6395_7459	CP000240.1:384572-385637|CDS|CYB_0371	99.531	1065	5	0	1	1065	1	1065	0.0	1899
Ga0393519_10_6395_7459	CP000239.1:1814549-1815614|CDS|CYA_1811	92.864	1065	76	0	1	1065	1	1065	0.0	1579
Ga0393519_10_6395_7459	CP000239.1:1850153-1851218|CDS|CYA_1849	92.662	1063	78	0	1	1063	1	1063	0.0	1566
Ga0393519_10_6395_7459	CP000239.1:1288197-1289262|CDS|CYA_1274	92.286	1063	82	0	1	1063	1	1063	0.0	1548
Ga0393519_10_6395_7459	CP000240.1:226513-227569|CDS|CYB_0216	74.101	946	236	5	58	997	67	1009	7.80e-168	588
Ga0393519_10_6395_7459	CP000239.1:1753540-1754599|CDS|CYA_1748	72.617	986	255	8	58	1034	67	1046	3.54e-153	539
Ga0393519_10_7600_8736	CP000240.1:442669-443806|CDS|CYB_0432	98.065	1137	22	0	1	1137	1	1137	0.0	1952
Ga0393519_10_7600_8736	CP000239.1:1815753-1816890|CDS|CYA_1812	97.625	1137	27	0	1	1137	1	1137	0.0	1929
Ga0393519_10_7600_8736	CP000239.1:1851391-1852504|CDS|CYA_1850	81.706	1137	184	5	1	1137	1	1113	0.0	1113
Ga0393519_11_2_604	CP000240.1:2418299-2418983|CDS|CYB_2307	100.000	603	0	0	1	603	82	684	0.0	1088
Ga0393519_11_2_604	CP000239.1:824514-825198|CDS|CYA_0813	86.401	603	82	0	1	603	82	684	0.0	719
Ga0393519_11_847_1086	CP000240.1:2419212-2419452|CDS|CYB_2308	99.167	240	2	0	1	240	1	240	1.18e-119	425
Ga0393519_11_847_1086	CP000239.1:151960-152200|CDS|CYA_0155	86.854	213	28	0	28	240	28	240	1.03e-69	259
Ga0393519_11_1183_1692	CP000240.1:2419548-2421423|CDS|CYB_2309	99.412	510	3	0	1	510	1366	1875	0.0	907
Ga0393519_11_1183_1692	CP000239.1:154077-154842|CDS|CYA_0157	89.183	416	45	0	27	442	321	736	3.20e-156	548
Ga0393519_11_1912_2040	CP000240.1:2419548-2421423|CDS|CYB_2309	98.039	102	2	0	7	108	1255	1356	4.78e-45	176
Ga0393519_11_2625_4976	CP000240.1:2410494-2413935|CDS|CYB_2303	98.278	2323	40	0	30	2352	1119	3441	0.0	4010
Ga0393519_11_2625_4976	CP000239.1:2467679-2471015|CDS|CYA_2459	92.222	2250	175	0	30	2279	1050	3299	0.0	3269
Ga0393519_11_5021_6652	CP000240.1:2413979-2415611|CDS|CYB_2304	98.284	1632	28	0	1	1632	1	1632	0.0	2818
Ga0393519_11_5021_6652	CP000239.1:1986509-1988141|CDS|CYA_1969	87.669	1630	201	0	1	1630	1	1630	0.0	2034
Ga0393519_11_6792_8078	CP000240.1:2415750-2417037|CDS|CYB_2305	97.047	1287	38	0	1	1287	1	1287	0.0	2150
Ga0393519_11_6792_8078	CP000239.1:2193985-2195272|CDS|CYA_2178	89.044	1287	141	0	1	1287	1	1287	0.0	1686
Ga0393519_11_8098_9108	CP000240.1:2417062-2418073|CDS|CYB_2306	96.439	1011	34	2	1	1010	1	1010	0.0	1654
Ga0393519_11_8098_9108	CP000239.1:2195309-2196320|CDS|CYA_2179	85.487	1006	144	2	1	1005	1	1005	0.0	1150
Ga0393519_12_336_1514	CP000240.1:1491836-1493015|CDS|CYB_1423	97.880	1179	25	0	1	1179	1	1179	0.0	2014
Ga0393519_12_1568_3064	CP000240.1:1493068-1494565|CDS|CYB_1424	98.464	1497	23	0	1	1497	1	1497	0.0	2597
Ga0393519_12_1568_3064	CP000239.1:1126033-1127491|CDS|CYA_1101	77.785	1481	265	10	7	1485	31	1449	0.0	1201
Ga0393519_12_3202_4512	CP000240.1:1494722-1496033|CDS|CYB_1425	98.932	1311	14	0	1	1311	1	1311	0.0	2302
Ga0393519_12_3202_4512	CP000239.1:1124635-1125982|CDS|CYA_1100	82.998	1294	210	5	19	1310	61	1346	0.0	1329
Ga0393519_12_4717_5523	CP000240.1:1496237-1497014|CDS|CYB_1426	98.198	777	14	0	31	807	1	777	0.0	1339
Ga0393519_12_4717_5523	CP000239.1:16200-16965|CDS|CYA_0016	83.146	712	108	4	69	774	39	744	0.0	737
Ga0393519_12_5773_6420	CP000240.1:1497272-1497911|CDS|CYB_1428	93.887	638	18	1	1	638	22	638	0.0	990
Ga0393519_12_5773_6420	CP000239.1:17165-17786|CDS|CYA_0018	82.658	617	77	2	1	608	1	596	0.0	649
Ga0393519_12_6343_7149	CP000240.1:1497842-1498625|CDS|CYB_1427	95.043	807	16	1	1	807	1	783	0.0	1293
Ga0393519_12_6343_7149	CP000239.1:17768-18500|CDS|CYA_0017	84.454	714	105	2	1	711	1	711	0.0	784
Ga0393519_12_7336_8352	CP000240.1:1498812-1499829|CDS|CYB_1429	98.328	1017	17	0	1	1017	1	1017	0.0	1758
Ga0393519_12_7336_8352	CP000239.1:18688-19720|CDS|CYA_0020	86.772	1013	131	1	1	1013	1	1010	0.0	1222
Ga0393519_12_8412_9305	CP000240.1:1499888-1501235|CDS|CYB_1430	97.651	894	21	0	1	894	454	1347	0.0	1518
Ga0393519_13_30_137	CP000240.1:2044259-2045837|CDS|CYB_1949	99.074	108	1	0	1	108	1471	1578	1.75e-49	191
Ga0393519_13_306_755	CP000240.1:2045912-2046455|CDS|CYB_1950	99.778	450	1	0	1	450	94	543	0.0	808
Ga0393519_13_306_755	CP000239.1:1104813-1105416|CDS|CYA_1083	82.857	455	68	2	1	446	94	547	6.18e-133	470
Ga0393519_13_1103_1822	CP000240.1:2046847-2047522|CDS|CYB_1951	99.704	675	2	0	46	720	1	675	0.0	1209
Ga0393519_13_1103_1822	CP000239.1:1105628-1106477|CDS|CYA_1084	69.001	771	143	14	4	717	112	843	1.50e-92	337
Ga0393519_13_8246_8713	CP000240.1:1446804-1447272|CDS|CYB_1376	98.718	468	6	0	1	468	1	468	0.0	818
Ga0393519_13_8246_8713	CP000239.1:2309628-2310096|CDS|CYA_2305	86.111	468	65	0	1	468	1	468	2.40e-157	552
Ga0393519_14_870_1328	CP000240.1:2957575-2958127|CDS|CYB_2860	97.603	459	11	0	1	459	94	552	0.0	779
Ga0393519_14_1514_2005	CP000240.1:2956991-2957483|CDS|CYB_2859	97.561	492	12	0	1	492	1	492	0.0	834
Ga0393519_14_1514_2005	CP000239.1:1055744-1056233|CDS|CYA_1037	87.169	491	60	1	1	491	1	488	5.57e-172	600
Ga0393519_14_2318_2785	CP000240.1:2956211-2956679|CDS|CYB_2858	97.650	468	11	0	1	468	1	468	0.0	795
Ga0393519_14_2318_2785	CP000239.1:1055039-1055432|CDS|CYA_1035	79.449	399	64	3	73	468	10	393	1.25e-97	353
Ga0393519_14_3016_4086	CP000240.1:2954904-2955939|CDS|CYB_2857	98.068	1035	20	0	37	1071	1	1035	0.0	1777
Ga0393519_14_3016_4086	CP000239.1:1052606-1053632|CDS|CYA_1034	85.894	1035	137	1	37	1071	1	1026	0.0	1213
Ga0393519_14_4232_5614	CP000240.1:2953376-2954759|CDS|CYB_2855	98.120	1383	26	0	1	1383	1	1383	0.0	2378
Ga0393519_14_4232_5614	CP000239.1:1051099-1052437|CDS|CYA_1032	76.235	1376	243	8	15	1366	3	1318	0.0	1048
Ga0393519_14_5611_6354	CP000240.1:2952636-2953380|CDS|CYB_2856	99.731	744	2	0	1	744	1	744	0.0	1333
Ga0393519_14_5611_6354	CP000239.1:1050353-1051103|CDS|CYA_1033	87.067	750	91	1	1	744	1	750	0.0	917
Ga0393519_14_6729_7631	CP000240.1:2951359-2952262|CDS|CYB_2854	99.336	903	6	0	1	903	1	903	0.0	1602
Ga0393519_14_6729_7631	CP000239.1:1049193-1050096|CDS|CYA_1031	85.382	903	132	0	1	903	1	903	0.0	1034
Ga0393519_15_1609_1989	CP000240.1:14051-14774|CDS|CYB_0012	99.658	292	1	0	1	292	1	292	9.36e-149	523
Ga0393519_15_1946_2263	CP000240.1:14051-14774|CDS|CYB_0012	100.000	318	0	0	1	318	406	723	1.40e-164	574
Ga0393519_15_2447_3451	CP000240.1:12863-13868|CDS|CYB_0011	99.005	1005	10	0	1	1005	1	1005	0.0	1768
Ga0393519_15_2447_3451	CP000240.1:1540612-1541620|CDS|CYB_1465	63.797	790	263	9	108	884	117	896	3.59e-26	116
Ga0393519_15_3592_4926	CP000240.1:10812-12723|CDS|CYB_0009	99.627	1340	0	1	1	1335	1	1340	0.0	2395
Ga0393519_15_4901_5497	CP000240.1:10812-12723|CDS|CYB_0009	99.003	602	1	1	1	597	1310	1911	0.0	1059
Ga0393519_16_73_603	CP000240.1:2348390-2348912|CDS|CYB_2243	98.851	522	6	0	10	531	1	522	0.0	915
Ga0393519_16_73_603	CP000239.1:254427-254949|CDS|CYA_0251	87.695	512	63	0	10	521	1	512	0.0	640
Ga0393519_16_1116_2309	CP000240.1:2619921-2621115|CDS|CYB_2521	93.473	1195	76	2	1	1194	1	1194	0.0	1797
Ga0393519_16_1116_2309	CP000239.1:994256-995468|CDS|CYA_0981	93.121	1192	82	0	1	1192	1	1192	0.0	1781
Ga0393519_16_1116_2309	CP000240.1:2661652-2662870|CDS|CYB_2557	91.708	1218	77	1	1	1194	1	1218	0.0	1759
Ga0393519_16_1116_2309	CP000240.1:1267756-1268992|CDS|CYB_1227	91.865	1217	73	3	1	1192	1	1216	0.0	1759
Ga0393519_16_1116_2309	CP000240.1:605550-606744|CDS|CYB_0598	92.379	1194	91	0	1	1194	1	1194	0.0	1744
Ga0393519_16_1116_2309	CP000240.1:2933473-2934709|CDS|CYB_2835	91.208	1217	81	3	1	1192	1	1216	0.0	1723
Ga0393519_16_1116_2309	CP000240.1:629484-630702|CDS|CYB_0620	90.887	1218	87	1	1	1194	1	1218	0.0	1714
Ga0393519_16_1116_2309	CP000239.1:629980-631174|CDS|CYA_0620	91.792	1194	98	0	1	1194	1	1194	0.0	1712
Ga0393519_16_1116_2309	CP000240.1:1244785-1246021|CDS|CYB_1201	90.789	1216	88	1	1	1192	1	1216	0.0	1706
Ga0393519_16_1116_2309	CP000240.1:1842322-1843549|CDS|CYB_1759	90.864	1204	86	1	1	1180	1	1204	0.0	1693
Ga0393519_16_1116_2309	CP000239.1:698055-699204|CDS|CYA_0690	91.623	1146	72	1	1	1122	1	1146	0.0	1652
Ga0393519_16_1116_2309	CP000240.1:1316312-1317548|CDS|CYB_1259	89.309	1216	106	1	1	1192	1	1216	0.0	1625
Ga0393519_16_1116_2309	CP000240.1:241642-242836|CDS|CYB_0233	91.961	1132	89	2	1	1131	1	1131	0.0	1625
Ga0393519_16_1116_2309	CP000239.1:893439-894633|CDS|CYA_0887	91.971	1121	90	0	1	1121	1	1121	0.0	1617
Ga0393519_16_1116_2309	CP000240.1:481588-482800|CDS|CYB_0472	90.109	1193	116	2	1	1192	1	1192	0.0	1613
Ga0393519_16_1116_2309	CP000240.1:2565689-2566883|CDS|CYB_2468	91.247	1131	99	0	1	1131	1	1131	0.0	1594
Ga0393519_16_1116_2309	CP000240.1:345730-346924|CDS|CYB_0329	90.805	1131	104	0	1	1131	1	1131	0.0	1572
Ga0393519_16_1116_2309	CP000240.1:1384265-1385459|CDS|CYB_1322	89.920	1131	114	0	1	1131	1	1131	0.0	1526
Ga0393519_16_1116_2309	CP000239.1:774779-775973|CDS|CYA_0767	88.191	1194	141	0	1	1194	1	1194	0.0	1518
Ga0393519_16_1116_2309	CP000240.1:2644164-2645358|CDS|CYB_2538	87.940	1194	144	0	1	1194	1	1194	0.0	1505
Ga0393519_16_1116_2309	CP000240.1:1015074-1016268|CDS|CYB_0979	89.390	1131	120	0	1	1131	1	1131	0.0	1499
Ga0393519_16_1116_2309	CP000240.1:1803089-1804283|CDS|CYB_1722	87.605	1194	148	0	1	1194	1	1194	0.0	1487
Ga0393519_16_1116_2309	CP000240.1:1190675-1191869|CDS|CYB_1151	87.364	1195	149	2	1	1194	1	1194	0.0	1468
Ga0393519_16_1116_2309	CP000240.1:638632-639850|CDS|CYB_0630	86.371	1218	142	1	1	1194	1	1218	0.0	1466
Ga0393519_16_1116_2309	CP000239.1:2170714-2171908|CDS|CYA_2158	87.102	1194	154	0	1	1194	1	1194	0.0	1460
Ga0393519_16_1116_2309	CP000240.1:2168360-2169515|CDS|CYB_2071	88.417	1131	131	0	1	1131	1	1131	0.0	1450
Ga0393519_16_1116_2309	CP000240.1:1521392-1522610|CDS|CYB_1450	85.961	1218	147	1	1	1194	1	1218	0.0	1443
Ga0393519_16_1116_2309	CP000240.1:1064975-1066169|CDS|CYB_1023	86.767	1194	158	0	1	1194	1	1194	0.0	1442
Ga0393519_16_1116_2309	CP000240.1:2796782-2798000|CDS|CYB_2707	85.796	1218	149	1	1	1194	1	1218	0.0	1434
Ga0393519_16_1116_2309	CP000240.1:3008652-3009870|CDS|CYB_2910	85.632	1218	151	1	1	1194	1	1218	0.0	1425
Ga0393519_16_1116_2309	CP000240.1:1954838-1956056|CDS|CYB_1872	85.726	1219	148	3	1	1194	1	1218	0.0	1425
Ga0393519_16_1116_2309	CP000240.1:52430-53648|CDS|CYB_0041	85.468	1218	153	1	1	1194	1	1218	0.0	1416
Ga0393519_16_1116_2309	CP000240.1:1083184-1084426|CDS|CYB_1042	84.461	1242	145	2	1	1194	1	1242	0.0	1405
Ga0393519_16_1116_2309	CP000239.1:712444-713638|CDS|CYA_0704	86.192	1195	163	2	1	1194	1	1194	0.0	1405
Ga0393519_16_1116_2309	CP000240.1:1358129-1359347|CDS|CYB_1297	85.057	1218	158	1	1	1194	1	1218	0.0	1394
Ga0393519_16_1116_2309	CP000240.1:2553363-2554557|CDS|CYB_2454	85.762	1194	170	0	1	1194	1	1194	0.0	1388
Ga0393519_16_1116_2309	CP000240.1:2210858-2212052|CDS|CYB_2117	85.774	1195	168	2	1	1194	1	1194	0.0	1382
Ga0393519_16_1116_2309	CP000239.1:1594889-1596107|CDS|CYA_1585	86.926	1132	146	2	1	1131	1	1131	0.0	1368
Ga0393519_16_1116_2309	CP000240.1:2247371-2248565|CDS|CYB_2147	86.484	1132	151	2	1	1131	1	1131	0.0	1345
Ga0393519_16_1116_2309	CP000240.1:2830275-2831565|CDS|CYB_2735	82.258	1240	155	3	1	1192	1	1223	0.0	1290
Ga0393519_16_1116_2309	CP000240.1:102811-104029|CDS|CYB_0087	81.905	1155	185	1	1	1131	1	1155	0.0	1159
Ga0393519_16_1116_2309	CP000240.1:2506708-2507857|CDS|CYB_2410	77.905	1136	129	6	1	1015	1	1135	0.0	1001
Ga0393519_16_1116_2309	CP000240.1:2219258-2220470|CDS|CYB_2126	78.482	1199	244	7	1	1192	1	1192	0.0	981
Ga0393519_16_1116_2309	CP000239.1:693322-694534|CDS|CYA_0687	78.315	1199	246	7	1	1192	1	1192	0.0	972
Ga0393519_16_1116_2309	CP000240.1:2128026-2129220|CDS|CYB_2026	78.100	1137	237	7	1	1131	1	1131	0.0	908
Ga0393519_16_1116_2309	CP000240.1:1763450-1764623|CDS|CYB_1688	77.788	1139	237	9	1	1131	1	1131	0.0	888
Ga0393519_16_1116_2309	CP000240.1:1917270-1918464|CDS|CYB_1826	77.173	1139	244	9	1	1131	1	1131	0.0	856
Ga0393519_16_1116_2309	CP000239.1:88305-89487|CDS|CYA_0091	75.712	1124	243	7	1	1115	1	1103	0.0	792
Ga0393519_16_2407_2940	CP000240.1:124059-124593|CDS|CYB_0109	99.625	534	2	0	1	534	1	534	0.0	955
Ga0393519_16_2407_2940	CP000239.1:1951109-1951634|CDS|CYA_1940	84.082	534	76	1	1	534	1	525	4.66e-167	584
Ga0393519_16_3143_3271	CP000240.1:124795-124924|CDS|CYB_0110	99.225	129	1	0	1	129	1	129	8.64e-61	229
Ga0393519_16_3804_4343	CP000240.1:125416-126004|CDS|CYB_0111	97.778	540	12	0	1	540	49	588	0.0	921
Ga0393519_16_3804_4343	CP000239.1:2868879-2869464|CDS|CYA_2853	82.913	515	85	1	1	515	49	560	2.61e-151	531
Ga0393519_16_4530_5312	CP000240.1:126235-127117|CDS|CYB_0112	97.829	783	17	0	1	783	100	882	0.0	1336
Ga0393519_16_4530_5312	CP000239.1:2867887-2868757|CDS|CYA_2852	86.483	762	103	0	1	762	76	837	0.0	911
Ga0393519_16_5457_6107	CP000240.1:127261-127912|CDS|CYB_0113	94.316	651	37	0	1	651	1	651	0.0	1008
Ga0393519_16_5457_6107	CP000239.1:2864614-2865265|CDS|CYA_2849	88.462	650	75	0	1	650	1	650	0.0	835
Ga0393519_16_6210_6779	CP000240.1:128096-128666|CDS|CYB_0114	93.860	570	35	0	1	570	1	570	0.0	871
Ga0393519_16_6210_6779	CP000239.1:2863853-2864408|CDS|CYA_2848	86.083	503	64	1	62	564	53	549	9.64e-170	593
Ga0393519_17_15_293	CP000240.1:1046131-1046998|CDS|CYB_1006	97.491	279	7	0	1	279	589	867	1.07e-133	472
Ga0393519_17_15_293	CP000239.1:2744658-2745534|CDS|CYA_2729	78.755	273	52	1	1	273	589	855	1.70e-61	233
Ga0393519_17_357_1655	CP000240.1:1044769-1046068|CDS|CYB_1005	97.768	1299	29	0	1	1299	1	1299	0.0	2213
Ga0393519_17_2035_2619	CP000240.1:1043799-1044384|CDS|CYB_1002	98.462	585	9	0	1	585	1	585	0.0	1015
Ga0393519_17_2035_2619	CP000239.1:1098939-1099530|CDS|CYA_1078	84.821	560	81	2	1	558	1	558	2.04e-178	622
Ga0393519_17_2613_4472	CP000240.1:1041946-1043806|CDS|CYB_1003	98.010	1859	37	0	1	1859	1	1859	0.0	3186
Ga0393519_17_2613_4472	CP000239.1:1097086-1098946|CDS|CYA_1079	85.960	1859	261	0	1	1859	1	1859	0.0	2177
Ga0393519_17_4580_5827	CP000240.1:1040369-1041839|CDS|CYB_1001	96.635	1248	42	0	1	1248	223	1470	0.0	2062
Ga0393519_17_4580_5827	CP000239.1:1095620-1096982|CDS|CYA_1077	89.003	1173	129	0	1	1173	139	1311	0.0	1535
Ga0393519_17_6048_6767	CP000240.1:1039633-1040269|CDS|CYB_1000	97.484	636	16	0	85	720	1	636	0.0	1076
Ga0393519_17_6048_6767	CP000239.1:1094788-1095538|CDS|CYA_1076	73.071	661	164	6	51	704	69	722	1.71e-104	376
Ga0393519_17_6949_7398	CP000240.1:1039002-1039398|CDS|CYB_0999	93.687	396	25	0	55	450	1	396	1.45e-172	602
Ga0393519_17_6949_7398	CP000239.1:1094295-1094745|CDS|CYA_1075	85.246	366	54	0	81	446	81	446	3.42e-117	417
Ga0393519_18_33_458	CP000239.1:2623805-2624840|CDS|CYA_2606	100.000	426	0	0	1	426	610	1035	0.0	769
Ga0393519_18_33_458	CP000240.1:2373427-2374462|CDS|CYB_2268	96.714	426	14	0	1	426	610	1035	0.0	706
Ga0393519_18_515_1024	CP000239.1:2623239-2623749|CDS|CYA_2605	99.804	510	1	0	1	510	1	510	0.0	916
Ga0393519_18_515_1024	CP000240.1:2372844-2373354|CDS|CYB_2267	92.353	510	39	0	1	510	1	510	0.0	745
Ga0393519_18_1490_1667	CP000240.1:2371216-2372797|CDS|CYB_2266	99.435	177	1	0	2	178	594	418	1.09e-86	315
Ga0393519_18_1490_1667	CP000239.1:2621610-2623191|CDS|CYA_2604	90.395	177	17	0	2	178	594	418	5.68e-65	243
Ga0393519_18_1667_2653	CP000240.1:2371216-2372797|CDS|CYB_2266	94.016	986	59	0	2	987	596	1581	0.0	1513
Ga0393519_18_1667_2653	CP000239.1:2621610-2623191|CDS|CYA_2604	91.768	984	81	0	2	985	596	1579	0.0	1410
Ga0393519_18_2891_3634	CP000240.1:2370235-2370979|CDS|CYB_2265	99.597	744	3	0	1	744	1	744	0.0	1329
Ga0393519_18_2891_3634	CP000239.1:2620695-2621439|CDS|CYA_2603	86.761	710	94	0	1	710	1	710	0.0	857
Ga0393519_18_3823_4254	CP000240.1:2369615-2370020|CDS|CYB_2264	100.000	403	0	0	28	430	1	403	0.0	728
Ga0393519_18_3823_4254	CP000239.1:2580598-2581003|CDS|CYA_2556	80.893	403	77	0	28	430	1	403	8.24e-106	380
Ga0393519_18_4408_5895	CP000240.1:260888-262250|CDS|CYB_0247	94.296	1385	55	1	2	1386	2	1362	0.0	2159
Ga0393519_18_4408_5895	CP000240.1:369858-371220|CDS|CYB_0353	94.156	1386	57	1	1	1386	1	1362	0.0	2152
Ga0393519_18_4408_5895	CP000240.1:3023196-3024534|CDS|CYB_2925	93.001	1386	49	1	1	1386	1	1338	0.0	2102
Ga0393519_18_4408_5895	CP000240.1:842717-843944|CDS|CYB_0814	95.599	1227	54	0	1	1227	1	1227	0.0	1970
Ga0393519_18_4408_5895	CP000240.1:2804325-2806095|CDS|CYB_2714	96.131	1189	46	0	1	1189	1	1189	0.0	1938
Ga0393519_18_4408_5895	CP000240.1:2368187-2369462|CDS|CYB_2263	96.047	1189	47	0	1	1189	1	1189	0.0	1933
Ga0393519_18_4408_5895	CP000240.1:532981-534160|CDS|CYB_0518	97.108	1141	33	0	1	1141	1	1141	0.0	1910
Ga0393519_18_5944_7020	CP000240.1:259658-260738|CDS|CYB_0246	97.407	1080	25	1	1	1077	1	1080	0.0	1820
Ga0393519_18_5944_7020	CP000239.1:496452-497505|CDS|CYA_0478	79.851	1072	184	12	1	1068	1	1044	0.0	935
Ga0393519_19_1433_2179	CP000240.1:1870498-1871242|CDS|CYB_1784	95.822	742	31	0	1	742	1	742	0.0	1199
Ga0393519_19_1433_2179	CP000239.1:243359-244130|CDS|CYA_0240	89.171	748	74	4	1	745	1	744	0.0	973
Ga0393519_19_2190_3749	CP000240.1:1868928-1870488|CDS|CYB_1783	95.449	1560	71	0	1	1560	1	1560	0.0	2494
Ga0393519_19_4103_4840	CP000240.1:1867813-1868575|CDS|CYB_1782	99.864	738	1	0	1	738	25	762	0.0	1327
Ga0393519_19_4103_4840	CP000239.1:240855-241740|CDS|CYA_0238	77.747	728	150	6	1	722	112	833	5.02e-162	567
Ga0393519_19_4918_5769	CP000240.1:1866869-1867760|CDS|CYB_1781	92.480	891	19	1	10	852	1	891	0.0	1344
Ga0393519_19_5944_6492	CP000240.1:1865922-1866687|CDS|CYB_1780	94.595	555	24	1	1	549	211	765	0.0	867
Ga0393519_19_5944_6492	CP000239.1:239219-240008|CDS|CYA_0236	82.556	579	71	2	1	549	211	789	4.21e-174	608
Ga0393519_19_6894_8093	CP000240.1:1864407-1865727|CDS|CYB_1779	97.500	1200	30	0	1	1200	121	1320	0.0	2030
Ga0393519_19_6894_8093	CP000239.1:237765-239034|CDS|CYA_0235	86.649	1101	147	0	1	1101	121	1221	0.0	1324
Ga0393519_20_25_1146	CP000239.1:467762-469085|CDS|CYA_0448	92.870	1122	53	3	1	1122	229	1323	0.0	1674
Ga0393519_20_25_1146	CP000240.1:824572-825922|CDS|CYB_0798	92.444	1125	79	2	1	1122	229	1350	0.0	1643
Ga0393519_20_1139_1783	CP000239.1:469077-469722|CDS|CYA_0449	86.314	643	88	0	1	643	1	643	0.0	764
Ga0393519_20_1879_2133	CP000240.1:1606418-1608770|CDS|CYB_1530	84.932	219	20	2	49	255	2352	2135	5.73e-67	250
Ga0393519_20_2273_2716	CP000240.1:827053-827497|CDS|CYB_0800	94.144	444	26	0	1	444	1	444	0.0	684
Ga0393519_20_2273_2716	CP000240.1:2192897-2193341|CDS|CYB_2098	75.626	439	105	2	7	444	7	444	1.87e-82	303
Ga0393519_20_2840_3769	CP000240.1:827617-828547|CDS|CYB_0801	98.599	928	13	0	1	928	1	928	0.0	1616
Ga0393519_20_4074_5534	CP000240.1:828855-830316|CDS|CYB_0803	97.604	1461	35	0	1	1461	1	1461	0.0	2478
Ga0393519_20_4074_5534	CP000239.1:310545-312012|CDS|CYA_0303	81.250	1456	268	3	1	1455	1	1452	0.0	1387
Ga0393519_20_5547_5831	CP000240.1:830328-830916|CDS|CYB_0804	100.000	285	0	0	1	285	304	588	1.02e-146	515
Ga0393519_20_5547_5831	CP000239.1:312013-312340|CDS|CYA_0305	85.837	233	33	0	1	233	43	275	1.98e-73	272
Ga0393519_20_5914_6111	CP000240.1:830328-830916|CDS|CYB_0804	100.000	198	0	0	1	198	24	221	1.16e-99	358
Ga0393519_20_5914_6111	CP000239.1:312457-312718|CDS|CYA_0306	78.947	190	40	0	1	190	34	223	4.93e-41	163
Ga0393519_20_6253_6696	CP000240.1:831034-831478|CDS|CYB_0805	99.324	444	3	0	1	444	1	444	0.0	788
Ga0393519_20_6253_6696	CP000239.1:312833-313277|CDS|CYA_0307	83.108	444	75	0	1	444	1	444	9.05e-131	463
Ga0393519_21_689_1633	CP000240.1:61301-62222|CDS|CYB_0048	99.349	921	6	0	25	945	1	921	0.0	1635
Ga0393519_21_689_1633	CP000239.1:638903-639824|CDS|CYA_0627	84.473	921	143	0	25	945	1	921	0.0	1017
Ga0393519_21_1885_2256	CP000240.1:62497-63124|CDS|CYB_0049	99.438	356	2	0	1	356	1	356	0.0	634
Ga0393519_21_1885_2256	CP000239.1:640131-640758|CDS|CYA_0628	83.569	353	58	0	1	353	1	353	8.56e-105	376
Ga0393519_21_2504_2626	CP000240.1:62497-63124|CDS|CYB_0049	99.167	120	0	1	4	123	355	473	7.64e-55	209
Ga0393519_21_2504_2626	CP000239.1:640131-640758|CDS|CYA_0628	91.379	116	9	1	8	123	359	473	9.95e-41	161
Ga0393519_21_2613_2780	CP000240.1:62497-63124|CDS|CYB_0049	100.000	168	0	0	1	168	460	627	1.87e-83	304
Ga0393519_21_2613_2780	CP000239.1:640131-640758|CDS|CYA_0628	89.881	168	17	0	1	168	460	627	4.12e-60	227
Ga0393519_21_2832_3863	CP000240.1:63175-64207|CDS|CYB_0050	98.934	1032	11	0	1	1032	1	1032	0.0	1812
Ga0393519_21_2832_3863	CP000239.1:641897-642929|CDS|CYA_0630	87.182	1022	131	0	1	1022	1	1022	0.0	1253
Ga0393519_21_4492_5724	CP000240.1:64390-65770|CDS|CYB_0051	98.946	1233	13	0	1	1233	148	1380	0.0	2166
Ga0393519_21_4492_5724	CP000239.1:2700631-2701987|CDS|CYA_2686	86.271	1231	169	0	1	1231	124	1354	0.0	1459
Ga0393519_21_5970_6596	CP000240.1:66822-67761|CDS|CYB_0054	99.043	627	6	0	1	627	313	939	0.0	1104
Ga0393519_21_7346_7615	CP000240.1:68198-68468|CDS|CYB_0055	98.148	270	5	0	1	270	1	270	1.53e-131	465
Ga0393519_21_7346_7615	CP000239.1:2711744-2712014|CDS|CYA_2696	86.940	268	35	0	1	268	1	268	9.65e-90	326
Ga0393519_22_13_738	CP000240.1:981445-983149|CDS|CYB_0946	97.383	726	19	0	1	726	979	1704	0.0	1224
Ga0393519_22_13_738	CP000239.1:220039-221776|CDS|CYA_0213	82.735	724	113	2	9	726	1020	1737	0.0	745
Ga0393519_22_738_1457	CP000240.1:983148-983868|CDS|CYB_0947	99.028	720	7	0	1	720	1	720	0.0	1268
Ga0393519_22_738_1457	CP000239.1:219320-220040|CDS|CYA_0212	81.667	720	132	0	1	720	1	720	0.0	704
Ga0393519_22_1469_2386	CP000240.1:983879-984797|CDS|CYB_0948	98.802	918	11	0	1	918	1	918	0.0	1607
Ga0393519_22_1469_2386	CP000239.1:218391-219309|CDS|CYA_0211	87.146	918	118	0	1	918	1	918	0.0	1124
Ga0393519_22_2599_4437	CP000240.1:984928-986818|CDS|CYB_0949	96.357	1839	37	1	1	1839	82	1890	0.0	3038
Ga0393519_22_2599_4437	CP000239.1:216418-218263|CDS|CYA_0209	75.873	1861	330	25	1	1839	82	1845	0.0	1327
Ga0393519_22_4612_6795	CP000240.1:986821-989176|CDS|CYB_0950	98.764	2184	27	0	1	2184	172	2355	0.0	3818
Ga0393519_22_4612_6795	CP000239.1:214081-216415|CDS|CYA_0208	87.483	2165	269	1	1	2165	172	2334	0.0	2681
Ga0393519_23_611_1045	CP000240.1:212011-212446|CDS|CYB_0200	99.540	435	2	0	1	435	1	435	0.0	776
Ga0393519_23_611_1045	CP000239.1:781897-782347|CDS|CYA_0776	85.548	429	50	2	1	417	1	429	4.29e-141	497
Ga0393519_23_1222_1452	CP000240.1:212622-212853|CDS|CYB_0201	99.567	231	1	0	1	231	1	231	7.12e-116	413
Ga0393519_23_1222_1452	CP000239.1:783952-784174|CDS|CYA_0778	85.106	188	28	0	1	188	1	188	3.70e-56	214
Ga0393519_23_1577_3040	CP000240.1:212975-214439|CDS|CYB_0202	98.361	1464	24	0	1	1464	1	1464	0.0	2533
Ga0393519_23_1577_3040	CP000239.1:784261-785701|CDS|CYA_0780	84.810	1422	212	4	1	1420	1	1420	0.0	1577
Ga0393519_23_4168_5385	CP000240.1:216391-217609|CDS|CYB_0206	98.851	1218	14	0	1	1218	1	1218	0.0	2134
Ga0393519_23_5760_6122	CP000240.1:218004-218367|CDS|CYB_0207	97.521	363	9	0	1	363	1	363	1.83e-176	615
Ga0393519_23_5760_6122	CP000239.1:1762155-1762494|CDS|CYA_1756	86.495	311	42	0	19	329	19	329	1.02e-103	372
Ga0393519_24_30_368	CP000240.1:1364732-1365587|CDS|CYB_1302	99.704	338	1	0	1	338	514	851	8.85e-174	606
Ga0393519_24_30_368	CP000239.1:1865039-1865843|CDS|CYA_1860	79.181	293	61	0	1	293	466	758	6.40e-68	254
Ga0393519_24_1663_2793	CP000240.1:1363353-1364508|CDS|CYB_1301	98.939	1131	12	0	1	1131	25	1155	0.0	1986
Ga0393519_24_1663_2793	CP000239.1:1863838-1864972|CDS|CYA_1859	83.653	1095	177	2	38	1131	41	1134	0.0	1161
Ga0393519_24_2787_3737	CP000240.1:1362409-1363360|CDS|CYB_1299	99.159	951	8	0	1	951	1	951	0.0	1680
Ga0393519_24_2787_3737	CP000239.1:1862897-1863845|CDS|CYA_1858	85.189	898	133	0	48	945	45	942	0.0	1021
Ga0393519_24_3720_4739	CP000240.1:1361407-1362427|CDS|CYB_1300	97.353	1020	27	0	1	1020	1	1020	0.0	1718
Ga0393519_24_4973_6499	CP000240.1:1359647-1361204|CDS|CYB_1298	98.166	1527	28	0	1	1527	31	1557	0.0	2628
Ga0393519_24_4973_6499	CP000239.1:1861250-1862810|CDS|CYA_1857	83.389	1505	245	3	17	1520	53	1553	0.0	1579
Ga0393519_25_758_1990	CP000240.1:1539170-1540403|CDS|CYB_1464	93.268	1233	83	0	1	1233	1	1233	0.0	1850
Ga0393519_25_2335_3204	CP000240.1:1540612-1541620|CDS|CYB_1465	99.885	870	1	0	1	870	139	1008	0.0	1565
Ga0393519_25_2335_3204	CP000240.1:1541969-1542947|CDS|CYB_1466	71.698	848	227	7	1	843	121	960	3.75e-120	428
Ga0393519_25_2335_3204	CP000240.1:12863-13868|CDS|CYB_0011	63.802	768	255	9	1	758	130	884	3.77e-25	113
Ga0393519_25_3554_4531	CP000240.1:1541969-1542947|CDS|CYB_1466	99.591	978	4	0	1	978	1	978	0.0	1746
Ga0393519_25_3554_4531	CP000240.1:1540612-1541620|CDS|CYB_1465	71.547	847	230	5	121	960	139	981	4.23e-120	429
Ga0393519_25_4673_5527	CP000240.1:1543088-1543898|CDS|CYB_1467	99.507	811	3	1	1	811	1	810	0.0	1442
Ga0393519_25_5542_6351	CP000240.1:1543956-1544766|CDS|CYB_1468	99.506	810	4	0	1	810	1	810	0.0	1443
Ga0393519_26_948_2492	CP000240.1:437527-439684|CDS|CYB_0430	97.611	1507	35	1	40	1545	1	1507	0.0	2553
Ga0393519_26_948_2492	CP000239.1:1820136-1822299|CDS|CYA_1816	95.905	1514	53	4	40	1545	1	1513	0.0	2442
Ga0393519_26_948_2492	CP000239.1:1855685-1857611|CDS|CYA_1852	74.269	1232	270	15	334	1544	73	1278	0.0	768
Ga0393519_26_2420_3142	CP000240.1:437527-439684|CDS|CYB_0430	98.336	721	12	0	1	721	1435	2155	0.0	1247
Ga0393519_26_2420_3142	CP000239.1:1820136-1822299|CDS|CYA_1816	97.787	723	16	0	1	723	1441	2163	0.0	1232
Ga0393519_26_2420_3142	CP000239.1:1855685-1857611|CDS|CYA_1852	75.983	712	169	2	1	711	1207	1917	1.41e-143	507
Ga0393519_26_3490_4752	CP000240.1:2783381-2784644|CDS|CYB_2696	86.957	1265	161	3	1	1263	1	1263	0.0	1528
Ga0393519_26_4869_6119	CP000240.1:436072-437302|CDS|CYB_0428	97.494	1197	30	0	49	1245	1	1197	0.0	2024
Ga0393519_26_4869_6119	CP000239.1:1822539-1823742|CDS|CYA_1817	96.675	1203	40	0	49	1251	1	1203	0.0	1990
Ga0393519_26_6224_6385	CP000240.1:435719-435920|CDS|CYB_0427	100.000	162	0	0	1	162	40	201	3.24e-80	293
Ga0393519_26_6224_6385	CP000239.1:1823894-1824095|CDS|CYA_1818	99.383	162	1	0	1	162	40	201	1.38e-78	288
Ga0393519_27_791_1945	CP000240.1:2789871-2791026|CDS|CYB_2701	97.403	1155	30	0	1	1155	1	1155	0.0	1948
Ga0393519_27_791_1945	CP000240.1:269596-270751|CDS|CYB_0258	96.537	1155	40	0	1	1155	1	1155	0.0	1903
Ga0393519_27_791_1945	CP000240.1:95175-96330|CDS|CYB_0081	96.104	1155	45	0	1	1155	1	1155	0.0	1881
Ga0393519_27_791_1945	CP000240.1:2745261-2746416|CDS|CYB_2657	95.584	1155	51	0	1	1155	1	1155	0.0	1854
Ga0393519_27_791_1945	CP000240.1:1824951-1826106|CDS|CYB_1742	95.065	1155	57	0	1	1155	1	1155	0.0	1827
Ga0393519_27_791_1945	CP000240.1:559712-560867|CDS|CYB_0548	94.978	1155	58	0	1	1155	1	1155	0.0	1822
Ga0393519_27_791_1945	CP000240.1:1235562-1236717|CDS|CYB_1195	94.199	1155	67	0	1	1155	1	1155	0.0	1782
Ga0393519_27_2251_2736	CP000240.1:1508398-1508884|CDS|CYB_1438	99.383	486	3	0	1	486	1	486	0.0	864
Ga0393519_27_2251_2736	CP000239.1:2242109-2242595|CDS|CYA_2227	90.329	486	47	0	1	486	1	486	0.0	665
Ga0393519_27_2800_3285	CP000240.1:1508947-1509433|CDS|CYB_1439	99.383	486	3	0	1	486	1	486	0.0	864
Ga0393519_27_2800_3285	CP000239.1:2241563-2242049|CDS|CYA_2226	91.358	486	42	0	1	486	1	486	0.0	688
Ga0393519_27_3404_3655	CP000240.1:1509599-1509803|CDS|CYB_1440	100.000	204	0	0	49	252	1	204	8.37e-103	369
Ga0393519_27_3404_3655	CP000239.1:2241219-2241423|CDS|CYA_2225	93.137	204	14	0	49	252	1	204	8.38e-84	306
Ga0393519_27_3789_4817	CP000240.1:1509936-1510965|CDS|CYB_1441	97.570	1029	25	0	1	1029	1	1029	0.0	1744
Ga0393519_27_3789_4817	CP000239.1:2240055-2241087|CDS|CYA_2224	84.751	1023	153	1	1	1020	1	1023	0.0	1141
Ga0393519_27_4948_5676	CP000240.1:1511095-1512736|CDS|CYB_1442	98.080	729	14	0	1	729	913	1641	0.0	1252
Ga0393519_27_4948_5676	CP000239.1:2238390-2240031|CDS|CYA_2223	87.106	729	94	0	1	729	913	1641	0.0	892
Ga0393519_28_148_372	CP000240.1:2515694-2516261|CDS|CYB_2419	99.556	225	1	0	1	225	343	567	1.25e-112	402
Ga0393519_28_148_372	CP000239.1:2672674-2673235|CDS|CYA_2656	83.333	198	33	0	1	198	343	540	1.53e-54	209
Ga0393519_28_383_1375	CP000240.1:2516271-2517282|CDS|CYB_2420	97.281	993	27	0	1	993	19	1011	0.0	1670
Ga0393519_28_383_1375	CP000239.1:2673242-2674238|CDS|CYA_2657	90.398	979	92	2	16	993	19	996	0.0	1335
Ga0393519_28_1628_3724	CP000240.1:2517516-2519619|CDS|CYB_2421	96.965	2076	60	1	1	2076	1	2073	0.0	3465
Ga0393519_28_1628_3724	CP000239.1:2675505-2677509|CDS|CYA_2659	89.837	1968	197	1	124	2091	34	1998	0.0	2653
Ga0393519_28_4358_4675	CP000240.1:2520219-2520537|CDS|CYB_2423	99.371	318	2	0	1	318	1	318	7.25e-162	565
Ga0393519_28_4358_4675	CP000239.1:2677849-2678146|CDS|CYA_2661	85.357	280	39	2	1	279	1	279	7.27e-86	314
Ga0393519_28_4711_5748	CP000240.1:2520572-2521610|CDS|CYB_2424	97.110	1038	30	0	1	1038	1	1038	0.0	1737
Ga0393519_28_4711_5748	CP000239.1:2678155-2679193|CDS|CYA_2662	87.611	1009	125	0	1	1009	1	1009	0.0	1257
Ga0393519_29_664_1419	CP000240.1:1337728-1338484|CDS|CYB_1283	96.164	756	29	0	1	756	1	756	0.0	1233
Ga0393519_29_664_1419	CP000239.1:1636900-1637653|CDS|CYA_1636	82.638	743	129	0	1	743	1	743	0.0	759
Ga0393519_29_1483_2436	CP000240.1:1338554-1339532|CDS|CYB_1284	99.057	954	9	0	1	954	25	978	0.0	1681
Ga0393519_29_1483_2436	CP000239.1:2022285-2023263|CDS|CYA_2005	87.185	952	122	0	1	952	25	976	0.0	1168
Ga0393519_29_2797_3522	CP000240.1:1339836-1340559|CDS|CYB_1285	97.372	723	19	0	4	726	1	723	0.0	1219
Ga0393519_29_2797_3522	CP000239.1:2021156-2021975|CDS|CYA_2004	86.188	724	100	0	1	724	94	817	0.0	856
Ga0393519_29_3701_4963	CP000240.1:1340740-1342003|CDS|CYB_1286	97.862	1263	27	0	1	1263	1	1263	0.0	2157
Ga0393519_29_3701_4963	CP000239.1:2019790-2021053|CDS|CYA_2003	84.877	1263	191	0	1	1263	1	1263	0.0	1417
Ga0393519_29_3701_4963	CP000240.1:814083-815385|CDS|CYB_0788	66.191	982	301	20	184	1145	175	1145	7.66e-55	213
Ga0393519_30_142_756	CP000240.1:19690-21247|CDS|CYB_0017	97.724	615	14	0	1	615	943	1557	0.0	1047
Ga0393519_30_816_2201	CP000239.1:2541913-2543251|CDS|CYA_2523	92.446	1337	95	1	55	1385	1	1337	0.0	1957
Ga0393519_30_2791_3864	CP000239.1:2543741-2544962|CDS|CYA_2524	91.190	1067	94	0	1	1067	151	1217	0.0	1501
Ga0393519_31_29_202	CP000240.1:544294-544735|CDS|CYB_0529	98.851	174	2	0	1	174	268	441	5.53e-84	306
Ga0393519_31_321_1163	CP000240.1:1939144-1939984|CDS|CYB_1856	99.881	839	1	0	1	839	1	839	0.0	1509
Ga0393519_31_321_1163	CP000239.1:395884-396721|CDS|CYA_0380	84.606	799	123	0	1	799	1	799	0.0	887
Ga0393519_31_1253_1435	CP000240.1:1938869-1939052|CDS|CYB_1855	95.628	183	8	0	1	183	1	183	1.06e-80	295
Ga0393519_31_1253_1435	CP000239.1:396772-397039|CDS|CYA_0381	77.381	168	38	0	1	168	25	192	7.64e-32	132
Ga0393519_31_1636_2691	CP000240.1:1937613-1938669|CDS|CYB_1854	98.864	1056	12	0	1	1056	1	1056	0.0	1851
Ga0393519_31_3010_3837	CP000240.1:1936471-1937302|CDS|CYB_1852	96.848	825	26	0	1	825	1	825	0.0	1371
Ga0393519_31_3010_3837	CP000239.1:397452-398280|CDS|CYA_0383	84.249	819	129	0	10	828	10	828	0.0	896
Ga0393519_31_3834_4079	CP000240.1:1935907-1936156|CDS|CYB_1851	99.174	242	2	0	1	242	1	242	9.92e-121	428
Ga0393519_31_3834_4079	CP000239.1:398276-398516|CDS|CYA_0382	82.041	245	38	1	1	245	1	239	2.34e-65	245
Ga0393519_32_58_450	CP000240.1:2325599-2326238|CDS|CYB_2220	99.746	393	1	0	1	393	247	639	0.0	705
Ga0393519_32_58_450	CP000239.1:1550207-1550846|CDS|CYA_1541	87.728	383	47	0	1	383	247	629	1.03e-135	480
Ga0393519_32_1107_1400	CP000240.1:2324649-2324943|CDS|CYB_2217	95.578	294	13	0	1	294	1	294	1.13e-133	472
Ga0393519_32_1107_1400	CP000239.1:1355155-1355449|CDS|CYA_1343	86.395	294	40	0	1	294	1	294	2.66e-97	351
Ga0393519_32_1498_1866	CP000240.1:2324030-2324552|CDS|CYB_2216	95.362	345	15	1	26	369	178	522	2.27e-156	547
Ga0393519_32_1498_1866	CP000239.1:1354566-1355088|CDS|CYA_1342	87.353	340	43	0	30	369	183	522	7.94e-118	420
Ga0393519_32_2171_2575	CP000240.1:2326544-2326958|CDS|CYB_2222	99.753	405	1	0	1	405	10	414	0.0	727
Ga0393519_32_2171_2575	CP000239.1:1551103-1551511|CDS|CYA_1542	89.147	387	42	0	1	387	10	396	6.31e-145	509
Ga0393519_32_2809_3615	CP000240.1:2581305-2582079|CDS|CYB_2484	96.516	775	25	2	34	807	1	774	0.0	1269
Ga0393519_32_2809_3615	CP000240.1:2424097-2424871|CDS|CYB_2313	95.995	774	31	0	34	807	1	774	0.0	1257
Ga0393519_32_2809_3615	CP000240.1:86287-87061|CDS|CYB_0074	94.208	777	39	2	34	807	1	774	0.0	1196
Ga0393519_32_2809_3615	CP000240.1:1126684-1127458|CDS|CYB_1091	91.388	778	59	4	34	807	1	774	0.0	1091
Ga0393519_32_2809_3615	CP000240.1:544792-546037|CDS|CYB_0530	82.447	752	130	2	34	784	1	751	0.0	755
Ga0393519_32_2809_3615	CP000239.1:782540-783770|CDS|CYA_0777	78.013	755	159	4	34	783	1	753	2.66e-172	602
Ga0393519_32_2809_3615	CP000239.1:1966854-1968081|CDS|CYA_1956	77.748	755	161	4	34	783	1	753	1.38e-169	593
Ga0393519_32_4303_5298	CP000240.1:2328105-2329659|CDS|CYB_2225	98.795	996	12	0	1	996	559	1554	0.0	1743
Ga0393519_32_4303_5298	CP000239.1:1527846-1529391|CDS|CYA_1518	84.739	996	152	0	1	996	550	1545	0.0	1112
Ga0393519_33_1_561	CP000240.1:2646245-2646818|CDS|CYB_2541	100.000	561	0	0	1	561	13	573	0.0	1012
Ga0393519_33_1_561	CP000239.1:2454481-2455057|CDS|CYA_2445	90.288	556	54	0	1	556	13	568	0.0	760
Ga0393519_33_841_1314	CP000240.1:2645492-2646242|CDS|CYB_2540	98.523	474	7	0	1	474	277	750	0.0	824
Ga0393519_33_1431_2642	CP000240.1:2644164-2645358|CDS|CYB_2538	95.812	1194	50	0	19	1212	1	1194	0.0	1929
Ga0393519_33_1431_2642	CP000240.1:1803089-1804283|CDS|CYB_1722	95.059	1194	59	0	19	1212	1	1194	0.0	1888
Ga0393519_33_1431_2642	CP000240.1:1190675-1191869|CDS|CYB_1151	94.226	1195	67	2	19	1212	1	1194	0.0	1838
Ga0393519_33_1431_2642	CP000240.1:3008652-3009870|CDS|CYB_2910	92.939	1218	62	1	19	1212	1	1218	0.0	1827
Ga0393519_33_1431_2642	CP000240.1:2796782-2798000|CDS|CYB_2707	92.939	1218	62	1	19	1212	1	1218	0.0	1827
Ga0393519_33_1431_2642	CP000240.1:52430-53648|CDS|CYB_0041	92.775	1218	64	1	19	1212	1	1218	0.0	1818
Ga0393519_33_1431_2642	CP000240.1:1521392-1522610|CDS|CYB_1450	92.282	1218	70	1	19	1212	1	1218	0.0	1791
Ga0393519_33_1431_2642	CP000240.1:638632-639850|CDS|CYB_0630	92.036	1218	73	1	19	1212	1	1218	0.0	1777
Ga0393519_33_1431_2642	CP000240.1:1064975-1066169|CDS|CYB_1023	92.797	1194	86	0	19	1212	1	1194	0.0	1766
Ga0393519_33_1431_2642	CP000240.1:1358129-1359347|CDS|CYB_1297	91.544	1218	79	1	19	1212	1	1218	0.0	1750
Ga0393519_33_1431_2642	CP000239.1:2170714-2171908|CDS|CYA_2158	92.044	1194	95	0	19	1212	1	1194	0.0	1726
Ga0393519_33_1431_2642	CP000239.1:774779-775973|CDS|CYA_0767	91.122	1194	106	0	19	1212	1	1194	0.0	1676
Ga0393519_33_1431_2642	CP000240.1:1083184-1084426|CDS|CYB_1042	89.130	1242	87	3	19	1212	1	1242	0.0	1662
Ga0393519_33_1431_2642	CP000240.1:2830275-2831565|CDS|CYB_2735	88.871	1240	73	3	19	1210	1	1223	0.0	1660
Ga0393519_33_1431_2642	CP000239.1:712444-713638|CDS|CYA_0704	90.727	1197	105	2	19	1212	1	1194	0.0	1655
Ga0393519_33_1431_2642	CP000240.1:2168360-2169515|CDS|CYB_2071	92.356	1125	86	0	19	1143	1	1125	0.0	1642
Ga0393519_33_1431_2642	CP000240.1:1954838-1956056|CDS|CYB_1872	89.573	1218	103	1	19	1212	1	1218	0.0	1642
Ga0393519_33_1431_2642	CP000240.1:2553363-2554557|CDS|CYB_2454	90.309	1197	110	2	19	1212	1	1194	0.0	1633
Ga0393519_33_1431_2642	CP000240.1:481588-482800|CDS|CYB_0472	90.360	1193	113	2	19	1210	1	1192	0.0	1627
Ga0393519_33_1431_2642	CP000240.1:2210858-2212052|CDS|CYB_2117	90.142	1197	112	2	19	1212	1	1194	0.0	1624
Ga0393519_33_1431_2642	CP000239.1:629980-631174|CDS|CYA_0620	89.280	1194	128	0	19	1212	1	1194	0.0	1577
Ga0393519_33_1431_2642	CP000240.1:1316312-1317548|CDS|CYB_1259	87.418	1216	129	1	19	1210	1	1216	0.0	1521
Ga0393519_33_1431_2642	CP000240.1:2619921-2621115|CDS|CYB_2521	87.782	1195	144	2	19	1212	1	1194	0.0	1490
Ga0393519_33_1431_2642	CP000240.1:102811-104029|CDS|CYB_0087	88.338	1149	110	1	19	1143	1	1149	0.0	1486
Ga0393519_33_1431_2642	CP000240.1:2247371-2248565|CDS|CYB_2147	89.067	1125	123	0	19	1143	1	1125	0.0	1475
Ga0393519_33_1431_2642	CP000239.1:1594889-1596107|CDS|CYA_1585	88.444	1125	130	0	19	1143	1	1125	0.0	1443
Ga0393519_33_1431_2642	CP000240.1:1244785-1246021|CDS|CYB_1201	85.855	1216	148	1	19	1210	1	1216	0.0	1435
Ga0393519_33_1431_2642	CP000239.1:994256-995468|CDS|CYA_0981	86.444	1195	156	2	19	1210	1	1192	0.0	1422
Ga0393519_33_1431_2642	CP000240.1:1267756-1268992|CDS|CYB_1227	85.538	1217	150	3	19	1210	1	1216	0.0	1412
Ga0393519_33_1431_2642	CP000240.1:2661652-2662870|CDS|CYB_2557	85.304	1218	155	1	19	1212	1	1218	0.0	1407
Ga0393519_33_1431_2642	CP000240.1:1015074-1016268|CDS|CYB_0979	87.733	1125	138	0	19	1143	1	1125	0.0	1407
Ga0393519_33_1431_2642	CP000240.1:629484-630702|CDS|CYB_0620	84.647	1218	163	1	19	1212	1	1218	0.0	1371
Ga0393519_33_1431_2642	CP000240.1:2933473-2934709|CDS|CYB_2835	84.249	1219	162	5	19	1210	1	1216	0.0	1338
Ga0393519_33_1431_2642	CP000239.1:893439-894633|CDS|CYA_0887	86.044	1125	157	0	19	1143	1	1125	0.0	1322
Ga0393519_33_1431_2642	CP000240.1:1842322-1843549|CDS|CYB_1759	83.997	1206	165	3	19	1198	1	1204	0.0	1317
Ga0393519_33_1431_2642	CP000240.1:241642-242836|CDS|CYB_0233	86.057	1126	155	2	19	1143	1	1125	0.0	1316
Ga0393519_33_1431_2642	CP000240.1:605550-606744|CDS|CYB_0598	84.127	1197	184	2	19	1212	1	1194	0.0	1299
Ga0393519_33_1431_2642	CP000239.1:698055-699204|CDS|CYA_0690	84.133	1147	158	1	19	1141	1	1147	0.0	1266
Ga0393519_33_1431_2642	CP000240.1:1384265-1385459|CDS|CYB_1322	84.089	1125	179	0	19	1143	1	1125	0.0	1223
Ga0393519_33_1431_2642	CP000240.1:345730-346924|CDS|CYB_0329	83.822	1125	182	0	19	1143	1	1125	0.0	1209
Ga0393519_33_1431_2642	CP000240.1:2565689-2566883|CDS|CYB_2468	83.644	1125	184	0	19	1143	1	1125	0.0	1200
Ga0393519_33_1431_2642	CP000240.1:2128026-2129220|CDS|CYB_2026	80.283	1131	211	7	19	1143	1	1125	0.0	1014
Ga0393519_33_1431_2642	CP000239.1:693322-694534|CDS|CYA_0687	78.780	1197	244	5	19	1210	1	1192	0.0	1001
Ga0393519_33_1431_2642	CP000240.1:2219258-2220470|CDS|CYB_2126	78.697	1197	245	5	19	1210	1	1192	0.0	996
Ga0393519_33_1431_2642	CP000240.1:2506708-2507857|CDS|CYB_2410	76.460	1130	144	8	19	1027	1	1129	0.0	913
Ga0393519_33_1431_2642	CP000240.1:1763450-1764623|CDS|CYB_1688	78.073	1131	236	7	19	1143	1	1125	0.0	902
Ga0393519_33_1431_2642	CP000240.1:1917270-1918464|CDS|CYB_1826	77.630	1131	241	7	19	1143	1	1125	0.0	879
Ga0393519_33_1431_2642	CP000239.1:88305-89487|CDS|CYA_0091	76.186	1117	240	5	24	1133	6	1103	0.0	817
Ga0393519_33_2614_3111	CP000240.1:2643695-2644193|CDS|CYB_2539	99.799	498	1	0	1	498	1	498	0.0	894
Ga0393519_33_2614_3111	CP000239.1:1685533-1686058|CDS|CYA_1686	78.019	414	89	2	34	446	31	443	1.52e-90	330
Ga0393519_33_2851_2940	CP000240.1:2643695-2644193|CDS|CYB_2539	100.000	90	0	0	1	90	261	172	1.95e-41	163
Ga0393519_33_2851_2940	CP000239.1:1685533-1686058|CDS|CYA_1686	83.721	86	14	0	2	87	257	172	2.90e-20	93.3
Ga0393519_33_3111_3653	CP000240.1:2643153-2643696|CDS|CYB_2537	99.632	543	2	0	1	543	1	543	0.0	971
Ga0393519_33_3111_3653	CP000239.1:1686057-1686594|CDS|CYA_1687	81.331	541	95	1	1	541	1	535	1.36e-148	522
Ga0393519_33_4041_4862	CP000240.1:2641935-2642823|CDS|CYB_2536	95.134	822	40	0	1	822	67	888	0.0	1303
Ga0393519_33_4041_4862	CP000239.1:1803821-1804709|CDS|CYA_1802	82.906	819	138	2	1	818	67	884	0.0	839
Ga0393519_34_31_1227	CP000240.1:1928767-1931704|CDS|CYB_1842	99.415	1197	7	0	1	1197	1741	2937	0.0	2128
Ga0393519_34_31_1227	CP000239.1:846250-849187|CDS|CYA_0838	85.655	1199	168	3	1	1197	1741	2937	0.0	1378
Ga0393519_34_1290_2090	CP000240.1:1927882-1928686|CDS|CYB_1841	94.300	807	37	3	1	801	1	804	0.0	1243
Ga0393519_34_1290_2090	CP000239.1:845335-846118|CDS|CYA_0837	76.290	814	149	9	1	801	1	783	3.22e-171	598
Ga0393519_34_2272_2673	CP000240.1:1927299-1927701|CDS|CYB_1840	99.005	402	4	0	1	402	1	402	0.0	708
Ga0393519_34_2272_2673	CP000239.1:844767-845169|CDS|CYA_0835	83.250	400	66	1	1	399	1	400	1.06e-116	416
Ga0393519_34_3058_3357	CP000240.1:1926540-1926915|CDS|CYB_1839	98.667	300	4	0	1	300	76	375	2.08e-149	524
Ga0393519_34_3058_3357	CP000239.1:844396-844771|CDS|CYA_0836	80.479	292	57	0	7	298	82	373	7.30e-73	270
Ga0393519_34_3536_4222	CP000240.1:1925750-1926437|CDS|CYB_1838	98.544	687	10	0	1	687	1	687	0.0	1195
Ga0393519_34_3536_4222	CP000239.1:843615-844305|CDS|CYA_0834	86.625	643	86	0	39	681	39	681	0.0	773
Ga0393519_34_4492_4950	CP000240.1:1925043-1925481|CDS|CYB_1837	97.489	438	11	0	22	459	1	438	0.0	741
Ga0393519_34_4492_4950	CP000239.1:843079-843559|CDS|CYA_0833	83.032	442	75	0	1	442	1	442	1.14e-129	460
Ga0393519_35_670_1656	CP000240.1:1417612-1418506|CDS|CYB_1348	98.322	894	15	0	94	987	1	894	0.0	1545
Ga0393519_35_1804_3363	CP000240.1:1415905-1417561|CDS|CYB_1347	94.936	1560	79	0	1	1560	97	1656	0.0	2458
Ga0393519_35_1804_3363	CP000239.1:800171-801692|CDS|CYA_0791	76.746	1561	322	10	1	1560	1	1521	0.0	1171
Ga0393519_35_3734_4492	CP000240.1:1414777-1415764|CDS|CYB_1346	98.155	759	14	0	1	759	229	987	0.0	1306
Ga0393519_35_3734_4492	CP000239.1:802084-803077|CDS|CYA_0793	83.663	759	122	2	2	759	236	993	0.0	803
Ga0393519_36_255_668	CP000240.1:2127611-2128025|CDS|CYB_2025	98.780	410	5	0	1	410	1	410	0.0	718
Ga0393519_36_255_668	CP000239.1:2216927-2217353|CDS|CYA_2197	73.239	426	102	1	1	414	1	426	5.32e-70	261
Ga0393519_36_759_878	CP000240.1:2127281-2127521|CDS|CYB_2024	100.000	120	0	0	1	120	121	240	1.43e-57	217
Ga0393519_36_759_878	CP000239.1:2217436-2217676|CDS|CYA_2198	86.555	119	16	0	1	119	121	239	2.59e-35	143
Ga0393519_36_1138_1332	CP000240.1:2126947-2127142|CDS|CYB_2022	96.891	193	6	0	1	193	1	193	8.19e-89	322
Ga0393519_36_1138_1332	CP000239.1:2217818-2218007|CDS|CYA_2200	86.885	183	24	0	1	183	1	183	5.90e-59	223
Ga0393519_36_1308_2390	CP000240.1:2126003-2126951|CDS|CYB_2023	95.702	954	35	1	109	1062	1	948	0.0	1537
Ga0393519_36_1308_2390	CP000239.1:2217988-2219059|CDS|CYA_2199	80.875	1051	187	6	34	1083	34	1071	0.0	976
Ga0393519_36_2387_2989	CP000240.1:2125296-2125899|CDS|CYB_2021	97.347	603	16	0	1	603	1	603	0.0	1016
Ga0393519_36_2387_2989	CP000239.1:2219055-2219643|CDS|CYA_2201	84.801	579	86	2	16	593	1	578	0.0	641
Ga0393519_36_3097_3387	CP000240.1:2124862-2125189|CDS|CYB_2020	99.656	291	1	0	1	291	37	327	2.46e-148	521
Ga0393519_36_3097_3387	CP000239.1:2219796-2220123|CDS|CYA_2202	89.003	291	32	0	1	291	37	327	1.55e-106	381
Ga0393519_36_3466_3813	CP000240.1:2124481-2124820|CDS|CYB_2019	88.218	348	32	1	1	348	1	339	5.39e-126	447
Ga0393519_36_3466_3813	CP000239.1:2220164-2220512|CDS|CYA_2204	79.429	350	68	2	1	348	1	348	1.45e-82	302
Ga0393519_36_3810_4286	CP000240.1:2124008-2124485|CDS|CYB_2018	96.855	477	15	0	1	477	1	477	0.0	793
Ga0393519_37_484_2547	CP000240.1:2634101-2636165|CDS|CYB_2532	97.917	2064	43	0	1	2064	1	2064	0.0	3529
Ga0393519_37_484_2547	CP000239.1:2577069-2579121|CDS|CYA_2555	89.760	2041	209	0	1	2041	1	2041	0.0	2739
Ga0393519_37_2544_3827	CP000240.1:2636161-2637445|CDS|CYB_2531	99.844	1284	2	0	1	1284	1	1284	0.0	2307
Ga0393519_37_2544_3827	CP000239.1:2579117-2580416|CDS|CYA_2554	87.755	1274	156	0	1	1274	1	1274	0.0	1595
Ga0393519_38_268_1452	CP000240.1:1260495-1261680|CDS|CYB_1214	99.156	1185	10	0	1	1185	1	1185	0.0	2093
Ga0393519_38_268_1452	CP000239.1:1777437-1778568|CDS|CYA_1770	86.964	1143	137	2	43	1185	1	1131	0.0	1392
Ga0393519_38_1449_1898	CP000240.1:1260049-1260499|CDS|CYB_1213	95.778	450	19	0	1	450	1	450	0.0	727
Ga0393519_38_1449_1898	CP000239.1:1777015-1777441|CDS|CYA_1769	86.000	450	39	1	1	450	1	426	9.79e-156	545
Ga0393519_38_1905_2438	CP000240.1:1259509-1260043|CDS|CYB_1212	98.502	534	8	0	1	534	1	534	0.0	928
Ga0393519_38_1905_2438	CP000239.1:1776481-1777009|CDS|CYA_1768	83.333	534	83	2	1	534	1	528	1.86e-159	559
Ga0393519_39_7_1674	CP000240.1:2231649-2233479|CDS|CYB_2139	99.280	1667	12	0	2	1668	164	1830	0.0	2953
Ga0393519_39_7_1674	CP000239.1:233618-235439|CDS|CYA_0233	79.085	1640	295	7	1	1640	163	1754	0.0	1424
Ga0393519_40_466_1392	CP000240.1:2713441-2714329|CDS|CYB_2621	96.501	886	13	1	58	925	1	886	0.0	1471
Ga0393519_40_466_1392	CP000239.1:1178650-1179544|CDS|CYA_1155	80.935	813	149	2	58	870	1	807	0.0	765
Ga0393519_40_1550_2530	CP000239.1:1179715-1180696|CDS|CYA_1156	84.189	974	154	0	1	974	1	974	0.0	1063
Ga0393519_40_2554_2778	CP000240.1:2711789-2712014|CDS|CYB_2618	100.000	225	0	0	1	225	1	225	2.94e-114	407
Ga0393519_40_2554_2778	CP000239.1:1180725-1180950|CDS|CYA_1157	89.778	225	23	0	1	225	1	225	9.01e-83	303
Ga0393519_40_2909_3682	CP000240.1:2710885-2711659|CDS|CYB_2617	98.320	774	13	0	1	774	1	774	0.0	1338
Ga0393519_40_2909_3682	CP000239.1:1181080-1181854|CDS|CYA_1158	85.123	773	115	0	1	773	1	773	0.0	876
Ga0393519_40_3721_4293	CP000240.1:2710265-2710847|CDS|CYB_2616	98.429	573	9	0	1	573	10	582	0.0	994
Ga0393519_40_3721_4293	CP000239.1:1181892-1182474|CDS|CYA_1159	84.991	573	86	0	1	573	10	582	0.0	646
Ga0393519_41_852_1154	CP000240.1:1247140-1247623|CDS|CYB_1203	100.000	303	0	0	1	303	181	483	1.85e-156	547
Ga0393519_41_852_1154	CP000239.1:1764599-1764986|CDS|CYA_1759	85.619	299	43	0	3	301	87	385	1.17e-95	346
Ga0393519_41_1328_1906	CP000240.1:1247662-1248196|CDS|CYB_1204	99.438	534	2	1	47	579	1	534	0.0	947
Ga0393519_41_1328_1906	CP000239.1:1765416-1765914|CDS|CYA_1760	80.084	477	83	3	104	577	29	496	7.07e-121	430
Ga0393519_41_1925_2707	CP000240.1:1248214-1248994|CDS|CYB_1205	95.513	780	35	0	4	783	1	780	0.0	1250
Ga0393519_41_1925_2707	CP000239.1:1765921-1766704|CDS|CYA_1761	84.419	783	122	0	1	783	1	783	0.0	863
Ga0393519_41_2704_3651	CP000240.1:1248993-1249929|CDS|CYB_1206	94.962	933	47	0	16	948	4	936	0.0	1471
Ga0393519_41_2704_3651	CP000239.1:1766700-1767636|CDS|CYA_1762	85.439	934	134	2	16	948	4	936	0.0	1065
Ga0393519_41_3761_4312	CP000240.1:1250049-1253526|CDS|CYB_1207	96.739	552	18	0	1	552	2926	3477	0.0	915
Ga0393519_41_3761_4312	CP000239.1:1767739-1771210|CDS|CYA_1763	86.594	552	68	1	1	552	2926	3471	0.0	664
Ga0393519_42_9_128	CP000240.1:221296-221977|CDS|CYB_0214	99.167	120	1	0	1	120	562	681	6.09e-56	213
Ga0393519_42_9_128	CP000239.1:1758556-1759216|CDS|CYA_1750	88.235	119	14	0	2	120	542	660	5.00e-38	152
Ga0393519_42_506_3754	CP000240.1:222908-226157|CDS|CYB_0215	98.738	3249	41	0	1	3249	1	3249	0.0	5675
Ga0393519_42_506_3754	CP000239.1:1754922-1758147|CDS|CYA_1749	86.017	3204	448	0	1	3204	1	3204	0.0	3759
Ga0393519_43_702_905	CP000240.1:991146-991323|CDS|CYB_0953	99.346	153	1	0	52	204	25	177	1.37e-73	272
Ga0393519_43_1322_1852	CP000240.1:2783381-2784644|CDS|CYB_2696	65.333	525	157	2	8	531	1076	576	1.63e-33	141
Ga0393519_43_2091_2609	CP000240.1:992535-993054|CDS|CYB_0954	99.615	519	2	0	1	519	1	519	0.0	928
Ga0393519_43_2091_2609	CP000239.1:2824934-2825477|CDS|CYA_2806	87.403	516	65	0	1	516	1	516	0.0	638
Ga0393519_44_309_1928	CP000240.1:1794623-1796243|CDS|CYB_1712	98.210	1620	29	0	1	1620	1	1620	0.0	2791
Ga0393519_44_309_1928	CP000239.1:349031-350660|CDS|CYA_0332	86.641	1587	212	0	1	1587	1	1587	0.0	1907
Ga0393519_44_309_1928	CP000239.1:1411962-1413597|CDS|CYA_1407	70.056	1603	442	9	1	1584	1	1584	0.0	721
Ga0393519_44_309_1928	CP000240.1:1690529-1692164|CDS|CYB_1618	69.386	1581	452	12	19	1583	19	1583	0.0	645
Ga0393519_44_1959_2354	CP000240.1:1796273-1796669|CDS|CYB_1713	97.980	396	8	0	1	396	1	396	0.0	679
Ga0393519_44_1959_2354	CP000239.1:2340707-2341106|CDS|CYA_2335	79.534	386	79	0	9	394	12	397	6.59e-94	341
Ga0393519_44_2553_3185	CP000240.1:1796867-1797500|CDS|CYB_1714	97.156	633	18	0	1	633	1	633	0.0	1061
Ga0393519_44_2553_3185	CP000239.1:2458903-2459488|CDS|CYA_2450	85.370	581	82	1	47	627	2	579	0.0	664
Ga0393519_44_3286_3669	CP000240.1:1792910-1794008|CDS|CYB_1710	98.698	384	5	0	1	384	715	1098	0.0	671
Ga0393519_44_3286_3669	CP000239.1:347317-348421|CDS|CYA_0330	85.372	376	55	0	1	376	715	1090	4.58e-121	431
Ga0393519_45_463_837	CP000240.1:1830518-1831094|CDS|CYB_1747	99.200	375	3	0	1	375	202	576	0.0	664
Ga0393519_45_463_837	CP000239.1:868982-869552|CDS|CYA_0861	90.400	375	36	0	1	375	196	570	1.37e-146	515
Ga0393519_45_882_1646	CP000240.1:1831099-1831903|CDS|CYB_1749	98.562	765	11	0	1	765	40	804	0.0	1331
Ga0393519_45_882_1646	CP000239.1:869557-870361|CDS|CYA_0863	85.752	765	109	0	1	765	40	804	0.0	889
Ga0393519_45_1643_2860	CP000240.1:1831899-1833117|CDS|CYB_1748	99.343	1218	8	0	1	1218	1	1218	0.0	2161
Ga0393519_45_1643_2860	CP000239.1:870346-871561|CDS|CYA_0862	83.667	1200	193	1	6	1205	6	1202	0.0	1279
Ga0393519_45_3001_3513	CP000240.1:1833257-1833770|CDS|CYB_1750	97.271	513	14	0	1	513	1	513	0.0	863
Ga0393519_45_3001_3513	CP000239.1:715288-715768|CDS|CYA_0707	88.106	454	54	0	1	454	1	454	6.64e-165	576
Ga0393519_46_503_2590	CP000240.1:833612-835700|CDS|CYB_0807	95.690	2088	90	0	1	2088	1	2088	0.0	3360
Ga0393519_46_503_2590	CP000239.1:2587474-2589562|CDS|CYA_2564	87.315	2089	263	2	1	2088	1	2088	0.0	2566
Ga0393519_47_2103_2777	CP000240.1:821599-822274|CDS|CYB_0796	96.741	675	22	0	1	675	1	675	0.0	1119
Ga0393519_47_2796_3368	CP000240.1:820612-821581|CDS|CYB_0795	94.939	573	29	0	1	573	397	969	0.0	903
Ga0393519_48_2452_3168	CP000240.1:1355061-1357113|CDS|CYB_1295	83.741	695	110	1	1	692	1312	2006	0.0	743
Ga0393519_48_2452_3168	CP000240.1:478586-480641|CDS|CYB_0470	84.533	653	98	1	1	650	1327	1979	0.0	721
Ga0393519_48_2452_3168	CP000240.1:476535-478557|CDS|CYB_0469	84.139	662	93	3	1	653	1312	1970	0.0	719
Ga0393519_48_2452_3168	CP000240.1:1357128-1357959|CDS|CYB_1296	83.767	653	103	1	1	650	103	755	0.0	699
Ga0393519_48_2452_3168	CP000239.1:1027703-1029731|CDS|CYA_1011	77.143	700	135	8	1	683	1321	2012	4.27e-150	528
Ga0393519_49_1460_1651	CP000240.1:1931814-1932006|CDS|CYB_1844	99.479	192	1	0	1	192	1	192	8.59e-95	343
Ga0393519_49_1460_1651	CP000240.1:1931820-1932054|CDS|CYB_1843	99.462	186	1	0	7	192	234	49	1.55e-91	332
Ga0393519_51_290_1081	CP000240.1:2317632-2318424|CDS|CYB_2209	99.747	792	2	0	1	792	1	792	0.0	1420
Ga0393519_51_290_1081	CP000239.1:2424055-2424829|CDS|CYA_2412	82.409	739	130	0	34	772	1	739	0.0	747
Ga0393519_51_1412_2923	CP000240.1:2313603-2317278|CDS|CYB_2208	94.974	1512	76	0	1	1512	2164	3675	0.0	2385
Ga0393519_51_1412_2923	CP000239.1:2420391-2424051|CDS|CYA_2411	86.005	1522	198	5	1	1510	2140	3658	0.0	1776
Ga0393519_52_62_823	CP000240.1:1488217-1489042|CDS|CYB_1420	99.869	762	1	0	1	762	64	825	0.0	1370
Ga0393519_52_62_823	CP000239.1:1547899-1548724|CDS|CYA_1538	86.220	762	105	0	1	762	64	825	0.0	902
Ga0393519_52_1262_2512	CP000240.1:1489480-1490731|CDS|CYB_1421	98.801	1251	15	0	1	1251	1	1251	0.0	2189
Ga0393519_52_1262_2512	CP000239.1:2471112-2472348|CDS|CYA_2460	89.169	1228	133	0	1	1228	1	1228	0.0	1616
Ga0393519_53_17_328	CP000240.1:32082-33315|CDS|CYB_0026	96.474	312	11	0	1	312	922	1233	3.93e-146	514
Ga0393519_53_17_328	CP000239.1:818225-819443|CDS|CYA_0807	97.643	297	7	0	1	297	922	1218	2.04e-143	505
Ga0393519_53_17_328	CP000240.1:1256770-1257394|CDS|CYB_1210	95.513	312	14	0	1	312	313	624	2.48e-142	500
Ga0393519_53_17_328	CP000239.1:607043-608261|CDS|CYA_0596	97.306	297	8	0	1	297	922	1218	2.48e-142	500
Ga0393519_53_17_328	CP000239.1:1445168-1446401|CDS|CYA_1438	91.667	312	26	0	1	312	922	1233	4.79e-126	446
Ga0393519_53_17_328	CP000239.1:410292-411573|CDS|CYA_0395	97.984	248	5	0	1	248	922	1169	1.57e-119	425
Ga0393519_53_17_328	CP000239.1:1779349-1780630|CDS|CYA_1773	97.581	248	6	0	1	248	922	1169	1.91e-118	421
Ga0393519_53_17_328	CP000239.1:1644791-1646072|CDS|CYA_1646	97.581	248	6	0	1	248	922	1169	1.91e-118	421
Ga0393519_53_17_328	CP000239.1:1478618-1479899|CDS|CYA_1471	97.581	248	6	0	1	248	922	1169	1.91e-118	421
Ga0393519_53_17_328	CP000240.1:21293-22574|CDS|CYB_0018	83.611	360	11	2	1	312	922	1281	2.33e-117	418
Ga0393519_53_17_328	CP000239.1:2699277-2700558|CDS|CYA_2685	97.177	248	7	0	1	248	922	1169	8.12e-117	416
Ga0393519_53_17_328	CP000239.1:2433345-2434626|CDS|CYA_2424	97.177	248	7	0	1	248	922	1169	8.12e-117	416
Ga0393519_53_17_328	CP000239.1:2403315-2404596|CDS|CYA_2393	97.177	248	7	0	1	248	922	1169	8.12e-117	416
Ga0393519_53_17_328	CP000239.1:1949093-1950374|CDS|CYA_1938	97.177	248	7	0	1	248	922	1169	8.12e-117	416
Ga0393519_53_17_328	CP000239.1:1385448-1386729|CDS|CYA_1375	97.177	248	7	0	1	248	922	1169	8.12e-117	416
Ga0393519_53_17_328	CP000239.1:2710017-2711283|CDS|CYA_2695	96.774	248	8	0	1	248	922	1169	9.89e-116	412
Ga0393519_53_17_328	CP000239.1:2017852-2019133|CDS|CYA_2001	96.774	248	8	0	1	248	922	1169	9.89e-116	412
Ga0393519_53_17_328	CP000239.1:731378-732659|CDS|CYA_0726	96.774	248	8	0	1	248	922	1169	9.89e-116	412
Ga0393519_53_17_328	CP000239.1:362788-364069|CDS|CYA_0345	96.774	248	8	0	1	248	922	1169	9.89e-116	412
Ga0393519_53_17_328	CP000239.1:2598895-2600176|CDS|CYA_2573	96.371	248	9	0	1	248	922	1169	4.20e-114	407
Ga0393519_53_17_328	CP000239.1:2258726-2260007|CDS|CYA_2249	96.371	248	9	0	1	248	922	1169	4.20e-114	407
Ga0393519_53_17_328	CP000239.1:1897468-1898749|CDS|CYA_1890	96.371	248	9	0	1	248	922	1169	4.20e-114	407
Ga0393519_53_17_328	CP000239.1:2450640-2451921|CDS|CYA_2440	95.565	248	11	0	1	248	922	1169	2.18e-111	398
Ga0393519_53_422_1471	CP000240.1:1255627-1256677|CDS|CYB_1209	93.714	1050	66	0	1	1050	1	1050	0.0	1597
Ga0393519_53_422_1471	CP000239.1:1773201-1774251|CDS|CYA_1766	88.476	1050	121	0	1	1050	1	1050	0.0	1349
Ga0393519_53_1677_2768	CP000240.1:1253988-1255434|CDS|CYB_1208	94.689	1092	58	0	1	1092	355	1446	0.0	1709
Ga0393519_53_1677_2768	CP000239.1:1771686-1773120|CDS|CYA_1764	87.088	1092	141	0	1	1092	343	1434	0.0	1334
Ga0393519_54_26_484	CP000240.1:2724283-2724742|CDS|CYB_2633	97.386	459	12	0	1	459	1	459	0.0	774
Ga0393519_54_26_484	CP000239.1:1128532-1128991|CDS|CYA_1102	80.460	435	85	0	24	458	24	458	2.69e-112	402
Ga0393519_54_636_905	CP000240.1:2723862-2724132|CDS|CYB_2632	97.778	270	6	0	1	270	1	270	1.86e-130	461
Ga0393519_54_636_905	CP000239.1:1042529-1042799|CDS|CYA_1023	86.038	265	33	2	1	263	1	263	9.04e-84	306
Ga0393519_54_942_1622	CP000240.1:2723145-2723826|CDS|CYB_2631	97.944	681	14	0	1	681	1	681	0.0	1166
Ga0393519_54_942_1622	CP000239.1:1042832-1043561|CDS|CYA_1024	85.671	663	95	0	12	674	54	716	0.0	768
Ga0393519_54_2332_2763	CP000240.1:2721473-2722277|CDS|CYB_2629	95.370	432	20	0	1	432	373	804	0.0	690
Ga0393519_54_2332_2763	CP000239.1:1044009-1044813|CDS|CYA_1026	85.349	430	61	2	4	432	376	804	2.69e-137	485
Ga0393519_55_411_1025	CP000240.1:2289332-2290067|CDS|CYB_2184	99.512	615	3	0	1	615	121	735	0.0	1096
Ga0393519_55_411_1025	CP000239.1:917989-918616|CDS|CYA_0908	80.976	615	99	1	1	615	31	627	2.99e-170	594
Ga0393519_55_1022_1762	CP000240.1:2290063-2290804|CDS|CYB_2183	98.650	741	10	0	1	741	1	741	0.0	1292
Ga0393519_55_1022_1762	CP000239.1:917240-917993|CDS|CYA_0909	73.969	703	163	6	12	710	45	731	7.48e-122	434
Ga0393519_55_1907_2092	CP000240.1:2291165-2291351|CDS|CYB_2185	98.925	186	2	0	1	186	1	186	1.82e-90	327
Ga0393519_55_1907_2092	CP000239.1:917056-917242|CDS|CYA_0906	84.659	176	27	0	1	176	1	176	7.77e-51	196
Ga0393519_55_2097_2507	CP000240.1:2291355-2291877|CDS|CYB_2186	99.027	411	4	0	1	411	112	522	0.0	724
Ga0393519_55_2097_2507	CP000239.1:916526-917060|CDS|CYA_0907	80.605	397	77	0	2	398	122	518	1.41e-102	370
Ga0393519_56_357_830	CP000240.1:2133373-2134093|CDS|CYB_2031	99.777	449	1	0	26	474	272	720	0.0	806
Ga0393519_56_357_830	CP000239.1:2319169-2319889|CDS|CYA_2316	85.906	447	63	0	28	474	274	720	1.18e-148	523
Ga0393519_56_887_1753	CP000240.1:2132468-2133317|CDS|CYB_2030	97.762	849	19	0	19	867	1	849	0.0	1446
Ga0393519_56_887_1753	CP000239.1:2318278-2319127|CDS|CYA_2315	88.325	848	99	0	19	866	1	848	0.0	1084
Ga0393519_57_4_744	CP000240.1:2664996-2665737|CDS|CYB_2561	98.650	741	10	0	1	741	1	741	0.0	1292
Ga0393519_57_4_744	CP000239.1:1398862-1399594|CDS|CYA_1392	89.510	715	75	0	1	715	1	715	0.0	952
Ga0393519_57_717_2348	CP000240.1:2665709-2667557|CDS|CYB_2560	95.909	1662	38	3	1	1632	187	1848	0.0	2705
Ga0393519_57_717_2348	CP000239.1:1397090-1398893|CDS|CYA_1393	79.685	1585	294	4	2	1584	194	1752	0.0	1415
Ga0393519_58_81_1835	CP000240.1:2725443-2727342|CDS|CYB_2635	97.770	1704	38	0	1	1704	1	1704	0.0	2902
Ga0393519_58_81_1835	CP000239.1:1174188-1176054|CDS|CYA_1151	85.982	1705	231	3	1	1704	1	1698	0.0	1992
Ga0393519_58_1998_2402	CP000240.1:2724876-2725314|CDS|CYB_2634	96.742	399	13	0	3	401	36	434	0.0	662
Ga0393519_58_1998_2402	CP000239.1:1176172-1176601|CDS|CYA_1152	84.750	400	61	0	4	403	28	427	6.31e-126	447
Ga0393519_59_259_579	CP000240.1:2286472-2286817|CDS|CYB_2180	91.277	321	28	0	1	321	25	345	3.33e-128	453
Ga0393519_59_259_579	CP000239.1:128273-128594|CDS|CYA_0134	83.489	321	53	0	1	321	1	321	5.29e-94	341
Ga0393519_59_593_2407	CP000240.1:2286827-2288714|CDS|CYB_2181	96.454	1805	64	0	1	1805	67	1871	0.0	2967
Ga0393519_59_593_2407	CP000239.1:128590-130471|CDS|CYA_0133	85.572	1809	261	0	1	1809	61	1869	0.0	2086
Ga0393519_60_5_1345	CP000240.1:227575-229426|CDS|CYB_0217	98.061	1341	26	0	1	1341	511	1851	0.0	2302
Ga0393519_60_5_1345	CP000239.1:1751515-1753342|CDS|CYA_1747	78.127	1335	239	7	1	1322	511	1805	0.0	1108
Ga0393519_61_596_907	CP000240.1:981104-981416|CDS|CYB_0945	99.359	312	2	0	1	312	1	312	1.28e-158	554
Ga0393519_61_596_907	CP000239.1:221772-222084|CDS|CYA_0214	85.897	312	44	0	1	312	1	312	1.29e-101	365
Ga0393519_61_1032_1757	CP000240.1:980237-980963|CDS|CYB_0944	99.036	726	7	0	1	726	1	726	0.0	1278
Ga0393519_61_1032_1757	CP000239.1:222223-222949|CDS|CYA_0215	87.293	724	92	0	1	724	1	724	0.0	892
Ga0393519_61_1815_2060	CP000240.1:979489-980179|CDS|CYB_0943	97.561	246	6	0	1	246	445	690	1.79e-117	417
Ga0393519_61_1815_2060	CP000239.1:222991-223708|CDS|CYA_0216	78.776	245	52	0	1	245	472	716	1.68e-54	208
Ga0393519_62_5_1888	CP000240.1:1381485-1383591|CDS|CYB_1320	99.151	1884	16	0	1	1884	223	2106	0.0	3326
Ga0393519_62_5_1888	CP000239.1:2293750-2295856|CDS|CYA_2291	85.934	1884	265	0	1	1884	223	2106	0.0	2204
Ga0393519_62_1936_2142	CP000240.1:1381003-1381438|CDS|CYB_1319	96.135	207	8	0	1	207	229	435	1.14e-93	338
Ga0393519_62_1936_2142	CP000239.1:2293257-2293686|CDS|CYA_2290	87.027	185	24	0	4	188	232	416	5.18e-60	226
Ga0393519_65_138_512	CP000240.1:2702763-2703138|CDS|CYB_2602	97.600	375	9	0	1	375	1	375	0.0	636
Ga0393519_65_138_512	CP000239.1:1189527-1189899|CDS|CYA_1173	88.235	374	41	1	1	374	1	371	1.20e-134	475
Ga0393519_65_555_1325	CP000240.1:2703180-2703951|CDS|CYB_2603	99.611	771	3	0	1	771	1	771	0.0	1378
Ga0393519_65_555_1325	CP000239.1:1188739-1189486|CDS|CYA_1172	83.787	771	101	2	1	771	1	747	0.0	840
Ga0393519_65_1381_1848	CP000240.1:2704006-2704474|CDS|CYB_2604	98.932	468	5	0	1	468	1	468	0.0	822
Ga0393519_65_1381_1848	CP000239.1:1188207-1188684|CDS|CYA_1171	88.117	446	53	0	1	446	1	446	1.09e-161	566
Ga0393519_66_428_619	CP000240.1:1935444-1935825|CDS|CYB_1850	96.875	192	6	0	1	192	190	381	2.81e-88	320
Ga0393519_66_669_908	CP000240.1:1935155-1935377|CDS|CYB_1849	98.649	222	3	0	19	240	1	222	2.96e-108	388
Ga0393519_66_669_908	CP000239.1:398919-399153|CDS|CYA_0384	79.565	230	47	0	1	230	1	230	6.97e-53	204
Ga0393519_66_1023_1880	CP000240.1:1933937-1935041|CDS|CYB_1848	95.545	853	38	0	1	853	247	1099	0.0	1368
Ga0393519_66_1023_1880	CP000239.1:399355-400294|CDS|CYA_0385	83.099	852	127	4	1	851	97	932	0.0	885
