Ga0393506_01_256_1887	CP000240.1:2413979-2415611|CDS|CYB_2304	98.283	1631	28	0	1	1631	1	1631	0.0	2816
Ga0393506_01_256_1887	CP000239.1:1986509-1988141|CDS|CYA_1969	87.055	1630	211	0	1	1630	1	1630	0.0	1989
Ga0393506_01_2027_3313	CP000240.1:2415750-2417037|CDS|CYB_2305	97.203	1287	36	0	1	1287	1	1287	0.0	2159
Ga0393506_01_2027_3313	CP000239.1:2193985-2195272|CDS|CYA_2178	88.345	1287	150	0	1	1287	1	1287	0.0	1645
Ga0393506_01_3339_4349	CP000240.1:2417062-2418073|CDS|CYB_2306	98.516	1011	15	0	1	1011	1	1011	0.0	1756
Ga0393506_01_3339_4349	CP000239.1:2195309-2196320|CDS|CYA_2179	86.548	1011	136	0	1	1011	1	1011	0.0	1211
Ga0393506_01_4755_5357	CP000240.1:2418299-2418983|CDS|CYB_2307	98.176	603	11	0	1	603	82	684	0.0	1039
Ga0393506_01_4755_5357	CP000239.1:824514-825198|CDS|CYA_0813	86.070	603	84	0	1	603	82	684	0.0	710
Ga0393506_01_5576_5815	CP000240.1:2419212-2419452|CDS|CYB_2308	99.167	240	2	0	1	240	1	240	1.18e-119	425
Ga0393506_01_5576_5815	CP000239.1:151960-152200|CDS|CYA_0155	86.854	213	28	0	28	240	28	240	1.03e-69	259
Ga0393506_01_5912_6421	CP000240.1:2419548-2421423|CDS|CYB_2309	99.412	510	3	0	1	510	1366	1875	0.0	907
Ga0393506_01_5912_6421	CP000239.1:154077-154842|CDS|CYA_0157	89.183	416	45	0	27	442	321	736	3.20e-156	548
Ga0393506_01_6641_6769	CP000240.1:2419548-2421423|CDS|CYB_2309	98.039	102	2	0	7	108	1255	1356	4.78e-45	176
Ga0393506_01_7040_8077	CP000240.1:2419548-2421423|CDS|CYB_2309	97.306	928	19	1	1	928	187	1108	0.0	1563
Ga0393506_01_8302_8571	CP000240.1:2421461-2422580|CDS|CYB_2310	98.148	270	5	0	1	270	850	1119	1.53e-131	465
Ga0393506_01_8302_8571	CP000239.1:154881-156000|CDS|CYA_0159	88.148	270	32	0	1	270	850	1119	3.60e-95	343
Ga0393506_01_8450_9421	CP000240.1:2421461-2422580|CDS|CYB_2310	97.222	972	26	1	1	972	1	971	0.0	1628
Ga0393506_01_8450_9421	CP000239.1:154881-156000|CDS|CYA_0159	87.757	972	118	1	1	972	1	971	0.0	1214
Ga0393506_01_9626_10396	CP000240.1:2422795-2423566|CDS|CYB_2311	98.054	771	15	0	1	771	1	771	0.0	1324
Ga0393506_01_9626_10396	CP000239.1:156187-156946|CDS|CYA_0160	86.104	770	95	1	1	770	1	758	0.0	913
Ga0393506_01_10565_11467	CP000240.1:2426035-2426938|CDS|CYB_2315	99.557	903	4	0	1	903	1	903	0.0	1611
Ga0393506_01_10565_11467	CP000239.1:1216338-1217253|CDS|CYA_1206	87.875	899	109	0	1	899	13	911	0.0	1131
Ga0393506_01_11693_12826	CP000240.1:2427163-2428297|CDS|CYB_2316	98.325	1134	19	0	1	1134	1	1134	0.0	1960
Ga0393506_01_11693_12826	CP000239.1:1214994-1216128|CDS|CYA_1205	88.194	1135	132	2	1	1134	1	1134	0.0	1436
Ga0393506_01_12898_13575	CP000240.1:2428296-2429046|CDS|CYB_2317	98.820	678	8	0	1	678	73	750	0.0	1187
Ga0393506_01_12898_13575	CP000239.1:1214239-1214983|CDS|CYA_1204	79.882	676	132	2	4	677	61	734	2.23e-172	601
Ga0393506_01_13614_14387	CP000240.1:2429084-2429858|CDS|CYB_2319	97.933	774	16	0	1	774	1	774	0.0	1324
Ga0393506_01_13614_14387	CP000239.1:1213463-1214252|CDS|CYA_1202	84.409	744	116	0	31	774	46	789	0.0	820
Ga0393506_01_14365_14898	CP000240.1:2429835-2430561|CDS|CYB_2318	99.625	534	2	0	1	534	193	726	0.0	955
Ga0393506_01_14365_14898	CP000239.1:1212760-1213486|CDS|CYA_1203	82.163	527	94	0	6	532	198	724	3.15e-150	527
Ga0393506_01_15087_16070	CP000240.1:2430557-2431541|CDS|CYB_2320	98.984	984	10	0	1	984	1	984	0.0	1730
Ga0393506_01_15087_16070	CP000239.1:1211786-1212764|CDS|CYA_1201	88.242	944	111	0	41	984	35	978	0.0	1203
Ga0393506_01_16628_17176	CP000240.1:2432096-2432645|CDS|CYB_2322	99.636	549	2	0	1	549	1	549	0.0	982
Ga0393506_01_16628_17176	CP000239.1:1210708-1211260|CDS|CYA_1199	80.727	550	103	1	1	547	1	550	7.13e-146	513
Ga0393506_01_16628_17176	CP000239.1:1210660-1211167|CDS|CYA_1200	81.838	457	83	0	91	547	507	51	7.14e-127	451
Ga0393506_01_17925_18302	CP000240.1:2433114-2433426|CDS|CYB_2324	100.000	312	0	0	67	378	1	312	3.03e-161	563
Ga0393506_01_17925_18302	CP000239.1:1387368-1387680|CDS|CYA_1378	84.516	310	48	0	67	376	1	310	5.15e-95	343
Ga0393506_01_18390_18677	CP000240.1:2433608-2433896|CDS|CYB_2325	100.000	288	0	0	1	288	1	288	2.43e-148	520
Ga0393506_01_18390_18677	CP000239.1:1386919-1387207|CDS|CYA_1376	89.931	288	29	0	1	288	1	288	1.03e-108	389
Ga0393506_01_18789_18944	CP000240.1:2434026-2434398|CDS|CYB_2326	97.436	156	4	0	1	156	217	372	1.50e-71	264
Ga0393506_01_18861_19073	CP000240.1:2434026-2434398|CDS|CYB_2326	98.592	213	3	0	1	213	300	88	1.99e-103	371
Ga0393506_01_19220_20350	CP000240.1:2434457-2435588|CDS|CYB_2328	99.469	1131	6	0	1	1131	1	1131	0.0	2013
Ga0393506_01_19220_20350	CP000239.1:2009038-2010169|CDS|CYA_1990	87.622	1131	138	2	1	1130	1	1130	0.0	1402
Ga0393506_01_20327_20839	CP000240.1:2435564-2436077|CDS|CYB_2327	99.610	513	2	0	1	513	1	513	0.0	917
Ga0393506_01_20327_20839	CP000239.1:2010165-2010651|CDS|CYA_1989	79.521	459	92	2	1	458	1	458	3.68e-111	398
Ga0393506_01_20957_21700	CP000240.1:2436196-2436928|CDS|CYB_2329	94.489	744	29	1	1	744	1	732	0.0	1164
Ga0393506_01_20957_21700	CP000239.1:2010770-2011592|CDS|CYA_1991	78.351	679	129	4	75	744	153	822	7.49e-160	561
Ga0393506_01_21936_22595	CP000240.1:2437163-2437823|CDS|CYB_2330	98.485	660	10	0	1	660	1	660	0.0	1146
Ga0393506_01_21936_22595	CP000239.1:2011734-2012391|CDS|CYA_1992	81.448	663	114	2	1	660	1	657	0.0	641
Ga0393506_02_2350_3135	CP000240.1:240592-241378|CDS|CYB_0231	99.237	786	6	0	1	786	1	786	0.0	1391
Ga0393506_02_2350_3135	CP000239.1:480686-481472|CDS|CYA_0466	81.877	778	141	0	1	778	1	778	0.0	768
Ga0393506_02_3148_4314	CP000240.1:239320-240580|CDS|CYB_0230	98.543	1167	17	0	1	1167	94	1260	0.0	2029
Ga0393506_02_4506_5168	CP000240.1:238503-239223|CDS|CYB_0229	96.526	662	23	0	1	662	58	719	0.0	1091
Ga0393506_02_4506_5168	CP000239.1:479942-480662|CDS|CYA_0465	86.454	657	87	2	1	656	58	713	0.0	777
Ga0393506_02_5530_6132	CP000240.1:237597-238200|CDS|CYB_0228	98.010	603	12	0	1	603	1	603	0.0	1034
Ga0393506_02_5530_6132	CP000239.1:479155-479752|CDS|CYA_0464	88.723	603	62	1	1	603	1	597	0.0	783
Ga0393506_02_6179_7330	CP000240.1:236291-237551|CDS|CYB_0227	97.483	1152	29	0	1	1152	109	1260	0.0	1948
Ga0393506_02_6179_7330	CP000239.1:477861-479121|CDS|CYA_0463	84.501	1142	175	2	1	1141	109	1249	0.0	1255
Ga0393506_02_7439_7846	CP000240.1:235397-236291|CDS|CYB_0226	99.010	404	4	0	5	408	491	894	0.0	711
Ga0393506_02_7439_7846	CP000239.1:476946-477861|CDS|CYA_0462	88.206	407	48	0	1	407	508	914	1.23e-147	518
Ga0393506_02_8001_8318	CP000240.1:235397-236291|CDS|CYB_0226	98.077	312	6	0	1	312	312	1	3.52e-153	536
Ga0393506_02_8001_8318	CP000239.1:476946-477861|CDS|CYA_0462	82.951	305	52	0	1	305	312	8	5.97e-87	316
Ga0393506_02_8319_8945	CP000240.1:234764-235391|CDS|CYB_0225	98.884	627	7	0	1	627	1	627	0.0	1100
Ga0393506_02_8319_8945	CP000239.1:476310-476940|CDS|CYA_0461	80.099	608	121	0	20	627	23	630	3.26e-157	552
Ga0393506_02_9376_10185	CP000240.1:233531-234650|CDS|CYB_0224	98.642	810	11	0	1	810	310	1119	0.0	1412
Ga0393506_02_9376_10185	CP000239.1:474746-475817|CDS|CYA_0459	86.785	787	104	0	1	787	262	1048	0.0	951
Ga0393506_02_10312_10911	CP000240.1:232757-233405|CDS|CYB_0223	100.000	600	0	0	1	600	49	648	0.0	1083
Ga0393506_02_10312_10911	CP000239.1:473957-474605|CDS|CYA_0458	85.497	593	86	0	1	593	49	641	0.0	682
Ga0393506_02_11126_11665	CP000240.1:232120-232591|CDS|CYB_0221	98.726	471	6	0	70	540	1	471	0.0	823
Ga0393506_02_11126_11665	CP000239.1:1748696-1749167|CDS|CYA_1743	85.350	471	69	0	70	540	1	471	1.76e-153	539
Ga0393506_02_12190_12441	CP000240.1:231284-231545|CDS|CYB_0220	99.582	239	1	0	1	239	19	257	3.56e-120	427
Ga0393506_02_12190_12441	CP000239.1:1749394-1749670|CDS|CYA_1744	85.135	222	33	0	1	222	22	243	1.62e-67	252
Ga0393506_02_12720_13889	CP000240.1:229470-231006|CDS|CYB_0218	98.719	1171	14	1	1	1170	1	1171	0.0	2041
Ga0393506_02_12720_13889	CP000239.1:1749935-1751471|CDS|CYA_1746	84.936	1175	168	7	1	1170	1	1171	0.0	1298
Ga0393506_02_13886_14254	CP000240.1:229470-231006|CDS|CYB_0218	97.832	369	8	0	1	369	1168	1536	0.0	630
Ga0393506_02_13886_14254	CP000239.1:1749935-1751471|CDS|CYA_1746	85.405	370	52	2	1	369	1168	1536	2.77e-117	417
Ga0393506_02_14299_16149	CP000240.1:227575-229426|CDS|CYB_0217	97.461	1851	47	0	1	1851	1	1851	0.0	3127
Ga0393506_02_14299_16149	CP000239.1:1751515-1753342|CDS|CYA_1747	80.906	1833	297	7	13	1832	13	1805	0.0	1745
Ga0393506_02_16156_16656	CP000240.1:226513-227569|CDS|CYB_0216	98.802	501	6	0	1	501	556	1056	0.0	877
Ga0393506_02_16156_16656	CP000239.1:1753540-1754599|CDS|CYA_1748	92.057	491	39	0	1	491	556	1046	0.0	710
Ga0393506_02_16156_16656	CP000240.1:443946-445011|CDS|CYB_0433	70.040	494	139	5	1	491	547	1034	1.03e-54	210
Ga0393506_02_16156_16656	CP000240.1:384572-385637|CDS|CYB_0371	70.040	494	139	5	1	491	547	1034	1.03e-54	210
Ga0393506_02_16156_16656	CP000239.1:1850153-1851218|CDS|CYA_1849	69.636	494	141	5	1	491	547	1034	5.34e-52	201
Ga0393506_02_16156_16656	CP000239.1:1814549-1815614|CDS|CYA_1811	69.636	494	141	5	1	491	547	1034	5.34e-52	201
Ga0393506_02_16156_16656	CP000239.1:1288197-1289262|CDS|CYA_1274	69.636	494	141	5	1	491	547	1034	5.34e-52	201
Ga0393506_03_944_2161	CP000240.1:638632-639850|CDS|CYB_0630	94.992	1218	61	0	1	1218	1	1218	0.0	1922
Ga0393506_03_944_2161	CP000240.1:3008652-3009870|CDS|CYB_2910	94.499	1218	67	0	1	1218	1	1218	0.0	1895
Ga0393506_03_944_2161	CP000240.1:2644164-2645358|CDS|CYB_2538	94.007	1218	49	1	1	1218	1	1194	0.0	1885
Ga0393506_03_944_2161	CP000240.1:1803089-1804283|CDS|CYB_1722	93.924	1218	50	1	1	1218	1	1194	0.0	1881
Ga0393506_03_944_2161	CP000240.1:1083184-1084426|CDS|CYB_1042	93.156	1242	61	1	1	1218	1	1242	0.0	1874
Ga0393506_03_944_2161	CP000240.1:1521392-1522610|CDS|CYB_1450	94.089	1218	72	0	1	1218	1	1218	0.0	1873
Ga0393506_03_944_2161	CP000240.1:2830275-2831565|CDS|CYB_2735	92.581	1240	51	2	1	1216	1	1223	0.0	1850
Ga0393506_03_944_2161	CP000240.1:1358129-1359347|CDS|CYB_1297	93.432	1218	80	0	1	1218	1	1218	0.0	1837
Ga0393506_03_944_2161	CP000240.1:1190675-1191869|CDS|CYB_1151	92.863	1219	61	3	1	1218	1	1194	0.0	1817
Ga0393506_03_944_2161	CP000239.1:2170714-2171908|CDS|CYA_2158	92.118	1218	72	1	1	1218	1	1194	0.0	1782
Ga0393506_03_944_2161	CP000240.1:52430-53648|CDS|CYB_0041	90.741	1242	67	2	1	1218	1	1218	0.0	1756
Ga0393506_03_944_2161	CP000240.1:1954838-1956056|CDS|CYB_1872	89.855	1242	78	3	1	1218	1	1218	0.0	1702
Ga0393506_03_944_2161	CP000240.1:2796782-2798000|CDS|CYB_2707	89.533	1242	82	3	1	1218	1	1218	0.0	1684
Ga0393506_03_944_2161	CP000240.1:2168360-2169515|CDS|CYB_2071	92.080	1149	67	1	1	1149	1	1125	0.0	1680
Ga0393506_03_944_2161	CP000239.1:712444-713638|CDS|CYA_0704	89.901	1218	99	1	1	1218	1	1194	0.0	1660
Ga0393506_03_944_2161	CP000240.1:1064975-1066169|CDS|CYB_1023	89.409	1218	105	1	1	1218	1	1194	0.0	1633
Ga0393506_03_944_2161	CP000239.1:774779-775973|CDS|CYA_0767	89.080	1218	109	1	1	1218	1	1194	0.0	1615
Ga0393506_03_944_2161	CP000240.1:2210858-2212052|CDS|CYB_2117	88.670	1218	114	1	1	1218	1	1194	0.0	1592
Ga0393506_03_944_2161	CP000240.1:481588-482800|CDS|CYB_0472	88.743	1217	111	3	1	1216	1	1192	0.0	1588
Ga0393506_03_944_2161	CP000240.1:102811-104029|CDS|CYB_0087	90.252	1149	112	0	1	1149	1	1149	0.0	1568
Ga0393506_03_944_2161	CP000239.1:629980-631174|CDS|CYA_0620	88.177	1218	120	1	1	1218	1	1194	0.0	1565
Ga0393506_03_944_2161	CP000240.1:1267756-1268992|CDS|CYB_1227	88.003	1217	144	2	1	1216	1	1216	0.0	1530
Ga0393506_03_944_2161	CP000240.1:2247371-2248565|CDS|CYB_2147	89.121	1149	101	2	1	1149	1	1125	0.0	1522
Ga0393506_03_944_2161	CP000240.1:2553363-2554557|CDS|CYB_2454	87.356	1218	130	1	1	1218	1	1194	0.0	1520
Ga0393506_03_944_2161	CP000240.1:2933473-2934709|CDS|CYB_2835	87.859	1219	142	4	1	1216	1	1216	0.0	1519
Ga0393506_03_944_2161	CP000240.1:629484-630702|CDS|CYB_0620	87.603	1218	151	0	1	1218	1	1218	0.0	1517
Ga0393506_03_944_2161	CP000240.1:1316312-1317548|CDS|CYB_1259	85.887	1240	127	2	1	1216	1	1216	0.0	1482
Ga0393506_03_944_2161	CP000239.1:1594889-1596107|CDS|CYA_1585	88.077	1149	113	1	1	1149	1	1125	0.0	1472
Ga0393506_03_944_2161	CP000240.1:2619921-2621115|CDS|CYB_2521	86.300	1219	141	3	1	1218	1	1194	0.0	1456
Ga0393506_03_944_2161	CP000240.1:2661652-2662870|CDS|CYB_2557	84.944	1242	139	3	1	1218	1	1218	0.0	1427
Ga0393506_03_944_2161	CP000240.1:1244785-1246021|CDS|CYB_1201	84.516	1240	144	2	1	1216	1	1216	0.0	1406
Ga0393506_03_944_2161	CP000240.1:1015074-1016268|CDS|CYB_0979	85.988	1149	137	1	1	1149	1	1125	0.0	1364
Ga0393506_03_944_2161	CP000239.1:994256-995468|CDS|CYA_0981	84.457	1216	165	1	1	1216	1	1192	0.0	1359
Ga0393506_03_944_2161	CP000240.1:241642-242836|CDS|CYB_0233	85.217	1150	144	3	1	1149	1	1125	0.0	1318
Ga0393506_03_944_2161	CP000240.1:605550-606744|CDS|CYB_0598	83.333	1218	179	1	1	1218	1	1194	0.0	1299
Ga0393506_03_944_2161	CP000239.1:893439-894633|CDS|CYA_0887	84.682	1149	152	1	1	1149	1	1125	0.0	1297
Ga0393506_03_944_2161	CP000240.1:1842322-1843549|CDS|CYB_1759	82.276	1230	166	5	1	1204	1	1204	0.0	1260
Ga0393506_03_944_2161	CP000239.1:698055-699204|CDS|CYA_0690	82.921	1171	152	3	1	1147	1	1147	0.0	1241
Ga0393506_03_944_2161	CP000240.1:1384265-1385459|CDS|CYB_1322	83.551	1149	165	1	1	1149	1	1125	0.0	1238
Ga0393506_03_944_2161	CP000240.1:345730-346924|CDS|CYB_0329	82.594	1149	176	1	1	1149	1	1125	0.0	1188
Ga0393506_03_944_2161	CP000240.1:2565689-2566883|CDS|CYB_2468	81.897	1149	184	1	1	1149	1	1125	0.0	1152
Ga0393506_03_944_2161	CP000239.1:693322-694534|CDS|CYA_0687	79.361	1221	218	6	1	1216	1	1192	0.0	1070
Ga0393506_03_944_2161	CP000240.1:2128026-2129220|CDS|CYB_2026	80.346	1155	191	8	1	1149	1	1125	0.0	1057
Ga0393506_03_944_2161	CP000240.1:2219258-2220470|CDS|CYB_2126	79.034	1221	222	6	1	1216	1	1192	0.0	1052
Ga0393506_03_944_2161	CP000240.1:2506708-2507857|CDS|CYB_2410	78.496	1130	145	6	1	1033	1	1129	0.0	1004
Ga0393506_03_944_2161	CP000240.1:1763450-1764623|CDS|CYB_1688	78.701	1155	210	8	1	1149	1	1125	0.0	971
Ga0393506_03_944_2161	CP000240.1:1917270-1918464|CDS|CYB_1826	77.749	1155	221	8	1	1149	1	1125	0.0	921
Ga0393506_03_944_2161	CP000239.1:88305-89487|CDS|CYA_0091	73.799	1145	252	4	1	1139	1	1103	0.0	738
Ga0393506_03_2180_4102	CP000240.1:2872846-2874769|CDS|CYB_2779	96.613	1919	65	0	1	1919	1	1919	0.0	3168
Ga0393506_03_2180_4102	CP000239.1:119961-121887|CDS|CYA_0128	91.141	1919	170	0	1	1919	1	1919	0.0	2695
Ga0393506_03_4550_5650	CP000240.1:2875216-2876317|CDS|CYB_2780	97.003	1101	33	0	1	1101	1	1101	0.0	1838
Ga0393506_03_4550_5650	CP000239.1:122378-123428|CDS|CYA_0129	85.397	1034	136	2	68	1101	32	1050	0.0	1189
Ga0393506_03_5953_7791	CP000240.1:2876607-2878500|CDS|CYB_2781	97.390	1839	48	0	1	1839	55	1893	0.0	3101
Ga0393506_03_5953_7791	CP000239.1:123677-125564|CDS|CYA_0130	90.038	1837	177	1	1	1837	55	1885	0.0	2489
Ga0393506_03_8000_8959	CP000240.1:2878708-2879668|CDS|CYB_2782	99.792	960	2	0	1	960	1	960	0.0	1723
Ga0393506_03_8000_8959	CP000239.1:125762-126731|CDS|CYA_0132	84.302	981	121	4	1	960	1	969	0.0	1087
Ga0393506_03_9100_9999	CP000240.1:2879808-2880639|CDS|CYB_2783	99.519	831	4	0	70	900	1	831	0.0	1481
Ga0393506_03_9100_9999	CP000239.1:1964217-1965027|CDS|CYA_1953	83.129	735	120	3	104	836	35	767	0.0	757
Ga0393506_03_9998_10585	CP000240.1:2880706-2881294|CDS|CYB_2784	99.320	588	4	0	1	588	1	588	0.0	1043
Ga0393506_03_9998_10585	CP000239.1:1965093-1965669|CDS|CYA_1954	80.168	595	82	5	1	583	1	571	3.05e-157	552
Ga0393506_03_10798_11454	CP000240.1:2881308-2882163|CDS|CYB_2785	99.848	657	1	0	1	657	199	855	0.0	1181
Ga0393506_03_10798_11454	CP000239.1:1965675-1966587|CDS|CYA_1955	89.482	637	67	0	4	640	202	838	0.0	847
Ga0393506_03_11668_12168	CP000240.1:2882376-2882877|CDS|CYB_2786	99.202	501	4	0	1	501	1	501	0.0	886
Ga0393506_03_11668_12168	CP000239.1:1968160-1968661|CDS|CYA_1957	88.822	501	56	0	1	501	1	501	0.0	652
Ga0393506_04_1991_2296	CP000240.1:929514-929820|CDS|CYB_0896	98.039	306	6	0	1	306	1	306	6.10e-150	526
Ga0393506_04_1991_2296	CP000239.1:951097-951415|CDS|CYA_0940	88.514	296	34	0	1	296	1	296	1.64e-106	381
Ga0393506_04_2332_3465	CP000240.1:929855-930989|CDS|CYB_0897	98.413	1134	18	0	1	1134	1	1134	0.0	1965
Ga0393506_04_2332_3465	CP000239.1:951485-952631|CDS|CYA_0941	80.592	1149	205	5	1	1134	1	1146	0.0	1061
Ga0393506_04_3491_4150	CP000240.1:931014-931674|CDS|CYB_0898	99.394	660	4	0	1	660	1	660	0.0	1173
Ga0393506_04_3491_4150	CP000239.1:952657-953323|CDS|CYA_0942	76.110	653	141	5	17	660	20	666	1.12e-131	466
Ga0393506_04_4427_5314	CP000240.1:931956-932838|CDS|CYB_0899	97.959	882	18	0	7	888	1	882	0.0	1510
Ga0393506_04_4427_5314	CP000239.1:953466-954468|CDS|CYA_0943	77.369	897	189	6	2	888	110	1002	0.0	689
Ga0393506_04_5324_6127	CP000240.1:932847-933651|CDS|CYB_0900	98.632	804	11	0	1	804	1	804	0.0	1401
Ga0393506_04_5324_6127	CP000239.1:642958-643759|CDS|CYA_0631	75.124	804	154	6	1	804	1	758	6.67e-161	563
Ga0393506_04_6154_6816	CP000240.1:933677-934340|CDS|CYB_0901	98.341	663	11	0	1	663	1	663	0.0	1147
Ga0393506_04_6154_6816	CP000239.1:643785-644448|CDS|CYA_0632	80.845	663	127	0	1	663	1	663	6.66e-179	624
Ga0393506_04_7218_7670	CP000240.1:934707-935205|CDS|CYB_0904	99.558	453	2	0	1	453	46	498	0.0	809
Ga0393506_04_7218_7670	CP000239.1:645186-645657|CDS|CYA_0633	87.080	387	50	0	67	453	85	471	5.11e-134	473
Ga0393506_04_7688_8266	CP000240.1:935222-935801|CDS|CYB_0905	99.309	579	4	0	1	579	1	579	0.0	1027
Ga0393506_04_7688_8266	CP000239.1:645673-646252|CDS|CYA_0634	84.441	572	89	0	1	572	1	572	0.0	631
Ga0393506_04_8404_8904	CP000240.1:935938-936439|CDS|CYB_0906	100.000	501	0	0	1	501	1	501	0.0	904
Ga0393506_04_8404_8904	CP000239.1:1632070-1632571|CDS|CYA_1629	82.004	489	88	0	1	489	1	489	9.01e-138	486
Ga0393506_04_9195_9485	CP000240.1:936729-937020|CDS|CYB_0907	100.000	291	0	0	1	291	1	291	5.78e-150	526
Ga0393506_04_9567_9773	CP000239.1:972526-973936|CDS|CYA_0960	99.363	157	1	0	1	157	1	157	9.36e-76	279
Ga0393506_04_9850_10578	CP000239.1:971754-972450|CDS|CYA_0959	91.954	696	56	0	34	729	1	696	0.0	1003
Ga0393506_05_23_895	CP000240.1:118334-119306|CDS|CYB_0102	99.885	873	1	0	1	873	100	972	0.0	1571
Ga0393506_05_23_895	CP000239.1:1944065-1945040|CDS|CYA_1931	88.283	862	98	1	1	859	100	961	0.0	1098
Ga0393506_05_897_1778	CP000240.1:117451-118333|CDS|CYB_0101	95.692	882	38	0	1	882	1	882	0.0	1420
Ga0393506_05_897_1778	CP000239.1:1943182-1944007|CDS|CYA_1930	89.163	812	88	0	71	882	14	825	0.0	1068
Ga0393506_05_1849_2718	CP000240.1:116511-117381|CDS|CYB_0099	96.667	870	29	0	1	870	1	870	0.0	1439
Ga0393506_05_1849_2718	CP000239.1:1942254-1943112|CDS|CYA_1928	95.093	856	42	0	1	856	1	856	0.0	1355
Ga0393506_05_2710_3390	CP000240.1:115839-116520|CDS|CYB_0100	95.000	680	34	0	1	680	1	680	0.0	1074
Ga0393506_05_2710_3390	CP000239.1:1941565-1942258|CDS|CYA_1929	87.126	668	86	0	13	680	25	692	0.0	818
Ga0393506_05_3470_3760	CP000240.1:115466-115760|CDS|CYB_0098	96.259	294	8	1	1	291	1	294	7.52e-136	480
Ga0393506_05_3470_3760	CP000239.1:1941212-1941491|CDS|CYA_1927	84.701	268	41	0	22	289	10	277	1.46e-81	299
Ga0393506_05_3835_4422	CP000240.1:114810-115398|CDS|CYB_0097	98.469	588	9	0	1	588	1	588	0.0	1021
Ga0393506_05_3835_4422	CP000239.1:776203-776698|CDS|CYA_0768	83.401	494	82	0	95	588	2	495	1.48e-148	522
Ga0393506_05_4560_6695	CP000240.1:112531-114667|CDS|CYB_0096	97.519	2136	53	0	1	2136	1	2136	0.0	3614
Ga0393506_05_4560_6695	CP000239.1:1938846-1940973|CDS|CYA_1926	84.612	2060	302	2	58	2114	58	2105	0.0	2291
Ga0393506_05_6881_8269	CP000240.1:110943-112338|CDS|CYB_0095	97.993	1395	22	1	1	1389	1	1395	0.0	2391
Ga0393506_05_6881_8269	CP000239.1:2007471-2008917|CDS|CYA_1988	87.097	1364	176	0	9	1372	12	1375	0.0	1667
Ga0393506_05_8543_9196	CP000240.1:110016-110670|CDS|CYB_0094	98.777	654	8	0	1	654	1	654	0.0	1144
Ga0393506_05_8543_9196	CP000239.1:2006474-2007128|CDS|CYA_1987	87.615	654	81	0	1	654	1	654	0.0	815
Ga0393506_05_9424_10698	CP000240.1:108514-109690|CDS|CYB_0093	99.233	1174	9	0	100	1273	1	1174	0.0	2077
Ga0393506_05_9424_10698	CP000239.1:2005092-2006355|CDS|CYA_1986	83.673	1176	189	2	1	1176	1	1173	0.0	1250
Ga0393506_05_10747_11364	CP000240.1:107840-108458|CDS|CYB_0092	98.539	616	9	0	1	616	1	616	0.0	1071
Ga0393506_05_10747_11364	CP000239.1:2004447-2005065|CDS|CYA_1985	81.282	593	109	2	26	617	26	617	1.78e-160	563
Ga0393506_06_200_556	CP000240.1:841876-842233|CDS|CYB_0813	100.000	357	0	0	1	357	1	357	0.0	645
Ga0393506_06_200_556	CP000239.1:2619424-2619778|CDS|CYA_2601	90.116	344	34	0	1	344	1	344	1.69e-132	468
Ga0393506_06_200_556	CP000239.1:2581159-2581519|CDS|CYA_2557	86.297	343	47	0	5	347	11	353	4.84e-114	407
Ga0393506_06_661_777	CP000240.1:841655-841772|CDS|CYB_0812	100.000	117	0	0	1	117	1	117	5.90e-56	212
Ga0393506_06_661_777	CP000239.1:2619211-2619328|CDS|CYA_2600	86.325	117	16	0	1	117	1	117	3.06e-34	140
Ga0393506_06_661_777	CP000239.1:2581636-2581753|CDS|CYA_2558	86.325	117	16	0	1	117	1	117	3.06e-34	140
Ga0393506_06_1046_2437	CP000240.1:839995-841399|CDS|CYB_0811	99.784	1392	3	0	1	1392	13	1404	0.0	2498
Ga0393506_06_1046_2437	CP000239.1:2581835-2583239|CDS|CYA_2559	85.859	1386	196	0	7	1392	19	1404	0.0	1617
Ga0393506_06_2618_4000	CP000240.1:838432-839815|CDS|CYB_0810	97.686	1383	32	0	1	1383	1	1383	0.0	2351
Ga0393506_06_2618_4000	CP000239.1:2583384-2584767|CDS|CYA_2560	78.016	1401	268	15	1	1381	1	1381	0.0	1107
Ga0393506_06_4164_4754	CP000240.1:837678-838269|CDS|CYB_0809	96.277	591	22	0	1	591	1	591	0.0	967
Ga0393506_06_4164_4754	CP000239.1:2584939-2585527|CDS|CYA_2562	79.695	591	117	2	1	591	1	588	1.81e-147	519
Ga0393506_06_4788_6401	CP000240.1:835785-837645|CDS|CYB_0808	97.522	1614	40	0	1	1614	247	1860	0.0	2731
Ga0393506_06_4788_6401	CP000239.1:2585535-2587392|CDS|CYA_2563	87.407	1612	203	0	1	1612	244	1855	0.0	1993
Ga0393506_06_6742_8829	CP000240.1:833612-835700|CDS|CYB_0807	99.090	2088	19	0	1	2088	1	2088	0.0	3681
Ga0393506_06_6742_8829	CP000239.1:2587474-2589562|CDS|CYA_2564	87.315	2089	263	2	1	2088	1	2088	0.0	2566
Ga0393506_06_9199_10974	CP000240.1:831481-833314|CDS|CYB_0806	99.043	1776	17	0	1	1776	58	1833	0.0	3127
Ga0393506_06_9199_10974	CP000239.1:313287-315018|CDS|CYA_0308	74.282	1777	339	14	2	1776	71	1731	0.0	1188
Ga0393506_06_10978_11421	CP000240.1:831034-831478|CDS|CYB_0805	98.198	444	8	0	1	444	1	444	0.0	765
Ga0393506_06_10978_11421	CP000239.1:312833-313277|CDS|CYA_0307	83.559	444	73	0	1	444	1	444	1.75e-133	472
Ga0393506_07_793_1260	CP000240.1:329523-329991|CDS|CYB_0314	98.932	468	5	0	1	468	1	468	0.0	822
Ga0393506_07_793_1260	CP000239.1:2102942-2103374|CDS|CYA_2084	78.272	382	72	3	88	468	61	432	3.82e-85	312
Ga0393506_07_1588_1953	CP000239.1:2100755-2101133|CDS|CYA_2080	74.317	366	70	1	1	366	37	378	6.92e-68	254
Ga0393506_07_2043_2864	CP000240.1:330803-331757|CDS|CYB_0315	99.513	822	4	0	1	822	133	954	0.0	1465
Ga0393506_07_2043_2864	CP000239.1:1869501-1870437|CDS|CYA_1864	80.976	820	141	2	1	820	130	934	0.0	781
Ga0393506_07_3598_3903	CP000240.1:331929-332664|CDS|CYB_0316	97.059	306	9	0	1	306	430	735	1.34e-145	512
Ga0393506_07_3598_3903	CP000239.1:1279683-1280436|CDS|CYA_1264	83.987	306	49	0	1	306	448	753	2.60e-91	332
Ga0393506_07_3900_4706	CP000240.1:332660-333467|CDS|CYB_0317	98.389	807	13	0	1	807	1	807	0.0	1397
Ga0393506_07_3900_4706	CP000239.1:1280432-1281239|CDS|CYA_1265	85.502	807	117	0	1	807	1	807	0.0	929
Ga0393506_07_4789_5091	CP000240.1:333558-333861|CDS|CYB_0318	99.010	303	3	0	1	303	1	303	4.07e-152	534
Ga0393506_07_4789_5091	CP000239.1:1281329-1281692|CDS|CYA_1266	85.057	261	39	0	1	261	1	261	1.85e-80	296
Ga0393506_07_5475_7823	CP000240.1:334258-336613|CDS|CYB_0320	98.471	2354	30	1	1	2348	1	2354	0.0	4085
Ga0393506_07_7801_8169	CP000240.1:336590-336959|CDS|CYB_0319	98.374	369	6	0	1	369	1	369	0.0	639
Ga0393506_07_7801_8169	CP000239.1:1284111-1284456|CDS|CYA_1267	90.909	330	30	0	16	345	1	330	2.59e-130	461
Ga0393506_07_8212_8823	CP000240.1:337001-337604|CDS|CYB_0321	98.839	603	7	0	10	612	1	603	0.0	1057
Ga0393506_07_8212_8823	CP000239.1:1284500-1285112|CDS|CYA_1269	84.262	610	96	0	1	610	1	610	0.0	668
Ga0393506_07_9026_10954	CP000240.1:337815-339744|CDS|CYB_0322	97.823	1929	42	0	1	1929	1	1929	0.0	3290
Ga0393506_07_9026_10954	CP000239.1:1535546-1537475|CDS|CYA_1523	86.975	1927	251	0	1	1927	1	1927	0.0	2344
Ga0393506_08_25_1389	CP000240.1:1303585-1308193|CDS|CYB_1253	99.042	1357	10	1	1	1354	3244	4600	0.0	2388
Ga0393506_08_25_1389	CP000239.1:2721144-2725752|CDS|CYA_2704	87.830	1364	166	0	2	1365	3245	4608	0.0	1712
Ga0393506_08_1492_2583	CP000240.1:1308297-1309389|CDS|CYB_1254	95.971	1092	44	0	1	1092	1	1092	0.0	1772
Ga0393506_08_1492_2583	CP000239.1:2719953-2721045|CDS|CYA_2703	88.553	1092	125	0	1	1092	1	1092	0.0	1407
Ga0393506_08_2631_4106	CP000240.1:1309436-1310912|CDS|CYB_1255	98.374	1476	24	0	1	1476	1	1476	0.0	2554
Ga0393506_08_2631_4106	CP000239.1:2718425-2719907|CDS|CYA_2702	85.502	1483	203	5	1	1474	1	1480	0.0	1694
Ga0393506_08_4220_6109	CP000240.1:1310953-1312915|CDS|CYB_1256	97.989	1890	38	0	1	1890	73	1962	0.0	3238
Ga0393506_08_6212_7483	CP000240.1:1313017-1314289|CDS|CYB_1257	99.843	1272	2	0	1	1272	1	1272	0.0	2286
Ga0393506_08_7558_8730	CP000240.1:1314363-1315503|CDS|CYB_1258	97.105	1140	33	0	34	1173	1	1140	0.0	1908
Ga0393506_08_7558_8730	CP000239.1:2715284-2716424|CDS|CYA_2700	84.386	1140	178	0	34	1173	1	1140	0.0	1254
Ga0393506_09_14_415	CP000240.1:2073417-2074254|CDS|CYB_1974	98.756	402	5	0	1	402	436	837	0.0	703
Ga0393506_09_14_415	CP000239.1:2086423-2087257|CDS|CYA_2066	82.723	382	54	1	8	389	425	794	2.85e-111	398
Ga0393506_09_416_907	CP000240.1:2072925-2073417|CDS|CYB_1973	98.374	492	8	0	1	492	1	492	0.0	852
Ga0393506_09_1190_2083	CP000240.1:2071776-2072670|CDS|CYB_1972	97.539	894	22	0	1	894	1	894	0.0	1514
Ga0393506_09_1190_2083	CP000239.1:2087285-2088311|CDS|CYA_2067	84.800	875	133	0	8	882	140	1014	0.0	979
Ga0393506_09_2264_3556	CP000240.1:2070303-2071596|CDS|CYB_1971	98.299	1293	22	0	1	1293	1	1293	0.0	2233
Ga0393506_09_2264_3556	CP000239.1:2535267-2536536|CDS|CYA_2520	84.812	1251	190	0	1	1251	1	1251	0.0	1400
Ga0393506_09_3559_7155	CP000240.1:2066704-2070322|CDS|CYB_1970	98.638	3597	49	0	1	3597	22	3618	0.0	6267
Ga0393506_09_3559_7155	CP000239.1:2531668-2535265|CDS|CYA_2519	78.855	3599	757	2	1	3597	1	3597	0.0	3055
Ga0393506_09_7145_8338	CP000240.1:2065521-2066715|CDS|CYB_1969	97.739	1194	27	0	1	1194	1	1194	0.0	2032
Ga0393506_09_7145_8338	CP000239.1:2530485-2531679|CDS|CYA_2518	83.082	1194	202	0	1	1194	1	1194	0.0	1243
Ga0393506_09_8335_8928	CP000240.1:2064931-2065525|CDS|CYB_1968	99.831	592	1	0	1	592	1	592	0.0	1064
Ga0393506_09_8335_8928	CP000239.1:2529895-2530489|CDS|CYA_2517	85.185	594	88	0	1	594	1	594	0.0	675
Ga0393506_09_8928_10634	CP000240.1:2063225-2064932|CDS|CYB_1967	97.129	1707	49	0	1	1707	1	1707	0.0	2858
Ga0393506_09_8928_10634	CP000239.1:2528171-2529896|CDS|CYA_2516	84.624	1691	252	4	21	1707	39	1725	0.0	1867
Ga0393506_10_1101_1262	CP000240.1:2977727-2977907|CDS|CYB_2879	100.000	162	0	0	1	162	19	180	3.24e-80	293
Ga0393506_10_1738_2196	CP000240.1:2976811-2977270|CDS|CYB_2878	95.207	459	22	0	1	459	1	459	0.0	729
Ga0393506_10_1738_2196	CP000239.1:647771-648272|CDS|CYA_0636	88.263	426	50	0	1	426	1	426	3.49e-155	544
Ga0393506_10_2278_3588	CP000240.1:2975419-2976730|CDS|CYB_2877	95.728	1311	56	0	1	1311	1	1311	0.0	2113
Ga0393506_10_2278_3588	CP000239.1:648406-649717|CDS|CYA_0638	89.245	1311	141	0	1	1311	1	1311	0.0	1729
Ga0393506_10_3705_5141	CP000240.1:2973825-2975361|CDS|CYB_2876	97.684	1425	33	0	1	1425	58	1482	0.0	2422
Ga0393506_10_3705_5141	CP000239.1:649762-651292|CDS|CYA_0639	87.009	1401	182	0	1	1401	58	1458	0.0	1707
Ga0393506_10_5563_8211	CP000240.1:2979665-2982314|CDS|CYB_2881	96.673	2645	88	0	1	2645	1	2645	0.0	4374
Ga0393506_10_5563_8211	CP000239.1:1270023-1272645|CDS|CYA_1256	86.467	2638	328	5	1	2637	1	2610	0.0	3152
Ga0393506_10_8225_9415	CP000240.1:544792-546037|CDS|CYB_0530	98.825	1191	14	0	1	1191	55	1245	0.0	2085
Ga0393506_10_8225_9415	CP000239.1:782540-783770|CDS|CYA_0777	75.282	1153	276	2	10	1153	64	1216	0.0	794
Ga0393506_10_8225_9415	CP000239.1:1966854-1968081|CDS|CYA_1956	74.692	1138	279	2	10	1138	64	1201	0.0	754
Ga0393506_10_9526_9966	CP000240.1:544294-544735|CDS|CYB_0529	99.093	441	4	0	1	441	1	441	0.0	778
Ga0393506_11_726_3527	CP000240.1:2257471-2260273|CDS|CYB_2158	97.823	2802	61	0	1	2802	1	2802	0.0	4779
Ga0393506_11_726_3527	CP000239.1:412990-415792|CDS|CYA_0399	82.584	2802	484	2	1	2800	1	2800	0.0	2848
Ga0393506_11_3532_4284	CP000240.1:2256714-2257467|CDS|CYB_2157	97.875	753	16	0	1	753	1	753	0.0	1287
Ga0393506_11_3532_4284	CP000239.1:412217-412985|CDS|CYA_0398	83.266	741	122	2	1	740	1	740	0.0	771
Ga0393506_11_4523_4933	CP000240.1:2256064-2256475|CDS|CYB_2155	94.404	411	23	0	1	411	1	411	0.0	638
Ga0393506_11_4523_4933	CP000239.1:859233-859644|CDS|CYA_0850	83.455	411	68	0	1	411	1	411	1.16e-122	435
Ga0393506_11_5119_6330	CP000239.1:2170714-2171908|CDS|CYA_2158	94.556	1194	65	0	19	1212	1	1194	0.0	1861
Ga0393506_11_5119_6330	CP000240.1:2796782-2798000|CDS|CYB_2707	93.432	1218	56	1	19	1212	1	1218	0.0	1854
Ga0393506_11_5119_6330	CP000240.1:1954838-1956056|CDS|CYB_1872	93.021	1218	61	1	19	1212	1	1218	0.0	1831
Ga0393506_11_5119_6330	CP000239.1:774779-775973|CDS|CYA_0767	93.970	1194	72	0	19	1212	1	1194	0.0	1829
Ga0393506_11_5119_6330	CP000240.1:1083184-1084426|CDS|CYB_1042	91.304	1242	60	2	19	1212	1	1242	0.0	1788
Ga0393506_11_5119_6330	CP000240.1:1803089-1804283|CDS|CYB_1722	92.797	1194	86	0	19	1212	1	1194	0.0	1766
Ga0393506_11_5119_6330	CP000239.1:712444-713638|CDS|CYA_0704	92.797	1194	86	0	19	1212	1	1194	0.0	1766
Ga0393506_11_5119_6330	CP000240.1:2168360-2169515|CDS|CYB_2071	94.341	1131	64	0	19	1149	1	1131	0.0	1752
Ga0393506_11_5119_6330	CP000240.1:2644164-2645358|CDS|CYB_2538	92.379	1194	91	0	19	1212	1	1194	0.0	1744
Ga0393506_11_5119_6330	CP000240.1:2553363-2554557|CDS|CYB_2454	92.127	1194	94	0	19	1212	1	1194	0.0	1730
Ga0393506_11_5119_6330	CP000240.1:2210858-2212052|CDS|CYB_2117	91.709	1194	99	0	19	1212	1	1194	0.0	1708
Ga0393506_11_5119_6330	CP000240.1:52430-53648|CDS|CYB_0041	90.722	1218	89	1	19	1212	1	1218	0.0	1705
Ga0393506_11_5119_6330	CP000239.1:629980-631174|CDS|CYA_0620	91.541	1194	101	0	19	1212	1	1194	0.0	1699
Ga0393506_11_5119_6330	CP000240.1:3008652-3009870|CDS|CYB_2910	89.984	1218	98	1	19	1212	1	1218	0.0	1664
Ga0393506_11_5119_6330	CP000240.1:1190675-1191869|CDS|CYB_1151	90.795	1195	108	2	19	1212	1	1194	0.0	1653
Ga0393506_11_5119_6330	CP000240.1:638632-639850|CDS|CYB_0630	89.655	1218	102	1	19	1212	1	1218	0.0	1646
Ga0393506_11_5119_6330	CP000240.1:1064975-1066169|CDS|CYB_1023	89.363	1194	127	0	19	1212	1	1194	0.0	1581
Ga0393506_11_5119_6330	CP000240.1:1521392-1522610|CDS|CYB_1450	88.424	1218	117	1	19	1212	1	1218	0.0	1579
Ga0393506_11_5119_6330	CP000240.1:1358129-1359347|CDS|CYB_1297	88.177	1218	120	1	19	1212	1	1218	0.0	1565
Ga0393506_11_5119_6330	CP000240.1:2830275-2831565|CDS|CYB_2735	87.097	1240	95	3	19	1210	1	1223	0.0	1561
Ga0393506_11_5119_6330	CP000240.1:481588-482800|CDS|CYB_0472	88.852	1193	131	2	19	1210	1	1192	0.0	1545
Ga0393506_11_5119_6330	CP000240.1:1316312-1317548|CDS|CYB_1259	87.664	1216	126	1	19	1210	1	1216	0.0	1535
Ga0393506_11_5119_6330	CP000240.1:2619921-2621115|CDS|CYB_2521	88.201	1195	139	2	19	1212	1	1194	0.0	1513
Ga0393506_11_5119_6330	CP000240.1:2661652-2662870|CDS|CYB_2557	86.453	1218	141	1	19	1212	1	1218	0.0	1471
Ga0393506_11_5119_6330	CP000240.1:1267756-1268992|CDS|CYB_1227	86.360	1217	140	3	19	1210	1	1216	0.0	1457
Ga0393506_11_5119_6330	CP000240.1:1244785-1246021|CDS|CYB_1201	86.102	1216	145	1	19	1210	1	1216	0.0	1449
Ga0393506_11_5119_6330	CP000240.1:2247371-2248565|CDS|CYB_2147	88.152	1131	134	0	19	1149	1	1131	0.0	1436
Ga0393506_11_5119_6330	CP000240.1:629484-630702|CDS|CYB_0620	85.749	1221	144	3	19	1212	1	1218	0.0	1432
Ga0393506_11_5119_6330	CP000239.1:1594889-1596107|CDS|CYA_1585	87.975	1131	136	0	19	1149	1	1131	0.0	1427
Ga0393506_11_5119_6330	CP000239.1:994256-995468|CDS|CYA_0981	85.990	1192	167	0	19	1210	1	1192	0.0	1397
Ga0393506_11_5119_6330	CP000240.1:605550-606744|CDS|CYB_0598	85.930	1194	168	0	19	1212	1	1194	0.0	1397
Ga0393506_11_5119_6330	CP000240.1:241642-242836|CDS|CYB_0233	86.926	1132	146	2	19	1149	1	1131	0.0	1368
Ga0393506_11_5119_6330	CP000240.1:2933473-2934709|CDS|CYB_2835	84.508	1220	157	5	19	1210	1	1216	0.0	1355
Ga0393506_11_5119_6330	CP000239.1:893439-894633|CDS|CYA_0887	86.655	1124	144	2	19	1139	1	1121	0.0	1348
Ga0393506_11_5119_6330	CP000240.1:1842322-1843549|CDS|CYB_1759	84.176	1207	161	3	19	1198	1	1204	0.0	1330
Ga0393506_11_5119_6330	CP000240.1:102811-104029|CDS|CYB_0087	85.195	1155	147	1	19	1149	1	1155	0.0	1330
Ga0393506_11_5119_6330	CP000240.1:1384265-1385459|CDS|CYB_1322	85.323	1131	166	0	19	1149	1	1131	0.0	1292
Ga0393506_11_5119_6330	CP000240.1:1015074-1016268|CDS|CYB_0979	85.097	1134	163	2	19	1149	1	1131	0.0	1280
Ga0393506_11_5119_6330	CP000239.1:698055-699204|CDS|CYA_0690	84.293	1146	156	1	19	1140	1	1146	0.0	1273
Ga0393506_11_5119_6330	CP000240.1:345730-346924|CDS|CYB_0329	84.303	1134	172	2	19	1149	1	1131	0.0	1240
Ga0393506_11_5119_6330	CP000240.1:2565689-2566883|CDS|CYB_2468	84.085	1131	180	0	19	1149	1	1131	0.0	1229
Ga0393506_11_5119_6330	CP000239.1:693322-694534|CDS|CYA_0687	81.537	1197	211	5	19	1210	1	1192	0.0	1150
Ga0393506_11_5119_6330	CP000240.1:2128026-2129220|CDS|CYB_2026	82.762	1137	184	7	19	1149	1	1131	0.0	1147
Ga0393506_11_5119_6330	CP000240.1:2219258-2220470|CDS|CYB_2126	81.203	1197	215	5	19	1210	1	1192	0.0	1131
Ga0393506_11_5119_6330	CP000240.1:1763450-1764623|CDS|CYB_1688	81.354	1137	200	7	19	1149	1	1131	0.0	1075
Ga0393506_11_5119_6330	CP000240.1:1917270-1918464|CDS|CYB_1826	80.387	1137	211	7	19	1149	1	1131	0.0	1025
Ga0393506_11_5119_6330	CP000240.1:2506708-2507857|CDS|CYB_2410	77.679	1129	132	7	19	1027	1	1129	0.0	977
Ga0393506_11_5119_6330	CP000239.1:88305-89487|CDS|CYA_0091	75.380	1117	249	5	24	1133	6	1103	0.0	776
Ga0393506_11_6457_6873	CP000240.1:2255435-2255786|CDS|CYB_2154	99.715	351	1	0	67	417	1	351	0.0	629
Ga0393506_11_6882_7871	CP000240.1:2254437-2255439|CDS|CYB_2153	97.879	990	21	0	1	990	13	1002	0.0	1691
Ga0393506_11_6882_7871	CP000239.1:857454-858429|CDS|CYA_0848	85.611	966	139	0	22	987	1	966	0.0	1116
Ga0393506_11_7913_9016	CP000240.1:2253303-2254407|CDS|CYB_2152	98.460	1104	17	0	1	1104	1	1104	0.0	1915
Ga0393506_11_7913_9016	CP000239.1:856358-857447|CDS|CYA_0847	80.331	1088	197	3	18	1104	18	1089	0.0	1000
Ga0393506_11_9122_9775	CP000240.1:2252544-2253183|CDS|CYB_2151	96.870	639	20	0	16	654	1	639	0.0	1063
Ga0393506_11_9122_9775	CP000239.1:855550-856219|CDS|CYA_0846	82.016	645	106	3	2	638	5	647	0.0	636
Ga0393506_11_9792_10205	CP000240.1:2250656-2252528|CDS|CYB_2150	97.585	414	10	0	1	414	1459	1872	0.0	702
Ga0393506_11_9792_10205	CP000239.1:853702-855547|CDS|CYA_0845	85.630	341	49	0	1	341	1435	1775	3.58e-110	395
Ga0393506_12_705_1673	CP000240.1:2459785-2460754|CDS|CYB_2353	99.174	969	8	0	1	969	1	969	0.0	1712
Ga0393506_12_705_1673	CP000239.1:2388709-2389681|CDS|CYA_2379	89.050	968	103	1	1	965	1	968	0.0	1267
Ga0393506_12_1884_2768	CP000240.1:2461084-2461969|CDS|CYB_2354	98.757	885	11	0	1	885	1	885	0.0	1547
Ga0393506_12_1884_2768	CP000239.1:2589763-2590624|CDS|CYA_2565	74.388	898	180	14	1	885	1	861	2.11e-161	565
Ga0393506_12_2813_3781	CP000240.1:2462023-2462992|CDS|CYB_2356	98.140	968	18	0	1	968	1	968	0.0	1665
Ga0393506_12_2813_3781	CP000239.1:2590652-2591630|CDS|CYA_2566	84.298	968	146	1	1	962	1	968	0.0	1062
Ga0393506_12_3948_4397	CP000240.1:2463158-2463617|CDS|CYB_2357	98.198	444	8	0	1	444	1	444	0.0	765
Ga0393506_12_3948_4397	CP000239.1:575342-575762|CDS|CYA_0562	86.375	411	56	0	1	411	1	411	6.60e-139	489
Ga0393506_12_4593_7394	CP000240.1:2463812-2466614|CDS|CYB_2358	99.001	2802	28	0	1	2802	1	2802	0.0	4928
Ga0393506_12_4593_7394	CP000239.1:572481-575142|CDS|CYA_0561	88.967	2547	269	5	1	2544	1	2538	0.0	3315
Ga0393506_12_7767_8804	CP000240.1:1267756-1268992|CDS|CYB_1227	96.552	986	34	0	1	986	1	986	0.0	1626
Ga0393506_12_7767_8804	CP000240.1:629484-630702|CDS|CYB_0620	95.335	986	46	0	1	986	1	986	0.0	1572
Ga0393506_12_7767_8804	CP000240.1:2933473-2934709|CDS|CYB_2835	95.132	986	48	0	1	986	1	986	0.0	1563
Ga0393506_12_7767_8804	CP000240.1:2619921-2621115|CDS|CYB_2521	93.915	986	36	1	1	986	1	962	0.0	1526
Ga0393506_12_7767_8804	CP000239.1:698055-699204|CDS|CYA_0690	91.287	1010	40	2	1	986	1	986	0.0	1460
Ga0393506_12_7767_8804	CP000240.1:2661652-2662870|CDS|CYB_2557	90.891	1010	44	2	1	986	1	986	0.0	1442
Ga0393506_12_7767_8804	CP000239.1:893439-894633|CDS|CYA_0887	91.785	986	57	1	1	986	1	962	0.0	1431
Ga0393506_12_7767_8804	CP000240.1:1244785-1246021|CDS|CYB_1201	90.396	1010	49	2	1	986	1	986	0.0	1419
Ga0393506_12_7767_8804	CP000240.1:241642-242836|CDS|CYB_0233	90.467	986	70	1	1	986	1	962	0.0	1372
Ga0393506_12_7767_8804	CP000240.1:481588-482800|CDS|CYB_0472	89.858	986	76	1	1	986	1	962	0.0	1345
Ga0393506_12_7767_8804	CP000239.1:629980-631174|CDS|CYA_0620	88.540	986	89	1	1	986	1	962	0.0	1287
Ga0393506_12_7767_8804	CP000240.1:605550-606744|CDS|CYB_0598	88.235	986	92	1	1	986	1	962	0.0	1273
Ga0393506_12_7767_8804	CP000240.1:1316312-1317548|CDS|CYB_1259	87.931	986	95	1	1	986	1	962	0.0	1260
Ga0393506_12_7767_8804	CP000239.1:994256-995468|CDS|CYA_0981	87.424	986	100	1	1	986	1	962	0.0	1237
Ga0393506_12_7767_8804	CP000240.1:638632-639850|CDS|CYB_0630	87.728	986	121	0	1	986	1	986	0.0	1233
Ga0393506_12_7767_8804	CP000240.1:1842322-1843549|CDS|CYB_1759	85.842	1010	95	2	1	986	1	986	0.0	1212
Ga0393506_12_7767_8804	CP000239.1:774779-775973|CDS|CYA_0767	86.815	986	106	1	1	986	1	962	0.0	1210
Ga0393506_12_7767_8804	CP000240.1:1521392-1522610|CDS|CYB_1450	87.120	986	127	0	1	986	1	986	0.0	1206
Ga0393506_12_7767_8804	CP000240.1:2830275-2831565|CDS|CYB_2735	86.040	1010	117	1	1	986	1	1010	0.0	1204
Ga0393506_12_7767_8804	CP000240.1:2565689-2566883|CDS|CYB_2468	86.511	986	109	1	1	986	1	962	0.0	1196
Ga0393506_12_7767_8804	CP000240.1:1384265-1385459|CDS|CYB_1322	86.511	986	109	1	1	986	1	962	0.0	1196
Ga0393506_12_7767_8804	CP000240.1:1083184-1084426|CDS|CYB_1042	85.743	1010	120	1	1	986	1	1010	0.0	1190
Ga0393506_12_7767_8804	CP000240.1:345730-346924|CDS|CYB_0329	86.004	986	114	1	1	986	1	962	0.0	1174
Ga0393506_12_7767_8804	CP000240.1:1358129-1359347|CDS|CYB_1297	86.207	986	136	0	1	986	1	986	0.0	1166
Ga0393506_12_7767_8804	CP000240.1:2644164-2645358|CDS|CYB_2538	85.801	986	116	1	1	986	1	962	0.0	1165
Ga0393506_12_7767_8804	CP000239.1:2170714-2171908|CDS|CYA_2158	85.497	986	119	1	1	986	1	962	0.0	1151
Ga0393506_12_7767_8804	CP000240.1:3008652-3009870|CDS|CYB_2910	85.598	986	142	0	1	986	1	986	0.0	1139
Ga0393506_12_7767_8804	CP000240.1:1190675-1191869|CDS|CYB_1151	85.091	986	123	1	1	986	1	962	0.0	1133
Ga0393506_12_7767_8804	CP000240.1:2168360-2169515|CDS|CYB_2071	84.934	989	119	3	1	986	1	962	0.0	1126
Ga0393506_12_7767_8804	CP000240.1:1954838-1956056|CDS|CYB_1872	83.663	1010	117	2	1	986	1	986	0.0	1113
Ga0393506_12_7767_8804	CP000240.1:1015074-1016268|CDS|CYB_0979	84.381	986	130	1	1	986	1	962	0.0	1102
Ga0393506_12_7767_8804	CP000239.1:1594889-1596107|CDS|CYA_1585	84.178	986	132	1	1	986	1	962	0.0	1093
Ga0393506_12_7767_8804	CP000240.1:1803089-1804283|CDS|CYB_1722	83.976	986	134	1	1	986	1	962	0.0	1084
Ga0393506_12_7767_8804	CP000240.1:2506708-2507857|CDS|CYB_2410	80.794	1083	110	6	1	986	1	1082	0.0	1077
Ga0393506_12_7767_8804	CP000240.1:2247371-2248565|CDS|CYB_2147	83.266	986	141	2	1	986	1	962	0.0	1048
Ga0393506_12_7767_8804	CP000240.1:2796782-2798000|CDS|CYB_2707	82.079	1010	133	2	1	986	1	986	0.0	1040
Ga0393506_12_7767_8804	CP000240.1:52430-53648|CDS|CYB_0041	81.980	1010	134	2	1	986	1	986	0.0	1036
Ga0393506_12_7767_8804	CP000239.1:712444-713638|CDS|CYA_0704	82.252	986	151	1	1	986	1	962	0.0	1007
Ga0393506_12_7767_8804	CP000240.1:102811-104029|CDS|CYB_0087	82.454	986	173	0	1	986	1	986	0.0	999
Ga0393506_12_7767_8804	CP000240.1:2210858-2212052|CDS|CYB_2117	81.947	986	154	1	1	986	1	962	0.0	994
Ga0393506_12_7767_8804	CP000240.1:1064975-1066169|CDS|CYB_1023	81.542	986	158	1	1	986	1	962	0.0	976
Ga0393506_12_7767_8804	CP000240.1:2553363-2554557|CDS|CYB_2454	81.633	980	156	1	1	980	1	956	0.0	974
Ga0393506_12_7767_8804	CP000240.1:2128026-2129220|CDS|CYB_2026	76.226	938	193	6	1	935	1	911	0.0	687
Ga0393506_12_7767_8804	CP000239.1:88305-89487|CDS|CYA_0091	75.394	951	208	3	1	950	1	926	0.0	671
Ga0393506_12_7767_8804	CP000240.1:1763450-1764623|CDS|CYB_1688	74.814	941	201	9	1	935	1	911	3.68e-178	621
Ga0393506_12_7767_8804	CP000240.1:2219258-2220470|CDS|CYB_2126	74.362	940	207	7	1	935	1	911	2.32e-174	609
Ga0393506_12_7767_8804	CP000239.1:693322-694534|CDS|CYA_0687	74.255	940	208	7	1	935	1	911	9.88e-173	604
Ga0393506_12_7767_8804	CP000240.1:1917270-1918464|CDS|CYB_1826	74.070	941	208	9	1	935	1	911	2.18e-168	590
Ga0393506_12_8728_9384	CP000240.1:2468120-2469677|CDS|CYB_2361	96.865	638	20	0	20	657	920	1557	0.0	1061
Ga0393506_13_177_662	CP000240.1:844278-844764|CDS|CYB_0815	100.000	486	0	0	1	486	1	486	0.0	877
Ga0393506_13_177_662	CP000239.1:1958287-1958773|CDS|CYA_1946	82.316	475	84	0	1	475	1	475	1.29e-135	479
Ga0393506_13_177_662	CP000240.1:579741-580272|CDS|CYB_0571	68.490	384	109	6	37	413	80	458	7.69e-31	132
Ga0393506_13_800_2143	CP000240.1:844859-846245|CDS|CYB_0816	99.777	1344	3	0	1	1344	43	1386	0.0	2411
Ga0393506_13_800_2143	CP000239.1:1958779-1960201|CDS|CYA_1947	77.638	1355	243	8	1	1328	43	1364	0.0	1096
Ga0393506_13_2598_2819	CP000240.1:846703-846928|CDS|CYB_0817	97.748	222	5	0	1	222	4	225	1.40e-105	379
Ga0393506_13_2598_2819	CP000239.1:2412210-2412432|CDS|CYA_2402	90.090	222	22	0	1	222	1	222	8.87e-83	302
Ga0393506_13_2819_4672	CP000240.1:846924-848778|CDS|CYB_0818	98.112	1854	35	0	1	1854	1	1854	0.0	3186
Ga0393506_13_2819_4672	CP000239.1:2410354-2412211|CDS|CYA_2401	86.900	1855	241	2	1	1854	4	1857	0.0	2243
Ga0393506_13_4892_5587	CP000240.1:848998-849694|CDS|CYB_0819	100.000	696	0	0	1	696	1	696	0.0	1256
Ga0393506_13_4892_5587	CP000239.1:2834359-2835076|CDS|CYA_2815	89.769	694	71	0	2	695	23	716	0.0	932
Ga0393506_13_5591_6016	CP000240.1:849697-850123|CDS|CYB_0820	98.592	426	6	0	1	426	1	426	0.0	742
Ga0393506_13_5591_6016	CP000239.1:2835079-2835505|CDS|CYA_2816	85.610	410	59	0	1	410	1	410	4.79e-134	474
Ga0393506_13_6287_7231	CP000240.1:850393-851338|CDS|CYB_0821	98.624	945	13	0	1	945	1	945	0.0	1646
Ga0393506_13_6287_7231	CP000239.1:2835538-2836483|CDS|CYA_2817	86.364	946	127	2	1	945	1	945	0.0	1118
Ga0393506_14_56_1063	CP000240.1:745336-746554|CDS|CYB_0726	96.825	1008	32	0	1	1008	211	1218	0.0	1674
Ga0393506_14_56_1063	CP000239.1:1264885-1266106|CDS|CYA_1252	83.813	1007	161	2	1	1006	214	1219	0.0	1075
Ga0393506_14_1346_2467	CP000240.1:746836-747958|CDS|CYB_0727	95.544	1122	50	0	1	1122	1	1122	0.0	1799
Ga0393506_14_1346_2467	CP000239.1:1263498-1264620|CDS|CYA_1250	83.957	1122	180	0	1	1122	1	1122	0.0	1213
Ga0393506_14_4295_5428	CP000240.1:749862-750927|CDS|CYB_0729	97.746	1065	24	0	70	1134	1	1065	0.0	1813
Ga0393506_14_4295_5428	CP000239.1:1260708-1261710|CDS|CYA_1249	74.443	1033	228	4	102	1134	6	1002	0.0	688
Ga0393506_14_5724_7013	CP000240.1:751291-752581|CDS|CYB_0731	99.147	1290	11	0	1	1290	1	1290	0.0	2278
Ga0393506_14_5724_7013	CP000239.1:2188311-2189625|CDS|CYA_2172	81.502	1265	228	6	20	1281	50	1311	0.0	1205
Ga0393506_15_21_320	CP000240.1:586179-587103|CDS|CYB_0579	98.667	300	4	0	1	300	625	924	2.08e-149	524
Ga0393506_15_21_320	CP000239.1:2245575-2246475|CDS|CYA_2230	89.547	287	30	0	1	287	601	887	4.60e-107	383
Ga0393506_15_347_835	CP000240.1:587129-588098|CDS|CYB_0580	97.546	489	10	1	1	489	1	487	0.0	826
Ga0393506_15_347_835	CP000239.1:2246496-2247465|CDS|CYA_2231	87.526	489	59	1	1	489	1	487	1.30e-173	605
Ga0393506_15_835_984	CP000240.1:587129-588098|CDS|CYB_0580	99.338	151	0	1	1	150	487	637	1.44e-71	265
Ga0393506_15_835_984	CP000239.1:2246496-2247465|CDS|CYA_2231	88.079	151	17	1	1	150	487	637	9.07e-49	188
Ga0393506_15_945_1316	CP000240.1:587129-588098|CDS|CYB_0580	100.000	372	0	0	1	372	598	969	0.0	672
Ga0393506_15_945_1316	CP000239.1:2246496-2247465|CDS|CYA_2231	86.559	372	50	0	1	372	598	969	5.76e-126	446
Ga0393506_15_1313_1930	CP000240.1:588094-588712|CDS|CYB_0581	99.676	618	2	0	1	618	1	618	0.0	1106
Ga0393506_15_1313_1930	CP000239.1:2247461-2248079|CDS|CYA_2232	87.967	615	74	0	2	616	2	616	0.0	776
Ga0393506_15_2084_2671	CP000240.1:588837-589461|CDS|CYB_0582	96.429	588	21	0	1	588	37	624	0.0	966
Ga0393506_15_2084_2671	CP000239.1:2248276-2248867|CDS|CYA_2233	75.273	550	88	4	20	569	74	575	2.86e-113	405
Ga0393506_15_2984_3616	CP000239.1:2248887-2249655|CDS|CYA_2234	73.628	565	139	4	2	561	146	705	3.77e-93	339
Ga0393506_15_3807_4304	CP000240.1:590398-591046|CDS|CYB_0584	97.791	498	11	0	1	498	151	648	0.0	849
Ga0393506_15_3807_4304	CP000239.1:2249699-2250320|CDS|CYA_2235	85.865	474	64	1	25	498	151	621	2.56e-157	552
Ga0393506_15_4748_5644	CP000240.1:592182-593079|CDS|CYB_0585	96.767	897	29	0	1	897	1	897	0.0	1488
Ga0393506_15_4748_5644	CP000239.1:877466-878363|CDS|CYA_0871	83.911	895	144	0	1	895	1	895	0.0	966
Ga0393506_15_5654_6352	CP000240.1:593128-593842|CDS|CYB_0586	86.536	713	42	3	1	659	1	713	0.0	889
Ga0393506_15_6363_7076	CP000240.1:593852-594932|CDS|CYB_0587	97.619	714	17	0	1	714	367	1080	0.0	1212
Ga0393506_15_6363_7076	CP000239.1:879143-880196|CDS|CYA_0874	90.476	714	68	0	1	714	340	1053	0.0	982
Ga0393506_16_242_616	CP000240.1:2458111-2458453|CDS|CYB_2351	98.830	342	4	0	34	375	1	342	4.18e-172	600
Ga0393506_16_242_616	CP000239.1:2387041-2387377|CDS|CYA_2377	82.095	296	41	2	34	329	1	284	6.65e-81	297
Ga0393506_16_635_1348	CP000240.1:2457379-2458093|CDS|CYB_2350	98.459	714	11	0	1	714	1	714	0.0	1239
Ga0393506_16_635_1348	CP000239.1:2386312-2387020|CDS|CYA_2376	83.895	683	95	4	1	683	1	668	0.0	732
Ga0393506_16_1404_2021	CP000240.1:2456706-2457324|CDS|CYB_2348	95.307	618	29	0	1	618	1	618	0.0	985
Ga0393506_16_1404_2021	CP000239.1:2385639-2386257|CDS|CYA_2374	86.408	618	84	0	1	618	1	618	0.0	737
Ga0393506_16_2018_2911	CP000239.1:2384821-2385643|CDS|CYA_2375	96.472	822	29	0	73	894	1	822	0.0	1352
Ga0393506_16_2018_2911	CP000240.1:2455813-2456710|CDS|CYB_2349	81.201	899	159	6	4	894	1	897	0.0	842
Ga0393506_16_3009_3890	CP000240.1:2454669-2455713|CDS|CYB_2347	98.413	882	14	0	1	882	163	1044	0.0	1528
Ga0393506_16_3009_3890	CP000239.1:2383609-2384638|CDS|CYA_2373	85.374	882	114	5	1	882	163	1029	0.0	1001
Ga0393506_16_4346_6577	CP000240.1:2452059-2454375|CDS|CYB_2346	96.550	2232	77	0	1	2232	85	2316	0.0	3679
Ga0393506_16_4346_6577	CP000239.1:2381067-2383401|CDS|CYA_2372	84.078	2217	345	6	1	2212	85	2298	0.0	2388
Ga0393506_16_6774_6968	CP000240.1:2451752-2451947|CDS|CYB_2345	97.436	195	5	0	1	195	1	195	5.52e-91	330
Ga0393506_16_6774_6968	CP000239.1:2380762-2380957|CDS|CYA_2371	82.051	195	35	0	1	195	1	195	2.86e-50	195
Ga0393506_17_4473_5192	CP000240.1:2046847-2047522|CDS|CYB_1951	99.852	675	1	0	46	720	1	675	0.0	1214
Ga0393506_17_4473_5192	CP000239.1:1105628-1106477|CDS|CYA_1084	69.131	771	142	14	4	717	112	843	3.53e-94	342
Ga0393506_18_904_1986	CP000240.1:3000587-3001670|CDS|CYB_2901	99.169	1083	9	0	1	1083	1	1083	0.0	1913
Ga0393506_18_904_1986	CP000239.1:703997-704966|CDS|CYA_0697	99.235	915	7	0	1	915	1	915	0.0	1619
Ga0393506_18_904_1986	CP000239.1:2025295-2026390|CDS|CYA_2009	80.457	1095	200	4	1	1082	1	1094	0.0	1005
Ga0393506_18_1967_2188	CP000239.1:703720-704017|CDS|CYA_0696	97.748	222	5	0	1	222	76	297	1.40e-105	379
Ga0393506_18_2699_2935	CP000240.1:3002382-3002619|CDS|CYB_2902	100.000	237	0	0	1	237	1	237	9.52e-121	428
Ga0393506_18_2699_2935	CP000239.1:703050-703287|CDS|CYA_0695	99.578	237	1	0	1	237	1	237	4.05e-119	424
Ga0393506_18_2699_2935	CP000239.1:1366454-1366745|CDS|CYA_1355	87.773	229	28	0	1	229	55	283	2.10e-78	288
Ga0393506_18_3401_3895	CP000240.1:3003084-3003579|CDS|CYB_2903	99.596	495	2	0	1	495	1	495	0.0	884
Ga0393506_18_3401_3895	CP000239.1:702090-702585|CDS|CYA_0694	99.192	495	4	0	1	495	1	495	0.0	875
Ga0393506_18_3401_3895	CP000239.1:719077-719575|CDS|CYA_0712	84.114	491	78	0	4	494	7	497	1.96e-152	535
Ga0393506_18_4117_4971	CP000239.1:701014-701869|CDS|CYA_0692	97.895	855	18	0	1	855	1	855	0.0	1462
Ga0393506_18_4117_4971	CP000240.1:3003800-3004655|CDS|CYB_2905	97.310	855	23	0	1	855	1	855	0.0	1439
Ga0393506_18_4117_4971	CP000239.1:719653-720526|CDS|CYA_0714	87.337	845	105	2	1	844	1	844	0.0	1035
Ga0393506_19_338_1771	CP000240.1:1575252-1576710|CDS|CYB_1502	98.322	1430	22	1	7	1434	1	1430	0.0	2469
Ga0393506_19_1855_1974	CP000240.1:1574930-1575197|CDS|CYB_1501	99.167	120	1	0	1	120	148	267	6.09e-56	213
Ga0393506_19_2426_2539	CP000240.1:1574515-1574629|CDS|CYB_1500	100.000	114	0	0	1	114	1	114	2.43e-54	206
Ga0393506_19_2426_2539	CP000239.1:34109-34223|CDS|CYA_0036	90.265	113	11	0	1	113	1	113	1.34e-38	155
Ga0393506_19_2582_3052	CP000240.1:1574006-1574477|CDS|CYB_1499	98.726	471	6	0	1	471	1	471	0.0	823
Ga0393506_19_2582_3052	CP000239.1:33589-34060|CDS|CYA_0035	90.426	470	45	0	1	470	1	470	0.0	645
Ga0393506_19_3566_3685	CP000240.1:1573358-1573478|CDS|CYB_1498	94.958	119	6	0	1	119	1	119	6.94e-49	188
Ga0393506_19_3566_3685	CP000239.1:2436835-2436955|CDS|CYA_2427	91.667	96	8	0	1	96	1	96	1.10e-33	138
Ga0393506_19_3827_3952	CP000240.1:1573091-1573217|CDS|CYB_1497	100.000	126	0	0	1	126	1	126	8.40e-61	228
Ga0393506_19_3827_3952	CP000239.1:2437095-2437221|CDS|CYA_2428	89.683	126	13	0	1	126	1	126	6.90e-43	169
Ga0393506_19_3958_4089	CP000240.1:1572954-1573086|CDS|CYB_1496	98.485	132	2	0	1	132	1	132	2.55e-61	230
Ga0393506_19_3958_4089	CP000239.1:2437226-2437370|CDS|CYA_2429	88.618	123	14	0	10	132	22	144	3.78e-40	159
Ga0393506_19_4166_4411	CP000240.1:1572632-1572878|CDS|CYB_1495	97.967	246	5	0	1	246	1	246	1.47e-118	422
Ga0393506_19_4166_4411	CP000239.1:2437453-2437699|CDS|CYA_2430	89.431	246	26	0	1	246	1	246	2.50e-90	327
Ga0393506_20_1082_2896	CP000240.1:631291-633211|CDS|CYB_0623	99.174	1815	15	0	1	1815	106	1920	0.0	3206
Ga0393506_20_1082_2896	CP000239.1:1745845-1747699|CDS|CYA_1741	87.106	1714	218	1	2	1715	68	1778	0.0	2094
Ga0393506_20_2893_3291	CP000240.1:633207-633606|CDS|CYB_0622	99.749	399	1	0	1	399	1	399	0.0	716
Ga0393506_20_2893_3291	CP000239.1:1747941-1748325|CDS|CYA_1742	85.920	348	47	2	1	347	1	347	8.09e-112	400
Ga0393506_20_3801_4694	CP000240.1:634115-635006|CDS|CYB_0624	97.306	891	24	0	1	891	1	891	0.0	1499
Ga0393506_20_3801_4694	CP000239.1:2302544-2303405|CDS|CYA_2300	80.542	848	165	0	1	848	1	848	0.0	786
Ga0393506_21_71_250	CP000240.1:165049-165229|CDS|CYB_0148	100.000	180	0	0	1	180	1	180	6.13e-90	325
Ga0393506_21_71_250	CP000239.1:1159538-1159721|CDS|CYA_1135	89.831	177	18	0	1	177	1	177	7.01e-64	239
Ga0393506_21_362_778	CP000240.1:165340-165757|CDS|CYB_0149	94.724	417	22	0	1	417	1	417	0.0	654
Ga0393506_21_362_778	CP000239.1:1159045-1159444|CDS|CYA_1134	80.336	417	64	1	1	417	1	399	3.60e-110	395
Ga0393506_21_884_1168	CP000240.1:165884-166148|CDS|CYB_0150	100.000	264	0	0	22	285	1	264	2.57e-135	477
Ga0393506_21_884_1168	CP000239.1:1158654-1158912|CDS|CYA_1133	88.889	252	28	0	28	279	1	252	8.40e-91	329
Ga0393506_21_1176_1934	CP000240.1:166155-166914|CDS|CYB_0151	97.237	760	19	2	1	759	1	759	0.0	1269
Ga0393506_21_1176_1934	CP000239.1:1157889-1158648|CDS|CYA_1132	87.583	757	94	0	1	757	1	757	0.0	942
Ga0393506_21_2057_3226	CP000240.1:167036-168230|CDS|CYB_0152	91.625	1194	76	1	1	1170	1	1194	0.0	1720
Ga0393506_21_2057_3226	CP000239.1:1155507-1156698|CDS|CYA_1131	81.316	1140	189	2	15	1130	9	1148	0.0	1109
Ga0393506_21_3269_3613	CP000240.1:168272-168617|CDS|CYB_0153	100.000	345	0	0	1	345	1	345	3.36e-179	623
Ga0393506_21_3923_4354	CP000240.1:168926-169358|CDS|CYB_0154	99.769	432	1	0	1	432	1	432	0.0	775
Ga0393506_21_4407_4775	CP000240.1:169410-171030|CDS|CYB_0155	96.477	369	13	0	1	369	1252	1620	2.77e-174	608
Ga0393506_21_4407_4775	CP000239.1:518174-519785|CDS|CYA_0502	85.933	327	46	0	1	327	1252	1578	5.72e-107	383
Ga0393506_22_726_995	CP000240.1:569727-569997|CDS|CYB_0560	99.259	270	2	0	1	270	1	270	6.93e-136	479
Ga0393506_22_726_995	CP000239.1:2616762-2617065|CDS|CYA_2594	83.468	248	41	0	1	248	1	248	9.66e-71	263
Ga0393506_22_1269_2528	CP000240.1:570228-571530|CDS|CYB_0561	98.254	1260	22	0	1	1260	43	1302	0.0	2174
Ga0393506_22_1269_2528	CP000239.1:2615290-2616580|CDS|CYA_2593	84.256	1156	182	0	1	1156	43	1198	0.0	1265
Ga0393506_22_2672_3508	CP000240.1:571690-572527|CDS|CYB_0562	99.164	837	7	0	1	837	1	837	0.0	1479
Ga0393506_22_2672_3508	CP000239.1:2614375-2615212|CDS|CYA_2592	83.632	837	137	0	1	837	1	837	0.0	893
Ga0393506_22_3878_4246	CP000240.1:2750791-2751199|CDS|CYB_2663	99.729	369	1	0	1	369	40	408	0.0	662
Ga0393506_22_3878_4246	CP000240.1:2182109-2182517|CDS|CYB_2086	99.729	369	1	0	1	369	40	408	0.0	662
Ga0393506_22_3878_4246	CP000240.1:1332150-1332558|CDS|CYB_1275	99.729	369	1	0	1	369	40	408	0.0	662
Ga0393506_22_3878_4246	CP000240.1:214453-214861|CDS|CYB_0203	99.729	369	1	0	1	369	40	408	0.0	662
Ga0393506_22_3878_4246	CP000240.1:210759-211167|CDS|CYB_0198	99.729	369	1	0	1	369	40	408	0.0	662
Ga0393506_22_3878_4246	CP000240.1:2692187-2692595|CDS|CYB_2591	99.458	369	2	0	1	369	40	408	0.0	657
Ga0393506_22_3878_4246	CP000240.1:2505835-2506243|CDS|CYB_2408	99.458	369	2	0	1	369	40	408	0.0	657
Ga0393506_22_3878_4246	CP000240.1:2353707-2354115|CDS|CYB_2249	99.458	369	2	0	1	369	40	408	0.0	657
Ga0393506_22_3878_4246	CP000240.1:2165635-2166043|CDS|CYB_2068	99.458	369	2	0	1	369	40	408	0.0	657
Ga0393506_22_3878_4246	CP000240.1:1639015-1639423|CDS|CYB_1566	99.458	369	2	0	1	369	40	408	0.0	657
Ga0393506_22_3878_4246	CP000240.1:1128193-1128601|CDS|CYB_1093	99.458	369	2	0	1	369	40	408	0.0	657
Ga0393506_22_3878_4246	CP000240.1:2728785-2729193|CDS|CYB_2639	99.187	369	3	0	1	369	40	408	0.0	653
Ga0393506_22_3878_4246	CP000240.1:2571340-2571748|CDS|CYB_2475	99.187	369	3	0	1	369	40	408	0.0	653
Ga0393506_22_3878_4246	CP000240.1:651866-652274|CDS|CYB_0641	99.187	369	3	0	1	369	40	408	0.0	653
Ga0393506_22_3878_4246	CP000240.1:65861-66269|CDS|CYB_0052	99.187	369	3	0	1	369	40	408	0.0	653
Ga0393506_22_3878_4246	CP000240.1:1839104-1839512|CDS|CYB_1755	98.916	369	4	0	1	369	40	408	0.0	648
Ga0393506_22_3878_4246	CP000240.1:1750145-1750553|CDS|CYB_1672	98.916	369	4	0	1	369	40	408	0.0	648
Ga0393506_22_4243_4620	CP000240.1:2750456-2750834|CDS|CYB_2662	100.000	378	0	0	1	378	1	378	0.0	682
Ga0393506_22_4243_4620	CP000240.1:2571005-2571383|CDS|CYB_2474	100.000	378	0	0	1	378	1	378	0.0	682
Ga0393506_22_4243_4620	CP000240.1:2181774-2182152|CDS|CYB_2085	100.000	378	0	0	1	378	1	378	0.0	682
Ga0393506_22_4243_4620	CP000240.1:214818-215196|CDS|CYB_0204	100.000	378	0	0	1	378	1	378	0.0	682
Ga0393506_22_4243_4620	CP000240.1:66226-66604|CDS|CYB_0053	100.000	378	0	0	1	378	1	378	0.0	682
Ga0393506_22_4243_4620	CP000240.1:2692552-2692930|CDS|CYB_2592	99.735	378	1	0	1	378	1	378	0.0	678
Ga0393506_22_4243_4620	CP000240.1:2505500-2505878|CDS|CYB_2407	99.735	378	1	0	1	378	1	378	0.0	678
Ga0393506_22_4243_4620	CP000240.1:2354072-2354450|CDS|CYB_2250	99.735	378	1	0	1	378	1	378	0.0	678
Ga0393506_22_4243_4620	CP000240.1:2165300-2165678|CDS|CYB_2067	99.735	378	1	0	1	378	1	378	0.0	678
Ga0393506_22_4243_4620	CP000240.1:1839469-1839847|CDS|CYB_1756	99.735	378	1	0	1	378	1	378	0.0	678
Ga0393506_22_4243_4620	CP000240.1:1127858-1128236|CDS|CYB_1092	99.735	378	1	0	1	378	1	378	0.0	678
Ga0393506_22_4243_4620	CP000240.1:2728450-2728828|CDS|CYB_2638	99.471	378	2	0	1	378	1	378	0.0	673
Ga0393506_22_4243_4620	CP000240.1:1750510-1750888|CDS|CYB_1673	99.471	378	2	0	1	378	1	378	0.0	673
Ga0393506_22_4243_4620	CP000240.1:1639380-1639758|CDS|CYB_1567	99.471	378	2	0	1	378	1	378	0.0	673
Ga0393506_22_4243_4620	CP000240.1:1332515-1332893|CDS|CYB_1276	99.471	378	2	0	1	378	1	378	0.0	673
Ga0393506_22_4243_4620	CP000240.1:210424-210802|CDS|CYB_0197	99.471	378	2	0	1	378	1	378	0.0	673
Ga0393506_23_1003_2811	CP000240.1:3036226-3038035|CDS|CYB_2934	99.558	1809	8	0	1	1809	1	1809	0.0	3227
Ga0393506_23_1003_2811	CP000239.1:795579-797388|CDS|CYA_0787	90.000	1810	179	2	1	1809	1	1809	0.0	2442
Ga0393506_23_1003_2811	CP000240.1:2876607-2878500|CDS|CYB_2781	69.841	1512	411	21	1	1488	1	1491	7.89e-177	618
Ga0393506_23_2914_3183	CP000240.1:3039346-3039616|CDS|CYB_2936	97.037	270	8	0	1	270	1	270	9.63e-128	452
Ga0393506_23_2914_3183	CP000239.1:798685-798949|CDS|CYA_0789	77.953	254	50	2	1	251	1	251	7.94e-53	203
Ga0393506_23_3180_4223	CP000240.1:3039612-3040641|CDS|CYB_2937	97.031	1044	16	1	1	1044	1	1029	0.0	1753
Ga0393506_23_3180_4223	CP000239.1:798945-800037|CDS|CYA_0790	81.654	943	167	6	36	975	36	975	0.0	900
Ga0393506_23_4384_4662	CP000240.1:3040801-3041383|CDS|CYB_2938	97.491	279	7	0	1	279	304	582	1.07e-133	472
Ga0393506_23_4384_4662	CP000240.1:3041564-3042146|CDS|CYB_2939	96.887	257	8	0	16	272	319	575	1.14e-120	428
Ga0393506_23_4384_4662	CP000239.1:2926368-2926956|CDS|CYA_2901	86.347	271	37	0	2	272	305	575	1.22e-88	323
Ga0393506_24_182_1048	CP000240.1:2442008-2442875|CDS|CYB_2337	97.463	867	22	0	1	867	1	867	0.0	1465
Ga0393506_24_1085_2311	CP000240.1:2440722-2441973|CDS|CYB_2336	94.724	1251	42	2	1	1227	1	1251	0.0	1972
Ga0393506_24_1085_2311	CP000239.1:2014780-2016007|CDS|CYA_1998	79.675	1171	217	5	55	1222	64	1216	0.0	1036
Ga0393506_24_2352_2525	CP000240.1:2440508-2440682|CDS|CYB_2335	97.126	174	5	0	1	174	1	174	1.22e-79	292
Ga0393506_24_2352_2525	CP000239.1:2014595-2014769|CDS|CYA_1997	88.372	172	20	0	1	172	1	172	1.81e-58	221
Ga0393506_24_2573_3124	CP000240.1:2439909-2440461|CDS|CYB_2334	98.551	552	8	0	1	552	1	552	0.0	960
Ga0393506_24_2573_3124	CP000239.1:2014002-2014548|CDS|CYA_1996	83.091	550	87	1	1	550	1	544	2.50e-164	574
Ga0393506_24_3126_3866	CP000240.1:2439173-2439908|CDS|CYB_2333	97.551	735	18	0	7	741	1	735	0.0	1245
Ga0393506_24_3126_3866	CP000239.1:2013266-2014001|CDS|CYA_1995	90.476	735	70	0	7	741	1	735	0.0	1011
Ga0393506_24_3857_4219	CP000240.1:2438814-2439177|CDS|CYB_2332	98.347	363	6	0	1	363	1	363	0.0	628
Ga0393506_24_3857_4219	CP000239.1:2012907-2013270|CDS|CYA_1994	90.083	363	36	0	1	363	1	363	4.31e-140	493
Ga0393506_24_4326_4568	CP000240.1:2438465-2438714|CDS|CYB_2331	99.177	243	2	0	1	243	1	243	2.80e-121	430
Ga0393506_24_4326_4568	CP000239.1:2012541-2012814|CDS|CYA_1993	85.000	220	33	0	19	238	28	247	1.89e-66	249
Ga0393506_25_104_937	CP000240.1:2968340-2969051|CDS|CYB_2870	99.719	711	2	0	124	834	1	711	0.0	1274
Ga0393506_25_1146_1304	CP000240.1:2969370-2969529|CDS|CYB_2871	94.969	159	8	0	1	159	1	159	9.70e-68	251
Ga0393506_25_1146_1304	CP000239.1:1066354-1066525|CDS|CYA_1046	83.333	144	24	0	1	144	1	144	6.99e-38	152
Ga0393506_25_1307_1825	CP000240.1:2969531-2970068|CDS|CYB_2872	93.776	482	30	0	1	482	1	482	0.0	735
Ga0393506_25_1307_1825	CP000239.1:1066527-1067049|CDS|CYA_1047	86.590	522	67	2	1	519	1	522	6.29e-178	620
Ga0393506_25_1893_2183	CP000240.1:2970146-2970437|CDS|CYB_2873	94.502	291	16	0	1	291	1	291	2.99e-128	453
Ga0393506_25_1893_2183	CP000239.1:1067116-1067407|CDS|CYA_1048	91.753	291	24	0	1	291	1	291	2.16e-117	417
Ga0393506_25_2330_3286	CP000240.1:2970577-2971534|CDS|CYB_2874	98.537	957	14	0	1	957	1	957	0.0	1663
Ga0393506_25_2330_3286	CP000239.1:1067687-1068644|CDS|CYA_1049	86.520	957	129	0	1	957	1	957	0.0	1145
Ga0393506_25_3711_4064	CP000240.1:2971939-2973775|CDS|CYB_2875	99.709	344	1	0	1	344	241	584	5.11e-177	617
Ga0393506_25_3711_4064	CP000239.1:651332-653168|CDS|CYA_0640	92.420	343	26	0	2	344	242	584	8.11e-143	502
Ga0393506_25_3711_4064	CP000239.1:1602097-1603957|CDS|CYA_1593	74.257	303	76	2	34	335	286	587	2.33e-48	188
Ga0393506_25_3711_4064	CP000240.1:1896358-1898188|CDS|CYB_1812	74.539	271	69	0	65	335	287	557	4.22e-45	178
Ga0393506_26_427_1662	CP000240.1:2840997-2842233|CDS|CYB_2746	99.434	1236	7	0	1	1236	1	1236	0.0	2198
Ga0393506_26_427_1662	CP000239.1:2176314-2177547|CDS|CYA_2164	83.457	1209	186	5	32	1236	35	1233	0.0	1269
Ga0393506_26_1891_2187	CP000240.1:2842240-2842738|CDS|CYB_2747	95.964	223	9	0	75	297	276	498	1.49e-100	362
Ga0393506_26_1891_2187	CP000239.1:2175828-2176308|CDS|CYA_2163	90.583	223	21	0	75	297	258	480	2.87e-84	308
Ga0393506_26_2898_3818	CP000240.1:2843126-2844371|CDS|CYB_2748	99.891	921	1	0	1	921	325	1245	0.0	1657
Ga0393506_26_2898_3818	CP000239.1:2174198-2175443|CDS|CYA_2162	99.674	921	3	0	1	921	325	1245	0.0	1648
Ga0393506_27_458_589	CP000240.1:3009973-3010105|CDS|CYB_2911	100.000	132	0	0	1	132	1	132	4.91e-64	239
Ga0393506_27_458_589	CP000239.1:722155-722287|CDS|CYA_0717	88.636	132	15	0	1	132	1	132	2.09e-43	171
Ga0393506_27_758_2707	CP000240.1:3006535-3008485|CDS|CYB_2909	98.256	1950	34	0	1	1950	1	1950	0.0	3364
Ga0393506_27_3084_3233	CP000240.1:3006009-3006159|CDS|CYB_2906	99.333	150	1	0	1	150	1	150	4.11e-72	267
Ga0393506_27_3084_3233	CP000239.1:699489-699639|CDS|CYA_0691	99.333	150	1	0	1	150	1	150	4.11e-72	267
Ga0393506_27_3084_3233	CP000239.1:721906-722056|CDS|CYA_0716	80.000	150	30	0	1	150	1	150	5.02e-33	136
Ga0393506_28_311_793	CP000240.1:1366406-1368746|CDS|CYB_1304	98.551	483	7	0	1	483	1858	2340	0.0	840
Ga0393506_28_847_1386	CP000240.1:1365813-1366362|CDS|CYB_1303	98.148	540	10	0	1	540	10	549	0.0	930
Ga0393506_28_1673_2302	CP000240.1:1364732-1365587|CDS|CYB_1302	96.423	615	22	0	1	615	49	663	0.0	1011
Ga0393506_28_1673_2302	CP000239.1:1865039-1865843|CDS|CYA_1860	83.115	610	103	0	8	617	8	617	0.0	636
Ga0393506_28_2273_3454	CP000240.1:1366406-1368746|CDS|CYB_1304	98.464	1172	18	0	1	1172	1	1172	0.0	2033
Ga0393506_28_2273_3454	CP000239.1:575989-578068|CDS|CYA_0563	87.716	1099	135	0	1	1099	1	1099	0.0	1374
Ga0393506_29_1750_2919	CP000240.1:2162300-2163470|CDS|CYB_2065	98.974	1170	12	0	1	1170	1	1170	0.0	2057
Ga0393506_29_1750_2919	CP000239.1:95381-96572|CDS|CYA_0099	85.811	1184	147	3	1	1163	1	1184	0.0	1384
Ga0393506_29_3059_3592	CP000240.1:2160616-2162161|CDS|CYB_2064	99.064	534	5	0	1	534	1012	1545	0.0	941
Ga0393506_29_3059_3592	CP000239.1:93642-95199|CDS|CYA_0097	81.250	528	93	2	2	526	1022	1546	1.25e-142	503
Ga0393506_30_411_893	CP000240.1:722132-722546|CDS|CYB_0705	98.551	414	6	0	70	483	1	414	0.0	720
Ga0393506_30_411_893	CP000239.1:374063-374477|CDS|CYA_0356	83.120	391	66	0	70	460	1	391	1.91e-114	408
Ga0393506_30_1221_1394	CP000239.1:375089-375971|CDS|CYA_0358	89.024	164	18	0	1	164	646	809	7.69e-57	215
Ga0393506_30_1221_1394	CP000240.1:723190-724006|CDS|CYB_0707	88.485	165	19	0	1	165	643	807	9.37e-56	213
Ga0393506_30_1311_1478	CP000239.1:375089-375971|CDS|CYA_0358	90.476	168	15	1	2	168	728	561	1.18e-60	228
Ga0393506_30_1311_1478	CP000240.1:723190-724006|CDS|CYB_0707	89.941	169	16	1	1	168	726	558	1.44e-59	225
Ga0393506_30_1403_2095	CP000240.1:723190-724006|CDS|CYB_0707	96.057	634	24	1	61	693	1	634	0.0	1028
Ga0393506_30_1403_2095	CP000239.1:375089-375971|CDS|CYA_0358	85.580	638	86	3	61	693	1	637	0.0	728
Ga0393506_30_2184_2777	CP000240.1:724154-724748|CDS|CYB_0709	96.801	594	19	0	1	594	1	594	0.0	986
Ga0393506_30_2184_2777	CP000239.1:376111-376705|CDS|CYA_0360	89.643	589	61	0	1	589	1	589	0.0	788
Ga0393506_30_2774_3574	CP000240.1:724744-726217|CDS|CYB_0708	98.752	801	10	0	1	801	673	1473	0.0	1400
Ga0393506_30_2774_3574	CP000239.1:376701-378174|CDS|CYA_0359	89.750	800	82	0	1	800	673	1472	0.0	1074
Ga0393506_31_7_465	CP000240.1:361400-362072|CDS|CYB_0342	93.926	461	21	4	1	459	217	672	0.0	694
Ga0393506_31_7_465	CP000239.1:1720145-1720778|CDS|CYA_1711	76.159	453	78	7	1	450	199	624	1.70e-89	326
Ga0393506_31_723_1430	CP000240.1:362119-362827|CDS|CYB_0343	96.434	701	25	0	1	701	1	701	0.0	1152
Ga0393506_31_723_1430	CP000239.1:1720789-1721488|CDS|CYA_1712	79.009	686	135	2	1	686	1	677	5.14e-168	588
Ga0393506_31_1427_1927	CP000240.1:362823-363420|CDS|CYB_0344	99.202	501	4	0	1	501	97	597	0.0	886
Ga0393506_31_1427_1927	CP000239.1:1721508-1722021|CDS|CYA_1713	79.959	484	84	5	8	485	15	491	2.58e-119	425
Ga0393506_31_1909_2277	CP000239.1:1721995-1722337|CDS|CYA_1714	76.176	319	76	0	50	368	23	341	6.54e-62	233
Ga0393506_31_2620_3294	CP000240.1:364016-364817|CDS|CYB_0345	98.074	675	13	0	1	675	127	801	0.0	1159
Ga0393506_31_2620_3294	CP000239.1:1722401-1723214|CDS|CYA_1715	74.702	672	152	7	2	667	128	787	8.29e-121	431
Ga0393506_32_1695_2915	CP000240.1:3032230-3033451|CDS|CYB_2931	99.181	1221	10	0	1	1221	1	1221	0.0	2158
Ga0393506_32_1695_2915	CP000239.1:985154-986375|CDS|CYA_0973	91.155	1221	108	0	1	1221	1	1221	0.0	1716
Ga0393506_32_2982_3107	CP000240.1:3031216-3032143|CDS|CYB_2930	98.387	124	2	0	1	124	802	925	5.30e-57	215
Ga0393506_32_2982_3107	CP000239.1:986438-987371|CDS|CYA_0974	86.400	125	17	0	1	125	808	932	6.46e-37	150
Ga0393506_34_467_829	CP000240.1:1652910-1653918|CDS|CYB_1580	97.810	274	6	0	61	334	1	274	1.72e-132	468
Ga0393506_34_920_1306	CP000240.1:1652373-1652760|CDS|CYB_1579	99.740	385	1	0	1	385	1	385	0.0	691
Ga0393506_34_920_1306	CP000239.1:1457308-1457695|CDS|CYA_1452	89.091	385	42	0	1	385	1	385	7.32e-144	506
Ga0393506_34_1391_1774	CP000240.1:1651905-1652289|CDS|CYB_1578	97.917	384	8	0	1	384	1	384	0.0	657
Ga0393506_34_1391_1774	CP000239.1:1457783-1458167|CDS|CYA_1453	90.104	384	38	0	1	384	1	384	9.44e-149	522
Ga0393506_34_1976_2092	CP000240.1:1651587-1651704|CDS|CYB_1577	98.291	117	2	0	1	117	1	117	3.06e-53	203
Ga0393506_34_1976_2092	CP000239.1:1458380-1458497|CDS|CYA_1454	90.598	117	11	0	1	117	1	117	9.36e-41	162
Ga0393506_36_90_788	CP000240.1:2054275-2054974|CDS|CYB_1958	97.568	699	17	0	1	699	1	699	0.0	1185
Ga0393506_37_361_1149	CP000240.1:2796782-2798000|CDS|CYB_2707	96.333	709	26	0	19	727	1	709	0.0	1162
Ga0393506_37_361_1149	CP000240.1:2553363-2554557|CDS|CYB_2454	94.781	709	37	0	19	727	1	709	0.0	1113
Ga0393506_37_361_1149	CP000240.1:2168360-2169515|CDS|CYB_2071	94.358	709	40	0	19	727	1	709	0.0	1099
Ga0393506_37_361_1149	CP000239.1:2170714-2171908|CDS|CYA_2158	93.230	709	48	0	19	727	1	709	0.0	1063
Ga0393506_37_361_1149	CP000240.1:1803089-1804283|CDS|CYB_1722	91.819	709	58	0	19	727	1	709	0.0	1018
Ga0393506_37_361_1149	CP000240.1:2210858-2212052|CDS|CYB_2117	91.537	709	60	0	19	727	1	709	0.0	1009
Ga0393506_37_361_1149	CP000239.1:712444-713638|CDS|CYA_0704	91.537	709	60	0	19	727	1	709	0.0	1009
Ga0393506_37_361_1149	CP000240.1:52430-53648|CDS|CYB_0041	91.255	709	62	0	19	727	1	709	0.0	1000
Ga0393506_37_361_1149	CP000240.1:2644164-2645358|CDS|CYB_2538	90.973	709	64	0	19	727	1	709	0.0	991
Ga0393506_37_361_1149	CP000240.1:1064975-1066169|CDS|CYB_1023	90.973	709	64	0	19	727	1	709	0.0	991
Ga0393506_37_361_1149	CP000240.1:1083184-1084426|CDS|CYB_1042	89.222	733	55	1	19	727	1	733	0.0	984
Ga0393506_37_361_1149	CP000240.1:1954838-1956056|CDS|CYB_1872	90.691	709	66	0	19	727	1	709	0.0	982
Ga0393506_37_361_1149	CP000239.1:774779-775973|CDS|CYA_0767	90.127	709	70	0	19	727	1	709	0.0	964
Ga0393506_37_361_1149	CP000240.1:1190675-1191869|CDS|CYB_1151	89.986	709	71	0	19	727	1	709	0.0	959
Ga0393506_37_361_1149	CP000240.1:1521392-1522610|CDS|CYB_1450	88.404	733	61	1	19	727	1	733	0.0	957
Ga0393506_37_361_1149	CP000240.1:2830275-2831565|CDS|CYB_2735	87.995	733	64	1	19	727	1	733	0.0	943
Ga0393506_37_361_1149	CP000240.1:1358129-1359347|CDS|CYB_1297	87.995	733	64	1	19	727	1	733	0.0	943
Ga0393506_37_361_1149	CP000240.1:3008652-3009870|CDS|CYB_2910	87.722	733	66	1	19	727	1	733	0.0	934
Ga0393506_37_361_1149	CP000240.1:102811-104029|CDS|CYB_0087	87.722	733	66	1	19	727	1	733	0.0	934
Ga0393506_37_361_1149	CP000240.1:638632-639850|CDS|CYB_0630	87.585	733	67	1	19	727	1	733	0.0	930
Ga0393506_37_361_1149	CP000240.1:2128026-2129220|CDS|CYB_2026	88.858	709	79	0	19	727	1	709	0.0	923
Ga0393506_37_361_1149	CP000240.1:2247371-2248565|CDS|CYB_2147	87.165	709	91	0	19	727	1	709	0.0	869
Ga0393506_37_361_1149	CP000239.1:1594889-1596107|CDS|CYA_1585	87.024	709	92	0	19	727	1	709	0.0	865
Ga0393506_37_361_1149	CP000239.1:629980-631174|CDS|CYA_0620	86.742	709	94	0	19	727	1	709	0.0	856
Ga0393506_37_361_1149	CP000240.1:1316312-1317548|CDS|CYB_1259	86.460	709	96	0	19	727	1	709	0.0	847
Ga0393506_37_361_1149	CP000240.1:2219258-2220470|CDS|CYB_2126	84.866	707	107	0	19	725	1	707	0.0	793
Ga0393506_37_361_1149	CP000240.1:1763450-1764623|CDS|CYB_1688	84.485	709	110	0	19	727	1	709	0.0	783
Ga0393506_37_361_1149	CP000240.1:481588-482800|CDS|CYB_0472	84.203	709	112	0	19	727	1	709	0.0	774
Ga0393506_37_361_1149	CP000240.1:241642-242836|CDS|CYB_0233	84.203	709	112	0	19	727	1	709	0.0	774
Ga0393506_37_361_1149	CP000239.1:693322-694534|CDS|CYA_0687	84.017	707	113	0	19	725	1	707	0.0	766
Ga0393506_37_361_1149	CP000240.1:2619921-2621115|CDS|CYB_2521	83.780	709	115	0	19	727	1	709	0.0	761
Ga0393506_37_361_1149	CP000240.1:1917270-1918464|CDS|CYB_1826	83.639	709	116	0	19	727	1	709	0.0	756
Ga0393506_37_361_1149	CP000240.1:1384265-1385459|CDS|CYB_1322	83.639	709	116	0	19	727	1	709	0.0	756
Ga0393506_37_361_1149	CP000240.1:605550-606744|CDS|CYB_0598	83.639	709	116	0	19	727	1	709	0.0	756
Ga0393506_37_361_1149	CP000240.1:2565689-2566883|CDS|CYB_2468	83.498	709	117	0	19	727	1	709	0.0	752
Ga0393506_37_361_1149	CP000240.1:1015074-1016268|CDS|CYB_0979	83.498	709	117	0	19	727	1	709	0.0	752
Ga0393506_37_361_1149	CP000240.1:345730-346924|CDS|CYB_0329	83.498	709	117	0	19	727	1	709	0.0	752
Ga0393506_37_361_1149	CP000240.1:2661652-2662870|CDS|CYB_2557	82.934	709	121	0	19	727	1	709	0.0	734
Ga0393506_37_361_1149	CP000239.1:994256-995468|CDS|CYA_0981	82.934	709	121	0	19	727	1	709	0.0	734
Ga0393506_37_361_1149	CP000240.1:1267756-1268992|CDS|CYB_1227	81.173	733	114	1	19	727	1	733	0.0	718
Ga0393506_37_361_1149	CP000239.1:893439-894633|CDS|CYA_0887	82.370	709	125	0	19	727	1	709	0.0	716
Ga0393506_37_361_1149	CP000240.1:1842322-1843549|CDS|CYB_1759	82.278	711	122	2	19	727	1	709	0.0	710
Ga0393506_37_361_1149	CP000239.1:698055-699204|CDS|CYA_0690	81.100	709	134	0	19	727	1	709	0.0	675
Ga0393506_37_361_1149	CP000240.1:629484-630702|CDS|CYB_0620	79.673	733	125	1	19	727	1	733	0.0	668
Ga0393506_37_361_1149	CP000240.1:2933473-2934709|CDS|CYB_2835	79.320	735	124	3	19	727	1	733	0.0	653
Ga0393506_37_361_1149	CP000240.1:1244785-1246021|CDS|CYB_1201	79.127	733	129	1	19	727	1	733	0.0	650
Ga0393506_37_361_1149	CP000239.1:88305-89487|CDS|CYA_0091	79.000	700	145	2	24	722	6	704	1.35e-169	593
Ga0393506_37_361_1149	CP000240.1:2506708-2507857|CDS|CYB_2410	74.658	805	108	6	19	727	1	805	1.35e-169	592
Ga0393506_38_344_1255	CP000240.1:365637-366588|CDS|CYB_0347	97.478	912	23	0	1	912	40	951	0.0	1542
Ga0393506_38_344_1255	CP000239.1:500692-501478|CDS|CYA_0483	73.791	786	204	2	128	912	2	786	2.04e-136	482
Ga0393506_38_1277_1666	CP000240.1:366609-366999|CDS|CYB_0348	97.692	390	9	0	1	390	1	390	0.0	664
Ga0393506_38_1277_1666	CP000239.1:500299-500689|CDS|CYA_0482	87.949	390	47	0	1	390	1	390	1.63e-139	492
Ga0393506_40_23_184	CP000240.1:1876941-1877934|CDS|CYB_1789	100.000	153	0	0	1	153	439	591	2.49e-75	277
Ga0393506_40_23_184	CP000239.1:250106-251099|CDS|CYA_0246	86.275	153	21	0	1	153	439	591	1.47e-46	182
Ga0393506_40_215_1183	CP000240.1:1875396-1876878|CDS|CYB_1788	98.039	969	18	1	1	969	515	1482	0.0	1659
Ga0393506_40_215_1183	CP000239.1:248587-250033|CDS|CYA_0245	83.593	963	145	4	1	963	491	1440	0.0	1019
Ga0393506_40_1897_2220	CP000240.1:1874747-1875209|CDS|CYB_1787	98.148	324	6	0	1	324	139	462	1.10e-159	558
Ga0393506_40_1897_2220	CP000239.1:247937-248399|CDS|CYA_0244	89.783	323	33	0	1	323	139	461	3.15e-122	434
Ga0393506_41_761_1129	CP000240.1:2480948-2481353|CDS|CYB_2374	98.916	369	4	0	1	369	37	405	0.0	648
Ga0393506_41_761_1129	CP000239.1:2603692-2604097|CDS|CYA_2579	85.135	370	53	2	1	369	37	405	1.18e-115	413
Ga0393506_41_1238_1459	CP000240.1:2481465-2481687|CDS|CYB_2375	97.748	222	5	0	1	222	1	222	1.40e-105	379
Ga0393506_41_1238_1459	CP000239.1:2603362-2603584|CDS|CYA_2578	84.080	201	30	2	22	221	22	221	1.23e-55	212
Ga0393506_41_1488_1823	CP000240.1:2481715-2482051|CDS|CYB_2376	94.643	336	18	0	1	336	1	336	6.75e-150	526
Ga0393506_41_1488_1823	CP000239.1:2602993-2603335|CDS|CYA_2577	81.851	281	51	0	1	281	1	281	5.56e-75	278
Ga0393506_43_136_267	CP000240.1:358766-360056|CDS|CYB_0340	90.909	132	12	0	1	132	1230	1099	9.49e-48	185
Ga0393506_43_275_526	CP000239.1:1715834-1716260|CDS|CYA_1707	87.448	239	30	0	1	239	169	407	4.34e-81	297
