Ga0393509_01_812_1027	CP000240.1:1703890-1704106|CDS|CYB_1633	96.296	216	8	0	1	216	1	216	1.55e-98	354
Ga0393509_01_812_1027	CP000239.1:1649563-1649779|CDS|CYA_1651	86.047	215	30	0	1	215	1	215	3.91e-68	253
Ga0393509_01_1057_1251	CP000240.1:1704135-1704330|CDS|CYB_1634	99.487	195	1	0	1	195	1	195	2.06e-96	348
Ga0393509_01_1057_1251	CP000239.1:1649808-1650003|CDS|CYA_1652	91.282	195	17	0	1	195	1	195	1.07e-74	276
Ga0393509_01_1343_2020	CP000240.1:1704421-1705183|CDS|CYB_1635	97.935	678	14	0	1	678	85	762	0.0	1160
Ga0393509_01_1343_2020	CP000239.1:1650092-1650863|CDS|CYA_1653	84.195	677	107	0	2	678	95	771	0.0	739
Ga0393509_01_2236_3222	CP000240.1:1705314-1706301|CDS|CYB_1636	98.987	987	10	0	1	987	1	987	0.0	1736
Ga0393509_01_2236_3222	CP000239.1:1650994-1651969|CDS|CYA_1654	86.509	971	131	0	1	971	1	971	0.0	1161
Ga0393509_01_3333_3689	CP000240.1:1706411-1706768|CDS|CYB_1638	95.798	357	15	0	1	357	1	357	4.52e-165	577
Ga0393509_01_3333_3689	CP000239.1:1652091-1652448|CDS|CYA_1655	84.551	356	53	2	1	355	1	355	4.53e-108	388
Ga0393509_01_3725_4957	CP000240.1:1706803-1708045|CDS|CYB_1639	94.767	1242	56	1	1	1233	1	1242	0.0	1951
Ga0393509_01_3725_4957	CP000239.1:1652448-1653678|CDS|CYA_1656	76.652	1135	249	10	97	1223	91	1217	0.0	822
Ga0393509_01_4992_9101	CP000240.1:1708079-1712408|CDS|CYB_1640	96.350	4110	138	1	1	4110	232	4329	0.0	6743
Ga0393509_01_4992_9101	CP000239.1:1653664-1658044|CDS|CYA_1657	84.740	4122	516	27	1	4070	232	4292	0.0	4579
Ga0393509_01_9574_12399	CP000240.1:1712649-1715439|CDS|CYB_1641	98.172	2790	51	0	37	2826	1	2790	0.0	4802
Ga0393509_01_9574_12399	CP000239.1:1658285-1661042|CDS|CYA_1658	84.408	2777	398	4	51	2826	15	2757	0.0	3070
Ga0393509_01_12884_14263	CP000240.1:1715960-1717340|CDS|CYB_1644	98.478	1380	21	0	1	1380	1	1380	0.0	2395
Ga0393509_01_12884_14263	CP000239.1:2919861-2921238|CDS|CYA_2895	81.897	1381	245	4	1	1380	1	1377	0.0	1351
Ga0393509_01_14482_15405	CP000240.1:1717558-1718482|CDS|CYB_1645	99.134	924	8	0	1	924	1	924	0.0	1631
Ga0393509_01_14482_15405	CP000239.1:2918702-2919626|CDS|CYA_2894	85.714	924	132	0	1	924	1	924	0.0	1072
Ga0393509_01_15412_16158	CP000240.1:1718487-1719234|CDS|CYB_1646	100.000	747	0	0	1	747	1	747	0.0	1348
Ga0393509_01_15412_16158	CP000239.1:2917950-2918697|CDS|CYA_2893	90.983	743	67	0	1	743	1	743	0.0	1039
Ga0393509_01_16197_16805	CP000240.1:1719272-1719872|CDS|CYB_1647	100.000	600	0	0	10	609	1	600	0.0	1083
Ga0393509_01_16197_16805	CP000239.1:2917182-2917791|CDS|CYA_2892	89.163	609	66	0	1	609	1	609	0.0	801
Ga0393509_01_16865_18070	CP000240.1:1719940-1721137|CDS|CYB_1648	99.415	1197	7	0	10	1206	1	1197	0.0	2128
Ga0393509_01_16865_18070	CP000239.1:2915931-2917158|CDS|CYA_2891	88.410	1113	127	2	1	1112	1	1112	0.0	1419
Ga0393509_01_18191_19408	CP000240.1:1721266-1722577|CDS|CYB_1649	98.358	1218	20	0	1	1218	94	1311	0.0	2107
Ga0393509_01_18191_19408	CP000239.1:2914271-2915582|CDS|CYA_2890	88.436	1202	139	0	1	1202	94	1295	0.0	1542
Ga0393509_01_19592_22774	CP000240.1:1722667-1727377|CDS|CYB_1650	97.989	3183	64	0	1	3183	1528	4710	0.0	5452
Ga0393509_01_19592_22774	CP000239.1:2909516-2914181|CDS|CYA_2889	92.873	3199	193	7	1	3183	1486	4665	0.0	4742
Ga0393509_02_28_303	CP000240.1:1562863-1563481|CDS|CYB_1487	99.631	271	1	0	6	276	348	618	1.67e-137	485
Ga0393509_02_28_303	CP000239.1:2449284-2449941|CDS|CYA_2438	85.714	238	34	0	7	244	349	586	4.49e-75	277
Ga0393509_02_416_1216	CP000240.1:1563521-1564394|CDS|CYB_1488	94.507	801	44	0	1	801	73	873	0.0	1247
Ga0393509_02_1363_2964	CP000240.1:1564555-1566151|CDS|CYB_1490	96.992	1596	48	0	7	1602	1	1596	0.0	2663
Ga0393509_02_1363_2964	CP000239.1:2447527-2449129|CDS|CYA_2436	90.137	1602	158	0	1	1602	1	1602	0.0	2177
Ga0393509_02_2961_3359	CP000239.1:2445983-2447531|CDS|CYA_2437	99.375	320	2	0	80	399	1229	1548	7.55e-163	569
Ga0393509_02_3398_5209	CP000240.1:1566887-1568699|CDS|CYB_1492	97.517	1812	45	0	1	1812	1	1812	0.0	3066
Ga0393509_02_3398_5209	CP000239.1:2441938-2443750|CDS|CYA_2433	89.459	1812	191	0	1	1812	1	1812	0.0	2407
Ga0393509_02_5417_7144	CP000240.1:1568891-1570619|CDS|CYB_1493	99.363	1728	11	0	1	1728	1	1728	0.0	3067
Ga0393509_02_5417_7144	CP000239.1:2440021-2441761|CDS|CYA_2432	88.657	1728	184	2	1	1728	25	1740	0.0	2235
Ga0393509_02_7163_8770	CP000240.1:1570637-1572323|CDS|CYB_1494	97.015	1608	42	1	1	1608	85	1686	0.0	2685
Ga0393509_02_7163_8770	CP000239.1:2438015-2439716|CDS|CYA_2431	86.679	1614	204	3	1	1604	85	1697	0.0	1939
Ga0393509_02_9164_9409	CP000240.1:1572632-1572878|CDS|CYB_1495	97.561	246	6	0	1	246	1	246	1.79e-117	417
Ga0393509_02_9164_9409	CP000239.1:2437453-2437699|CDS|CYA_2430	88.211	246	29	0	1	246	1	246	5.50e-86	314
Ga0393509_02_9486_9617	CP000240.1:1572954-1573086|CDS|CYB_1496	97.727	132	3	0	1	132	1	132	1.08e-59	225
Ga0393509_02_9486_9617	CP000239.1:2437226-2437370|CDS|CYA_2429	88.618	123	14	0	10	132	22	144	3.78e-40	159
Ga0393509_02_9623_9748	CP000240.1:1573091-1573217|CDS|CYB_1497	100.000	126	0	0	1	126	1	126	8.40e-61	228
Ga0393509_02_9623_9748	CP000239.1:2437095-2437221|CDS|CYA_2428	89.683	126	13	0	1	126	1	126	6.90e-43	169
Ga0393509_02_9890_10009	CP000240.1:1573358-1573478|CDS|CYB_1498	94.958	119	6	0	1	119	1	119	6.94e-49	188
Ga0393509_02_9890_10009	CP000239.1:2436835-2436955|CDS|CYA_2427	91.667	96	8	0	1	96	1	96	1.10e-33	138
Ga0393509_02_10536_11006	CP000240.1:1574006-1574477|CDS|CYB_1499	99.575	471	2	0	1	471	1	471	0.0	841
Ga0393509_02_10536_11006	CP000239.1:33589-34060|CDS|CYA_0035	90.000	470	47	0	1	470	1	470	0.0	636
Ga0393509_02_11045_11158	CP000240.1:1574515-1574629|CDS|CYB_1500	100.000	114	0	0	1	114	1	114	2.43e-54	206
Ga0393509_02_11045_11158	CP000239.1:34109-34223|CDS|CYA_0036	90.265	113	11	0	1	113	1	113	1.34e-38	155
Ga0393509_02_11432_11647	CP000240.1:1574930-1575197|CDS|CYB_1501	99.479	192	1	0	1	192	192	1	9.81e-95	343
Ga0393509_02_11603_11722	CP000240.1:1574930-1575197|CDS|CYB_1501	100.000	120	0	0	1	120	148	267	1.43e-57	217
Ga0393509_02_11778_13241	CP000240.1:1575252-1576710|CDS|CYB_1502	98.422	1458	23	0	7	1464	1	1458	0.0	2526
Ga0393509_02_13576_15024	CP000240.1:1577050-1578643|CDS|CYB_1503	97.585	1449	35	0	1	1449	145	1593	0.0	2456
Ga0393509_02_13576_15024	CP000239.1:360753-362295|CDS|CYA_0343	81.686	1447	214	3	2	1448	146	1541	0.0	1448
Ga0393509_02_15168_15731	CP000240.1:1578642-1579203|CDS|CYB_1504	95.332	557	26	0	8	564	5	561	0.0	888
Ga0393509_02_15168_15731	CP000239.1:360157-360754|CDS|CYA_0342	83.511	564	90	1	1	564	37	597	7.83e-171	597
Ga0393509_02_15780_16100	CP000240.1:1579253-1579796|CDS|CYB_1505	89.565	345	12	2	1	321	199	543	3.56e-134	473
Ga0393509_02_15780_16100	CP000239.1:359626-360145|CDS|CYA_0341	80.556	324	57	2	1	321	199	519	5.65e-81	297
Ga0393509_02_16351_16572	CP000240.1:1579853-1580075|CDS|CYB_1506	100.000	222	0	0	1	222	1	222	1.23e-112	401
Ga0393509_02_16553_16912	CP000240.1:1580055-1580415|CDS|CYB_1507	99.444	360	2	0	1	360	1	360	0.0	641
Ga0393509_02_16553_16912	CP000239.1:359123-359483|CDS|CYA_0340	81.111	360	68	0	1	360	1	360	4.89e-95	343
Ga0393509_03_12_512	CP000240.1:911640-912438|CDS|CYB_0884	92.555	497	37	0	1	497	280	776	0.0	730
Ga0393509_03_12_512	CP000239.1:979417-980197|CDS|CYA_0967	91.935	496	40	0	1	496	280	775	0.0	715
Ga0393509_03_741_1214	CP000240.1:921379-921841|CDS|CYB_0888	86.728	437	58	0	1	437	1	437	2.78e-150	527
Ga0393509_03_741_1214	CP000239.1:980253-980715|CDS|CYA_0968	83.182	440	74	0	1	440	1	440	3.38e-130	461
Ga0393509_03_1221_1877	CP000240.1:921847-922504|CDS|CYB_0889	94.216	657	38	0	1	657	1	657	0.0	1014
Ga0393509_03_1221_1877	CP000239.1:980721-981372|CDS|CYA_0969	87.191	648	77	1	10	657	10	651	0.0	796
Ga0393509_03_1946_3163	CP000240.1:922572-923790|CDS|CYB_0890	98.604	1218	17	0	1	1218	1	1218	0.0	2121
Ga0393509_03_1946_3163	CP000239.1:793049-794243|CDS|CYA_0785	84.991	1126	165	4	67	1190	43	1166	0.0	1255
Ga0393509_03_3351_3842	CP000240.1:923977-924469|CDS|CYB_0891	99.187	492	4	0	1	492	1	492	0.0	870
Ga0393509_03_3351_3842	CP000239.1:945551-946043|CDS|CYA_0935	90.041	492	49	0	1	492	1	492	0.0	667
Ga0393509_03_3960_4796	CP000240.1:924586-925423|CDS|CYB_0892	98.208	837	15	0	1	837	1	837	0.0	1443
Ga0393509_03_3960_4796	CP000239.1:946161-947004|CDS|CYA_0936	92.723	797	58	0	1	797	1	797	0.0	1177
Ga0393509_03_4914_5279	CP000240.1:925551-925917|CDS|CYB_0894	97.814	366	8	0	1	366	1	366	1.02e-179	625
Ga0393509_03_4914_5279	CP000239.1:947116-947479|CDS|CYA_0938	83.060	366	59	1	1	366	1	363	6.91e-106	379
Ga0393509_03_5266_6534	CP000240.1:925903-927250|CDS|CYB_0893	96.296	1269	47	0	1	1269	79	1347	0.0	2077
Ga0393509_03_5266_6534	CP000239.1:947475-948816|CDS|CYA_0937	84.880	1250	175	4	1	1247	79	1317	0.0	1397
Ga0393509_03_6837_8561	CP000240.1:927345-929199|CDS|CYB_0895	97.391	1725	45	0	1	1725	130	1854	0.0	2909
Ga0393509_03_6837_8561	CP000239.1:948785-950765|CDS|CYA_0939	90.551	1725	163	0	1	1725	256	1980	0.0	2377
Ga0393509_03_8877_9182	CP000240.1:929514-929820|CDS|CYB_0896	98.039	306	6	0	1	306	1	306	6.10e-150	526
Ga0393509_03_8877_9182	CP000239.1:951097-951415|CDS|CYA_0940	88.514	296	34	0	1	296	1	296	1.64e-106	381
Ga0393509_03_9308_10351	CP000240.1:929855-930989|CDS|CYB_0897	98.851	1044	12	0	1	1044	91	1134	0.0	1829
Ga0393509_03_9308_10351	CP000239.1:951485-952631|CDS|CYA_0941	80.777	1056	185	6	4	1044	94	1146	0.0	979
Ga0393509_03_10377_11036	CP000240.1:931014-931674|CDS|CYB_0898	97.576	660	16	0	1	660	1	660	0.0	1119
Ga0393509_03_10377_11036	CP000239.1:952657-953323|CDS|CYA_0942	76.723	653	137	8	17	660	20	666	9.23e-133	471
Ga0393509_03_11312_12199	CP000240.1:931956-932838|CDS|CYB_0899	98.297	881	15	0	7	887	1	881	0.0	1522
Ga0393509_03_11312_12199	CP000239.1:953466-954468|CDS|CYA_0943	77.009	896	192	6	2	887	110	1001	0.0	673
Ga0393509_03_12654_13457	CP000240.1:932847-933651|CDS|CYB_0900	99.378	804	5	0	1	804	1	804	0.0	1428
Ga0393509_03_12654_13457	CP000239.1:642958-643759|CDS|CYA_0631	74.751	804	157	6	1	804	1	758	1.47e-156	550
Ga0393509_03_13484_14146	CP000240.1:933677-934340|CDS|CYB_0901	97.587	663	16	0	1	663	1	663	0.0	1124
Ga0393509_03_13484_14146	CP000239.1:643785-644448|CDS|CYA_0632	81.146	663	125	0	1	663	1	663	0.0	633
Ga0393509_04_266_880	CP000240.1:558346-558961|CDS|CYB_0546	97.886	615	13	0	1	615	1	615	0.0	1051
Ga0393509_04_266_880	CP000239.1:507551-508166|CDS|CYA_0490	88.943	615	68	0	1	615	1	615	0.0	803
Ga0393509_04_1047_1850	CP000240.1:557376-558180|CDS|CYB_0545	96.269	804	30	0	1	804	1	804	0.0	1315
Ga0393509_04_2089_2244	CP000240.1:556996-557377|CDS|CYB_0544	98.077	156	3	0	1	156	226	381	1.23e-72	269
Ga0393509_04_2089_2244	CP000239.1:1545155-1545380|CDS|CYA_1534	91.613	155	13	0	2	156	71	225	1.61e-58	222
Ga0393509_04_2506_3030	CP000240.1:556211-556736|CDS|CYB_0541	95.810	525	22	0	1	525	1	525	0.0	848
Ga0393509_04_2506_3030	CP000239.1:1544447-1544918|CDS|CYA_1533	85.777	457	65	0	1	457	1	457	2.54e-151	532
Ga0393509_04_3120_4160	CP000240.1:555081-556122|CDS|CYB_0540	97.983	1041	21	0	1	1041	1	1041	0.0	1783
Ga0393509_04_4207_5268	CP000240.1:553988-555035|CDS|CYB_0539	94.491	1071	26	2	1	1062	1	1047	0.0	1687
Ga0393509_04_4207_5268	CP000239.1:1543566-1544442|CDS|CYA_1532	86.650	794	106	0	100	893	1	794	0.0	955
Ga0393509_04_5411_6373	CP000240.1:552871-553828|CDS|CYB_0538	97.338	939	25	0	19	957	1	939	0.0	1581
Ga0393509_04_5411_6373	CP000239.1:1542428-1543451|CDS|CYA_1531	80.328	915	135	2	43	957	118	987	0.0	871
Ga0393509_04_6767_7282	CP000240.1:552116-552782|CDS|CYB_0537	97.868	516	11	0	1	516	151	666	0.0	882
Ga0393509_04_6767_7282	CP000239.1:1541631-1542297|CDS|CYA_1530	84.462	502	78	0	15	516	165	666	2.18e-158	554
Ga0393509_04_7692_8240	CP000240.1:551296-551845|CDS|CYB_0536	97.445	548	14	0	1	548	1	548	0.0	926
Ga0393509_04_7692_8240	CP000239.1:2148725-2149301|CDS|CYA_2135	85.872	545	77	0	1	545	1	545	0.0	636
Ga0393509_04_8381_9901	CP000240.1:549635-551156|CDS|CYB_0535	97.830	1521	33	0	1	1521	1	1521	0.0	2595
Ga0393509_04_8381_9901	CP000239.1:2149405-2150902|CDS|CYA_2136	84.884	1515	205	2	1	1515	1	1491	0.0	1713
Ga0393509_04_9905_10735	CP000240.1:548801-549620|CDS|CYB_0534	99.267	819	6	0	13	831	1	819	0.0	1451
Ga0393509_04_9905_10735	CP000239.1:2150920-2151715|CDS|CYA_2137	85.363	772	113	0	60	831	24	795	0.0	884
Ga0393509_04_11332_12438	CP000240.1:547074-547995|CDS|CYB_0533	97.503	921	23	0	187	1107	1	921	0.0	1558
Ga0393509_04_11332_12438	CP000239.1:2151942-2152863|CDS|CYA_2138	88.817	921	103	0	187	1107	1	921	0.0	1197
Ga0393509_04_12612_13073	CP000240.1:546439-546901|CDS|CYB_0532	96.320	462	17	0	1	462	1	462	0.0	757
Ga0393509_04_12612_13073	CP000239.1:2153019-2153475|CDS|CYA_2140	81.425	463	78	4	1	462	1	456	3.76e-123	437
Ga0393509_05_8_1690	CP000240.1:26083-28351|CDS|CYB_0022	98.039	1683	33	0	1	1683	586	2268	0.0	2887
Ga0393509_05_8_1690	CP000239.1:2536946-2539214|CDS|CYA_2521	93.464	1683	110	0	1	1683	586	2268	0.0	2540
Ga0393509_05_1712_3946	CP000240.1:23827-26062|CDS|CYB_0021	98.210	2235	40	0	1	2235	1	2235	0.0	3851
Ga0393509_05_1712_3946	CP000239.1:2539235-2541473|CDS|CYA_2522	92.608	2232	165	0	4	2235	7	2238	0.0	3282
Ga0393509_05_4066_4647	CP000240.1:23138-23720|CDS|CYB_0020	98.110	582	11	0	1	582	1	582	0.0	1001
Ga0393509_05_4729_6285	CP000240.1:19690-21247|CDS|CYB_0017	97.489	1553	39	0	1	1553	1	1553	0.0	2626
Ga0393509_05_6360_7745	CP000239.1:2541913-2543251|CDS|CYA_2523	92.446	1337	95	1	55	1385	1	1337	0.0	1957
Ga0393509_05_8335_9405	CP000239.1:2543741-2544962|CDS|CYA_2524	91.036	1071	96	0	1	1071	151	1221	0.0	1499
Ga0393509_05_9466_10866	CP000239.1:2545022-2546408|CDS|CYA_2525	84.766	1070	154	3	1	1067	1	1064	0.0	1190
Ga0393509_05_11023_12417	CP000240.1:15044-16448|CDS|CYB_0014	95.286	1379	65	0	1	1379	1	1379	0.0	2195
Ga0393509_05_11023_12417	CP000239.1:9805-11209|CDS|CYA_0009	86.550	1368	182	2	13	1379	13	1379	0.0	1631
Ga0393509_06_156_599	CP000240.1:2389379-2389823|CDS|CYB_2283	99.324	444	3	0	1	444	1	444	0.0	788
Ga0393509_06_156_599	CP000239.1:26692-27145|CDS|CYA_0028	86.493	422	57	0	1	422	1	422	2.96e-143	505
Ga0393509_06_793_1176	CP000240.1:2388798-2389182|CDS|CYB_2282	96.615	384	13	0	1	384	1	384	0.0	635
Ga0393509_06_793_1176	CP000239.1:26201-26567|CDS|CYA_0027	86.351	359	49	0	24	382	6	364	5.59e-120	427
Ga0393509_06_1176_2489	CP000240.1:2387497-2388799|CDS|CYB_2281	95.174	1264	61	0	1	1264	1	1264	0.0	2005
Ga0393509_06_1176_2489	CP000239.1:24910-26074|CDS|CYA_0026	77.984	1131	215	7	133	1261	1	1099	0.0	917
Ga0393509_06_2684_3757	CP000240.1:2386224-2387370|CDS|CYB_2280	99.348	1074	7	0	1	1074	73	1146	0.0	1906
Ga0393509_06_2684_3757	CP000239.1:2637170-2638301|CDS|CYA_2620	80.021	961	159	4	11	968	83	1013	0.0	880
Ga0393509_06_3886_4677	CP000240.1:2385305-2386193|CDS|CYB_2279	99.116	792	7	0	1	792	97	888	0.0	1397
Ga0393509_06_3886_4677	CP000239.1:2636270-2637158|CDS|CYA_2619	84.343	792	124	0	1	792	97	888	0.0	870
Ga0393509_06_4895_5854	CP000240.1:2384144-2385239|CDS|CYB_2277	97.604	960	23	0	1	960	136	1095	0.0	1628
Ga0393509_06_4895_5854	CP000239.1:2635109-2636108|CDS|CYA_2618	81.105	905	171	0	7	911	52	956	0.0	862
Ga0393509_06_5830_6681	CP000240.1:2383317-2384169|CDS|CYB_2278	96.596	852	29	0	1	852	1	852	0.0	1407
Ga0393509_06_5830_6681	CP000239.1:2633964-2634822|CDS|CYA_2617	88.675	830	94	0	1	830	1	830	0.0	1074
Ga0393509_06_6718_8454	CP000240.1:2381532-2383281|CDS|CYB_2276	94.225	1749	89	1	1	1737	1	1749	0.0	2706
Ga0393509_06_6718_8454	CP000239.1:2632184-2633936|CDS|CYA_2616	86.872	1752	215	2	1	1737	1	1752	0.0	2128
Ga0393509_06_8781_9443	CP000240.1:2380543-2381206|CDS|CYB_2275	99.849	663	1	0	1	663	1	663	0.0	1192
Ga0393509_06_8781_9443	CP000239.1:2631195-2631858|CDS|CYA_2615	99.849	663	1	0	1	663	1	663	0.0	1192
Ga0393509_06_9558_9893	CP000239.1:1152933-1153500|CDS|CYA_1127	100.000	336	0	0	1	336	232	567	2.51e-174	607
Ga0393509_06_9558_9893	CP000239.1:1012514-1013081|CDS|CYA_0998	100.000	336	0	0	1	336	232	567	2.51e-174	607
Ga0393509_06_9558_9893	CP000239.1:2863003-2863513|CDS|CYA_2846	99.702	336	1	0	1	336	175	510	1.07e-172	602
Ga0393509_06_9558_9893	CP000239.1:2653692-2654259|CDS|CYA_2637	99.405	336	2	0	1	336	232	567	1.30e-171	598
Ga0393509_06_9558_9893	CP000239.1:1290362-1291310|CDS|CYA_1279	99.405	336	2	0	1	336	613	948	1.30e-171	598
Ga0393509_06_9558_9893	CP000239.1:1368174-1368741|CDS|CYA_1360	99.107	336	3	0	1	336	232	567	5.53e-170	593
Ga0393509_06_9558_9893	CP000239.1:2728909-2729476|CDS|CYA_2710	98.810	336	4	0	1	336	232	567	6.74e-169	589
Ga0393509_06_9558_9893	CP000239.1:1664315-1664882|CDS|CYA_1662	98.810	336	4	0	1	336	232	567	6.74e-169	589
Ga0393509_06_9558_9893	CP000239.1:1612111-1613059|CDS|CYA_1604	98.810	336	4	0	1	336	613	948	6.74e-169	589
Ga0393509_06_9558_9893	CP000239.1:1300214-1300781|CDS|CYA_1289	98.810	336	4	0	1	336	232	567	6.74e-169	589
Ga0393509_06_9558_9893	CP000239.1:51699-52647|CDS|CYA_0053	98.810	336	4	0	1	336	613	948	6.74e-169	589
Ga0393509_06_9558_9893	CP000239.1:1321049-1321982|CDS|CYA_1311	95.536	336	0	1	1	336	613	933	2.06e-156	548
Ga0393509_06_9558_9893	CP000239.1:34936-35488|CDS|CYA_0038	95.238	336	1	1	1	336	232	552	2.51e-155	544
Ga0393509_06_9558_9893	CP000239.1:2101215-2101767|CDS|CYA_2081	94.940	336	2	1	1	336	232	552	1.07e-153	539
Ga0393509_06_10106_10327	CP000239.1:2728529-2728928|CDS|CYA_2709	100.000	222	0	0	1	222	178	399	1.23e-112	401
Ga0393509_06_10106_10327	CP000239.1:2654240-2654639|CDS|CYA_2639	100.000	222	0	0	1	222	178	399	1.23e-112	401
Ga0393509_06_10106_10327	CP000239.1:1663935-1664334|CDS|CYA_1661	100.000	222	0	0	1	222	178	399	1.23e-112	401
Ga0393509_06_10106_10327	CP000239.1:1300762-1301161|CDS|CYA_1291	100.000	222	0	0	1	222	178	399	1.23e-112	401
Ga0393509_06_10106_10327	CP000239.1:1152553-1152952|CDS|CYA_1126	100.000	222	0	0	1	222	178	399	1.23e-112	401
Ga0393509_06_10106_10327	CP000239.1:1013062-1013461|CDS|CYA_0999	100.000	222	0	0	1	222	178	399	1.23e-112	401
Ga0393509_06_10106_10327	CP000239.1:34556-34955|CDS|CYA_0037	99.550	222	1	0	1	222	178	399	5.23e-111	397
Ga0393509_06_10106_10327	CP000239.1:1290362-1291310|CDS|CYA_1279	99.552	223	0	1	1	222	178	400	1.83e-110	395
Ga0393509_06_10106_10327	CP000239.1:2862566-2862965|CDS|CYA_2845	99.099	222	2	0	1	222	178	399	6.38e-110	392
Ga0393509_06_10106_10327	CP000239.1:2101748-2102147|CDS|CYA_2082	99.099	222	2	0	1	222	178	399	6.38e-110	392
Ga0393509_06_10106_10327	CP000239.1:1367794-1368193|CDS|CYA_1358	99.099	222	2	0	1	222	178	399	6.38e-110	392
Ga0393509_06_10106_10327	CP000239.1:1612111-1613059|CDS|CYA_1604	99.103	223	1	1	1	222	178	400	2.23e-109	390
Ga0393509_06_10106_10327	CP000239.1:1321049-1321982|CDS|CYA_1311	99.103	223	1	1	1	222	178	400	2.23e-109	390
Ga0393509_06_10106_10327	CP000239.1:51699-52647|CDS|CYA_0053	99.103	223	1	1	1	222	178	400	2.23e-109	390
Ga0393509_06_10106_10327	CP000239.1:2740042-2740447|CDS|CYA_2722	99.099	222	1	1	1	222	178	398	7.77e-109	389
Ga0393509_06_10106_10327	CP000239.1:2026942-2027347|CDS|CYA_2010	99.099	222	1	1	1	222	178	398	7.77e-109	389
Ga0393509_06_10361_10504	CP000239.1:2862566-2862965|CDS|CYA_2845	99.306	144	1	0	1	144	1	144	7.09e-69	256
Ga0393509_06_10361_10504	CP000239.1:2728529-2728928|CDS|CYA_2709	99.306	144	1	0	1	144	1	144	7.09e-69	256
Ga0393509_06_10361_10504	CP000239.1:1612111-1613059|CDS|CYA_1604	99.306	144	1	0	1	144	1	144	7.09e-69	256
Ga0393509_06_10361_10504	CP000239.1:1321049-1321982|CDS|CYA_1311	99.306	144	1	0	1	144	1	144	7.09e-69	256
Ga0393509_06_10361_10504	CP000239.1:1290362-1291310|CDS|CYA_1279	99.306	144	1	0	1	144	1	144	7.09e-69	256
Ga0393509_06_10361_10504	CP000239.1:51699-52647|CDS|CYA_0053	99.306	144	1	0	1	144	1	144	7.09e-69	256
Ga0393509_06_10361_10504	CP000239.1:34556-34955|CDS|CYA_0037	99.306	144	1	0	1	144	1	144	7.09e-69	256
Ga0393509_06_10361_10504	CP000239.1:2740042-2740447|CDS|CYA_2722	98.611	144	2	0	1	144	1	144	8.64e-68	251
Ga0393509_06_10361_10504	CP000239.1:2026942-2027347|CDS|CYA_2010	98.611	144	2	0	1	144	1	144	8.64e-68	251
Ga0393509_06_10361_10504	CP000239.1:1663935-1664334|CDS|CYA_1661	98.611	144	2	0	1	144	1	144	8.64e-68	251
Ga0393509_06_10361_10504	CP000239.1:1367794-1368193|CDS|CYA_1358	98.611	144	2	0	1	144	1	144	8.64e-68	251
Ga0393509_06_10361_10504	CP000239.1:1300762-1301161|CDS|CYA_1291	98.611	144	2	0	1	144	1	144	8.64e-68	251
Ga0393509_06_10361_10504	CP000239.1:1152553-1152952|CDS|CYA_1126	98.611	144	2	0	1	144	1	144	8.64e-68	251
Ga0393509_06_10361_10504	CP000239.1:1013062-1013461|CDS|CYA_0999	98.611	144	2	0	1	144	1	144	8.64e-68	251
Ga0393509_06_10361_10504	CP000239.1:2654240-2654639|CDS|CYA_2639	97.222	144	4	0	1	144	1	144	4.47e-65	242
Ga0393509_06_10361_10504	CP000239.1:2101748-2102147|CDS|CYA_2082	97.222	144	4	0	1	144	1	144	4.47e-65	242
Ga0393509_06_10361_10504	CP000240.1:1139570-1139810|CDS|CYB_1105	84.211	114	18	0	28	141	16	129	8.65e-30	125
Ga0393509_06_10579_11355	CP000240.1:2379524-2380301|CDS|CYB_2274	99.871	777	1	0	1	777	1	777	0.0	1397
Ga0393509_06_10579_11355	CP000239.1:2630176-2630953|CDS|CYA_2614	99.871	777	1	0	1	777	1	777	0.0	1397
Ga0393509_06_11355_11687	CP000240.1:2379192-2379525|CDS|CYB_2272	100.000	333	0	0	1	333	1	333	1.06e-172	601
Ga0393509_07_3_392	CP000240.1:2462023-2462992|CDS|CYB_2356	97.429	389	10	0	1	389	580	968	0.0	657
Ga0393509_07_3_392	CP000239.1:2590652-2591630|CDS|CYA_2566	82.776	389	61	1	1	383	580	968	2.26e-112	401
Ga0393509_07_437_1309	CP000240.1:2461084-2461969|CDS|CYB_2354	96.045	885	23	1	1	873	1	885	0.0	1445
Ga0393509_07_437_1309	CP000239.1:2589763-2590624|CDS|CYA_2565	75.056	890	176	17	1	873	1	861	1.71e-162	570
Ga0393509_07_1625_2593	CP000240.1:2459785-2460754|CDS|CYB_2353	98.968	969	10	0	1	969	1	969	0.0	1703
Ga0393509_07_1625_2593	CP000239.1:2388709-2389681|CDS|CYA_2379	89.153	968	102	1	1	965	1	968	0.0	1271
Ga0393509_07_2750_3832	CP000240.1:2458546-2459590|CDS|CYB_2352	99.138	1044	9	0	40	1083	1	1044	0.0	1843
Ga0393509_07_2750_3832	CP000239.1:2387351-2388509|CDS|CYA_2378	84.391	993	154	1	40	1032	1	992	0.0	1089
Ga0393509_07_3893_4267	CP000240.1:2458111-2458453|CDS|CYB_2351	99.708	342	1	0	34	375	1	342	6.62e-176	613
Ga0393509_07_3893_4267	CP000239.1:2387041-2387377|CDS|CYA_2377	83.108	296	38	2	34	329	1	284	3.02e-85	311
Ga0393509_07_4286_4999	CP000240.1:2457379-2458093|CDS|CYB_2350	97.472	712	18	0	1	712	1	712	0.0	1204
Ga0393509_07_4286_4999	CP000239.1:2386312-2387020|CDS|CYA_2376	82.158	723	105	5	1	714	1	708	0.0	722
Ga0393509_07_5054_5665	CP000240.1:2456706-2457324|CDS|CYB_2348	97.705	610	14	0	3	612	9	618	0.0	1038
Ga0393509_07_5054_5665	CP000239.1:2385639-2386257|CDS|CYA_2374	87.273	605	77	0	8	612	14	618	0.0	745
Ga0393509_07_5662_6555	CP000239.1:2384821-2385643|CDS|CYA_2375	96.229	822	31	0	73	894	1	822	0.0	1343
Ga0393509_07_5662_6555	CP000240.1:2455813-2456710|CDS|CYB_2349	80.089	899	169	6	4	894	1	897	0.0	797
Ga0393509_07_6653_7627	CP000240.1:2454669-2455713|CDS|CYB_2347	94.347	973	55	0	1	973	70	1042	0.0	1508
Ga0393509_07_6653_7627	CP000239.1:2383609-2384638|CDS|CYA_2373	85.303	973	128	5	1	973	70	1027	0.0	1102
Ga0393509_07_7990_10221	CP000240.1:2452059-2454375|CDS|CYB_2346	97.760	2232	50	0	1	2232	85	2316	0.0	3800
Ga0393509_07_7990_10221	CP000239.1:2381067-2383401|CDS|CYA_2372	84.230	2213	342	5	1	2208	85	2295	0.0	2402
Ga0393509_07_10418_10612	CP000240.1:2451752-2451947|CDS|CYB_2345	97.436	195	5	0	1	195	1	195	5.52e-91	330
Ga0393509_07_10418_10612	CP000239.1:2380762-2380957|CDS|CYA_2371	83.077	195	33	0	1	195	1	195	5.53e-53	204
Ga0393509_07_10672_10911	CP000240.1:2451441-2451693|CDS|CYB_2344	100.000	240	0	0	1	240	13	252	2.27e-122	434
Ga0393509_07_10672_10911	CP000239.1:2380458-2380698|CDS|CYA_2370	90.000	240	24	0	1	240	1	240	8.48e-90	325
Ga0393509_08_468_1037	CP000240.1:175867-176437|CDS|CYB_0163	99.825	570	1	0	1	570	1	570	0.0	1024
Ga0393509_08_1046_1465	CP000240.1:175439-175859|CDS|CYB_0162	100.000	420	0	0	1	420	1	420	0.0	758
Ga0393509_08_1475_2107	CP000240.1:174611-175430|CDS|CYB_0161	99.210	633	5	0	1	633	187	819	0.0	1120
Ga0393509_08_2262_3158	CP000240.1:173746-174643|CDS|CYB_0160	98.997	897	9	0	1	897	1	897	0.0	1578
Ga0393509_08_3205_3996	CP000240.1:172908-173700|CDS|CYB_0159	99.747	792	2	0	1	792	1	792	0.0	1420
Ga0393509_08_4212_4898	CP000240.1:172006-172630|CDS|CYB_0157	95.673	624	27	0	64	687	1	624	0.0	1004
Ga0393509_08_4212_4898	CP000239.1:520708-521404|CDS|CYA_0504	86.517	623	75	1	74	687	74	696	0.0	749
Ga0393509_08_4906_5547	CP000240.1:171357-171999|CDS|CYB_0156	98.287	642	11	0	1	642	1	642	0.0	1109
Ga0393509_08_4906_5547	CP000239.1:520080-520668|CDS|CYA_0503	80.177	565	103	1	68	632	23	578	1.97e-147	518
Ga0393509_08_5845_7494	CP000240.1:169410-171030|CDS|CYB_0155	97.222	1620	45	0	31	1650	1	1620	0.0	2719
Ga0393509_08_5845_7494	CP000239.1:518174-519785|CDS|CYA_0502	84.981	1578	237	0	31	1608	1	1578	0.0	1778
Ga0393509_08_7547_7978	CP000240.1:168926-169358|CDS|CYB_0154	99.769	432	1	0	1	432	1	432	0.0	775
Ga0393509_08_8288_8632	CP000240.1:168272-168617|CDS|CYB_0153	100.000	345	0	0	1	345	1	345	3.36e-179	623
Ga0393509_08_8675_9868	CP000240.1:167036-168230|CDS|CYB_0152	94.640	1194	64	0	1	1194	1	1194	0.0	1865
Ga0393509_08_8675_9868	CP000239.1:1155507-1156698|CDS|CYA_1131	84.386	1140	178	0	15	1154	9	1148	0.0	1254
Ga0393509_09_10_194_DR1	CP000239.1:1860048-1860273|CDS|CYA_1856	97.222	36	1	0	1	36	87	52	3.97e-11	61.7
Ga0393509_09_10_194_DR2	CP000239.1:1860048-1860273|CDS|CYA_1856	97.222	36	1	0	1	36	87	52	3.97e-11	61.7
Ga0393509_09_10_194_DR3	CP000239.1:1860048-1860273|CDS|CYA_1856	97.222	36	1	0	1	36	87	52	3.97e-11	61.7
Ga0393509_09_503_1615	CP000240.1:516913-518011|CDS|CYB_0505	99.545	1098	5	0	16	1113	1	1098	0.0	1958
Ga0393509_09_503_1615	CP000239.1:2850742-2851807|CDS|CYA_2832	81.972	1065	192	0	49	1113	1	1065	0.0	1056
Ga0393509_09_1678_1848	CP000240.1:518073-518244|CDS|CYB_0506	95.322	171	8	0	1	171	1	171	3.23e-74	273
Ga0393509_09_1678_1848	CP000239.1:2851880-2852051|CDS|CYA_2834	91.813	171	14	0	1	171	1	171	4.48e-66	246
Ga0393509_09_1678_1848	CP000239.1:2851883-2852084|CDS|CYA_2833	91.667	168	14	0	4	171	201	34	1.91e-64	241
Ga0393509_09_2031_2897	CP000240.1:518502-523083|CDS|CYB_0507	92.757	856	53	1	7	862	3730	4576	0.0	1269
Ga0393509_09_2031_2897	CP000239.1:2852263-2856835|CDS|CYA_2836	75.834	869	170	9	3	860	3726	4565	1.30e-176	617
Ga0393509_09_2848_6555	CP000240.1:518502-523083|CDS|CYB_0507	95.143	3706	177	3	4	3708	70	3773	0.0	5862
Ga0393509_09_2848_6555	CP000239.1:2852263-2856835|CDS|CYA_2836	93.443	3706	240	3	4	3708	70	3773	0.0	5578
Ga0393509_09_6907_7284	CP000240.1:523546-523924|CDS|CYB_0508	98.677	378	5	0	1	378	1	378	0.0	660
Ga0393509_09_6907_7284	CP000239.1:2857205-2857583|CDS|CYA_2837	70.461	369	105	4	2	368	2	368	1.21e-39	160
Ga0393509_09_7652_8641	CP000240.1:524189-525287|CDS|CYB_0511	98.077	988	19	0	1	988	103	1090	0.0	1697
Ga0393509_09_7652_8641	CP000239.1:2859005-2860109|CDS|CYA_2841	86.410	986	134	0	1	986	103	1088	0.0	1175
Ga0393509_09_8638_9045	CP000240.1:513958-514663|CDS|CYB_0502	100.000	343	0	0	1	343	1	343	4.88e-178	619
Ga0393509_09_8638_9045	CP000239.1:2191276-2191987|CDS|CYA_2175	82.424	330	58	0	12	341	18	347	2.89e-92	334
Ga0393509_09_9049_9573	CP000240.1:514666-515191|CDS|CYB_0503	99.810	525	1	0	1	525	1	525	0.0	943
Ga0393509_09_9049_9573	CP000239.1:2190748-2191273|CDS|CYA_2174	88.190	525	62	0	1	525	1	525	0.0	668
Ga0393509_10_295_1050	CP000240.1:1216235-1216991|CDS|CYB_1179	98.942	756	8	0	1	756	1	756	0.0	1328
Ga0393509_10_295_1050	CP000239.1:59051-59795|CDS|CYA_0060	81.746	756	126	3	1	756	1	744	0.0	739
Ga0393509_10_1047_1628	CP000240.1:1215657-1216239|CDS|CYB_1178	98.454	582	9	0	1	582	1	582	0.0	1010
Ga0393509_10_1047_1628	CP000239.1:59791-60373|CDS|CYA_0061	85.420	583	83	2	1	582	1	582	0.0	662
Ga0393509_10_1916_2083	CP000240.1:1214558-1215359|CDS|CYB_1177	95.833	168	7	0	1	168	634	801	1.10e-73	272
Ga0393509_10_1916_2083	CP000239.1:60602-61409|CDS|CYA_0062	90.476	168	16	0	1	168	640	807	9.68e-62	232
Ga0393509_10_2348_2752	CP000240.1:1214558-1215359|CDS|CYB_1177	95.430	372	15	1	1	370	1	372	6.73e-170	592
Ga0393509_10_2348_2752	CP000239.1:60602-61409|CDS|CYA_0062	80.726	358	61	2	21	370	21	378	1.00e-91	334
Ga0393509_10_3007_3804	CP000240.1:1213521-1214304|CDS|CYB_1176	99.106	783	7	0	16	798	1	783	0.0	1381
Ga0393509_10_3007_3804	CP000239.1:61713-62496|CDS|CYA_0064	86.207	783	108	0	16	798	1	783	0.0	926
Ga0393509_10_3807_4550	CP000240.1:1212760-1213504|CDS|CYB_1175	99.597	744	3	0	1	744	1	744	0.0	1329
Ga0393509_10_3807_4550	CP000239.1:62513-63257|CDS|CYA_0065	85.618	744	107	0	1	744	1	744	0.0	860
Ga0393509_10_4581_4874	CP000240.1:1212202-1212730|CDS|CYB_1174	100.000	294	0	0	1	294	235	528	1.37e-151	531
Ga0393509_10_5500_6144	CP000240.1:1211145-1211790|CDS|CYB_1173	99.535	645	3	0	1	645	1	645	0.0	1150
Ga0393509_10_5500_6144	CP000239.1:66080-66722|CDS|CYA_0069	86.357	645	85	1	1	645	1	642	0.0	765
Ga0393509_10_6218_7165	CP000240.1:1210124-1211165|CDS|CYB_1172	97.468	948	24	0	1	948	94	1041	0.0	1602
Ga0393509_10_7564_8619	CP000240.1:1208686-1209706|CDS|CYB_1171	96.339	1038	20	1	19	1056	1	1020	0.0	1713
Ga0393509_10_7564_8619	CP000239.1:1671617-1672607|CDS|CYA_1669	85.223	988	128	3	34	1021	1	970	0.0	1127
Ga0393509_10_8711_9037	CP000240.1:1208268-1208577|CDS|CYB_1170	98.706	309	4	0	19	327	1	309	2.97e-154	540
Ga0393509_10_8711_9037	CP000239.1:1672705-1673014|CDS|CYA_1670	85.065	308	46	0	19	326	1	308	1.04e-96	349
Ga0393509_11_186_401	CP000239.1:1297562-1297778|CDS|CYA_1287	95.673	208	7	2	1	207	1	207	2.16e-90	328
Ga0393509_11_186_401	CP000240.1:973784-974000|CDS|CYB_0935	94.231	208	10	2	1	207	1	207	1.36e-86	315
Ga0393509_11_186_401	CP000239.1:229066-229282|CDS|CYA_0225	81.860	215	39	0	1	215	1	215	1.20e-55	213
Ga0393509_11_514_1929	CP000240.1:974139-975555|CDS|CYB_0936	97.105	1416	41	0	1	1416	1	1416	0.0	2370
Ga0393509_11_514_1929	CP000239.1:227550-228951|CDS|CYA_0224	83.286	1418	218	4	1	1416	1	1401	0.0	1489
Ga0393509_11_1982_2806	CP000239.1:1299384-1300230|CDS|CYA_1290	98.160	815	15	0	10	824	1	815	0.0	1403
Ga0393509_11_1982_2806	CP000240.1:975616-976432|CDS|CYB_0937	97.654	810	19	0	10	819	1	810	0.0	1376
Ga0393509_11_1982_2806	CP000239.1:226681-227497|CDS|CYA_0223	88.272	793	93	0	10	802	1	793	0.0	1012
Ga0393509_11_3211_3729	CP000240.1:976891-977410|CDS|CYB_0939	98.651	519	7	0	1	519	1	519	0.0	905
Ga0393509_11_3211_3729	CP000239.1:225748-226267|CDS|CYA_0221	91.876	517	42	0	1	517	1	517	0.0	744
Ga0393509_11_3211_3729	CP000240.1:2834685-2835204|CDS|CYB_2740	70.423	426	126	0	94	519	94	519	5.54e-52	201
Ga0393509_11_3833_4363	CP000240.1:977555-978044|CDS|CYB_0940	98.975	488	5	0	43	530	1	488	0.0	858
Ga0393509_11_3833_4363	CP000239.1:225112-225601|CDS|CYA_0220	89.980	489	49	0	43	531	1	489	0.0	662
Ga0393509_11_3833_4363	CP000240.1:2834009-2834492|CDS|CYB_2738	69.167	480	126	11	60	531	18	483	3.36e-42	169
Ga0393509_11_3833_4363	CP000239.1:2062220-2062703|CDS|CYA_2042	68.776	474	134	8	61	530	19	482	4.09e-41	165
Ga0393509_11_4679_4948	CP000240.1:978359-978629|CDS|CYB_0941	100.000	270	0	0	1	270	1	270	1.34e-138	488
Ga0393509_11_4679_4948	CP000239.1:224563-224824|CDS|CYA_0218	83.209	268	36	1	1	268	1	259	2.95e-77	285
Ga0393509_11_4998_5792	CP000240.1:978720-979473|CDS|CYB_0942	99.867	753	1	0	43	795	1	753	0.0	1354
Ga0393509_11_4998_5792	CP000239.1:223720-224473|CDS|CYA_0217	84.993	753	113	0	43	795	1	753	0.0	849
Ga0393509_11_5857_6498	CP000240.1:979489-980179|CDS|CYB_0943	94.860	642	33	0	1	642	49	690	0.0	1010
Ga0393509_11_5857_6498	CP000239.1:222991-223708|CDS|CYA_0216	81.123	641	121	0	1	641	76	716	4.07e-175	611
Ga0393509_11_6557_7282	CP000240.1:980237-980963|CDS|CYB_0944	98.347	726	12	0	1	726	1	726	0.0	1256
Ga0393509_11_6557_7282	CP000239.1:222223-222949|CDS|CYA_0215	87.983	724	87	0	1	724	1	724	0.0	914
Ga0393509_11_7407_7718	CP000240.1:981104-981416|CDS|CYB_0945	99.359	312	2	0	1	312	1	312	1.28e-158	554
Ga0393509_11_7407_7718	CP000239.1:221772-222084|CDS|CYA_0214	85.897	312	44	0	1	312	1	312	1.29e-101	365
Ga0393509_11_7820_8542	CP000240.1:981445-983149|CDS|CYB_0946	99.862	723	1	0	1	723	73	795	0.0	1300
Ga0393509_11_7820_8542	CP000239.1:220039-221776|CDS|CYA_0213	87.727	717	88	0	7	723	112	828	0.0	897
Ga0393509_12_336_1529	CP000240.1:2247371-2248565|CDS|CYB_2147	100.000	1194	0	0	1	1194	1	1194	0.0	2154
Ga0393509_12_336_1529	CP000239.1:1594889-1596107|CDS|CYA_1585	94.253	1218	46	1	1	1194	1	1218	0.0	1899
Ga0393509_12_336_1529	CP000240.1:1384265-1385459|CDS|CYB_1322	89.540	1195	123	2	1	1194	1	1194	0.0	1585
Ga0393509_12_336_1529	CP000240.1:2168360-2169515|CDS|CYB_2071	90.390	1155	111	0	1	1155	1	1155	0.0	1583
Ga0393509_12_336_1529	CP000239.1:712444-713638|CDS|CYA_0704	90.981	1131	102	0	1	1131	1	1131	0.0	1581
Ga0393509_12_336_1529	CP000240.1:2210858-2212052|CDS|CYB_2117	90.844	1125	103	0	1	1125	1	1125	0.0	1565
Ga0393509_12_336_1529	CP000240.1:1190675-1191869|CDS|CYB_1151	90.853	1126	101	2	1	1125	1	1125	0.0	1560
Ga0393509_12_336_1529	CP000240.1:241642-242836|CDS|CYB_0233	88.963	1196	128	4	1	1194	1	1194	0.0	1548
Ga0393509_12_336_1529	CP000240.1:345730-346924|CDS|CYB_0329	88.610	1194	136	0	1	1194	1	1194	0.0	1541
Ga0393509_12_336_1529	CP000239.1:893439-894633|CDS|CYA_0887	88.610	1194	136	0	1	1194	1	1194	0.0	1541
Ga0393509_12_336_1529	CP000240.1:2644164-2645358|CDS|CYB_2538	90.133	1125	111	0	1	1125	1	1125	0.0	1529
Ga0393509_12_336_1529	CP000240.1:1803089-1804283|CDS|CYB_1722	89.920	1131	114	0	1	1131	1	1131	0.0	1526
Ga0393509_12_336_1529	CP000240.1:1954838-1956056|CDS|CYB_1872	88.312	1155	111	1	1	1131	1	1155	0.0	1492
Ga0393509_12_336_1529	CP000239.1:994256-995468|CDS|CYA_0981	87.222	1213	135	4	1	1194	1	1212	0.0	1489
Ga0393509_12_336_1529	CP000240.1:1015074-1016268|CDS|CYB_0979	87.605	1194	148	0	1	1194	1	1194	0.0	1487
Ga0393509_12_336_1529	CP000240.1:2565689-2566883|CDS|CYB_2468	87.699	1195	145	2	1	1194	1	1194	0.0	1486
Ga0393509_12_336_1529	CP000239.1:2170714-2171908|CDS|CYA_2158	89.036	1131	124	0	1	1131	1	1131	0.0	1481
Ga0393509_12_336_1529	CP000240.1:3008652-3009870|CDS|CYB_2910	88.139	1155	113	2	1	1131	1	1155	0.0	1479
Ga0393509_12_336_1529	CP000240.1:2830275-2831565|CDS|CYB_2735	85.760	1243	128	4	1	1194	1	1243	0.0	1471
Ga0393509_12_336_1529	CP000240.1:52430-53648|CDS|CYB_0041	87.879	1155	116	1	1	1131	1	1155	0.0	1470
Ga0393509_12_336_1529	CP000240.1:1316312-1317548|CDS|CYB_1259	85.599	1236	136	3	1	1194	1	1236	0.0	1452
Ga0393509_12_336_1529	CP000240.1:102811-104029|CDS|CYB_0087	86.043	1218	146	2	1	1194	1	1218	0.0	1443
Ga0393509_12_336_1529	CP000239.1:774779-775973|CDS|CYA_0767	88.000	1125	135	0	1	1125	1	1125	0.0	1421
Ga0393509_12_336_1529	CP000240.1:2796782-2798000|CDS|CYB_2707	87.032	1149	125	1	1	1125	1	1149	0.0	1418
Ga0393509_12_336_1529	CP000240.1:1083184-1084426|CDS|CYB_1042	86.090	1179	116	3	1	1131	1	1179	0.0	1417
Ga0393509_12_336_1529	CP000240.1:1064975-1066169|CDS|CYB_1023	87.911	1125	136	0	1	1125	1	1125	0.0	1416
Ga0393509_12_336_1529	CP000240.1:1842322-1843549|CDS|CYB_1759	86.863	1157	124	3	1	1131	1	1155	0.0	1414
Ga0393509_12_336_1529	CP000240.1:638632-639850|CDS|CYB_0630	86.858	1149	127	2	1	1125	1	1149	0.0	1405
Ga0393509_12_336_1529	CP000240.1:2128026-2129220|CDS|CYB_2026	85.702	1196	167	4	1	1194	1	1194	0.0	1372
Ga0393509_12_336_1529	CP000240.1:2553363-2554557|CDS|CYB_2454	86.844	1125	148	0	1	1125	1	1125	0.0	1362
Ga0393509_12_336_1529	CP000239.1:629980-631174|CDS|CYA_0620	86.945	1126	145	2	1	1125	1	1125	0.0	1361
Ga0393509_12_336_1529	CP000240.1:1521392-1522610|CDS|CYB_1450	85.814	1149	139	2	1	1125	1	1149	0.0	1351
Ga0393509_12_336_1529	CP000240.1:1358129-1359347|CDS|CYB_1297	85.640	1149	141	2	1	1125	1	1149	0.0	1342
Ga0393509_12_336_1529	CP000240.1:2933473-2934709|CDS|CYB_2835	83.697	1239	154	8	1	1194	1	1236	0.0	1332
Ga0393509_12_336_1529	CP000240.1:2619921-2621115|CDS|CYB_2521	86.146	1126	154	2	1	1125	1	1125	0.0	1321
Ga0393509_12_336_1529	CP000240.1:629484-630702|CDS|CYB_0620	84.848	1155	151	2	1	1131	1	1155	0.0	1307
Ga0393509_12_336_1529	CP000240.1:2661652-2662870|CDS|CYB_2557	84.957	1150	147	3	1	1125	1	1149	0.0	1305
Ga0393509_12_336_1529	CP000240.1:1267756-1268992|CDS|CYB_1227	82.472	1238	171	8	1	1194	1	1236	0.0	1260
Ga0393509_12_336_1529	CP000239.1:698055-699204|CDS|CYA_0690	84.059	1148	157	3	1	1123	1	1147	0.0	1256
Ga0393509_12_336_1529	CP000240.1:1244785-1246021|CDS|CYB_1201	82.053	1237	178	5	1	1194	1	1236	0.0	1248
Ga0393509_12_336_1529	CP000240.1:481588-482800|CDS|CYB_0472	82.702	1214	188	7	1	1194	1	1212	0.0	1232
Ga0393509_12_336_1529	CP000240.1:1917270-1918464|CDS|CYB_1826	82.860	1196	201	4	1	1194	1	1194	0.0	1219
Ga0393509_12_336_1529	CP000240.1:605550-606744|CDS|CYB_0598	83.569	1132	184	2	1	1131	1	1131	0.0	1196
Ga0393509_12_336_1529	CP000240.1:1763450-1764623|CDS|CYB_1688	81.942	1174	208	4	1	1172	1	1172	0.0	1148
Ga0393509_12_336_1529	CP000240.1:2219258-2220470|CDS|CYB_2126	80.297	1213	219	4	1	1194	1	1212	0.0	1111
Ga0393509_12_336_1529	CP000239.1:693322-694534|CDS|CYA_0687	80.049	1213	222	4	1	1194	1	1212	0.0	1097
Ga0393509_12_336_1529	CP000240.1:2506708-2507857|CDS|CYB_2410	74.867	1130	162	7	1	1009	1	1129	0.0	837
Ga0393509_12_336_1529	CP000239.1:88305-89487|CDS|CYA_0091	75.379	1121	252	4	1	1115	1	1103	0.0	782
Ga0393509_12_1609_2670	CP000240.1:2246230-2247292|CDS|CYB_2146	97.928	1062	22	0	1	1062	1	1062	0.0	1817
Ga0393509_12_1609_2670	CP000239.1:1972841-1973888|CDS|CYA_1962	83.413	1043	173	0	19	1061	4	1046	0.0	1102
Ga0393509_12_2670_3722	CP000240.1:2245178-2246231|CDS|CYB_2145	98.481	1053	16	0	1	1053	1	1053	0.0	1828
Ga0393509_12_2670_3722	CP000239.1:1973892-1974942|CDS|CYA_1963	93.123	1047	72	0	1	1047	1	1047	0.0	1564
Ga0393509_12_3901_5538	CP000240.1:2243362-2245000|CDS|CYB_2144	98.535	1638	24	0	1	1638	1	1638	0.0	2847
Ga0393509_12_3901_5538	CP000239.1:1975120-1976758|CDS|CYA_1964	97.497	1638	41	0	1	1638	1	1638	0.0	2770
Ga0393509_12_5695_7758	CP000240.1:2241124-2243206|CDS|CYB_2143	97.022	2082	44	1	1	2064	1	2082	0.0	3488
Ga0393509_12_5695_7758	CP000239.1:1976914-1978981|CDS|CYA_1965	91.195	2067	179	1	1	2064	1	2067	0.0	2906
Ga0393509_13_521_1612	CP000240.1:1073023-1074115|CDS|CYB_1030	98.443	1092	17	0	1	1092	1	1092	0.0	1893
Ga0393509_13_521_1612	CP000239.1:1669030-1670131|CDS|CYA_1666	78.353	1081	220	5	1	1080	1	1068	0.0	885
Ga0393509_13_1637_1936	CP000240.1:1072023-1072998|CDS|CYB_1029	97.667	300	7	0	1	300	676	975	4.59e-145	510
Ga0393509_13_1637_1936	CP000239.1:1668087-1669062|CDS|CYA_1665	87.943	282	34	0	1	282	640	921	6.39e-99	356
Ga0393509_13_2072_3289	CP000240.1:1316312-1317548|CDS|CYB_1259	91.032	1260	47	4	1	1218	1	1236	0.0	1805
Ga0393509_13_2072_3289	CP000239.1:893439-894633|CDS|CYA_0887	89.819	1218	100	1	1	1218	1	1194	0.0	1655
Ga0393509_13_2072_3289	CP000240.1:1842322-1843549|CDS|CYB_1759	91.530	1157	94	2	1	1155	1	1155	0.0	1640
Ga0393509_13_2072_3289	CP000240.1:2247371-2248565|CDS|CYB_2147	89.080	1218	109	1	1	1218	1	1194	0.0	1615
Ga0393509_13_2072_3289	CP000239.1:1594889-1596107|CDS|CYA_1585	87.762	1242	104	2	1	1218	1	1218	0.0	1590
Ga0393509_13_2072_3289	CP000240.1:1384265-1385459|CDS|CYB_1322	88.351	1219	116	3	1	1218	1	1194	0.0	1569
Ga0393509_13_2072_3289	CP000240.1:345730-346924|CDS|CYB_0329	88.105	1219	119	3	1	1218	1	1194	0.0	1555
Ga0393509_13_2072_3289	CP000240.1:2661652-2662870|CDS|CYB_2557	89.730	1149	118	0	1	1149	1	1149	0.0	1541
Ga0393509_13_2072_3289	CP000239.1:698055-699204|CDS|CYA_0690	89.712	1147	118	0	1	1147	1	1147	0.0	1537
Ga0393509_13_2072_3289	CP000240.1:1015074-1016268|CDS|CYB_0979	87.438	1218	129	1	1	1218	1	1194	0.0	1525
Ga0393509_13_2072_3289	CP000240.1:241642-242836|CDS|CYB_0233	87.449	1219	127	3	1	1218	1	1194	0.0	1519
Ga0393509_13_2072_3289	CP000240.1:52430-53648|CDS|CYB_0041	88.745	1155	130	0	1	1155	1	1155	0.0	1498
Ga0393509_13_2072_3289	CP000240.1:2565689-2566883|CDS|CYB_2468	86.957	1219	133	3	1	1218	1	1194	0.0	1492
Ga0393509_13_2072_3289	CP000240.1:2830275-2831565|CDS|CYB_2735	86.082	1243	148	2	1	1218	1	1243	0.0	1476
Ga0393509_13_2072_3289	CP000240.1:2168360-2169515|CDS|CYB_2071	87.362	1179	125	1	1	1179	1	1155	0.0	1472
Ga0393509_13_2072_3289	CP000240.1:2796782-2798000|CDS|CYB_2707	88.251	1149	135	0	1	1149	1	1149	0.0	1464
Ga0393509_13_2072_3289	CP000240.1:1954838-1956056|CDS|CYB_1872	87.619	1155	143	0	1	1155	1	1155	0.0	1439
Ga0393509_13_2072_3289	CP000239.1:994256-995468|CDS|CYA_0981	85.356	1236	139	3	1	1218	1	1212	0.0	1438
Ga0393509_13_2072_3289	CP000240.1:1083184-1084426|CDS|CYB_1042	86.599	1179	134	1	1	1155	1	1179	0.0	1432
Ga0393509_13_2072_3289	CP000240.1:102811-104029|CDS|CYB_0087	84.783	1242	141	2	1	1218	1	1218	0.0	1423
Ga0393509_13_2072_3289	CP000240.1:2644164-2645358|CDS|CYB_2538	86.771	1149	128	1	1	1149	1	1125	0.0	1405
Ga0393509_13_2072_3289	CP000240.1:2619921-2621115|CDS|CYB_2521	86.870	1150	125	3	1	1149	1	1125	0.0	1404
Ga0393509_13_2072_3289	CP000240.1:2933473-2934709|CDS|CYB_2835	84.086	1263	129	8	1	1218	1	1236	0.0	1401
Ga0393509_13_2072_3289	CP000240.1:1244785-1246021|CDS|CYB_1201	83.810	1260	138	4	1	1218	1	1236	0.0	1395
Ga0393509_13_2072_3289	CP000240.1:1267756-1268992|CDS|CYB_1227	83.902	1261	135	6	1	1218	1	1236	0.0	1394
Ga0393509_13_2072_3289	CP000240.1:605550-606744|CDS|CYB_0598	86.332	1156	132	3	1	1155	1	1131	0.0	1383
Ga0393509_13_2072_3289	CP000240.1:629484-630702|CDS|CYB_0620	85.327	1179	125	2	1	1155	1	1155	0.0	1381
Ga0393509_13_2072_3289	CP000240.1:1803089-1804283|CDS|CYB_1722	86.147	1155	136	1	1	1155	1	1131	0.0	1379
Ga0393509_13_2072_3289	CP000240.1:1190675-1191869|CDS|CYB_1151	86.261	1150	132	3	1	1149	1	1125	0.0	1372
Ga0393509_13_2072_3289	CP000239.1:774779-775973|CDS|CYA_0767	85.988	1149	137	1	1	1149	1	1125	0.0	1364
Ga0393509_13_2072_3289	CP000240.1:3008652-3009870|CDS|CYB_2910	84.902	1179	130	2	1	1155	1	1155	0.0	1359
Ga0393509_13_2072_3289	CP000240.1:2210858-2212052|CDS|CYB_2117	85.814	1149	139	1	1	1149	1	1125	0.0	1355
Ga0393509_13_2072_3289	CP000239.1:629980-631174|CDS|CYA_0620	85.814	1149	139	1	1	1149	1	1125	0.0	1355
Ga0393509_13_2072_3289	CP000240.1:638632-639850|CDS|CYB_0630	84.825	1173	130	2	1	1149	1	1149	0.0	1348
Ga0393509_13_2072_3289	CP000239.1:2170714-2171908|CDS|CYA_2158	85.368	1155	145	1	1	1155	1	1131	0.0	1339
Ga0393509_13_2072_3289	CP000240.1:1064975-1066169|CDS|CYB_1023	85.466	1149	143	1	1	1149	1	1125	0.0	1337
Ga0393509_13_2072_3289	CP000239.1:712444-713638|CDS|CYA_0704	85.281	1155	146	1	1	1155	1	1131	0.0	1334
Ga0393509_13_2072_3289	CP000240.1:2553363-2554557|CDS|CYB_2454	85.117	1149	147	1	1	1149	1	1125	0.0	1319
Ga0393509_13_2072_3289	CP000240.1:1358129-1359347|CDS|CYB_1297	84.228	1173	137	2	1	1149	1	1149	0.0	1316
Ga0393509_13_2072_3289	CP000240.1:481588-482800|CDS|CYB_0472	83.185	1237	164	6	1	1218	1	1212	0.0	1306
Ga0393509_13_2072_3289	CP000240.1:1521392-1522610|CDS|CYB_1450	83.887	1173	141	2	1	1149	1	1149	0.0	1298
Ga0393509_13_2072_3289	CP000240.1:2128026-2129220|CDS|CYB_2026	81.491	1221	196	6	1	1218	1	1194	0.0	1184
Ga0393509_13_2072_3289	CP000240.1:2506708-2507857|CDS|CYB_2410	80.264	1135	126	5	1	1038	1	1134	0.0	1104
Ga0393509_13_2072_3289	CP000240.1:1917270-1918464|CDS|CYB_1826	79.180	1220	226	8	1	1218	1	1194	0.0	1045
Ga0393509_13_2072_3289	CP000240.1:1763450-1764623|CDS|CYB_1688	78.715	1198	227	8	1	1196	1	1172	0.0	1001
Ga0393509_13_2072_3289	CP000240.1:2219258-2220470|CDS|CYB_2126	76.532	1240	241	10	1	1218	1	1212	0.0	925
Ga0393509_13_2072_3289	CP000239.1:693322-694534|CDS|CYA_0687	75.929	1238	252	6	1	1218	1	1212	0.0	904
Ga0393509_13_2072_3289	CP000239.1:88305-89487|CDS|CYA_0091	75.633	1145	231	5	1	1139	1	1103	0.0	829
Ga0393509_13_3402_4058	CP000240.1:1071392-1072049|CDS|CYB_1028	99.391	657	4	0	1	657	1	657	0.0	1168
Ga0393509_13_3402_4058	CP000239.1:2592634-2593231|CDS|CYA_2568	79.187	615	104	1	1	615	1	591	1.19e-156	550
Ga0393509_13_4466_5533	CP000240.1:1069917-1070976|CDS|CYB_1027	99.528	1059	5	0	10	1068	1	1059	0.0	1888
Ga0393509_13_4466_5533	CP000239.1:2593698-2594769|CDS|CYA_2570	83.992	1037	166	0	10	1046	1	1037	0.0	1122
Ga0393509_13_5561_7363	CP000240.1:1068087-1069890|CDS|CYB_1026	98.225	1803	32	0	1	1803	1	1803	0.0	3108
Ga0393509_13_5561_7363	CP000239.1:1713943-1715746|CDS|CYA_1706	85.022	1796	266	1	1	1796	1	1793	0.0	2025
Ga0393509_13_7521_7868	CP000240.1:1067555-1067930|CDS|CYB_1025	99.138	348	3	0	1	348	28	375	1.76e-176	615
Ga0393509_13_7521_7868	CP000239.1:1713323-1713767|CDS|CYA_1705	86.103	331	46	0	8	338	35	365	3.63e-109	390
Ga0393509_14_85_1845	CP000240.1:1784955-1787850|CDS|CYB_1701	99.761	1676	4	0	1	1676	1	1676	0.0	3005
Ga0393509_14_85_1845	CP000239.1:338497-341392|CDS|CYA_0322	80.653	1685	314	6	1	1676	1	1682	0.0	1553
Ga0393509_14_1988_2503	CP000240.1:1787992-1788508|CDS|CYB_1702	97.674	516	12	0	1	516	1	516	0.0	877
Ga0393509_14_1988_2503	CP000239.1:341672-342188|CDS|CYA_0323	85.465	516	75	0	1	516	1	516	8.69e-170	593
Ga0393509_14_2660_3679	CP000240.1:1788664-1789684|CDS|CYB_1704	97.941	1020	21	0	1	1020	1	1020	0.0	1746
Ga0393509_14_2660_3679	CP000239.1:342372-343392|CDS|CYA_0325	87.843	1020	124	0	1	1020	1	1020	0.0	1281
Ga0393509_14_3714_4274	CP000240.1:1789718-1790279|CDS|CYB_1705	94.296	561	32	0	1	561	1	561	0.0	868
Ga0393509_14_3714_4274	CP000239.1:343376-343979|CDS|CYA_0324	77.920	548	121	0	1	548	1	548	1.08e-124	444
Ga0393509_14_4487_4783	CP000240.1:1790338-1790788|CDS|CYB_1707	97.306	297	8	0	1	297	154	450	2.35e-142	500
Ga0393509_14_4487_4783	CP000239.1:344148-344571|CDS|CYA_0327	77.174	276	63	0	1	276	136	411	4.87e-56	214
Ga0393509_14_4752_5384	CP000240.1:1790756-1791389|CDS|CYB_1706	96.367	633	23	0	1	633	1	633	0.0	1039
Ga0393509_14_4752_5384	CP000239.1:344558-345191|CDS|CYA_0326	86.414	633	86	0	1	633	1	633	0.0	755
Ga0393509_14_5472_6182	CP000240.1:1791476-1792229|CDS|CYB_1708	91.633	753	21	1	1	711	1	753	0.0	1108
Ga0393509_14_5472_6182	CP000239.1:346458-347148|CDS|CYA_0329	83.685	711	95	1	1	711	1	690	0.0	774
Ga0393509_14_6335_6814	CP000240.1:1792356-1792881|CDS|CYB_1709	98.542	480	7	0	1	480	46	525	0.0	835
Ga0393509_15_22_423	CP000240.1:1324327-1325515|CDS|CYB_1267	98.507	402	6	0	1	402	787	1188	0.0	699
Ga0393509_15_522_1124	CP000240.1:1323626-1324229|CDS|CYB_1266	99.502	603	3	0	1	603	1	603	0.0	1075
Ga0393509_15_522_1124	CP000239.1:1231274-1231877|CDS|CYA_1219	86.258	604	81	2	1	603	1	603	0.0	709
Ga0393509_15_1136_2392	CP000240.1:1322409-1323615|CDS|CYB_1265	97.678	1206	28	0	52	1257	1	1206	0.0	2049
Ga0393509_15_2481_2945	CP000240.1:1321805-1322270|CDS|CYB_1264	100.000	465	0	0	1	465	1	465	0.0	839
Ga0393509_15_2481_2945	CP000239.1:1230624-1231089|CDS|CYA_1218	87.965	457	55	0	1	457	1	457	5.99e-165	577
Ga0393509_15_2969_4282	CP000240.1:1320402-1321782|CDS|CYB_1263	98.174	1314	24	0	1	1314	67	1380	0.0	2262
Ga0393509_15_2969_4282	CP000239.1:1229209-1230589|CDS|CYA_1217	85.910	1313	185	0	2	1314	68	1380	0.0	1535
Ga0393509_15_4509_5705	CP000240.1:1319039-1320236|CDS|CYB_1262	98.997	1197	12	0	1	1197	1	1197	0.0	2105
Ga0393509_15_4509_5705	CP000239.1:1227847-1229044|CDS|CYA_1216	87.719	1197	147	0	1	1197	1	1197	0.0	1497
Ga0393509_16_296_526	CP000240.1:2223908-2224652|CDS|CYB_2129	89.447	199	15	1	11	203	65	263	6.68e-72	266
Ga0393509_16_844_2472	CP000240.1:2224918-2226547|CDS|CYB_2131	99.509	1629	8	0	1	1629	1	1629	0.0	2902
Ga0393509_16_844_2472	CP000239.1:283489-285079|CDS|CYA_0277	87.007	1470	191	0	132	1601	93	1562	0.0	1791
Ga0393509_16_2525_3049	CP000240.1:2226599-2227124|CDS|CYB_2132	99.429	525	3	0	1	525	1	525	0.0	934
Ga0393509_16_2525_3049	CP000239.1:285107-285635|CDS|CYA_0278	80.725	524	100	1	1	524	1	523	9.46e-138	487
Ga0393509_16_3061_3483	CP000239.1:285645-286068|CDS|CYA_0279	94.326	423	24	0	1	423	1	423	0.0	655
Ga0393509_16_3061_3483	CP000240.1:2227135-2227633|CDS|CYB_2133	93.888	409	25	0	1	409	1	409	1.19e-179	626
Ga0393509_16_3061_3483	CP000239.1:279448-279994|CDS|CYA_0273	95.676	370	16	0	1	370	1	370	5.78e-171	596
Ga0393509_16_3896_4132	CP000240.1:2230153-2230390|CDS|CYB_2136	100.000	237	0	0	1	237	1	237	9.52e-121	428
Ga0393509_16_3896_4132	CP000239.1:232463-232709|CDS|CYA_0230	79.545	220	45	0	1	220	1	220	3.56e-50	195
Ga0393509_16_4240_4845	CP000240.1:2230497-2231103|CDS|CYB_2138	99.505	606	3	0	1	606	1	606	0.0	1080
Ga0393509_16_4240_4845	CP000239.1:232781-233399|CDS|CYA_0231	83.717	608	93	2	1	602	1	608	0.0	647
Ga0393509_17_26_349	CP000240.1:1952697-1953552|CDS|CYB_1870	99.383	324	2	0	1	324	532	855	4.09e-165	576
Ga0393509_17_26_349	CP000239.1:2729585-2730440|CDS|CYA_2711	88.545	323	37	0	2	324	533	855	8.45e-117	416
Ga0393509_17_374_589	CP000240.1:1952457-1952673|CDS|CYB_1869	98.611	216	3	0	1	216	1	216	4.75e-105	377
Ga0393509_17_374_589	CP000239.1:2730463-2730679|CDS|CYA_2712	78.341	217	45	2	1	216	1	216	1.05e-43	173
Ga0393509_17_670_1356	CP000240.1:1951690-1952341|CDS|CYB_1868	98.771	651	8	0	37	687	1	651	0.0	1139
Ga0393509_17_670_1356	CP000239.1:2730797-2731442|CDS|CYA_2713	84.751	623	89	1	37	659	1	617	0.0	697
Ga0393509_17_1471_2493	CP000240.1:1950553-1951576|CDS|CYB_1867	98.433	1021	16	0	1	1021	1	1021	0.0	1770
Ga0393509_17_1471_2493	CP000239.1:1909496-1910519|CDS|CYA_1899	86.285	977	134	0	47	1023	47	1023	0.0	1159
Ga0393509_17_2700_3293	CP000240.1:1949758-1950352|CDS|CYB_1866	99.495	594	3	0	1	594	1	594	0.0	1058
Ga0393509_17_2700_3293	CP000239.1:1908706-1909300|CDS|CYA_1898	85.349	587	86	0	1	587	1	587	0.0	672
Ga0393509_17_3383_4906	CP000240.1:1948150-1949674|CDS|CYB_1865	98.950	1524	16	0	1	1524	1	1524	0.0	2677
Ga0393509_17_3383_4906	CP000239.1:1907092-1908622|CDS|CYA_1897	85.083	1515	224	2	1	1514	1	1514	0.0	1707
Ga0393509_17_5277_6143	CP000240.1:1945811-1947782|CDS|CYB_1864	98.962	867	9	0	1	867	1105	1971	0.0	1524
Ga0393509_17_5277_6143	CP000239.1:388504-390457|CDS|CYA_0373	76.755	869	180	6	1	861	1081	1935	0.0	650
Ga0393509_18_227_697	CP000240.1:2352337-2352808|CDS|CYB_2246	99.151	471	4	0	1	471	1	471	0.0	832
Ga0393509_18_227_697	CP000239.1:471901-472375|CDS|CYA_0456	88.397	474	52	1	1	471	1	474	1.25e-173	606
Ga0393509_18_999_1514	CP000240.1:2353109-2353625|CDS|CYB_2248	99.612	516	2	0	1	516	1	516	0.0	922
Ga0393509_18_999_1514	CP000239.1:471064-471580|CDS|CYA_0454	85.078	516	77	0	1	516	1	516	4.50e-167	584
Ga0393509_18_1557_2204	CP000240.1:2354502-2355138|CDS|CYB_2251	92.926	622	44	0	7	628	4	625	0.0	924
Ga0393509_18_2246_2734	CP000240.1:2355469-2356333|CDS|CYB_2252	97.955	489	10	0	1	489	376	864	0.0	838
Ga0393509_18_2246_2734	CP000239.1:550815-551700|CDS|CYA_0535	86.623	456	61	0	1	456	376	831	3.06e-156	548
Ga0393509_18_3345_3779	CP000240.1:2356576-2357002|CDS|CYB_2253	97.630	422	10	0	10	431	1	422	0.0	717
Ga0393509_18_3345_3779	CP000239.1:551961-552357|CDS|CYA_0536	88.235	391	46	0	41	431	2	392	1.23e-141	499
Ga0393509_18_3947_4555	CP000240.1:2357236-2357845|CDS|CYB_2254	95.731	609	26	0	1	609	1	609	0.0	982
Ga0393509_18_3947_4555	CP000239.1:552726-553335|CDS|CYA_0537	90.969	609	55	0	1	609	1	609	0.0	851
Ga0393509_18_4726_4992	CP000240.1:2358009-2358276|CDS|CYB_2255	99.251	267	2	0	1	267	1	267	2.91e-134	473
Ga0393509_18_4726_4992	CP000239.1:553497-553734|CDS|CYA_0539	75.849	265	34	2	1	265	1	235	1.84e-54	208
Ga0393509_18_5051_5326	CP000240.1:2358349-2358625|CDS|CYB_2256	97.464	276	7	0	1	276	1	276	4.48e-132	467
Ga0393509_18_5051_5326	CP000239.1:553735-553993|CDS|CYA_0540	83.772	228	37	0	1	228	1	228	2.65e-65	245
Ga0393509_19_2134_2403	CP000240.1:700144-700504|CDS|CYB_0685	98.519	270	4	0	1	270	91	360	3.59e-133	470
Ga0393509_19_2134_2403	CP000239.1:2517065-2517425|CDS|CYA_2504	94.052	269	16	0	1	269	91	359	2.42e-116	414
Ga0393509_19_2425_2898	CP000240.1:695291-696746|CDS|CYB_0681	96.414	474	17	0	1	474	982	1455	0.0	779
Ga0393509_19_2425_2898	CP000239.1:2520823-2522311|CDS|CYA_2510	79.399	466	96	0	1	466	982	1447	1.87e-114	408
Ga0393509_19_2923_3747	CP000240.1:696770-697595|CDS|CYB_0682	95.394	825	38	0	1	825	1	825	0.0	1317
Ga0393509_19_2923_3747	CP000239.1:2519968-2520763|CDS|CYA_2509	81.186	776	140	1	1	776	1	770	0.0	743
Ga0393509_19_3763_3993	CP000240.1:697610-697892|CDS|CYB_0683	96.104	231	9	0	1	231	52	282	5.12e-105	377
Ga0393509_19_3763_3993	CP000239.1:2519671-2519953|CDS|CYA_2507	94.372	231	13	0	1	231	52	282	1.37e-99	359
Ga0393509_19_4497_6056	CP000240.1:698176-699904|CDS|CYB_0684	95.192	1560	75	0	1	1560	169	1728	0.0	2476
Ga0393509_19_4497_6056	CP000239.1:2517679-2519407|CDS|CYA_2506	88.284	1562	179	2	1	1560	169	1728	0.0	1987
Ga0393509_20_491_772	CP000240.1:581243-581525|CDS|CYB_0573	93.262	282	19	0	1	282	1	282	4.90e-119	424
Ga0393509_20_491_772	CP000239.1:539817-540696|CDS|CYA_0524	72.414	290	51	6	1	282	1	269	2.55e-40	162
Ga0393509_20_780_1421	CP000240.1:581586-582180|CDS|CYB_0574	95.286	594	22	1	55	642	1	594	0.0	947
Ga0393509_20_780_1421	CP000239.1:539817-540696|CDS|CYA_0524	77.801	482	68	3	35	516	335	777	2.57e-114	409
Ga0393509_20_1446_1916	CP000240.1:582204-582675|CDS|CYB_0575	98.726	471	6	0	1	471	1	471	0.0	823
Ga0393509_20_1446_1916	CP000239.1:539315-539795|CDS|CYA_0523	85.775	471	67	0	1	471	10	480	2.94e-156	548
Ga0393509_20_2035_2724	CP000240.1:582863-583553|CDS|CYB_0576	96.779	683	22	0	8	690	8	690	0.0	1133
Ga0393509_20_2035_2724	CP000239.1:538609-539299|CDS|CYA_0522	88.696	690	78	0	1	690	1	690	0.0	893
Ga0393509_20_2750_3250	CP000240.1:583590-584298|CDS|CYB_0577	98.004	501	10	0	1	501	208	708	0.0	859
Ga0393509_20_2750_3250	CP000239.1:2242916-2243624|CDS|CYA_2228	89.800	500	51	0	2	501	209	708	0.0	673
Ga0393509_20_3742_4986	CP000240.1:584582-585827|CDS|CYB_0578	97.912	1245	26	0	1	1245	1	1245	0.0	2129
Ga0393509_20_3742_4986	CP000239.1:2244161-2245424|CDS|CYA_2229	86.034	1253	143	4	1	1228	1	1246	0.0	1482
Ga0393509_20_3742_4986	CP000239.1:2776449-2777682|CDS|CYA_2755	68.083	965	274	13	220	1170	220	1164	1.66e-88	324
Ga0393509_21_33_1286	CP000240.1:2360254-2361550|CDS|CYB_2258	97.767	1254	28	0	1	1254	43	1296	0.0	2136
Ga0393509_21_33_1286	CP000239.1:555610-556906|CDS|CYA_0543	89.075	1254	137	0	1	1254	43	1296	0.0	1645
Ga0393509_21_1394_1501	CP000240.1:2361657-2361765|CDS|CYB_2259	100.000	108	0	0	1	108	1	108	4.11e-51	196
Ga0393509_21_1394_1501	CP000239.1:557018-557126|CDS|CYA_0544	87.963	108	13	0	1	108	1	108	3.37e-33	137
Ga0393509_21_1670_3487	CP000240.1:2361939-2363757|CDS|CYB_2260	98.350	1818	30	0	1	1818	1	1818	0.0	3144
Ga0393509_21_1670_3487	CP000239.1:557309-559127|CDS|CYA_0545	88.174	1818	215	0	1	1818	1	1818	0.0	2310
Ga0393509_21_3518_5671	CP000240.1:2363787-2365941|CDS|CYB_2261	99.629	2154	8	0	1	2154	1	2154	0.0	3849
Ga0393509_21_3518_5671	CP000239.1:559137-561246|CDS|CYA_0546	82.591	2154	323	8	1	2149	1	2107	0.0	2205
Ga0393509_22_1120_1905	CP000240.1:717482-718268|CDS|CYB_0701	98.601	786	11	0	1	786	1	786	0.0	1369
Ga0393509_22_1120_1905	CP000239.1:2499424-2500210|CDS|CYA_2489	85.128	780	116	0	1	780	1	780	0.0	884
Ga0393509_22_2043_2459	CP000240.1:718708-719137|CDS|CYB_0702	96.403	417	15	0	1	417	13	429	0.0	685
Ga0393509_22_2043_2459	CP000239.1:370636-371056|CDS|CYA_0353	81.535	417	77	0	1	417	4	420	1.99e-113	406
Ga0393509_22_2560_4236	CP000240.1:719293-720901|CDS|CYB_0704	99.751	1608	4	0	70	1677	1	1608	0.0	2883
Ga0393509_22_2560_4236	CP000239.1:371224-372874|CDS|CYA_0355	77.340	1677	284	8	70	1677	1	1650	0.0	1362
Ga0393509_22_4230_5381	CP000240.1:720894-722103|CDS|CYB_0703	99.132	1152	10	0	1	1152	58	1209	0.0	2033
Ga0393509_22_4230_5381	CP000239.1:372867-374061|CDS|CYA_0354	83.261	1153	191	2	1	1152	43	1194	0.0	1203
Ga0393509_22_5468_5620	CP000240.1:722132-722546|CDS|CYB_0705	100.000	153	0	0	1	153	262	414	2.33e-75	277
Ga0393509_22_5468_5620	CP000239.1:374063-374477|CDS|CYA_0356	85.385	130	19	0	1	130	262	391	8.14e-37	150
Ga0393509_23_310_789	CP000240.1:383135-383615|CDS|CYB_0368	99.583	480	2	0	1	480	1	480	0.0	857
Ga0393509_23_310_789	CP000239.1:2253780-2254269|CDS|CYA_2241	84.810	474	72	0	1	474	1	474	2.31e-151	531
Ga0393509_23_786_1328	CP000240.1:383611-384154|CDS|CYB_0370	96.685	543	18	0	1	543	1	543	0.0	899
Ga0393509_23_786_1328	CP000239.1:1289331-1289757|CDS|CYA_1275	85.258	407	54	1	103	509	1	401	3.20e-131	465
Ga0393509_23_1479_2543	CP000240.1:443946-445011|CDS|CYB_0433	99.249	1065	8	0	1	1065	1	1065	0.0	1885
Ga0393509_23_1479_2543	CP000240.1:384572-385637|CDS|CYB_0371	99.249	1065	8	0	1	1065	1	1065	0.0	1885
Ga0393509_23_1479_2543	CP000239.1:1814549-1815614|CDS|CYA_1811	93.333	1065	71	0	1	1065	1	1065	0.0	1601
Ga0393509_23_1479_2543	CP000239.1:1850153-1851218|CDS|CYA_1849	93.133	1063	73	0	1	1063	1	1063	0.0	1589
Ga0393509_23_1479_2543	CP000239.1:1288197-1289262|CDS|CYA_1274	92.756	1063	77	0	1	1063	1	1063	0.0	1571
Ga0393509_23_1479_2543	CP000240.1:226513-227569|CDS|CYB_0216	73.996	946	237	5	58	997	67	1009	9.50e-167	583
Ga0393509_23_1479_2543	CP000239.1:1753540-1754599|CDS|CYA_1748	72.414	986	257	8	58	1034	67	1046	1.84e-150	530
Ga0393509_23_2651_5194	CP000240.1:385744-388288|CDS|CYB_0372	98.703	2544	33	0	1	2544	1	2544	0.0	4440
Ga0393509_23_2651_5194	CP000239.1:1811889-1814445|CDS|CYA_1810	85.804	2543	355	3	1	2540	1	2540	0.0	2951
Ga0393509_24_55_1131	CP000240.1:1184834-1185857|CDS|CYB_1146	98.045	1023	20	0	55	1077	1	1023	0.0	1755
Ga0393509_24_55_1131	CP000239.1:2002147-2003170|CDS|CYA_1982	84.267	1017	158	2	55	1070	1	1016	0.0	1106
Ga0393509_24_1226_3601	CP000240.1:1182310-1184686|CDS|CYB_1145	97.643	2376	56	0	1	2376	1	2376	0.0	4033
Ga0393509_24_1226_3601	CP000239.1:1999600-2001976|CDS|CYA_1981	90.944	2374	215	0	1	2374	1	2374	0.0	3313
Ga0393509_24_3713_4747	CP000240.1:1181164-1182199|CDS|CYB_1144	93.623	1035	66	0	1	1035	1	1035	0.0	1570
Ga0393509_24_3713_4747	CP000239.1:1998385-1999501|CDS|CYA_1980	83.123	1031	174	0	4	1034	85	1115	0.0	1076
Ga0393509_24_4852_5226	CP000240.1:1180685-1181060|CDS|CYB_1143	100.000	375	0	0	1	375	1	375	0.0	677
Ga0393509_24_4852_5226	CP000239.1:1997988-1998363|CDS|CYA_1979	89.160	369	40	0	1	369	1	369	6.63e-138	486
Ga0393509_25_3311_4537	CP000240.1:2238426-2239653|CDS|CYB_2141	99.919	1227	1	0	1	1227	1	1227	0.0	2209
Ga0393509_25_3311_4537	CP000239.1:1980444-1981671|CDS|CYA_1967	92.502	1227	92	0	1	1227	1	1227	0.0	1799
Ga0393509_26_703_1167	CP000239.1:2211345-2211744|CDS|CYA_2192	99.499	399	2	0	67	465	1	399	0.0	711
Ga0393509_26_703_1167	CP000240.1:1472582-1472981|CDS|CYB_1404	96.992	399	12	0	67	465	1	399	0.0	666
Ga0393509_26_1346_2782	CP000240.1:1473109-1474546|CDS|CYB_1405	96.590	1437	49	0	1	1437	1	1437	0.0	2371
Ga0393509_26_1346_2782	CP000239.1:2209664-2211101|CDS|CYA_2190	96.590	1437	49	0	1	1437	1	1437	0.0	2371
Ga0393509_26_2962_3678	CP000240.1:1474725-1475442|CDS|CYB_1406	97.211	717	20	0	1	717	1	717	0.0	1204
Ga0393509_26_2962_3678	CP000239.1:2208773-2209502|CDS|CYA_2189	84.582	694	107	0	1	694	1	694	0.0	770
Ga0393509_26_3954_5024	CP000240.1:1475731-1476802|CDS|CYB_1407	97.759	1071	24	0	1	1071	1	1071	0.0	1824
Ga0393509_26_3954_5024	CP000239.1:2205544-2206615|CDS|CYA_2186	91.045	1072	94	2	1	1071	1	1071	0.0	1494
Ga0393509_27_426_2147	CP000240.1:1021949-1023713|CDS|CYB_0987	96.806	1722	55	0	1	1722	43	1764	0.0	2858
Ga0393509_27_426_2147	CP000239.1:924901-926623|CDS|CYA_0916	84.535	1636	253	0	1	1636	25	1660	0.0	1810
Ga0393509_27_2216_2992	CP000240.1:1023739-1024873|CDS|CYB_0988	97.297	777	21	0	1	777	358	1134	0.0	1307
Ga0393509_27_2216_2992	CP000239.1:923753-924848|CDS|CYA_0915	83.799	716	110	1	1	716	358	1067	0.0	770
Ga0393509_27_3071_3172	CP000240.1:1023739-1024873|CDS|CYB_0988	98.039	102	2	0	1	102	281	180	3.58e-45	176
Ga0393509_27_3071_3172	CP000239.1:923753-924848|CDS|CYA_0915	90.196	102	10	0	1	102	281	180	2.58e-34	140
Ga0393509_27_3573_3815	CP000240.1:1025387-1025630|CDS|CYB_0989	96.296	243	9	0	1	243	1	243	1.66e-111	398
Ga0393509_27_3573_3815	CP000239.1:923277-923520|CDS|CYA_0914	83.128	243	41	0	1	243	1	243	4.46e-68	254
Ga0393509_27_3989_5086	CP000240.1:1025762-1026860|CDS|CYB_0990	98.998	1098	11	0	1	1098	1	1098	0.0	1931
Ga0393509_27_3989_5086	CP000239.1:922064-923165|CDS|CYA_0913	85.831	1101	153	1	1	1098	1	1101	0.0	1281
Ga0393509_28_828_1196	CP000240.1:1513961-1514243|CDS|CYB_1444	95.035	282	14	0	88	369	1	282	5.72e-126	446
Ga0393509_28_1407_2300	CP000240.1:1512795-1513710|CDS|CYB_1443	96.309	894	15	1	1	894	40	915	0.0	1476
Ga0393509_28_2372_4012	CP000240.1:1511095-1512736|CDS|CYB_1442	98.659	1641	22	0	1	1641	1	1641	0.0	2861
Ga0393509_28_2372_4012	CP000239.1:2238390-2240031|CDS|CYA_2223	88.483	1641	189	0	1	1641	1	1641	0.0	2108
Ga0393509_28_4143_4859	CP000240.1:1509936-1510965|CDS|CYB_1441	98.047	717	14	0	1	717	313	1029	0.0	1231
Ga0393509_28_4143_4859	CP000239.1:2240055-2241087|CDS|CYA_2224	86.479	710	93	1	2	708	314	1023	0.0	847
Ga0393509_29_675_815	CP000240.1:179770-180910|CDS|CYB_0168	99.291	141	1	0	1	141	162	22	2.94e-67	251
Ga0393509_29_873_1793	CP000240.1:179770-180910|CDS|CYB_0168	99.783	921	2	0	1	921	220	1140	0.0	1653
Ga0393509_29_1834_2100	CP000240.1:180950-183122|CDS|CYB_0169	98.876	267	3	0	1	267	1906	2172	1.24e-132	469
Ga0393509_29_1834_2100	CP000239.1:521664-523812|CDS|CYA_0505	68.548	248	43	5	26	245	1892	2132	1.62e-23	105
Ga0393509_29_2072_4012	CP000240.1:180950-183122|CDS|CYB_0169	94.315	1935	109	1	7	1941	1	1934	0.0	2991
Ga0393509_29_2072_4012	CP000239.1:521664-523812|CDS|CYA_0505	85.768	1862	262	3	70	1930	1	1860	0.0	2153
Ga0393509_29_4456_4695	CP000240.1:183571-183931|CDS|CYB_0170	98.750	240	3	0	1	240	121	360	5.00e-118	420
Ga0393509_29_4456_4695	CP000239.1:524216-524708|CDS|CYA_0506	86.486	185	25	0	55	239	307	491	2.60e-58	222
Ga0393509_30_1600_2118	CP000240.1:2392457-2392904|CDS|CYB_2285	99.776	447	1	0	73	519	1	447	0.0	802
Ga0393509_30_1600_2118	CP000239.1:29714-30161|CDS|CYA_0030	90.157	447	44	0	73	519	1	447	1.14e-174	609
Ga0393509_30_2403_2783	CP000240.1:2393260-2393641|CDS|CYB_2286	97.638	381	9	0	1	381	1	381	0.0	647
Ga0393509_30_2403_2783	CP000239.1:30487-30868|CDS|CYA_0031	88.714	381	43	0	1	381	1	381	4.54e-140	494
Ga0393509_30_3192_4199	CP000240.1:2393680-2395045|CDS|CYB_2287	94.444	1008	56	0	1	1008	358	1365	0.0	1566
Ga0393509_30_3192_4199	CP000239.1:30914-32189|CDS|CYA_0032	82.823	1013	162	4	2	1008	269	1275	0.0	1036
Ga0393509_31_68_1219	CP000240.1:2475196-2476366|CDS|CYB_2369	95.299	1170	37	1	1	1152	1	1170	0.0	1874
Ga0393509_31_68_1219	CP000239.1:2611972-2613151|CDS|CYA_2590	80.577	1179	198	7	1	1150	1	1177	0.0	1091
Ga0393509_31_1357_2256	CP000240.1:2474159-2475143|CDS|CYB_2368	97.778	900	20	0	1	900	85	984	0.0	1534
Ga0393509_31_1357_2256	CP000239.1:2613191-2614202|CDS|CYA_2591	83.146	890	150	0	1	890	85	974	0.0	930
Ga0393509_31_2400_3296	CP000240.1:2473047-2474172|CDS|CYB_2367	99.777	897	2	0	1	897	229	1125	0.0	1609
Ga0393509_31_3348_3764	CP000240.1:2472579-2472996|CDS|CYB_2366	99.760	417	1	0	1	417	1	417	0.0	748
Ga0393509_31_3765_4391	CP000240.1:2471568-2472579|CDS|CYB_2365	99.043	627	6	0	1	627	385	1011	0.0	1104
Ga0393509_32_119_1108	CP000240.1:2594548-2595538|CDS|CYB_2500	97.677	990	23	0	1	990	1	990	0.0	1682
Ga0393509_32_119_1108	CP000239.1:441168-442080|CDS|CYA_0422	82.060	903	121	5	1	902	1	863	0.0	913
Ga0393509_32_1393_1842	CP000240.1:2593814-2594270|CDS|CYB_2499	95.333	450	21	0	1	450	7	456	0.0	718
Ga0393509_32_1393_1842	CP000239.1:442168-442621|CDS|CYA_0423	79.912	453	80	4	2	450	8	453	9.19e-112	399
Ga0393509_32_1826_2860	CP000240.1:2592796-2593801|CDS|CYB_2498	98.205	1003	18	0	33	1035	3	1005	0.0	1728
Ga0393509_32_1826_2860	CP000239.1:442643-443633|CDS|CYA_0424	83.544	948	156	0	42	989	3	950	0.0	1007
Ga0393509_33_25_1146	CP000240.1:160943-162065|CDS|CYB_0144	92.698	1123	80	2	1	1122	1	1122	0.0	1649
Ga0393509_33_25_1146	CP000239.1:2550889-2551981|CDS|CYA_2532	79.012	1134	184	3	1	1122	1	1092	0.0	1008
Ga0393509_33_1143_1943	CP000240.1:162061-162862|CDS|CYB_0145	97.362	796	21	0	2	797	2	797	0.0	1342
Ga0393509_33_1143_1943	CP000239.1:2550122-2550893|CDS|CYA_2531	80.816	735	141	0	12	746	6	740	0.0	691
Ga0393509_33_1945_3204	CP000240.1:52430-53648|CDS|CYB_0041	92.468	1155	87	0	19	1173	1	1155	0.0	1691
Ga0393509_33_1945_3204	CP000240.1:2830275-2831565|CDS|CYB_2735	90.682	1202	88	1	19	1196	1	1202	0.0	1681
Ga0393509_33_1945_3204	CP000240.1:2796782-2798000|CDS|CYB_2707	92.167	1149	90	0	19	1167	1	1149	0.0	1667
Ga0393509_33_1945_3204	CP000240.1:1803089-1804283|CDS|CYB_1722	91.255	1155	77	1	19	1173	1	1131	0.0	1645
Ga0393509_33_1945_3204	CP000240.1:2644164-2645358|CDS|CYB_2538	90.601	1149	84	1	19	1167	1	1125	0.0	1603
Ga0393509_33_1945_3204	CP000240.1:1190675-1191869|CDS|CYB_1151	90.696	1150	81	3	19	1167	1	1125	0.0	1602
Ga0393509_33_1945_3204	CP000240.1:1521392-1522610|CDS|CYB_1450	89.429	1173	76	2	19	1167	1	1149	0.0	1591
Ga0393509_33_1945_3204	CP000240.1:638632-639850|CDS|CYB_0630	89.258	1173	78	2	19	1167	1	1149	0.0	1582
Ga0393509_33_1945_3204	CP000240.1:102811-104029|CDS|CYB_0087	86.809	1266	95	3	19	1260	1	1218	0.0	1582
Ga0393509_33_1945_3204	CP000240.1:1064975-1066169|CDS|CYB_1023	89.991	1149	91	1	19	1167	1	1125	0.0	1572
Ga0393509_33_1945_3204	CP000240.1:1083184-1084426|CDS|CYB_1042	89.059	1179	105	1	19	1173	1	1179	0.0	1563
Ga0393509_33_1945_3204	CP000240.1:2168360-2169515|CDS|CYB_2071	88.946	1176	106	1	19	1194	1	1152	0.0	1553
Ga0393509_33_1945_3204	CP000240.1:1954838-1956056|CDS|CYB_1872	89.264	1155	124	0	19	1173	1	1155	0.0	1525
Ga0393509_33_1945_3204	CP000240.1:1358129-1359347|CDS|CYB_1297	88.065	1173	92	2	19	1167	1	1149	0.0	1519
Ga0393509_33_1945_3204	CP000240.1:3008652-3009870|CDS|CYB_2910	87.871	1179	95	2	19	1173	1	1155	0.0	1517
Ga0393509_33_1945_3204	CP000239.1:1594889-1596107|CDS|CYA_1585	86.473	1242	144	1	19	1260	1	1218	0.0	1500
Ga0393509_33_1945_3204	CP000239.1:2170714-2171908|CDS|CYA_2158	87.359	1155	122	1	19	1173	1	1131	0.0	1443
Ga0393509_33_1945_3204	CP000240.1:2210858-2212052|CDS|CYB_2117	87.206	1149	123	1	19	1167	1	1125	0.0	1427
Ga0393509_33_1945_3204	CP000240.1:2247371-2248565|CDS|CYB_2147	84.622	1242	143	2	19	1260	1	1194	0.0	1414
Ga0393509_33_1945_3204	CP000239.1:774779-775973|CDS|CYA_0767	86.771	1149	128	1	19	1167	1	1125	0.0	1405
Ga0393509_33_1945_3204	CP000240.1:481588-482800|CDS|CYB_0472	86.783	1150	126	3	19	1167	1	1125	0.0	1399
Ga0393509_33_1945_3204	CP000239.1:712444-713638|CDS|CYA_0704	86.320	1155	134	1	19	1173	1	1131	0.0	1388
Ga0393509_33_1945_3204	CP000240.1:1015074-1016268|CDS|CYB_0979	83.655	1242	155	2	19	1260	1	1194	0.0	1360
Ga0393509_33_1945_3204	CP000240.1:2553363-2554557|CDS|CYB_2454	85.640	1149	141	1	19	1167	1	1125	0.0	1346
Ga0393509_33_1945_3204	CP000240.1:2661652-2662870|CDS|CYB_2557	85.901	1149	162	0	19	1167	1	1149	0.0	1342
Ga0393509_33_1945_3204	CP000239.1:629980-631174|CDS|CYA_0620	85.205	1149	146	1	19	1167	1	1125	0.0	1324
Ga0393509_33_1945_3204	CP000239.1:698055-699204|CDS|CYA_0690	85.079	1146	171	0	19	1164	1	1146	0.0	1297
Ga0393509_33_1945_3204	CP000240.1:1316312-1317548|CDS|CYB_1259	83.802	1173	142	3	19	1167	1	1149	0.0	1289
Ga0393509_33_1945_3204	CP000240.1:241642-242836|CDS|CYB_0233	82.462	1243	168	4	19	1260	1	1194	0.0	1287
Ga0393509_33_1945_3204	CP000240.1:1842322-1843549|CDS|CYB_1759	84.702	1157	173	2	19	1173	1	1155	0.0	1284
Ga0393509_33_1945_3204	CP000240.1:2565689-2566883|CDS|CYB_2468	82.206	1242	173	2	19	1260	1	1194	0.0	1278
Ga0393509_33_1945_3204	CP000239.1:893439-894633|CDS|CYA_0887	82.045	1242	175	2	19	1260	1	1194	0.0	1269
Ga0393509_33_1945_3204	CP000240.1:345730-346924|CDS|CYB_0329	81.481	1242	182	2	19	1260	1	1194	0.0	1238
Ga0393509_33_1945_3204	CP000240.1:1384265-1385459|CDS|CYB_1322	81.240	1242	185	2	19	1260	1	1194	0.0	1224
Ga0393509_33_1945_3204	CP000239.1:994256-995468|CDS|CYA_0981	82.942	1149	172	1	19	1167	1	1125	0.0	1206
Ga0393509_33_1945_3204	CP000240.1:2619921-2621115|CDS|CYB_2521	83.043	1150	169	3	19	1167	1	1125	0.0	1205
Ga0393509_33_1945_3204	CP000240.1:1244785-1246021|CDS|CYB_1201	82.012	1173	163	2	19	1167	1	1149	0.0	1199
Ga0393509_33_1945_3204	CP000240.1:629484-630702|CDS|CYB_0620	81.679	1179	168	2	19	1173	1	1155	0.0	1187
Ga0393509_33_1945_3204	CP000240.1:1267756-1268992|CDS|CYB_1227	81.516	1174	167	4	19	1167	1	1149	0.0	1167
Ga0393509_33_1945_3204	CP000240.1:2933473-2934709|CDS|CYB_2835	80.952	1176	170	6	19	1167	1	1149	0.0	1133
Ga0393509_33_1945_3204	CP000240.1:605550-606744|CDS|CYB_0598	81.126	1155	194	1	19	1173	1	1131	0.0	1118
Ga0393509_33_1945_3204	CP000240.1:2506708-2507857|CDS|CYB_2410	79.736	1135	132	7	19	1056	1	1134	0.0	1067
Ga0393509_33_1945_3204	CP000240.1:2128026-2129220|CDS|CYB_2026	77.644	1248	219	9	19	1260	1	1194	0.0	1007
Ga0393509_33_1945_3204	CP000240.1:1763450-1764623|CDS|CYB_1688	77.430	1183	233	10	19	1196	1	1154	0.0	916
Ga0393509_33_1945_3204	CP000240.1:1917270-1918464|CDS|CYB_1826	75.862	1247	243	11	19	1260	1	1194	0.0	895
Ga0393509_33_1945_3204	CP000240.1:2219258-2220470|CDS|CYB_2126	76.384	1156	235	10	19	1167	1	1125	0.0	844
Ga0393509_33_1945_3204	CP000239.1:693322-694534|CDS|CYA_0687	76.083	1154	242	6	19	1167	1	1125	0.0	841
Ga0393509_33_1945_3204	CP000239.1:88305-89487|CDS|CYA_0091	74.738	1144	233	8	24	1157	6	1103	0.0	775
Ga0393509_34_14_400	CP000240.1:2249078-2249666|CDS|CYB_2148	99.742	387	1	0	1	387	202	588	0.0	694
Ga0393509_34_14_400	CP000239.1:852140-852719|CDS|CYA_0843	82.353	374	59	2	2	374	191	558	3.12e-104	375
Ga0393509_34_506_1384	CP000240.1:2249861-2250650|CDS|CYB_2149	98.352	789	13	0	91	879	1	789	0.0	1365
Ga0393509_34_506_1384	CP000239.1:852907-853696|CDS|CYA_0844	87.326	789	100	0	91	879	1	789	0.0	973
Ga0393509_34_1391_3268	CP000240.1:2250656-2252528|CDS|CYB_2150	98.030	1878	31	1	1	1878	1	1872	0.0	3222
Ga0393509_34_1391_3268	CP000239.1:853702-855547|CDS|CYA_0845	81.595	1793	292	3	14	1805	20	1775	0.0	1767
Ga0393509_34_3285_3938	CP000240.1:2252544-2253183|CDS|CYB_2151	94.992	639	32	0	16	654	1	639	0.0	1009
Ga0393509_34_3285_3938	CP000239.1:855550-856219|CDS|CYA_0846	82.198	646	103	5	2	638	5	647	0.0	636
Ga0393509_35_253_1464	CP000240.1:1455929-1457141|CDS|CYB_1384	98.679	1211	16	0	1	1211	1	1211	0.0	2113
Ga0393509_35_253_1464	CP000239.1:2703598-2704810|CDS|CYA_2688	81.095	1206	226	2	7	1211	7	1211	0.0	1141
Ga0393509_35_1602_2069	CP000240.1:1457259-1457724|CDS|CYB_1385	97.419	465	12	0	4	468	1	465	0.0	785
Ga0393509_35_1602_2069	CP000239.1:2704984-2705455|CDS|CYA_2689	82.812	448	74	1	21	468	27	471	1.17e-129	460
Ga0393509_35_2710_3141	CP000240.1:1458253-1458796|CDS|CYB_1386	98.148	432	8	0	1	432	112	543	0.0	744
Ga0393509_35_2710_3141	CP000239.1:2705995-2706538|CDS|CYA_2690	96.759	432	14	0	1	432	112	543	0.0	717
Ga0393509_36_265_387	CP000239.1:687173-687296|CDS|CYA_0679	100.000	123	0	0	1	123	1	123	3.47e-59	223
Ga0393509_36_799_1422	CP000240.1:2212140-2212764|CDS|CYB_2118	100.000	624	0	0	1	624	1	624	0.0	1126
Ga0393509_36_799_1422	CP000239.1:713714-714350|CDS|CYA_0706	85.528	615	89	0	1	615	1	615	0.0	709
Ga0393509_36_799_1422	CP000239.1:686138-686762|CDS|CYA_0678	82.637	622	108	0	1	622	1	622	0.0	636
Ga0393509_36_1427_2128	CP000240.1:2210138-2210840|CDS|CYB_2116	97.135	698	20	0	1	698	1	698	0.0	1169
Ga0393509_36_1427_2128	CP000239.1:685206-685908|CDS|CYA_0677	88.395	698	81	0	1	698	1	698	0.0	894
Ga0393509_36_2156_2359	CP000240.1:2209865-2210111|CDS|CYB_2115	100.000	204	0	0	1	204	43	246	6.62e-103	369
Ga0393509_36_2156_2359	CP000239.1:684899-685172|CDS|CYA_0676	82.353	170	30	0	34	203	103	272	9.85e-44	172
Ga0393509_36_2552_3889	CP000240.1:2208275-2209715|CDS|CYB_2114	98.132	1338	25	0	1	1338	103	1440	0.0	2301
Ga0393509_36_2552_3889	CP000239.1:683433-684870|CDS|CYA_0675	91.841	1336	109	0	1	1336	100	1435	0.0	1919
Ga0393509_37_37_1551	CP000240.1:791708-793724|CDS|CYB_0770	96.365	1513	55	0	1	1513	502	2014	0.0	2481
Ga0393509_37_37_1551	CP000239.1:567086-569000|CDS|CYA_0554	88.896	1513	168	0	1	1513	400	1912	0.0	1972
Ga0393509_37_1616_1984	CP000240.1:791274-791643|CDS|CYB_0768	94.580	369	20	0	1	369	1	369	4.68e-165	576
Ga0393509_37_1616_1984	CP000239.1:566653-567022|CDS|CYA_0552	89.431	369	39	0	1	369	1	369	5.35e-139	490
Ga0393509_37_1981_3063	CP000240.1:790195-791278|CDS|CYB_0769	96.676	1083	36	0	1	1083	1	1083	0.0	1792
Ga0393509_37_1981_3063	CP000239.1:565574-566657|CDS|CYA_0553	88.366	1083	126	0	1	1083	1	1083	0.0	1386
Ga0393509_38_189_635	CP000240.1:1087212-1087833|CDS|CYB_1048	96.861	446	14	0	1	446	175	620	0.0	742
Ga0393509_38_189_635	CP000239.1:2224763-2225393|CDS|CYA_2210	80.706	425	82	0	1	425	175	599	3.18e-111	398
Ga0393509_38_1274_1756	CP000240.1:1086265-1086748|CDS|CYB_1047	97.101	483	14	0	1	483	1	483	0.0	809
Ga0393509_38_1925_2038	CP000240.1:1085982-1086096|CDS|CYB_1045	100.000	114	0	0	1	114	1	114	2.43e-54	206
Ga0393509_38_1925_2038	CP000240.1:1085680-1086127|CDS|CYB_1046	100.000	114	0	0	1	114	416	303	2.43e-54	206
Ga0393509_38_2477_2740	CP000240.1:1085268-1085532|CDS|CYB_1043	99.242	264	2	0	1	264	1	264	1.22e-132	468
Ga0393509_38_2477_2740	CP000239.1:936771-937035|CDS|CYA_0926	86.641	262	35	0	1	262	1	262	1.70e-86	315
Ga0393509_38_2726_3415	CP000240.1:1084593-1085283|CDS|CYB_1044	97.971	690	14	0	1	690	1	690	0.0	1182
Ga0393509_38_2726_3415	CP000239.1:937056-937728|CDS|CYA_0927	86.086	654	88	1	1	651	1	654	0.0	768
Ga0393509_38_3607_3783	CP000240.1:1082301-1083090|CDS|CYB_1041	96.045	177	7	0	1	177	613	789	1.51e-78	288
Ga0393509_38_3607_3783	CP000239.1:937911-938700|CDS|CYA_0928	83.616	177	29	0	1	177	613	789	1.09e-48	189
Ga0393509_39_605_1672	CP000240.1:1222136-1223204|CDS|CYB_1184	99.251	1068	8	0	1	1068	1	1068	0.0	1891
Ga0393509_39_605_1672	CP000239.1:52801-53860|CDS|CYA_0055	83.661	1016	166	0	1	1016	1	1016	0.0	1085
Ga0393509_40_1292_1624	CP000240.1:1090460-1090823|CDS|CYB_1052	99.099	333	3	0	1	333	31	363	2.33e-168	588
Ga0393509_40_1292_1624	CP000239.1:2228070-2228433|CDS|CYA_2213	85.843	332	47	0	2	333	32	363	4.22e-108	388
Ga0393509_40_1649_1885	CP000240.1:1090199-1090436|CDS|CYB_1051	98.734	237	3	0	1	237	1	237	2.10e-116	415
Ga0393509_40_1649_1885	CP000239.1:2228457-2228694|CDS|CYA_2214	90.295	237	23	0	1	237	1	237	2.92e-89	324
Ga0393509_40_1925_2596	CP000240.1:1089413-1090160|CDS|CYB_1050	99.554	672	3	0	1	672	76	747	0.0	1199
Ga0393509_40_1925_2596	CP000239.1:2228767-2229514|CDS|CYA_2215	82.292	672	119	0	1	672	76	747	0.0	676
Ga0393509_41_670_1713	CP000240.1:55506-56598|CDS|CYB_0044	98.538	1026	15	0	1	1026	64	1089	0.0	1783
Ga0393509_41_670_1713	CP000239.1:633055-634186|CDS|CYA_0623	85.185	1026	137	1	1	1011	88	1113	0.0	1175
Ga0393509_41_1944_3233	CP000240.1:56765-58055|CDS|CYB_0045	98.992	1290	13	0	1	1290	1	1290	0.0	2269
Ga0393509_41_1944_3233	CP000239.1:634312-635602|CDS|CYA_0624	84.365	1292	198	2	1	1290	1	1290	0.0	1415
Ga0393509_42_535_861	CP000240.1:2598070-2598733|CDS|CYB_2503	92.355	327	25	0	1	327	337	663	2.98e-135	478
Ga0393509_42_535_861	CP000239.1:2104398-2105160|CDS|CYA_2086	88.281	256	30	0	2	257	473	728	3.40e-90	327
Ga0393509_42_1388_2821	CP000240.1:2596452-2597886|CDS|CYB_2502	98.675	1434	19	0	1	1434	1	1434	0.0	2501
Ga0393509_42_1388_2821	CP000239.1:438980-440414|CDS|CYA_0420	89.176	1432	155	0	1	1432	1	1432	0.0	1884
Ga0393509_42_3006_3206	CP000240.1:2595566-2596268|CDS|CYB_2501	99.502	201	1	0	1	201	502	702	1.18e-99	359
Ga0393509_42_3006_3206	CP000239.1:440424-441165|CDS|CYA_0421	88.832	197	22	0	1	197	502	698	2.96e-69	257
Ga0393509_43_162_284	CP000240.1:2496371-2497004|CDS|CYB_2396	92.683	123	9	0	1	123	268	390	1.06e-46	182
Ga0393509_43_162_284	CP000239.1:1072186-1072819|CDS|CYA_1055	83.186	113	19	0	7	119	274	386	1.06e-27	119
Ga0393509_43_1551_2534	CP000240.1:2499534-2500518|CDS|CYB_2400	99.390	984	6	0	1	984	1	984	0.0	1748
Ga0393509_43_1551_2534	CP000239.1:1068747-1069734|CDS|CYA_1050	87.035	941	122	0	43	983	46	986	0.0	1148
Ga0393509_44_461_637	CP000240.1:2373427-2374462|CDS|CYB_2268	100.000	177	0	0	1	177	585	409	2.56e-88	320
Ga0393509_44_461_637	CP000239.1:2623805-2624840|CDS|CYA_2606	100.000	177	0	0	1	177	585	409	2.56e-88	320
Ga0393509_44_629_1087	CP000239.1:2623805-2624840|CDS|CYA_2606	100.000	459	0	0	1	459	577	1035	0.0	829
Ga0393509_44_629_1087	CP000240.1:2373427-2374462|CDS|CYB_2268	96.950	459	14	0	1	459	577	1035	0.0	765
Ga0393509_44_1144_1653	CP000239.1:2623239-2623749|CDS|CYA_2605	99.804	510	1	0	1	510	1	510	0.0	916
Ga0393509_44_1144_1653	CP000240.1:2372844-2373354|CDS|CYB_2267	92.353	510	39	0	1	510	1	510	0.0	745
Ga0393509_44_1751_2626	CP000239.1:2621610-2623191|CDS|CYA_2604	99.520	834	4	0	1	834	607	1440	0.0	1487
Ga0393509_44_1751_2626	CP000240.1:2371216-2372797|CDS|CYB_2266	99.520	833	4	0	1	833	607	1439	0.0	1485
Ga0393509_44_2638_2815	CP000240.1:2371216-2372797|CDS|CYB_2266	100.000	178	0	0	1	178	595	418	7.38e-89	322
Ga0393509_44_2638_2815	CP000239.1:2621610-2623191|CDS|CYA_2604	91.011	178	16	0	1	178	595	418	3.83e-67	250
Ga0393509_45_1155_1895	CP000240.1:542016-542757|CDS|CYB_0527	99.730	741	2	0	1	741	1	741	0.0	1328
Ga0393509_46_882_1415	CP000240.1:1741885-1742533|CDS|CYB_1661	98.315	534	9	0	1	534	115	648	0.0	923
Ga0393509_46_882_1415	CP000239.1:2894124-2894838|CDS|CYA_2878	91.111	495	44	0	1	495	181	675	0.0	695
Ga0393509_46_1625_2329	CP000240.1:1742628-1743189|CDS|CYB_1662	94.474	561	31	0	145	705	1	561	0.0	873
Ga0393509_46_1625_2329	CP000239.1:2893462-2894092|CDS|CYA_2877	84.474	599	93	0	19	617	19	617	0.0	662
Ga0393509_46_2357_2755	CP000240.1:1743354-1743753|CDS|CYB_1663	94.472	398	22	0	1	398	1	398	4.76e-178	619
Ga0393509_46_2357_2755	CP000239.1:2893037-2893436|CDS|CYA_2876	82.915	398	68	0	1	398	1	398	1.28e-115	412
Ga0393509_47_977_1549	CP000240.1:373632-374226|CDS|CYB_0358	96.859	573	18	0	1	573	22	594	0.0	953
Ga0393509_47_977_1549	CP000239.1:1508119-1508881|CDS|CYA_1498	85.590	576	80	1	1	573	187	762	0.0	664
Ga0393509_47_1586_2464	CP000240.1:374261-375125|CDS|CYB_0359	99.647	851	3	0	1	851	1	851	0.0	1522
Ga0393509_47_1586_2464	CP000239.1:2196565-2197444|CDS|CYA_2180	83.808	877	142	0	1	877	1	877	0.0	942
Ga0393509_47_2641_2766	CP000240.1:375307-377185|CDS|CYB_0360	97.619	126	3	0	1	126	1753	1878	1.85e-56	214
Ga0393509_47_2641_2766	CP000239.1:2197594-2199466|CDS|CYA_2181	86.179	123	17	0	1	123	1741	1863	7.87e-36	146
Ga0393509_49_1384_1884	CP000240.1:2350828-2352202|CDS|CYB_2245	99.002	501	5	0	1	501	874	1374	0.0	882
Ga0393509_49_1384_1884	CP000239.1:472534-473902|CDS|CYA_0457	87.903	496	54	2	1	496	874	1363	1.74e-178	621
Ga0393509_50_85_1410	CP000239.1:1009527-1011699|CDS|CYA_0996	86.315	1308	179	0	1	1308	847	2154	0.0	1553
Ga0393509_51_438_1910	CP000240.1:724744-726217|CDS|CYB_0708	98.574	1473	21	0	1	1473	1	1473	0.0	2562
Ga0393509_51_438_1910	CP000239.1:376701-378174|CDS|CYA_0359	90.421	1472	141	0	1	1472	1	1472	0.0	2020
Ga0393509_52_129_896	CP000240.1:2585420-2586302|CDS|CYB_2489	99.870	768	1	0	1	768	115	882	0.0	1381
Ga0393509_52_129_896	CP000239.1:608381-609281|CDS|CYA_0597	87.386	769	94	1	1	766	130	898	0.0	948
Ga0393509_52_1450_2034	CP000240.1:2583791-2584970|CDS|CYB_2488	98.625	582	8	0	4	585	598	1179	0.0	1014
Ga0393509_52_1450_2034	CP000239.1:605021-606212|CDS|CYA_0594	88.060	536	64	0	2	537	596	1131	0.0	679
Ga0393509_53_1_147	CP000240.1:2486294-2487725|CDS|CYB_2384	99.320	147	1	0	1	147	1285	1431	1.71e-70	261
Ga0393509_53_1_147	CP000239.1:1219395-1220859|CDS|CYA_1210	91.096	146	13	0	2	147	1319	1464	1.15e-53	205
Ga0393509_53_160_888	CP000240.1:2485553-2486282|CDS|CYB_2383	99.726	729	2	0	1	729	1	729	0.0	1306
Ga0393509_53_160_888	CP000239.1:1218654-1219383|CDS|CYA_1209	91.598	726	59	2	1	725	1	725	0.0	1028
Ga0393509_53_911_1072	CP000240.1:2487937-2489140|CDS|CYB_2385	99.315	146	1	0	1	146	628	773	6.68e-70	260
Ga0393509_53_911_1072	CP000239.1:1221033-1222236|CDS|CYA_1211	87.671	146	18	0	1	146	628	773	4.22e-47	183
Ga0393509_54_254_808	CP000240.1:1961104-1961839|CDS|CYB_1876	99.640	555	2	0	1	555	181	735	0.0	993
