Ga0374809_01_32_721	CP000240.1:2428296-2429046|CDS|CYB_2317	98.108	687	13	0	4	690	64	750	0.0	1181
Ga0374809_01_32_721	CP000239.1:1214239-1214983|CDS|CYA_1204	80.261	689	132	2	3	689	48	734	1.99e-179	625
Ga0374809_01_760_1533	CP000240.1:2429084-2429858|CDS|CYB_2319	97.674	774	18	0	1	774	1	774	0.0	1315
Ga0374809_01_760_1533	CP000239.1:1213463-1214252|CDS|CYA_1202	85.081	744	111	0	31	774	46	789	0.0	842
Ga0374809_01_1511_2236	CP000240.1:2429835-2430561|CDS|CYB_2318	99.036	726	7	0	1	726	1	726	0.0	1278
Ga0374809_01_1511_2236	CP000239.1:1212760-1213486|CDS|CYA_1203	80.801	724	139	0	1	724	1	724	0.0	680
Ga0374809_01_2233_3216	CP000240.1:2430557-2431541|CDS|CYB_2320	98.882	984	11	0	1	984	1	984	0.0	1726
Ga0374809_01_2233_3216	CP000239.1:1211786-1212764|CDS|CYA_1201	88.347	944	110	0	41	984	35	978	0.0	1207
Ga0374809_01_3774_4322	CP000240.1:2432096-2432645|CDS|CYB_2322	99.636	549	2	0	1	549	1	549	0.0	982
Ga0374809_01_3774_4322	CP000239.1:1210708-1211260|CDS|CYA_1199	80.727	550	103	1	1	547	1	550	7.13e-146	513
Ga0374809_01_3774_4322	CP000239.1:1210660-1211167|CDS|CYA_1200	81.838	457	83	0	91	547	507	51	7.14e-127	451
Ga0374809_01_5072_5449	CP000240.1:2433114-2433426|CDS|CYB_2324	99.038	312	3	0	67	378	1	312	6.68e-157	550
Ga0374809_01_5072_5449	CP000239.1:1387368-1387680|CDS|CYA_1378	84.839	310	47	0	67	376	1	310	4.23e-96	348
Ga0374809_01_5566_5853	CP000240.1:2433608-2433896|CDS|CYB_2325	97.222	288	8	0	1	288	1	288	1.75e-137	484
Ga0374809_01_5566_5853	CP000239.1:1386919-1387207|CDS|CYA_1376	89.583	288	30	0	1	288	1	288	1.26e-107	385
Ga0374809_01_5984_6139	CP000240.1:2434026-2434398|CDS|CYB_2326	98.077	156	3	0	1	156	217	372	1.23e-72	269
Ga0374809_01_6056_6268	CP000240.1:2434026-2434398|CDS|CYB_2326	98.122	213	4	0	1	213	300	88	2.42e-102	367
Ga0374809_01_6415_7545	CP000240.1:2434457-2435588|CDS|CYB_2328	98.232	1131	20	0	1	1131	1	1131	0.0	1950
Ga0374809_01_6415_7545	CP000239.1:2009038-2010169|CDS|CYA_1990	87.710	1131	137	2	1	1130	1	1130	0.0	1407
Ga0374809_01_7522_8034	CP000240.1:2435564-2436077|CDS|CYB_2327	98.441	513	8	0	1	513	1	513	0.0	890
Ga0374809_01_7522_8034	CP000239.1:2010165-2010651|CDS|CYA_1989	79.521	459	92	2	1	458	1	458	3.68e-111	398
Ga0374809_01_8154_8774	CP000240.1:2436196-2436928|CDS|CYB_2329	95.330	621	17	1	1	621	124	732	0.0	996
Ga0374809_01_8154_8774	CP000239.1:2010770-2011592|CDS|CYA_1991	78.778	589	116	2	36	621	240	822	1.79e-141	499
Ga0374809_01_9436_10095	CP000240.1:2437163-2437823|CDS|CYB_2330	97.727	660	15	0	1	660	1	660	0.0	1123
Ga0374809_01_9436_10095	CP000239.1:2011734-2012391|CDS|CYA_1992	81.146	663	116	2	1	660	1	657	0.0	632
Ga0374809_01_10738_10980	CP000240.1:2438465-2438714|CDS|CYB_2331	99.177	243	2	0	1	243	1	243	2.80e-121	430
Ga0374809_01_10738_10980	CP000239.1:2012541-2012814|CDS|CYA_1993	85.909	220	31	0	19	238	28	247	3.66e-69	258
Ga0374809_01_11087_11449	CP000240.1:2438814-2439177|CDS|CYB_2332	98.347	363	6	0	1	363	1	363	0.0	628
Ga0374809_01_11087_11449	CP000239.1:2012907-2013270|CDS|CYA_1994	90.358	363	35	0	1	363	1	363	3.54e-141	498
Ga0374809_01_11440_12180	CP000240.1:2439173-2439908|CDS|CYB_2333	97.143	735	21	0	7	741	1	735	0.0	1232
Ga0374809_01_11440_12180	CP000239.1:2013266-2014001|CDS|CYA_1995	90.748	735	68	0	7	741	1	735	0.0	1020
Ga0374809_01_12182_12733	CP000240.1:2439909-2440461|CDS|CYB_2334	98.551	552	8	0	1	552	1	552	0.0	960
Ga0374809_01_12182_12733	CP000239.1:2014002-2014548|CDS|CYA_1996	83.818	550	83	1	1	550	1	544	9.32e-170	592
Ga0374809_01_12781_12954	CP000240.1:2440508-2440682|CDS|CYB_2335	98.276	174	3	0	1	174	1	174	2.35e-82	301
Ga0374809_01_12781_12954	CP000239.1:2014595-2014769|CDS|CYA_1997	89.535	172	18	0	1	172	1	172	3.49e-61	230
Ga0374809_01_12995_14221	CP000240.1:2440722-2441973|CDS|CYB_2336	93.765	1251	54	2	1	1227	1	1251	0.0	1918
Ga0374809_01_12995_14221	CP000239.1:2014780-2016007|CDS|CYA_1998	79.010	1172	225	5	55	1223	64	1217	0.0	1002
Ga0374809_01_14257_15123	CP000240.1:2442008-2442875|CDS|CYB_2337	99.423	867	5	0	1	867	1	867	0.0	1542
Ga0374809_01_15699_17258	CP000240.1:2443450-2444986|CDS|CYB_2338	96.795	1560	26	1	1	1560	1	1536	0.0	2606
Ga0374809_01_17294_18160	CP000240.1:2445286-2446153|CDS|CYB_2339	97.232	867	24	0	1	867	1	867	0.0	1456
Ga0374809_01_17294_18160	CP000239.1:2373875-2374745|CDS|CYA_2365	86.079	862	120	0	1	862	1	862	0.0	1014
Ga0374809_01_18165_19166	CP000240.1:2446157-2447159|CDS|CYB_2340	98.703	1002	13	0	1	1002	1	1002	0.0	1749
Ga0374809_01_18165_19166	CP000239.1:2374764-2375772|CDS|CYA_2366	84.866	1011	141	2	1	1002	1	1008	0.0	1136
Ga0374809_01_19153_20277	CP000240.1:2447145-2448270|CDS|CYB_2341	98.844	1125	13	0	1	1125	1	1125	0.0	1971
Ga0374809_01_19153_20277	CP000239.1:2375777-2376869|CDS|CYA_2367	87.005	985	128	0	1	985	1	985	0.0	1200
Ga0374809_01_20486_22213	CP000240.1:2448478-2450206|CDS|CYB_2342	98.553	1728	25	0	1	1728	1	1728	0.0	3004
Ga0374809_01_20486_22213	CP000239.1:2377351-2379085|CDS|CYA_2368	85.301	1728	248	1	1	1722	1	1728	0.0	1973
Ga0374809_01_22477_23397	CP000240.1:2450469-2451390|CDS|CYB_2343	96.743	921	30	0	1	921	1	921	0.0	1526
Ga0374809_01_22477_23397	CP000239.1:2379497-2380418|CDS|CYA_2369	86.289	919	126	0	1	919	1	919	0.0	1090
Ga0374809_01_23461_23700	CP000240.1:2451441-2451693|CDS|CYB_2344	100.000	240	0	0	1	240	13	252	2.27e-122	434
Ga0374809_01_23461_23700	CP000239.1:2380458-2380698|CDS|CYA_2370	90.000	240	24	0	1	240	1	240	8.48e-90	325
Ga0374809_01_23760_23954	CP000240.1:2451752-2451947|CDS|CYB_2345	97.436	195	5	0	1	195	1	195	5.52e-91	330
Ga0374809_01_23760_23954	CP000239.1:2380762-2380957|CDS|CYA_2371	83.077	195	33	0	1	195	1	195	5.53e-53	204
Ga0374809_01_24151_26382	CP000240.1:2452059-2454375|CDS|CYB_2346	97.581	2232	54	0	1	2232	85	2316	0.0	3782
Ga0374809_01_24151_26382	CP000239.1:2381067-2383401|CDS|CYA_2372	84.275	2213	341	5	1	2208	85	2295	0.0	2406
Ga0374809_01_26746_27720	CP000240.1:2454669-2455713|CDS|CYB_2347	96.923	975	30	0	1	975	70	1044	0.0	1624
Ga0374809_01_26746_27720	CP000239.1:2383609-2384638|CDS|CYA_2373	85.744	975	124	5	1	975	70	1029	0.0	1123
Ga0374809_01_27818_28717	CP000240.1:2455813-2456710|CDS|CYB_2349	99.443	897	5	0	4	900	1	897	0.0	1596
Ga0374809_01_27818_28717	CP000239.1:2384821-2385643|CDS|CYA_2375	78.072	830	172	6	73	900	1	822	0.0	659
Ga0374809_01_28714_29331	CP000240.1:2456706-2457324|CDS|CYB_2348	98.220	618	11	0	1	618	1	618	0.0	1066
Ga0374809_01_28714_29331	CP000239.1:2385639-2386257|CDS|CYA_2374	87.540	618	77	0	1	618	1	618	0.0	768
Ga0374809_01_29387_30100	CP000240.1:2457379-2458093|CDS|CYB_2350	98.880	714	8	0	1	714	1	714	0.0	1252
Ga0374809_01_29387_30100	CP000239.1:2386312-2387020|CDS|CYA_2376	84.041	683	94	4	1	683	1	668	0.0	737
Ga0374809_01_30119_30493	CP000240.1:2458111-2458453|CDS|CYB_2351	99.708	342	1	0	34	375	1	342	6.62e-176	613
Ga0374809_01_30119_30493	CP000239.1:2387041-2387377|CDS|CYA_2377	83.108	296	38	2	34	329	1	284	3.02e-85	311
Ga0374809_01_30554_31597	CP000240.1:2458546-2459590|CDS|CYB_2352	99.425	1044	6	0	1	1044	1	1044	0.0	1856
Ga0374809_01_30554_31597	CP000239.1:2387351-2388509|CDS|CYA_2378	84.491	993	153	1	1	993	1	992	0.0	1094
Ga0374809_01_31562_32761	CP000240.1:2459785-2460754|CDS|CYB_2353	99.174	969	8	0	232	1200	1	969	0.0	1712
Ga0374809_01_31562_32761	CP000239.1:2388709-2389681|CDS|CYA_2379	89.256	968	101	1	232	1196	1	968	0.0	1276
Ga0374809_01_32972_33844	CP000240.1:2461084-2461969|CDS|CYB_2354	96.384	885	20	1	1	873	1	885	0.0	1459
Ga0374809_01_32972_33844	CP000239.1:2589763-2590624|CDS|CYA_2565	74.494	890	181	13	1	873	1	861	2.08e-161	565
Ga0374809_02_2085_2720	CP000240.1:620233-620869|CDS|CYB_0608	98.423	634	10	0	1	634	1	634	0.0	1099
Ga0374809_02_2085_2720	CP000239.1:666851-667484|CDS|CYA_0657	89.308	636	65	1	1	636	1	633	0.0	839
Ga0374809_02_2738_3007	CP000239.1:667501-668083|CDS|CYA_0658	87.365	277	28	2	1	270	1	277	4.38e-94	340
Ga0374809_02_3045_3380	CP000239.1:667501-668083|CDS|CYA_0658	82.657	271	29	2	1	259	316	580	3.74e-77	285
Ga0374809_02_3361_3939	CP000240.1:621482-622094|CDS|CYB_0610	99.655	579	2	0	1	579	34	612	0.0	1036
Ga0374809_02_3361_3939	CP000239.1:668110-668722|CDS|CYA_0659	89.619	578	60	0	2	579	35	612	0.0	773
Ga0374809_02_4095_5288	CP000240.1:2619921-2621115|CDS|CYB_2521	94.895	1195	59	2	1	1194	1	1194	0.0	1874
Ga0374809_02_4095_5288	CP000240.1:2661652-2662870|CDS|CYB_2557	93.760	1218	52	1	1	1194	1	1218	0.0	1872
Ga0374809_02_4095_5288	CP000240.1:1267756-1268992|CDS|CYB_1227	92.933	1217	60	3	1	1192	1	1216	0.0	1818
Ga0374809_02_4095_5288	CP000240.1:629484-630702|CDS|CYB_0620	92.447	1218	68	1	1	1194	1	1218	0.0	1800
Ga0374809_02_4095_5288	CP000240.1:1244785-1246021|CDS|CYB_1201	91.612	1216	78	1	1	1192	1	1216	0.0	1751
Ga0374809_02_4095_5288	CP000240.1:2933473-2934709|CDS|CYB_2835	91.619	1217	76	3	1	1192	1	1216	0.0	1746
Ga0374809_02_4095_5288	CP000240.1:605550-606744|CDS|CYB_0598	91.876	1194	97	0	1	1194	1	1194	0.0	1717
Ga0374809_02_4095_5288	CP000239.1:893439-894633|CDS|CYA_0887	93.511	1125	73	0	1	1125	1	1125	0.0	1700
Ga0374809_02_4095_5288	CP000239.1:698055-699204|CDS|CYA_0690	91.979	1147	68	1	1	1123	1	1147	0.0	1672
Ga0374809_02_4095_5288	CP000240.1:481588-482800|CDS|CYB_0472	91.031	1193	105	2	1	1192	1	1192	0.0	1663
Ga0374809_02_4095_5288	CP000239.1:629980-631174|CDS|CYA_0620	90.871	1194	109	0	1	1194	1	1194	0.0	1663
Ga0374809_02_4095_5288	CP000240.1:241642-242836|CDS|CYB_0233	92.718	1126	80	2	1	1125	1	1125	0.0	1654
Ga0374809_02_4095_5288	CP000239.1:994256-995468|CDS|CYA_0981	90.185	1192	117	0	1	1192	1	1192	0.0	1623
Ga0374809_02_4095_5288	CP000240.1:1316312-1317548|CDS|CYB_1259	88.980	1216	110	1	1	1192	1	1216	0.0	1607
Ga0374809_02_4095_5288	CP000240.1:1842322-1843549|CDS|CYB_1759	88.123	1204	119	1	1	1180	1	1204	0.0	1544
Ga0374809_02_4095_5288	CP000239.1:774779-775973|CDS|CYA_0767	88.526	1194	137	0	1	1194	1	1194	0.0	1536
Ga0374809_02_4095_5288	CP000240.1:2644164-2645358|CDS|CYB_2538	88.191	1194	141	0	1	1194	1	1194	0.0	1518
Ga0374809_02_4095_5288	CP000240.1:1190675-1191869|CDS|CYB_1151	87.782	1195	144	2	1	1194	1	1194	0.0	1490
Ga0374809_02_4095_5288	CP000240.1:638632-639850|CDS|CYB_0630	86.782	1218	137	1	1	1194	1	1218	0.0	1489
Ga0374809_02_4095_5288	CP000240.1:1384265-1385459|CDS|CYB_1322	89.244	1125	121	0	1	1125	1	1125	0.0	1484
Ga0374809_02_4095_5288	CP000239.1:2170714-2171908|CDS|CYA_2158	87.521	1194	149	0	1	1194	1	1194	0.0	1482
Ga0374809_02_4095_5288	CP000240.1:1521392-1522610|CDS|CYB_1450	86.453	1218	141	1	1	1194	1	1218	0.0	1471
Ga0374809_02_4095_5288	CP000240.1:1358129-1359347|CDS|CYB_1297	86.207	1218	144	1	1	1194	1	1218	0.0	1457
Ga0374809_02_4095_5288	CP000240.1:2796782-2798000|CDS|CYB_2707	85.961	1218	147	1	1	1194	1	1218	0.0	1443
Ga0374809_02_4095_5288	CP000240.1:2565689-2566883|CDS|CYB_2468	88.444	1125	130	0	1	1125	1	1125	0.0	1443
Ga0374809_02_4095_5288	CP000240.1:1954838-1956056|CDS|CYB_1872	85.972	1219	145	3	1	1194	1	1218	0.0	1438
Ga0374809_02_4095_5288	CP000240.1:345730-346924|CDS|CYB_0329	88.267	1125	132	0	1	1125	1	1125	0.0	1434
Ga0374809_02_4095_5288	CP000240.1:2210858-2212052|CDS|CYB_2117	86.611	1195	158	2	1	1194	1	1194	0.0	1427
Ga0374809_02_4095_5288	CP000240.1:1803089-1804283|CDS|CYB_1722	86.348	1194	163	0	1	1194	1	1194	0.0	1419
Ga0374809_02_4095_5288	CP000240.1:52430-53648|CDS|CYB_0041	85.468	1218	153	1	1	1194	1	1218	0.0	1416
Ga0374809_02_4095_5288	CP000239.1:712444-713638|CDS|CYA_0704	85.858	1195	167	2	1	1194	1	1194	0.0	1387
Ga0374809_02_4095_5288	CP000240.1:1015074-1016268|CDS|CYB_0979	87.289	1125	143	0	1	1125	1	1125	0.0	1385
Ga0374809_02_4095_5288	CP000240.1:1083184-1084426|CDS|CYB_1042	83.977	1242	151	2	1	1194	1	1242	0.0	1378
Ga0374809_02_4095_5288	CP000240.1:2168360-2169515|CDS|CYB_2071	87.022	1125	146	0	1	1125	1	1125	0.0	1371
Ga0374809_02_4095_5288	CP000240.1:3008652-3009870|CDS|CYB_2910	84.483	1218	165	1	1	1194	1	1218	0.0	1362
Ga0374809_02_4095_5288	CP000239.1:1594889-1596107|CDS|CYA_1585	86.679	1126	148	2	1	1125	1	1125	0.0	1348
Ga0374809_02_4095_5288	CP000240.1:2247371-2248565|CDS|CYB_2147	86.412	1126	151	2	1	1125	1	1125	0.0	1334
Ga0374809_02_4095_5288	CP000240.1:1064975-1066169|CDS|CYB_1023	84.673	1194	183	0	1	1194	1	1194	0.0	1329
Ga0374809_02_4095_5288	CP000240.1:2553363-2554557|CDS|CYB_2454	84.506	1194	185	0	1	1194	1	1194	0.0	1320
Ga0374809_02_4095_5288	CP000240.1:2830275-2831565|CDS|CYB_2735	81.855	1240	160	3	1	1192	1	1223	0.0	1268
Ga0374809_02_4095_5288	CP000240.1:102811-104029|CDS|CYB_0087	81.201	1149	192	1	1	1125	1	1149	0.0	1116
Ga0374809_02_4095_5288	CP000240.1:2506708-2507857|CDS|CYB_2410	79.119	1135	115	8	1	1014	1	1134	0.0	1053
Ga0374809_02_4095_5288	CP000240.1:2219258-2220470|CDS|CYB_2126	78.000	1200	248	8	1	1192	1	1192	0.0	953
Ga0374809_02_4095_5288	CP000239.1:693322-694534|CDS|CYA_0687	77.833	1200	250	8	1	1192	1	1192	0.0	944
Ga0374809_02_4095_5288	CP000240.1:2128026-2129220|CDS|CYB_2026	77.365	1131	244	7	1	1125	1	1125	0.0	866
Ga0374809_02_4095_5288	CP000240.1:1763450-1764623|CDS|CYB_1688	76.896	1134	244	10	1	1125	1	1125	0.0	836
Ga0374809_02_4095_5288	CP000240.1:1917270-1918464|CDS|CYB_1826	76.631	1134	247	10	1	1125	1	1125	0.0	822
Ga0374809_02_4095_5288	CP000239.1:88305-89487|CDS|CYA_0091	75.022	1121	256	3	1	1115	1	1103	0.0	768
Ga0374809_02_5337_5642	CP000240.1:622201-622504|CDS|CYB_0611	94.983	299	15	0	1	299	1	299	1.18e-133	472
Ga0374809_02_5337_5642	CP000239.1:668841-669264|CDS|CYA_0660	85.153	229	34	0	77	305	194	422	3.86e-70	260
Ga0374809_02_5657_6268	CP000240.1:622508-623096|CDS|CYB_0612	99.138	580	3	1	1	578	1	580	0.0	1021
Ga0374809_02_5657_6268	CP000239.1:669297-669954|CDS|CYA_0661	86.911	573	73	2	16	587	82	653	0.0	689
Ga0374809_02_6349_6471	CP000240.1:623104-624499|CDS|CYB_0613	100.000	123	0	0	1	123	195	73	3.47e-59	223
Ga0374809_02_6349_6471	CP000239.1:670059-671454|CDS|CYA_0662	89.431	123	13	0	1	123	195	73	2.85e-41	164
Ga0374809_02_6542_7672	CP000240.1:623104-624499|CDS|CYB_0613	99.558	1131	4	1	1	1131	266	1395	0.0	2014
Ga0374809_02_6542_7672	CP000239.1:670059-671454|CDS|CYA_0662	87.887	1131	136	1	1	1131	266	1395	0.0	1419
Ga0374809_02_7773_8465	CP000240.1:624599-625292|CDS|CYB_0614	99.278	693	5	0	1	693	1	693	0.0	1228
Ga0374809_02_7773_8465	CP000240.1:592182-593079|CDS|CYB_0585	81.530	693	80	1	1	693	253	897	0.0	712
Ga0374809_02_7773_8465	CP000239.1:877466-878363|CDS|CYA_0871	79.738	686	91	1	1	686	253	890	0.0	650
Ga0374809_02_8462_8734	CP000240.1:625288-625561|CDS|CYB_0615	99.634	273	1	0	1	273	1	273	1.35e-138	489
Ga0374809_02_8462_8734	CP000240.1:592182-593079|CDS|CYB_0585	78.214	280	30	2	1	273	1	256	6.17e-67	250
Ga0374809_02_8462_8734	CP000239.1:877466-878363|CDS|CYA_0871	74.910	279	39	2	1	272	1	255	6.59e-54	207
Ga0374809_02_9595_10266	CP000240.1:626314-626986|CDS|CYB_0618	94.643	672	36	0	1	672	1	672	0.0	1050
Ga0374809_02_9595_10266	CP000239.1:671833-672505|CDS|CYA_0664	89.583	672	70	0	1	672	1	672	0.0	897
Ga0374809_02_10263_12359	CP000240.1:626982-629181|CDS|CYB_0617	99.237	2097	16	0	1	2097	103	2199	0.0	3710
Ga0374809_02_10263_12359	CP000239.1:672501-674634|CDS|CYA_0663	76.534	2118	389	10	1	2097	103	2133	0.0	1632
Ga0374809_02_12729_13259	CP000239.1:675282-676173|CDS|CYA_0665	83.806	494	74	4	28	518	376	866	1.62e-147	518
Ga0374809_02_13259_13600	CP000239.1:675282-676173|CDS|CYA_0665	82.166	314	56	0	5	318	44	357	2.25e-86	315
Ga0374809_02_13957_15771	CP000240.1:631291-633211|CDS|CYB_0623	99.174	1815	15	0	1	1815	106	1920	0.0	3206
Ga0374809_02_13957_15771	CP000239.1:1745845-1747699|CDS|CYA_1741	86.639	1714	226	1	2	1715	68	1778	0.0	2058
Ga0374809_02_15768_16166	CP000240.1:633207-633606|CDS|CYB_0622	99.499	399	2	0	1	399	1	399	0.0	711
Ga0374809_02_15768_16166	CP000239.1:1747941-1748325|CDS|CYA_1742	85.632	348	48	2	1	347	1	347	9.85e-111	396
Ga0374809_02_16676_17566	CP000240.1:634115-635006|CDS|CYB_0624	98.204	891	16	0	1	891	1	891	0.0	1535
Ga0374809_02_16676_17566	CP000239.1:2302544-2303405|CDS|CYA_2300	81.132	848	160	0	1	848	1	848	0.0	809
Ga0374809_02_17635_18384	CP000240.1:635074-635824|CDS|CYB_0625	96.933	750	23	0	1	750	1	750	0.0	1250
Ga0374809_02_17635_18384	CP000239.1:255047-255797|CDS|CYA_0252	78.533	736	158	0	15	750	15	750	1.12e-176	616
Ga0374809_03_247_879	CP000240.1:1432668-1433301|CDS|CYB_1361	94.787	633	33	0	1	633	1	633	0.0	994
Ga0374809_03_247_879	CP000239.1:1142038-1142671|CDS|CYA_1113	84.676	633	97	0	1	633	1	633	0.0	705
Ga0374809_03_1130_1990	CP000240.1:1431557-1432418|CDS|CYB_1360	98.839	861	10	0	1	861	1	861	0.0	1508
Ga0374809_03_2067_2840	CP000240.1:1430707-1431481|CDS|CYB_1359	98.708	774	10	0	1	774	1	774	0.0	1352
Ga0374809_03_2878_3966	CP000240.1:1429581-1430670|CDS|CYB_1358	95.776	1089	46	0	1	1089	1	1089	0.0	1757
Ga0374809_03_2878_3966	CP000239.1:1140937-1142029|CDS|CYA_1112	86.716	1084	144	0	1	1084	1	1084	0.0	1306
Ga0374809_03_5426_6538	CP000240.1:1426848-1427961|CDS|CYB_1357	96.316	1113	41	0	1	1113	1	1113	0.0	1823
Ga0374809_03_5426_6538	CP000239.1:1138773-1139904|CDS|CYA_1111	86.207	1131	138	1	1	1113	1	1131	0.0	1349
Ga0374809_03_6647_7870	CP000240.1:1425513-1426740|CDS|CYB_1356	95.762	1227	49	1	1	1224	1	1227	0.0	1977
Ga0374809_03_6647_7870	CP000239.1:1137367-1138585|CDS|CYA_1110	82.236	1154	201	2	61	1212	40	1191	0.0	1152
Ga0374809_03_8036_9865	CP000240.1:1423512-1425348|CDS|CYB_1355	94.031	1843	90	7	1	1830	1	1836	0.0	2815
Ga0374809_03_8036_9865	CP000239.1:1135413-1137369|CDS|CYA_1109	79.575	1836	316	13	1	1826	166	1952	0.0	1616
Ga0374809_03_10032_10211	CP000240.1:1422602-1423346|CDS|CYB_1354	97.333	150	4	0	31	180	595	744	3.18e-68	253
Ga0374809_03_10032_10211	CP000239.1:2301670-2302414|CDS|CYA_2298	84.667	150	23	0	31	180	595	744	3.63e-42	168
Ga0374809_03_10420_10974	CP000240.1:1422602-1423346|CDS|CYB_1354	98.018	454	9	0	1	454	118	571	0.0	779
Ga0374809_03_10420_10974	CP000239.1:2301670-2302414|CDS|CYA_2298	87.556	450	56	0	1	450	118	567	5.54e-160	560
Ga0374809_03_11345_12226	CP000240.1:1421430-1422348|CDS|CYB_1353	96.712	882	29	0	1	882	37	918	0.0	1461
Ga0374809_03_11345_12226	CP000239.1:2266058-2266988|CDS|CYA_2257	81.924	863	156	0	2	864	38	900	0.0	854
Ga0374809_03_12625_12963	CP000240.1:1420707-1421019|CDS|CYB_1351	100.000	312	0	0	28	339	1	312	2.71e-161	563
Ga0374809_03_12625_12963	CP000239.1:2267108-2267420|CDS|CYA_2258	98.065	310	6	0	28	337	1	310	4.59e-152	533
Ga0374809_03_13017_13766	CP000240.1:1419904-1420654|CDS|CYB_1350	99.867	750	1	0	1	750	1	750	0.0	1349
Ga0374809_03_13017_13766	CP000239.1:2267425-2268175|CDS|CYA_2259	84.893	748	113	0	1	748	1	748	0.0	840
Ga0374809_03_14069_14821	CP000240.1:1419041-1419602|CDS|CYB_1349	98.039	561	11	0	193	753	1	561	0.0	963
Ga0374809_03_14069_14821	CP000239.1:2268270-2269023|CDS|CYA_2260	76.590	739	158	3	18	753	27	753	1.13e-157	554
Ga0374809_03_15072_16058	CP000240.1:1417612-1418506|CDS|CYB_1348	97.539	894	22	0	94	987	1	894	0.0	1514
Ga0374809_04_462_1922	CP000240.1:415812-417465|CDS|CYB_0402	99.658	1461	5	0	1	1461	193	1653	0.0	2613
Ga0374809_04_462_1922	CP000239.1:1842336-1843989|CDS|CYA_1843	98.700	1461	19	0	1	1461	193	1653	0.0	2550
Ga0374809_04_1951_2181	CP000239.1:1844017-1844227|CDS|CYA_1844	100.000	210	0	0	22	231	1	210	4.21e-106	379
Ga0374809_04_1951_2181	CP000240.1:415574-415784|CDS|CYB_0401	99.524	210	1	0	22	231	1	210	1.79e-104	375
Ga0374809_04_2368_3177	CP000239.1:1844476-1845244|CDS|CYA_1845	98.438	768	12	0	43	810	1	768	0.0	1332
Ga0374809_04_2368_3177	CP000240.1:414554-415322|CDS|CYB_0399	97.005	768	23	0	43	810	1	768	0.0	1282
Ga0374809_04_3215_5002	CP000240.1:412729-414517|CDS|CYB_0398	97.819	1788	39	0	1	1788	1	1788	0.0	3049
Ga0374809_04_3215_5002	CP000239.1:1845267-1847055|CDS|CYA_1846	97.371	1788	47	0	1	1788	1	1788	0.0	3013
Ga0374809_04_5019_6236	CP000239.1:1847073-1848795|CDS|CYA_1847	95.033	1208	60	0	1	1208	502	1709	0.0	1909
Ga0374809_04_5019_6236	CP000240.1:410817-412713|CDS|CYB_0397	93.186	1218	59	4	1	1218	703	1896	0.0	1827
Ga0374809_04_5019_6236	CP000239.1:1599798-1601667|CDS|CYA_1591	80.066	1204	193	6	1	1203	709	1866	0.0	1105
Ga0374809_04_7015_7695	CP000240.1:410060-410741|CDS|CYB_0396	97.651	681	16	0	1	681	1	681	0.0	1157
Ga0374809_04_7015_7695	CP000239.1:1599101-1599743|CDS|CYA_1590	80.182	661	95	5	9	669	9	633	1.24e-175	612
Ga0374809_04_7756_8220	CP000240.1:409536-410001|CDS|CYB_0395	96.774	465	15	0	1	465	1	465	0.0	772
Ga0374809_04_7756_8220	CP000239.1:1598578-1599034|CDS|CYA_1589	87.912	455	55	0	11	465	2	456	7.29e-164	573
Ga0374809_04_8265_8891	CP000240.1:408865-409492|CDS|CYB_0394	97.289	627	17	0	1	627	1	627	0.0	1055
Ga0374809_04_8265_8891	CP000239.1:1597901-1598534|CDS|CYA_1588	96.338	628	22	1	1	627	1	628	0.0	1026
Ga0374809_04_8923_9381	CP000240.1:408375-408834|CDS|CYB_0392	91.068	459	41	0	1	459	1	459	0.0	644
Ga0374809_04_8923_9381	CP000239.1:1597435-1597876|CDS|CYA_1586	87.961	407	49	0	53	459	35	441	5.91e-146	514
Ga0374809_04_9289_10659	CP000239.1:1596164-1597439|CDS|CYA_1587	92.459	1273	96	0	1	1273	1	1273	0.0	1864
Ga0374809_04_9289_10659	CP000240.1:407104-408379|CDS|CYB_0393	90.573	1273	120	0	1	1273	1	1273	0.0	1755
Ga0374809_04_11097_11495	CP000239.1:2728529-2728928|CDS|CYA_2709	99.749	399	1	0	1	399	1	399	0.0	716
Ga0374809_04_11097_11495	CP000239.1:1152553-1152952|CDS|CYA_1126	99.749	399	1	0	1	399	1	399	0.0	716
Ga0374809_04_11097_11495	CP000239.1:1013062-1013461|CDS|CYA_0999	99.749	399	1	0	1	399	1	399	0.0	716
Ga0374809_04_11097_11495	CP000239.1:34556-34955|CDS|CYA_0037	99.749	399	1	0	1	399	1	399	0.0	716
Ga0374809_04_11097_11495	CP000239.1:1290362-1291310|CDS|CYA_1279	99.750	400	0	1	1	399	1	400	0.0	714
Ga0374809_04_11097_11495	CP000239.1:1663935-1664334|CDS|CYA_1661	99.499	399	2	0	1	399	1	399	0.0	711
Ga0374809_04_11097_11495	CP000239.1:1300762-1301161|CDS|CYA_1291	99.499	399	2	0	1	399	1	399	0.0	711
Ga0374809_04_11097_11495	CP000239.1:1612111-1613059|CDS|CYA_1604	99.500	400	1	1	1	399	1	400	0.0	710
Ga0374809_04_11097_11495	CP000239.1:1321049-1321982|CDS|CYA_1311	99.500	400	1	1	1	399	1	400	0.0	710
Ga0374809_04_11097_11495	CP000239.1:51699-52647|CDS|CYA_0053	99.500	400	1	1	1	399	1	400	0.0	710
Ga0374809_04_11097_11495	CP000239.1:2862566-2862965|CDS|CYA_2845	99.248	399	3	0	1	399	1	399	0.0	707
Ga0374809_04_11097_11495	CP000239.1:1367794-1368193|CDS|CYA_1358	99.248	399	3	0	1	399	1	399	0.0	707
Ga0374809_04_11097_11495	CP000239.1:2740042-2740447|CDS|CYA_2722	99.248	399	2	1	1	399	1	398	0.0	703
Ga0374809_04_11097_11495	CP000239.1:2026942-2027347|CDS|CYA_2010	99.248	399	2	1	1	399	1	398	0.0	703
Ga0374809_04_11097_11495	CP000239.1:2654240-2654639|CDS|CYA_2639	98.997	399	4	0	1	399	1	399	0.0	702
Ga0374809_04_11097_11495	CP000239.1:2101748-2102147|CDS|CYA_2082	98.747	399	5	0	1	399	1	399	0.0	698
Ga0374809_04_11477_12043	CP000239.1:1152933-1153500|CDS|CYA_1127	100.000	567	0	0	1	567	1	567	0.0	1023
Ga0374809_04_11477_12043	CP000239.1:1012514-1013081|CDS|CYA_0998	100.000	567	0	0	1	567	1	567	0.0	1023
Ga0374809_04_11477_12043	CP000239.1:2653692-2654259|CDS|CYA_2637	99.471	567	3	0	1	567	1	567	0.0	1010
Ga0374809_04_11477_12043	CP000239.1:1290362-1291310|CDS|CYA_1279	99.295	567	4	0	1	567	382	948	0.0	1005
Ga0374809_04_11477_12043	CP000239.1:2728909-2729476|CDS|CYA_2710	99.118	567	5	0	1	567	1	567	0.0	1001
Ga0374809_04_11477_12043	CP000239.1:1612111-1613059|CDS|CYA_1604	98.765	567	7	0	1	567	382	948	0.0	992
Ga0374809_04_11477_12043	CP000239.1:51699-52647|CDS|CYA_0053	98.765	567	7	0	1	567	382	948	0.0	992
Ga0374809_04_11477_12043	CP000239.1:1664315-1664882|CDS|CYA_1662	98.060	567	11	0	1	567	1	567	0.0	974
Ga0374809_04_11477_12043	CP000239.1:1368174-1368741|CDS|CYA_1360	98.060	567	11	0	1	567	1	567	0.0	974
Ga0374809_04_11477_12043	CP000239.1:1300214-1300781|CDS|CYA_1289	98.060	567	11	0	1	567	1	567	0.0	974
Ga0374809_04_11477_12043	CP000239.1:1321049-1321982|CDS|CYA_1311	97.350	566	0	1	2	567	383	933	0.0	963
Ga0374809_04_11477_12043	CP000239.1:2101215-2101767|CDS|CYA_2081	97.002	567	2	1	1	567	1	552	0.0	956
Ga0374809_04_11477_12043	CP000239.1:34936-35488|CDS|CYA_0038	96.649	567	4	1	1	567	1	552	0.0	947
Ga0374809_04_11477_12043	CP000239.1:2863003-2863513|CDS|CYA_2846	99.216	510	4	0	58	567	1	510	0.0	902
Ga0374809_04_12079_12348	CP000240.1:405674-406703|CDS|CYB_0391	96.596	235	8	0	1	235	1	235	9.64e-109	389
Ga0374809_04_12079_12348	CP000239.1:1593437-1594466|CDS|CYA_1584	96.596	235	8	0	1	235	1	235	9.64e-109	389
Ga0374809_04_12388_13605	CP000240.1:629484-630702|CDS|CYB_0620	92.200	1218	95	0	1	1218	1	1218	0.0	1769
Ga0374809_04_12388_13605	CP000240.1:2933473-2934709|CDS|CYB_2835	92.030	1217	95	2	1	1216	1	1216	0.0	1751
Ga0374809_04_12388_13605	CP000240.1:1267756-1268992|CDS|CYB_1227	91.865	1217	97	2	1	1216	1	1216	0.0	1742
Ga0374809_04_12388_13605	CP000239.1:994256-995468|CDS|CYA_0981	91.283	1216	82	1	1	1216	1	1192	0.0	1733
Ga0374809_04_12388_13605	CP000240.1:241642-242836|CDS|CYB_0233	92.261	1150	63	3	1	1149	1	1125	0.0	1683
Ga0374809_04_12388_13605	CP000240.1:2661652-2662870|CDS|CYB_2557	89.372	1242	84	2	1	1218	1	1218	0.0	1680
Ga0374809_04_12388_13605	CP000239.1:629980-631174|CDS|CYA_0620	89.737	1218	101	1	1	1218	1	1194	0.0	1651
Ga0374809_04_12388_13605	CP000240.1:1842322-1843549|CDS|CYB_1759	88.436	1228	94	2	1	1204	1	1204	0.0	1609
Ga0374809_04_12388_13605	CP000240.1:345730-346924|CDS|CYB_0329	90.601	1149	84	1	1	1149	1	1125	0.0	1603
Ga0374809_04_12388_13605	CP000240.1:2619921-2621115|CDS|CYB_2521	88.925	1219	109	3	1	1218	1	1194	0.0	1600
Ga0374809_04_12388_13605	CP000240.1:3008652-3009870|CDS|CYB_2910	88.834	1218	136	0	1	1218	1	1218	0.0	1584
Ga0374809_04_12388_13605	CP000240.1:2565689-2566883|CDS|CYB_2468	90.078	1149	90	1	1	1149	1	1125	0.0	1576
Ga0374809_04_12388_13605	CP000240.1:1384265-1385459|CDS|CYB_1322	90.078	1149	90	1	1	1149	1	1125	0.0	1576
Ga0374809_04_12388_13605	CP000240.1:1244785-1246021|CDS|CYB_1201	87.419	1240	108	2	1	1216	1	1216	0.0	1568
Ga0374809_04_12388_13605	CP000240.1:1521392-1522610|CDS|CYB_1450	88.342	1218	142	0	1	1218	1	1218	0.0	1557
Ga0374809_04_12388_13605	CP000240.1:481588-482800|CDS|CYB_0472	87.839	1217	122	3	1	1216	1	1192	0.0	1538
Ga0374809_04_12388_13605	CP000240.1:638632-639850|CDS|CYB_0630	87.603	1218	151	0	1	1218	1	1218	0.0	1517
Ga0374809_04_12388_13605	CP000239.1:1594889-1596107|CDS|CYA_1585	88.773	1149	105	1	1	1149	1	1125	0.0	1508
Ga0374809_04_12388_13605	CP000240.1:1358129-1359347|CDS|CYB_1297	87.356	1218	154	0	1	1218	1	1218	0.0	1503
Ga0374809_04_12388_13605	CP000239.1:698055-699204|CDS|CYA_0690	87.617	1171	97	2	1	1147	1	1147	0.0	1493
Ga0374809_04_12388_13605	CP000240.1:1316312-1317548|CDS|CYB_1259	86.048	1240	125	2	1	1216	1	1216	0.0	1491
Ga0374809_04_12388_13605	CP000239.1:893439-894633|CDS|CYA_0887	88.425	1149	109	1	1	1149	1	1125	0.0	1490
Ga0374809_04_12388_13605	CP000240.1:1083184-1084426|CDS|CYB_1042	86.071	1242	149	1	1	1218	1	1242	0.0	1478
Ga0374809_04_12388_13605	CP000240.1:1015074-1016268|CDS|CYB_0979	88.164	1149	112	1	1	1149	1	1125	0.0	1477
Ga0374809_04_12388_13605	CP000240.1:1190675-1191869|CDS|CYB_1151	86.628	1219	137	3	1	1218	1	1194	0.0	1474
Ga0374809_04_12388_13605	CP000240.1:605550-606744|CDS|CYB_0598	86.453	1218	141	1	1	1218	1	1194	0.0	1471
Ga0374809_04_12388_13605	CP000240.1:2247371-2248565|CDS|CYB_2147	88.077	1149	113	2	1	1149	1	1125	0.0	1468
Ga0374809_04_12388_13605	CP000240.1:2644164-2645358|CDS|CYB_2538	86.125	1218	145	1	1	1218	1	1194	0.0	1452
Ga0374809_04_12388_13605	CP000239.1:2170714-2171908|CDS|CYA_2158	85.796	1218	149	1	1	1218	1	1194	0.0	1434
Ga0374809_04_12388_13605	CP000240.1:2796782-2798000|CDS|CYB_2707	84.863	1242	140	2	1	1218	1	1218	0.0	1427
Ga0374809_04_12388_13605	CP000240.1:1803089-1804283|CDS|CYB_1722	85.632	1218	151	1	1	1218	1	1194	0.0	1425
Ga0374809_04_12388_13605	CP000240.1:2210858-2212052|CDS|CYB_2117	85.222	1218	156	1	1	1218	1	1194	0.0	1403
Ga0374809_04_12388_13605	CP000240.1:2830275-2831565|CDS|CYB_2735	84.355	1240	153	2	1	1216	1	1223	0.0	1390
Ga0374809_04_12388_13605	CP000240.1:1064975-1066169|CDS|CYB_1023	84.975	1218	159	1	1	1218	1	1194	0.0	1389
Ga0374809_04_12388_13605	CP000239.1:774779-775973|CDS|CYA_0767	84.729	1218	162	1	1	1218	1	1194	0.0	1376
Ga0374809_04_12388_13605	CP000240.1:52430-53648|CDS|CYB_0041	83.897	1242	152	2	1	1218	1	1218	0.0	1373
Ga0374809_04_12388_13605	CP000240.1:2168360-2169515|CDS|CYB_2071	86.024	1152	131	3	1	1149	1	1125	0.0	1366
Ga0374809_04_12388_13605	CP000240.1:1954838-1956056|CDS|CYB_1872	83.736	1242	154	2	1	1218	1	1218	0.0	1364
Ga0374809_04_12388_13605	CP000239.1:712444-713638|CDS|CYA_0704	84.401	1218	166	1	1	1218	1	1194	0.0	1358
Ga0374809_04_12388_13605	CP000240.1:2553363-2554557|CDS|CYB_2454	83.826	1218	173	1	1	1218	1	1194	0.0	1326
Ga0374809_04_12388_13605	CP000240.1:102811-104029|CDS|CYB_0087	84.334	1149	180	0	1	1149	1	1149	0.0	1261
Ga0374809_04_12388_13605	CP000240.1:2506708-2507857|CDS|CYB_2410	80.352	1135	125	5	1	1038	1	1134	0.0	1108
Ga0374809_04_12388_13605	CP000240.1:2219258-2220470|CDS|CYB_2126	78.612	1225	220	9	1	1216	1	1192	0.0	1026
Ga0374809_04_12388_13605	CP000240.1:2128026-2129220|CDS|CYB_2026	79.084	1157	202	9	1	1149	1	1125	0.0	992
Ga0374809_04_12388_13605	CP000239.1:693322-694534|CDS|CYA_0687	77.878	1225	229	9	1	1216	1	1192	0.0	985
Ga0374809_04_12388_13605	CP000240.1:1917270-1918464|CDS|CYB_1826	77.394	1159	218	11	1	1149	1	1125	0.0	900
Ga0374809_04_12388_13605	CP000240.1:1763450-1764623|CDS|CYB_1688	77.308	1159	219	11	1	1149	1	1125	0.0	895
Ga0374809_04_12388_13605	CP000239.1:88305-89487|CDS|CYA_0091	73.258	1148	253	9	1	1139	1	1103	0.0	695
Ga0374809_04_13651_13839	CP000240.1:405674-406703|CDS|CYB_0391	99.468	188	1	0	1	188	259	446	1.25e-92	335
Ga0374809_04_13651_13839	CP000239.1:1593437-1594466|CDS|CYA_1584	97.872	188	4	0	1	188	259	446	7.90e-89	322
Ga0374809_04_14115_14360	CP000240.1:401388-402072|CDS|CYB_0387	100.000	246	0	0	1	246	439	684	1.29e-125	444
Ga0374809_04_14357_14974	CP000240.1:400774-401392|CDS|CYB_0386	99.676	618	2	0	1	618	1	618	0.0	1106
Ga0374809_05_122_913	CP000240.1:2317632-2318424|CDS|CYB_2209	99.747	792	2	0	1	792	1	792	0.0	1420
Ga0374809_05_122_913	CP000239.1:2424055-2424829|CDS|CYA_2412	82.409	739	130	0	34	772	1	739	0.0	747
Ga0374809_05_1314_2150	CP000240.1:2318972-2319650|CDS|CYB_2210	97.050	678	20	0	160	837	1	678	0.0	1133
Ga0374809_05_1314_2150	CP000239.1:1349639-1350317|CDS|CYA_1336	82.866	677	116	0	160	836	1	677	0.0	699
Ga0374809_05_2173_2676	CP000240.1:2319672-2320176|CDS|CYB_2211	97.619	504	12	0	1	504	1	504	0.0	856
Ga0374809_05_2173_2676	CP000239.1:1350318-1350822|CDS|CYA_1337	87.302	504	64	0	1	504	1	504	1.75e-178	621
Ga0374809_05_2916_3833	CP000240.1:2320415-2321315|CDS|CYB_2212	98.333	900	15	0	19	918	1	900	0.0	1556
Ga0374809_05_2916_3833	CP000239.1:1351047-1351947|CDS|CYA_1338	83.796	901	144	2	19	918	1	900	0.0	960
Ga0374809_05_3911_4924	CP000240.1:2321458-2322427|CDS|CYB_2213	96.698	969	29	1	49	1014	1	969	0.0	1602
Ga0374809_05_3911_4924	CP000239.1:1352021-1353053|CDS|CYA_1339	86.108	1015	123	2	1	1012	31	1030	0.0	1203
Ga0374809_05_4952_5947	CP000240.1:2322454-2323450|CDS|CYB_2214	98.795	996	12	0	1	996	1	996	0.0	1743
Ga0374809_05_4952_5947	CP000239.1:1353065-1354061|CDS|CYA_1340	87.123	994	128	0	1	994	1	994	0.0	1216
Ga0374809_05_6071_6355	CP000240.1:2323573-2323858|CDS|CYB_2215	98.940	283	3	0	1	283	1	283	2.74e-141	498
Ga0374809_05_6071_6355	CP000239.1:1354153-1354489|CDS|CYA_1341	89.513	267	28	0	6	272	36	302	6.05e-99	356
Ga0374809_05_6549_7070	CP000240.1:2324030-2324552|CDS|CYB_2216	96.552	522	18	0	1	522	1	522	0.0	861
Ga0374809_05_6549_7070	CP000239.1:1354566-1355088|CDS|CYA_1342	88.314	522	61	0	1	522	1	522	0.0	667
Ga0374809_05_7168_7461	CP000240.1:2324649-2324943|CDS|CYB_2217	97.279	294	8	0	1	294	1	294	9.89e-141	495
Ga0374809_05_7168_7461	CP000239.1:1355155-1355449|CDS|CYA_1343	87.755	294	36	0	1	294	1	294	9.91e-103	369
Ga0374809_05_8118_8756	CP000240.1:2325599-2326238|CDS|CYB_2220	98.748	639	8	0	1	639	1	639	0.0	1117
Ga0374809_05_8118_8756	CP000239.1:1550207-1550846|CDS|CYA_1541	88.394	629	73	0	1	629	1	629	0.0	806
Ga0374809_05_9070_9474	CP000240.1:2326544-2326958|CDS|CYB_2222	99.506	405	2	0	1	405	10	414	0.0	722
Ga0374809_05_9070_9474	CP000239.1:1551103-1551511|CDS|CYA_1542	89.664	387	40	0	1	387	10	396	1.22e-147	518
Ga0374809_05_9816_10580	CP000240.1:2331654-2334060|CDS|CYB_2227	98.759	725	9	0	34	758	1	725	0.0	1268
Ga0374809_05_9816_10580	CP000239.1:1472451-1474845|CDS|CYA_1466	83.172	725	116	3	34	758	1	719	0.0	750
Ga0374809_05_10589_11833	CP000240.1:2329951-2331613|CDS|CYB_2226	99.920	1245	1	0	1	1245	418	1662	0.0	2241
Ga0374809_05_10589_11833	CP000239.1:1470892-1472410|CDS|CYA_1465	79.409	1015	179	3	74	1088	350	1334	0.0	902
Ga0374809_06_5_598	CP000240.1:1509936-1510965|CDS|CYB_1441	97.475	594	15	0	1	594	436	1029	0.0	1004
Ga0374809_06_5_598	CP000239.1:2240055-2241087|CDS|CYA_2224	85.544	588	82	1	1	585	436	1023	0.0	676
Ga0374809_06_729_2369	CP000240.1:1511095-1512736|CDS|CYB_1442	97.319	1641	44	0	1	1641	1	1641	0.0	2762
Ga0374809_06_729_2369	CP000239.1:2238390-2240031|CDS|CYA_2223	88.726	1641	185	0	1	1641	1	1641	0.0	2126
Ga0374809_06_2429_3325	CP000240.1:1512795-1513710|CDS|CYB_1443	95.318	897	21	2	1	897	40	915	0.0	1439
Ga0374809_06_3415_4626	CP000240.1:1954838-1956056|CDS|CYB_1872	93.842	1218	51	1	19	1212	1	1218	0.0	1876
Ga0374809_06_3415_4626	CP000239.1:2170714-2171908|CDS|CYA_2158	94.807	1194	62	0	19	1212	1	1194	0.0	1874
Ga0374809_06_3415_4626	CP000240.1:1803089-1804283|CDS|CYB_1722	94.305	1194	68	0	19	1212	1	1194	0.0	1847
Ga0374809_06_3415_4626	CP000240.1:2796782-2798000|CDS|CYB_2707	93.103	1218	60	1	19	1212	1	1218	0.0	1836
Ga0374809_06_3415_4626	CP000240.1:1083184-1084426|CDS|CYB_1042	91.546	1242	57	2	19	1212	1	1242	0.0	1801
Ga0374809_06_3415_4626	CP000240.1:2168360-2169515|CDS|CYB_2071	95.225	1131	54	0	19	1149	1	1131	0.0	1797
Ga0374809_06_3415_4626	CP000239.1:712444-713638|CDS|CYA_0704	93.300	1194	80	0	19	1212	1	1194	0.0	1793
Ga0374809_06_3415_4626	CP000239.1:774779-775973|CDS|CYA_0767	92.881	1194	85	0	19	1212	1	1194	0.0	1771
Ga0374809_06_3415_4626	CP000240.1:2644164-2645358|CDS|CYB_2538	92.714	1194	87	0	19	1212	1	1194	0.0	1762
Ga0374809_06_3415_4626	CP000240.1:52430-53648|CDS|CYB_0041	91.051	1218	85	1	19	1212	1	1218	0.0	1723
Ga0374809_06_3415_4626	CP000239.1:629980-631174|CDS|CYA_0620	91.960	1194	96	0	19	1212	1	1194	0.0	1721
Ga0374809_06_3415_4626	CP000240.1:2210858-2212052|CDS|CYB_2117	91.792	1194	98	0	19	1212	1	1194	0.0	1712
Ga0374809_06_3415_4626	CP000240.1:1190675-1191869|CDS|CYB_1151	91.799	1195	96	2	19	1212	1	1194	0.0	1707
Ga0374809_06_3415_4626	CP000240.1:2553363-2554557|CDS|CYB_2454	91.457	1194	102	0	19	1212	1	1194	0.0	1694
Ga0374809_06_3415_4626	CP000240.1:3008652-3009870|CDS|CYB_2910	90.476	1218	92	1	19	1212	1	1218	0.0	1691
Ga0374809_06_3415_4626	CP000240.1:638632-639850|CDS|CYB_0630	89.655	1218	102	1	19	1212	1	1218	0.0	1646
Ga0374809_06_3415_4626	CP000240.1:2830275-2831565|CDS|CYB_2735	88.468	1240	78	3	19	1210	1	1223	0.0	1637
Ga0374809_06_3415_4626	CP000240.1:1521392-1522610|CDS|CYB_1450	89.409	1218	105	1	19	1212	1	1218	0.0	1633
Ga0374809_06_3415_4626	CP000240.1:1358129-1359347|CDS|CYB_1297	88.834	1218	112	1	19	1212	1	1218	0.0	1601
Ga0374809_06_3415_4626	CP000240.1:1064975-1066169|CDS|CYB_1023	89.196	1194	129	0	19	1212	1	1194	0.0	1572
Ga0374809_06_3415_4626	CP000240.1:2247371-2248565|CDS|CYB_2147	89.832	1131	115	0	19	1149	1	1131	0.0	1522
Ga0374809_06_3415_4626	CP000240.1:481588-482800|CDS|CYB_0472	88.265	1193	138	2	19	1210	1	1192	0.0	1514
Ga0374809_06_3415_4626	CP000240.1:1316312-1317548|CDS|CYB_1259	87.089	1216	133	1	19	1210	1	1216	0.0	1503
Ga0374809_06_3415_4626	CP000240.1:2619921-2621115|CDS|CYB_2521	87.699	1195	145	2	19	1212	1	1194	0.0	1486
Ga0374809_06_3415_4626	CP000240.1:2661652-2662870|CDS|CYB_2557	86.371	1218	142	1	19	1212	1	1218	0.0	1466
Ga0374809_06_3415_4626	CP000239.1:1594889-1596107|CDS|CYA_1585	88.683	1131	128	0	19	1149	1	1131	0.0	1463
Ga0374809_06_3415_4626	CP000240.1:1267756-1268992|CDS|CYB_1227	86.360	1217	140	3	19	1210	1	1216	0.0	1457
Ga0374809_06_3415_4626	CP000240.1:629484-630702|CDS|CYB_0620	86.159	1221	139	3	19	1212	1	1218	0.0	1454
Ga0374809_06_3415_4626	CP000240.1:1244785-1246021|CDS|CYB_1201	85.609	1216	151	1	19	1210	1	1216	0.0	1422
Ga0374809_06_3415_4626	CP000240.1:2933473-2934709|CDS|CYB_2835	85.364	1223	141	7	19	1210	1	1216	0.0	1402
Ga0374809_06_3415_4626	CP000240.1:241642-242836|CDS|CYB_0233	86.661	1132	149	2	19	1149	1	1131	0.0	1354
Ga0374809_06_3415_4626	CP000239.1:994256-995468|CDS|CYA_0981	85.151	1192	177	0	19	1210	1	1192	0.0	1352
Ga0374809_06_3415_4626	CP000240.1:102811-104029|CDS|CYB_0087	85.368	1155	145	1	19	1149	1	1155	0.0	1339
Ga0374809_06_3415_4626	CP000240.1:605550-606744|CDS|CYB_0598	84.757	1194	182	0	19	1212	1	1194	0.0	1333
Ga0374809_06_3415_4626	CP000239.1:893439-894633|CDS|CYA_0887	86.299	1124	148	2	19	1139	1	1121	0.0	1330
Ga0374809_06_3415_4626	CP000240.1:1842322-1843549|CDS|CYB_1759	83.430	1207	170	3	19	1198	1	1204	0.0	1289
Ga0374809_06_3415_4626	CP000240.1:1384265-1385459|CDS|CYB_1322	84.881	1131	171	0	19	1149	1	1131	0.0	1269
Ga0374809_06_3415_4626	CP000239.1:698055-699204|CDS|CYA_0690	84.206	1146	157	1	19	1140	1	1146	0.0	1269
Ga0374809_06_3415_4626	CP000240.1:1015074-1016268|CDS|CYB_0979	84.832	1134	166	2	19	1149	1	1131	0.0	1267
Ga0374809_06_3415_4626	CP000240.1:2128026-2129220|CDS|CYB_2026	84.345	1137	166	7	19	1149	1	1131	0.0	1228
Ga0374809_06_3415_4626	CP000240.1:345730-346924|CDS|CYB_0329	84.039	1134	175	2	19	1149	1	1131	0.0	1226
Ga0374809_06_3415_4626	CP000239.1:693322-694534|CDS|CYA_0687	82.456	1197	200	5	19	1210	1	1192	0.0	1199
Ga0374809_06_3415_4626	CP000240.1:2565689-2566883|CDS|CYB_2468	83.378	1131	188	0	19	1149	1	1131	0.0	1193
Ga0374809_06_3415_4626	CP000240.1:2219258-2220470|CDS|CYB_2126	81.871	1197	207	5	19	1210	1	1192	0.0	1168
Ga0374809_06_3415_4626	CP000240.1:1763450-1764623|CDS|CYB_1688	81.970	1137	193	7	19	1149	1	1131	0.0	1106
Ga0374809_06_3415_4626	CP000240.1:1917270-1918464|CDS|CYB_1826	81.091	1137	203	7	19	1149	1	1131	0.0	1061
Ga0374809_06_3415_4626	CP000240.1:2506708-2507857|CDS|CYB_2410	76.652	1135	143	7	19	1032	1	1134	0.0	931
Ga0374809_06_3415_4626	CP000239.1:88305-89487|CDS|CYA_0091	74.396	1117	260	5	24	1133	6	1103	0.0	727
Ga0374809_06_4825_5193	CP000240.1:1513961-1514243|CDS|CYB_1444	95.035	282	14	0	88	369	1	282	5.72e-126	446
Ga0374809_06_5550_7391	CP000240.1:1514302-1516441|CDS|CYB_1445	98.154	1842	34	0	1	1842	298	2139	0.0	3169
Ga0374809_06_5550_7391	CP000239.1:2233249-2235388|CDS|CYA_2218	88.871	1842	205	0	1	1842	298	2139	0.0	2398
Ga0374809_06_7723_9753	CP000240.1:1516616-1518803|CDS|CYB_1446	97.538	2031	50	0	1	2031	157	2187	0.0	3438
Ga0374809_06_7723_9753	CP000239.1:2231059-2233144|CDS|CYA_2217	83.550	1842	271	7	189	2029	273	2083	0.0	1954
Ga0374809_06_10333_10554	CP000240.1:1519382-1519604|CDS|CYB_1447	97.297	222	6	0	1	222	1	222	1.71e-104	374
Ga0374809_06_10333_10554	CP000239.1:136942-137164|CDS|CYA_0142	86.047	215	30	0	1	215	1	215	4.03e-68	253
Ga0374809_06_10754_11236	CP000240.1:1519800-1520283|CDS|CYB_1448	96.894	483	15	0	1	483	1	483	0.0	804
Ga0374809_06_10754_11236	CP000239.1:138936-139419|CDS|CYA_0144	89.286	476	51	0	1	476	1	476	1.13e-180	629
Ga0374809_06_11304_12242	CP000240.1:1520350-1521286|CDS|CYB_1449	97.436	936	24	0	4	939	1	936	0.0	1581
Ga0374809_06_11304_12242	CP000239.1:139455-140352|CDS|CYA_0145	83.449	864	143	0	37	900	19	882	0.0	914
Ga0374809_07_13_786	CP000240.1:358766-360056|CDS|CYB_0340	96.286	754	28	0	1	754	487	1240	0.0	1234
Ga0374809_07_13_786	CP000239.1:1717993-1719319|CDS|CYA_1709	88.034	585	70	0	1	585	742	1326	0.0	740
Ga0374809_07_764_1015	CP000239.1:1715834-1716260|CDS|CYA_1707	87.448	239	30	0	1	239	169	407	4.34e-81	297
Ga0374809_07_1661_2788	CP000240.1:356718-357846|CDS|CYB_0338	95.567	1128	50	0	1	1128	1	1128	0.0	1810
Ga0374809_07_1661_2788	CP000239.1:1005260-1006382|CDS|CYA_0992	86.642	1093	146	0	17	1109	11	1103	0.0	1314
Ga0374809_07_2813_3742	CP000240.1:355764-356694|CDS|CYB_0337	99.892	930	1	0	1	930	1	930	0.0	1673
Ga0374809_07_2813_3742	CP000239.1:1004331-1005240|CDS|CYA_0991	84.838	897	134	2	29	924	11	906	0.0	998
Ga0374809_07_4003_5124	CP000240.1:354382-355504|CDS|CYB_0336	98.841	1122	13	0	1	1122	1	1122	0.0	1966
Ga0374809_07_4003_5124	CP000239.1:1002933-1004052|CDS|CYA_0990	87.166	1122	141	1	1	1122	1	1119	0.0	1373
Ga0374809_07_5252_5560	CP000240.1:353346-354255|CDS|CYB_0335	99.676	309	1	0	1	309	601	909	4.43e-158	554
Ga0374809_07_5252_5560	CP000239.1:1001744-1002821|CDS|CYA_0989	85.667	300	41	2	1	299	769	1067	5.07e-94	341
Ga0374809_07_6513_7793	CP000240.1:351714-352995|CDS|CYB_0334	99.610	1281	5	0	1	1281	1	1281	0.0	2288
Ga0374809_07_6513_7793	CP000239.1:1000283-1001570|CDS|CYA_0986	94.872	1287	60	1	1	1281	1	1287	0.0	2025
Ga0374809_07_8190_9230	CP000239.1:998870-999911|CDS|CYA_0985	97.983	1041	21	0	1	1041	1	1041	0.0	1783
Ga0374809_07_8190_9230	CP000240.1:350301-351342|CDS|CYB_0333	97.791	1041	23	0	1	1041	1	1041	0.0	1774
Ga0374809_07_9339_10301	CP000239.1:997797-998757|CDS|CYA_0984	97.612	963	20	1	1	963	1	960	0.0	1632
Ga0374809_07_9339_10301	CP000240.1:349222-350188|CDS|CYB_0332	96.388	969	26	2	1	963	1	966	0.0	1590
Ga0374809_07_10426_11577	CP000239.1:996508-997660|CDS|CYA_0983	96.875	1152	36	0	1	1152	1	1152	0.0	1916
Ga0374809_07_10426_11577	CP000240.1:347946-349098|CDS|CYB_0331	96.788	1152	37	0	1	1152	1	1152	0.0	1911
Ga0374809_08_201_659	CP000240.1:1605870-1606329|CDS|CYB_1529	99.782	459	1	0	1	459	1	459	0.0	824
Ga0374809_08_749_3097	CP000240.1:1606418-1608770|CDS|CYB_1530	93.920	2352	140	1	1	2349	1	2352	0.0	3596
Ga0374809_08_3689_4483	CP000240.1:1609361-1610156|CDS|CYB_1534	98.868	795	9	0	1	795	1	795	0.0	1394
Ga0374809_08_3689_4483	CP000239.1:1638376-1639180|CDS|CYA_1638	87.626	792	92	1	1	786	1	792	0.0	988
Ga0374809_08_4643_5419	CP000240.1:1610315-1611092|CDS|CYB_1535	98.713	777	10	0	1	777	1	777	0.0	1357
Ga0374809_08_4643_5419	CP000239.1:1639355-1640204|CDS|CYA_1639	88.434	709	82	0	1	709	1	709	0.0	910
Ga0374809_08_5642_7057	CP000240.1:1611314-1612730|CDS|CYB_1536	96.380	1409	51	0	1	1409	1	1409	0.0	2312
Ga0374809_08_5642_7057	CP000239.1:1640410-1641823|CDS|CYA_1640	85.826	1404	196	2	13	1416	13	1413	0.0	1629
Ga0374809_08_7072_8061	CP000240.1:1612786-1613734|CDS|CYB_1537	94.831	948	49	0	43	990	1	948	0.0	1489
Ga0374809_08_7072_8061	CP000239.1:1641846-1642875|CDS|CYA_1641	86.715	971	129	0	9	979	6	976	0.0	1170
Ga0374809_08_8773_10149	CP000240.1:1615212-1616532|CDS|CYB_1539	96.591	1320	45	0	58	1377	1	1320	0.0	2178
Ga0374809_08_8773_10149	CP000239.1:1646276-1647641|CDS|CYA_1647	79.971	1383	253	6	1	1377	1	1365	0.0	1241
Ga0374809_08_10891_12132	CP000240.1:1617329-1619612|CDS|CYB_1543	97.262	1242	34	0	1	1242	1042	2283	0.0	2087
Ga0374809_08_10891_12132	CP000239.1:1954757-1957040|CDS|CYA_1944	86.887	1243	161	2	1	1242	1042	2283	0.0	1500
Ga0374809_09_927_1700	CP000240.1:187661-188435|CDS|CYB_0175	99.612	774	3	0	1	774	1	774	0.0	1383
Ga0374809_09_1709_2836	CP000240.1:188443-189625|CDS|CYB_0176	97.074	1128	33	0	1	1128	55	1182	0.0	1886
Ga0374809_09_1709_2836	CP000239.1:968097-969234|CDS|CYA_0955	85.714	1127	161	0	2	1128	11	1137	0.0	1307
Ga0374809_09_3044_3391	CP000240.1:189778-190126|CDS|CYB_0177	97.414	348	9	0	1	348	1	348	2.44e-168	588
Ga0374809_09_3471_4295	CP000240.1:190205-191030|CDS|CYB_0178	97.697	825	19	0	1	825	1	825	0.0	1403
Ga0374809_09_3471_4295	CP000239.1:966735-967527|CDS|CYA_0953	83.119	776	128	1	1	773	1	776	0.0	808
Ga0374809_09_4573_5745	CP000240.1:95175-96330|CDS|CYB_0081	98.009	1155	23	0	19	1173	1	1155	0.0	1980
Ga0374809_09_4573_5745	CP000240.1:269596-270751|CDS|CYB_0258	96.797	1155	37	0	19	1173	1	1155	0.0	1917
Ga0374809_09_4573_5745	CP000240.1:2789871-2791026|CDS|CYB_2701	96.190	1155	44	0	19	1173	1	1155	0.0	1885
Ga0374809_09_4573_5745	CP000240.1:1235562-1236717|CDS|CYB_1195	96.104	1155	45	0	19	1173	1	1155	0.0	1881
Ga0374809_09_4573_5745	CP000240.1:559712-560867|CDS|CYB_0548	95.844	1155	48	0	19	1173	1	1155	0.0	1867
Ga0374809_09_4573_5745	CP000240.1:2745261-2746416|CDS|CYB_2657	95.325	1155	54	0	19	1173	1	1155	0.0	1840
Ga0374809_09_4573_5745	CP000240.1:1824951-1826106|CDS|CYB_1742	95.325	1155	54	0	19	1173	1	1155	0.0	1840
Ga0374809_09_5867_6451	CP000240.1:191203-192235|CDS|CYB_0179	95.385	585	27	0	1	585	448	1032	0.0	934
Ga0374809_09_6461_8233	CP000240.1:192244-194026|CDS|CYB_0180	95.031	1771	88	0	1	1771	10	1780	0.0	2798
Ga0374809_09_6461_8233	CP000239.1:964841-966620|CDS|CYA_0952	86.067	1744	234	3	10	1750	19	1756	0.0	2045
Ga0374809_09_8396_10069	CP000240.1:194179-196207|CDS|CYB_0181	97.372	1674	44	0	1	1674	355	2028	0.0	2821
Ga0374809_09_8396_10069	CP000239.1:962730-964725|CDS|CYA_0951	84.170	1674	265	0	1	1674	322	1995	0.0	1825
Ga0374809_10_1539_2669	CP000240.1:342763-343864|CDS|CYB_0326	95.459	1101	50	0	31	1131	1	1101	0.0	1761
Ga0374809_10_1539_2669	CP000239.1:1540473-1541559|CDS|CYA_1529	79.359	1061	211	4	50	1109	11	1064	0.0	916
Ga0374809_10_2708_3730	CP000240.1:341669-342692|CDS|CYB_0325	97.458	1023	26	0	1	1023	1	1023	0.0	1728
Ga0374809_10_2708_3730	CP000239.1:1539401-1540394|CDS|CYA_1528	84.226	989	156	0	1	989	1	989	0.0	1081
Ga0374809_10_3937_4902	CP000240.1:340497-341463|CDS|CYB_0324	99.172	966	8	0	1	966	1	966	0.0	1707
Ga0374809_10_3937_4902	CP000239.1:1538228-1539197|CDS|CYA_1526	86.246	967	130	1	1	964	1	967	0.0	1143
Ga0374809_10_4915_5454	CP000240.1:339945-340485|CDS|CYB_0323	99.815	540	1	0	1	540	1	540	0.0	970
Ga0374809_10_4915_5454	CP000239.1:1537656-1538217|CDS|CYA_1525	83.080	526	89	0	11	536	14	539	3.40e-156	548
Ga0374809_10_5656_7584	CP000240.1:337815-339744|CDS|CYB_0322	97.356	1929	51	0	1	1929	1	1929	0.0	3250
Ga0374809_10_5656_7584	CP000239.1:1535546-1537475|CDS|CYA_1523	86.597	1925	258	0	1	1925	1	1925	0.0	2309
Ga0374809_10_7807_8418	CP000240.1:337001-337604|CDS|CYB_0321	98.673	603	8	0	10	612	1	603	0.0	1052
Ga0374809_10_7807_8418	CP000239.1:1284500-1285112|CDS|CYA_1269	84.426	610	95	0	1	610	1	610	0.0	673
Ga0374809_10_8461_8829	CP000240.1:336590-336959|CDS|CYB_0319	98.103	369	7	0	1	369	1	369	0.0	635
Ga0374809_10_8461_8829	CP000239.1:1284111-1284456|CDS|CYA_1267	90.303	330	32	0	16	345	1	330	1.34e-127	452
Ga0374809_10_8807_9460	CP000240.1:334258-336613|CDS|CYB_0320	87.572	692	41	8	1	653	1669	2354	0.0	866
Ga0374809_10_8807_9460	CP000239.1:1281925-1284115|CDS|CYA_1268	72.535	568	90	7	1	550	1621	2140	2.15e-96	350
Ga0374809_11_272_946	CP000240.1:364016-364817|CDS|CYB_0345	97.926	675	14	0	1	675	127	801	0.0	1155
Ga0374809_11_272_946	CP000239.1:1722401-1723214|CDS|CYA_1715	74.107	672	156	7	2	667	128	787	2.22e-115	413
Ga0374809_11_1069_1500	CP000240.1:364813-365245|CDS|CYB_0346	97.917	432	9	0	1	432	1	432	0.0	739
Ga0374809_11_1069_1500	CP000239.1:1723210-1723624|CDS|CYA_1716	84.392	378	59	0	2	379	2	379	1.14e-116	416
Ga0374809_11_1986_2843	CP000240.1:365637-366588|CDS|CYB_0347	97.086	858	25	0	1	858	94	951	0.0	1435
Ga0374809_11_1986_2843	CP000239.1:500692-501478|CDS|CYA_0483	73.791	786	204	2	74	858	2	786	1.91e-136	482
Ga0374809_11_2865_3254	CP000240.1:366609-366999|CDS|CYB_0348	96.923	390	12	0	1	390	1	390	0.0	650
Ga0374809_11_2865_3254	CP000239.1:500299-500689|CDS|CYA_0482	87.949	390	47	0	1	390	1	390	1.63e-139	492
Ga0374809_11_3337_4242	CP000240.1:367080-367986|CDS|CYB_0349	99.007	906	9	0	1	906	1	906	0.0	1594
Ga0374809_11_3337_4242	CP000239.1:499315-500221|CDS|CYA_0481	87.528	906	113	0	1	906	1	906	0.0	1125
Ga0374809_11_4472_5332	CP000240.1:368128-369076|CDS|CYB_0350	98.839	861	10	0	1	861	88	948	0.0	1508
Ga0374809_11_4472_5332	CP000239.1:498263-499196|CDS|CYA_0480	82.771	859	148	0	2	860	74	932	0.0	883
Ga0374809_11_5610_5975	CP000240.1:369352-369718|CDS|CYB_0352	98.634	366	5	0	1	366	1	366	0.0	638
Ga0374809_11_5610_5975	CP000239.1:497586-497952|CDS|CYA_0479	81.944	360	65	0	1	360	1	360	7.88e-99	357
Ga0374809_11_6116_7525	CP000240.1:532981-534160|CDS|CYB_0518	98.080	1094	21	0	1	1094	1	1094	0.0	1879
Ga0374809_11_6116_7525	CP000240.1:2368187-2369462|CDS|CYB_2263	97.898	1094	23	0	1	1094	1	1094	0.0	1870
Ga0374809_11_6116_7525	CP000240.1:3023196-3024534|CDS|CYB_2925	97.532	1094	27	0	1	1094	1	1094	0.0	1852
Ga0374809_11_6116_7525	CP000240.1:2804325-2806095|CDS|CYB_2714	97.441	1094	28	0	1	1094	1	1094	0.0	1847
Ga0374809_11_6116_7525	CP000240.1:369858-371220|CDS|CYB_0353	97.166	1094	31	0	1	1094	1	1094	0.0	1834
Ga0374809_11_6116_7525	CP000240.1:260888-262250|CDS|CYB_0247	97.164	1093	31	0	2	1094	2	1094	0.0	1832
Ga0374809_11_6116_7525	CP000240.1:842717-843944|CDS|CYB_0814	96.984	1094	33	0	1	1094	1	1094	0.0	1825
Ga0374809_11_7879_8970	CP000240.1:3021851-3022943|CDS|CYB_2924	98.718	1092	14	0	1	1092	1	1092	0.0	1907
Ga0374809_11_7879_8970	CP000239.1:22083-23175|CDS|CYA_0024	84.799	1092	166	0	1	1092	1	1092	0.0	1222
Ga0374809_12_2852_3004	CP000240.1:1682948-1683191|CDS|CYB_1610	99.346	153	1	0	1	153	165	13	9.90e-74	272
Ga0374809_12_2939_3124	CP000240.1:1682948-1683191|CDS|CYB_1610	95.714	140	5	1	1	139	100	239	5.59e-59	223
Ga0374809_12_3184_4890	CP000240.1:1683281-1684988|CDS|CYB_1611	95.958	1707	69	0	1	1707	1	1707	0.0	2768
Ga0374809_12_3184_4890	CP000239.1:1420984-1422682|CDS|CYA_1414	87.964	1670	201	0	38	1707	29	1698	0.0	2106
Ga0374809_12_4960_5799	CP000240.1:1685057-1685897|CDS|CYB_1612	94.762	840	44	0	1	840	1	840	0.0	1317
Ga0374809_12_4960_5799	CP000239.1:1420077-1420917|CDS|CYA_1413	86.412	839	114	0	1	839	1	839	0.0	1000
Ga0374809_12_5927_7561	CP000239.1:1416274-1417909|CDS|CYA_1411	92.783	1635	118	0	1	1635	1	1635	0.0	2417
Ga0374809_12_5927_7561	CP000240.1:1686155-1687736|CDS|CYB_1613	85.560	1579	228	0	55	1633	1	1579	0.0	1820
Ga0374809_12_5927_7561	CP000239.1:1418353-1419934|CDS|CYA_1412	85.560	1579	228	0	55	1633	1	1579	0.0	1820
Ga0374809_12_7807_7878	CP000240.1:1687950-1688121|CDS|CYB_1614	100.000	72	0	0	1	72	32	103	8.51e-32	131
Ga0374809_12_7919_9082	CP000240.1:1688131-1689295|CDS|CYB_1616	95.619	1164	51	0	1	1164	1	1164	0.0	1870
Ga0374809_12_7919_9082	CP000239.1:1414753-1415917|CDS|CYA_1409	91.255	1155	101	0	10	1164	10	1164	0.0	1628
Ga0374809_13_1928_3028	CP000240.1:2875216-2876317|CDS|CYB_2780	99.183	1101	9	0	1	1101	1	1101	0.0	1946
Ga0374809_13_1928_3028	CP000239.1:122378-123428|CDS|CYA_0129	85.590	1034	134	2	68	1101	32	1050	0.0	1198
Ga0374809_13_3476_5398	CP000240.1:2872846-2874769|CDS|CYB_2779	97.400	1923	50	0	1	1923	1	1923	0.0	3243
Ga0374809_13_3476_5398	CP000239.1:119961-121887|CDS|CYA_0128	90.677	1920	179	0	1	1920	1	1920	0.0	2656
Ga0374809_13_5813_7006	CP000240.1:2644164-2645358|CDS|CYB_2538	94.054	1194	71	0	1	1194	1	1194	0.0	1834
Ga0374809_13_5813_7006	CP000240.1:1190675-1191869|CDS|CYB_1151	93.975	1195	70	2	1	1194	1	1194	0.0	1824
Ga0374809_13_5813_7006	CP000240.1:52430-53648|CDS|CYB_0041	92.693	1218	65	1	1	1194	1	1218	0.0	1813
Ga0374809_13_5813_7006	CP000240.1:1803089-1804283|CDS|CYB_1722	93.467	1194	78	0	1	1194	1	1194	0.0	1802
Ga0374809_13_5813_7006	CP000240.1:2210858-2212052|CDS|CYB_2117	93.049	1194	83	0	1	1194	1	1194	0.0	1780
Ga0374809_13_5813_7006	CP000239.1:712444-713638|CDS|CYA_0704	92.965	1194	84	0	1	1194	1	1194	0.0	1775
Ga0374809_13_5813_7006	CP000240.1:1064975-1066169|CDS|CYB_1023	92.546	1194	89	0	1	1194	1	1194	0.0	1753
Ga0374809_13_5813_7006	CP000240.1:638632-639850|CDS|CYB_0630	91.379	1218	81	1	1	1194	1	1218	0.0	1741
Ga0374809_13_5813_7006	CP000240.1:1521392-1522610|CDS|CYB_1450	90.640	1218	90	1	1	1194	1	1218	0.0	1700
Ga0374809_13_5813_7006	CP000240.1:3008652-3009870|CDS|CYB_2910	90.476	1218	92	1	1	1194	1	1218	0.0	1691
Ga0374809_13_5813_7006	CP000240.1:2796782-2798000|CDS|CYB_2707	90.394	1218	93	1	1	1194	1	1218	0.0	1687
Ga0374809_13_5813_7006	CP000240.1:1358129-1359347|CDS|CYB_1297	90.394	1218	93	1	1	1194	1	1218	0.0	1687
Ga0374809_13_5813_7006	CP000240.1:1954838-1956056|CDS|CYB_1872	89.163	1218	108	1	1	1194	1	1218	0.0	1619
Ga0374809_13_5813_7006	CP000239.1:2170714-2171908|CDS|CYA_2158	90.034	1194	119	0	1	1194	1	1194	0.0	1618
Ga0374809_13_5813_7006	CP000240.1:1083184-1084426|CDS|CYB_1042	88.003	1242	101	2	1	1194	1	1242	0.0	1603
Ga0374809_13_5813_7006	CP000239.1:1594889-1596107|CDS|CYA_1585	91.424	1131	97	0	1	1131	1	1131	0.0	1603
Ga0374809_13_5813_7006	CP000239.1:774779-775973|CDS|CYA_0767	89.615	1194	124	0	1	1194	1	1194	0.0	1595
Ga0374809_13_5813_7006	CP000240.1:2168360-2169515|CDS|CYB_2071	90.981	1131	102	0	1	1131	1	1131	0.0	1581
Ga0374809_13_5813_7006	CP000239.1:629980-631174|CDS|CYA_0620	89.112	1194	130	0	1	1194	1	1194	0.0	1568
Ga0374809_13_5813_7006	CP000240.1:481588-482800|CDS|CYB_0472	89.103	1193	128	2	1	1192	1	1192	0.0	1559
Ga0374809_13_5813_7006	CP000240.1:2830275-2831565|CDS|CYB_2735	87.016	1240	96	3	1	1192	1	1223	0.0	1556
Ga0374809_13_5813_7006	CP000240.1:2247371-2248565|CDS|CYB_2147	90.451	1131	108	0	1	1131	1	1131	0.0	1553
Ga0374809_13_5813_7006	CP000240.1:1316312-1317548|CDS|CYB_1259	87.418	1216	129	1	1	1192	1	1216	0.0	1521
Ga0374809_13_5813_7006	CP000240.1:102811-104029|CDS|CYB_0087	88.658	1155	107	1	1	1131	1	1155	0.0	1510
Ga0374809_13_5813_7006	CP000240.1:2553363-2554557|CDS|CYB_2454	87.940	1194	144	0	1	1194	1	1194	0.0	1505
Ga0374809_13_5813_7006	CP000239.1:994256-995468|CDS|CYA_0981	87.584	1192	148	0	1	1192	1	1192	0.0	1483
Ga0374809_13_5813_7006	CP000240.1:1015074-1016268|CDS|CYB_0979	88.240	1131	133	0	1	1131	1	1131	0.0	1441
Ga0374809_13_5813_7006	CP000240.1:1842322-1843549|CDS|CYB_1759	86.070	1206	140	3	1	1180	1	1204	0.0	1430
Ga0374809_13_5813_7006	CP000240.1:2619921-2621115|CDS|CYB_2521	86.527	1195	159	2	1	1194	1	1194	0.0	1423
Ga0374809_13_5813_7006	CP000239.1:893439-894633|CDS|CYA_0887	87.887	1131	137	0	1	1131	1	1131	0.0	1423
Ga0374809_13_5813_7006	CP000240.1:1244785-1246021|CDS|CYB_1201	85.115	1216	157	1	1	1192	1	1216	0.0	1395
Ga0374809_13_5813_7006	CP000240.1:2661652-2662870|CDS|CYB_2557	85.057	1218	158	1	1	1194	1	1218	0.0	1394
Ga0374809_13_5813_7006	CP000240.1:629484-630702|CDS|CYB_0620	84.729	1218	162	1	1	1194	1	1218	0.0	1376
Ga0374809_13_5813_7006	CP000240.1:1267756-1268992|CDS|CYB_1227	84.059	1217	168	3	1	1192	1	1216	0.0	1331
Ga0374809_13_5813_7006	CP000240.1:605550-606744|CDS|CYB_0598	84.171	1194	189	0	1	1194	1	1194	0.0	1302
Ga0374809_13_5813_7006	CP000240.1:241642-242836|CDS|CYB_0233	85.601	1132	161	2	1	1131	1	1131	0.0	1300
Ga0374809_13_5813_7006	CP000240.1:2933473-2934709|CDS|CYB_2835	83.429	1219	172	5	1	1192	1	1216	0.0	1293
Ga0374809_13_5813_7006	CP000240.1:1384265-1385459|CDS|CYB_1322	85.146	1131	168	0	1	1131	1	1131	0.0	1283
Ga0374809_13_5813_7006	CP000240.1:345730-346924|CDS|CYB_0329	85.146	1131	168	0	1	1131	1	1131	0.0	1283
Ga0374809_13_5813_7006	CP000239.1:698055-699204|CDS|CYA_0690	83.697	1147	163	1	1	1123	1	1147	0.0	1243
Ga0374809_13_5813_7006	CP000240.1:2565689-2566883|CDS|CYB_2468	84.262	1131	178	0	1	1131	1	1131	0.0	1238
Ga0374809_13_5813_7006	CP000240.1:2128026-2129220|CDS|CYB_2026	81.834	1134	200	5	1	1131	1	1131	0.0	1100
Ga0374809_13_5813_7006	CP000239.1:693322-694534|CDS|CYA_0687	78.978	1194	247	3	1	1192	1	1192	0.0	1012
Ga0374809_13_5813_7006	CP000240.1:2219258-2220470|CDS|CYB_2126	78.811	1194	249	3	1	1192	1	1192	0.0	1003
Ga0374809_13_5813_7006	CP000240.1:1763450-1764623|CDS|CYB_1688	78.924	1134	233	5	1	1131	1	1131	0.0	951
Ga0374809_13_5813_7006	CP000240.1:1917270-1918464|CDS|CYB_1826	78.219	1134	241	5	1	1131	1	1131	0.0	915
Ga0374809_13_5813_7006	CP000240.1:2506708-2507857|CDS|CYB_2410	75.507	1135	156	6	1	1014	1	1134	0.0	877
Ga0374809_13_5813_7006	CP000239.1:88305-89487|CDS|CYA_0091	76.276	1117	239	6	6	1115	6	1103	0.0	817
Ga0374809_13_7490_7735	CP000240.1:2871798-2872044|CDS|CYB_2776	89.024	246	27	0	1	246	1	246	1.06e-88	323
Ga0374809_13_7490_7735	CP000239.1:119456-119702|CDS|CYA_0127	76.230	244	58	0	1	244	1	244	8.17e-46	179
Ga0374809_14_1054_2754	CP000240.1:2089023-2090721|CDS|CYB_1987	98.174	1698	31	0	4	1701	1	1698	0.0	2923
Ga0374809_14_1054_2754	CP000239.1:1699912-1701610|CDS|CYA_1697	88.398	1698	197	0	4	1701	1	1698	0.0	2175
Ga0374809_14_2869_4869	CP000240.1:2090887-2092936|CDS|CYB_1988	98.151	2001	37	0	1	2001	49	2049	0.0	3443
Ga0374809_14_2869_4869	CP000239.1:1697728-1699789|CDS|CYA_1696	89.758	1982	203	0	2	1983	50	2031	0.0	2660
Ga0374809_14_5223_6671	CP000240.1:2093237-2094686|CDS|CYB_1989	97.087	1442	42	0	1	1442	1	1442	0.0	2412
Ga0374809_14_5223_6671	CP000239.1:1696036-1697485|CDS|CYA_1695	78.444	1401	292	7	52	1447	52	1447	0.0	1143
Ga0374809_15_16_1293	CP000240.1:814083-815385|CDS|CYB_0788	95.615	1277	56	0	2	1278	26	1302	0.0	2051
Ga0374809_15_16_1293	CP000239.1:458676-459972|CDS|CYA_0439	82.728	1239	212	2	1	1238	25	1262	0.0	1263
Ga0374809_15_16_1293	CP000239.1:2019790-2021053|CDS|CYA_2003	65.061	976	314	16	10	976	43	1000	5.58e-44	176
Ga0374809_15_1435_2130	CP000240.1:813090-813960|CDS|CYB_0787	97.414	696	18	0	1	696	714	19	0.0	1175
Ga0374809_15_1435_2130	CP000239.1:457779-458628|CDS|CYA_0438	87.734	693	85	0	4	696	157	849	0.0	867
Ga0374809_15_2627_3736	CP000240.1:811919-812990|CDS|CYB_0786	98.599	1071	15	0	40	1110	1	1071	0.0	1865
Ga0374809_15_2627_3736	CP000239.1:278034-279093|CDS|CYA_0270	90.669	1061	97	1	40	1100	1	1059	0.0	1465
Ga0374809_15_3868_6033	CP000240.1:809622-811788|CDS|CYB_0785	96.630	2166	73	0	1	2166	1	2166	0.0	3578
Ga0374809_15_3868_6033	CP000239.1:275782-277948|CDS|CYA_0269	85.747	2161	308	0	1	2161	1	2161	0.0	2509
Ga0374809_15_6163_7569	CP000240.1:807711-809478|CDS|CYB_0784	97.157	1407	40	0	1	1407	361	1767	0.0	2358
Ga0374809_15_6163_7569	CP000239.1:273999-275781|CDS|CYA_0268	88.311	1403	164	0	1	1403	361	1763	0.0	1792
Ga0374809_16_841_1818	CP000240.1:2883110-2884097|CDS|CYB_2787	96.859	987	22	1	1	978	1	987	0.0	1645
Ga0374809_16_841_1818	CP000239.1:1970740-1971652|CDS|CYA_1960	81.635	942	129	5	1	941	1	899	0.0	937
Ga0374809_16_2052_2552	CP000240.1:2882376-2882877|CDS|CYB_2786	99.601	501	2	0	1	501	1	501	0.0	895
Ga0374809_16_2052_2552	CP000239.1:1968160-1968661|CDS|CYA_1957	89.022	501	55	0	1	501	1	501	0.0	656
Ga0374809_16_2762_3391	CP000240.1:2881308-2882163|CDS|CYB_2785	99.841	630	1	0	1	630	226	855	0.0	1132
Ga0374809_16_2762_3391	CP000239.1:1965675-1966587|CDS|CYA_1955	89.560	613	64	0	1	613	226	838	0.0	818
Ga0374809_16_3631_4218	CP000240.1:2880706-2881294|CDS|CYB_2784	99.660	588	2	0	1	588	1	588	0.0	1052
Ga0374809_16_3631_4218	CP000239.1:1965093-1965669|CDS|CYA_1954	80.000	595	83	5	1	583	1	571	3.71e-156	547
Ga0374809_16_4217_5116	CP000240.1:2879808-2880639|CDS|CYB_2783	97.473	831	21	0	70	900	1	831	0.0	1405
Ga0374809_16_4217_5116	CP000239.1:1964217-1965027|CDS|CYA_1953	82.585	735	124	3	104	836	35	767	0.0	739
Ga0374809_16_5257_6216	CP000240.1:2878708-2879668|CDS|CYB_2782	99.375	960	6	0	1	960	1	960	0.0	1705
Ga0374809_16_5257_6216	CP000239.1:125762-126731|CDS|CYA_0132	84.098	981	123	4	1	960	1	969	0.0	1078
Ga0374809_17_30_476	CP000240.1:2729687-2730170|CDS|CYB_2641	98.210	447	8	0	1	447	37	483	0.0	771
Ga0374809_17_30_476	CP000239.1:1173594-1174071|CDS|CYA_1150	90.888	439	40	0	1	439	1	439	7.97e-176	612
Ga0374809_17_530_805	CP000240.1:2730221-2730497|CDS|CYB_2642	97.101	276	8	0	1	276	1	276	5.46e-131	462
Ga0374809_17_530_805	CP000239.1:1173296-1173572|CDS|CYA_1149	85.821	268	38	0	1	268	1	268	6.24e-86	313
Ga0374809_17_1023_2282	CP000240.1:2730694-2731954|CDS|CYB_2643	97.143	1260	36	0	1	1260	1	1260	0.0	2111
Ga0374809_17_1023_2282	CP000239.1:1171868-1173149|CDS|CYA_1148	89.239	1236	133	0	1	1236	1	1236	0.0	1630
Ga0374809_17_2303_3241	CP000240.1:2731980-2732931|CDS|CYB_2645	95.373	951	26	1	7	939	1	951	0.0	1529
Ga0374809_17_2303_3241	CP000239.1:1170900-1171863|CDS|CYA_1146	72.869	962	231	1	7	938	1	962	2.91e-166	581
Ga0374809_17_3238_3432	CP000240.1:2732927-2733122|CDS|CYB_2644	98.974	195	2	0	1	195	1	195	2.50e-95	343
Ga0374809_17_3238_3432	CP000239.1:1170709-1170904|CDS|CYA_1147	84.615	195	30	0	1	195	1	195	2.51e-57	217
Ga0374809_17_3734_5269	CP000240.1:2733292-2734828|CDS|CYB_2646	97.786	1536	34	0	1	1536	1	1536	0.0	2617
Ga0374809_17_3734_5269	CP000239.1:1169040-1170579|CDS|CYA_1145	84.531	1545	224	4	1	1536	1	1539	0.0	1705
Ga0374809_18_663_1325	CP000240.1:933677-934340|CDS|CYB_0901	97.587	663	16	0	1	663	1	663	0.0	1124
Ga0374809_18_663_1325	CP000239.1:643785-644448|CDS|CYA_0632	81.146	663	125	0	1	663	1	663	0.0	633
Ga0374809_18_2914_3414	CP000240.1:935938-936439|CDS|CYB_0906	100.000	501	0	0	1	501	1	501	0.0	904
Ga0374809_18_2914_3414	CP000239.1:1632070-1632571|CDS|CYA_1629	82.004	489	88	0	1	489	1	489	9.01e-138	486
Ga0374809_18_4427_4717	CP000240.1:936729-937020|CDS|CYB_0907	99.656	291	1	0	1	291	1	291	2.46e-148	521
Ga0374809_19_55_1752	CP000240.1:1643058-1645161|CDS|CYB_1571	98.469	1698	26	0	1	1698	406	2103	0.0	2946
Ga0374809_19_55_1752	CP000239.1:2098220-2100545|CDS|CYA_2079	87.196	1601	199	2	1	1601	562	2156	0.0	1960
Ga0374809_19_1854_3035	CP000240.1:1641821-1642958|CDS|CYB_1570	95.993	1098	44	0	1	1098	1	1098	0.0	1783
Ga0374809_19_1854_3035	CP000239.1:1871349-1872561|CDS|CYA_1866	87.479	1182	148	0	1	1182	31	1212	0.0	1465
Ga0374809_19_3014_4021	CP000240.1:1640779-1641787|CDS|CYB_1568	97.421	1008	26	0	1	1008	1	1008	0.0	1701
Ga0374809_19_3014_4021	CP000239.1:1872539-1873547|CDS|CYA_1867	94.048	1008	60	0	1	1008	1	1008	0.0	1548
Ga0374809_19_4199_4558	CP000240.1:1639868-1640783|CDS|CYB_1569	97.794	272	6	0	89	360	646	375	2.07e-131	464
Ga0374809_20_188_706	CP000240.1:807055-807529|CDS|CYB_0783	86.724	467	62	0	46	512	1	467	4.24e-161	563
Ga0374809_20_188_706	CP000239.1:273343-273817|CDS|CYA_0267	86.724	467	62	0	46	512	1	467	4.24e-161	563
Ga0374809_20_1021_1368	CP000240.1:806410-806704|CDS|CYB_0782	92.517	294	20	2	56	348	2	294	1.76e-119	425
Ga0374809_20_1493_1891	CP000240.1:805865-806264|CDS|CYB_0781	87.469	399	50	0	1	399	1	399	1.37e-140	495
Ga0374809_20_1493_1891	CP000239.1:272213-272795|CDS|CYA_0265	82.169	415	57	5	1	399	169	582	1.56e-114	408
Ga0374809_20_1972_2961	CP000240.1:804483-805785|CDS|CYB_0780	95.854	989	38	1	2	990	317	1302	0.0	1598
Ga0374809_20_3055_3672	CP000240.1:52430-53648|CDS|CYB_0041	96.169	522	20	0	1	522	1	522	0.0	852
Ga0374809_20_3055_3672	CP000240.1:2644164-2645358|CDS|CYB_2538	95.402	522	24	0	1	522	1	522	0.0	834
Ga0374809_20_3055_3672	CP000240.1:638632-639850|CDS|CYB_0630	92.674	546	16	1	1	522	1	546	0.0	822
Ga0374809_20_3055_3672	CP000240.1:1521392-1522610|CDS|CYB_1450	92.491	546	17	1	1	522	1	546	0.0	818
Ga0374809_20_3055_3672	CP000240.1:1803089-1804283|CDS|CYB_1722	93.678	522	33	0	1	522	1	522	0.0	793
Ga0374809_20_3055_3672	CP000240.1:1190675-1191869|CDS|CYB_1151	93.678	522	33	0	1	522	1	522	0.0	793
Ga0374809_20_3055_3672	CP000240.1:1358129-1359347|CDS|CYB_1297	91.026	546	25	1	1	522	1	546	0.0	782
Ga0374809_20_3055_3672	CP000240.1:1064975-1066169|CDS|CYB_1023	92.912	522	37	0	1	522	1	522	0.0	775
Ga0374809_20_3055_3672	CP000240.1:2830275-2831565|CDS|CYB_2735	90.110	546	30	1	1	522	1	546	0.0	759
Ga0374809_20_3055_3672	CP000240.1:3008652-3009870|CDS|CYB_2910	88.645	546	38	1	1	522	1	546	0.0	723
Ga0374809_20_3055_3672	CP000240.1:102811-104029|CDS|CYB_0087	88.645	546	38	1	1	522	1	546	0.0	723
Ga0374809_20_3055_3672	CP000239.1:2170714-2171908|CDS|CYA_2158	90.038	522	52	0	1	522	1	522	0.0	708
Ga0374809_20_3055_3672	CP000240.1:2553363-2554557|CDS|CYB_2454	89.272	522	56	0	1	522	1	522	0.0	690
Ga0374809_20_3055_3672	CP000240.1:2796782-2798000|CDS|CYB_2707	89.080	522	57	0	1	522	1	522	0.0	685
Ga0374809_20_3055_3672	CP000240.1:2168360-2169515|CDS|CYB_2071	88.697	522	59	0	1	522	1	522	0.0	676
Ga0374809_20_3055_3672	CP000240.1:1083184-1084426|CDS|CYB_1042	86.630	546	49	1	1	522	1	546	0.0	673
Ga0374809_20_3055_3672	CP000240.1:481588-482800|CDS|CYB_0472	89.899	495	50	0	1	495	1	495	0.0	668
Ga0374809_20_3055_3672	CP000240.1:1954838-1956056|CDS|CYB_1872	88.314	522	61	0	1	522	1	522	0.0	667
Ga0374809_20_3055_3672	CP000240.1:2210858-2212052|CDS|CYB_2117	87.931	522	63	0	1	522	1	522	0.0	658
Ga0374809_20_3055_3672	CP000239.1:712444-713638|CDS|CYA_0704	87.931	522	63	0	1	522	1	522	0.0	658
Ga0374809_20_3055_3672	CP000239.1:774779-775973|CDS|CYA_0767	86.398	522	71	0	1	522	1	522	2.16e-178	622
Ga0374809_20_3055_3672	CP000240.1:2247371-2248565|CDS|CYB_2147	85.249	522	77	0	1	522	1	522	3.00e-170	595
Ga0374809_20_3055_3672	CP000239.1:1594889-1596107|CDS|CYA_1585	85.249	522	77	0	1	522	1	522	3.00e-170	595
Ga0374809_20_3055_3672	CP000240.1:1015074-1016268|CDS|CYB_0979	86.722	482	64	0	1	482	1	482	1.90e-166	581
Ga0374809_20_3055_3672	CP000240.1:1763450-1764623|CDS|CYB_1688	83.493	521	86	0	1	521	1	521	9.20e-158	553
Ga0374809_20_3055_3672	CP000239.1:629980-631174|CDS|CYA_0620	84.646	495	76	0	1	495	1	495	3.21e-157	551
Ga0374809_20_3055_3672	CP000240.1:2128026-2129220|CDS|CYB_2026	82.950	522	89	0	1	522	1	522	5.81e-154	541
Ga0374809_20_3055_3672	CP000239.1:693322-694534|CDS|CYA_0687	82.917	521	89	0	1	521	1	521	2.03e-153	539
Ga0374809_20_3055_3672	CP000240.1:1316312-1317548|CDS|CYB_1259	82.759	522	90	0	1	522	1	522	7.07e-153	536
Ga0374809_20_3055_3672	CP000240.1:2219258-2220470|CDS|CYB_2126	82.534	521	91	0	1	521	1	521	1.05e-150	530
Ga0374809_20_3055_3672	CP000240.1:2619921-2621115|CDS|CYB_2521	83.434	495	82	0	1	495	1	495	4.46e-149	524
Ga0374809_20_3055_3672	CP000239.1:893439-894633|CDS|CYA_0887	83.402	482	80	0	1	482	1	482	9.83e-145	509
Ga0374809_20_3055_3672	CP000240.1:1917270-1918464|CDS|CYB_1826	81.382	521	97	0	1	521	1	521	1.46e-142	503
Ga0374809_20_3055_3672	CP000240.1:605550-606744|CDS|CYB_0598	82.424	495	87	0	1	495	1	495	5.09e-142	501
Ga0374809_20_3055_3672	CP000240.1:2661652-2662870|CDS|CYB_2557	82.222	495	88	0	1	495	1	495	6.20e-141	497
Ga0374809_20_3055_3672	CP000239.1:698055-699204|CDS|CYA_0690	82.222	495	88	0	1	495	1	495	6.20e-141	497
Ga0374809_20_3055_3672	CP000240.1:2565689-2566883|CDS|CYB_2468	81.818	495	90	0	1	495	1	495	3.21e-138	488
Ga0374809_20_3055_3672	CP000239.1:994256-995468|CDS|CYA_0981	81.616	495	91	0	1	495	1	495	1.37e-136	483
Ga0374809_20_3055_3672	CP000240.1:1384265-1385459|CDS|CYB_1322	81.212	495	93	0	1	495	1	495	7.08e-134	474
Ga0374809_20_3055_3672	CP000240.1:241642-242836|CDS|CYB_0233	81.212	495	93	0	1	495	1	495	7.08e-134	474
Ga0374809_20_3055_3672	CP000240.1:345730-346924|CDS|CYB_0329	81.535	482	89	0	1	482	1	482	3.01e-132	469
Ga0374809_20_3055_3672	CP000240.1:1244785-1246021|CDS|CYB_1201	78.805	519	86	1	1	495	1	519	5.44e-129	458
Ga0374809_20_3055_3672	CP000240.1:1267756-1268992|CDS|CYB_1227	78.227	519	89	1	1	495	1	519	3.43e-125	444
Ga0374809_20_3055_3672	CP000240.1:2933473-2934709|CDS|CYB_2835	78.656	506	84	1	1	482	1	506	1.20e-124	444
Ga0374809_20_3055_3672	CP000240.1:1842322-1843549|CDS|CYB_1759	80.083	482	96	0	1	482	1	482	5.10e-123	437
Ga0374809_20_3055_3672	CP000239.1:88305-89487|CDS|CYA_0091	79.296	483	100	0	1	483	1	483	3.92e-118	421
Ga0374809_20_3055_3672	CP000240.1:629484-630702|CDS|CYB_0620	77.470	506	90	1	1	482	1	506	1.67e-116	416
Ga0374809_20_3055_3672	CP000240.1:2506708-2507857|CDS|CYB_2410	69.402	585	83	4	1	489	1	585	1.20e-86	317
Ga0374809_20_3659_3913	CP000240.1:802517-803870|CDS|CYB_0779	98.824	255	3	0	1	255	1099	1353	3.85e-126	447
Ga0374809_20_3659_3913	CP000239.1:270707-272060|CDS|CYA_0264	89.412	255	27	0	1	255	1099	1353	1.44e-93	339
Ga0374809_20_3855_5012	CP000240.1:802517-803870|CDS|CYB_0779	93.610	1158	73	1	1	1158	1	1157	0.0	1752
Ga0374809_20_3855_5012	CP000239.1:270707-272060|CDS|CYA_0264	87.219	1158	147	1	1	1158	1	1157	0.0	1418
Ga0374809_21_84_518	CP000240.1:1331509-1331944|CDS|CYB_1274	99.540	435	2	0	1	435	1	435	0.0	776
Ga0374809_21_84_518	CP000239.1:2882339-2882792|CDS|CYA_2864	80.288	416	80	2	21	435	39	453	3.53e-104	374
Ga0374809_21_828_1337	CP000240.1:1330655-1331201|CDS|CYB_1272	93.137	510	35	0	1	510	37	546	0.0	763
Ga0374809_21_1836_2366	CP000240.1:1329386-1330193|CDS|CYB_1271	98.117	531	10	0	1	531	277	807	0.0	913
Ga0374809_21_2321_2641	CP000240.1:1329386-1330193|CDS|CYB_1271	98.137	322	5	1	1	321	1	322	1.61e-157	551
Ga0374809_22_139_885	CP000240.1:567965-568712|CDS|CYB_0557	97.992	747	15	0	1	747	1	747	0.0	1280
Ga0374809_22_966_1316	CP000240.1:568792-569143|CDS|CYB_0558	98.860	351	4	0	1	351	1	351	5.06e-177	616
Ga0374809_22_1428_1883	CP000240.1:569326-569710|CDS|CYB_0559	99.479	384	2	0	73	456	1	384	0.0	684
Ga0374809_22_1428_1883	CP000239.1:2617088-2617463|CDS|CYA_2595	85.676	370	53	0	73	442	1	370	1.92e-120	429
Ga0374809_22_1901_2170	CP000240.1:569727-569997|CDS|CYB_0560	99.259	270	2	0	1	270	1	270	6.93e-136	479
Ga0374809_22_1901_2170	CP000239.1:2616762-2617065|CDS|CYA_2594	83.468	248	41	0	1	248	1	248	9.66e-71	263
Ga0374809_22_2444_3718	CP000240.1:570228-571530|CDS|CYB_0561	96.392	1275	27	1	1	1275	43	1298	0.0	2105
Ga0374809_22_2444_3718	CP000239.1:2615290-2616580|CDS|CYA_2593	84.256	1156	182	0	1	1156	43	1198	0.0	1265
Ga0374809_22_3883_4719	CP000240.1:571690-572527|CDS|CYB_0562	99.403	837	5	0	1	837	1	837	0.0	1488
Ga0374809_22_3883_4719	CP000239.1:2614375-2615212|CDS|CYA_2592	83.513	837	138	0	1	837	1	837	0.0	888
Ga0374809_23_1580_4234	CP000240.1:1598111-1600766|CDS|CYB_1521	98.945	2655	28	0	1	2655	1	2655	0.0	4662
Ga0374809_23_1580_4234	CP000239.1:1885068-1887720|CDS|CYA_1881	84.866	2643	388	2	1	2643	1	2631	0.0	2966
Ga0374809_24_159_1202	CP000240.1:1009688-1010732|CDS|CYB_0974	99.234	1044	8	0	1	1044	1	1044	0.0	1847
Ga0374809_24_159_1202	CP000239.1:2147593-2148640|CDS|CYA_2134	81.660	1036	187	1	1	1033	1	1036	0.0	1011
Ga0374809_24_1554_2093	CP000240.1:1008789-1009407|CDS|CYB_0973	99.815	540	1	0	1	540	79	618	0.0	970
Ga0374809_24_1554_2093	CP000239.1:2146708-2147455|CDS|CYA_2132	92.407	540	41	0	1	540	208	747	0.0	790
Ga0374809_24_2118_2693	CP000240.1:1008125-1008764|CDS|CYB_0972	96.243	559	21	0	1	559	58	616	0.0	914
Ga0374809_24_2118_2693	CP000239.1:2145878-2146520|CDS|CYA_2131	78.706	479	95	2	2	478	77	550	3.41e-112	402
Ga0374809_24_2768_3292	CP000240.1:1007583-1008108|CDS|CYB_0971	97.143	525	15	0	1	525	1	525	0.0	880
Ga0374809_24_2768_3292	CP000239.1:2145308-2145833|CDS|CYA_2130	88.039	510	61	0	1	510	1	510	0.0	645
Ga0374809_24_3457_4584	CP000240.1:1004905-1007419|CDS|CYB_0970	99.113	1128	10	0	1	1128	1387	2514	0.0	1990
Ga0374809_24_3457_4584	CP000239.1:771958-774466|CDS|CYA_0765	81.439	1126	209	0	1	1126	1381	2506	0.0	1089
Ga0374809_25_8_1147	CP000240.1:2900035-2901943|CDS|CYB_2801	98.070	1140	22	0	1	1140	769	1908	0.0	1957
Ga0374809_25_8_1147	CP000239.1:932013-933912|CDS|CYA_0923	82.544	1140	190	1	1	1140	769	1899	0.0	1163
Ga0374809_25_1625_2602	CP000240.1:2898861-2899839|CDS|CYB_2799	98.671	978	13	0	1	978	1	978	0.0	1706
Ga0374809_25_2599_3963	CP000240.1:2897500-2898865|CDS|CYB_2800	96.996	1365	41	0	1	1365	1	1365	0.0	2278
Ga0374809_25_2599_3963	CP000239.1:933939-935304|CDS|CYA_0924	85.935	1358	191	0	1	1358	1	1358	0.0	1589
Ga0374809_26_8_1168	CP000240.1:1676294-1677827|CDS|CYB_1605	97.847	1161	25	0	1	1161	373	1533	0.0	1982
Ga0374809_26_8_1168	CP000239.1:1427887-1429417|CDS|CYA_1419	87.252	1161	145	1	1	1161	373	1530	0.0	1425
Ga0374809_26_1186_1500	CP000240.1:1677844-1678159|CDS|CYB_1606	99.683	315	1	0	1	315	1	315	2.50e-161	564
Ga0374809_26_1186_1500	CP000239.1:1427567-1427882|CDS|CYA_1418	87.302	315	40	0	1	315	1	315	1.14e-108	389
Ga0374809_26_1532_2614	CP000240.1:1678190-1679330|CDS|CYB_1607	96.399	1083	39	0	1	1083	58	1140	0.0	1778
Ga0374809_26_1532_2614	CP000239.1:1426262-1427396|CDS|CYA_1417	83.429	1050	174	0	5	1054	62	1111	0.0	1110
Ga0374809_26_2770_3165	CP000240.1:1679428-1679800|CDS|CYB_1608	99.462	372	2	0	25	396	1	372	0.0	663
Ga0374809_26_2770_3165	CP000239.1:1425729-1426125|CDS|CYA_1416	87.261	314	40	0	25	338	1	314	5.06e-108	387
Ga0374809_27_380_1249	CP000240.1:564998-566426|CDS|CYB_0555	84.010	788	108	4	1	772	127	912	0.0	852
Ga0374809_27_380_1249	CP000239.1:512910-514188|CDS|CYA_0498	77.415	828	161	13	1	820	1	810	1.31e-176	616
Ga0374809_27_1246_2685	CP000239.1:514184-515624|CDS|CYA_0499	85.032	1423	209	2	2	1422	2	1422	0.0	1601
Ga0374809_28_97_738	CP000240.1:562272-562914|CDS|CYB_0552	99.377	642	4	0	1	642	1	642	0.0	1141
Ga0374809_28_97_738	CP000239.1:510207-510849|CDS|CYA_0495	88.629	642	73	0	1	642	1	642	0.0	829
Ga0374809_28_864_2096	CP000240.1:563049-564351|CDS|CYB_0553	97.161	1233	35	0	1	1233	70	1302	0.0	2067
Ga0374809_28_864_2096	CP000239.1:510981-512283|CDS|CYA_0496	89.756	1230	126	0	4	1233	73	1302	0.0	1651
Ga0374809_28_2303_2644	CP000240.1:564488-564941|CDS|CYB_0554	99.123	342	3	0	1	342	112	453	3.12e-173	604
Ga0374809_28_2303_2644	CP000239.1:512400-512853|CDS|CYA_0497	84.795	342	52	0	1	342	112	453	5.30e-107	383
Ga0374809_28_2813_3754	CP000240.1:564998-566426|CDS|CYB_0555	97.452	942	24	0	1	942	487	1428	0.0	1591
Ga0374809_28_2813_3754	CP000239.1:512910-514188|CDS|CYA_0498	75.681	954	184	8	1	942	361	1278	0.0	682
Ga0374809_29_1445_3334	CP000240.1:1310953-1312915|CDS|CYB_1256	99.577	1890	8	0	1	1890	73	1962	0.0	3373
Ga0374809_31_209_784	CP000240.1:2838368-2840609|CDS|CYB_2744	98.116	584	2	1	1	575	1	584	0.0	1008
Ga0374809_31_209_784	CP000239.1:2177855-2180051|CDS|CYA_2166	69.435	566	149	2	10	575	16	557	1.12e-67	254
Ga0374809_31_849_1148	CP000239.1:2180121-2180589|CDS|CYA_2167	83.158	285	48	0	1	285	175	459	1.50e-81	298
Ga0374809_31_1390_2439	CP000240.1:2836653-2837769|CDS|CYB_2743	97.429	1050	27	0	1	1050	67	1116	0.0	1773
Ga0374809_31_1390_2439	CP000239.1:2180636-2181737|CDS|CYA_2168	82.434	1019	179	0	32	1050	83	1101	0.0	1031
Ga0374809_31_3027_3545	CP000240.1:2834685-2835204|CDS|CYB_2740	98.073	519	10	0	1	519	1	519	0.0	892
Ga0374809_31_3027_3545	CP000239.1:2062890-2063409|CDS|CYA_2043	89.017	519	57	0	1	519	1	519	0.0	680
Ga0374809_31_3027_3545	CP000240.1:976891-977410|CDS|CYB_0939	71.362	426	122	0	94	519	94	519	2.07e-57	219
Ga0374809_32_530_1840	CP000240.1:1047611-1048967|CDS|CYB_1008	97.254	1311	36	0	1	1311	46	1356	0.0	2203
Ga0374809_32_530_1840	CP000239.1:2742708-2744052|CDS|CYA_2727	80.865	1202	211	9	91	1287	148	1335	0.0	1108
Ga0374809_32_2153_2899	CP000240.1:1049216-1049963|CDS|CYB_1009	98.126	747	14	0	1	747	1	747	0.0	1285
Ga0374809_32_2153_2899	CP000239.1:2741782-2742499|CDS|CYA_2726	79.073	712	137	5	43	745	7	715	2.46e-172	601
Ga0374809_33_180_515	CP000240.1:2303822-2304158|CDS|CYB_2195	96.084	332	13	0	1	332	1	332	3.06e-154	541
Ga0374809_33_180_515	CP000239.1:2695943-2696279|CDS|CYA_2680	81.194	335	63	0	1	335	1	335	5.20e-88	321
Ga0374809_33_536_1015	CP000240.1:2304178-2304658|CDS|CYB_2196	97.708	480	11	0	1	480	1	480	0.0	817
Ga0374809_33_536_1015	CP000239.1:2696301-2696781|CDS|CYA_2681	83.087	473	80	0	1	473	1	473	5.80e-140	493
Ga0374809_33_1045_1404	CP000240.1:2304687-2305047|CDS|CYB_2197	98.611	360	5	0	1	360	1	360	2.88e-180	627
Ga0374809_33_1045_1404	CP000239.1:2412533-2412893|CDS|CYA_2403	83.565	359	57	2	1	358	1	358	2.89e-104	375
Ga0374809_33_1882_2994	CP000240.1:2305534-2306647|CDS|CYB_2199	98.113	1113	21	0	1	1113	1	1113	0.0	1913
Ga0374809_34_1684_2019	CP000240.1:437527-439684|CDS|CYB_0430	100.000	336	0	0	1	336	1608	1273	2.51e-174	607
Ga0374809_34_1684_2019	CP000239.1:1820136-1822299|CDS|CYA_1816	97.619	336	8	0	1	336	1614	1279	1.81e-163	571
Ga0374809_34_1684_2019	CP000239.1:1855685-1857611|CDS|CYA_1852	80.180	333	66	0	1	333	1380	1048	4.00e-83	304
Ga0374809_34_2174_2497	CP000239.1:1820136-1822299|CDS|CYA_1816	97.840	324	7	0	1	324	1840	2163	4.67e-158	554
Ga0374809_34_2174_2497	CP000240.1:437527-439684|CDS|CYB_0430	96.584	322	11	0	1	322	1834	2155	1.53e-151	532
Ga0374809_34_2174_2497	CP000239.1:1855685-1857611|CDS|CYA_1852	74.598	311	79	0	2	312	1607	1917	2.77e-53	205
Ga0374809_34_2751_3215	CP000240.1:436072-437302|CDS|CYB_0428	98.701	462	6	0	1	462	727	1188	0.0	807
Ga0374809_34_2751_3215	CP000239.1:1822539-1823742|CDS|CYA_1817	97.849	465	10	0	1	465	727	1191	0.0	794
Ga0374809_35_330_1364	CP000240.1:2111974-2113009|CDS|CYB_2006	99.130	1035	9	0	1	1035	1	1035	0.0	1827
Ga0374809_35_330_1364	CP000239.1:1926266-1927301|CDS|CYA_1916	87.463	1005	126	0	1	1005	1	1005	0.0	1245
Ga0374809_35_1372_1815	CP000239.1:1930961-1931726|CDS|CYA_1920	99.764	424	1	0	1	424	13	436	0.0	761
Ga0374809_35_1372_1815	CP000240.1:2115281-2116046|CDS|CYB_2011	99.528	424	2	0	1	424	13	436	0.0	756
Ga0374809_35_1969_2280	CP000240.1:2115281-2116046|CDS|CYB_2011	98.392	311	5	0	2	312	455	765	9.87e-154	539
Ga0374809_35_1969_2280	CP000239.1:1930961-1931726|CDS|CYA_1920	92.926	311	22	0	2	312	455	765	6.23e-131	462
Ga0374809_36_48_1064	CP000240.1:2307178-2308195|CDS|CYB_2200	99.410	1017	6	0	1	1017	1	1017	0.0	1808
Ga0374809_36_48_1064	CP000239.1:2414645-2415662|CDS|CYA_2405	86.922	1017	133	0	1	1017	1	1017	0.0	1235
Ga0374809_36_1249_1734	CP000240.1:2308379-2308865|CDS|CYB_2201	98.354	486	8	0	1	486	1	486	0.0	841
Ga0374809_36_1249_1734	CP000239.1:2415795-2416281|CDS|CYA_2406	86.214	486	67	0	1	486	1	486	2.19e-164	575
Ga0374809_36_1768_2082	CP000240.1:2308898-2309831|CDS|CYB_2202	99.365	315	1	1	1	315	1	314	3.72e-159	556
Ga0374809_36_1768_2082	CP000239.1:2416328-2417261|CDS|CYA_2407	87.302	315	39	1	1	315	1	314	1.39e-107	385
Ga0374809_36_2039_2701	CP000240.1:2308898-2309831|CDS|CYB_2202	98.793	663	7	1	1	663	272	933	0.0	1157
Ga0374809_36_2039_2701	CP000239.1:2416328-2417261|CDS|CYA_2407	88.208	653	76	1	1	653	272	923	0.0	828
Ga0374809_36_2708_2986	CP000240.1:2309837-2310320|CDS|CYB_2203	100.000	279	0	0	1	279	205	483	1.80e-143	504
Ga0374809_38_763_2412	CP000240.1:281682-283410|CDS|CYB_0267	97.091	1650	46	1	1	1650	1	1648	0.0	2764
Ga0374809_38_763_2412	CP000239.1:1081212-1082940|CDS|CYA_1065	87.939	1650	197	1	1	1650	1	1648	0.0	2085
Ga0374809_38_2480_2770	CP000240.1:281336-281615|CDS|CYB_0266	94.158	291	5	1	1	291	1	279	8.58e-129	455
Ga0374809_38_2480_2770	CP000239.1:1083026-1083311|CDS|CYA_1066	85.019	267	37	1	28	291	19	285	4.17e-82	300
Ga0374809_39_6_635	CP000240.1:1491836-1493015|CDS|CYB_1423	100.000	630	0	0	1	630	550	1179	0.0	1137
Ga0374809_40_16_453	CP000240.1:1415905-1417561|CDS|CYB_1347	98.858	438	5	0	1	438	1219	1656	0.0	768
Ga0374809_40_16_453	CP000239.1:800171-801692|CDS|CYA_0791	78.719	437	81	3	2	438	1097	1521	5.28e-102	367
Ga0374809_40_595_1581	CP000240.1:1414777-1415764|CDS|CYB_1346	97.163	987	28	0	1	987	1	987	0.0	1654
Ga0374809_40_595_1581	CP000239.1:802084-803077|CDS|CYA_0793	83.704	988	159	2	1	987	7	993	0.0	1049
Ga0374809_41_58_507	CP000240.1:1578642-1579203|CDS|CYB_1504	95.778	450	19	0	1	450	112	561	0.0	727
Ga0374809_41_58_507	CP000239.1:360157-360754|CDS|CYA_0342	82.301	452	73	4	1	450	151	597	8.60e-125	444
Ga0374809_41_507_2099	CP000240.1:1577050-1578643|CDS|CYB_1503	96.485	1593	56	0	1	1593	1	1593	0.0	2621
Ga0374809_41_507_2099	CP000239.1:360753-362295|CDS|CYA_0343	82.412	1592	229	3	1	1592	1	1541	0.0	1642
Ga0374809_42_797_1555	CP000240.1:1638082-1638856|CDS|CYB_1565	97.365	759	20	0	1	759	16	774	0.0	1279
Ga0374809_42_797_1555	CP000239.1:1874379-1875156|CDS|CYA_1869	90.237	758	74	0	1	758	19	776	0.0	1034
Ga0374809_43_149_1144	CP000240.1:2328105-2329659|CDS|CYB_2225	98.594	996	14	0	1	996	559	1554	0.0	1734
Ga0374809_43_149_1144	CP000239.1:1527846-1529391|CDS|CYA_1518	84.639	996	153	0	1	996	550	1545	0.0	1107
Ga0374809_43_1818_2192	CP000240.1:1126684-1127458|CDS|CYB_1091	98.133	375	7	0	1	375	400	774	0.0	645
Ga0374809_43_1818_2192	CP000240.1:86287-87061|CDS|CYB_0074	93.867	375	23	0	1	375	400	774	5.80e-164	573
Ga0374809_43_1818_2192	CP000240.1:2581305-2582079|CDS|CYB_2484	91.005	378	28	2	1	375	400	774	7.56e-150	526
Ga0374809_43_1818_2192	CP000240.1:2424097-2424871|CDS|CYB_2313	89.418	378	34	2	1	375	400	774	1.05e-141	499
Ga0374809_43_1818_2192	CP000240.1:2327105-2327495|CDS|CYB_2223	92.447	331	19	2	48	375	63	390	2.82e-136	481
Ga0374809_43_1818_2192	CP000240.1:544792-546037|CDS|CYB_0530	81.127	355	61	2	1	352	400	751	2.64e-92	335
Ga0374809_43_1818_2192	CP000239.1:1966854-1968081|CDS|CYA_1956	74.576	354	84	2	1	351	403	753	8.10e-61	230
Ga0374809_43_1818_2192	CP000239.1:782540-783770|CDS|CYA_0777	74.011	354	86	2	1	351	403	753	4.20e-58	221
Ga0374809_44_737_1243	CP000240.1:3019559-3020066|CDS|CYB_2920	97.436	507	13	0	1	507	1	507	0.0	856
Ga0374809_44_737_1243	CP000239.1:19705-20212|CDS|CYA_0019	82.903	503	86	0	1	503	1	503	4.42e-148	520
Ga0374809_44_1240_1605	CP000240.1:3020062-3020446|CDS|CYB_2921	90.909	363	33	0	1	363	1	363	6.90e-144	507
Ga0374809_44_1240_1605	CP000239.1:20218-20590|CDS|CYA_0021	79.772	351	67	2	12	360	12	360	3.58e-84	308
Ga0374809_44_1592_2281	CP000240.1:3020432-3021335|CDS|CYB_2922	99.275	690	5	0	1	690	214	903	0.0	1223
Ga0374809_44_1592_2281	CP000239.1:20576-21446|CDS|CYA_0022	83.704	675	110	0	1	675	181	855	0.0	722
Ga0374809_45_778_1245	CP000240.1:2902367-2902820|CDS|CYB_2802	99.779	453	1	0	16	468	1	453	0.0	813
Ga0374809_45_778_1245	CP000239.1:931130-931571|CDS|CYA_0922	81.818	451	70	1	16	466	1	439	6.04e-127	451
Ga0374809_45_1494_2144	CP000240.1:2903068-2904493|CDS|CYB_2804	97.235	651	18	0	1	651	775	1425	0.0	1094
Ga0374809_45_1494_2144	CP000239.1:1373604-1375029|CDS|CYA_1363	89.368	649	69	0	1	649	775	1423	0.0	860
Ga0374809_48_709_909	CP000240.1:945216-945417|CDS|CYB_0910	95.522	201	9	0	1	201	1	201	8.47e-89	323
Ga0374809_48_709_909	CP000239.1:1329549-1329765|CDS|CYA_1317	89.552	201	21	0	1	201	16	216	1.64e-72	269
Ga0374809_48_1232_2020	CP000240.1:945777-948474|CDS|CYB_0911	98.226	789	14	0	1	789	1909	2697	0.0	1361
Ga0374809_49_320_847	CP000240.1:1485676-1486204|CDS|CYB_1417	97.348	528	14	0	1	528	1	528	0.0	890
Ga0374809_49_320_847	CP000239.1:1545457-1545988|CDS|CYA_1535	86.024	508	71	0	6	513	6	513	7.30e-171	597
Ga0374809_49_944_1879	CP000240.1:1484644-1485580|CDS|CYB_1416	99.252	936	7	0	1	936	1	936	0.0	1657
Ga0374809_49_944_1879	CP000239.1:506499-507435|CDS|CYA_0489	86.966	936	122	0	1	936	1	936	0.0	1139
