Ga0374711_01_188_622	CP000240.1:2256714-2257467|CDS|CYB_2157	94.266	436	24	1	1	435	139	574	0.0	680
Ga0374711_01_188_622	CP000239.1:412217-412985|CDS|CYA_0398	83.565	432	70	1	1	431	139	570	2.54e-131	465
Ga0374711_01_619_801	CP000240.1:2256714-2257467|CDS|CYB_2157	100.000	183	0	0	1	183	571	753	1.47e-91	331
Ga0374711_01_619_801	CP000239.1:412217-412985|CDS|CYA_0398	83.051	177	30	0	4	180	574	750	1.38e-47	185
Ga0374711_01_806_3607	CP000240.1:2257471-2260273|CDS|CYB_2158	97.894	2802	59	0	1	2802	1	2802	0.0	4788
Ga0374711_01_806_3607	CP000239.1:412990-415792|CDS|CYA_0399	82.691	2802	481	2	1	2800	1	2800	0.0	2862
Ga0374711_01_3783_4451	CP000240.1:2260448-2261117|CDS|CYB_2159	98.804	669	8	0	1	669	1	669	0.0	1171
Ga0374711_01_4497_5366	CP000240.1:2261151-2262021|CDS|CYB_2160	99.195	870	7	0	1	870	1	870	0.0	1538
Ga0374711_01_4497_5366	CP000239.1:416554-417418|CDS|CYA_0401	85.786	802	114	0	22	823	40	841	0.0	933
Ga0374711_01_5607_6545	CP000240.1:2262300-2263200|CDS|CYB_2162	95.000	900	45	0	40	939	1	900	0.0	1421
Ga0374711_01_5607_6545	CP000239.1:417442-418339|CDS|CYA_0402	79.514	864	177	0	41	904	26	889	0.0	761
Ga0374711_01_6539_8206	CP000240.1:2263193-2264918|CDS|CYB_2161	98.921	1668	18	0	1	1668	58	1725	0.0	2928
Ga0374711_01_6539_8206	CP000239.1:418342-420067|CDS|CYA_0403	88.281	1664	195	0	1	1664	58	1721	0.0	2122
Ga0374711_01_8923_9282	CP000240.1:2267645-2268005|CDS|CYB_2164	99.722	360	1	0	1	360	1	360	0.0	645
Ga0374711_01_8923_9282	CP000239.1:2685241-2685592|CDS|CYA_2668	82.778	360	53	2	1	360	1	351	1.23e-102	370
Ga0374711_01_9460_10452	CP000240.1:2268251-2269172|CDS|CYB_2165	98.371	921	15	0	73	993	1	921	0.0	1594
Ga0374711_01_9460_10452	CP000239.1:2685874-2686795|CDS|CYA_2670	88.708	921	104	0	73	993	1	921	0.0	1193
Ga0374711_01_10852_11265	CP000240.1:2269264-2269984|CDS|CYB_2166	96.860	414	13	0	1	414	307	720	0.0	689
Ga0374711_01_10852_11265	CP000239.1:2686874-2687585|CDS|CYA_2671	87.923	414	50	0	1	414	298	711	1.02e-148	522
Ga0374711_01_11364_12947	CP000240.1:2270082-2271666|CDS|CYB_2167	96.402	1584	57	0	1	1584	1	1584	0.0	2600
Ga0374711_01_11364_12947	CP000239.1:2687652-2689266|CDS|CYA_2672	83.945	1607	228	6	1	1577	1	1607	0.0	1736
Ga0374711_01_12960_13172	CP000239.1:2689278-2690304|CDS|CYA_2673	84.475	219	28	1	1	213	808	1026	6.96e-65	243
Ga0374711_01_12960_13172	CP000240.1:2271678-2272701|CDS|CYB_2168	80.247	243	18	2	1	213	781	1023	2.43e-64	241
Ga0374711_02_129_827	CP000239.1:2814556-2815450|CDS|CYA_2795	99.571	699	3	0	1	699	196	894	0.0	1248
Ga0374711_02_129_827	CP000240.1:1003216-1004071|CDS|CYB_0967	81.962	693	111	4	1	692	172	851	0.0	682
Ga0374711_02_1478_2674	CP000239.1:2812904-2814101|CDS|CYA_2794	99.916	1197	1	0	1	1197	1	1197	0.0	2155
Ga0374711_02_1478_2674	CP000240.1:203164-204388|CDS|CYB_0190	85.505	1159	154	3	1	1146	1	1158	0.0	1333
Ga0374711_02_2899_3624	CP000239.1:2811954-2812680|CDS|CYA_2793	99.587	726	3	0	1	726	1	726	0.0	1297
Ga0374711_02_2899_3624	CP000240.1:202190-202922|CDS|CYB_0189	84.290	732	109	1	1	726	1	732	0.0	803
Ga0374711_02_3748_4437	CP000239.1:2811141-2811831|CDS|CYA_2792	99.710	690	2	0	1	690	1	690	0.0	1236
Ga0374711_02_3748_4437	CP000240.1:201388-202078|CDS|CYB_0188	80.697	689	133	0	1	689	1	689	0.0	644
Ga0374711_02_4952_6046	CP000239.1:2809532-2810900|CDS|CYA_2791	100.000	1095	0	0	1	1095	274	1368	0.0	1975
Ga0374711_02_4952_6046	CP000240.1:199787-201146|CDS|CYB_0187	86.835	1071	141	0	23	1093	287	1357	0.0	1297
Ga0374711_02_6234_6719	CP000239.1:2808859-2809345|CDS|CYA_2790	100.000	486	0	0	1	486	1	486	0.0	877
Ga0374711_02_6234_6719	CP000240.1:199110-199596|CDS|CYB_0186	86.626	486	65	0	1	486	1	486	4.23e-167	584
Ga0374711_02_6786_7466	CP000239.1:2808112-2808793|CDS|CYA_2789	99.853	681	1	0	1	681	1	681	0.0	1224
Ga0374711_02_6786_7466	CP000240.1:198422-199106|CDS|CYB_0185	82.344	691	105	5	1	681	1	684	0.0	690
Ga0374711_02_7555_7830	CP000239.1:2807748-2808024|CDS|CYA_2788	100.000	276	0	0	1	276	1	276	7.58e-142	499
Ga0374711_02_7555_7830	CP000240.1:198054-198330|CDS|CYB_0184	87.681	276	34	0	1	276	1	276	1.06e-95	345
Ga0374711_02_7866_8300	CP000239.1:2807278-2807713|CDS|CYA_2787	99.770	435	1	0	1	435	1	435	0.0	781
Ga0374711_02_7866_8300	CP000240.1:197580-198018|CDS|CYB_0183	83.288	371	62	0	1	371	1	371	4.59e-109	390
Ga0374711_02_8325_9527	CP000240.1:2574289-2575342|CDS|CYB_2478	94.492	1053	58	0	151	1203	1	1053	0.0	1638
Ga0374711_02_8325_9527	CP000239.1:2806201-2807254|CDS|CYA_2786	93.067	1053	73	0	151	1203	1	1053	0.0	1571
Ga0374711_02_9640_10992	CP000239.1:2804597-2805950|CDS|CYA_2785	96.672	1352	45	0	1	1352	1	1352	0.0	2236
Ga0374711_02_9640_10992	CP000240.1:2572675-2574028|CDS|CYB_2477	92.609	1353	100	0	1	1353	1	1353	0.0	1990
Ga0374711_02_11148_12743	CP000239.1:2802735-2804442|CDS|CYA_2783	99.561	1596	7	0	1	1596	112	1707	0.0	2847
Ga0374711_02_12855_13145	CP000239.1:2801730-2802735|CDS|CYA_2782	100.000	291	0	0	1	291	715	1005	5.78e-150	526
Ga0374711_03_439_1161	CP000240.1:2272658-2273516|CDS|CYB_2169	98.202	723	13	0	1	723	136	858	0.0	1246
Ga0374711_03_439_1161	CP000239.1:2690261-2691098|CDS|CYA_2674	88.366	722	72	1	2	723	128	837	0.0	930
Ga0374711_03_1484_2296	CP000240.1:2273703-2274516|CDS|CYB_2170	98.155	813	15	0	1	813	1	813	0.0	1399
Ga0374711_03_1484_2296	CP000239.1:2691229-2692081|CDS|CYA_2675	87.781	802	98	0	1	802	10	811	0.0	1005
Ga0374711_03_2584_3165	CP000240.1:2274846-2275374|CDS|CYB_2171	95.057	526	23	1	31	556	1	523	0.0	830
Ga0374711_03_2584_3165	CP000239.1:2692423-2693002|CDS|CYA_2676	82.617	512	81	3	31	538	1	508	6.22e-147	517
Ga0374711_03_3507_4982	CP000240.1:2275712-2277212|CDS|CYB_2173	98.171	1476	27	0	1	1476	25	1500	0.0	2541
Ga0374711_03_3507_4982	CP000239.1:2693305-2694793|CDS|CYA_2678	84.044	1454	220	3	1	1454	25	1466	0.0	1574
Ga0374711_03_5123_6376	CP000240.1:2277226-2278432|CDS|CYB_2174	92.112	1255	49	4	1	1254	1	1206	0.0	1845
Ga0374711_03_5123_6376	CP000239.1:229316-230522|CDS|CYA_0226	87.560	1254	108	2	1	1254	1	1206	0.0	1593
Ga0374711_03_5123_6376	CP000239.1:1196823-1198029|CDS|CYA_1181	87.480	1254	109	2	1	1254	1	1206	0.0	1589
Ga0374711_03_5123_6376	CP000239.1:1995329-1996559|CDS|CYA_1977	87.321	1254	111	2	1	1254	25	1230	0.0	1580
Ga0374711_03_6708_8018	CP000240.1:2278763-2280074|CDS|CYB_2175	88.253	1311	154	0	1	1311	1	1311	0.0	1671
Ga0374711_03_6708_8018	CP000239.1:126727-128053|CDS|CYA_0131	87.134	1298	167	0	1	1298	1	1298	0.0	1589
Ga0374711_03_8187_10877	CP000240.1:2280242-2282930|CDS|CYB_2176	99.144	2688	23	0	4	2691	1	2688	0.0	4745
Ga0374711_03_10874_11971	CP000240.1:2282929-2284153|CDS|CYB_2177	99.636	1098	4	0	1	1098	127	1224	0.0	1963
Ga0374711_04_10_570	CP000239.1:2714419-2715112|CDS|CYA_2699	100.000	561	0	0	1	561	133	693	0.0	1012
Ga0374711_04_10_570	CP000240.1:186761-187454|CDS|CYB_0174	86.775	552	73	0	6	557	138	689	0.0	667
Ga0374711_04_788_1927	CP000239.1:2715284-2716424|CDS|CYA_2700	99.912	1140	1	0	1	1140	1	1140	0.0	2052
Ga0374711_04_788_1927	CP000240.1:1314363-1315503|CDS|CYB_1258	84.825	1140	173	0	1	1140	1	1140	0.0	1277
Ga0374711_04_1970_3925	CP000240.1:1310953-1312915|CDS|CYB_1256	84.895	1953	289	3	10	1956	10	1962	0.0	2185
Ga0374711_04_3928_5409	CP000239.1:2718425-2719907|CDS|CYA_2702	99.123	1482	13	0	1	1482	1	1482	0.0	2615
Ga0374711_04_3928_5409	CP000240.1:1309436-1310912|CDS|CYB_1255	86.109	1483	194	5	1	1480	1	1474	0.0	1735
Ga0374711_04_5456_6547	CP000239.1:2719953-2721045|CDS|CYA_2703	100.000	1092	0	0	1	1092	1	1092	0.0	1970
Ga0374711_04_5456_6547	CP000240.1:1308297-1309389|CDS|CYB_1254	89.103	1092	119	0	1	1092	1	1092	0.0	1434
Ga0374711_04_6647_11254	CP000239.1:2721144-2725752|CDS|CYA_2704	99.935	4608	3	0	1	4608	1	4608	0.0	8297
Ga0374711_04_6647_11254	CP000240.1:1303585-1308193|CDS|CYB_1253	86.694	4607	613	0	1	4607	1	4607	0.0	5545
Ga0374711_04_11335_11469	CP000239.1:2725832-2725967|CDS|CYA_2705	100.000	135	0	0	1	135	1	135	1.19e-65	244
Ga0374711_04_11543_12004	CP000239.1:2726040-2726886|CDS|CYA_2706	100.000	448	0	0	15	462	399	846	0.0	809
Ga0374711_04_11543_12004	CP000240.1:1956263-1957358|CDS|CYB_1873	83.893	447	72	0	15	461	648	1094	1.01e-136	482
Ga0374711_05_22_513	CP000239.1:87208-87829|CDS|CYA_0089	100.000	492	0	0	1	492	130	621	0.0	888
Ga0374711_05_22_513	CP000240.1:2155497-2156064|CDS|CYB_2056	85.870	460	65	0	21	480	96	555	5.57e-153	537
Ga0374711_05_714_1547	CP000239.1:86174-87005|CDS|CYA_0087	99.880	831	1	0	4	834	1	831	0.0	1495
Ga0374711_05_714_1547	CP000240.1:2154432-2155266|CDS|CYB_2055	85.036	822	121	2	1	821	1	821	0.0	921
Ga0374711_05_1544_3022	CP000239.1:84591-86178|CDS|CYA_0088	99.865	1479	2	0	1	1479	109	1587	0.0	2659
Ga0374711_05_1544_3022	CP000240.1:2150251-2151814|CDS|CYB_2051	83.665	1457	230	3	1	1450	55	1510	0.0	1549
Ga0374711_05_3127_3564	CP000239.1:84184-84595|CDS|CYA_0086	100.000	411	0	0	28	438	1	411	0.0	742
Ga0374711_05_3127_3564	CP000240.1:2149724-2150195|CDS|CYB_2050	81.633	392	67	3	42	432	84	471	3.56e-104	374
Ga0374711_05_3670_3855	CP000239.1:83851-84037|CDS|CYA_0085	99.462	186	1	0	1	186	1	186	1.50e-91	332
Ga0374711_05_3670_3855	CP000240.1:2149331-2149643|CDS|CYB_2048	87.162	148	16	3	1	148	1	145	3.10e-43	171
Ga0374711_05_3670_3855	CP000240.1:2149241-2149673|CDS|CYB_2049	87.162	148	16	3	1	148	402	258	3.10e-43	171
Ga0374711_05_4015_4725	CP000239.1:82981-83692|CDS|CYA_0084	99.156	711	6	0	1	711	1	711	0.0	1256
Ga0374711_05_4015_4725	CP000240.1:2148515-2149226|CDS|CYB_2047	89.504	705	74	0	7	711	7	711	0.0	939
Ga0374711_05_4883_5467	CP000239.1:82002-82824|CDS|CYA_0083	99.487	585	3	0	1	585	238	822	0.0	1042
Ga0374711_05_4883_5467	CP000240.1:2147547-2148366|CDS|CYB_2046	81.757	592	97	4	1	585	232	819	9.28e-164	573
Ga0374711_05_6012_6878	CP000239.1:80828-81851|CDS|CYA_0081	99.885	867	1	0	1	867	157	1023	0.0	1560
Ga0374711_05_6012_6878	CP000240.1:2146322-2147387|CDS|CYB_2044	79.847	918	134	1	1	867	148	1065	0.0	864
Ga0374711_05_6802_8595	CP000239.1:79111-80905|CDS|CYA_0082	97.659	1794	42	0	1	1794	1	1794	0.0	3047
Ga0374711_05_6802_8595	CP000240.1:2144572-2146399|CDS|CYB_2045	81.616	1795	299	6	25	1790	31	1823	0.0	1751
Ga0374711_05_8908_9150	CP000239.1:78556-79003|CDS|CYA_0080	100.000	243	0	0	1	243	205	447	5.41e-124	439
Ga0374711_05_8908_9150	CP000240.1:2143236-2143479|CDS|CYB_2042	91.770	243	20	0	1	243	1	243	7.53e-97	349
Ga0374711_05_9258_9794	CP000239.1:77912-78449|CDS|CYA_0079	100.000	537	0	0	1	537	1	537	0.0	969
Ga0374711_05_10148_10411	CP000239.1:77337-77559|CDS|CYA_0078	77.323	269	9	7	1	264	1	222	6.79e-60	226
Ga0374711_05_10148_10411	CP000240.1:2142258-2142483|CDS|CYB_2040	68.462	260	40	8	4	263	7	224	1.95e-22	102
Ga0374711_06_3_1460	CP000239.1:1879000-1880533|CDS|CYA_1876	98.491	1458	22	0	1	1458	76	1533	0.0	2531
Ga0374711_06_3_1460	CP000240.1:1633311-1634748|CDS|CYB_1559	85.164	1375	202	2	1	1374	34	1407	0.0	1553
Ga0374711_06_2061_2945	CP000239.1:1880797-1881943|CDS|CYA_1877	99.774	885	2	0	1	885	262	1146	0.0	1588
Ga0374711_06_2061_2945	CP000240.1:1631826-1632849|CDS|CYB_1558	85.633	884	123	2	4	885	142	1023	0.0	1017
Ga0374711_06_2955_4139	CP000239.1:1881952-1883137|CDS|CYA_1878	99.241	1185	9	0	1	1185	1	1185	0.0	2097
Ga0374711_06_2955_4139	CP000240.1:1630632-1631817|CDS|CYB_1557	89.358	1184	126	0	1	1184	1	1184	0.0	1568
Ga0374711_06_4318_5055	CP000239.1:1883315-1884053|CDS|CYA_1880	99.864	738	1	0	1	738	1	738	0.0	1327
Ga0374711_06_4318_5055	CP000240.1:1629669-1630407|CDS|CYB_1555	87.517	737	92	0	1	737	1	737	0.0	915
Ga0374711_06_5052_6020	CP000239.1:1884049-1885003|CDS|CYA_1879	100.000	954	0	0	16	969	1	954	0.0	1721
Ga0374711_06_5052_6020	CP000240.1:1628713-1629673|CDS|CYB_1556	89.915	942	95	0	16	957	1	942	0.0	1271
Ga0374711_06_6071_8722	CP000239.1:1885068-1887720|CDS|CYA_1881	98.341	2652	44	0	1	2652	1	2652	0.0	4585
Ga0374711_06_6071_8722	CP000240.1:1598111-1600766|CDS|CYB_1521	83.932	2645	409	4	1	2631	1	2643	0.0	2851
Ga0374711_07_1914_2663	CP000239.1:1083394-1084351|CDS|CYA_1067	100.000	750	0	0	1	750	208	957	0.0	1353
Ga0374711_07_1914_2663	CP000240.1:280291-281254|CDS|CYB_0265	81.166	669	102	4	1	663	235	885	0.0	643
Ga0374711_07_2747_3031	CP000239.1:1083026-1083311|CDS|CYA_1066	100.000	285	0	0	1	285	1	285	1.02e-146	515
Ga0374711_07_2747_3031	CP000240.1:281336-281615|CDS|CYB_0266	84.155	284	39	2	2	285	2	279	9.59e-84	306
Ga0374711_07_3118_4845	CP000239.1:1081212-1082940|CDS|CYA_1065	99.711	1728	5	0	1	1728	1	1728	0.0	3094
Ga0374711_07_3118_4845	CP000240.1:281682-283410|CDS|CYB_0267	88.709	1727	195	0	1	1727	1	1727	0.0	2236
Ga0374711_07_4864_6237	CP000239.1:1079820-1081194|CDS|CYA_1064	99.272	1374	10	0	1	1374	1	1374	0.0	2434
Ga0374711_07_4864_6237	CP000240.1:283432-284806|CDS|CYB_0268	87.865	1368	164	2	1	1367	1	1367	0.0	1712
Ga0374711_07_6500_6949	CP000239.1:1079108-1079558|CDS|CYA_1063	100.000	450	0	0	1	450	1	450	0.0	812
Ga0374711_07_6500_6949	CP000240.1:286028-286478|CDS|CYB_0270	88.889	450	50	0	1	450	1	450	3.20e-168	587
Ga0374711_07_7024_7524	CP000239.1:1078416-1079034|CDS|CYA_1062	94.611	501	27	0	1	501	118	618	0.0	783
Ga0374711_07_7024_7524	CP000240.1:286565-287237|CDS|CYB_0271	81.670	491	90	0	4	494	175	665	3.83e-136	480
Ga0374711_07_7763_8275	CP000239.1:1077737-1078295|CDS|CYA_1061	93.957	513	31	0	1	513	46	558	0.0	786
Ga0374711_07_7763_8275	CP000240.1:287287-287800|CDS|CYB_0272	90.157	508	50	0	1	508	1	508	0.0	691
Ga0374711_07_8342_8662	CP000239.1:1077376-1077709|CDS|CYA_1060	98.754	321	4	0	1	321	13	333	8.92e-161	562
Ga0374711_07_8342_8662	CP000240.1:287861-288215|CDS|CYB_0273	86.164	318	44	0	4	321	37	354	7.34e-105	376
Ga0374711_08_48_1007	CP000239.1:2272521-2273481|CDS|CYA_2264	99.896	960	1	0	1	960	1	960	0.0	1728
Ga0374711_08_48_1007	CP000240.1:469830-470799|CDS|CYB_0465	85.655	969	130	2	1	960	1	969	0.0	1121
Ga0374711_08_1194_2402	CP000239.1:2273667-2274876|CDS|CYA_2265	99.835	1209	2	0	1	1209	1	1209	0.0	2172
Ga0374711_08_1194_2402	CP000240.1:466818-468018|CDS|CYB_0462	84.107	1120	176	2	91	1209	82	1200	0.0	1211
Ga0374711_08_2498_3688	CP000239.1:2274971-2276132|CDS|CYA_2266	99.742	1161	3	0	31	1191	1	1161	0.0	2081
Ga0374711_08_2498_3688	CP000240.1:2079055-2080213|CDS|CYB_1979	80.690	1160	221	1	32	1191	2	1158	0.0	1081
Ga0374711_08_2498_3688	CP000240.1:465555-466713|CDS|CYB_0461	80.517	1160	223	1	32	1191	2	1158	0.0	1072
Ga0374711_08_4158_5171	CP000239.1:2276670-2277645|CDS|CYA_2267	100.000	975	0	0	40	1014	1	975	0.0	1759
Ga0374711_08_4158_5171	CP000240.1:464347-465361|CDS|CYB_0460	84.320	1014	159	0	1	1014	1	1014	0.0	1113
Ga0374711_08_4158_5171	CP000240.1:2080407-2081415|CDS|CYB_1980	82.939	1014	167	1	1	1014	1	1008	0.0	1050
Ga0374711_08_5558_6532	CP000239.1:2278031-2279024|CDS|CYA_2269	100.000	975	0	0	1	975	19	993	0.0	1759
Ga0374711_08_5558_6532	CP000240.1:463029-463950|CDS|CYB_0458	78.381	902	152	7	76	975	61	921	0.0	755
Ga0374711_08_6554_7375	CP000239.1:2279027-2279849|CDS|CYA_2270	95.620	822	36	0	1	822	1	822	0.0	1321
Ga0374711_08_6554_7375	CP000240.1:462169-463003|CDS|CYB_0457	78.032	742	141	5	1	728	1	734	2.71e-172	601
Ga0374711_08_7394_8026	CP000239.1:2279867-2280500|CDS|CYA_2271	100.000	633	0	0	1	633	1	633	0.0	1142
Ga0374711_08_7394_8026	CP000240.1:461524-462157|CDS|CYB_0456	88.291	632	74	0	1	632	1	632	0.0	807
Ga0374711_08_8023_8760	CP000239.1:2280496-2281234|CDS|CYA_2272	100.000	738	0	0	1	738	1	738	0.0	1332
Ga0374711_08_8023_8760	CP000240.1:460790-461510|CDS|CYB_0455	85.097	718	107	0	1	718	1	718	0.0	813
Ga0374711_09_154_873	CP000239.1:1169040-1170579|CDS|CYA_1145	100.000	720	0	0	1	720	820	1539	0.0	1299
Ga0374711_09_154_873	CP000240.1:2733292-2734828|CDS|CYB_2646	81.944	720	121	2	1	720	826	1536	0.0	712
Ga0374711_09_1004_1198	CP000239.1:1170709-1170904|CDS|CYA_1147	98.974	195	2	0	1	195	1	195	2.50e-95	343
Ga0374711_09_1004_1198	CP000240.1:2732927-2733122|CDS|CYB_2644	84.615	195	30	0	1	195	1	195	2.51e-57	217
Ga0374711_09_1195_1986	CP000239.1:1170900-1171863|CDS|CYA_1146	97.368	798	15	1	1	792	166	963	0.0	1358
Ga0374711_09_1195_1986	CP000240.1:2731980-2732931|CDS|CYB_2645	72.125	800	199	6	1	791	166	950	4.43e-125	444
Ga0374711_09_2157_3437	CP000239.1:1171868-1173149|CDS|CYA_1148	99.844	1281	2	0	1	1281	1	1281	0.0	2302
Ga0374711_09_2157_3437	CP000240.1:2730694-2731954|CDS|CYB_2643	89.806	1236	126	0	1	1236	1	1236	0.0	1662
Ga0374711_09_3585_3860	CP000239.1:1173296-1173572|CDS|CYA_1149	100.000	276	0	0	1	276	1	276	7.58e-142	499
Ga0374711_09_3585_3860	CP000240.1:2730221-2730497|CDS|CYB_2642	86.567	268	36	0	1	268	1	268	1.20e-88	322
Ga0374711_09_3883_4359	CP000239.1:1173594-1174071|CDS|CYA_1150	100.000	477	0	0	1	477	1	477	0.0	861
Ga0374711_09_3883_4359	CP000240.1:2729687-2730170|CDS|CYB_2641	90.433	439	42	0	1	439	37	475	4.42e-173	603
Ga0374711_09_4477_6342	CP000239.1:1174188-1176054|CDS|CYA_1151	99.035	1866	18	0	1	1866	1	1866	0.0	3285
Ga0374711_09_4477_6342	CP000240.1:2725443-2727342|CDS|CYB_2635	86.197	1804	243	2	1	1798	1	1804	0.0	2128
Ga0374711_09_6461_6889	CP000239.1:1176172-1176601|CDS|CYA_1152	99.767	429	1	0	1	429	1	429	0.0	770
Ga0374711_09_6461_6889	CP000240.1:2724876-2725314|CDS|CYB_2634	84.149	429	68	0	1	429	10	438	2.05e-132	468
Ga0374711_09_7198_7659	CP000239.1:1176915-1177371|CDS|CYA_1153	100.000	456	0	0	7	462	1	456	0.0	823
Ga0374711_09_7198_7659	CP000240.1:2715649-2716102|CDS|CYB_2623	83.921	454	67	1	7	460	1	448	1.95e-139	491
Ga0374711_10_443_937	CP000239.1:1059441-1059936|CDS|CYA_1040	100.000	495	0	0	1	495	1	495	0.0	893
Ga0374711_10_443_937	CP000240.1:2961045-2961606|CDS|CYB_2863	94.366	426	24	0	34	459	34	459	0.0	661
Ga0374711_10_1161_1271	CP000240.1:2961045-2961606|CDS|CYB_2863	99.038	104	1	0	8	111	458	561	2.68e-47	184
Ga0374711_10_3218_5125	CP000239.1:1056279-1058187|CDS|CYA_1038	98.166	1908	35	0	1	1908	1	1908	0.0	3284
Ga0374711_10_3218_5125	CP000240.1:2958120-2960031|CDS|CYB_2861	95.068	1845	91	0	64	1908	67	1911	0.0	2918
Ga0374711_10_5172_5660	CP000239.1:1055744-1056233|CDS|CYA_1037	100.000	489	0	0	1	489	1	489	0.0	883
Ga0374711_10_5172_5660	CP000240.1:2956991-2957483|CDS|CYB_2859	87.373	491	59	1	1	488	1	491	1.30e-173	605
Ga0374711_10_5910_6365	CP000239.1:1055039-1055432|CDS|CYA_1035	99.491	393	2	0	64	456	1	393	0.0	700
Ga0374711_10_5910_6365	CP000240.1:2956211-2956679|CDS|CYB_2858	79.618	471	78	3	1	456	1	468	9.95e-118	420
Ga0374711_10_6333_6827	CP000239.1:88305-89487|CDS|CYA_0091	76.497	451	75	2	1	444	718	1144	3.79e-98	355
Ga0374711_10_6880_7149	CP000240.1:2796782-2798000|CDS|CYB_2707	72.917	288	52	3	1	262	370	657	3.16e-45	178
Ga0374711_10_6880_7149	CP000240.1:1521392-1522610|CDS|CYB_1450	72.222	288	54	3	1	262	394	681	1.64e-42	169
Ga0374711_10_6880_7149	CP000240.1:1190675-1191869|CDS|CYB_1151	76.549	226	47	2	1	220	370	595	1.99e-41	166
Ga0374711_10_6880_7149	CP000240.1:2644164-2645358|CDS|CYB_2538	75.785	223	48	2	1	217	370	592	1.03e-38	156
Ga0374711_10_6880_7149	CP000240.1:1358129-1359347|CDS|CYB_1297	71.181	288	57	3	1	262	394	681	1.03e-38	156
Ga0374711_10_6880_7149	CP000240.1:102811-104029|CDS|CYB_0087	71.181	288	57	3	1	262	394	681	1.03e-38	156
Ga0374711_10_6880_7149	CP000239.1:2170714-2171908|CDS|CYA_2158	71.181	288	57	3	1	262	370	657	1.03e-38	156
Ga0374711_10_6880_7149	CP000240.1:3008652-3009870|CDS|CYB_2910	70.833	288	58	3	1	262	394	681	4.39e-37	151
Ga0374711_10_6880_7149	CP000240.1:1803089-1804283|CDS|CYB_1722	71.223	278	54	3	11	262	380	657	4.39e-37	151
Ga0374711_10_6880_7149	CP000240.1:638632-639850|CDS|CYB_0630	70.833	288	58	3	1	262	394	681	4.39e-37	151
Ga0374711_10_6880_7149	CP000240.1:1064975-1066169|CDS|CYB_1023	70.486	288	59	3	1	262	370	657	5.35e-36	147
Ga0374711_10_6880_7149	CP000240.1:629484-630702|CDS|CYB_0620	74.336	226	52	2	1	220	394	619	6.52e-35	143
Ga0374711_10_6880_7149	CP000239.1:1594889-1596107|CDS|CYA_1585	74.336	226	52	2	1	220	370	595	6.52e-35	143
Ga0374711_10_6880_7149	CP000240.1:52430-53648|CDS|CYB_0041	74.439	223	51	2	1	217	370	592	2.28e-34	142
Ga0374711_10_6880_7149	CP000240.1:2247371-2248565|CDS|CYB_2147	74.537	216	49	2	11	220	380	595	2.77e-33	139
Ga0374711_10_6880_7149	CP000240.1:2210858-2212052|CDS|CYB_2117	74.537	216	49	2	11	220	380	595	2.77e-33	139
Ga0374711_10_6880_7149	CP000240.1:2128026-2129220|CDS|CYB_2026	74.208	221	51	2	1	215	370	590	2.77e-33	139
Ga0374711_10_6880_7149	CP000239.1:712444-713638|CDS|CYA_0704	73.894	226	53	2	1	220	370	595	2.77e-33	139
Ga0374711_10_6880_7149	CP000240.1:1267756-1268992|CDS|CYB_1227	69.792	288	61	3	1	262	394	681	2.77e-33	138
Ga0374711_10_6880_7149	CP000240.1:1083184-1084426|CDS|CYB_1042	69.792	288	61	3	1	262	394	681	2.77e-33	138
Ga0374711_10_6880_7149	CP000240.1:241642-242836|CDS|CYB_0233	69.792	288	61	3	1	262	370	657	2.77e-33	138
Ga0374711_10_6880_7149	CP000240.1:1842322-1843549|CDS|CYB_1759	71.200	250	46	3	38	261	407	656	9.68e-33	137
Ga0374711_10_6880_7149	CP000240.1:2830275-2831565|CDS|CYB_2735	69.686	287	61	3	1	261	394	680	9.68e-33	136
Ga0374711_10_6880_7149	CP000240.1:2168360-2169515|CDS|CYB_2071	69.759	291	56	5	1	262	370	657	3.38e-32	135
Ga0374711_10_6880_7149	CP000240.1:2661652-2662870|CDS|CYB_2557	73.451	226	54	2	1	220	370	595	3.38e-32	134
Ga0374711_10_6880_7149	CP000240.1:1316312-1317548|CDS|CYB_1259	70.916	251	47	3	38	262	407	657	3.38e-32	134
Ga0374711_10_6880_7149	CP000239.1:88305-89487|CDS|CYA_0091	74.408	211	48	2	20	224	389	599	3.38e-32	134
Ga0374711_10_6880_7149	CP000240.1:2506708-2507857|CDS|CYB_2410	71.739	230	39	3	59	262	524	753	1.18e-31	132
Ga0374711_10_6880_7149	CP000240.1:1384265-1385459|CDS|CYB_1322	69.338	287	62	3	1	261	370	656	4.11e-31	132
Ga0374711_10_6880_7149	CP000239.1:774779-775973|CDS|CYA_0767	69.338	287	62	3	1	261	370	656	4.11e-31	132
Ga0374711_10_6880_7149	CP000240.1:2933473-2934709|CDS|CYB_2835	73.009	226	55	2	1	220	394	619	1.44e-30	130
Ga0374711_10_6880_7149	CP000240.1:1954838-1956056|CDS|CYB_1872	73.009	226	55	2	1	220	370	595	1.44e-30	130
Ga0374711_10_6880_7149	CP000240.1:2619921-2621115|CDS|CYB_2521	69.097	288	63	3	1	262	370	657	1.44e-30	129
Ga0374711_10_6880_7149	CP000240.1:2219258-2220470|CDS|CYB_2126	73.094	223	54	2	1	217	370	592	1.44e-30	129
Ga0374711_10_6880_7149	CP000240.1:1244785-1246021|CDS|CYB_1201	69.097	288	63	3	1	262	394	681	1.44e-30	129
Ga0374711_10_6880_7149	CP000240.1:1015074-1016268|CDS|CYB_0979	70.120	251	49	3	38	262	407	657	1.75e-29	125
Ga0374711_10_6880_7149	CP000239.1:893439-894633|CDS|CYA_0887	72.566	226	56	2	1	220	370	595	1.75e-29	125
Ga0374711_10_6880_7149	CP000240.1:1917270-1918464|CDS|CYB_1826	73.239	213	51	2	11	217	380	592	6.11e-29	124
Ga0374711_10_6880_7149	CP000240.1:481588-482800|CDS|CYB_0472	68.750	288	64	3	1	262	370	657	6.11e-29	124
Ga0374711_10_6880_7149	CP000239.1:994256-995468|CDS|CYA_0981	72.646	223	55	2	1	217	370	592	6.11e-29	124
Ga0374711_10_6880_7149	CP000239.1:629980-631174|CDS|CYA_0620	72.124	226	57	2	1	220	370	595	7.44e-28	121
Ga0374711_10_6880_7149	CP000240.1:1763450-1764623|CDS|CYB_1688	72.197	223	56	2	1	217	370	592	7.44e-28	120
Ga0374711_10_6880_7149	CP000239.1:693322-694534|CDS|CYA_0687	72.197	223	56	2	1	217	370	592	7.44e-28	120
Ga0374711_10_6880_7149	CP000240.1:2553363-2554557|CDS|CYB_2454	72.034	236	58	4	1	230	371	604	2.60e-27	118
Ga0374711_10_6880_7149	CP000240.1:2565689-2566883|CDS|CYB_2468	71.875	224	55	3	1	217	370	592	3.16e-26	114
Ga0374711_10_6880_7149	CP000240.1:605550-606744|CDS|CYB_0598	68.775	253	53	3	36	262	405	657	3.85e-25	111
Ga0374711_10_6880_7149	CP000239.1:698055-699204|CDS|CYA_0690	71.300	223	58	2	1	217	370	592	3.85e-25	111
Ga0374711_11_9_302	CP000239.1:2610754-2611231|CDS|CYA_2587	99.660	294	1	0	1	294	163	456	5.84e-150	526
Ga0374711_11_9_302	CP000239.1:2604255-2604732|CDS|CYA_2580	99.660	294	1	0	1	294	163	456	5.84e-150	526
Ga0374711_11_9_302	CP000239.1:563303-563780|CDS|CYA_0549	99.660	294	1	0	1	294	163	456	5.84e-150	526
Ga0374711_11_9_302	CP000239.1:1922539-1923016|CDS|CYA_1913	99.320	294	2	0	1	294	163	456	7.12e-149	522
Ga0374711_11_9_302	CP000239.1:65282-65759|CDS|CYA_0068	99.320	294	2	0	1	294	163	456	7.12e-149	522
Ga0374711_11_9_302	CP000239.1:2426211-2426688|CDS|CYA_2415	98.980	294	3	0	1	294	163	456	3.03e-147	517
Ga0374711_11_9_302	CP000239.1:2362619-2363096|CDS|CYA_2355	98.980	294	3	0	1	294	163	456	3.03e-147	517
Ga0374711_11_9_302	CP000239.1:1161245-1161722|CDS|CYA_1137	98.980	294	3	0	1	294	163	456	3.03e-147	517
Ga0374711_11_9_302	CP000239.1:2085206-2085683|CDS|CYA_2064	98.639	294	4	0	1	294	163	456	3.69e-146	513
Ga0374711_11_9_302	CP000239.1:1968829-1969306|CDS|CYA_1958	98.639	294	4	0	1	294	163	456	3.69e-146	513
Ga0374711_11_9_302	CP000239.1:1153630-1154107|CDS|CYA_1128	98.299	294	5	0	1	294	163	456	1.57e-144	508
Ga0374711_11_9_302	CP000239.1:152387-152861|CDS|CYA_0156	98.299	294	5	0	1	294	163	456	1.57e-144	508
Ga0374711_11_9_302	CP000239.1:2741014-2741329|CDS|CYA_2724	97.959	294	6	0	1	294	1	294	1.91e-143	504
Ga0374711_11_9_302	CP000239.1:2654704-2655019|CDS|CYA_2640	97.959	294	6	0	1	294	1	294	1.91e-143	504
Ga0374711_11_9_302	CP000239.1:2237233-2237710|CDS|CYA_2221	97.959	294	6	0	1	294	163	456	1.91e-143	504
Ga0374711_11_496_1407	CP000239.1:2425127-2425949|CDS|CYA_2413	99.878	822	1	0	91	912	1	822	0.0	1479
Ga0374711_11_496_1407	CP000240.1:2402263-2403088|CDS|CYB_2297	81.054	797	148	2	91	887	1	794	0.0	751
Ga0374711_11_1676_2479	CP000239.1:2424055-2424829|CDS|CYA_2412	100.000	774	0	0	31	804	1	774	0.0	1397
Ga0374711_11_1676_2479	CP000240.1:2317632-2318424|CDS|CYB_2209	82.682	768	133	0	2	769	5	772	0.0	786
Ga0374711_11_2484_4805	CP000239.1:2420391-2424051|CDS|CYA_2411	99.397	2322	14	0	1	2322	1339	3660	0.0	4125
Ga0374711_11_2484_4805	CP000240.1:2313603-2317278|CDS|CYB_2208	86.749	2347	272	8	1	2320	1339	3673	0.0	2830
Ga0374711_11_4681_6144	CP000239.1:2420391-2424051|CDS|CYA_2411	99.863	1464	1	1	1	1464	1	1463	0.0	2628
Ga0374711_11_4681_6144	CP000240.1:2313603-2317278|CDS|CYB_2208	89.959	1464	146	1	1	1464	1	1463	0.0	1975
Ga0374711_12_9_2702	CP000239.1:1817210-1819907|CDS|CYA_1814	97.775	2697	57	1	1	2694	1	2697	0.0	4592
Ga0374711_12_9_2702	CP000240.1:439913-442607|CDS|CYB_0431	97.290	2694	73	0	1	2694	1	2694	0.0	4530
Ga0374711_12_9_2702	CP000239.1:1852541-1855241|CDS|CYA_1851	89.852	2700	268	2	1	2694	1	2700	0.0	3631
Ga0374711_12_3023_4159	CP000240.1:442669-443806|CDS|CYB_0432	99.033	1137	11	0	1	1137	1	1137	0.0	2002
Ga0374711_12_3023_4159	CP000239.1:1815753-1816890|CDS|CYA_1812	98.593	1137	16	0	1	1137	1	1137	0.0	1979
Ga0374711_12_3023_4159	CP000239.1:1851391-1852504|CDS|CYA_1850	81.970	1137	181	5	1	1137	1	1113	0.0	1126
Ga0374711_12_4300_5364	CP000239.1:1814549-1815614|CDS|CYA_1811	99.718	1065	3	0	1	1065	1	1065	0.0	1908
Ga0374711_12_4300_5364	CP000239.1:1288197-1289262|CDS|CYA_1274	98.965	1063	11	0	1	1063	1	1063	0.0	1868
Ga0374711_12_4300_5364	CP000239.1:1850153-1851218|CDS|CYA_1849	98.589	1063	15	0	1	1063	1	1063	0.0	1850
Ga0374711_12_4300_5364	CP000240.1:384572-385637|CDS|CYB_0371	93.239	1065	72	0	1	1065	1	1065	0.0	1597
Ga0374711_12_4300_5364	CP000240.1:443946-445011|CDS|CYB_0433	93.146	1065	73	0	1	1065	1	1065	0.0	1592
Ga0374711_12_4300_5364	CP000240.1:226513-227569|CDS|CYB_0216	73.869	995	245	8	49	1034	58	1046	1.24e-171	600
Ga0374711_12_4300_5364	CP000239.1:1753540-1754599|CDS|CYA_1748	73.158	991	259	6	49	1034	58	1046	7.30e-162	568
Ga0374711_12_5469_7349	CP000239.1:1811889-1814445|CDS|CYA_1810	99.468	1881	10	0	1	1881	676	2556	0.0	3348
Ga0374711_12_5469_7349	CP000240.1:385744-388288|CDS|CYB_0372	87.152	1868	234	3	1	1865	676	2540	0.0	2279
Ga0374711_13_673_996	CP000239.1:1390973-1391297|CDS|CYA_1384	100.000	324	0	0	1	324	1	324	7.90e-168	585
Ga0374711_13_673_996	CP000240.1:2673673-2673997|CDS|CYB_2569	91.250	320	28	0	1	320	1	320	1.17e-127	452
Ga0374711_13_1031_1480	CP000239.1:1390489-1390939|CDS|CYA_1383	100.000	450	0	0	1	450	1	450	0.0	812
Ga0374711_13_1031_1480	CP000240.1:2674025-2674475|CDS|CYB_2570	82.483	451	77	2	1	450	1	450	5.79e-127	451
Ga0374711_13_1477_1980	CP000239.1:1389989-1390490|CDS|CYA_1382	99.800	501	1	0	4	504	1	501	0.0	900
Ga0374711_13_1477_1980	CP000240.1:2674474-2674975|CDS|CYB_2571	88.423	501	58	0	4	504	1	501	0.0	643
Ga0374711_13_2209_2733	CP000239.1:1389236-1389761|CDS|CYA_1380	100.000	525	0	0	1	525	1	525	0.0	948
Ga0374711_13_2209_2733	CP000240.1:2675266-2675803|CDS|CYB_2573	85.878	524	74	0	2	525	14	537	9.44e-176	612
Ga0374711_13_2730_3530	CP000239.1:1388535-1389240|CDS|CYA_1381	100.000	705	0	0	97	801	1	705	0.0	1272
Ga0374711_13_2730_3530	CP000240.1:2675799-2676627|CDS|CYB_2572	76.675	836	138	11	1	797	1	818	0.0	631
Ga0374711_13_4017_4226	CP000239.1:1387368-1387680|CDS|CYA_1378	100.000	210	0	0	1	210	103	312	3.78e-106	379
Ga0374711_13_4017_4226	CP000240.1:2433114-2433426|CDS|CYB_2324	84.135	208	33	0	1	208	103	310	5.27e-60	227
Ga0374711_13_4490_4777	CP000239.1:1386919-1387207|CDS|CYA_1376	100.000	288	0	0	1	288	1	288	2.43e-148	520
Ga0374711_13_4490_4777	CP000240.1:2433608-2433896|CDS|CYB_2325	89.931	288	29	0	1	288	1	288	1.03e-108	389
Ga0374711_13_5097_5339	CP000239.1:1384523-1384889|CDS|CYA_1373	100.000	243	0	0	1	243	124	366	5.41e-124	439
Ga0374711_13_5097_5339	CP000240.1:1622161-1622404|CDS|CYB_1546	81.328	241	45	0	1	241	1	241	1.46e-61	233
Ga0374711_13_5356_6570	CP000239.1:1383292-1384507|CDS|CYA_1372	99.835	1215	2	0	1	1215	1	1215	0.0	2183
Ga0374711_13_5356_6570	CP000240.1:1988655-1989891|CDS|CYB_1903	82.667	1200	208	0	12	1211	9	1208	0.0	1227
Ga0374711_14_990_3191	CP000239.1:2771628-2773785|CDS|CYA_2752	99.815	2157	4	0	46	2202	1	2157	0.0	3873
Ga0374711_14_990_3191	CP000240.1:642011-644168|CDS|CYB_0632	87.331	2147	272	0	46	2192	1	2147	0.0	2646
Ga0374711_14_990_3191	CP000239.1:2141367-2143968|CDS|CYA_2127	62.896	1706	578	31	343	2019	331	2010	1.03e-30	133
Ga0374711_14_990_3191	CP000240.1:2772842-2775443|CDS|CYB_2688	62.544	1714	571	31	343	2019	331	2010	1.87e-27	122
Ga0374711_14_3364_5280	CP000239.1:2769532-2771449|CDS|CYA_2751	99.896	1917	2	0	1	1917	1	1917	0.0	3449
Ga0374711_14_3364_5280	CP000240.1:639991-641908|CDS|CYB_0631	87.011	1917	249	0	1	1917	1	1917	0.0	2335
Ga0374711_14_5510_5983	CP000239.1:2768829-2769303|CDS|CYA_2749	100.000	474	0	0	1	474	1	474	0.0	856
Ga0374711_14_5510_5983	CP000240.1:637943-638417|CDS|CYB_0627	85.654	474	68	0	1	474	1	474	8.49e-157	549
Ga0374711_14_5980_6231	CP000239.1:2768581-2768833|CDS|CYA_2750	100.000	252	0	0	1	252	1	252	7.33e-129	455
Ga0374711_14_5980_6231	CP000240.1:637686-637947|CDS|CYB_0628	87.556	225	28	0	1	225	1	225	3.34e-76	280
Ga0374711_15_302_3547	CP000239.1:1038332-1041368|CDS|CYA_1021	97.771	3051	53	1	196	3246	1	3036	0.0	5205
Ga0374711_15_3893_4639	CP000239.1:1041546-1042437|CDS|CYA_1022	92.236	747	58	0	1	747	145	891	0.0	1086
Ga0374711_15_3893_4639	CP000240.1:1490935-1491823|CDS|CYB_1422	80.055	722	144	0	2	723	128	849	0.0	654
Ga0374711_15_4718_4987	CP000239.1:1042529-1042799|CDS|CYA_1023	100.000	270	0	0	1	270	1	270	1.34e-138	488
Ga0374711_15_4718_4987	CP000240.1:2723862-2724132|CDS|CYB_2632	85.283	265	35	2	1	263	1	263	4.68e-81	297
Ga0374711_15_5084_5752	CP000239.1:1042832-1043561|CDS|CYA_1024	98.193	664	12	0	1	664	64	727	0.0	1144
Ga0374711_15_5084_5752	CP000240.1:2723145-2723826|CDS|CYB_2631	86.170	658	91	0	1	658	22	679	0.0	777
Ga0374711_15_5997_6209	CP000239.1:1043738-1043951|CDS|CYA_1025	95.775	213	9	0	1	213	1	213	2.77e-95	344
Ga0374711_15_5997_6209	CP000240.1:2722675-2722888|CDS|CYB_2630	88.263	213	25	0	1	213	1	213	1.43e-73	272
Ga0374711_16_648_1994	CP000239.1:1574741-1576091|CDS|CYA_1567	85.556	1350	192	1	1	1347	1	1350	0.0	1554
Ga0374711_16_648_1994	CP000240.1:1100687-1102058|CDS|CYB_1063	85.000	1340	198	1	1	1337	1	1340	0.0	1509
Ga0374711_16_2069_2398	CP000239.1:1574336-1574666|CDS|CYA_1565	97.872	329	7	0	1	329	1	329	9.19e-161	563
Ga0374711_16_2069_2398	CP000240.1:1102132-1102462|CDS|CYB_1064	90.578	329	31	0	1	329	1	329	3.43e-128	454
Ga0374711_16_2561_2935	CP000239.1:1573799-1574174|CDS|CYA_1564	100.000	375	0	0	1	375	1	375	0.0	677
Ga0374711_16_2561_2935	CP000240.1:1102632-1103001|CDS|CYB_1065	83.378	373	56	1	1	373	1	367	3.22e-110	395
Ga0374711_16_2978_4756	CP000239.1:1571984-1573757|CDS|CYA_1563	99.887	1773	2	0	7	1779	1	1773	0.0	3189
Ga0374711_16_2978_4756	CP000240.1:1103049-1104822|CDS|CYB_1066	85.892	1772	250	0	7	1778	1	1772	0.0	2069
Ga0374711_16_4903_6189	CP000239.1:1570545-1571832|CDS|CYA_1562	93.862	1287	79	0	1	1287	1	1287	0.0	1966
Ga0374711_16_4903_6189	CP000240.1:1104957-1106244|CDS|CYB_1067	88.500	1287	148	0	1	1287	1	1287	0.0	1654
Ga0374711_17_264_1214	CP000239.1:969243-970194|CDS|CYA_0956	100.000	951	0	0	1	951	1	951	0.0	1716
Ga0374711_17_1288_1464	CP000239.1:970267-970444|CDS|CYA_0957	100.000	177	0	0	1	177	1	177	2.56e-88	320
Ga0374711_17_2603_3469	CP000239.1:971754-972450|CDS|CYA_0959	98.994	696	7	0	172	867	1	696	0.0	1224
Ga0374711_17_3546_4955	CP000239.1:972526-973936|CDS|CYA_0960	98.156	1410	26	0	1	1410	1	1410	0.0	2426
Ga0374711_17_3546_4955	CP000240.1:304467-305910|CDS|CYB_0292	80.403	1439	245	7	7	1410	7	1443	0.0	1326
Ga0374711_17_4933_6024	CP000239.1:973844-975005|CDS|CYA_0961	99.542	1092	5	0	1	1092	70	1161	0.0	1948
Ga0374711_17_4933_6024	CP000240.1:305818-306979|CDS|CYB_0293	82.113	1079	191	2	5	1082	74	1151	0.0	1069
Ga0374711_17_6039_6416	CP000239.1:975019-975553|CDS|CYA_0962	99.471	378	2	0	1	378	157	534	0.0	673
Ga0374711_18_921_1562	CP000239.1:1240338-1240980|CDS|CYA_1229	100.000	642	0	0	1	642	1	642	0.0	1159
Ga0374711_18_921_1562	CP000240.1:1468227-1468863|CDS|CYB_1400	86.625	643	78	3	1	642	1	636	0.0	766
Ga0374711_18_2127_2885	CP000239.1:1241543-1242302|CDS|CYA_1230	99.605	759	3	0	1	759	1	759	0.0	1356
Ga0374711_18_2127_2885	CP000240.1:1623298-1624045|CDS|CYB_1548	84.070	747	119	0	13	759	1	747	0.0	811
Ga0374711_18_2851_3972	CP000239.1:1242267-1243389|CDS|CYA_1231	100.000	1122	0	0	1	1122	1	1122	0.0	2024
Ga0374711_18_2851_3972	CP000240.1:1624022-1625144|CDS|CYB_1549	88.770	1122	126	0	1	1122	1	1122	0.0	1456
Ga0374711_18_4229_4984	CP000239.1:1243651-1244401|CDS|CYA_1232	100.000	750	0	0	7	756	1	750	0.0	1353
Ga0374711_18_4229_4984	CP000240.1:1625445-1626153|CDS|CYB_1550	86.187	695	96	0	53	747	11	705	0.0	821
Ga0374711_18_5184_5978	CP000239.1:1244600-1245395|CDS|CYA_1233	100.000	795	0	0	1	795	1	795	0.0	1434
Ga0374711_18_5184_5978	CP000240.1:1626261-1627056|CDS|CYB_1551	87.925	795	96	0	1	795	1	795	0.0	1002
Ga0374711_19_59_337	CP000239.1:2127640-2129362|CDS|CYA_2111	100.000	279	0	0	1	279	1444	1722	1.80e-143	504
Ga0374711_19_59_337	CP000240.1:2758982-2760683|CDS|CYB_2671	83.128	243	41	0	1	243	1444	1686	5.19e-68	254
Ga0374711_19_453_1397	CP000239.1:2129477-2130422|CDS|CYA_2112	99.788	945	2	0	1	945	1	945	0.0	1696
Ga0374711_19_453_1397	CP000240.1:2760688-2761633|CDS|CYB_2672	85.275	944	139	0	1	944	1	944	0.0	1076
Ga0374711_19_1443_2963	CP000239.1:2130467-2131988|CDS|CYA_2113	99.671	1521	5	0	1	1521	1	1521	0.0	2721
Ga0374711_19_1443_2963	CP000240.1:2761694-2763215|CDS|CYB_2673	88.823	1521	170	0	1	1521	1	1521	0.0	1977
Ga0374711_19_3023_3571	CP000239.1:2132047-2132596|CDS|CYA_2114	100.000	549	0	0	1	549	1	549	0.0	991
Ga0374711_19_3023_3571	CP000240.1:2763259-2763808|CDS|CYB_2674	81.387	548	102	0	1	548	1	548	9.28e-151	529
Ga0374711_19_3588_4148	CP000239.1:2132612-2133155|CDS|CYA_2115	100.000	543	0	0	19	561	1	543	0.0	980
Ga0374711_19_3588_4148	CP000240.1:2763828-2764392|CDS|CYB_2675	78.483	567	111	4	1	560	1	563	3.32e-131	465
Ga0374711_19_4184_4657	CP000239.1:2133208-2133682|CDS|CYA_2116	99.789	474	1	0	1	474	1	474	0.0	851
Ga0374711_19_4184_4657	CP000240.1:2764427-2764901|CDS|CYB_2676	83.087	473	80	0	1	473	1	473	5.73e-140	493
Ga0374711_19_4752_4997	CP000239.1:2133776-2134022|CDS|CYA_2117	100.000	246	0	0	1	246	1	246	1.29e-125	444
Ga0374711_19_4752_4997	CP000240.1:2764995-2765241|CDS|CYB_2677	90.083	242	24	0	1	242	1	242	7.15e-91	329
Ga0374711_19_5142_5252	CP000239.1:2134166-2134298|CDS|CYA_2118	99.099	111	1	0	1	111	22	132	4.25e-51	196
Ga0374711_19_5227_5979	CP000239.1:2134251-2134998|CDS|CYA_2119	99.732	747	2	0	7	753	1	747	0.0	1339
Ga0374711_19_5227_5979	CP000240.1:2765469-2766216|CDS|CYB_2679	90.094	747	74	0	7	753	1	747	0.0	1014
Ga0374711_20_967_1566	CP000239.1:2268270-2269023|CDS|CYA_2260	91.000	600	54	0	1	600	154	753	0.0	839
Ga0374711_20_967_1566	CP000240.1:1419041-1419602|CDS|CYB_1349	78.467	548	103	3	65	600	17	561	5.28e-129	457
Ga0374711_20_1662_2411	CP000239.1:2267425-2268175|CDS|CYA_2259	96.667	750	25	0	1	750	1	750	0.0	1241
Ga0374711_20_1662_2411	CP000240.1:1419904-1420654|CDS|CYB_1350	84.893	748	113	0	1	748	1	748	0.0	840
Ga0374711_20_2417_2728	CP000239.1:2267108-2267420|CDS|CYA_2258	99.038	312	3	0	1	312	1	312	5.46e-157	550
Ga0374711_20_2417_2728	CP000240.1:1420707-1421019|CDS|CYB_1351	97.742	310	7	0	1	310	1	310	1.78e-150	528
Ga0374711_20_2933_3778	CP000239.1:2266058-2266988|CDS|CYA_2257	96.217	846	32	0	1	846	85	930	0.0	1382
Ga0374711_20_2933_3778	CP000240.1:1421430-1422348|CDS|CYB_1353	79.657	816	166	0	1	816	85	900	0.0	724
Ga0374711_20_3799_5406	CP000239.1:2264430-2266038|CDS|CYA_2256	99.938	1608	1	0	1	1608	1	1608	0.0	2896
Ga0374711_20_3799_5406	CP000240.1:2348918-2350535|CDS|CYB_2244	83.302	1605	266	2	1	1604	1	1604	0.0	1680
Ga0374711_21_2636_3361	CP000240.1:1348754-1349453|CDS|CYB_1292	93.705	699	44	0	28	726	1	699	0.0	1063
Ga0374711_21_2636_3361	CP000239.1:1032527-1033253|CDS|CYA_1013	87.310	725	92	0	1	725	1	725	0.0	893
Ga0374711_21_4149_5180	CP000239.1:1034022-1035054|CDS|CYA_1015	95.034	1027	51	0	1	1027	1	1027	0.0	1623
Ga0374711_21_4149_5180	CP000240.1:1344743-1345835|CDS|CYB_1289	91.194	1022	90	0	1	1022	1	1022	0.0	1438
Ga0374711_21_5196_5714	CP000239.1:1035069-1035588|CDS|CYA_1016	94.220	519	30	0	1	519	1	519	0.0	801
Ga0374711_21_5196_5714	CP000240.1:1343930-1344449|CDS|CYB_1288	86.705	519	69	0	1	519	1	519	1.48e-179	626
Ga0374711_22_680_997	CP000239.1:2342431-2342749|CDS|CYA_2337	99.686	318	1	0	1	318	1	318	5.95e-163	570
Ga0374711_22_1036_1977	CP000239.1:2341358-2342393|CDS|CYA_2336	99.894	942	1	0	1	942	94	1035	0.0	1695
Ga0374711_22_1036_1977	CP000240.1:1167879-1168899|CDS|CYB_1130	86.200	942	130	0	1	942	79	1020	0.0	1113
Ga0374711_22_1036_1977	CP000240.1:953730-954756|CDS|CYB_0917	73.282	902	225	8	1	894	76	969	2.93e-147	519
Ga0374711_22_2309_2707	CP000239.1:2340707-2341106|CDS|CYA_2335	99.499	399	2	0	1	399	1	399	0.0	711
Ga0374711_22_2309_2707	CP000240.1:1796273-1796669|CDS|CYB_1713	79.793	386	78	0	12	397	9	394	1.56e-95	345
Ga0374711_22_2792_5650	CP000239.1:2337764-2340623|CDS|CYA_2333	99.965	2859	1	0	1	2859	1	2859	0.0	5152
Ga0374711_22_2792_5650	CP000240.1:1588913-1592726|CDS|CYB_1515	79.672	2253	440	8	1	2250	1	2238	0.0	1979
Ga0374711_22_5647_5874	CP000239.1:2336151-2337768|CDS|CYA_2334	100.000	228	0	0	1	228	1390	1617	7.01e-116	412
Ga0374711_22_5647_5874	CP000240.1:1592884-1594510|CDS|CYB_1516	74.611	193	45	4	4	194	1411	1601	9.16e-26	113
Ga0374711_23_2080_3870	CP000239.1:1135413-1137369|CDS|CYA_1109	99.777	1791	4	0	1	1791	166	1956	0.0	3213
Ga0374711_23_2080_3870	CP000240.1:1423512-1425348|CDS|CYB_1355	79.621	1845	305	17	1	1787	1	1832	0.0	1620
Ga0374711_23_4034_5236	CP000239.1:1137367-1138585|CDS|CYA_1110	93.546	1193	73	2	1	1191	1	1191	0.0	1800
Ga0374711_23_4034_5236	CP000240.1:1425513-1426740|CDS|CYB_1356	88.977	1134	122	1	73	1203	94	1227	0.0	1480
Ga0374711_24_26_301	CP000239.1:1071254-1071986|CDS|CYA_1053	100.000	276	0	0	1	276	457	732	7.58e-142	499
Ga0374711_24_26_301	CP000240.1:2497102-2497912|CDS|CYB_2397	84.783	276	42	0	1	276	535	810	7.60e-85	309
Ga0374711_24_426_557	CP000239.1:1070998-1071130|CDS|CYA_1052	100.000	132	0	0	1	132	1	132	4.91e-64	239
Ga0374711_24_659_1792	CP000239.1:1069763-1070897|CDS|CYA_1051	99.912	1134	1	0	1	1134	1	1134	0.0	2041
Ga0374711_24_659_1792	CP000240.1:2498323-2499439|CDS|CYB_2399	87.184	1108	142	0	1	1108	1	1108	0.0	1359
Ga0374711_24_1822_2808	CP000239.1:1068747-1069734|CDS|CYA_1050	100.000	987	0	0	1	987	1	987	0.0	1781
Ga0374711_24_1822_2808	CP000240.1:2499534-2500518|CDS|CYB_2400	87.248	941	120	0	46	986	43	983	0.0	1157
Ga0374711_24_2912_3868	CP000239.1:1067687-1068644|CDS|CYA_1049	99.896	957	1	0	1	957	1	957	0.0	1722
Ga0374711_24_2912_3868	CP000240.1:2970577-2971534|CDS|CYB_2874	86.938	957	125	0	1	957	1	957	0.0	1163
Ga0374711_24_4009_4299	CP000240.1:2970146-2970437|CDS|CYB_2873	93.471	291	19	0	1	291	1	291	6.60e-124	440
Ga0374711_24_4009_4299	CP000239.1:1067116-1067407|CDS|CYA_1048	90.722	291	27	0	1	291	1	291	4.75e-113	404
Ga0374711_24_4378_4896	CP000240.1:2969531-2970068|CDS|CYB_2872	90.664	482	45	0	1	482	1	482	0.0	667
Ga0374711_24_4378_4896	CP000239.1:1066527-1067049|CDS|CYA_1047	86.782	522	66	2	1	519	1	522	1.48e-179	625
Ga0374711_24_4899_5057	CP000240.1:2969370-2969529|CDS|CYB_2871	99.371	159	1	0	1	159	1	159	5.73e-77	283
Ga0374711_24_4899_5057	CP000239.1:1066354-1066525|CDS|CYA_1046	83.333	144	24	0	1	144	1	144	6.99e-38	152
Ga0374711_25_261_3680	CP000239.1:2181899-2185367|CDS|CYA_2169	97.855	3404	55	4	1	3404	49	3434	0.0	5809
Ga0374711_25_261_3680	CP000240.1:755730-759144|CDS|CYB_0734	81.481	3402	574	12	10	3404	43	3395	0.0	3292
Ga0374711_26_28_504	CP000239.1:524897-525431|CDS|CYA_0507	100.000	477	0	0	1	477	58	534	0.0	861
Ga0374711_26_28_504	CP000240.1:184302-184857|CDS|CYB_0171	81.837	479	72	1	1	464	64	542	3.64e-136	481
Ga0374711_26_1056_3302	CP000239.1:521664-523812|CDS|CYA_0505	99.767	2148	5	0	100	2247	1	2148	0.0	3852
Ga0374711_26_1056_3302	CP000240.1:180950-183122|CDS|CYB_0169	82.755	2192	325	7	44	2231	8	2150	0.0	2266
Ga0374711_26_3608_4165	CP000239.1:524216-524708|CDS|CYA_0506	99.797	492	1	0	67	558	1	492	0.0	884
Ga0374711_26_4513_4707	CP000239.1:2740042-2740447|CDS|CYA_2722	88.205	195	23	0	1	195	211	405	1.48e-66	249
Ga0374711_26_4513_4707	CP000239.1:2026942-2027347|CDS|CYA_2010	88.205	195	23	0	1	195	211	405	1.48e-66	249
Ga0374711_26_4513_4707	CP000239.1:1290362-1291310|CDS|CYA_1279	87.817	197	22	1	1	195	211	407	1.80e-65	245
Ga0374711_26_4513_4707	CP000239.1:1612111-1613059|CDS|CYA_1604	87.310	197	23	1	1	195	211	407	2.20e-64	241
Ga0374711_26_4513_4707	CP000239.1:1321049-1321982|CDS|CYA_1311	87.310	197	23	1	1	195	211	407	2.20e-64	241
Ga0374711_26_4513_4707	CP000239.1:51699-52647|CDS|CYA_0053	87.310	197	23	1	1	195	211	407	2.20e-64	241
Ga0374711_26_4513_4707	CP000239.1:2728529-2728928|CDS|CYA_2709	87.831	189	22	1	1	188	211	399	3.26e-62	234
Ga0374711_26_4513_4707	CP000239.1:2654240-2654639|CDS|CYA_2639	87.831	189	22	1	1	188	211	399	3.26e-62	234
Ga0374711_26_4513_4707	CP000239.1:1663935-1664334|CDS|CYA_1661	87.831	189	22	1	1	188	211	399	3.26e-62	234
Ga0374711_26_4513_4707	CP000239.1:1367794-1368193|CDS|CYA_1358	87.831	189	22	1	1	188	211	399	3.26e-62	234
Ga0374711_26_4513_4707	CP000239.1:1300762-1301161|CDS|CYA_1291	87.831	189	22	1	1	188	211	399	3.26e-62	234
Ga0374711_26_4513_4707	CP000239.1:1152553-1152952|CDS|CYA_1126	87.831	189	22	1	1	188	211	399	3.26e-62	234
Ga0374711_26_4513_4707	CP000239.1:1013062-1013461|CDS|CYA_0999	87.831	189	22	1	1	188	211	399	3.26e-62	234
Ga0374711_26_4513_4707	CP000239.1:34556-34955|CDS|CYA_0037	87.302	189	23	1	1	188	211	399	3.98e-61	230
Ga0374711_26_4513_4707	CP000239.1:2862566-2862965|CDS|CYA_2845	86.772	189	24	1	1	188	211	399	1.69e-59	225
Ga0374711_26_4513_4707	CP000239.1:2101748-2102147|CDS|CYA_2082	86.772	189	24	1	1	188	211	399	1.69e-59	225
Ga0374711_27_163_564	CP000239.1:2817286-2817688|CDS|CYA_2798	100.000	402	0	0	1	402	1	402	0.0	726
Ga0374711_27_163_564	CP000240.1:1000293-1000695|CDS|CYB_0963	83.500	400	66	0	1	400	1	400	2.05e-119	425
Ga0374711_27_637_1377	CP000239.1:2817784-2818501|CDS|CYA_2799	100.000	717	0	0	25	741	1	717	0.0	1294
Ga0374711_27_637_1377	CP000240.1:999484-1000225|CDS|CYB_0962	86.370	741	101	0	1	741	1	741	0.0	882
Ga0374711_27_1379_1804	CP000239.1:2818535-2818928|CDS|CYA_2801	100.000	393	0	0	34	426	1	393	0.0	710
Ga0374711_27_1379_1804	CP000240.1:999057-999534|CDS|CYB_0960	92.019	426	34	0	1	426	52	477	6.22e-177	616
Ga0374711_27_1741_3321	CP000239.1:2818864-2820454|CDS|CYA_2800	100.000	1581	0	0	1	1581	10	1590	0.0	2852
Ga0374711_27_1741_3321	CP000240.1:997525-999121|CDS|CYB_0961	87.348	1565	196	2	13	1576	28	1591	0.0	1923
Ga0374711_27_3327_3635	CP000239.1:2820450-2820759|CDS|CYA_2802	99.353	309	2	0	1	309	1	309	5.40e-157	549
Ga0374711_27_3327_3635	CP000240.1:997206-997515|CDS|CYB_0959	84.912	285	43	0	25	309	25	309	4.75e-88	321
Ga0374711_27_3667_4188	CP000239.1:2820790-2821531|CDS|CYA_2803	99.808	522	1	0	1	522	220	741	0.0	938
Ga0374711_27_3667_4188	CP000240.1:996437-997175|CDS|CYB_0958	82.963	540	74	2	1	522	199	738	3.50e-162	567
Ga0374711_28_162_857	CP000239.1:921362-922058|CDS|CYA_0912	100.000	696	0	0	1	696	1	696	0.0	1256
Ga0374711_28_162_857	CP000240.1:1026866-1027571|CDS|CYB_0991	85.185	648	96	0	8	655	8	655	0.0	737
Ga0374711_28_864_1964	CP000239.1:922064-923165|CDS|CYA_0913	99.909	1101	1	0	1	1101	1	1101	0.0	1982
Ga0374711_28_864_1964	CP000240.1:1025762-1026860|CDS|CYB_0990	86.104	1101	150	1	1	1101	1	1098	0.0	1295
Ga0374711_28_2077_2397	CP000239.1:923277-923520|CDS|CYA_0914	100.000	243	0	0	79	321	1	243	7.33e-124	439
Ga0374711_28_2077_2397	CP000240.1:1025387-1025630|CDS|CYB_0989	83.951	243	39	0	79	321	1	243	1.17e-70	263
Ga0374711_28_2553_3647	CP000239.1:923753-924848|CDS|CYA_0915	99.817	1095	2	0	1	1095	1	1095	0.0	1966
Ga0374711_28_2553_3647	CP000240.1:1023739-1024873|CDS|CYB_0988	84.809	1073	157	1	1	1067	1	1073	0.0	1202
Ga0374711_29_383_1102	CP000239.1:1319890-1320673|CDS|CYA_1310	100.000	720	0	0	1	720	64	783	0.0	1299
Ga0374711_29_383_1102	CP000240.1:967381-968164|CDS|CYB_0929	88.611	720	82	0	1	720	64	783	0.0	930
Ga0374711_29_1773_2963	CP000239.1:1318029-1319391|CDS|CYA_1308	99.916	1191	1	0	1	1191	172	1362	0.0	2144
Ga0374711_29_1773_2963	CP000240.1:965342-966683|CDS|CYB_0927	83.389	1192	196	2	1	1191	151	1341	0.0	1251
Ga0374711_29_3236_3967	CP000239.1:1317025-1317757|CDS|CYA_1307	99.863	732	1	0	1	732	1	732	0.0	1316
Ga0374711_29_3236_3967	CP000240.1:964369-965122|CDS|CYB_0926	84.153	732	116	0	1	732	22	753	0.0	798
Ga0374711_30_16_237	CP000239.1:2370849-2373006|CDS|CYA_2363	100.000	222	0	0	1	222	1936	2157	1.23e-112	401
Ga0374711_30_242_982	CP000239.1:2373010-2373751|CDS|CYA_2364	100.000	741	0	0	1	741	1	741	0.0	1337
Ga0374711_30_242_982	CP000240.1:2442008-2442875|CDS|CYB_2337	66.612	605	162	12	9	577	61	661	2.01e-40	163
Ga0374711_30_1107_1994	CP000239.1:2373875-2374745|CDS|CYA_2365	100.000	870	0	0	19	888	1	870	0.0	1570
Ga0374711_30_1107_1994	CP000240.1:2445286-2446153|CDS|CYB_2339	86.543	862	116	0	19	880	1	862	0.0	1032
Ga0374711_30_1996_3003	CP000239.1:2374764-2375772|CDS|CYA_2366	99.802	1008	2	0	1	1008	1	1008	0.0	1810
Ga0374711_30_1996_3003	CP000240.1:2446157-2447159|CDS|CYB_2340	84.372	1011	146	2	1	1008	1	1002	0.0	1113
Ga0374711_30_3009_4100	CP000239.1:2375777-2376869|CDS|CYA_2367	99.634	1092	4	0	1	1092	1	1092	0.0	1952
Ga0374711_30_3009_4100	CP000240.1:2447145-2448270|CDS|CYB_2341	87.817	985	120	0	1	985	1	985	0.0	1236
Ga0374711_31_1266_1535	CP000239.1:2890537-2890807|CDS|CYA_2872	95.911	269	11	0	1	269	1	269	7.41e-123	436
Ga0374711_31_1266_1535	CP000240.1:1745940-1746210|CDS|CYB_1667	81.784	269	49	0	1	269	1	269	2.77e-71	265
Ga0374711_31_1548_2813	CP000239.1:2890819-2892085|CDS|CYA_2873	93.760	1266	79	0	1	1266	1	1266	0.0	1928
Ga0374711_31_1548_2813	CP000240.1:1744647-1745928|CDS|CYB_1666	85.841	1236	175	0	25	1260	40	1275	0.0	1441
Ga0374711_31_2911_3156	CP000239.1:2892182-2892428|CDS|CYA_2874	100.000	246	0	0	1	246	1	246	1.29e-125	444
Ga0374711_31_2911_3156	CP000240.1:1744311-1744602|CDS|CYB_1665	88.618	246	28	0	1	246	46	291	1.29e-87	318
Ga0374711_31_3388_3678	CP000239.1:2892659-2892950|CDS|CYA_2875	100.000	291	0	0	1	291	1	291	5.78e-150	526
Ga0374711_31_3388_3678	CP000240.1:1743826-1744117|CDS|CYB_1664	81.690	284	52	0	1	284	1	284	1.36e-75	279
Ga0374711_31_3766_4164	CP000239.1:2893037-2893436|CDS|CYA_2876	99.248	399	3	0	1	399	1	399	0.0	707
Ga0374711_31_3766_4164	CP000240.1:1743354-1743753|CDS|CYB_1663	81.955	399	72	0	1	399	1	399	9.85e-111	396
Ga0374711_32_235_1419	CP000239.1:825881-827066|CDS|CYA_0815	100.000	1185	0	0	1	1185	1	1185	0.0	2138
Ga0374711_32_235_1419	CP000240.1:1962898-1964065|CDS|CYB_1878	87.232	1167	149	0	19	1185	1	1167	0.0	1434
Ga0374711_32_1582_1839	CP000239.1:827228-827486|CDS|CYA_0816	100.000	258	0	0	1	258	1	258	4.16e-132	466
Ga0374711_32_1582_1839	CP000240.1:1961104-1961839|CDS|CYB_1876	82.949	217	22	1	44	245	473	689	4.46e-62	234
Ga0374711_32_2163_3788	CP000240.1:1959184-1960810|CDS|CYB_1875	85.830	1609	228	0	1	1609	1	1609	0.0	1874
Ga0374711_33_2013_3398	CP000239.1:194110-195700|CDS|CYA_0196	94.579	1365	72	2	1	1364	172	1535	0.0	2122
Ga0374711_33_2013_3398	CP000240.1:1277743-1279276|CDS|CYB_1235	88.392	1387	159	2	1	1386	148	1533	0.0	1769
Ga0374711_33_3401_3892	CP000240.1:1279278-1280466|CDS|CYB_1236	92.683	492	36	0	1	492	697	1188	0.0	726
Ga0374711_33_3401_3892	CP000239.1:195696-196884|CDS|CYA_0195	89.228	492	53	0	1	492	697	1188	0.0	649
Ga0374711_34_546_2183	CP000239.1:1578941-1580483|CDS|CYA_1570	99.027	1542	15	0	97	1638	1	1542	0.0	2714
Ga0374711_34_546_2183	CP000240.1:1901328-1902870|CDS|CYB_1816	87.990	1532	184	0	103	1634	7	1538	0.0	1934
Ga0374711_34_2224_3270	CP000239.1:1577758-1578805|CDS|CYA_1569	99.809	1047	2	0	1	1047	1	1047	0.0	1880
Ga0374711_34_2224_3270	CP000240.1:1900080-1901127|CDS|CYB_1815	87.273	1045	133	0	1	1045	1	1045	0.0	1286
Ga0374711_34_3339_3644	CP000239.1:1577384-1577690|CDS|CYA_1568	100.000	306	0	0	1	306	1	306	4.39e-158	553
Ga0374711_34_3339_3644	CP000240.1:1899635-1899971|CDS|CYB_1814	80.142	282	56	0	1	282	1	282	4.71e-69	257
Ga0374711_35_31_294	CP000239.1:1249104-1250778|CDS|CYA_1238	99.621	264	1	0	1	264	1411	1674	1.00e-133	472
Ga0374711_35_364_1356	CP000239.1:1247910-1249035|CDS|CYA_1237	99.597	993	4	0	1	993	133	1125	0.0	1773
Ga0374711_35_364_1356	CP000240.1:1846141-1847293|CDS|CYB_1762	81.373	1020	163	5	1	993	133	1152	0.0	985
Ga0374711_35_1460_1918	CP000239.1:1247522-1247939|CDS|CYA_1236	100.000	417	0	0	43	459	1	417	0.0	753
Ga0374711_35_1460_1918	CP000240.1:1847264-1847729|CDS|CYB_1763	79.828	466	86	3	1	459	1	465	5.19e-115	411
Ga0374711_35_1915_3294	CP000239.1:1246104-1247484|CDS|CYA_1235	99.928	1380	1	0	1	1380	1	1380	0.0	2485
Ga0374711_35_1915_3294	CP000240.1:1847725-1849105|CDS|CYB_1764	85.507	1380	200	0	1	1380	1	1380	0.0	1588
Ga0374711_36_29_361	CP000239.1:60602-61409|CDS|CYA_0062	99.700	333	1	0	1	333	475	807	4.50e-171	597
Ga0374711_36_29_361	CP000240.1:1214558-1215359|CDS|CYB_1177	85.586	333	48	0	1	333	469	801	1.47e-107	385
Ga0374711_36_483_1184	CP000239.1:59791-60373|CDS|CYA_0061	99.632	543	2	0	109	651	1	543	0.0	971
Ga0374711_36_483_1184	CP000240.1:1215657-1216239|CDS|CYB_1178	85.448	536	78	0	109	644	1	536	1.05e-176	616
Ga0374711_36_1181_1711	CP000239.1:53978-57464|CDS|CYA_0057	99.812	531	1	0	1	531	2956	3486	0.0	954
Ga0374711_36_1181_1711	CP000240.1:1218521-1222019|CDS|CYB_1183	84.557	531	82	0	1	531	2968	3498	1.09e-168	589
Ga0374711_36_1697_1972	CP000239.1:57449-57725|CDS|CYA_0056	100.000	276	0	0	1	276	1	276	7.58e-142	499
Ga0374711_36_1697_1972	CP000240.1:1218223-1218484|CDS|CYB_1182	81.467	259	48	0	2	260	2	260	1.79e-67	251
Ga0374711_36_1982_2809	CP000239.1:57734-58562|CDS|CYA_0058	99.758	828	2	0	1	828	1	828	0.0	1485
Ga0374711_36_1982_2809	CP000240.1:1217386-1218214|CDS|CYB_1181	84.058	828	132	0	1	828	1	828	0.0	899
Ga0374711_36_2969_3337	CP000239.1:61713-62496|CDS|CYA_0064	100.000	321	0	0	49	369	463	783	3.84e-166	580
Ga0374711_36_2969_3337	CP000240.1:1213521-1214304|CDS|CYB_1176	87.188	320	41	0	50	369	464	783	1.10e-109	393
Ga0374711_37_452_1033	CP000239.1:667501-668083|CDS|CYA_0658	99.485	582	3	0	1	582	1	582	0.0	1037
Ga0374711_37_1051_1683	CP000239.1:666851-667484|CDS|CYA_0657	100.000	633	0	0	1	633	1	633	0.0	1142
Ga0374711_37_1051_1683	CP000240.1:620233-620869|CDS|CYB_0608	89.117	634	66	1	1	631	1	634	0.0	831
Ga0374711_37_1832_3673	CP000239.1:664228-666703|CDS|CYA_0656	100.000	1842	0	0	1	1842	634	2475	0.0	3323
Ga0374711_37_1832_3673	CP000240.1:617631-620106|CDS|CYB_0607	90.771	1842	170	0	1	1842	634	2475	0.0	2556
Ga0374711_39_501_1598	CP000239.1:1073889-1075026|CDS|CYA_1058	100.000	1098	0	0	1	1098	40	1137	0.0	1981
Ga0374711_39_501_1598	CP000240.1:2494155-2495304|CDS|CYB_2393	94.991	1098	55	0	1	1098	52	1149	0.0	1733
Ga0374711_39_1586_1783	CP000239.1:1073704-1073902|CDS|CYA_1057	100.000	198	0	0	1	198	1	198	1.16e-99	358
Ga0374711_39_1586_1783	CP000240.1:2495291-2495489|CDS|CYB_2394	89.394	198	21	0	1	198	1	198	6.84e-71	263
Ga0374711_39_1880_2656	CP000239.1:1072831-1073605|CDS|CYA_1056	99.742	774	2	0	4	777	1	774	0.0	1388
Ga0374711_39_1880_2656	CP000240.1:2495572-2496349|CDS|CYB_2395	89.392	773	82	0	1	773	1	773	0.0	1025
Ga0374711_39_2669_3301	CP000239.1:1072186-1072819|CDS|CYA_1055	99.842	633	1	0	1	633	1	633	0.0	1138
Ga0374711_39_2669_3301	CP000240.1:2496371-2497004|CDS|CYB_2396	84.652	632	97	0	2	633	2	633	0.0	703
Ga0374711_40_23_472	CP000239.1:920305-921313|CDS|CYA_0911	100.000	450	0	0	1	450	559	1008	0.0	812
Ga0374711_40_23_472	CP000240.1:1027681-1028665|CDS|CYB_0992	82.000	450	81	0	1	450	535	984	7.06e-126	447
Ga0374711_40_465_1820	CP000239.1:918954-920313|CDS|CYA_0910	99.706	1359	1	1	1	1356	1	1359	0.0	2432
Ga0374711_40_465_1820	CP000240.1:1028657-1030022|CDS|CYB_0993	87.684	1356	164	1	1	1353	1	1356	0.0	1691
Ga0374711_40_2189_2785	CP000239.1:917989-918616|CDS|CYA_0908	100.000	597	0	0	1	597	31	627	0.0	1077
Ga0374711_40_2189_2785	CP000240.1:2289332-2290067|CDS|CYB_2184	81.301	615	97	1	1	597	121	735	5.60e-173	603
Ga0374711_41_302_526	CP000239.1:2608813-2609137|CDS|CYA_2584	99.556	225	1	0	1	225	100	324	1.25e-112	402
Ga0374711_41_302_526	CP000240.1:2477689-2477944|CDS|CYB_2372	82.456	228	37	1	1	225	28	255	4.67e-61	230
Ga0374711_41_662_2953	CP000239.1:2606278-2608678|CDS|CYA_2582	100.000	2292	0	0	1	2292	109	2400	0.0	4134
Ga0374711_41_662_2953	CP000240.1:2478039-2480457|CDS|CYB_2373	83.355	2295	368	3	1	2282	115	2408	0.0	2416
Ga0374711_42_113_439	CP000240.1:1486358-1487624|CDS|CYB_1419	98.777	327	4	0	1	327	940	1266	5.03e-164	572
Ga0374711_42_113_439	CP000239.1:1546078-1547335|CDS|CYA_1537	84.192	291	46	0	7	297	940	1230	1.76e-87	318
Ga0374711_42_436_852	CP000240.1:1487620-1488043|CDS|CYB_1418	95.272	423	14	1	1	417	1	423	0.0	674
Ga0374711_42_436_852	CP000239.1:1547331-1547745|CDS|CYA_1536	79.097	421	77	4	1	417	1	414	3.16e-98	355
Ga0374711_42_1024_1851	CP000240.1:1488217-1489042|CDS|CYB_1420	99.636	825	3	0	4	828	1	825	0.0	1475
Ga0374711_42_1024_1851	CP000239.1:1547899-1548724|CDS|CYA_1538	86.667	825	110	0	4	828	1	825	0.0	993
Ga0374711_43_2700_3170	CP000239.1:1272773-1273664|CDS|CYA_1257	100.000	471	0	0	1	471	421	891	0.0	850
Ga0374711_43_2700_3170	CP000240.1:2982454-2983345|CDS|CYB_2882	92.308	468	36	0	4	471	424	891	0.0	682
Ga0374711_44_34_195	CP000239.1:1277777-1278923|CDS|CYA_1262	86.420	162	22	0	1	162	985	1146	2.33e-50	194
Ga0374711_44_301_807	CP000239.1:1279027-1279534|CDS|CYA_1263	97.830	507	11	0	1	507	1	507	0.0	866
Ga0374711_44_301_807	CP000239.1:707668-708175|CDS|CYA_0701	87.968	507	61	0	1	507	1	507	0.0	640
Ga0374711_44_301_807	CP000240.1:2998620-2999127|CDS|CYB_2899	87.574	507	63	0	1	507	1	507	0.0	631
Ga0374711_44_1404_1709	CP000239.1:1279683-1280436|CDS|CYA_1264	100.000	306	0	0	1	306	448	753	4.39e-158	553
Ga0374711_44_1404_1709	CP000240.1:331929-332664|CDS|CYB_0316	83.333	306	51	0	1	306	430	735	1.35e-88	323
Ga0374711_44_1805_2512	CP000239.1:1280432-1281239|CDS|CYA_1265	100.000	708	0	0	1	708	100	807	0.0	1278
Ga0374711_44_1805_2512	CP000240.1:332660-333467|CDS|CYB_0317	85.734	708	101	0	1	708	100	807	0.0	822
Ga0374711_44_2603_2965	CP000239.1:1281329-1281692|CDS|CYA_1266	100.000	363	0	0	1	363	1	363	0.0	655
Ga0374711_45_558_1517	CP000239.1:2369786-2370812|CDS|CYA_2362	99.896	960	1	0	1	960	67	1026	0.0	1728
Ga0374711_45_558_1517	CP000240.1:883062-884091|CDS|CYB_0850	92.083	960	76	0	1	960	70	1029	0.0	1389
Ga0374711_46_1345_1800	CP000239.1:1087801-1088257|CDS|CYA_1071	100.000	456	0	0	1	456	1	456	0.0	823
Ga0374711_46_1345_1800	CP000240.1:276170-276629|CDS|CYB_0261	88.235	442	52	0	1	442	1	442	3.70e-161	563
Ga0374711_47_1192_1362	CP000239.1:1275910-1276081|CDS|CYA_1260	100.000	171	0	0	1	171	1	171	4.48e-85	309
Ga0374711_47_1478_2209	CP000239.1:1275063-1275795|CDS|CYA_1259	98.087	732	14	0	1	732	1	732	0.0	1258
Ga0374711_47_1478_2209	CP000240.1:2984790-2985522|CDS|CYB_2885	79.466	711	146	0	1	711	1	711	2.11e-179	625
Ga0374711_47_2284_2946	CP000239.1:1273981-1274989|CDS|CYA_1258	99.849	663	1	0	1	663	346	1008	0.0	1192
Ga0374711_47_2284_2946	CP000240.1:2983696-2984704|CDS|CYB_2883	88.369	662	77	0	1	662	346	1007	0.0	847
Ga0374711_48_825_1394	CP000239.1:2800622-2801213|CDS|CYA_2781	99.825	570	1	0	1	570	22	591	0.0	1024
Ga0374711_48_825_1394	CP000240.1:2560214-2560835|CDS|CYB_2461	92.652	558	41	0	1	558	55	612	0.0	822
Ga0374711_48_1912_2658	CP000239.1:2801730-2802735|CDS|CYA_2782	99.848	660	1	0	1	660	1	660	0.0	1187
Ga0374711_49_731_1438	CP000240.1:1533680-1534388|CDS|CYB_1457	98.870	708	8	0	1	708	1	708	0.0	1242
Ga0374711_49_731_1438	CP000239.1:1497683-1498391|CDS|CYA_1491	90.612	703	66	0	6	708	6	708	0.0	971
Ga0374711_49_1458_1952	CP000240.1:1533166-1533661|CDS|CYB_1456	100.000	495	0	0	1	495	1	495	0.0	893
Ga0374711_49_1458_1952	CP000239.1:1498420-1498915|CDS|CYA_1492	86.709	474	63	0	22	495	22	495	2.72e-163	572
Ga0374711_50_7_2397	CP000239.1:2797034-2799542|CDS|CYA_2779	99.324	2366	16	0	1	2366	130	2495	0.0	4195
Ga0374711_50_7_2397	CP000240.1:2562272-2564777|CDS|CYB_2465	83.445	2392	373	4	1	2391	136	2505	0.0	2532
Ga0374711_50_2402_2782	CP000239.1:2796654-2797047|CDS|CYA_2778	95.317	363	17	0	19	381	31	393	1.39e-165	579
Ga0374711_50_2402_2782	CP000240.1:2564781-2565153|CDS|CYB_2466	90.964	332	30	0	1	332	1	332	2.20e-131	464
Ga0374711_52_124_327	CP000240.1:2476793-2477096|CDS|CYB_2370	81.068	206	26	2	3	195	77	282	7.08e-52	199
Ga0374711_52_727_1905	CP000239.1:2611972-2613151|CDS|CYA_2590	99.915	1179	1	0	1	1179	1	1179	0.0	2122
Ga0374711_52_727_1905	CP000240.1:2475196-2476366|CDS|CYB_2369	80.763	1180	212	6	1	1177	1	1168	0.0	1092
Ga0374711_53_1072_2064	CP000240.1:1529569-1530553|CDS|CYB_1454	96.486	996	20	5	1	993	1	984	0.0	1630
Ga0374711_53_1072_2064	CP000239.1:1501065-1502028|CDS|CYA_1495	82.341	991	145	9	1	991	1	961	0.0	985
Ga0374711_53_2180_2617	CP000240.1:1530947-1533032|CDS|CYB_1455	98.402	438	7	0	1	438	1648	2085	0.0	759
Ga0374711_53_2180_2617	CP000239.1:1499031-1501002|CDS|CYA_1493	79.863	437	61	3	1	437	1561	1970	7.33e-113	403
Ga0374711_54_98_601	CP000239.1:1788360-1788864|CDS|CYA_1787	100.000	504	0	0	1	504	1	504	0.0	910
Ga0374711_54_98_601	CP000240.1:2345084-2345573|CDS|CYB_2238	83.636	495	72	2	1	495	1	486	2.96e-150	527
Ga0374711_54_654_1565	CP000239.1:1788916-1789828|CDS|CYA_1788	100.000	912	0	0	1	912	1	912	0.0	1645
Ga0374711_54_654_1565	CP000240.1:2344164-2345076|CDS|CYB_2237	83.111	900	147	4	16	911	13	911	0.0	925
Ga0374711_54_1624_2412	CP000239.1:1789886-1790675|CDS|CYA_1789	100.000	789	0	0	1	789	1	789	0.0	1424
Ga0374711_54_1624_2412	CP000240.1:2343335-2344115|CDS|CYB_2236	82.323	775	125	2	27	789	6	780	0.0	783
Ga0374711_55_1417_2394	CP000239.1:2329475-2330453|CDS|CYA_2326	100.000	978	0	0	1	978	1	978	0.0	1764
Ga0374711_55_1417_2394	CP000240.1:1849210-1850191|CDS|CYB_1765	87.461	973	122	0	1	973	1	973	0.0	1205
Ga0374711_56_720_1643	CP000239.1:2918702-2919626|CDS|CYA_2894	100.000	924	0	0	1	924	1	924	0.0	1667
Ga0374711_56_720_1643	CP000240.1:1717558-1718482|CDS|CYB_1645	85.390	924	135	0	1	924	1	924	0.0	1058
Ga0374711_56_1879_2223	CP000239.1:2919861-2921238|CDS|CYA_2895	100.000	345	0	0	1	345	1033	1377	3.36e-179	623
Ga0374711_56_1879_2223	CP000240.1:1715960-1717340|CDS|CYB_1644	84.058	345	55	0	1	345	1036	1380	2.77e-104	375
Ga0374711_57_1369_1905	CP000240.1:1484098-1484635|CDS|CYB_1415	99.069	537	5	0	1	537	1	537	0.0	947
Ga0374711_57_1369_1905	CP000239.1:505953-506490|CDS|CYA_0488	87.945	506	61	0	1	506	1	506	0.0	638
Ga0374711_57_1915_2286	CP000240.1:1484644-1485580|CDS|CYB_1416	99.731	372	1	0	1	372	565	936	0.0	667
Ga0374711_57_1915_2286	CP000239.1:506499-507435|CDS|CYA_0489	86.828	372	49	0	1	372	565	936	4.73e-127	451
Ga0374711_58_490_1182	CP000239.1:2326262-2326955|CDS|CYA_2325	99.423	693	4	0	1	693	1	693	0.0	1232
Ga0374711_58_490_1182	CP000240.1:2139781-2140498|CDS|CYB_2038	83.138	682	115	0	12	693	36	717	0.0	712
Ga0374711_58_1139_2188	CP000239.1:2326911-2327961|CDS|CYA_2324	99.905	1050	1	0	1	1050	1	1050	0.0	1890
Ga0374711_58_1139_2188	CP000240.1:1850374-1851397|CDS|CYB_1766	77.756	1007	214	4	1	1002	1	1002	0.0	798
Ga0374711_59_314_1189	CP000239.1:5267-6143|CDS|CYA_0005	100.000	876	0	0	1	876	1	876	0.0	1581
Ga0374711_59_314_1189	CP000240.1:5430-6306|CDS|CYB_0005	89.829	875	89	0	1	875	1	875	0.0	1177
Ga0374711_59_1526_2065	CP000239.1:6353-7019|CDS|CYA_0007	100.000	540	0	0	1	540	127	666	0.0	975
Ga0374711_59_1526_2065	CP000240.1:6532-7120|CDS|CYB_0007	83.978	543	81	1	4	540	46	588	1.11e-168	589
Ga0374711_60_31_618	CP000239.1:1313461-1314343|CDS|CYA_1305	100.000	588	0	0	1	588	295	882	0.0	1061
Ga0374711_60_31_618	CP000240.1:960697-961558|CDS|CYB_0924	84.150	612	73	2	1	588	250	861	0.0	680
Ga0374711_60_615_1526	CP000239.1:1314339-1315251|CDS|CYA_1304	100.000	912	0	0	1	912	1	912	0.0	1645
Ga0374711_60_615_1526	CP000240.1:961554-962472|CDS|CYB_0923	87.473	918	109	1	1	912	1	918	0.0	1139
Ga0374711_60_1568_1939	CP000239.1:1315336-1316857|CDS|CYA_1306	99.695	328	0	1	1	328	1195	1521	3.18e-167	584
Ga0374711_60_1568_1939	CP000240.1:962549-964145|CDS|CYB_0925	76.364	330	71	5	2	328	1271	1596	2.80e-60	228
Ga0374711_61_343_1665	CP000239.1:1793010-1794354|CDS|CYA_1792	99.924	1323	1	0	1	1323	22	1344	0.0	2382
Ga0374711_61_343_1665	CP000240.1:1695936-1697277|CDS|CYB_1624	84.397	1269	189	3	1	1266	16	1278	0.0	1391
