Ga0393399_01_104_1603	CP000239.1:2663699-2665154|CDS|CYA_2648	99.931	1455	1	0	46	1500	1	1455	0.0	2620
Ga0393399_01_104_1603	CP000240.1:1816002-1817544|CDS|CYB_1734	88.075	1434	167	2	43	1473	1	1433	0.0	1810
Ga0393399_01_1823_2347	CP000239.1:2665280-2665898|CDS|CYA_2650	100.000	525	0	0	1	525	94	618	0.0	948
Ga0393399_01_1823_2347	CP000240.1:1815336-1815957|CDS|CYB_1732	87.739	522	64	0	1	522	94	615	0.0	654
Ga0393399_01_2344_2895	CP000239.1:2665894-2666446|CDS|CYA_2649	99.638	552	2	0	1	552	1	552	0.0	987
Ga0393399_01_2344_2895	CP000240.1:1814788-1815340|CDS|CYB_1733	88.949	552	61	0	1	552	1	552	0.0	721
Ga0393399_01_2901_3791	CP000239.1:2666451-2667342|CDS|CYA_2651	100.000	891	0	0	1	891	1	891	0.0	1608
Ga0393399_01_2901_3791	CP000240.1:1813906-1814779|CDS|CYB_1731	88.794	821	92	0	49	869	34	854	0.0	1067
Ga0393399_01_3852_4616	CP000239.1:2667402-2668245|CDS|CYA_2652	99.869	765	1	0	1	765	79	843	0.0	1376
Ga0393399_01_3852_4616	CP000240.1:1812916-1813852|CDS|CYB_1730	82.812	768	123	2	1	765	175	936	0.0	790
Ga0393399_01_5132_7210	CP000239.1:2668682-2671094|CDS|CYA_2653	99.471	2079	11	0	1	2079	334	2412	0.0	3700
Ga0393399_01_5132_7210	CP000240.1:2511617-2514026|CDS|CYB_2416	85.859	2079	287	6	1	2077	334	2407	0.0	2404
Ga0393399_01_7280_7543	CP000239.1:2668682-2671094|CDS|CYA_2653	99.621	264	1	0	1	264	1	264	1.00e-133	472
Ga0393399_01_7280_7543	CP000240.1:2511617-2514026|CDS|CYB_2416	85.992	257	36	0	8	264	8	264	1.07e-82	302
Ga0393399_01_7702_8358	CP000239.1:2671273-2671909|CDS|CYA_2654	100.000	636	0	0	22	657	1	636	0.0	1148
Ga0393399_01_7702_8358	CP000240.1:2514221-2514875|CDS|CYB_2417	85.740	561	80	0	22	582	1	561	0.0	652
Ga0393399_01_8355_9119	CP000239.1:2671899-2672670|CDS|CYA_2655	99.608	765	3	0	1	765	7	771	0.0	1367
Ga0393399_01_8355_9119	CP000240.1:2514925-2515690|CDS|CYB_2418	87.215	657	84	0	109	765	109	765	0.0	807
Ga0393399_01_9202_9684	CP000239.1:2672674-2673235|CDS|CYA_2656	100.000	483	0	0	1	483	79	561	0.0	872
Ga0393399_01_9202_9684	CP000240.1:2515694-2516261|CDS|CYB_2419	82.599	454	79	0	9	462	87	540	9.89e-131	463
Ga0393399_01_9692_10687	CP000239.1:2673242-2674238|CDS|CYA_2657	100.000	996	0	0	1	996	1	996	0.0	1797
Ga0393399_01_9692_10687	CP000240.1:2516271-2517282|CDS|CYB_2420	89.785	979	98	2	19	996	34	1011	0.0	1308
Ga0393399_01_10797_11744	CP000239.1:2674362-2675295|CDS|CYA_2658	100.000	933	0	0	16	948	1	933	0.0	1683
Ga0393399_01_12047_13948	CP000239.1:2675505-2677509|CDS|CYA_2659	100.000	1902	0	0	1	1902	103	2004	0.0	3431
Ga0393399_01_12047_13948	CP000240.1:2517516-2519619|CDS|CYB_2421	90.555	1874	177	0	2	1875	194	2067	0.0	2582
Ga0393399_01_14289_14585	CP000239.1:2677849-2678146|CDS|CYA_2661	99.663	297	1	0	1	297	1	297	1.39e-151	532
Ga0393399_01_14289_14585	CP000240.1:2520219-2520537|CDS|CYB_2423	86.071	280	37	2	1	279	1	279	1.30e-88	323
Ga0393399_01_14595_15632	CP000239.1:2678155-2679193|CDS|CYA_2662	99.422	1038	6	0	1	1038	1	1038	0.0	1846
Ga0393399_01_14595_15632	CP000240.1:2520572-2521610|CDS|CYB_2424	87.909	1009	122	0	1	1009	1	1009	0.0	1270
Ga0393399_01_15829_17457	CP000239.1:2679389-2681012|CDS|CYA_2663	99.877	1623	2	0	7	1629	1	1623	0.0	2919
Ga0393399_01_15829_17457	CP000240.1:2521911-2523540|CDS|CYB_2425	84.757	1627	231	6	7	1620	1	1623	0.0	1805
Ga0393399_01_17523_17636	CP000239.1:2681083-2681197|CDS|CYA_2664	100.000	114	0	0	1	114	1	114	2.43e-54	206
Ga0393399_01_17523_17636	CP000240.1:2523603-2523717|CDS|CYB_2426	83.929	112	18	0	1	112	1	112	7.95e-29	122
Ga0393399_01_18348_19265	CP000239.1:2681419-2682826|CDS|CYA_2666	99.891	918	1	0	1	918	490	1407	0.0	1652
Ga0393399_01_18348_19265	CP000240.1:2523863-2525267|CDS|CYB_2428	81.709	913	157	2	1	913	496	1398	0.0	894
Ga0393399_01_19262_19843	CP000239.1:2682822-2683404|CDS|CYA_2665	100.000	582	0	0	1	582	1	582	0.0	1050
Ga0393399_01_19262_19843	CP000240.1:2525263-2525857|CDS|CYB_2427	80.134	599	95	4	1	581	1	593	3.67e-156	548
Ga0393399_01_20195_20950	CP000239.1:2683754-2684510|CDS|CYA_2667	99.735	756	2	0	1	756	1	756	0.0	1355
Ga0393399_01_20195_20950	CP000240.1:2526098-2526854|CDS|CYB_2430	78.968	756	159	0	1	756	1	756	0.0	647
Ga0393399_01_21682_22032	CP000239.1:2685241-2685592|CDS|CYA_2668	100.000	351	0	0	1	351	1	351	0.0	634
Ga0393399_01_21682_22032	CP000240.1:2267645-2268005|CDS|CYB_2164	83.056	360	52	2	1	351	1	360	2.81e-104	374
Ga0393399_01_22243_23235	CP000239.1:2685874-2686795|CDS|CYA_2670	99.891	921	1	0	73	993	1	921	0.0	1657
Ga0393399_01_22243_23235	CP000240.1:2268251-2269172|CDS|CYB_2165	88.382	921	107	0	73	993	1	921	0.0	1179
Ga0393399_01_23510_24025	CP000239.1:2686874-2687585|CDS|CYA_2671	99.806	516	1	0	1	516	196	711	0.0	927
Ga0393399_01_23510_24025	CP000240.1:2269264-2269984|CDS|CYB_2166	87.791	516	63	0	1	516	205	720	0.0	647
Ga0393399_01_24093_25706	CP000239.1:2687652-2689266|CDS|CYA_2672	99.938	1614	1	0	1	1614	1	1614	0.0	2907
Ga0393399_01_24093_25706	CP000240.1:2270082-2271666|CDS|CYB_2167	84.132	1607	225	6	1	1607	1	1577	0.0	1749
Ga0393399_01_25719_26744	CP000239.1:2689278-2690304|CDS|CYA_2673	100.000	1026	0	0	1	1026	1	1026	0.0	1851
Ga0393399_01_25719_26744	CP000240.1:2271678-2272701|CDS|CYB_2168	79.429	1050	165	4	1	1026	1	1023	0.0	948
Ga0393399_01_26702_27628	CP000239.1:2690261-2691098|CDS|CYA_2674	99.881	837	1	0	91	927	1	837	0.0	1506
Ga0393399_01_26702_27628	CP000240.1:2272658-2273516|CDS|CYB_2169	87.531	794	87	1	146	927	65	858	0.0	993
Ga0393399_01_27670_28542	CP000239.1:2691229-2692081|CDS|CYA_2675	98.357	852	14	0	22	873	1	852	0.0	1474
Ga0393399_01_27670_28542	CP000240.1:2273703-2274516|CDS|CYB_2170	88.169	803	93	2	31	832	1	802	0.0	1013
Ga0393399_01_28840_29442	CP000239.1:2692423-2693002|CDS|CYA_2676	100.000	579	0	0	25	603	1	579	0.0	1045
Ga0393399_01_28840_29442	CP000240.1:2274846-2275374|CDS|CYB_2171	83.366	511	76	4	25	532	1	505	1.02e-150	529
Ga0393399_02_290_883	CP000239.1:2402867-2403461|CDS|CYA_2392	99.327	594	4	0	1	594	1	594	0.0	1054
Ga0393399_02_290_883	CP000239.1:2434480-2435074|CDS|CYA_2425	98.990	594	6	0	1	594	1	594	0.0	1045
Ga0393399_02_290_883	CP000239.1:1898603-1899197|CDS|CYA_1891	98.990	594	6	0	1	594	1	594	0.0	1045
Ga0393399_02_290_883	CP000239.1:411427-412021|CDS|CYA_0397	98.653	594	8	0	1	594	1	594	0.0	1036
Ga0393399_02_290_883	CP000239.1:1778901-1779495|CDS|CYA_1772	97.475	594	15	0	1	594	1	594	0.0	1004
Ga0393399_02_290_883	CP000239.1:819297-819891|CDS|CYA_0808	96.801	594	19	0	1	594	1	594	0.0	986
Ga0393399_02_290_883	CP000239.1:1446255-1446849|CDS|CYA_1439	96.465	594	21	0	1	594	1	594	0.0	977
Ga0393399_02_290_883	CP000239.1:2598423-2599041|CDS|CYA_2572	94.337	618	11	1	1	594	1	618	0.0	975
Ga0393399_02_290_883	CP000240.1:31634-32228|CDS|CYB_0025	95.286	594	28	0	1	594	1	594	0.0	946
Ga0393399_02_290_883	CP000239.1:2450192-2450786|CDS|CYA_2439	95.286	594	28	0	1	594	1	594	0.0	946
Ga0393399_02_290_883	CP000239.1:732513-733107|CDS|CYA_0727	95.286	594	28	0	1	594	1	594	0.0	946
Ga0393399_02_290_883	CP000240.1:22428-23022|CDS|CYB_0019	94.781	594	31	0	1	594	1	594	0.0	932
Ga0393399_02_290_883	CP000239.1:2709545-2710163|CDS|CYA_2694	93.042	618	19	3	1	594	1	618	0.0	930
Ga0393399_02_290_883	CP000239.1:2259861-2260479|CDS|CYA_2250	92.718	618	21	1	1	594	1	618	0.0	930
Ga0393399_02_290_883	CP000239.1:2018987-2019605|CDS|CYA_2002	92.718	618	21	1	1	594	1	618	0.0	930
Ga0393399_02_290_883	CP000239.1:363923-364541|CDS|CYA_0346	92.718	618	21	1	1	594	1	618	0.0	930
Ga0393399_02_290_883	CP000239.1:1948621-1949239|CDS|CYA_1937	92.071	618	25	1	1	594	1	618	0.0	911
Ga0393399_02_290_883	CP000239.1:1644319-1644937|CDS|CYA_1645	92.071	618	25	1	1	594	1	618	0.0	911
Ga0393399_02_290_883	CP000239.1:606571-607189|CDS|CYA_0595	92.071	618	25	1	1	594	1	618	0.0	911
Ga0393399_02_290_883	CP000239.1:2698805-2699423|CDS|CYA_2684	91.748	618	27	1	1	594	1	618	0.0	902
Ga0393399_02_290_883	CP000239.1:1384976-1385594|CDS|CYA_1374	91.748	618	27	1	1	594	1	618	0.0	902
Ga0393399_02_290_883	CP000239.1:1479753-1480371|CDS|CYA_1472	91.262	618	30	1	1	594	1	618	0.0	889
Ga0393399_02_980_1402	CP000239.1:2763845-2764490|CDS|CYA_2743	96.217	423	16	0	1	423	223	645	0.0	691
Ga0393399_02_1728_3131	CP000239.1:2764602-2766219|CDS|CYA_2744	99.929	1404	1	0	1	1404	214	1617	0.0	2528
Ga0393399_02_1728_3131	CP000240.1:1482256-1483867|CDS|CYB_1414	81.071	1400	241	8	1	1379	214	1610	0.0	1316
Ga0393399_02_3523_4050	CP000239.1:2766532-2767138|CDS|CYA_2746	100.000	528	0	0	1	528	79	606	0.0	953
Ga0393399_02_3523_4050	CP000240.1:378803-379409|CDS|CYB_0362	85.164	519	77	0	1	519	79	597	1.08e-168	590
Ga0393399_02_4240_4452	CP000239.1:2767285-2767540|CDS|CYA_2747	100.000	213	0	0	1	213	43	255	9.04e-108	385
Ga0393399_02_4240_4452	CP000240.1:379606-379825|CDS|CYB_0363	83.105	219	31	1	1	213	1	219	4.39e-61	230
Ga0393399_02_4512_4685	CP000239.1:2767599-2767962|CDS|CYA_2748	98.851	174	2	0	1	174	190	363	5.53e-84	306
Ga0393399_02_5494_5745	CP000239.1:2768581-2768833|CDS|CYA_2750	100.000	252	0	0	1	252	1	252	7.33e-129	455
Ga0393399_02_5494_5745	CP000240.1:637686-637947|CDS|CYB_0628	87.556	225	28	0	1	225	1	225	3.34e-76	280
Ga0393399_02_5742_6215	CP000239.1:2768829-2769303|CDS|CYA_2749	100.000	474	0	0	1	474	1	474	0.0	856
Ga0393399_02_5742_6215	CP000240.1:637943-638417|CDS|CYB_0627	85.654	474	68	0	1	474	1	474	8.49e-157	549
Ga0393399_02_6445_8361	CP000239.1:2769532-2771449|CDS|CYA_2751	99.948	1917	1	0	1	1917	1	1917	0.0	3453
Ga0393399_02_6445_8361	CP000240.1:639991-641908|CDS|CYB_0631	87.063	1917	248	0	1	1917	1	1917	0.0	2340
Ga0393399_02_8534_10735	CP000239.1:2771628-2773785|CDS|CYA_2752	99.768	2157	5	0	46	2202	1	2157	0.0	3868
Ga0393399_02_8534_10735	CP000240.1:642011-644168|CDS|CYB_0632	87.285	2147	273	0	46	2192	1	2147	0.0	2642
Ga0393399_02_8534_10735	CP000239.1:2141367-2143968|CDS|CYA_2127	62.896	1706	578	31	343	2019	331	2010	1.03e-30	133
Ga0393399_02_8534_10735	CP000240.1:2772842-2775443|CDS|CYB_2688	62.544	1714	571	31	343	2019	331	2010	1.87e-27	122
Ga0393399_02_11142_12245	CP000239.1:2774240-2775344|CDS|CYA_2753	100.000	1104	0	0	1	1104	1	1104	0.0	1992
Ga0393399_02_11142_12245	CP000240.1:644666-645770|CDS|CYB_0633	85.870	1104	154	2	1	1103	1	1103	0.0	1281
Ga0393399_02_12639_13088	CP000239.1:2775737-2776262|CDS|CYA_2754	99.333	450	3	0	1	450	76	525	0.0	799
Ga0393399_02_12639_13088	CP000240.1:646124-646640|CDS|CYB_0635	90.724	442	40	1	1	441	58	499	9.78e-175	609
Ga0393399_02_13558_14583	CP000239.1:2776449-2777682|CDS|CYA_2755	96.101	1026	40	0	1	1026	208	1233	0.0	1671
Ga0393399_02_13558_14583	CP000240.1:646850-648092|CDS|CYB_0636	84.646	1016	156	0	1	1016	217	1232	0.0	1130
Ga0393399_02_13558_14583	CP000239.1:2244161-2245424|CDS|CYA_2229	71.068	871	240	4	13	874	238	1105	4.44e-120	428
Ga0393399_02_13558_14583	CP000240.1:584582-585827|CDS|CYB_0578	67.635	964	280	15	13	957	220	1170	2.31e-79	294
Ga0393399_02_14902_16485	CP000239.1:2778000-2779584|CDS|CYA_2756	99.306	1584	11	0	1	1584	1	1584	0.0	2808
Ga0393399_02_14902_16485	CP000240.1:648159-649764|CDS|CYB_0637	84.365	1599	227	7	1	1577	1	1598	0.0	1746
Ga0393399_02_16553_16915	CP000239.1:2779651-2780014|CDS|CYA_2757	99.725	363	1	0	1	363	1	363	0.0	651
Ga0393399_02_17932_19233	CP000239.1:2781030-2782305|CDS|CYA_2758	99.922	1275	1	0	28	1302	1	1275	0.0	2296
Ga0393399_02_19684_22482	CP000239.1:2782775-2785574|CDS|CYA_2759	97.928	2799	58	0	1	2799	1	2799	0.0	4787
Ga0393399_02_19684_22482	CP000240.1:786056-788822|CDS|CYB_0765	84.827	2768	410	4	1	2763	1	2763	0.0	3090
Ga0393399_02_22536_23465	CP000239.1:2785627-2786557|CDS|CYA_2760	96.344	930	34	0	1	930	1	930	0.0	1525
Ga0393399_02_22536_23465	CP000240.1:2552207-2553134|CDS|CYB_2452	83.058	909	154	0	1	909	1	909	0.0	946
Ga0393399_02_24087_24407	CP000239.1:2786899-2787499|CDS|CYA_2761	100.000	321	0	0	1	321	280	600	3.32e-166	580
Ga0393399_02_24087_24407	CP000240.1:2554732-2555314|CDS|CYB_2455	77.640	322	70	2	1	321	262	582	7.35e-67	250
Ga0393399_02_24408_25394	CP000239.1:2787499-2788486|CDS|CYA_2762	99.797	987	2	0	1	987	1	987	0.0	1772
Ga0393399_02_24408_25394	CP000240.1:2555325-2556312|CDS|CYB_2456	88.057	988	116	2	1	987	1	987	0.0	1243
Ga0393399_02_25450_26076	CP000240.1:2556337-2557312|CDS|CYB_2457	80.556	612	119	0	7	618	301	912	4.24e-162	568
Ga0393399_03_557_814	CP000239.1:657643-657901|CDS|CYA_0648	100.000	258	0	0	1	258	1	258	4.16e-132	466
Ga0393399_03_557_814	CP000240.1:299089-299347|CDS|CYB_0285	84.232	241	38	0	1	241	1	241	2.63e-71	264
Ga0393399_03_867_1544	CP000239.1:656913-657591|CDS|CYA_0646	99.705	678	2	0	1	678	1	678	0.0	1214
Ga0393399_03_867_1544	CP000240.1:298296-298974|CDS|CYB_0284	85.392	664	97	0	10	673	10	673	0.0	761
Ga0393399_03_1541_1948	CP000239.1:656509-656917|CDS|CYA_0647	99.755	408	1	0	1	408	1	408	0.0	732
Ga0393399_03_1541_1948	CP000240.1:297868-298279|CDS|CYB_0283	86.732	407	51	2	1	404	1	407	2.53e-137	485
Ga0393399_03_2336_2434	CP000239.1:656013-656112|CDS|CYA_0645	100.000	99	0	0	1	99	1	99	2.83e-46	179
Ga0393399_03_2336_2434	CP000240.1:297370-297469|CDS|CYB_0282	89.899	99	10	0	1	99	1	99	1.05e-32	134
Ga0393399_03_2548_4008	CP000239.1:654367-655900|CDS|CYA_0644	99.932	1461	1	0	1	1461	73	1533	0.0	2631
Ga0393399_03_2548_4008	CP000240.1:295731-297264|CDS|CYB_0281	89.795	1460	149	0	1	1460	73	1532	0.0	1962
Ga0393399_03_4443_4739	CP000239.1:653708-654005|CDS|CYA_0643	99.663	297	1	0	1	297	1	297	1.39e-151	532
Ga0393399_03_4443_4739	CP000240.1:295073-295370|CDS|CYB_0280	90.572	297	28	0	1	297	1	297	3.27e-115	410
Ga0393399_03_5280_7115	CP000239.1:651332-653168|CDS|CYA_0640	99.946	1836	1	0	1	1836	1	1836	0.0	3307
Ga0393399_03_5280_7115	CP000240.1:2971939-2973775|CDS|CYB_2875	87.418	1836	231	0	1	1836	1	1836	0.0	2270
Ga0393399_03_7156_8685	CP000239.1:649762-651292|CDS|CYA_0639	99.477	1530	8	0	1	1530	1	1530	0.0	2724
Ga0393399_03_7156_8685	CP000240.1:2973825-2975361|CDS|CYB_2876	86.540	1471	198	0	1	1471	1	1471	0.0	1761
Ga0393399_03_8731_10041	CP000239.1:648406-649717|CDS|CYA_0638	95.881	1311	54	0	1	1311	1	1311	0.0	2122
Ga0393399_03_8731_10041	CP000240.1:2975419-2976730|CDS|CYB_2877	91.609	1311	110	0	1	1311	1	1311	0.0	1869
Ga0393399_03_10176_10676	CP000239.1:647771-648272|CDS|CYA_0636	99.800	501	1	0	1	501	1	501	0.0	900
Ga0393399_03_10176_10676	CP000240.1:2976811-2977270|CDS|CYB_2878	88.498	426	49	0	1	426	1	426	3.14e-156	548
Ga0393399_03_10642_11775	CP000239.1:646672-647806|CDS|CYA_0637	100.000	1134	0	0	1	1134	1	1134	0.0	2046
Ga0393399_03_10642_11775	CP000240.1:1981376-1982510|CDS|CYB_1895	85.450	1134	165	0	1	1134	1	1134	0.0	1302
Ga0393399_03_11922_12104	CP000239.1:646343-646526|CDS|CYA_0635	100.000	183	0	0	1	183	1	183	1.47e-91	331
Ga0393399_03_11922_12104	CP000240.1:1982808-1983009|CDS|CYB_1896	83.688	141	17	1	41	181	65	199	8.15e-38	152
Ga0393399_03_12196_12774	CP000239.1:645673-646252|CDS|CYA_0634	100.000	579	0	0	1	579	1	579	0.0	1045
Ga0393399_03_12196_12774	CP000240.1:935222-935801|CDS|CYB_0905	84.266	572	90	0	1	572	1	572	4.75e-180	627
Ga0393399_03_12791_13261	CP000239.1:645186-645657|CDS|CYA_0633	100.000	471	0	0	1	471	1	471	0.0	850
Ga0393399_03_12791_13261	CP000240.1:934707-935205|CDS|CYB_0904	87.339	387	49	0	85	471	112	498	4.37e-135	478
Ga0393399_03_13721_14383	CP000239.1:643785-644448|CDS|CYA_0632	100.000	663	0	0	1	663	1	663	0.0	1196
Ga0393399_03_13721_14383	CP000240.1:933677-934340|CDS|CYB_0901	81.599	663	122	0	1	663	1	663	0.0	646
Ga0393399_03_14410_15204	CP000239.1:642958-643759|CDS|CYA_0631	99.251	801	0	1	1	795	1	801	0.0	1419
Ga0393399_03_14410_15204	CP000240.1:932847-933651|CDS|CYB_0900	74.751	804	151	7	1	752	1	804	4.16e-157	551
Ga0393399_03_15234_16265	CP000239.1:641897-642929|CDS|CYA_0630	99.903	1032	1	0	1	1032	1	1032	0.0	1857
Ga0393399_03_15234_16265	CP000240.1:63175-64207|CDS|CYB_0050	86.791	1022	135	0	1	1022	1	1022	0.0	1235
Ga0393399_03_16710_17213	CP000239.1:782540-783770|CDS|CYA_0777	91.903	494	40	0	1	494	1	494	0.0	711
Ga0393399_03_16710_17213	CP000239.1:1966854-1968081|CDS|CYA_1956	90.101	495	49	0	1	495	1	495	0.0	673
Ga0393399_03_16710_17213	CP000239.1:1368725-1369295|CDS|CYA_1359	81.855	496	90	0	2	497	2	497	7.44e-139	489
Ga0393399_03_16710_17213	CP000240.1:544792-546037|CDS|CYB_0530	77.576	495	108	1	1	495	1	492	5.36e-109	391
Ga0393399_03_16710_17213	CP000240.1:2424097-2424871|CDS|CYB_2313	76.411	496	112	3	1	495	1	492	3.17e-99	359
Ga0393399_03_16710_17213	CP000240.1:1126684-1127458|CDS|CYB_1091	75.605	496	116	3	1	495	1	492	8.50e-94	341
Ga0393399_03_16710_17213	CP000240.1:86287-87061|CDS|CYB_0074	74.949	495	121	1	1	495	1	492	1.26e-91	333
Ga0393399_03_16710_17213	CP000240.1:2581305-2582079|CDS|CYB_2484	74.747	495	122	1	1	495	1	492	5.37e-90	328
Ga0393399_03_17569_19377	CP000239.1:795579-797388|CDS|CYA_0787	100.000	1809	0	0	1	1809	1	1809	0.0	3263
Ga0393399_03_17569_19377	CP000240.1:3036226-3038035|CDS|CYB_2934	89.945	1810	180	2	1	1809	1	1809	0.0	2437
Ga0393399_03_17569_19377	CP000240.1:2876607-2878500|CDS|CYB_2781	69.781	1509	417	18	1	1488	1	1491	2.26e-177	620
Ga0393399_03_17569_19377	CP000239.1:123677-125564|CDS|CYA_0130	69.159	1498	425	20	1	1478	1	1481	5.32e-160	563
Ga0393399_03_19494_20678	CP000239.1:797504-798689|CDS|CYA_0788	100.000	1185	0	0	1	1185	1	1185	0.0	2138
Ga0393399_03_19494_20678	CP000240.1:3038165-3039350|CDS|CYB_2935	85.738	1185	169	0	1	1185	1	1185	0.0	1376
Ga0393399_03_20675_20938	CP000239.1:798685-798949|CDS|CYA_0789	100.000	264	0	0	1	264	1	264	2.36e-135	477
Ga0393399_03_20675_20938	CP000240.1:3039346-3039616|CDS|CYB_2936	76.892	251	58	0	1	251	1	251	1.40e-49	192
Ga0393399_03_20992_22026	CP000239.1:798945-800037|CDS|CYA_0790	99.807	1035	2	0	1	1035	58	1092	0.0	1858
Ga0393399_03_20992_22026	CP000240.1:3039612-3040641|CDS|CYB_2937	81.433	921	165	6	1	918	43	960	0.0	869
Ga0393399_03_22161_23681	CP000239.1:800171-801692|CDS|CYA_0791	99.869	1521	2	0	1	1521	1	1521	0.0	2735
Ga0393399_03_22161_23681	CP000240.1:1415905-1417561|CDS|CYB_1347	76.938	1561	319	10	1	1521	97	1656	0.0	1185
Ga0393399_04_1470_1739	CP000239.1:2071509-2071779|CDS|CYA_2051	100.000	270	0	0	1	270	1	270	1.34e-138	488
Ga0393399_04_1470_1739	CP000240.1:766177-766447|CDS|CYB_0741	88.148	270	32	0	1	270	1	270	3.60e-95	343
Ga0393399_04_1799_2206	CP000239.1:2071839-2072247|CDS|CYA_2052	99.755	408	1	0	1	408	1	408	0.0	732
Ga0393399_04_1799_2206	CP000240.1:766523-766949|CDS|CYB_0742	81.361	338	63	0	1	338	1	338	1.50e-89	326
Ga0393399_04_2364_3113	CP000239.1:2072404-2073154|CDS|CYA_2053	99.867	750	1	0	1	750	1	750	0.0	1349
Ga0393399_04_2364_3113	CP000240.1:767235-767994|CDS|CYB_0743	83.957	748	120	0	1	748	10	757	0.0	809
Ga0393399_04_3166_3447	CP000239.1:2073206-2073488|CDS|CYA_2054	99.645	282	1	0	1	282	1	282	1.82e-143	505
Ga0393399_04_3166_3447	CP000240.1:768030-768312|CDS|CYB_0744	81.159	276	52	0	1	276	1	276	2.90e-71	264
Ga0393399_04_3444_4376	CP000239.1:2073484-2074417|CDS|CYA_2055	99.357	933	6	0	1	933	1	933	0.0	1656
Ga0393399_04_3444_4376	CP000240.1:768308-769244|CDS|CYB_0745	87.500	936	114	1	1	933	1	936	0.0	1159
Ga0393399_04_4498_5259	CP000239.1:2074538-2075300|CDS|CYA_2056	99.869	762	1	0	1	762	1	762	0.0	1370
Ga0393399_04_4498_5259	CP000240.1:769400-770162|CDS|CYB_0746	82.869	753	129	0	10	762	10	762	0.0	777
Ga0393399_04_5536_6300	CP000239.1:2075576-2076425|CDS|CYA_2057	99.869	765	1	0	1	765	85	849	0.0	1376
Ga0393399_04_5536_6300	CP000240.1:770420-771275|CDS|CYB_0747	82.933	750	127	1	1	749	91	840	0.0	773
Ga0393399_04_6381_7163	CP000239.1:2076421-2077198|CDS|CYA_2058	99.871	777	1	0	7	783	1	777	0.0	1397
Ga0393399_04_6381_7163	CP000240.1:771271-772054|CDS|CYB_0748	84.218	754	119	0	7	760	1	754	0.0	824
Ga0393399_04_7302_8684	CP000239.1:2077342-2078725|CDS|CYA_2059	99.349	1383	9	0	1	1383	1	1383	0.0	2454
Ga0393399_04_7302_8684	CP000240.1:772179-773562|CDS|CYB_0749	86.303	1358	186	0	1	1358	1	1358	0.0	1611
Ga0393399_04_8772_10079	CP000239.1:2078860-2080132|CDS|CYA_2060	93.475	1272	83	0	37	1308	1	1272	0.0	1920
Ga0393399_04_8772_10079	CP000240.1:773670-774939|CDS|CYB_0750	84.980	1265	190	0	37	1301	1	1265	0.0	1425
Ga0393399_04_10118_11509	CP000239.1:2080170-2081562|CDS|CYA_2061	94.971	1392	70	0	1	1392	1	1392	0.0	2195
Ga0393399_04_10118_11509	CP000240.1:2978141-2979533|CDS|CYB_2880	85.076	1387	207	0	1	1387	1	1387	0.0	1569
Ga0393399_04_11534_13834	CP000239.1:2081586-2083899|CDS|CYA_2062	97.795	2313	39	1	1	2301	1	2313	0.0	3948
Ga0393399_04_11534_13834	CP000240.1:2076485-2078777|CDS|CYB_1978	86.181	2265	313	0	1	2265	1	2265	0.0	2674
Ga0393399_04_14035_14313	CP000239.1:2085906-2086185|CDS|CYA_2065	100.000	279	0	0	1	279	1	279	1.80e-143	504
Ga0393399_04_14552_15385	CP000239.1:2086423-2087257|CDS|CYA_2066	99.880	834	1	0	1	834	1	834	0.0	1500
Ga0393399_04_14552_15385	CP000240.1:2073417-2074254|CDS|CYB_1974	80.947	824	127	2	1	794	1	824	0.0	797
Ga0393399_04_15594_16439	CP000239.1:2087285-2088311|CDS|CYA_2067	99.764	846	2	0	1	846	181	1026	0.0	1517
Ga0393399_04_15594_16439	CP000240.1:2071776-2072670|CDS|CYB_1972	84.634	833	128	0	2	834	50	882	0.0	926
Ga0393399_04_16710_17075	CP000239.1:2088581-2088947|CDS|CYA_2069	100.000	366	0	0	1	366	1	366	0.0	661
Ga0393399_04_16710_17075	CP000240.1:654686-655052|CDS|CYB_0644	86.066	366	51	0	1	366	1	366	4.36e-121	431
Ga0393399_04_17150_17602	CP000239.1:2089021-2089474|CDS|CYA_2070	99.779	453	1	0	1	453	1	453	0.0	813
Ga0393399_04_17150_17602	CP000240.1:655132-655558|CDS|CYB_0645	77.704	453	74	3	1	453	1	426	1.29e-103	373
Ga0393399_04_17800_19275	CP000239.1:2089671-2091147|CDS|CYA_2071	99.797	1476	3	0	1	1476	1	1476	0.0	2649
Ga0393399_04_17800_19275	CP000240.1:656103-657579|CDS|CYB_0646	87.534	1476	184	0	1	1476	1	1476	0.0	1833
Ga0393399_04_19425_21035	CP000239.1:2091299-2092907|CDS|CYA_2072	99.938	1608	1	0	4	1611	1	1608	0.0	2896
Ga0393399_04_19425_21035	CP000240.1:657738-659346|CDS|CYB_0647	92.279	1606	124	0	4	1609	1	1606	0.0	2338
Ga0393399_04_21318_23114	CP000240.1:659643-661440|CDS|CYB_0648	95.882	1797	74	0	1	1797	1	1797	0.0	2908
Ga0393399_04_21318_23114	CP000239.1:2093189-2094986|CDS|CYA_2073	95.771	1797	76	0	1	1797	1	1797	0.0	2899
Ga0393399_05_284_1498	CP000239.1:2418525-2419740|CDS|CYA_2410	99.835	1215	2	0	1	1215	1	1215	0.0	2183
Ga0393399_05_284_1498	CP000240.1:2311743-2312955|CDS|CYB_2206	87.036	1211	154	1	1	1211	1	1208	0.0	1475
Ga0393399_05_2150_5809	CP000239.1:2420391-2424051|CDS|CYA_2411	99.945	3660	2	0	1	3660	1	3660	0.0	6592
Ga0393399_05_2150_5809	CP000240.1:2313603-2317278|CDS|CYB_2208	87.626	3685	417	8	1	3658	1	3673	0.0	4589
Ga0393399_05_5814_6617	CP000239.1:2424055-2424829|CDS|CYA_2412	99.871	774	1	0	31	804	1	774	0.0	1392
Ga0393399_05_5814_6617	CP000240.1:2317632-2318424|CDS|CYB_2209	82.552	768	134	0	2	769	5	772	0.0	782
Ga0393399_05_6886_7797	CP000239.1:2425127-2425949|CDS|CYA_2413	100.000	822	0	0	91	912	1	822	0.0	1483
Ga0393399_05_6886_7797	CP000240.1:2402263-2403088|CDS|CYB_2297	81.179	797	147	2	91	887	1	794	0.0	755
Ga0393399_05_7883_8833	CP000239.1:2427960-2428911|CDS|CYA_2417	100.000	951	0	0	1	951	1	951	0.0	1716
Ga0393399_05_7883_8833	CP000240.1:2401038-2401989|CDS|CYB_2296	85.941	946	133	0	1	946	1	946	0.0	1107
Ga0393399_05_9103_9750	CP000239.1:2429180-2429828|CDS|CYA_2418	99.846	648	1	0	1	648	1	648	0.0	1165
Ga0393399_05_9103_9750	CP000240.1:2399769-2400417|CDS|CYB_2295	80.123	649	127	2	1	648	1	648	1.99e-166	582
Ga0393399_05_10012_10500	CP000239.1:2430089-2430578|CDS|CYA_2419	100.000	489	0	0	1	489	1	489	0.0	883
Ga0393399_05_10012_10500	CP000240.1:2398845-2399319|CDS|CYB_2294	83.621	464	76	0	1	464	1	464	1.70e-140	495
Ga0393399_05_10544_11695	CP000239.1:2430621-2431743|CDS|CYA_2420	99.733	1122	3	0	31	1152	1	1122	0.0	2011
Ga0393399_05_10544_11695	CP000240.1:2397586-2398834|CDS|CYB_2293	84.884	1032	156	0	81	1112	156	1187	0.0	1159
Ga0393399_05_11786_12550	CP000239.1:2431863-2432628|CDS|CYA_2421	100.000	765	0	0	1	765	1	765	0.0	1380
Ga0393399_05_11786_12550	CP000240.1:2396568-2397330|CDS|CYB_2292	89.101	734	80	0	1	734	1	734	0.0	964
Ga0393399_05_12649_12801	CP000239.1:2432726-2432879|CDS|CYA_2422	100.000	153	0	0	1	153	1	153	2.33e-75	277
Ga0393399_05_12649_12801	CP000240.1:2396320-2396470|CDS|CYB_2291	91.156	147	13	0	1	147	1	147	3.46e-54	207
Ga0393399_05_12865_13125	CP000239.1:2432986-2433358|CDS|CYA_2423	99.539	217	0	1	1	217	157	372	3.95e-107	384
Ga0393399_05_12865_13125	CP000240.1:2395869-2396205|CDS|CYB_2290	82.110	218	36	3	1	217	121	336	6.28e-54	207
Ga0393399_05_13037_13219	CP000239.1:2432986-2433358|CDS|CYA_2423	100.000	183	0	0	1	183	245	63	1.47e-91	331
Ga0393399_05_13037_13219	CP000240.1:2395869-2396205|CDS|CYB_2290	84.028	144	23	0	6	149	204	61	6.69e-39	157
Ga0393399_05_13575_13925	CP000239.1:2350436-2350862|CDS|CYA_2343	87.908	306	36	1	10	315	62	366	1.89e-106	382
Ga0393399_05_13575_13925	CP000239.1:88305-89487|CDS|CYA_0091	83.824	340	40	2	10	335	815	1153	3.42e-103	370
Ga0393399_05_13575_13925	CP000240.1:2219258-2220470|CDS|CYB_2126	69.524	315	71	4	3	299	808	1115	1.05e-33	141
Ga0393399_05_13575_13925	CP000240.1:2247371-2248565|CDS|CYB_2147	70.432	301	58	7	20	299	825	1115	3.67e-33	139
Ga0393399_05_13575_13925	CP000240.1:2210858-2212052|CDS|CYB_2117	70.432	301	58	7	20	299	825	1115	3.67e-33	139
Ga0393399_05_13575_13925	CP000239.1:712444-713638|CDS|CYA_0704	70.470	298	63	6	20	299	825	1115	1.28e-32	137
Ga0393399_05_13575_13925	CP000240.1:2553363-2554557|CDS|CYB_2454	69.767	301	60	6	20	299	825	1115	4.47e-32	134
Ga0393399_05_13575_13925	CP000239.1:994256-995468|CDS|CYA_0981	70.100	301	59	7	20	299	825	1115	4.47e-32	134
Ga0393399_05_13575_13925	CP000240.1:2128026-2129220|CDS|CYB_2026	68.889	315	73	4	3	299	808	1115	5.44e-31	132
Ga0393399_05_13575_13925	CP000239.1:693322-694534|CDS|CYA_0687	68.889	315	73	4	3	299	808	1115	5.44e-31	132
Ga0393399_05_13575_13925	CP000240.1:1842322-1843549|CDS|CYB_1759	69.767	301	60	7	20	299	849	1139	1.90e-30	130
Ga0393399_05_13575_13925	CP000240.1:1015074-1016268|CDS|CYB_0979	70.068	294	59	7	26	299	831	1115	1.90e-30	129
Ga0393399_05_13575_13925	CP000240.1:1917270-1918464|CDS|CYB_1826	68.571	315	74	4	3	299	808	1115	6.63e-30	127
Ga0393399_05_13575_13925	CP000239.1:893439-894633|CDS|CYA_0887	69.667	300	62	7	20	299	825	1115	2.31e-29	126
Ga0393399_05_13575_13925	CP000240.1:1763450-1764623|CDS|CYB_1688	68.254	315	75	4	3	299	808	1115	2.82e-28	123
Ga0393399_05_13575_13925	CP000239.1:1594889-1596107|CDS|CYA_1585	69.103	301	62	7	20	299	825	1115	9.84e-28	121
Ga0393399_05_13575_13925	CP000240.1:52430-53648|CDS|CYB_0041	69.128	298	67	6	20	299	849	1139	3.43e-27	119
Ga0393399_05_13575_13925	CP000240.1:2644164-2645358|CDS|CYB_2538	68.421	304	59	8	20	299	825	1115	1.46e-25	113
Ga0393399_05_13575_13925	CP000240.1:481588-482800|CDS|CYB_0472	69.000	300	64	9	20	299	825	1115	6.21e-24	108
Ga0393399_05_13575_13925	CP000240.1:605550-606744|CDS|CYB_0598	68.350	297	71	6	20	299	825	1115	2.17e-23	106
Ga0393399_05_13575_13925	CP000240.1:2933473-2934709|CDS|CYB_2835	68.456	298	69	7	20	299	849	1139	2.17e-23	105
Ga0393399_05_13575_13925	CP000240.1:2619921-2621115|CDS|CYB_2521	68.456	298	69	7	20	299	825	1115	2.17e-23	105
Ga0393399_05_13575_13925	CP000240.1:1267756-1268992|CDS|CYB_1227	68.456	298	69	7	20	299	849	1139	2.17e-23	105
Ga0393399_05_13575_13925	CP000240.1:2168360-2169515|CDS|CYB_2071	67.763	304	61	8	20	299	825	1115	7.56e-23	104
Ga0393399_05_13575_13925	CP000240.1:1384265-1385459|CDS|CYB_1322	68.000	300	67	7	20	299	825	1115	7.56e-23	104
Ga0393399_05_13575_13925	CP000240.1:1190675-1191869|CDS|CYB_1151	68.667	300	65	9	20	299	825	1115	7.56e-23	104
Ga0393399_05_13575_13925	CP000240.1:629484-630702|CDS|CYB_0620	67.774	301	66	7	20	299	849	1139	2.64e-22	103
Ga0393399_05_13575_13925	CP000240.1:1954838-1956056|CDS|CYB_1872	67.763	304	61	9	20	299	849	1139	9.21e-22	100
Ga0393399_05_13575_13925	CP000240.1:2565689-2566883|CDS|CYB_2468	67.333	300	69	6	20	299	825	1115	3.22e-21	99.6
Ga0393399_05_13575_13925	CP000240.1:345730-346924|CDS|CYB_0329	67.667	300	68	7	20	299	825	1115	3.22e-21	99.6
Ga0393399_05_13575_13925	CP000240.1:241642-242836|CDS|CYB_0233	68.333	300	66	9	20	299	825	1115	3.22e-21	99.6
Ga0393399_05_13575_13925	CP000240.1:1803089-1804283|CDS|CYB_1722	67.657	303	63	9	20	299	825	1115	1.12e-20	96.9
Ga0393399_05_13575_13925	CP000240.1:638632-639850|CDS|CYB_0630	67.450	298	72	6	20	299	849	1139	1.12e-20	96.9
Ga0393399_05_13575_13925	CP000240.1:1083184-1084426|CDS|CYB_1042	67.105	304	63	8	20	299	873	1163	3.92e-20	96.0
Ga0393399_05_13575_13925	CP000240.1:1064975-1066169|CDS|CYB_1023	67.333	300	69	7	20	299	825	1115	3.92e-20	95.1
Ga0393399_05_13575_13925	CP000239.1:2170714-2171908|CDS|CYA_2158	67.110	301	68	7	20	299	825	1115	1.37e-19	94.2
Ga0393399_05_13575_13925	CP000239.1:698055-699204|CDS|CYA_0690	67.647	306	58	11	20	299	849	1139	1.37e-19	94.2
Ga0393399_05_13575_13925	CP000240.1:1244785-1246021|CDS|CYB_1201	67.327	303	64	9	20	299	849	1139	4.77e-19	92.4
Ga0393399_05_13575_13925	CP000240.1:2830275-2831565|CDS|CYB_2735	67.105	304	63	9	20	299	873	1163	4.77e-19	91.5
Ga0393399_05_13575_13925	CP000239.1:629980-631174|CDS|CYA_0620	66.776	304	64	8	20	299	825	1115	4.77e-19	91.5
Ga0393399_05_13575_13925	CP000240.1:3008652-3009870|CDS|CYB_2910	66.779	298	74	6	20	299	849	1139	5.81e-18	87.8
Ga0393399_05_13575_13925	CP000240.1:102811-104029|CDS|CYB_0087	66.333	300	72	6	20	299	849	1139	2.03e-17	86.0
Ga0393399_05_13575_13925	CP000240.1:1521392-1522610|CDS|CYB_1450	66.667	303	66	9	20	299	849	1139	2.47e-16	83.3
Ga0393399_05_13575_13925	CP000240.1:2796782-2798000|CDS|CYB_2707	66.118	304	66	8	20	299	849	1139	2.47e-16	82.4
Ga0393399_05_13575_13925	CP000240.1:1358129-1359347|CDS|CYB_1297	66.667	306	61	11	20	299	849	1139	8.63e-16	80.6
Ga0393399_05_13885_14490	CP000240.1:1316312-1317548|CDS|CYB_1259	78.352	619	116	1	2	602	224	842	4.37e-149	525
Ga0393399_05_13885_14490	CP000239.1:88305-89487|CDS|CYA_0091	78.618	608	112	2	13	602	235	842	1.86e-147	518
Ga0393399_05_13885_14490	CP000239.1:1594889-1596107|CDS|CYA_1585	78.029	619	118	1	2	602	224	842	2.27e-146	516
Ga0393399_05_13885_14490	CP000240.1:2644164-2645358|CDS|CYB_2538	78.559	583	107	1	38	602	260	842	4.99e-142	500
Ga0393399_05_13885_14490	CP000240.1:1190675-1191869|CDS|CYB_1151	78.559	583	107	1	38	602	260	842	4.99e-142	500
Ga0393399_05_13885_14490	CP000240.1:1384265-1385459|CDS|CYB_1322	77.544	619	121	2	2	602	224	842	6.08e-141	498
Ga0393399_05_13885_14490	CP000240.1:629484-630702|CDS|CYB_0620	77.544	619	121	2	2	602	248	866	6.08e-141	498
Ga0393399_05_13885_14490	CP000239.1:893439-894633|CDS|CYA_0887	77.383	619	122	2	2	602	224	842	7.41e-140	493
Ga0393399_05_13885_14490	CP000239.1:2170714-2171908|CDS|CYA_2158	77.097	620	124	1	1	602	223	842	9.02e-139	490
Ga0393399_05_13885_14490	CP000240.1:102811-104029|CDS|CYB_0087	78.045	583	110	1	38	602	284	866	1.10e-137	487
Ga0393399_05_13885_14490	CP000240.1:1521392-1522610|CDS|CYB_1450	78.007	582	110	1	38	601	284	865	3.84e-137	485
Ga0393399_05_13885_14490	CP000240.1:638632-639850|CDS|CYB_0630	78.007	582	110	1	38	601	284	865	3.84e-137	485
Ga0393399_05_13885_14490	CP000240.1:2247371-2248565|CDS|CYB_2147	76.898	619	125	1	2	602	224	842	3.84e-137	484
Ga0393399_05_13885_14490	CP000240.1:2619921-2621115|CDS|CYB_2521	77.060	619	124	3	2	602	224	842	1.63e-135	480
Ga0393399_05_13885_14490	CP000240.1:1267756-1268992|CDS|CYB_1227	76.898	619	125	2	2	602	248	866	1.63e-135	480
Ga0393399_05_13885_14490	CP000240.1:1358129-1359347|CDS|CYB_1297	77.663	582	112	1	38	601	284	865	1.99e-134	476
Ga0393399_05_13885_14490	CP000240.1:241642-242836|CDS|CYB_0233	77.835	582	111	2	2	565	224	805	1.99e-134	476
Ga0393399_05_13885_14490	CP000240.1:1803089-1804283|CDS|CYB_1722	77.530	583	113	1	38	602	260	842	6.94e-134	473
Ga0393399_05_13885_14490	CP000239.1:712444-713638|CDS|CYA_0704	76.490	621	126	3	1	602	223	842	1.03e-131	467
Ga0393399_05_13885_14490	CP000240.1:2210858-2212052|CDS|CYB_2117	76.329	621	127	3	1	602	223	842	1.25e-130	462
Ga0393399_05_13885_14490	CP000239.1:774779-775973|CDS|CYA_0767	76.329	621	127	3	1	602	223	842	1.25e-130	462
Ga0393399_05_13885_14490	CP000240.1:2933473-2934709|CDS|CYB_2835	76.252	619	129	2	2	602	248	866	4.38e-130	462
Ga0393399_05_13885_14490	CP000240.1:3008652-3009870|CDS|CYB_2910	76.844	583	117	1	38	602	284	866	1.86e-128	455
Ga0393399_05_13885_14490	CP000240.1:1244785-1246021|CDS|CYB_1201	77.425	567	110	2	54	602	300	866	6.50e-128	453
Ga0393399_05_13885_14490	CP000240.1:2565689-2566883|CDS|CYB_2468	75.929	619	131	2	2	602	224	842	2.27e-127	453
Ga0393399_05_13885_14490	CP000240.1:2796782-2798000|CDS|CYB_2707	74.729	645	119	4	1	602	223	866	7.91e-127	451
Ga0393399_05_13885_14490	CP000240.1:481588-482800|CDS|CYB_0472	76.844	583	117	2	38	602	260	842	7.91e-127	451
Ga0393399_05_13885_14490	CP000240.1:2168360-2169515|CDS|CYB_2071	75.645	620	133	1	1	602	223	842	7.91e-127	450
Ga0393399_05_13885_14490	CP000240.1:2553363-2554557|CDS|CYB_2454	75.845	621	130	4	1	602	223	842	3.37e-125	444
Ga0393399_05_13885_14490	CP000239.1:994256-995468|CDS|CYA_0981	75.606	619	133	2	2	602	224	842	1.17e-124	444
Ga0393399_05_13885_14490	CP000240.1:2661652-2662870|CDS|CYB_2557	74.339	643	123	3	2	602	224	866	4.10e-124	441
Ga0393399_05_13885_14490	CP000240.1:345730-346924|CDS|CYB_0329	75.606	619	133	3	2	602	224	842	1.43e-123	439
Ga0393399_05_13885_14490	CP000240.1:605550-606744|CDS|CYB_0598	75.325	616	134	2	2	599	224	839	6.08e-122	434
Ga0393399_05_13885_14490	CP000239.1:629980-631174|CDS|CYA_0620	75.484	620	132	4	1	601	223	841	6.08e-122	434
Ga0393399_05_13885_14490	CP000240.1:1083184-1084426|CDS|CYB_1042	74.109	645	123	4	1	602	247	890	2.12e-121	433
Ga0393399_05_13885_14490	CP000240.1:1064975-1066169|CDS|CYB_1023	75.945	582	122	1	38	601	260	841	7.41e-121	431
Ga0393399_05_13885_14490	CP000239.1:698055-699204|CDS|CYA_0690	74.379	644	121	7	2	602	224	866	9.03e-120	426
Ga0393399_05_13885_14490	CP000240.1:1954838-1956056|CDS|CYB_1872	73.798	645	125	4	1	602	223	866	1.10e-118	424
Ga0393399_05_13885_14490	CP000240.1:52430-53648|CDS|CYB_0041	74.300	607	114	2	38	602	260	866	3.84e-118	421
Ga0393399_05_13885_14490	CP000240.1:2830275-2831565|CDS|CYB_2735	74.135	607	115	2	38	602	284	890	1.63e-116	416
Ga0393399_05_13885_14490	CP000240.1:1015074-1016268|CDS|CYB_0979	76.386	559	114	3	38	578	260	818	1.63e-116	416
Ga0393399_05_13885_14490	CP000240.1:1842322-1843549|CDS|CYB_1759	73.250	643	130	4	2	602	224	866	2.95e-113	405
Ga0393399_05_13885_14490	CP000240.1:2128026-2129220|CDS|CYB_2026	76.413	513	101	3	1	494	223	734	2.76e-107	385
Ga0393399_05_13885_14490	CP000240.1:2506708-2507857|CDS|CYB_2410	72.033	615	106	5	54	602	348	962	6.09e-103	371
Ga0393399_05_13885_14490	CP000240.1:1763450-1764623|CDS|CYB_1688	72.611	628	140	8	1	603	223	843	5.70e-97	351
Ga0393399_05_13885_14490	CP000240.1:1917270-1918464|CDS|CYB_1826	74.464	513	111	3	1	494	223	734	1.03e-93	340
Ga0393399_05_13885_14490	CP000240.1:2219258-2220470|CDS|CYB_2126	72.276	624	149	7	1	603	223	843	1.26e-92	336
Ga0393399_05_13885_14490	CP000239.1:693322-694534|CDS|CYA_0687	73.864	528	118	3	1	509	223	749	4.38e-92	335
Ga0393399_05_14854_15231	CP000239.1:1762155-1762494|CDS|CYA_1756	99.705	339	1	0	40	378	1	339	2.84e-174	608
Ga0393399_05_14854_15231	CP000240.1:218004-218367|CDS|CYB_0207	85.806	310	44	0	59	368	20	329	1.92e-100	361
Ga0393399_05_15224_16714	CP000239.1:1760672-1762163|CDS|CYA_1755	99.866	1491	2	0	1	1491	1	1491	0.0	2681
Ga0393399_05_15224_16714	CP000240.1:218359-219832|CDS|CYB_0208	82.273	1478	254	3	15	1491	3	1473	0.0	1479
Ga0393399_05_16698_17102	CP000239.1:1760284-1760671|CDS|CYA_1754	100.000	387	0	0	19	405	1	387	0.0	699
Ga0393399_05_16698_17102	CP000240.1:219833-220220|CDS|CYB_0209	85.146	377	56	0	29	405	11	387	1.69e-120	428
Ga0393399_05_17099_17350	CP000239.1:1760036-1760288|CDS|CYA_1753	100.000	252	0	0	1	252	1	252	7.33e-129	455
Ga0393399_05_17099_17350	CP000240.1:220216-220468|CDS|CYB_0210	86.853	251	33	0	1	251	1	251	2.92e-83	305
Ga0393399_05_17362_17643	CP000239.1:1759743-1760025|CDS|CYA_1752	99.645	282	1	0	1	282	1	282	1.82e-143	505
Ga0393399_05_17362_17643	CP000240.1:220487-220769|CDS|CYB_0211	89.716	282	29	0	1	282	1	282	1.83e-105	379
Ga0393399_05_17653_18174	CP000239.1:1759212-1759734|CDS|CYA_1751	100.000	522	0	0	1	522	1	522	0.0	942
Ga0393399_05_17653_18174	CP000240.1:220778-221300|CDS|CYB_0212	85.069	509	76	0	1	509	1	509	6.76e-165	576
Ga0393399_06_336_1088	CP000239.1:492369-493122|CDS|CYA_0475	99.070	753	7	0	1	753	1	753	0.0	1327
Ga0393399_06_336_1088	CP000240.1:255471-256221|CDS|CYB_0243	80.697	746	141	2	1	746	1	743	0.0	691
Ga0393399_06_1250_1627	CP000239.1:493283-493661|CDS|CYA_0476	99.735	378	1	0	1	378	1	378	0.0	678
Ga0393399_06_1250_1627	CP000240.1:256446-256857|CDS|CYB_0244	77.620	353	79	0	9	361	18	370	5.15e-76	281
Ga0393399_06_1715_4021	CP000239.1:493748-496055|CDS|CYA_0477	97.443	2307	59	0	1	2307	1	2307	0.0	3895
Ga0393399_06_1715_4021	CP000240.1:256938-259245|CDS|CYB_0245	88.860	2307	257	0	1	2307	1	2307	0.0	3002
Ga0393399_06_4418_5470	CP000239.1:496452-497505|CDS|CYA_0478	100.000	1053	0	0	1	1053	1	1053	0.0	1900
Ga0393399_06_4418_5470	CP000240.1:259658-260738|CDS|CYB_0246	79.461	1076	184	11	1	1044	1	1071	0.0	929
Ga0393399_06_5552_5917	CP000239.1:497586-497952|CDS|CYA_0479	99.727	366	1	0	1	366	1	366	0.0	656
Ga0393399_06_5552_5917	CP000240.1:369352-369718|CDS|CYB_0352	81.944	360	65	0	1	360	1	360	7.88e-99	357
Ga0393399_06_6229_7161	CP000239.1:498263-499196|CDS|CYA_0480	99.893	933	1	0	1	933	1	933	0.0	1679
Ga0393399_06_6229_7161	CP000240.1:368128-369076|CDS|CYB_0350	82.481	919	161	0	14	932	29	947	0.0	932
Ga0393399_06_7281_8186	CP000239.1:499315-500221|CDS|CYA_0481	97.572	906	22	0	1	906	1	906	0.0	1535
Ga0393399_06_7281_8186	CP000240.1:367080-367986|CDS|CYB_0349	88.300	906	106	0	1	906	1	906	0.0	1157
Ga0393399_06_8265_8654	CP000239.1:500299-500689|CDS|CYA_0482	93.333	390	26	0	1	390	1	390	2.75e-168	587
Ga0393399_06_8265_8654	CP000240.1:366609-366999|CDS|CYB_0348	88.205	390	46	0	1	390	1	390	3.82e-141	497
Ga0393399_06_8658_9443	CP000239.1:500692-501478|CDS|CYA_0483	98.219	786	14	0	1	786	1	786	0.0	1355
Ga0393399_06_8658_9443	CP000240.1:365637-366588|CDS|CYB_0347	72.935	787	209	4	2	786	167	951	4.40e-125	445
Ga0393399_06_9688_10635	CP000239.1:501722-502670|CDS|CYA_0484	95.359	948	44	0	1	948	1	948	0.0	1512
Ga0393399_06_9688_10635	CP000240.1:2012675-2013623|CDS|CYB_1929	84.672	946	145	0	2	947	2	947	0.0	1053
Ga0393399_06_10632_12050	CP000239.1:502666-504085|CDS|CYA_0485	97.322	1419	38	0	1	1419	1	1419	0.0	2388
Ga0393399_06_10632_12050	CP000240.1:2013647-2015054|CDS|CYB_1930	84.121	1417	213	2	1	1417	1	1405	0.0	1544
Ga0393399_06_12192_13106	CP000239.1:504226-505141|CDS|CYA_0486	99.781	915	2	0	1	915	1	915	0.0	1642
Ga0393399_06_12192_13106	CP000240.1:2015189-2016095|CDS|CYB_1931	80.444	900	173	1	1	900	1	897	0.0	829
Ga0393399_06_13453_13629	CP000239.1:505487-505664|CDS|CYA_0487	100.000	177	0	0	1	177	1	177	2.56e-88	320
Ga0393399_06_13919_14455	CP000239.1:505953-506490|CDS|CYA_0488	99.814	537	1	0	1	537	1	537	0.0	965
Ga0393399_06_13919_14455	CP000240.1:1484098-1484635|CDS|CYB_1415	87.945	506	61	0	1	506	1	506	0.0	638
Ga0393399_06_14465_15400	CP000239.1:506499-507435|CDS|CYA_0489	100.000	936	0	0	1	936	1	936	0.0	1689
Ga0393399_06_14465_15400	CP000240.1:1484644-1485580|CDS|CYB_1416	86.966	936	122	0	1	936	1	936	0.0	1139
Ga0393399_06_15524_16138	CP000239.1:507551-508166|CDS|CYA_0490	96.423	615	22	0	1	615	1	615	0.0	1011
Ga0393399_06_15524_16138	CP000240.1:558346-558961|CDS|CYB_0546	88.618	615	70	0	1	615	1	615	0.0	794
Ga0393399_06_16135_16758	CP000239.1:508162-508786|CDS|CYA_0491	99.508	610	3	0	15	624	15	624	0.0	1087
Ga0393399_06_16135_16758	CP000240.1:558957-559566|CDS|CYB_0547	87.752	596	73	0	19	614	4	599	0.0	746
Ga0393399_06_16919_17167	CP000239.1:508946-509195|CDS|CYA_0492	100.000	249	0	0	1	249	1	249	3.08e-127	450
Ga0393399_06_16919_17167	CP000240.1:561038-561287|CDS|CYB_0549	89.879	247	25	0	1	247	1	247	5.95e-92	334
Ga0393399_06_17452_17784	CP000239.1:509433-509811|CDS|CYA_0493	100.000	333	0	0	1	333	46	378	1.06e-172	601
Ga0393399_07_6_665	CP000239.1:164139-166383|CDS|CYA_0167	100.000	660	0	0	1	660	1585	2244	0.0	1191
Ga0393399_07_6_665	CP000239.1:142591-144856|CDS|CYA_0148	82.998	647	110	0	1	647	1585	2231	0.0	672
Ga0393399_07_6_665	CP000240.1:1971811-1974076|CDS|CYB_1886	82.844	647	111	0	1	647	1585	2231	0.0	667
Ga0393399_07_1158_1823	CP000239.1:162932-163925|CDS|CYA_0166	100.000	666	0	0	1	666	328	993	0.0	1202
Ga0393399_07_1158_1823	CP000240.1:1011011-1012010|CDS|CYB_0976	89.313	655	70	0	1	655	337	991	0.0	866
Ga0393399_07_1856_2260	CP000239.1:161685-162930|CDS|CYA_0164	99.744	391	1	0	1	391	31	421	0.0	701
Ga0393399_07_1856_2260	CP000240.1:1012023-1013241|CDS|CYB_0978	91.304	391	34	0	1	391	31	421	5.90e-158	553
Ga0393399_07_2340_3038	CP000239.1:161685-162930|CDS|CYA_0164	96.906	711	10	1	1	699	535	1245	0.0	1199
Ga0393399_07_2340_3038	CP000240.1:1012023-1013241|CDS|CYB_0978	85.359	683	88	1	1	671	535	1217	0.0	797
Ga0393399_07_3008_4669	CP000239.1:159946-161716|CDS|CYA_0165	99.940	1662	1	0	1	1662	109	1770	0.0	2993
Ga0393399_07_3008_4669	CP000240.1:1013237-1014965|CDS|CYB_0977	87.866	1673	191	2	2	1662	56	1728	0.0	2104
Ga0393399_07_4734_5465	CP000239.1:159201-159990|CDS|CYA_0163	99.727	732	2	0	1	732	58	789	0.0	1312
Ga0393399_07_4734_5465	CP000240.1:1016269-1017004|CDS|CYB_0980	85.736	652	93	0	80	731	83	734	0.0	757
Ga0393399_07_5782_6087	CP000239.1:158573-158942|CDS|CYA_0162	100.000	306	0	0	1	306	64	369	4.39e-158	553
Ga0393399_07_5782_6087	CP000240.1:1017329-1017698|CDS|CYB_0982	89.216	306	33	0	1	306	64	369	5.02e-113	404
Ga0393399_07_6500_7723	CP000239.1:157000-158224|CDS|CYA_0161	99.918	1224	1	0	1	1224	1	1224	0.0	2204
Ga0393399_07_6500_7723	CP000240.1:1018037-1019276|CDS|CYB_0983	84.007	1213	194	0	1	1213	1	1213	0.0	1314
Ga0393399_07_7778_8536	CP000239.1:156187-156946|CDS|CYA_0160	99.868	759	1	0	1	759	1	759	0.0	1365
Ga0393399_07_7778_8536	CP000240.1:2422795-2423566|CDS|CYB_2311	85.974	770	96	1	1	758	1	770	0.0	909
Ga0393399_07_8646_9842	CP000239.1:154881-156000|CDS|CYA_0159	100.000	1119	0	0	79	1197	1	1119	0.0	2019
Ga0393399_07_8646_9842	CP000240.1:2421461-2422580|CDS|CYB_2310	87.668	1119	138	0	79	1197	1	1119	0.0	1397
Ga0393399_07_9882_10685	CP000239.1:154077-154842|CDS|CYA_0157	99.865	741	1	0	1	741	1	741	0.0	1333
Ga0393399_07_10718_10957	CP000239.1:151960-152200|CDS|CYA_0155	100.000	240	0	0	1	240	1	240	2.27e-122	434
Ga0393399_07_10718_10957	CP000240.1:2419212-2419452|CDS|CYB_2308	87.324	213	27	0	28	240	28	240	8.49e-71	263
Ga0393399_07_11051_11968	CP000239.1:150949-151867|CDS|CYA_0154	99.020	918	9	0	1	918	1	918	0.0	1616
Ga0393399_07_11051_11968	CP000240.1:1964804-1965716|CDS|CYB_1880	86.498	911	123	0	1	911	1	911	0.0	1089
Ga0393399_07_12061_12735	CP000240.1:1965809-1966484|CDS|CYB_1881	99.259	675	5	0	1	675	1	675	0.0	1196
Ga0393399_07_12061_12735	CP000239.1:150182-150857|CDS|CYA_0153	99.259	675	5	0	1	675	1	675	0.0	1196
Ga0393399_07_12722_13651	CP000239.1:149266-150196|CDS|CYA_0152	99.570	930	4	0	1	930	1	930	0.0	1660
Ga0393399_07_12722_13651	CP000240.1:1966470-1967400|CDS|CYB_1882	99.462	930	5	0	1	930	1	930	0.0	1655
Ga0393399_07_13656_14249	CP000239.1:148368-149262|CDS|CYA_0151	99.832	594	1	0	1	594	301	894	0.0	1067
Ga0393399_07_13656_14249	CP000240.1:1967404-1968298|CDS|CYB_1883	99.495	594	3	0	1	594	301	894	0.0	1058
Ga0393399_07_14545_15546	CP000239.1:147370-148372|CDS|CYA_0150	99.800	1002	2	0	1	1002	1	1002	0.0	1799
Ga0393399_07_14545_15546	CP000240.1:1968294-1969296|CDS|CYB_1884	99.501	1002	5	0	1	1002	1	1002	0.0	1785
Ga0393399_07_15531_17099	CP000240.1:1969280-1970906|CDS|CYB_1885	99.554	1569	7	0	1	1569	58	1626	0.0	2799
Ga0393399_07_15531_17099	CP000239.1:145760-147386|CDS|CYA_0149	99.554	1569	7	0	1	1569	58	1626	0.0	2799
Ga0393399_08_849_1655	CP000239.1:60602-61409|CDS|CYA_0062	99.876	807	1	0	1	807	1	807	0.0	1452
Ga0393399_08_849_1655	CP000240.1:1214558-1215359|CDS|CYB_1177	84.371	787	117	1	21	807	21	801	0.0	866
Ga0393399_08_1960_2742	CP000239.1:61713-62496|CDS|CYA_0064	99.745	783	2	0	1	783	1	783	0.0	1404
Ga0393399_08_1960_2742	CP000240.1:1213521-1214304|CDS|CYB_1176	86.079	783	109	0	1	783	1	783	0.0	921
Ga0393399_08_2760_3503	CP000239.1:62513-63257|CDS|CYA_0065	99.866	744	1	0	1	744	1	744	0.0	1338
Ga0393399_08_2760_3503	CP000240.1:1212760-1213504|CDS|CYB_1175	85.618	744	107	0	1	744	1	744	0.0	860
Ga0393399_08_3552_3977	CP000239.1:63305-63791|CDS|CYA_0066	100.000	426	0	0	1	426	61	486	0.0	769
Ga0393399_08_4549_5109	CP000239.1:66080-66722|CDS|CYA_0069	99.822	561	1	0	1	561	82	642	0.0	1008
Ga0393399_08_4549_5109	CP000240.1:1211145-1211790|CDS|CYB_1173	86.702	564	72	1	1	561	82	645	0.0	678
Ga0393399_08_5149_6039	CP000239.1:66761-67652|CDS|CYA_0070	100.000	891	0	0	1	891	1	891	0.0	1608
Ga0393399_08_7127_8203	CP000239.1:68587-69808|CDS|CYA_0072	99.814	1077	2	0	1	1077	145	1221	0.0	1934
Ga0393399_08_7127_8203	CP000240.1:1844796-1846017|CDS|CYB_1761	90.038	1064	106	0	1	1064	145	1208	0.0	1442
Ga0393399_08_8210_9022	CP000239.1:69814-70660|CDS|CYA_0073	100.000	813	0	0	1	813	34	846	0.0	1467
Ga0393399_08_8210_9022	CP000240.1:1843775-1844789|CDS|CYB_1760	85.153	815	118	1	2	813	200	1014	0.0	923
Ga0393399_08_9416_10762	CP000239.1:71020-72367|CDS|CYA_0074	99.926	1347	1	0	1	1347	1	1347	0.0	2425
Ga0393399_08_9416_10762	CP000240.1:1840897-1842244|CDS|CYB_1758	88.716	1347	152	0	1	1347	1	1347	0.0	1745
Ga0393399_08_10759_11754	CP000239.1:72363-73359|CDS|CYA_0075	99.699	996	3	0	1	996	1	996	0.0	1783
Ga0393399_08_10759_11754	CP000240.1:1839899-1840901|CDS|CYB_1757	86.961	951	115	2	1	951	1	942	0.0	1156
Ga0393399_08_11793_13727	CP000239.1:73397-75167|CDS|CYA_0076	99.831	1770	3	0	166	1935	1	1770	0.0	3179
Ga0393399_08_11793_13727	CP000240.1:1837180-1839013|CDS|CYB_1754	88.373	1832	211	2	103	1933	1	1831	0.0	2337
Ga0393399_08_14298_15635	CP000239.1:75902-77240|CDS|CYA_0077	99.925	1338	1	0	1	1338	1	1338	0.0	2409
Ga0393399_08_14298_15635	CP000240.1:2140818-2142156|CDS|CYB_2039	83.358	1334	220	2	1	1333	1	1333	0.0	1398
Ga0393399_08_15733_15954	CP000239.1:77337-77559|CDS|CYA_0078	99.550	222	1	0	1	222	1	222	5.23e-111	397
Ga0393399_08_15733_15954	CP000240.1:2142258-2142483|CDS|CYB_2040	84.475	219	32	2	4	221	7	224	1.08e-62	235
Ga0393399_08_16308_16583	CP000239.1:77912-78449|CDS|CYA_0079	100.000	220	0	0	1	220	1	220	1.91e-111	398
Ga0393399_09_1353_4346	CP000239.1:2566277-2569103|CDS|CYA_2547	97.523	2826	70	0	169	2994	1	2826	0.0	4782
Ga0393399_09_1353_4346	CP000240.1:873898-876886|CDS|CYB_0842	80.281	2992	570	7	13	2994	7	2988	0.0	2723
Ga0393399_09_4379_5470	CP000239.1:2565156-2566281|CDS|CYA_2546	95.560	1081	48	0	1	1081	37	1117	0.0	1734
Ga0393399_09_4379_5470	CP000240.1:872762-873902|CDS|CYB_0841	77.063	1103	236	5	1	1087	37	1138	0.0	842
Ga0393399_09_5504_6274	CP000239.1:2564340-2565111|CDS|CYA_2545	96.736	766	25	0	6	771	6	771	0.0	1269
Ga0393399_09_5504_6274	CP000240.1:871944-872715|CDS|CYB_0840	82.062	747	128	3	28	771	28	771	0.0	736
Ga0393399_09_6288_6680	CP000239.1:2563934-2564327|CDS|CYA_2544	99.746	393	1	0	1	393	1	393	0.0	705
Ga0393399_09_6288_6680	CP000240.1:871527-871920|CDS|CYB_0839	83.333	384	64	0	10	393	10	393	1.87e-113	405
Ga0393399_09_6680_7321	CP000239.1:2563293-2563935|CDS|CYA_2543	98.910	642	7	0	1	642	1	642	0.0	1127
Ga0393399_09_6680_7321	CP000240.1:870886-871528|CDS|CYB_0838	87.967	615	74	0	28	642	28	642	0.0	776
Ga0393399_09_7549_8085	CP000239.1:2561305-2563264|CDS|CYA_2542	98.138	537	9	1	1	537	199	734	0.0	921
Ga0393399_09_7549_8085	CP000240.1:869032-870856|CDS|CYB_0837	78.967	542	107	2	1	536	55	595	3.86e-130	462
Ga0393399_09_8135_9322	CP000239.1:2561305-2563264|CDS|CYA_2542	96.534	1183	29	3	1	1183	784	1954	0.0	1947
Ga0393399_09_8135_9322	CP000240.1:869032-870856|CDS|CYB_0837	76.549	1194	253	8	4	1188	649	1824	0.0	880
Ga0393399_09_9352_9651	CP000239.1:2560973-2561273|CDS|CYA_2541	96.333	300	11	0	1	300	1	300	1.23e-139	492
Ga0393399_09_9352_9651	CP000240.1:868703-869003|CDS|CYB_0836	82.000	300	54	0	1	300	1	300	1.50e-81	298
Ga0393399_09_9651_10640	CP000240.1:867714-868704|CDS|CYB_0835	85.166	991	145	2	1	990	1	990	0.0	1118
Ga0393399_09_10640_10918	CP000239.1:2559706-2559985|CDS|CYA_2539	99.642	279	1	0	1	279	1	279	7.67e-142	499
Ga0393399_09_10640_10918	CP000240.1:867436-867715|CDS|CYB_0834	98.925	279	3	0	1	279	1	279	3.97e-139	490
Ga0393399_09_10941_11075	CP000240.1:516635-516815|CDS|CYB_0504	83.186	113	19	0	12	124	61	173	1.19e-27	119
Ga0393399_09_10941_11075	CP000239.1:1857738-1859988|CDS|CYA_1854	79.832	119	24	0	7	125	77	195	2.15e-24	107
Ga0393399_09_13766_14758_DR2	CP000239.1:1860048-1860273|CDS|CYA_1856	97.222	36	1	0	1	36	52	87	3.97e-11	61.7
Ga0393399_09_13766_14758_DR3	CP000239.1:1860048-1860273|CDS|CYA_1856	97.222	36	1	0	1	36	52	87	3.97e-11	61.7
Ga0393399_09_13766_14758_DR4	CP000239.1:1860048-1860273|CDS|CYA_1856	97.222	36	1	0	1	36	52	87	3.97e-11	61.7
Ga0393399_09_13766_14758_DR5	CP000239.1:1860048-1860273|CDS|CYA_1856	97.222	36	1	0	1	36	52	87	3.97e-11	61.7
Ga0393399_09_13766_14758_DR6	CP000239.1:1860048-1860273|CDS|CYA_1856	97.222	36	1	0	1	36	52	87	3.97e-11	61.7
Ga0393399_09_13766_14758_DR7	CP000239.1:1860048-1860273|CDS|CYA_1856	97.222	36	1	0	1	36	52	87	3.97e-11	61.7
Ga0393399_09_13766_14758_DR8	CP000239.1:1860048-1860273|CDS|CYA_1856	97.222	36	1	0	1	36	52	87	3.97e-11	61.7
Ga0393399_09_13766_14758_DR9	CP000239.1:1860048-1860273|CDS|CYA_1856	97.222	36	1	0	1	36	52	87	3.97e-11	61.7
Ga0393399_09_13766_14758_DR10	CP000239.1:1860048-1860273|CDS|CYA_1856	97.222	36	1	0	1	36	52	87	3.97e-11	61.7
Ga0393399_09_13766_14758_DR11	CP000239.1:1860048-1860273|CDS|CYA_1856	97.222	36	1	0	1	36	52	87	3.97e-11	61.7
Ga0393399_09_14765_16195	CP000239.1:2556040-2557471|CDS|CYA_2537	99.720	1431	4	0	1	1431	1	1431	0.0	2563
Ga0393399_10_251_1069	CP000239.1:1052606-1053632|CDS|CYA_1034	99.878	819	1	0	1	819	208	1026	0.0	1473
Ga0393399_10_251_1069	CP000240.1:2954904-2955939|CDS|CYB_2857	85.024	828	115	1	1	819	208	1035	0.0	939
Ga0393399_10_1168_2187	CP000239.1:1051099-1052437|CDS|CYA_1032	99.804	1020	2	0	1	1020	319	1338	0.0	1831
Ga0393399_10_1168_2187	CP000240.1:2953376-2954759|CDS|CYB_2855	78.316	1033	191	3	1	1000	334	1366	0.0	870
Ga0393399_10_2184_2933	CP000239.1:1050353-1051103|CDS|CYA_1033	100.000	750	0	0	1	750	1	750	0.0	1353
Ga0393399_10_2184_2933	CP000240.1:2952636-2953380|CDS|CYB_2856	86.800	750	93	1	1	750	1	744	0.0	908
Ga0393399_10_3191_4093	CP000239.1:1049193-1050096|CDS|CYA_1031	99.889	903	1	0	1	903	1	903	0.0	1625
Ga0393399_10_3191_4093	CP000240.1:2951359-2952262|CDS|CYB_2854	84.718	903	138	0	1	903	1	903	0.0	1007
Ga0393399_10_4110_4712	CP000239.1:1047275-1049177|CDS|CYA_1030	100.000	603	0	0	1	603	1300	1902	0.0	1088
Ga0393399_10_4110_4712	CP000240.1:2717149-2719069|CDS|CYB_2625	84.848	594	85	2	11	603	1331	1920	0.0	662
Ga0393399_10_4940_6013	CP000239.1:1047275-1049177|CDS|CYA_1030	99.814	1074	0	1	1	1074	1	1072	0.0	1926
Ga0393399_10_4940_6013	CP000240.1:2717149-2719069|CDS|CYB_2625	85.940	1074	149	1	1	1074	1	1072	0.0	1254
Ga0393399_10_6029_7033	CP000239.1:1046249-1047260|CDS|CYA_1029	100.000	1005	0	0	1	1005	7	1011	0.0	1813
Ga0393399_10_6029_7033	CP000240.1:2719084-2720125|CDS|CYB_2626	81.467	1036	160	7	1	1005	7	1041	0.0	1001
Ga0393399_10_7128_7571	CP000239.1:1045717-1046161|CDS|CYA_1028	100.000	444	0	0	1	444	1	444	0.0	801
Ga0393399_10_7128_7571	CP000240.1:2720213-2720657|CDS|CYB_2627	87.162	444	57	0	1	444	1	444	3.37e-155	545
Ga0393399_10_8016_8426	CP000239.1:1044862-1045273|CDS|CYA_1027	100.000	411	0	0	1	411	1	411	0.0	742
Ga0393399_10_8016_8426	CP000240.1:2720920-2721424|CDS|CYB_2628	88.264	409	48	0	1	409	94	502	1.01e-148	522
Ga0393399_10_8476_9279	CP000239.1:1044009-1044813|CDS|CYA_1026	98.881	804	9	0	1	804	1	804	0.0	1410
Ga0393399_10_8476_9279	CP000240.1:2721473-2722277|CDS|CYB_2629	84.826	804	122	0	1	804	1	804	0.0	901
Ga0393399_10_9554_9766	CP000239.1:1043738-1043951|CDS|CYA_1025	95.775	213	9	0	1	213	1	213	2.77e-95	344
Ga0393399_10_9554_9766	CP000240.1:2722675-2722888|CDS|CYB_2630	88.263	213	25	0	1	213	1	213	1.43e-73	272
Ga0393399_10_10011_10679	CP000239.1:1042832-1043561|CDS|CYA_1024	98.494	664	10	0	1	664	64	727	0.0	1153
Ga0393399_10_10011_10679	CP000240.1:2723145-2723826|CDS|CYB_2631	86.170	658	91	0	1	658	22	679	0.0	777
Ga0393399_10_10776_11045	CP000239.1:1042529-1042799|CDS|CYA_1023	100.000	270	0	0	1	270	1	270	1.34e-138	488
Ga0393399_10_10776_11045	CP000240.1:2723862-2724132|CDS|CYB_2632	85.283	265	35	2	1	263	1	263	4.68e-81	297
Ga0393399_10_11124_11870	CP000239.1:1041546-1042437|CDS|CYA_1022	91.031	747	67	0	1	747	145	891	0.0	1046
Ga0393399_10_11124_11870	CP000240.1:1490935-1491823|CDS|CYB_1422	79.501	722	148	0	2	723	128	849	0.0	636
Ga0393399_10_12216_15467	CP000239.1:1038332-1041368|CDS|CYA_1021	95.028	3057	131	3	196	3252	1	3036	0.0	4834
Ga0393399_10_15470_15688	CP000239.1:1037439-1038135|CDS|CYA_1020	97.260	219	6	0	1	219	478	696	7.17e-103	369
Ga0393399_11_290_883	CP000239.1:2450192-2450786|CDS|CYA_2439	99.158	594	5	0	1	594	1	594	0.0	1049
Ga0393399_11_290_883	CP000239.1:411427-412021|CDS|CYA_0397	95.118	594	29	0	1	594	1	594	0.0	941
Ga0393399_11_290_883	CP000240.1:31634-32228|CDS|CYB_0025	94.276	594	34	0	1	594	1	594	0.0	919
Ga0393399_11_290_883	CP000239.1:1778901-1779495|CDS|CYA_1772	94.276	594	34	0	1	594	1	594	0.0	919
Ga0393399_11_290_883	CP000239.1:732513-733107|CDS|CYA_0727	94.276	594	34	0	1	594	1	594	0.0	919
Ga0393399_11_290_883	CP000239.1:2434480-2435074|CDS|CYA_2425	94.108	594	35	0	1	594	1	594	0.0	914
Ga0393399_11_290_883	CP000239.1:2402867-2403461|CDS|CYA_2392	94.108	594	35	0	1	594	1	594	0.0	914
Ga0393399_11_290_883	CP000239.1:1898603-1899197|CDS|CYA_1891	94.108	594	35	0	1	594	1	594	0.0	914
Ga0393399_11_290_883	CP000239.1:819297-819891|CDS|CYA_0808	94.108	594	35	0	1	594	1	594	0.0	914
Ga0393399_11_290_883	CP000239.1:1446255-1446849|CDS|CYA_1439	93.771	594	37	0	1	594	1	594	0.0	905
Ga0393399_11_290_883	CP000239.1:2259861-2260479|CDS|CYA_2250	91.424	618	29	1	1	594	1	618	0.0	893
Ga0393399_11_290_883	CP000239.1:1644319-1644937|CDS|CYA_1645	91.424	618	29	1	1	594	1	618	0.0	893
Ga0393399_11_290_883	CP000240.1:22428-23022|CDS|CYB_0019	93.266	594	40	0	1	594	1	594	0.0	892
Ga0393399_11_290_883	CP000239.1:2709545-2710163|CDS|CYA_2694	91.262	618	30	2	1	594	1	618	0.0	884
Ga0393399_11_290_883	CP000239.1:2018987-2019605|CDS|CYA_2002	91.100	618	31	1	1	594	1	618	0.0	884
Ga0393399_11_290_883	CP000239.1:1948621-1949239|CDS|CYA_1937	91.100	618	31	1	1	594	1	618	0.0	884
Ga0393399_11_290_883	CP000239.1:1384976-1385594|CDS|CYA_1374	91.100	618	31	1	1	594	1	618	0.0	884
Ga0393399_11_290_883	CP000239.1:606571-607189|CDS|CYA_0595	91.100	618	31	1	1	594	1	618	0.0	884
Ga0393399_11_290_883	CP000239.1:363923-364541|CDS|CYA_0346	91.100	618	31	1	1	594	1	618	0.0	884
Ga0393399_11_290_883	CP000239.1:2598423-2599041|CDS|CYA_2572	90.615	618	34	1	1	594	1	618	0.0	871
Ga0393399_11_290_883	CP000239.1:2698805-2699423|CDS|CYA_2684	90.453	618	35	1	1	594	1	618	0.0	866
Ga0393399_11_290_883	CP000239.1:1479753-1480371|CDS|CYA_1472	90.291	618	36	1	1	594	1	618	0.0	862
Ga0393399_11_1105_1791	CP000239.1:2449284-2449941|CDS|CYA_2438	99.848	657	1	0	31	687	1	657	0.0	1181
Ga0393399_11_1105_1791	CP000240.1:1562863-1563481|CDS|CYB_1487	83.618	586	96	0	31	616	1	586	1.98e-179	625
Ga0393399_11_1947_3548	CP000239.1:2447527-2449129|CDS|CYA_2436	98.939	1602	17	0	1	1602	1	1602	0.0	2813
Ga0393399_11_1947_3548	CP000240.1:1564555-1566151|CDS|CYB_1490	89.850	1596	162	0	7	1602	1	1596	0.0	2149
Ga0393399_11_3545_5122	CP000239.1:2445983-2447531|CDS|CYA_2437	99.871	1548	2	0	31	1578	1	1548	0.0	2783
Ga0393399_11_5723_6928	CP000239.1:2444147-2445353|CDS|CYA_2435	100.000	1206	0	0	1	1206	1	1206	0.0	2176
Ga0393399_11_6949_7287	CP000239.1:2443788-2444127|CDS|CYA_2434	100.000	339	0	0	1	339	1	339	5.96e-176	612
Ga0393399_11_7326_9137	CP000239.1:2441938-2443750|CDS|CYA_2433	99.283	1812	13	0	1	1812	1	1812	0.0	3210
Ga0393399_11_7326_9137	CP000240.1:1566887-1568699|CDS|CYB_1492	90.453	1812	173	0	1	1812	1	1812	0.0	2489
Ga0393399_11_9339_11054	CP000239.1:2440021-2441761|CDS|CYA_2432	97.727	1716	39	0	1	1716	25	1740	0.0	2920
Ga0393399_11_9339_11054	CP000240.1:1568891-1570619|CDS|CYB_1493	88.657	1728	184	2	1	1716	1	1728	0.0	2235
Ga0393399_11_11360_12997	CP000239.1:2438015-2439716|CDS|CYA_2431	99.939	1638	1	0	1	1638	64	1701	0.0	2950
Ga0393399_11_11360_12997	CP000240.1:1570637-1572323|CDS|CYB_1494	85.443	1635	221	3	1	1634	64	1682	0.0	1878
Ga0393399_11_13377_13622	CP000239.1:2437453-2437699|CDS|CYA_2430	100.000	246	0	0	1	246	1	246	1.29e-125	444
Ga0393399_11_13377_13622	CP000240.1:1572632-1572878|CDS|CYB_1495	89.024	246	27	0	1	246	1	246	1.06e-88	323
Ga0393399_11_13706_13849	CP000239.1:2437226-2437370|CDS|CYA_2429	100.000	144	0	0	1	144	1	144	1.67e-70	260
Ga0393399_11_13706_13849	CP000240.1:1572954-1573086|CDS|CYB_1496	88.618	123	14	0	22	144	10	132	4.19e-40	159
Ga0393399_11_13855_13980	CP000239.1:2437095-2437221|CDS|CYA_2428	100.000	126	0	0	1	126	1	126	8.40e-61	228
Ga0393399_11_13855_13980	CP000240.1:1573091-1573217|CDS|CYB_1497	89.683	126	13	0	1	126	1	126	6.90e-43	169
Ga0393399_12_611_1378	CP000239.1:2799666-2800452|CDS|CYA_2780	100.000	768	0	0	1	768	19	786	0.0	1386
Ga0393399_12_611_1378	CP000240.1:2561277-2562057|CDS|CYB_2464	85.220	751	111	0	4	754	22	772	0.0	855
Ga0393399_12_1588_2157	CP000239.1:2800622-2801213|CDS|CYA_2781	99.825	570	1	0	1	570	22	591	0.0	1024
Ga0393399_12_1588_2157	CP000240.1:2560214-2560835|CDS|CYB_2461	92.652	558	41	0	1	558	55	612	0.0	822
Ga0393399_12_2675_3679	CP000239.1:2801730-2802735|CDS|CYA_2782	99.900	1005	1	0	1	1005	1	1005	0.0	1809
Ga0393399_12_3791_4708	CP000239.1:2802735-2804442|CDS|CYA_2783	98.267	923	11	1	1	918	112	1034	0.0	1593
Ga0393399_12_4656_5381	CP000239.1:2802735-2804442|CDS|CYA_2783	99.725	726	2	0	1	726	982	1707	0.0	1301
Ga0393399_12_5517_6887	CP000239.1:2804597-2805950|CDS|CYA_2785	98.891	1353	15	0	19	1371	1	1353	0.0	2373
Ga0393399_12_5517_6887	CP000240.1:2572675-2574028|CDS|CYB_2477	90.976	1352	122	0	19	1370	1	1352	0.0	1889
Ga0393399_12_6989_8191	CP000239.1:2806201-2807254|CDS|CYA_2786	97.721	1053	24	0	151	1203	1	1053	0.0	1792
Ga0393399_12_6989_8191	CP000240.1:2574289-2575342|CDS|CYB_2478	90.218	1053	103	0	151	1203	1	1053	0.0	1435
Ga0393399_12_8216_8650	CP000239.1:2807278-2807713|CDS|CYA_2787	100.000	435	0	0	1	435	1	435	0.0	785
Ga0393399_12_8216_8650	CP000240.1:197580-198018|CDS|CYB_0183	83.288	371	62	0	1	371	1	371	4.59e-109	390
Ga0393399_12_8686_8961	CP000239.1:2807748-2808024|CDS|CYA_2788	100.000	276	0	0	1	276	1	276	7.58e-142	499
Ga0393399_12_8686_8961	CP000240.1:198054-198330|CDS|CYB_0184	87.681	276	34	0	1	276	1	276	1.06e-95	345
Ga0393399_12_9050_9730	CP000239.1:2808112-2808793|CDS|CYA_2789	99.559	681	3	0	1	681	1	681	0.0	1215
Ga0393399_12_9050_9730	CP000240.1:198422-199106|CDS|CYB_0185	82.055	691	107	5	1	681	1	684	0.0	681
Ga0393399_12_9797_10282	CP000239.1:2808859-2809345|CDS|CYA_2790	100.000	486	0	0	1	486	1	486	0.0	877
Ga0393399_12_9797_10282	CP000240.1:199110-199596|CDS|CYB_0186	86.626	486	65	0	1	486	1	486	4.23e-167	584
Ga0393399_12_10470_11564	CP000239.1:2809532-2810900|CDS|CYA_2791	99.909	1095	1	0	1	1095	274	1368	0.0	1971
Ga0393399_12_10470_11564	CP000240.1:199787-201146|CDS|CYB_0187	86.835	1071	141	0	23	1093	287	1357	0.0	1297
Ga0393399_12_12079_12768	CP000239.1:2811141-2811831|CDS|CYA_2792	99.710	690	2	0	1	690	1	690	0.0	1236
Ga0393399_12_12079_12768	CP000240.1:201388-202078|CDS|CYB_0188	80.987	689	131	0	1	689	1	689	0.0	653
Ga0393399_12_12892_13617	CP000239.1:2811954-2812680|CDS|CYA_2793	99.862	726	1	0	1	726	1	726	0.0	1306
Ga0393399_12_12892_13617	CP000240.1:202190-202922|CDS|CYB_0189	84.563	732	107	1	1	726	1	732	0.0	812
Ga0393399_13_148_1248	CP000240.1:815415-816528|CDS|CYB_0789	93.881	1095	67	0	1	1095	1	1095	0.0	1673
Ga0393399_13_148_1248	CP000239.1:460002-461085|CDS|CYA_0440	82.956	1103	158	3	2	1101	8	1083	0.0	1156
Ga0393399_13_1279_2574	CP000239.1:458676-459972|CDS|CYA_0439	99.537	1296	6	0	1	1296	1	1296	0.0	2311
Ga0393399_13_1279_2574	CP000240.1:814083-815385|CDS|CYB_0788	83.175	1266	205	4	1	1262	1	1262	0.0	1313
Ga0393399_13_1279_2574	CP000239.1:2019790-2021053|CDS|CYA_2003	66.907	970	306	7	35	1001	44	1001	1.52e-76	285
Ga0393399_13_2623_3258	CP000239.1:457779-458628|CDS|CYA_0438	99.843	636	1	0	1	636	214	849	0.0	1143
Ga0393399_13_2623_3258	CP000240.1:813090-813960|CDS|CYB_0787	86.635	636	85	0	1	636	654	19	0.0	765
Ga0393399_13_3625_4029	CP000239.1:457221-457626|CDS|CYA_0437	100.000	405	0	0	1	405	1	405	0.0	731
Ga0393399_13_4164_5264	CP000239.1:455920-457171|CDS|CYA_0436	100.000	999	0	0	1	999	85	1083	0.0	1802
Ga0393399_13_5516_6742	CP000239.1:454466-455750|CDS|CYA_0435	94.621	1227	42	1	1	1227	82	1284	0.0	1933
Ga0393399_13_5516_6742	CP000240.1:734881-736180|CDS|CYB_0717	86.520	1224	135	2	10	1227	100	1299	0.0	1482
Ga0393399_13_9805_10353	CP000239.1:447849-448440|CDS|CYA_0429	100.000	549	0	0	1	549	43	591	0.0	991
Ga0393399_13_9805_10353	CP000240.1:742105-742693|CDS|CYB_0723	87.037	540	67	1	1	540	43	579	0.0	657
Ga0393399_13_10501_10719	CP000239.1:448545-448764|CDS|CYA_0430	100.000	219	0	0	1	219	1	219	5.16e-111	396
Ga0393399_13_10501_10719	CP000240.1:741666-741891|CDS|CYB_0722	85.253	217	32	0	3	219	9	225	1.69e-66	248
Ga0393399_13_10750_11484	CP000239.1:448794-449529|CDS|CYA_0431	99.728	735	2	0	1	735	1	735	0.0	1317
Ga0393399_13_10750_11484	CP000240.1:740888-741632|CDS|CYB_0721	86.509	593	80	0	1	593	1	593	0.0	710
Ga0393399_13_11606_12406	CP000239.1:449650-450451|CDS|CYA_0432	100.000	801	0	0	1	801	1	801	0.0	1445
Ga0393399_13_11606_12406	CP000240.1:739965-740760|CDS|CYB_0720	85.144	801	113	3	1	801	1	795	0.0	901
Ga0393399_13_12559_12813	CP000239.1:450615-450858|CDS|CYA_0433	100.000	243	0	0	13	255	1	243	5.71e-124	439
Ga0393399_13_12559_12813	CP000240.1:739514-739772|CDS|CYB_0719	85.657	251	36	0	1	251	1	251	1.87e-79	291
Ga0393399_14_268_900	CP000239.1:1072186-1072819|CDS|CYA_1055	100.000	633	0	0	1	633	1	633	0.0	1142
Ga0393399_14_268_900	CP000240.1:2496371-2497004|CDS|CYB_2396	84.810	632	96	0	2	633	2	633	0.0	708
Ga0393399_14_913_1689	CP000239.1:1072831-1073605|CDS|CYA_1056	99.742	774	2	0	4	777	1	774	0.0	1388
Ga0393399_14_913_1689	CP000240.1:2495572-2496349|CDS|CYB_2395	89.392	773	82	0	1	773	1	773	0.0	1025
Ga0393399_14_1786_1983	CP000239.1:1073704-1073902|CDS|CYA_1057	100.000	198	0	0	1	198	1	198	1.16e-99	358
Ga0393399_14_1786_1983	CP000240.1:2495291-2495489|CDS|CYB_2394	89.394	198	21	0	1	198	1	198	6.84e-71	263
Ga0393399_14_1971_3068	CP000239.1:1073889-1075026|CDS|CYA_1058	99.818	1098	2	0	1	1098	40	1137	0.0	1972
Ga0393399_14_1971_3068	CP000240.1:2494155-2495304|CDS|CYB_2393	94.809	1098	57	0	1	1098	52	1149	0.0	1724
Ga0393399_14_3313_5262	CP000239.1:1075231-1077295|CDS|CYA_1059	97.951	1952	37	1	2	1950	113	2064	0.0	3339
Ga0393399_14_3313_5262	CP000240.1:288322-290380|CDS|CYB_0274	86.656	1956	252	2	1	1950	106	2058	0.0	2351
Ga0393399_14_5475_5807	CP000239.1:1077376-1077709|CDS|CYA_1060	90.691	333	31	0	1	333	1	333	2.33e-130	462
Ga0393399_14_5475_5807	CP000240.1:287861-288215|CDS|CYB_0273	88.365	318	37	0	16	333	37	354	4.51e-114	407
Ga0393399_14_5881_6393	CP000239.1:1077737-1078295|CDS|CYA_1061	99.805	513	1	0	1	513	46	558	0.0	921
Ga0393399_14_5881_6393	CP000240.1:287287-287800|CDS|CYB_0272	87.008	508	66	0	1	508	1	508	6.21e-178	619
Ga0393399_14_6632_7132	CP000239.1:1078416-1079034|CDS|CYA_1062	94.810	501	26	0	1	501	118	618	0.0	787
Ga0393399_14_6632_7132	CP000240.1:286565-287237|CDS|CYB_0271	82.688	491	85	0	4	494	175	665	1.17e-142	503
Ga0393399_14_7207_7656	CP000239.1:1079108-1079558|CDS|CYA_1063	100.000	450	0	0	1	450	1	450	0.0	812
Ga0393399_14_7207_7656	CP000240.1:286028-286478|CDS|CYB_0270	88.889	450	50	0	1	450	1	450	3.20e-168	587
Ga0393399_14_7919_9292	CP000239.1:1079820-1081194|CDS|CYA_1064	99.199	1374	11	0	1	1374	1	1374	0.0	2429
Ga0393399_14_7919_9292	CP000240.1:283432-284806|CDS|CYB_0268	87.792	1368	165	2	1	1367	1	1367	0.0	1708
Ga0393399_14_9311_11038	CP000239.1:1081212-1082940|CDS|CYA_1065	99.942	1728	1	0	1	1728	1	1728	0.0	3112
Ga0393399_14_9311_11038	CP000240.1:281682-283410|CDS|CYB_0267	88.593	1727	197	0	1	1727	1	1727	0.0	2227
Ga0393399_14_11125_11409	CP000239.1:1083026-1083311|CDS|CYA_1066	100.000	285	0	0	1	285	1	285	1.02e-146	515
Ga0393399_14_11125_11409	CP000240.1:281336-281615|CDS|CYB_0266	84.155	284	39	2	2	285	2	279	9.59e-84	306
Ga0393399_14_11493_12242	CP000239.1:1083394-1084351|CDS|CYA_1067	100.000	750	0	0	1	750	208	957	0.0	1353
Ga0393399_14_11493_12242	CP000240.1:280291-281254|CDS|CYB_0265	81.166	669	102	4	1	663	235	885	0.0	643
Ga0393399_15_782_1771	CP000239.1:1123530-1124484|CDS|CYA_1099	99.266	954	7	0	37	990	1	954	0.0	1690
Ga0393399_15_782_1771	CP000240.1:687274-688180|CDS|CYB_0675	86.858	837	110	0	37	873	1	837	0.0	1014
Ga0393399_15_1755_3068	CP000239.1:1122233-1123547|CDS|CYA_1098	100.000	1314	0	0	1	1314	1	1314	0.0	2370
Ga0393399_15_1755_3068	CP000240.1:688190-689507|CDS|CYB_0676	79.261	1326	250	12	1	1312	1	1315	0.0	1121
Ga0393399_15_3313_6717	CP000239.1:1118584-1121986|CDS|CYA_1097	99.882	3402	4	0	4	3405	1	3402	0.0	6118
Ga0393399_15_3313_6717	CP000240.1:689629-693067|CDS|CYB_0677	84.551	3450	465	11	4	3401	1	3434	0.0	3831
Ga0393399_15_6728_7147	CP000239.1:1118159-1118549|CDS|CYA_1095	98.481	395	1	1	26	420	1	390	0.0	686
Ga0393399_15_6728_7147	CP000240.1:693114-693873|CDS|CYB_0679	77.984	377	72	4	1	367	1	376	2.15e-81	298
Ga0393399_15_7551_7721	CP000239.1:455920-457171|CDS|CYA_0436	83.784	185	16	2	1	171	809	625	4.79e-53	203
Ga0393399_15_8350_9732	CP000239.1:1115579-1116926|CDS|CYA_1094	100.000	1347	0	0	37	1383	1	1347	0.0	2430
Ga0393399_15_8350_9732	CP000240.1:2058907-2060281|CDS|CYB_1963	83.796	1370	198	1	37	1382	1	1370	0.0	1488
Ga0393399_15_9766_10578	CP000239.1:1114733-1115546|CDS|CYA_1093	99.754	813	2	0	1	813	1	813	0.0	1458
Ga0393399_15_9766_10578	CP000240.1:2058014-2058827|CDS|CYB_1962	82.256	789	140	0	1	789	1	789	0.0	792
Ga0393399_15_10594_11679	CP000239.1:1113641-1114718|CDS|CYA_1092	99.907	1077	1	0	10	1086	1	1077	0.0	1939
Ga0393399_15_10594_11679	CP000240.1:2056921-2057998|CDS|CYB_1961	88.765	1077	121	0	10	1086	1	1077	0.0	1397
Ga0393399_16_470_1540	CP000239.1:2375777-2376869|CDS|CYA_2367	99.907	1071	1	0	1	1071	22	1092	0.0	1928
Ga0393399_16_470_1540	CP000240.1:2447145-2448270|CDS|CYB_2341	87.552	964	120	0	1	964	22	985	0.0	1198
Ga0393399_16_1546_2553	CP000239.1:2374764-2375772|CDS|CYA_2366	99.901	1008	1	0	1	1008	1	1008	0.0	1814
Ga0393399_16_1546_2553	CP000240.1:2446157-2447159|CDS|CYB_2340	84.471	1011	145	2	1	1008	1	1002	0.0	1118
Ga0393399_16_2555_3442	CP000239.1:2373875-2374745|CDS|CYA_2365	96.322	870	32	0	19	888	1	870	0.0	1425
Ga0393399_16_2555_3442	CP000240.1:2445286-2446153|CDS|CYB_2339	90.023	862	86	0	19	880	1	862	0.0	1168
Ga0393399_16_3567_4307	CP000239.1:2373010-2373751|CDS|CYA_2364	99.865	741	1	0	1	741	1	741	0.0	1333
Ga0393399_16_3567_4307	CP000240.1:2442008-2442875|CDS|CYB_2337	66.446	605	163	12	9	577	61	661	8.56e-39	159
Ga0393399_16_4312_6429	CP000239.1:2370849-2373006|CDS|CYA_2363	99.858	2118	3	0	1	2118	40	2157	0.0	3807
Ga0393399_16_6506_7465	CP000239.1:2369786-2370812|CDS|CYA_2362	99.896	960	1	0	1	960	67	1026	0.0	1728
Ga0393399_16_6506_7465	CP000240.1:883062-884091|CDS|CYB_0850	92.083	960	76	0	1	960	70	1029	0.0	1389
Ga0393399_16_7730_8710	CP000239.1:2368607-2369564|CDS|CYA_2361	99.896	957	1	0	25	981	1	957	0.0	1722
Ga0393399_16_7730_8710	CP000240.1:884300-885257|CDS|CYB_0851	87.161	958	121	2	25	981	1	957	0.0	1167
Ga0393399_16_8772_9830	CP000239.1:2367487-2368546|CDS|CYA_2360	100.000	1059	0	0	1	1059	1	1059	0.0	1911
Ga0393399_16_8772_9830	CP000240.1:885360-886419|CDS|CYB_0852	86.969	1059	138	0	1	1059	1	1059	0.0	1288
Ga0393399_16_9962_10705	CP000239.1:2365934-2367356|CDS|CYA_2359	99.866	744	1	0	1	744	679	1422	0.0	1338
Ga0393399_16_9962_10705	CP000240.1:886555-887974|CDS|CYB_0853	92.473	744	56	0	1	744	676	1419	0.0	1090
Ga0393399_16_10747_10933	CP000239.1:2365934-2367356|CDS|CYA_2359	100.000	187	0	0	1	187	637	451	1.02e-93	338
Ga0393399_16_10747_10933	CP000240.1:886555-887974|CDS|CYB_0853	91.935	186	15	0	2	187	633	448	1.51e-72	269
Ga0393399_17_84_701	CP000239.1:232781-233399|CDS|CYA_0231	100.000	618	0	0	1	618	1	618	0.0	1115
Ga0393399_17_84_701	CP000240.1:2230497-2231103|CDS|CYB_2138	83.882	608	92	2	1	608	1	602	0.0	652
Ga0393399_17_774_1019	CP000239.1:232463-232709|CDS|CYA_0230	100.000	246	0	0	1	246	1	246	1.29e-125	444
Ga0393399_17_774_1019	CP000240.1:2230153-2230390|CDS|CYB_2136	79.545	220	45	0	1	220	1	220	3.71e-50	195
Ga0393399_17_1352_1729	CP000239.1:231450-231828|CDS|CYA_0228	99.735	378	1	0	1	378	1	378	0.0	678
Ga0393399_17_1352_1729	CP000240.1:972110-972899|CDS|CYB_0933	91.777	377	31	0	1	377	412	788	3.46e-154	541
Ga0393399_17_1352_1729	CP000239.1:1295888-1296677|CDS|CYA_1285	91.777	377	31	0	1	377	412	788	3.46e-154	541
Ga0393399_17_1740_2552	CP000239.1:230627-231440|CDS|CYA_0227	100.000	813	0	0	1	813	1	813	0.0	1467
Ga0393399_17_1740_2552	CP000240.1:972907-973756|CDS|CYB_0934	80.618	841	117	14	1	800	1	836	0.0	761
Ga0393399_17_1740_2552	CP000239.1:1296685-1297534|CDS|CYA_1286	80.143	841	121	14	1	800	1	836	0.0	743
Ga0393399_17_2581_2796	CP000239.1:229066-229282|CDS|CYA_0225	100.000	216	0	0	1	216	1	216	2.16e-109	390
Ga0393399_17_2581_2796	CP000239.1:1297562-1297778|CDS|CYA_1287	82.547	212	37	0	1	212	1	212	9.83e-57	216
Ga0393399_17_2581_2796	CP000240.1:973784-974000|CDS|CYB_0935	82.075	212	38	0	1	212	1	212	1.20e-55	212
Ga0393399_17_3035_4312	CP000239.1:227550-228951|CDS|CYA_0224	99.844	1278	2	0	1	1278	124	1401	0.0	2296
Ga0393399_17_3035_4312	CP000240.1:974139-975555|CDS|CYB_0936	83.763	1281	202	4	1	1278	139	1416	0.0	1361
Ga0393399_17_4366_5181	CP000239.1:226681-227497|CDS|CYA_0223	100.000	816	0	0	1	816	1	816	0.0	1472
Ga0393399_17_4366_5181	CP000240.1:975616-976432|CDS|CYB_0937	88.777	793	89	0	1	793	1	793	0.0	1030
Ga0393399_17_4366_5181	CP000239.1:1299384-1300230|CDS|CYA_1290	87.768	793	97	0	1	793	1	793	0.0	994
Ga0393399_17_5596_6114	CP000239.1:225748-226267|CDS|CYA_0221	100.000	519	0	0	1	519	1	519	0.0	937
Ga0393399_17_5596_6114	CP000240.1:976891-977410|CDS|CYB_0939	91.489	517	44	0	1	517	1	517	0.0	735
Ga0393399_17_6262_6750	CP000239.1:225112-225601|CDS|CYA_0220	100.000	489	0	0	1	489	1	489	0.0	883
Ga0393399_17_6262_6750	CP000240.1:977555-978044|CDS|CYB_0940	90.369	488	47	0	1	488	1	488	0.0	669
Ga0393399_17_6262_6750	CP000240.1:2834009-2834492|CDS|CYB_2738	68.344	477	133	9	19	489	19	483	1.94e-38	156
Ga0393399_17_6262_6750	CP000239.1:2062220-2062703|CDS|CYA_2042	67.992	478	133	10	18	488	18	482	3.51e-35	146
Ga0393399_17_7039_7299	CP000239.1:224563-224824|CDS|CYA_0218	100.000	261	0	0	1	261	1	261	9.91e-134	471
Ga0393399_17_7039_7299	CP000240.1:978359-978629|CDS|CYB_0941	83.209	268	36	1	1	259	1	268	2.85e-77	285
Ga0393399_17_7372_8142	CP000239.1:223720-224473|CDS|CYA_0217	99.867	753	1	0	19	771	1	753	0.0	1354
Ga0393399_17_7372_8142	CP000240.1:978720-979473|CDS|CYB_0942	84.993	753	113	0	19	771	1	753	0.0	849
Ga0393399_17_8230_8871	CP000239.1:222991-223708|CDS|CYA_0216	99.844	642	1	0	1	642	76	717	0.0	1154
Ga0393399_17_8230_8871	CP000240.1:979489-980179|CDS|CYB_0943	82.215	641	114	0	1	641	49	689	0.0	643
Ga0393399_17_8914_9639	CP000239.1:222223-222949|CDS|CYA_0215	100.000	726	0	0	1	726	1	726	0.0	1310
Ga0393399_17_8914_9639	CP000240.1:980237-980963|CDS|CYB_0944	87.293	724	92	0	1	724	1	724	0.0	892
Ga0393399_17_9779_10090	CP000239.1:221772-222084|CDS|CYA_0214	100.000	312	0	0	1	312	1	312	2.48e-161	563
Ga0393399_17_9779_10090	CP000240.1:981104-981416|CDS|CYB_0945	86.218	312	43	0	1	312	1	312	1.06e-102	370
Ga0393399_18_1149_1742	CP000239.1:2846997-2847591|CDS|CYA_2828	98.653	594	8	0	1	594	1	594	0.0	1036
Ga0393399_18_1149_1742	CP000240.1:861972-862584|CDS|CYB_0830	81.897	580	103	2	1	579	1	579	1.40e-161	566
Ga0393399_18_1793_2458	CP000239.1:2846281-2846947|CDS|CYA_2827	100.000	666	0	0	1	666	1	666	0.0	1202
Ga0393399_18_1793_2458	CP000240.1:861248-861914|CDS|CYB_0829	85.779	661	94	0	1	661	1	661	0.0	769
Ga0393399_18_2481_4943	CP000239.1:2843802-2846259|CDS|CYA_2826	99.878	2457	3	0	7	2463	1	2457	0.0	4418
Ga0393399_18_5041_5457	CP000239.1:2843282-2843699|CDS|CYA_2825	100.000	417	0	0	1	417	1	417	0.0	753
Ga0393399_18_5041_5457	CP000240.1:858030-858567|CDS|CYB_0827	80.362	387	54	3	1	367	94	478	2.13e-100	362
Ga0393399_18_5653_6726	CP000239.1:2841988-2843173|CDS|CYA_2824	99.907	1074	1	0	1	1074	112	1185	0.0	1933
Ga0393399_18_5653_6726	CP000240.1:856503-857697|CDS|CYB_0826	82.601	1069	147	8	45	1074	126	1194	0.0	1089
Ga0393399_18_6801_7118	CP000239.1:2841218-2841914|CDS|CYA_2823	100.000	318	0	0	1	318	379	696	1.40e-164	574
Ga0393399_18_7520_8272	CP000239.1:2840400-2841195|CDS|CYA_2822	100.000	753	0	0	1	753	43	795	0.0	1359
Ga0393399_18_7520_8272	CP000240.1:855382-856177|CDS|CYB_0825	88.253	681	80	0	73	753	115	795	0.0	868
Ga0393399_18_8406_8951	CP000239.1:2839763-2840309|CDS|CYA_2821	100.000	546	0	0	1	546	1	546	0.0	985
Ga0393399_18_8406_8951	CP000240.1:854763-855291|CDS|CYB_0824	80.734	545	85	5	1	544	1	526	1.05e-143	506
Ga0393399_19_561_1994	CP000239.1:325272-326691|CDS|CYA_0316	99.718	1419	4	0	16	1434	1	1419	0.0	2542
Ga0393399_19_561_1994	CP000240.1:1771092-1772511|CDS|CYB_1694	88.656	1384	157	0	16	1399	1	1384	0.0	1789
Ga0393399_19_2157_3395	CP000239.1:323856-325095|CDS|CYA_0315	100.000	1239	0	0	1	1239	1	1239	0.0	2235
Ga0393399_19_2157_3395	CP000240.1:1769646-1770885|CDS|CYB_1693	87.813	1239	151	0	1	1239	1	1239	0.0	1554
Ga0393399_19_3514_3864	CP000239.1:323387-323738|CDS|CYA_0314	99.715	351	1	0	1	351	1	351	0.0	629
Ga0393399_19_3514_3864	CP000240.1:1769172-1769523|CDS|CYB_1692	93.732	351	22	0	1	351	1	351	1.36e-152	535
Ga0393399_19_3996_5507	CP000239.1:321744-323256|CDS|CYA_0313	99.934	1512	1	0	1	1512	1	1512	0.0	2723
Ga0393399_19_3996_5507	CP000240.1:1767536-1769048|CDS|CYB_1691	88.360	1512	176	0	1	1512	1	1512	0.0	1934
Ga0393399_19_5698_6069	CP000239.1:321182-321554|CDS|CYA_0312	99.731	372	1	0	1	372	1	372	0.0	667
Ga0393399_19_5698_6069	CP000240.1:1766987-1767338|CDS|CYB_1690	84.286	350	55	0	22	371	1	350	5.77e-107	384
Ga0393399_19_6449_8287	CP000239.1:318964-320803|CDS|CYA_0311	99.891	1839	2	0	1	1839	1	1839	0.0	3308
Ga0393399_19_6449_8287	CP000240.1:1764691-1766560|CDS|CYB_1689	85.829	1870	233	6	1	1839	1	1869	0.0	2180
Ga0393399_19_8729_9712	CP000239.1:317852-318755|CDS|CYA_0310	99.213	889	7	0	46	934	1	889	0.0	1572
Ga0393399_19_8729_9712	CP000240.1:1761443-1762382|CDS|CYB_1687	86.428	921	116	1	1	921	1	912	0.0	1102
Ga0393399_20_4_1872	CP000239.1:1599798-1601667|CDS|CYA_1591	99.893	1869	2	0	1	1869	1	1869	0.0	3362
Ga0393399_20_4_1872	CP000240.1:410817-412713|CDS|CYB_0397	80.952	1890	327	6	1	1866	1	1881	0.0	1789
Ga0393399_20_4_1872	CP000239.1:1847073-1848795|CDS|CYA_1847	80.317	1702	280	8	208	1859	1	1697	0.0	1573
Ga0393399_20_1949_2569	CP000239.1:1599101-1599743|CDS|CYA_1590	99.839	621	1	0	1	621	22	642	0.0	1116
Ga0393399_20_1949_2569	CP000240.1:410060-410741|CDS|CYB_0396	78.549	648	103	5	1	612	22	669	9.25e-158	553
Ga0393399_20_2628_3092	CP000239.1:1598578-1599034|CDS|CYA_1589	98.246	456	8	0	10	465	1	456	0.0	787
Ga0393399_20_2628_3092	CP000240.1:409536-410001|CDS|CYB_0395	87.097	465	60	0	1	465	1	465	8.88e-163	569
Ga0393399_20_3264_3779	CP000239.1:1597901-1598534|CDS|CYA_1588	89.899	495	50	0	22	516	139	633	0.0	668
Ga0393399_20_3264_3779	CP000240.1:408865-409492|CDS|CYB_0394	85.714	490	69	1	22	511	139	627	1.21e-161	565
Ga0393399_20_3805_4245	CP000239.1:1597435-1597876|CDS|CYA_1586	100.000	441	0	0	1	441	1	441	0.0	796
Ga0393399_20_3805_4245	CP000240.1:408375-408834|CDS|CYB_0392	98.034	407	8	0	35	441	53	459	0.0	699
Ga0393399_20_4242_5516	CP000240.1:407104-408379|CDS|CYB_0393	94.201	1276	72	2	1	1275	1	1275	0.0	1961
Ga0393399_20_4242_5516	CP000239.1:1596164-1597439|CDS|CYA_1587	93.417	1276	82	2	1	1275	1	1275	0.0	1916
Ga0393399_20_5945_7687	CP000239.1:1587091-1588858|CDS|CYA_1577	90.290	1689	164	0	55	1743	79	1767	0.0	2307
Ga0393399_20_5945_7687	CP000240.1:398115-399882|CDS|CYB_0382	85.233	1720	230	2	1	1696	1	1720	0.0	1970
Ga0393399_22_2112_2654	CP000239.1:2824934-2825477|CDS|CYA_2806	100.000	543	0	0	1	543	1	543	0.0	980
Ga0393399_22_2112_2654	CP000240.1:992535-993054|CDS|CYB_0954	87.016	516	67	0	1	516	1	516	1.27e-180	629
Ga0393399_22_2699_2857	CP000239.1:2825524-2826088|CDS|CYA_2807	99.359	156	0	1	4	159	1	155	2.97e-74	274
Ga0393399_22_2699_2857	CP000240.1:2938413-2938983|CDS|CYB_2841	86.538	156	20	1	4	159	1	155	4.13e-47	184
Ga0393399_22_2805_3266	CP000239.1:2825524-2826088|CDS|CYA_2807	100.000	462	0	0	1	462	103	564	0.0	834
Ga0393399_22_2805_3266	CP000240.1:2938413-2938983|CDS|CYB_2841	84.649	456	70	0	4	459	106	561	2.53e-144	508
Ga0393399_22_3390_5279	CP000239.1:2826211-2828101|CDS|CYA_2809	96.878	1890	59	0	1	1890	1	1890	0.0	3143
Ga0393399_22_3390_5279	CP000240.1:2940110-2941997|CDS|CYB_2845	86.568	1891	235	6	2	1884	2	1881	0.0	2256
Ga0393399_22_5276_6766	CP000239.1:2828097-2829564|CDS|CYA_2808	96.660	1467	49	0	25	1491	1	1467	0.0	2425
Ga0393399_22_5276_6766	CP000240.1:2942058-2943564|CDS|CYB_2846	89.627	1475	153	0	13	1487	28	1502	0.0	1971
Ga0393399_23_62_826	CP000239.1:2360425-2361190|CDS|CYA_2353	99.739	765	2	0	1	765	1	765	0.0	1371
Ga0393399_23_62_826	CP000240.1:891047-891815|CDS|CYB_0857	86.387	764	104	0	1	764	4	767	0.0	910
Ga0393399_23_907_2166	CP000239.1:2359085-2360345|CDS|CYA_2352	100.000	1260	0	0	1	1260	1	1260	0.0	2273
Ga0393399_23_907_2166	CP000240.1:891887-893147|CDS|CYB_0858	82.857	1260	216	0	1	1260	1	1260	0.0	1299
Ga0393399_23_2317_2580	CP000239.1:2358671-2358935|CDS|CYA_2351	100.000	264	0	0	1	264	1	264	2.36e-135	477
Ga0393399_23_2317_2580	CP000240.1:893301-893565|CDS|CYB_0859	84.470	264	41	0	1	264	1	264	1.94e-79	292
Ga0393399_23_2748_3008	CP000239.1:2358243-2358513|CDS|CYA_2350	100.000	261	0	0	1	261	10	270	9.91e-134	471
Ga0393399_23_2748_3008	CP000240.1:893828-894107|CDS|CYB_0860	79.693	261	53	0	1	261	19	279	1.58e-61	233
Ga0393399_23_3340_4233	CP000239.1:2357018-2357912|CDS|CYA_2349	100.000	894	0	0	1	894	1	894	0.0	1613
Ga0393399_23_3340_4233	CP000240.1:894186-895071|CDS|CYB_0861	83.531	844	139	0	49	892	40	883	0.0	896
Ga0393399_23_4553_5221	CP000239.1:2356030-2356699|CDS|CYA_2348	99.851	669	1	0	1	669	1	669	0.0	1203
Ga0393399_23_4553_5221	CP000240.1:895381-896095|CDS|CYB_0862	75.235	533	132	0	1	533	1	533	8.22e-102	367
Ga0393399_23_5855_6652	CP000239.1:2354506-2355397|CDS|CYA_2347	100.000	798	0	0	1	798	94	891	0.0	1440
Ga0393399_23_5855_6652	CP000240.1:1155327-1156215|CDS|CYB_1117	87.340	782	99	0	1	782	91	872	0.0	965
Ga0393399_23_5855_6652	CP000239.1:719653-720526|CDS|CYA_0714	64.698	762	240	19	3	751	90	835	6.23e-22	103
Ga0393399_23_5855_6652	CP000240.1:3003800-3004655|CDS|CYB_2905	65.000	680	211	17	3	670	90	754	6.23e-22	102
Ga0393399_24_569_1204	CP000239.1:2661087-2661723|CDS|CYA_2645	100.000	636	0	0	1	636	1	636	0.0	1148
Ga0393399_24_569_1204	CP000240.1:1819552-1820191|CDS|CYB_1738	85.601	632	88	1	1	629	1	632	0.0	728
Ga0393399_24_1230_2468	CP000239.1:2659823-2661062|CDS|CYA_2644	99.919	1239	1	0	1	1239	1	1239	0.0	2231
Ga0393399_24_1230_2468	CP000240.1:1822505-1823747|CDS|CYB_1740	83.717	1130	184	0	1	1130	1	1130	0.0	1209
Ga0393399_24_2962_3690	CP000239.1:2658592-2659321|CDS|CYA_2643	100.000	729	0	0	1	729	1	729	0.0	1315
Ga0393399_24_2962_3690	CP000240.1:1823993-1824728|CDS|CYB_1741	86.207	725	100	0	1	725	1	725	0.0	857
Ga0393399_24_3972_5384	CP000239.1:2656898-2658311|CDS|CYA_2642	99.858	1413	2	0	1	1413	1	1413	0.0	2540
Ga0393399_24_3972_5384	CP000240.1:1192104-1193532|CDS|CYB_1152	83.780	1381	209	1	1	1366	1	1381	0.0	1490
Ga0393399_24_5545_5826	CP000239.1:455920-457171|CDS|CYA_0436	94.326	282	16	0	1	282	970	1251	2.23e-123	437
Ga0393399_24_5879_6145	CP000239.1:455920-457171|CDS|CYA_0436	81.570	293	28	3	1	267	917	625	1.61e-80	296
Ga0393399_24_6579_6686	CP000240.1:2300204-2300507|CDS|CYB_2192	76.923	91	21	0	1	91	202	292	4.11e-13	70.7
Ga0393399_24_6579_6686	CP000239.1:906578-906881|CDS|CYA_0898	76.923	91	21	0	1	91	202	292	4.11e-13	70.7
Ga0393399_26_209_1783	CP000239.1:738035-739610|CDS|CYA_0734	99.873	1575	2	0	1	1575	1	1575	0.0	2832
Ga0393399_26_1795_2394	CP000239.1:737424-738024|CDS|CYA_0733	99.500	600	3	0	1	600	1	600	0.0	1069
Ga0393399_26_2461_3603	CP000239.1:736215-737358|CDS|CYA_0732	99.913	1143	1	0	1	1143	1	1143	0.0	2058
Ga0393399_26_3640_4230	CP000239.1:735588-736212|CDS|CYA_0731	99.831	591	1	0	1	591	34	624	0.0	1062
Ga0393399_26_4212_4844	CP000239.1:734974-735607|CDS|CYA_0730	99.684	633	2	0	1	633	1	633	0.0	1133
Ga0393399_26_5039_5818	CP000239.1:734000-734948|CDS|CYA_0729	99.744	780	2	0	1	780	169	948	0.0	1398
Ga0393399_26_5818_6090	CP000239.1:733728-734001|CDS|CYA_0728	100.000	273	0	0	1	273	1	273	3.18e-140	493
Ga0393399_27_3599_3769	CP000239.1:2851880-2852051|CDS|CYA_2834	100.000	171	0	0	1	171	1	171	4.48e-85	309
Ga0393399_27_3599_3769	CP000239.1:2851883-2852084|CDS|CYA_2833	100.000	168	0	0	4	171	201	34	1.91e-83	304
Ga0393399_27_3599_3769	CP000240.1:518073-518244|CDS|CYB_0506	92.982	171	12	0	1	171	1	171	8.66e-69	255
Ga0393399_27_4170_5234	CP000239.1:2850742-2851807|CDS|CYA_2832	94.439	1061	59	0	1	1061	1	1061	0.0	1648
Ga0393399_27_4170_5234	CP000240.1:516913-518011|CDS|CYB_0505	83.695	1061	173	0	1	1061	34	1094	0.0	1134
Ga0393399_27_5332_6216	CP000239.1:2849658-2850645|CDS|CYA_2831	99.661	885	3	0	1	885	103	987	0.0	1583
Ga0393399_27_5332_6216	CP000240.1:865059-866037|CDS|CYB_0833	76.970	825	190	0	3	827	105	929	0.0	632
Ga0393399_27_6456_6830	CP000239.1:2848920-2849535|CDS|CYA_2830	98.087	366	7	0	10	375	250	615	0.0	629
Ga0393399_27_6456_6830	CP000240.1:863962-864583|CDS|CYB_0832	83.381	349	58	0	2	350	242	590	1.28e-102	369
Ga0393399_28_758_1288	CP000240.1:1613936-1615136|CDS|CYB_1538	84.977	426	64	0	8	433	770	1195	4.07e-136	480
Ga0393399_28_1487_1681	CP000240.1:1613936-1615136|CDS|CYB_1538	74.227	194	50	0	1	194	352	545	1.22e-29	125
Ga0393399_28_2329_3318	CP000239.1:1641846-1642875|CDS|CYA_1641	99.798	990	2	0	1	990	40	1029	0.0	1777
Ga0393399_28_2329_3318	CP000240.1:1612786-1613734|CDS|CYB_1537	86.873	937	123	0	1	937	1	937	0.0	1136
Ga0393399_28_3381_4796	CP000239.1:1640410-1641823|CDS|CYA_1640	99.647	1416	2	1	1	1416	1	1413	0.0	2530
Ga0393399_28_3381_4796	CP000240.1:1611314-1612730|CDS|CYB_1536	85.969	1404	197	0	13	1416	13	1416	0.0	1645
Ga0393399_28_5003_5851	CP000239.1:1639355-1640204|CDS|CYA_1639	100.000	849	0	0	1	849	1	849	0.0	1532
Ga0393399_28_5003_5851	CP000240.1:1610315-1611092|CDS|CYB_1535	88.152	709	84	0	1	709	1	709	0.0	901
Ga0393399_28_6027_6533	CP000239.1:1638376-1639180|CDS|CYA_1638	100.000	507	0	0	1	507	298	804	0.0	915
Ga0393399_28_6027_6533	CP000240.1:1609361-1610156|CDS|CYB_1534	87.475	495	56	1	1	495	298	786	2.61e-176	615
Ga0393399_29_942_2645	CP000239.1:2646699-2648472|CDS|CYA_2629	97.012	1372	38	1	333	1704	405	1773	0.0	2288
Ga0393399_29_942_2645	CP000240.1:681089-682925|CDS|CYB_0668	72.903	1395	287	21	338	1655	398	1778	0.0	800
Ga0393399_29_2862_3227	CP000239.1:2648736-2649054|CDS|CYA_2630	100.000	318	0	0	49	366	1	318	1.62e-164	574
Ga0393399_29_2862_3227	CP000240.1:680496-680868|CDS|CYB_0667	83.987	306	49	0	61	366	67	372	3.14e-91	332
Ga0393399_29_3237_3914	CP000239.1:2649063-2649741|CDS|CYA_2631	100.000	678	0	0	1	678	1	678	0.0	1223
Ga0393399_29_3237_3914	CP000240.1:679815-680487|CDS|CYB_0666	87.309	654	83	0	1	654	1	654	0.0	806
Ga0393399_29_3958_4317	CP000239.1:2649784-2650144|CDS|CYA_2632	99.722	360	1	0	1	360	1	360	0.0	645
Ga0393399_29_3958_4317	CP000240.1:677970-678336|CDS|CYB_0664	79.714	350	59	3	1	341	7	353	1.01e-84	309
Ga0393399_29_4650_4910	CP000239.1:2650476-2650803|CDS|CYA_2633	100.000	261	0	0	1	261	67	327	9.91e-134	471
Ga0393399_29_4650_4910	CP000240.1:677241-677640|CDS|CYB_0663	89.272	261	25	1	1	261	142	399	3.47e-95	343
Ga0393399_29_5275_6366	CP000239.1:2651107-2652193|CDS|CYA_2635	99.816	1086	2	0	7	1092	1	1086	0.0	1950
Ga0393399_29_5275_6366	CP000240.1:675946-677032|CDS|CYB_0662	85.649	1087	154	2	7	1092	1	1086	0.0	1251
Ga0393399_30_45_260	CP000239.1:1071254-1071986|CDS|CYA_1053	100.000	216	0	0	1	216	517	732	2.16e-109	390
Ga0393399_30_45_260	CP000240.1:2497102-2497912|CDS|CYB_2397	84.977	213	32	0	4	216	598	810	2.47e-64	241
Ga0393399_30_385_516	CP000239.1:1070998-1071130|CDS|CYA_1052	100.000	132	0	0	1	132	1	132	4.91e-64	239
Ga0393399_30_618_1751	CP000239.1:1069763-1070897|CDS|CYA_1051	100.000	1134	0	0	1	1134	1	1134	0.0	2046
Ga0393399_30_618_1751	CP000240.1:2498323-2499439|CDS|CYB_2399	87.184	1108	142	0	1	1108	1	1108	0.0	1359
Ga0393399_30_1781_2767	CP000239.1:1068747-1069734|CDS|CYA_1050	100.000	987	0	0	1	987	1	987	0.0	1781
Ga0393399_30_1781_2767	CP000240.1:2499534-2500518|CDS|CYB_2400	87.248	941	120	0	46	986	43	983	0.0	1157
Ga0393399_30_2871_3827	CP000239.1:1067687-1068644|CDS|CYA_1049	96.656	957	32	0	1	957	1	957	0.0	1582
Ga0393399_30_2871_3827	CP000240.1:2970577-2971534|CDS|CYB_2874	89.551	957	100	0	1	957	1	957	0.0	1276
Ga0393399_30_3972_4262	CP000240.1:2970146-2970437|CDS|CYB_2873	92.734	289	21	0	1	289	1	289	4.16e-120	427
Ga0393399_30_3972_4262	CP000239.1:1067116-1067407|CDS|CYA_1048	90.657	289	27	0	1	289	1	289	5.79e-112	400
Ga0393399_30_4341_4667	CP000240.1:2969531-2970068|CDS|CYB_2872	90.175	285	28	0	1	285	193	477	1.19e-108	389
Ga0393399_30_4341_4667	CP000239.1:1066527-1067049|CDS|CYA_1047	85.627	327	44	2	4	327	196	522	9.12e-104	372
Ga0393399_30_4864_5022	CP000240.1:2969370-2969529|CDS|CYB_2871	98.742	159	2	0	1	159	1	159	6.98e-76	279
Ga0393399_30_4864_5022	CP000239.1:1066354-1066525|CDS|CYA_1046	84.028	144	23	0	1	144	1	144	5.74e-39	157
Ga0393399_31_228_5489	CP000239.1:2758449-2763711|CDS|CYA_2742	99.848	5262	8	0	1	5262	1	5262	0.0	9454
Ga0393399_32_414_851	CP000239.1:1198400-1199069|CDS|CYA_1183	100.000	438	0	0	1	438	232	669	0.0	791
Ga0393399_32_1079_1483	CP000239.1:1198071-1198404|CDS|CYA_1182	100.000	333	0	0	73	405	1	333	1.30e-172	601
Ga0393399_32_2522_3832	CP000239.1:1193691-1195644|CDS|CYA_1179	99.924	1311	1	0	1	1311	643	1953	0.0	2360
Ga0393399_32_3835_4098	CP000239.1:1200072-1201317|CDS|CYA_1186	100.000	207	0	0	1	207	526	732	2.07e-104	374
Ga0393399_32_3835_4098	CP000240.1:2690914-2692159|CDS|CYB_2590	89.855	207	21	0	1	207	526	732	1.23e-75	279
Ga0393399_33_3576_3944	CP000240.1:2750791-2751199|CDS|CYB_2663	100.000	369	0	0	1	369	40	408	0.0	666
Ga0393399_33_3576_3944	CP000240.1:2182109-2182517|CDS|CYB_2086	100.000	369	0	0	1	369	40	408	0.0	666
Ga0393399_33_3576_3944	CP000240.1:1332150-1332558|CDS|CYB_1275	100.000	369	0	0	1	369	40	408	0.0	666
Ga0393399_33_3576_3944	CP000240.1:214453-214861|CDS|CYB_0203	100.000	369	0	0	1	369	40	408	0.0	666
Ga0393399_33_3576_3944	CP000240.1:210759-211167|CDS|CYB_0198	100.000	369	0	0	1	369	40	408	0.0	666
Ga0393399_33_3576_3944	CP000240.1:2692187-2692595|CDS|CYB_2591	99.729	369	1	0	1	369	40	408	0.0	662
Ga0393399_33_3576_3944	CP000240.1:2505835-2506243|CDS|CYB_2408	99.729	369	1	0	1	369	40	408	0.0	662
Ga0393399_33_3576_3944	CP000240.1:2353707-2354115|CDS|CYB_2249	99.729	369	1	0	1	369	40	408	0.0	662
Ga0393399_33_3576_3944	CP000240.1:2165635-2166043|CDS|CYB_2068	99.729	369	1	0	1	369	40	408	0.0	662
Ga0393399_33_3576_3944	CP000240.1:1639015-1639423|CDS|CYB_1566	99.729	369	1	0	1	369	40	408	0.0	662
Ga0393399_33_3576_3944	CP000240.1:1128193-1128601|CDS|CYB_1093	99.729	369	1	0	1	369	40	408	0.0	662
Ga0393399_33_3576_3944	CP000240.1:2728785-2729193|CDS|CYB_2639	99.458	369	2	0	1	369	40	408	0.0	657
Ga0393399_33_3576_3944	CP000240.1:2571340-2571748|CDS|CYB_2475	99.458	369	2	0	1	369	40	408	0.0	657
Ga0393399_33_3576_3944	CP000240.1:651866-652274|CDS|CYB_0641	99.458	369	2	0	1	369	40	408	0.0	657
Ga0393399_33_3576_3944	CP000240.1:65861-66269|CDS|CYB_0052	99.458	369	2	0	1	369	40	408	0.0	657
Ga0393399_33_3576_3944	CP000240.1:1839104-1839512|CDS|CYB_1755	99.187	369	3	0	1	369	40	408	0.0	653
Ga0393399_33_3576_3944	CP000240.1:1750145-1750553|CDS|CYB_1672	99.187	369	3	0	1	369	40	408	0.0	653
Ga0393399_33_3941_4318	CP000240.1:2750456-2750834|CDS|CYB_2662	100.000	378	0	0	1	378	1	378	0.0	682
Ga0393399_33_3941_4318	CP000240.1:2571005-2571383|CDS|CYB_2474	100.000	378	0	0	1	378	1	378	0.0	682
Ga0393399_33_3941_4318	CP000240.1:2181774-2182152|CDS|CYB_2085	100.000	378	0	0	1	378	1	378	0.0	682
Ga0393399_33_3941_4318	CP000240.1:214818-215196|CDS|CYB_0204	100.000	378	0	0	1	378	1	378	0.0	682
Ga0393399_33_3941_4318	CP000240.1:66226-66604|CDS|CYB_0053	100.000	378	0	0	1	378	1	378	0.0	682
Ga0393399_33_3941_4318	CP000240.1:2692552-2692930|CDS|CYB_2592	99.735	378	1	0	1	378	1	378	0.0	678
Ga0393399_33_3941_4318	CP000240.1:2505500-2505878|CDS|CYB_2407	99.735	378	1	0	1	378	1	378	0.0	678
Ga0393399_33_3941_4318	CP000240.1:2354072-2354450|CDS|CYB_2250	99.735	378	1	0	1	378	1	378	0.0	678
Ga0393399_33_3941_4318	CP000240.1:2165300-2165678|CDS|CYB_2067	99.735	378	1	0	1	378	1	378	0.0	678
Ga0393399_33_3941_4318	CP000240.1:1839469-1839847|CDS|CYB_1756	99.735	378	1	0	1	378	1	378	0.0	678
Ga0393399_33_3941_4318	CP000240.1:1127858-1128236|CDS|CYB_1092	99.735	378	1	0	1	378	1	378	0.0	678
Ga0393399_33_3941_4318	CP000240.1:2728450-2728828|CDS|CYB_2638	99.471	378	2	0	1	378	1	378	0.0	673
Ga0393399_33_3941_4318	CP000240.1:1750510-1750888|CDS|CYB_1673	99.471	378	2	0	1	378	1	378	0.0	673
Ga0393399_33_3941_4318	CP000240.1:1639380-1639758|CDS|CYB_1567	99.471	378	2	0	1	378	1	378	0.0	673
Ga0393399_33_3941_4318	CP000240.1:1332515-1332893|CDS|CYB_1276	99.471	378	2	0	1	378	1	378	0.0	673
Ga0393399_33_3941_4318	CP000240.1:210424-210802|CDS|CYB_0197	99.471	378	2	0	1	378	1	378	0.0	673
Ga0393399_34_1645_2490	CP000239.1:1149395-1150319|CDS|CYA_1122	99.882	846	1	0	1	846	79	924	0.0	1522
Ga0393399_34_1645_2490	CP000240.1:447348-448278|CDS|CYB_0437	85.060	830	124	0	1	830	79	908	0.0	939
Ga0393399_34_2566_3312	CP000239.1:1150394-1151141|CDS|CYA_1123	100.000	747	0	0	1	747	1	747	0.0	1348
Ga0393399_34_2566_3312	CP000240.1:448354-449101|CDS|CYB_0438	86.193	746	103	0	1	746	1	746	0.0	882
Ga0393399_34_3316_3627	CP000239.1:1151169-1151457|CDS|CYA_1124	100.000	288	0	0	25	312	1	288	2.65e-148	520
Ga0393399_34_3316_3627	CP000240.1:449104-449419|CDS|CYB_0439	85.315	286	41	1	17	301	17	302	3.94e-89	324
Ga0393399_34_3759_4103	CP000239.1:1151588-1151933|CDS|CYA_1125	100.000	345	0	0	1	345	1	345	3.36e-179	623
Ga0393399_34_3759_4103	CP000240.1:1378425-1378770|CDS|CYB_1316	82.558	344	60	0	1	344	1	344	3.16e-97	351
Ga0393399_35_1820_3274	CP000239.1:37429-38884|CDS|CYA_0041	99.794	1455	3	0	1	1455	1	1455	0.0	2611
Ga0393399_35_1820_3274	CP000240.1:2858007-2859468|CDS|CYB_2760	83.699	1460	232	2	1	1454	1	1460	0.0	1557
Ga0393399_35_3271_3624	CP000239.1:38880-39174|CDS|CYA_0040	100.000	294	0	0	61	354	1	294	1.67e-151	531
Ga0393399_35_3271_3624	CP000240.1:2857717-2858011|CDS|CYB_2761	82.624	282	49	0	61	342	1	282	3.24e-78	288
Ga0393399_36_905_1759	CP000239.1:1650092-1650863|CDS|CYA_1653	99.870	771	1	0	85	855	1	771	0.0	1387
Ga0393399_36_905_1759	CP000240.1:1704421-1705183|CDS|CYB_1635	82.171	774	123	2	85	855	1	762	0.0	779
Ga0393399_36_1849_2043	CP000239.1:1649808-1650003|CDS|CYA_1652	100.000	195	0	0	1	195	1	195	4.83e-98	352
Ga0393399_36_1849_2043	CP000240.1:1704135-1704330|CDS|CYB_1634	91.282	195	17	0	1	195	1	195	1.07e-74	276
Ga0393399_36_2073_2288	CP000239.1:1649563-1649779|CDS|CYA_1651	100.000	216	0	0	1	216	1	216	2.16e-109	390
Ga0393399_36_2073_2288	CP000240.1:1703890-1704106|CDS|CYB_1633	85.116	215	32	0	1	215	1	215	2.03e-65	244
Ga0393399_36_2316_3392	CP000239.1:1648459-1649500|CDS|CYA_1650	99.616	1041	4	0	37	1077	1	1041	0.0	1860
Ga0393399_36_2316_3392	CP000240.1:1702788-1703874|CDS|CYB_1632	84.675	1031	158	0	1	1031	1	1031	0.0	1148
Ga0393399_36_3412_3741	CP000239.1:1648110-1648440|CDS|CYA_1649	100.000	330	0	0	1	330	1	330	4.45e-171	596
Ga0393399_37_1609_2754	CP000239.1:290260-291658|CDS|CYA_0283	96.055	1014	37	1	133	1146	388	1398	0.0	1647
Ga0393399_37_1609_2754	CP000239.1:1578941-1580483|CDS|CYA_1570	74.703	925	219	9	133	1045	571	1492	8.41e-168	587
Ga0393399_37_1609_2754	CP000240.1:1901328-1902870|CDS|CYB_1816	72.650	936	229	13	133	1050	571	1497	9.60e-142	500
Ga0393399_37_2751_3674	CP000239.1:291654-292578|CDS|CYA_0282	100.000	924	0	0	1	924	1	924	0.0	1667
Ga0393399_37_2751_3674	CP000240.1:2483163-2484087|CDS|CYB_2378	85.374	923	135	0	1	923	1	923	0.0	1057
Ga0393399_38_33_197	CP000240.1:816610-817510|CDS|CYB_0790	96.970	165	5	0	1	165	194	30	8.87e-75	276
Ga0393399_38_33_197	CP000239.1:461089-461983|CDS|CYA_0441	82.550	149	26	0	16	164	179	31	7.29e-38	152
Ga0393399_38_226_603	CP000240.1:817509-817875|CDS|CYB_0791	98.788	330	4	0	31	360	1	330	1.38e-165	578
Ga0393399_38_226_603	CP000239.1:461982-462321|CDS|CYA_0442	83.046	348	50	1	31	378	1	339	1.57e-101	366
Ga0393399_38_633_914	CP000240.1:817934-818216|CDS|CYB_0792	98.582	282	4	0	1	282	1	282	1.15e-139	491
Ga0393399_38_633_914	CP000239.1:462385-462718|CDS|CYA_0443	80.612	294	39	5	1	282	46	333	2.38e-72	268
Ga0393399_38_1057_1608	CP000240.1:818330-819434|CDS|CYB_0793	91.697	542	45	0	2	543	560	1101	0.0	775
Ga0393399_38_1057_1608	CP000239.1:462768-463866|CDS|CYA_0444	86.004	543	76	0	1	543	553	1095	0.0	637
Ga0393399_38_1701_2213	CP000239.1:462768-463866|CDS|CYA_0444	99.566	461	2	0	53	513	1	461	0.0	823
Ga0393399_38_2654_3079	CP000239.1:464358-464856|CDS|CYA_0445	100.000	426	0	0	1	426	73	498	0.0	769
Ga0393399_38_2654_3079	CP000240.1:819558-820029|CDS|CYB_0794	72.902	417	104	3	1	414	49	459	6.25e-63	238
Ga0393399_39_921_1640	CP000239.1:219320-220040|CDS|CYA_0212	99.861	720	1	0	1	720	1	720	0.0	1295
Ga0393399_39_921_1640	CP000240.1:983148-983868|CDS|CYB_0947	82.500	720	126	0	1	720	1	720	0.0	731
Ga0393399_39_1652_2569	CP000239.1:218391-219309|CDS|CYA_0211	99.020	918	9	0	1	918	1	918	0.0	1616
Ga0393399_39_1652_2569	CP000240.1:983879-984797|CDS|CYB_0948	87.037	918	119	0	1	918	1	918	0.0	1120
Ga0393399_40_355_774	CP000239.1:2096251-2096671|CDS|CYA_2077	100.000	420	0	0	1	420	1	420	0.0	758
Ga0393399_40_355_774	CP000240.1:1646921-1647344|CDS|CYB_1573	84.043	376	60	0	35	410	2	377	1.65e-114	408
Ga0393399_40_775_2283	CP000239.1:2096671-2098180|CDS|CYA_2078	99.867	1509	2	0	1	1509	1	1509	0.0	2713
Ga0393399_41_332_2191	CP000239.1:1602097-1603957|CDS|CYA_1593	99.892	1860	2	0	1	1860	1	1860	0.0	3346
Ga0393399_41_332_2191	CP000240.1:1896358-1898188|CDS|CYB_1812	84.948	1827	275	0	34	1860	4	1830	0.0	2056
Ga0393399_41_2205_3722	CP000239.1:1603970-1605488|CDS|CYA_1594	99.934	1518	1	0	1	1518	1	1518	0.0	2734
Ga0393399_41_2205_3722	CP000240.1:1894837-1896346|CDS|CYB_1811	85.017	1455	200	6	1	1446	1	1446	0.0	1631
Ga0393399_41_2205_3722	CP000240.1:2973825-2975361|CDS|CYB_2876	65.915	1153	364	19	148	1284	130	1269	1.28e-65	249
Ga0393399_42_699_1613	CP000240.1:2034748-2035831|CDS|CYB_1943	93.194	911	62	0	1	911	169	1079	0.0	1364
Ga0393399_43_57_752	CP000239.1:1112485-1113340|CDS|CYA_1091	100.000	696	0	0	1	696	160	855	0.0	1256
Ga0393399_43_57_752	CP000240.1:2055813-2056638|CDS|CYB_1960	83.762	622	101	0	1	622	154	775	0.0	667
Ga0393399_43_756_1376	CP000239.1:1111861-1112482|CDS|CYA_1090	99.839	621	1	0	1	621	1	621	0.0	1116
Ga0393399_43_756_1376	CP000240.1:2055174-2055810|CDS|CYB_1959	78.404	639	117	6	1	621	1	636	1.57e-148	523
Ga0393399_45_377_757	CP000239.1:30487-30868|CDS|CYA_0031	100.000	381	0	0	1	381	1	381	0.0	688
Ga0393399_45_377_757	CP000240.1:2393260-2393641|CDS|CYB_2286	88.451	381	44	0	1	381	1	381	5.53e-139	489
Ga0393399_45_1085_1531	CP000239.1:29714-30161|CDS|CYA_0030	99.776	447	1	0	1	447	1	447	0.0	802
Ga0393399_45_1085_1531	CP000240.1:2392457-2392904|CDS|CYB_2285	90.157	447	44	0	1	447	1	447	9.71e-175	609
Ga0393399_46_553_798	CP000239.1:2795941-2796187|CDS|CYA_2775	100.000	246	0	0	1	246	1	246	1.29e-125	444
Ga0393399_46_553_798	CP000240.1:2566903-2567194|CDS|CYB_2469	87.805	246	30	0	1	246	46	291	6.70e-85	309
Ga0393399_46_932_1021	CP000239.1:2796320-2796410|CDS|CYA_2776	100.000	90	0	0	1	90	1	90	1.95e-41	163
Ga0393399_46_1061_1225	CP000239.1:2796425-2796614|CDS|CYA_2777	100.000	165	0	0	1	165	25	189	7.78e-82	298
Ga0393399_46_1061_1225	CP000240.1:2565176-2565338|CDS|CYB_2467	82.911	158	27	0	1	158	1	158	4.03e-41	164
Ga0393399_46_1266_1646	CP000239.1:2796654-2797047|CDS|CYA_2778	99.738	381	1	0	1	381	13	393	0.0	683
Ga0393399_46_1266_1646	CP000240.1:2564781-2565153|CDS|CYB_2466	85.350	314	46	0	19	332	19	332	6.75e-100	360
Ga0393399_47_655_1908	CP000239.1:2455786-2457031|CDS|CYA_2446	99.920	1245	1	0	10	1254	1	1245	0.0	2241
Ga0393399_47_655_1908	CP000240.1:2647745-2648990|CDS|CYB_2542	84.325	1244	195	0	10	1253	1	1244	0.0	1365
Ga0393399_47_2240_2800	CP000239.1:2457020-2457923|CDS|CYA_2447	99.643	561	2	0	1	561	343	903	0.0	1003
Ga0393399_47_2240_2800	CP000240.1:2649087-2649894|CDS|CYB_2543	82.585	557	97	0	5	561	251	807	3.78e-162	568
Ga0393399_48_2214_3029	CP000239.1:327726-328542|CDS|CYA_0319	96.446	816	29	0	1	816	1	816	0.0	1342
Ga0393399_48_2214_3029	CP000240.1:1773628-1774444|CDS|CYB_1697	87.255	816	104	0	1	816	1	816	0.0	1003
Ga0393399_49_532_1077	CP000239.1:300112-300658|CDS|CYA_0295	100.000	546	0	0	1	546	1	546	0.0	985
Ga0393399_49_532_1077	CP000240.1:2926898-2927444|CDS|CYB_2824	90.476	546	52	0	1	546	1	546	0.0	751
Ga0393399_49_1244_1435	CP000239.1:300824-301925|CDS|CYA_0297	99.459	185	1	0	1	185	1	185	5.42e-91	330
Ga0393399_49_1244_1435	CP000240.1:2925598-2926693|CDS|CYB_2822	87.568	185	23	0	1	185	1	185	3.91e-61	231
Ga0393399_49_1941_2996	CP000239.1:184129-185644|CDS|CYA_0185	95.197	1041	50	0	1	1041	466	1506	0.0	1653
Ga0393399_49_1941_2996	CP000240.1:2630602-2632129|CDS|CYB_2530	86.641	1048	132	2	1	1041	472	1518	0.0	1258
Ga0393399_50_436_2508	CP000239.1:1580612-1582763|CDS|CYA_1571	99.855	2073	3	0	1	2073	79	2151	0.0	3726
Ga0393399_50_436_2508	CP000240.1:390960-393057|CDS|CYB_0376	82.478	2026	322	5	12	2004	12	2037	0.0	2061
Ga0393399_50_2715_2930	CP000239.1:1578941-1580483|CDS|CYA_1570	100.000	216	0	0	1	216	1327	1542	2.16e-109	390
Ga0393399_50_2715_2930	CP000240.1:1901328-1902870|CDS|CYB_1816	88.208	212	25	0	1	212	1327	1538	5.09e-73	270
Ga0393399_51_1345_1638	CP000240.1:523546-523924|CDS|CYB_0508	94.898	294	15	0	1	294	85	378	5.85e-131	463
Ga0393399_51_1345_1638	CP000239.1:2857205-2857583|CDS|CYA_2837	69.474	285	85	2	1	284	85	368	3.47e-26	115
Ga0393399_52_233_997	CP000239.1:198730-199495|CDS|CYA_0199	94.422	753	42	0	1	753	1	753	0.0	1169
Ga0393399_52_233_997	CP000240.1:1282594-1283350|CDS|CYB_1239	72.052	687	165	3	1	684	1	663	3.51e-107	385
Ga0393399_52_1052_2179	CP000239.1:197546-198674|CDS|CYA_0198	96.543	1128	39	0	1	1128	1	1128	0.0	1859
Ga0393399_52_1052_2179	CP000240.1:1281431-1282544|CDS|CYB_1238	74.932	1109	211	16	37	1119	40	1107	0.0	736
Ga0393399_53_244_519	CP000239.1:1305332-1305617|CDS|CYA_1295	100.000	276	0	0	1	276	10	285	7.58e-142	499
Ga0393399_53_244_519	CP000240.1:951190-951475|CDS|CYB_0913	96.947	262	8	0	15	276	24	285	2.17e-123	437
Ga0393399_53_539_1171	CP000239.1:1304680-1305313|CDS|CYA_1294	99.684	633	2	0	1	633	1	633	0.0	1133
Ga0393399_54_611_1264	CP000239.1:32566-33220|CDS|CYA_0034	99.847	654	1	0	1	654	1	654	0.0	1176
Ga0393399_54_1642_2280	CP000239.1:30914-32189|CDS|CYA_0032	99.687	639	2	0	1	639	637	1275	0.0	1144
Ga0393399_54_1642_2280	CP000240.1:2393680-2395045|CDS|CYB_2287	81.064	639	121	0	1	639	727	1365	4.93e-174	608
