Ga0374739_01_492_716	CP000239.1:2736916-2737156|CDS|CYA_2717	100.000	225	0	0	1	225	16	240	2.94e-114	407
Ga0374739_01_492_716	CP000240.1:1853532-1853763|CDS|CYB_1769	80.952	231	38	1	1	225	1	231	8.44e-58	220
Ga0374739_01_829_1179	CP000239.1:2736468-2736819|CDS|CYA_2716	100.000	351	0	0	1	351	1	351	0.0	634
Ga0374739_01_829_1179	CP000240.1:1757982-1758333|CDS|CYB_1682	84.639	332	51	0	1	332	1	332	1.19e-102	370
Ga0374739_01_1448_2845	CP000239.1:2734802-2736242|CDS|CYA_2715	99.928	1398	1	0	1	1398	43	1440	0.0	2517
Ga0374739_01_1448_2845	CP000240.1:1756308-1757748|CDS|CYB_1680	86.872	1394	174	3	2	1392	44	1431	0.0	1684
Ga0374739_01_2886_6023	CP000239.1:2731624-2734870|CDS|CYA_2714	99.968	3138	1	0	1	3138	109	3246	0.0	5655
Ga0374739_01_6206_6850	CP000239.1:2730797-2731442|CDS|CYA_2713	97.674	645	15	0	1	645	1	645	0.0	1096
Ga0374739_01_6206_6850	CP000240.1:1951690-1952341|CDS|CYB_1868	84.087	641	96	1	1	635	1	641	0.0	698
Ga0374739_01_6969_7184	CP000239.1:2730463-2730679|CDS|CYA_2712	100.000	216	0	0	1	216	1	216	2.16e-109	390
Ga0374739_01_6969_7184	CP000240.1:1952457-1952673|CDS|CYB_1869	79.724	217	42	2	1	216	1	216	4.77e-48	187
Ga0374739_01_7208_8062	CP000239.1:2729585-2730440|CDS|CYA_2711	97.895	855	18	0	1	855	1	855	0.0	1462
Ga0374739_01_7208_8062	CP000240.1:1952697-1953552|CDS|CYB_1870	88.070	855	102	0	1	855	1	855	0.0	1083
Ga0374739_01_8109_9119	CP000239.1:2727384-2728404|CDS|CYA_2708	99.013	1013	7	1	1	1010	7	1019	0.0	1781
Ga0374739_01_8109_9119	CP000240.1:1953692-1954718|CDS|CYB_1871	88.055	1013	118	1	1	1010	13	1025	0.0	1280
Ga0374739_01_9483_10469	CP000239.1:2726040-2726886|CDS|CYA_2706	99.882	846	1	0	142	987	1	846	0.0	1522
Ga0374739_01_9483_10469	CP000240.1:1956263-1957358|CDS|CYB_1873	83.469	986	163	0	1	986	109	1094	0.0	1044
Ga0374739_01_10543_10677	CP000239.1:2725832-2725967|CDS|CYA_2705	100.000	135	0	0	1	135	1	135	1.19e-65	244
Ga0374739_01_10758_15365	CP000239.1:2721144-2725752|CDS|CYA_2704	99.935	4608	3	0	1	4608	1	4608	0.0	8297
Ga0374739_01_10758_15365	CP000240.1:1303585-1308193|CDS|CYB_1253	86.694	4607	613	0	1	4607	1	4607	0.0	5545
Ga0374739_01_15465_16556	CP000239.1:2719953-2721045|CDS|CYA_2703	100.000	1092	0	0	1	1092	1	1092	0.0	1970
Ga0374739_01_15465_16556	CP000240.1:1308297-1309389|CDS|CYB_1254	89.103	1092	119	0	1	1092	1	1092	0.0	1434
Ga0374739_01_16603_18084	CP000239.1:2718425-2719907|CDS|CYA_2702	99.123	1482	13	0	1	1482	1	1482	0.0	2615
Ga0374739_01_16603_18084	CP000240.1:1309436-1310912|CDS|CYB_1255	86.109	1483	194	5	1	1480	1	1474	0.0	1735
Ga0374739_01_18087_20042	CP000240.1:1310953-1312915|CDS|CYB_1256	85.305	1953	281	3	10	1956	10	1962	0.0	2221
Ga0374739_01_20085_21224	CP000239.1:2715284-2716424|CDS|CYA_2700	99.912	1140	1	0	1	1140	1	1140	0.0	2052
Ga0374739_01_20085_21224	CP000240.1:1314363-1315503|CDS|CYB_1258	84.825	1140	173	0	1	1140	1	1140	0.0	1277
Ga0374739_01_21442_22134	CP000239.1:2714419-2715112|CDS|CYA_2699	100.000	693	0	0	1	693	1	693	0.0	1251
Ga0374739_01_21442_22134	CP000240.1:186761-187454|CDS|CYB_0174	85.196	689	102	0	1	689	1	689	0.0	783
Ga0374739_01_23480_23848	CP000239.1:2712108-2712762|CDS|CYA_2697	100.000	369	0	0	1	369	286	654	0.0	666
Ga0374739_01_23480_23848	CP000240.1:68550-69216|CDS|CYB_0056	86.857	350	46	0	1	350	292	641	1.87e-119	425
Ga0374739_01_24230_24499	CP000239.1:2711744-2712014|CDS|CYA_2696	100.000	270	0	0	1	270	1	270	1.34e-138	488
Ga0374739_01_24230_24499	CP000240.1:68198-68468|CDS|CYB_0055	85.448	268	39	0	1	268	1	268	2.59e-84	308
Ga0374739_02_945_1850	CP000239.1:499315-500221|CDS|CYA_0481	97.572	906	22	0	1	906	1	906	0.0	1535
Ga0374739_02_945_1850	CP000240.1:367080-367986|CDS|CYB_0349	88.300	906	106	0	1	906	1	906	0.0	1157
Ga0374739_02_1929_2318	CP000239.1:500299-500689|CDS|CYA_0482	94.615	390	21	0	1	390	1	390	8.41e-175	609
Ga0374739_02_1929_2318	CP000240.1:366609-366999|CDS|CYB_0348	87.436	390	49	0	1	390	1	390	8.42e-137	483
Ga0374739_02_2322_3107	CP000239.1:500692-501478|CDS|CYA_0483	98.219	786	14	0	1	786	1	786	0.0	1355
Ga0374739_02_2322_3107	CP000240.1:365637-366588|CDS|CYB_0347	72.935	787	209	4	2	786	167	951	4.40e-125	445
Ga0374739_02_3352_4299	CP000239.1:501722-502670|CDS|CYA_0484	95.359	948	44	0	1	948	1	948	0.0	1512
Ga0374739_02_3352_4299	CP000240.1:2012675-2013623|CDS|CYB_1929	84.672	946	145	0	2	947	2	947	0.0	1053
Ga0374739_02_4296_5714	CP000239.1:502666-504085|CDS|CYA_0485	98.872	1419	16	0	1	1419	1	1419	0.0	2488
Ga0374739_02_4296_5714	CP000240.1:2013647-2015054|CDS|CYB_1930	83.769	1417	218	2	1	1417	1	1405	0.0	1521
Ga0374739_02_5856_6770	CP000239.1:504226-505141|CDS|CYA_0486	99.016	915	9	0	1	915	1	915	0.0	1610
Ga0374739_02_5856_6770	CP000240.1:2015189-2016095|CDS|CYB_1931	80.889	900	169	1	1	900	1	897	0.0	847
Ga0374739_02_6807_7127	CP000240.1:2018590-2019751|CDS|CYB_1932	81.648	267	31	1	2	250	83	349	6.45e-74	273
Ga0374739_02_7128_7304	CP000239.1:505487-505664|CDS|CYA_0487	99.435	177	1	0	1	177	1	177	1.09e-86	315
Ga0374739_02_7594_8130	CP000239.1:505953-506490|CDS|CYA_0488	99.814	537	1	0	1	537	1	537	0.0	965
Ga0374739_02_7594_8130	CP000240.1:1484098-1484635|CDS|CYB_1415	87.945	506	61	0	1	506	1	506	0.0	638
Ga0374739_02_8140_9075	CP000239.1:506499-507435|CDS|CYA_0489	100.000	936	0	0	1	936	1	936	0.0	1689
Ga0374739_02_8140_9075	CP000240.1:1484644-1485580|CDS|CYB_1416	86.966	936	122	0	1	936	1	936	0.0	1139
Ga0374739_02_9192_9806	CP000239.1:507551-508166|CDS|CYA_0490	100.000	615	0	0	1	615	1	615	0.0	1110
Ga0374739_02_9192_9806	CP000240.1:558346-558961|CDS|CYB_0546	89.919	615	62	0	1	615	1	615	0.0	830
Ga0374739_02_9803_10426	CP000239.1:508162-508786|CDS|CYA_0491	99.840	624	1	0	1	624	1	624	0.0	1122
Ga0374739_02_9803_10426	CP000240.1:558957-559566|CDS|CYB_0547	87.894	603	72	1	20	621	5	607	0.0	755
Ga0374739_02_10587_10835	CP000239.1:508946-509195|CDS|CYA_0492	100.000	249	0	0	1	249	1	249	3.08e-127	450
Ga0374739_02_10587_10835	CP000240.1:561038-561287|CDS|CYB_0549	89.879	247	25	0	1	247	1	247	5.95e-92	334
Ga0374739_02_11119_11451	CP000239.1:509433-509811|CDS|CYA_0493	99.700	333	1	0	1	333	46	378	4.50e-171	597
Ga0374739_02_11471_11767	CP000239.1:509830-510205|CDS|CYA_0494	100.000	297	0	0	1	297	79	375	3.27e-153	536
Ga0374739_02_11471_11767	CP000240.1:561906-562269|CDS|CYB_0551	82.890	263	45	0	1	263	70	332	2.07e-73	272
Ga0374739_02_11848_12489	CP000239.1:510207-510849|CDS|CYA_0495	100.000	642	0	0	1	642	1	642	0.0	1159
Ga0374739_02_11848_12489	CP000240.1:562272-562914|CDS|CYB_0552	89.252	642	69	0	1	642	1	642	0.0	847
Ga0374739_02_12622_13923	CP000239.1:510981-512283|CDS|CYA_0496	99.923	1302	1	0	1	1302	1	1302	0.0	2344
Ga0374739_02_12622_13923	CP000240.1:563049-564351|CDS|CYB_0553	89.094	1302	142	0	1	1302	1	1302	0.0	1709
Ga0374739_02_14041_14382	CP000239.1:512400-512853|CDS|CYA_0497	100.000	342	0	0	1	342	112	453	1.42e-177	618
Ga0374739_02_14041_14382	CP000240.1:564488-564941|CDS|CYB_0554	84.503	342	53	0	1	342	112	453	2.25e-105	379
Ga0374739_02_14551_15828	CP000239.1:512910-514188|CDS|CYA_0498	99.910	1114	1	0	165	1278	165	1278	0.0	2005
Ga0374739_02_14551_15828	CP000240.1:564998-566426|CDS|CYB_0555	77.910	1177	212	8	138	1278	264	1428	0.0	958
Ga0374739_02_15863_16336	CP000239.1:512910-514188|CDS|CYA_0498	78.571	392	80	4	85	474	889	1278	3.18e-86	315
Ga0374739_02_15863_16336	CP000240.1:564998-566426|CDS|CYB_0555	77.494	391	86	2	85	474	1039	1428	2.00e-82	302
Ga0374739_02_16317_17144	CP000239.1:512910-514188|CDS|CYA_0498	89.426	766	73	4	1	762	1	762	0.0	1006
Ga0374739_02_16317_17144	CP000240.1:564998-566426|CDS|CYB_0555	77.001	787	155	5	1	762	127	912	2.24e-173	605
Ga0374739_02_17141_18538	CP000239.1:514184-515624|CDS|CYA_0499	99.428	1398	8	0	1	1398	43	1440	0.0	2486
Ga0374739_02_18711_19847	CP000239.1:515749-516856|CDS|CYA_0500	100.000	1107	0	0	31	1137	1	1107	0.0	1997
Ga0374739_02_18711_19847	CP000240.1:566646-567753|CDS|CYB_0556	87.353	1107	140	0	31	1137	1	1107	0.0	1366
Ga0374739_03_246_2357	CP000240.1:496113-498204|CDS|CYB_0484	88.858	2127	186	7	1	2112	1	2091	0.0	2782
Ga0374739_03_2645_3367	CP000239.1:1008517-1009240|CDS|CYA_0995	100.000	723	0	0	1	723	1	723	0.0	1305
Ga0374739_03_2645_3367	CP000240.1:498466-499168|CDS|CYB_0485	79.539	694	142	0	1	694	1	694	1.32e-175	612
Ga0374739_03_3367_4071	CP000239.1:1007813-1008518|CDS|CYA_0994	100.000	705	0	0	1	705	1	705	0.0	1272
Ga0374739_03_3367_4071	CP000240.1:499167-499875|CDS|CYB_0486	81.294	711	124	2	1	705	1	708	0.0	682
Ga0374739_03_4135_5253	CP000239.1:1006631-1007750|CDS|CYA_0993	99.911	1119	1	0	1	1119	1	1119	0.0	2014
Ga0374739_03_4135_5253	CP000240.1:499935-501054|CDS|CYB_0487	84.450	1119	174	0	1	1119	1	1119	0.0	1234
Ga0374739_03_5503_6624	CP000239.1:1005260-1006382|CDS|CYA_0992	98.930	1122	12	0	1	1122	1	1122	0.0	1970
Ga0374739_03_5503_6624	CP000240.1:356718-357846|CDS|CYB_0338	85.727	1093	156	0	11	1103	17	1109	0.0	1269
Ga0374739_03_6645_7553	CP000239.1:1004331-1005240|CDS|CYA_0991	95.930	909	37	0	1	909	1	909	0.0	1473
Ga0374739_03_6645_7553	CP000240.1:355764-356694|CDS|CYB_0337	86.734	897	117	2	11	906	29	924	0.0	1075
Ga0374739_03_7833_8951	CP000239.1:1002933-1004052|CDS|CYA_0990	100.000	1119	0	0	1	1119	1	1119	0.0	2019
Ga0374739_03_7833_8951	CP000240.1:354382-355504|CDS|CYB_0336	87.166	1122	141	1	1	1119	1	1122	0.0	1373
Ga0374739_03_9064_9372	CP000239.1:1001744-1002821|CDS|CYA_0989	100.000	309	0	0	1	309	769	1077	1.04e-159	558
Ga0374739_03_9064_9372	CP000240.1:353346-354255|CDS|CYB_0335	85.333	300	42	2	1	299	601	899	6.18e-93	336
Ga0374739_03_10315_11601	CP000239.1:1000283-1001570|CDS|CYA_0986	97.669	1287	30	0	1	1287	1	1287	0.0	2186
Ga0374739_03_10315_11601	CP000240.1:351714-352995|CDS|CYB_0334	93.240	1287	81	1	1	1287	1	1281	0.0	1930
Ga0374739_03_11974_13014	CP000239.1:998870-999911|CDS|CYA_0985	99.135	1041	9	0	1	1041	1	1041	0.0	1838
Ga0374739_03_11974_13014	CP000240.1:350301-351342|CDS|CYB_0333	98.367	1041	17	0	1	1041	1	1041	0.0	1801
Ga0374739_03_13128_14090	CP000239.1:997797-998757|CDS|CYA_0984	98.131	963	15	1	1	963	1	960	0.0	1654
Ga0374739_03_13128_14090	CP000240.1:349222-350188|CDS|CYB_0332	96.491	969	25	2	1	963	1	966	0.0	1594
Ga0374739_03_14228_14509	CP000239.1:996508-997660|CDS|CYA_0983	98.227	282	5	0	1	282	1	282	4.90e-138	487
Ga0374739_03_14228_14509	CP000240.1:347946-349098|CDS|CYB_0331	96.454	282	10	0	1	282	1	282	1.60e-131	464
Ga0374739_03_14567_15379	CP000240.1:347946-349098|CDS|CYB_0331	97.048	813	24	0	1	813	340	1152	0.0	1359
Ga0374739_03_14567_15379	CP000239.1:996508-997660|CDS|CYA_0983	96.917	811	25	0	3	813	342	1152	0.0	1351
Ga0374739_03_15876_16373	CP000239.1:995538-996033|CDS|CYA_0982	92.771	498	12	1	1	498	22	495	0.0	754
Ga0374739_03_15876_16373	CP000240.1:346994-347858|CDS|CYB_0330	91.453	468	16	1	1	468	106	549	0.0	682
Ga0374739_03_16444_17241	CP000240.1:2565689-2566883|CDS|CYB_2468	93.913	805	42	1	1	798	1	805	0.0	1233
Ga0374739_03_16444_17241	CP000240.1:345730-346924|CDS|CYB_0329	93.789	805	43	1	1	798	1	805	0.0	1229
Ga0374739_03_16444_17241	CP000239.1:994256-995468|CDS|CYA_0981	93.665	805	44	1	1	798	1	805	0.0	1224
Ga0374739_03_16444_17241	CP000240.1:1384265-1385459|CDS|CYB_1322	92.919	805	50	1	1	798	1	805	0.0	1197
Ga0374739_03_16444_17241	CP000240.1:2933473-2934709|CDS|CYB_2835	91.435	829	40	2	1	798	1	829	0.0	1195
Ga0374739_03_16444_17241	CP000240.1:241642-242836|CDS|CYB_0233	92.298	805	55	1	1	798	1	805	0.0	1175
Ga0374739_03_16444_17241	CP000239.1:893439-894633|CDS|CYA_0887	91.925	805	58	1	1	798	1	805	0.0	1161
Ga0374739_03_16444_17241	CP000240.1:1267756-1268992|CDS|CYB_1227	89.626	829	55	2	1	798	1	829	0.0	1127
Ga0374739_03_16444_17241	CP000240.1:2619921-2621115|CDS|CYB_2521	90.932	805	66	1	1	798	1	805	0.0	1125
Ga0374739_03_16444_17241	CP000240.1:1015074-1016268|CDS|CYB_0979	90.807	805	67	1	1	798	1	805	0.0	1121
Ga0374739_03_16444_17241	CP000240.1:2661652-2662870|CDS|CYB_2557	88.902	829	61	2	1	798	1	829	0.0	1100
Ga0374739_03_16444_17241	CP000240.1:605550-606744|CDS|CYB_0598	90.186	805	72	1	1	798	1	805	0.0	1098
Ga0374739_03_16444_17241	CP000239.1:629980-631174|CDS|CYA_0620	90.062	805	73	1	1	798	1	805	0.0	1094
Ga0374739_03_16444_17241	CP000240.1:1842322-1843549|CDS|CYB_1759	88.661	829	63	2	1	798	1	829	0.0	1091
Ga0374739_03_16444_17241	CP000240.1:629484-630702|CDS|CYB_0620	88.661	829	63	2	1	798	1	829	0.0	1091
Ga0374739_03_16444_17241	CP000240.1:481588-482800|CDS|CYB_0472	89.938	805	74	1	1	798	1	805	0.0	1089
Ga0374739_03_16444_17241	CP000240.1:1244785-1246021|CDS|CYB_1201	87.575	829	72	2	1	798	1	829	0.0	1050
Ga0374739_03_16444_17241	CP000239.1:698055-699204|CDS|CYA_0690	87.455	829	73	2	1	798	1	829	0.0	1046
Ga0374739_03_16444_17241	CP000239.1:1594889-1596107|CDS|CYA_1585	88.476	807	82	3	1	798	1	805	0.0	1033
Ga0374739_03_16444_17241	CP000240.1:1316312-1317548|CDS|CYB_1259	87.237	807	92	3	1	798	1	805	0.0	988
Ga0374739_03_16444_17241	CP000240.1:2247371-2248565|CDS|CYB_2147	87.113	807	93	3	1	798	1	805	0.0	984
Ga0374739_03_16444_17241	CP000240.1:1190675-1191869|CDS|CYB_1151	85.874	807	103	3	1	798	1	805	0.0	939
Ga0374739_03_16444_17241	CP000240.1:2644164-2645358|CDS|CYB_2538	85.006	807	110	3	1	798	1	805	0.0	907
Ga0374739_03_16444_17241	CP000239.1:2170714-2171908|CDS|CYA_2158	85.006	807	110	3	1	798	1	805	0.0	907
Ga0374739_03_16444_17241	CP000239.1:774779-775973|CDS|CYA_0767	85.006	807	110	3	1	798	1	805	0.0	907
Ga0374739_03_16444_17241	CP000240.1:1064975-1066169|CDS|CYB_1023	84.882	807	111	3	1	798	1	805	0.0	902
Ga0374739_03_16444_17241	CP000240.1:1954838-1956056|CDS|CYB_1872	83.032	831	106	4	1	798	1	829	0.0	877
Ga0374739_03_16444_17241	CP000240.1:638632-639850|CDS|CYB_0630	82.871	829	111	2	1	798	1	829	0.0	875
Ga0374739_03_16444_17241	CP000240.1:52430-53648|CDS|CYB_0041	82.792	831	108	4	1	798	1	829	0.0	868
Ga0374739_03_16444_17241	CP000240.1:1803089-1804283|CDS|CYB_1722	83.727	805	124	1	1	798	1	805	0.0	864
Ga0374739_03_16444_17241	CP000240.1:2168360-2169515|CDS|CYB_2071	83.600	811	114	5	1	798	1	805	0.0	858
Ga0374739_03_16444_17241	CP000240.1:2210858-2212052|CDS|CYB_2117	83.643	807	121	3	1	798	1	805	0.0	857
Ga0374739_03_16444_17241	CP000240.1:1521392-1522610|CDS|CYB_1450	82.310	831	112	4	1	798	1	829	0.0	850
Ga0374739_03_16444_17241	CP000240.1:3008652-3009870|CDS|CYB_2910	82.190	831	113	4	1	798	1	829	0.0	846
Ga0374739_03_16444_17241	CP000240.1:2553363-2554557|CDS|CYB_2454	83.147	807	125	3	1	798	1	805	0.0	839
Ga0374739_03_16444_17241	CP000239.1:712444-713638|CDS|CYA_0704	83.024	807	126	3	1	798	1	805	0.0	835
Ga0374739_03_16444_17241	CP000240.1:1358129-1359347|CDS|CYB_1297	81.468	831	119	4	1	798	1	829	0.0	819
Ga0374739_03_16444_17241	CP000240.1:2796782-2798000|CDS|CYB_2707	81.348	831	120	4	1	798	1	829	0.0	814
Ga0374739_03_16444_17241	CP000240.1:102811-104029|CDS|CYB_0087	81.348	831	120	4	1	798	1	829	0.0	814
Ga0374739_03_16444_17241	CP000240.1:2128026-2129220|CDS|CYB_2026	84.438	739	111	2	1	737	1	737	0.0	810
Ga0374739_03_16444_17241	CP000240.1:1083184-1084426|CDS|CYB_1042	80.117	855	111	5	1	798	1	853	0.0	807
Ga0374739_03_16444_17241	CP000240.1:2830275-2831565|CDS|CYB_2735	80.000	855	112	5	1	798	1	853	0.0	802
Ga0374739_03_16444_17241	CP000240.1:2219258-2220470|CDS|CYB_2126	82.162	740	126	2	1	737	1	737	0.0	737
Ga0374739_03_16444_17241	CP000240.1:1763450-1764623|CDS|CYB_1688	82.027	740	127	2	1	737	1	737	0.0	732
Ga0374739_03_16444_17241	CP000239.1:693322-694534|CDS|CYA_0687	81.516	752	133	2	1	749	1	749	0.0	727
Ga0374739_03_16444_17241	CP000240.1:2506708-2507857|CDS|CYB_2410	74.865	927	102	8	1	798	1	925	0.0	704
Ga0374739_03_16444_17241	CP000240.1:1917270-1918464|CDS|CYB_1826	81.081	740	134	2	1	737	1	737	0.0	700
Ga0374739_03_16444_17241	CP000239.1:88305-89487|CDS|CYA_0091	76.609	808	176	5	1	798	1	805	3.91e-170	595
Ga0374739_03_17970_18182	CP000239.1:993658-993928|CDS|CYA_0979	100.000	198	0	0	1	198	198	1	1.26e-99	358
Ga0374739_03_17970_18182	CP000240.1:2806083-2806359|CDS|CYB_2713	81.726	197	36	0	2	198	197	1	3.16e-50	194
Ga0374739_03_18138_18254	CP000239.1:993658-993928|CDS|CYA_0979	99.145	117	1	0	1	117	154	270	2.51e-54	207
Ga0374739_03_18138_18254	CP000240.1:2806083-2806359|CDS|CYB_2713	80.899	89	17	0	1	89	154	242	2.06e-17	85.1
Ga0374739_03_18266_19390	CP000239.1:992522-993647|CDS|CYA_0978	99.911	1125	1	0	1	1125	1	1125	0.0	2025
Ga0374739_03_18266_19390	CP000240.1:3024714-3025836|CDS|CYB_2926	80.195	1131	209	10	1	1125	1	1122	0.0	999
Ga0374739_04_10_945	CP000240.1:614651-615956|CDS|CYB_0604	95.192	936	45	0	1	936	370	1305	0.0	1486
Ga0374739_04_10_945	CP000239.1:902015-903320|CDS|CYA_0894	94.124	936	55	0	1	936	370	1305	0.0	1441
Ga0374739_04_1413_2240	CP000239.1:900648-901476|CDS|CYA_0893	89.614	828	86	0	1	828	1	828	0.0	1106
Ga0374739_04_1413_2240	CP000240.1:613302-614130|CDS|CYB_0603	87.242	823	105	0	1	823	1	823	0.0	1012
Ga0374739_04_2400_4397	CP000239.1:898479-900489|CDS|CYA_0892	96.667	2010	55	1	1	1998	1	2010	0.0	3330
Ga0374739_04_2400_4397	CP000240.1:611236-613234|CDS|CYB_0602	91.892	1998	162	0	1	1998	1	1998	0.0	2874
Ga0374739_04_4469_5305	CP000239.1:897553-898417|CDS|CYA_0891	89.449	853	66	1	1	829	1	853	0.0	1150
Ga0374739_04_4469_5305	CP000240.1:610277-611165|CDS|CYB_0601	85.633	877	78	1	1	829	1	877	0.0	1053
Ga0374739_04_4469_5305	CP000239.1:625839-626682|CDS|CYA_0616	70.198	708	185	11	61	755	73	767	1.26e-81	300
Ga0374739_04_4469_5305	CP000240.1:48230-49073|CDS|CYB_0038	69.915	708	187	11	61	755	73	767	6.53e-79	291
Ga0374739_04_5343_6272	CP000239.1:896417-897338|CDS|CYA_0890	88.352	910	104	2	1	909	1	909	0.0	1157
Ga0374739_04_5343_6272	CP000240.1:608338-609307|CDS|CYB_0599	81.796	835	150	2	79	912	127	960	0.0	814
Ga0374739_04_6402_7808	CP000240.1:606715-608173|CDS|CYB_0597	78.495	1409	267	6	1	1376	1	1406	0.0	1181
Ga0374739_04_9311_10462	CP000239.1:887771-888923|CDS|CYA_0883	95.052	1152	57	0	1	1152	1	1152	0.0	1821
Ga0374739_04_9311_10462	CP000240.1:603174-604356|CDS|CYB_0596	93.503	1139	74	0	14	1152	44	1182	0.0	1721
Ga0374739_04_10887_13187	CP000239.1:885046-887242|CDS|CYA_0882	98.998	2196	22	0	106	2301	1	2196	0.0	3862
Ga0374739_04_10887_13187	CP000240.1:600443-602654|CDS|CYB_0595	87.218	2214	262	5	106	2301	1	2211	0.0	2714
Ga0374739_04_13187_13900	CP000239.1:884333-885047|CDS|CYA_0881	99.580	714	3	0	1	714	1	714	0.0	1275
Ga0374739_04_13187_13900	CP000240.1:599721-600444|CDS|CYB_0594	85.339	723	97	1	1	714	1	723	0.0	830
Ga0374739_04_13900_15123	CP000239.1:883110-884334|CDS|CYA_0880	99.755	1224	3	0	1	1224	1	1224	0.0	2195
Ga0374739_04_13900_15123	CP000240.1:598489-599722|CDS|CYB_0593	86.050	1233	163	1	1	1224	1	1233	0.0	1452
Ga0374739_04_15120_15560	CP000240.1:598052-598493|CDS|CYB_0592	99.773	441	1	0	1	441	1	441	0.0	792
Ga0374739_04_15120_15560	CP000239.1:882667-883114|CDS|CYA_0879	85.202	446	60	1	1	440	1	446	2.41e-144	508
Ga0374739_04_15564_16211	CP000240.1:597401-598049|CDS|CYB_0591	99.537	648	3	0	1	648	1	648	0.0	1156
Ga0374739_04_16231_17073	CP000239.1:881676-882519|CDS|CYA_0877	99.644	843	3	0	1	843	1	843	0.0	1508
Ga0374739_04_16231_17073	CP000240.1:596530-597382|CDS|CYB_0590	87.441	852	98	1	1	843	1	852	0.0	1058
Ga0374739_04_17128_18108	CP000239.1:880647-881622|CDS|CYA_0876	94.699	981	46	1	1	981	1	975	0.0	1536
Ga0374739_04_17128_18108	CP000240.1:595383-596364|CDS|CYB_0589	92.661	981	72	0	1	981	1	981	0.0	1445
Ga0374739_04_18105_18581	CP000239.1:880192-880651|CDS|CYA_0875	88.470	477	37	1	1	477	1	459	1.35e-179	625
Ga0374739_04_18105_18581	CP000240.1:594934-595387|CDS|CYB_0588	79.531	469	78	1	1	469	1	451	2.45e-119	425
Ga0374739_05_461_805	CP000239.1:1151588-1151933|CDS|CYA_1125	99.710	345	1	0	1	345	1	345	1.43e-177	618
Ga0374739_05_461_805	CP000240.1:1378425-1378770|CDS|CYB_1316	82.267	344	61	0	1	344	1	344	1.34e-95	346
Ga0374739_05_937_1248	CP000239.1:1151169-1151457|CDS|CYA_1124	100.000	288	0	0	25	312	1	288	2.65e-148	520
Ga0374739_05_937_1248	CP000240.1:449104-449419|CDS|CYB_0439	85.315	286	41	1	17	301	17	302	3.94e-89	324
Ga0374739_05_1252_1998	CP000239.1:1150394-1151141|CDS|CYA_1123	100.000	747	0	0	1	747	1	747	0.0	1348
Ga0374739_05_1252_1998	CP000240.1:448354-449101|CDS|CYB_0438	86.193	746	103	0	1	746	1	746	0.0	882
Ga0374739_05_2074_2919	CP000239.1:1149395-1150319|CDS|CYA_1122	100.000	846	0	0	1	846	79	924	0.0	1526
Ga0374739_05_2074_2919	CP000240.1:447348-448278|CDS|CYB_0437	85.060	830	124	0	1	830	79	908	0.0	939
Ga0374739_05_3542_5770	CP000239.1:1146622-1148851|CDS|CYA_1120	99.821	2229	4	0	1	2229	1	2229	0.0	4002
Ga0374739_05_3542_5770	CP000240.1:1140272-1142549|CDS|CYB_1106	81.105	2244	374	9	1	2204	1	2234	0.0	2140
Ga0374739_05_5793_6245	CP000239.1:1146147-1146600|CDS|CYA_1119	99.558	453	2	0	1	453	1	453	0.0	809
Ga0374739_05_6659_7111	CP000239.1:1145281-1145773|CDS|CYA_1118	100.000	453	0	0	1	453	40	492	0.0	818
Ga0374739_05_6659_7111	CP000240.1:1435802-1436294|CDS|CYB_1365	85.343	423	56	1	2	424	41	457	2.83e-137	485
Ga0374739_05_7192_8712	CP000239.1:1143680-1145201|CDS|CYA_1116	99.737	1521	4	0	1	1521	1	1521	0.0	2726
Ga0374739_05_7192_8712	CP000240.1:1434171-1435719|CDS|CYB_1363	86.281	1487	198	3	13	1493	13	1499	0.0	1755
Ga0374739_05_8709_9032	CP000239.1:1143360-1143684|CDS|CYA_1117	100.000	324	0	0	1	324	1	324	7.90e-168	585
Ga0374739_05_8709_9032	CP000240.1:1433860-1434175|CDS|CYB_1364	78.595	299	64	0	1	299	1	299	2.13e-67	251
Ga0374739_05_9192_9482	CP000240.1:1433358-1433664|CDS|CYB_1362	95.533	291	13	0	1	291	16	306	4.75e-132	467
Ga0374739_05_9192_9482	CP000239.1:1142910-1143216|CDS|CYA_1114	95.189	291	14	0	1	291	16	306	5.78e-131	462
Ga0374739_05_9540_10172	CP000240.1:1432668-1433301|CDS|CYB_1361	91.627	633	53	0	1	633	1	633	0.0	903
Ga0374739_05_9540_10172	CP000239.1:1142038-1142671|CDS|CYA_1113	88.152	633	75	0	1	633	1	633	0.0	804
Ga0374739_05_10298_11452	CP000240.1:559712-560867|CDS|CYB_0548	94.113	1155	68	0	1	1155	1	1155	0.0	1777
Ga0374739_05_10298_11452	CP000240.1:2745261-2746416|CDS|CYB_2657	93.420	1155	76	0	1	1155	1	1155	0.0	1741
Ga0374739_05_10298_11452	CP000240.1:2789871-2791026|CDS|CYB_2701	93.333	1155	77	0	1	1155	1	1155	0.0	1737
Ga0374739_05_10298_11452	CP000240.1:1235562-1236717|CDS|CYB_1195	92.987	1155	81	0	1	1155	1	1155	0.0	1718
Ga0374739_05_10298_11452	CP000240.1:269596-270751|CDS|CYB_0258	92.208	1155	90	0	1	1155	1	1155	0.0	1678
Ga0374739_05_10298_11452	CP000240.1:95175-96330|CDS|CYB_0081	91.775	1155	95	0	1	1155	1	1155	0.0	1655
Ga0374739_05_10298_11452	CP000240.1:1824951-1826106|CDS|CYB_1742	90.823	1155	106	0	1	1155	1	1155	0.0	1606
Ga0374739_05_12011_13033	CP000240.1:1431557-1432418|CDS|CYB_1360	99.277	830	6	0	194	1023	32	861	0.0	1471
Ga0374739_05_13110_13883	CP000240.1:1430707-1431481|CDS|CYB_1359	98.450	774	12	0	1	774	1	774	0.0	1342
Ga0374739_05_13917_15005	CP000240.1:1429581-1430670|CDS|CYB_1358	93.021	1089	76	0	1	1089	1	1089	0.0	1622
Ga0374739_05_13917_15005	CP000239.1:1140937-1142029|CDS|CYA_1112	91.605	1084	91	0	1	1084	1	1084	0.0	1545
Ga0374739_06_80_2896	CP000240.1:1349486-1352222|CDS|CYB_1293	94.788	2782	98	5	37	2817	1	2736	0.0	4384
Ga0374739_06_80_2896	CP000239.1:1029767-1032461|CDS|CYA_1012	73.573	2138	506	13	672	2802	594	2679	0.0	1304
Ga0374739_06_2942_5689	CP000240.1:1352303-1355057|CDS|CYB_1294	98.293	2754	41	1	1	2748	1	2754	0.0	4756
Ga0374739_06_2942_5689	CP000239.1:1029767-1032461|CDS|CYA_1012	72.483	2751	677	21	1	2744	1	2678	0.0	1526
Ga0374739_06_5694_7748	CP000240.1:1355061-1357113|CDS|CYB_1295	97.080	2055	57	1	1	2055	1	2052	0.0	3434
Ga0374739_06_5694_7748	CP000240.1:476535-478557|CDS|CYB_0469	96.492	1967	69	0	1	1967	1	1967	0.0	3237
Ga0374739_06_5694_7748	CP000239.1:1027703-1029731|CDS|CYA_1011	73.590	1897	463	18	137	2014	149	2026	0.0	1116
Ga0374739_06_10016_10126	CP000240.1:480812-480956|CDS|CYB_0471	100.000	99	0	0	1	99	99	1	3.27e-46	179
Ga0374739_06_10016_10126	CP000240.1:1348754-1349453|CDS|CYB_1292	89.691	97	10	0	2	98	125	29	1.48e-31	131
Ga0374739_06_10016_10126	CP000239.1:1032527-1033253|CDS|CYA_1013	87.879	99	11	1	2	99	152	54	7.69e-29	122
Ga0374739_06_11668_12618	CP000239.1:1025027-1025978|CDS|CYA_1008	94.427	951	53	0	1	951	1	951	0.0	1477
Ga0374739_06_11668_12618	CP000240.1:483698-484709|CDS|CYB_0474	90.516	949	90	0	1	949	46	994	0.0	1306
Ga0374739_06_12729_13262	CP000240.1:484804-485320|CDS|CYB_0475	76.136	528	108	4	1	528	1	510	8.46e-107	383
Ga0374739_07_459_1796	CP000239.1:2923161-2924511|CDS|CYA_2899	100.000	1338	0	0	1	1338	13	1350	0.0	2414
Ga0374739_07_459_1796	CP000240.1:91834-93184|CDS|CYB_0079	87.818	1338	163	0	1	1338	13	1350	0.0	1679
Ga0374739_07_1953_3341	CP000239.1:2921617-2922979|CDS|CYA_2897	99.633	1362	5	0	28	1389	1	1362	0.0	2434
Ga0374739_07_1953_3341	CP000240.1:1758619-1759954|CDS|CYB_1683	88.046	1305	156	0	28	1332	1	1305	0.0	1651
Ga0374739_07_3721_5097	CP000239.1:2919861-2921238|CDS|CYA_2895	100.000	1377	0	0	1	1377	1	1377	0.0	2484
Ga0374739_07_3721_5097	CP000240.1:1715960-1717340|CDS|CYB_1644	82.404	1381	238	4	1	1377	1	1380	0.0	1382
Ga0374739_07_5333_6256	CP000239.1:2918702-2919626|CDS|CYA_2894	100.000	924	0	0	1	924	1	924	0.0	1667
Ga0374739_07_5333_6256	CP000240.1:1717558-1718482|CDS|CYB_1645	85.390	924	135	0	1	924	1	924	0.0	1058
Ga0374739_07_6262_7008	CP000239.1:2917950-2918697|CDS|CYA_2893	99.866	747	1	0	1	747	1	747	0.0	1343
Ga0374739_07_6262_7008	CP000240.1:1718487-1719234|CDS|CYB_1646	91.117	743	66	0	1	743	1	743	0.0	1043
Ga0374739_07_7168_7776	CP000239.1:2917182-2917791|CDS|CYA_2892	100.000	609	0	0	1	609	1	609	0.0	1099
Ga0374739_07_7168_7776	CP000240.1:1719272-1719872|CDS|CYB_1647	89.000	600	66	0	10	609	1	600	0.0	785
Ga0374739_07_7801_9027	CP000239.1:2915931-2917158|CDS|CYA_2891	100.000	1227	0	0	1	1227	1	1227	0.0	2214
Ga0374739_07_7801_9027	CP000240.1:1719940-1721137|CDS|CYB_1648	88.556	1101	124	2	13	1112	4	1103	0.0	1411
Ga0374739_07_9377_10696	CP000239.1:2914271-2915582|CDS|CYA_2890	98.225	1296	23	0	25	1320	16	1311	0.0	2234
Ga0374739_07_9377_10696	CP000240.1:1721266-1722577|CDS|CYB_1649	87.188	1280	164	0	25	1304	16	1295	0.0	1570
Ga0374739_07_10730_10978	CP000240.1:1722667-1727377|CDS|CYB_1650	82.329	249	44	0	1	249	4462	4710	1.60e-67	251
Ga0374739_07_10730_10978	CP000239.1:2909516-2914181|CDS|CYA_2889	82.329	249	44	0	1	249	4417	4665	1.60e-67	251
Ga0374739_07_12109_12441	CP000240.1:1722667-1727377|CDS|CYB_1650	83.067	313	45	3	16	327	91	396	5.15e-88	320
Ga0374739_07_12109_12441	CP000239.1:2909516-2914181|CDS|CYA_2889	81.731	312	45	2	16	327	91	390	3.25e-84	308
Ga0374739_08_146_601	CP000239.1:2153019-2153475|CDS|CYA_2140	99.561	456	2	0	1	456	1	456	0.0	814
Ga0374739_08_146_601	CP000240.1:546439-546901|CDS|CYB_0532	82.103	447	74	1	16	456	16	462	7.16e-126	447
Ga0374739_08_758_1678	CP000239.1:2151942-2152863|CDS|CYA_2138	100.000	921	0	0	1	921	1	921	0.0	1662
Ga0374739_08_758_1678	CP000240.1:547074-547995|CDS|CYB_0533	88.925	921	102	0	1	921	1	921	0.0	1202
Ga0374739_08_1906_2712	CP000239.1:2150920-2151715|CDS|CYA_2137	100.000	795	0	0	13	807	1	795	0.0	1434
Ga0374739_08_1906_2712	CP000240.1:548801-549620|CDS|CYB_0534	85.104	772	115	0	36	807	48	819	0.0	875
Ga0374739_08_2719_4215	CP000239.1:2149405-2150902|CDS|CYA_2136	99.933	1497	1	0	1	1497	1	1497	0.0	2696
Ga0374739_08_2719_4215	CP000240.1:549635-551156|CDS|CYB_0535	84.752	1515	207	2	1	1491	1	1515	0.0	1704
Ga0374739_08_4320_4895	CP000239.1:2148725-2149301|CDS|CYA_2135	100.000	576	0	0	1	576	1	576	0.0	1040
Ga0374739_08_4320_4895	CP000240.1:551296-551845|CDS|CYB_0536	85.505	545	79	0	1	545	1	545	4.72e-180	627
Ga0374739_08_4981_6027	CP000239.1:2147593-2148640|CDS|CYA_2134	100.000	1047	0	0	1	1047	1	1047	0.0	1889
Ga0374739_08_4981_6027	CP000240.1:1009688-1010732|CDS|CYB_0974	82.046	1036	183	1	1	1036	1	1033	0.0	1029
Ga0374739_08_6373_6912	CP000239.1:2146708-2147455|CDS|CYA_2132	91.111	540	48	0	1	540	208	747	0.0	758
Ga0374739_08_6373_6912	CP000240.1:1008789-1009407|CDS|CYB_0973	83.889	540	87	0	1	540	79	618	1.65e-166	582
Ga0374739_08_7101_7607	CP000239.1:2145878-2146520|CDS|CYA_2131	99.803	507	1	0	1	507	136	642	0.0	911
Ga0374739_08_7101_7607	CP000240.1:1008125-1008764|CDS|CYB_0972	78.469	418	83	2	1	413	118	533	2.01e-95	346
Ga0374739_08_7788_8321	CP000239.1:2145308-2145833|CDS|CYA_2130	100.000	525	0	0	10	534	1	525	0.0	948
Ga0374739_08_7788_8321	CP000240.1:1007583-1008108|CDS|CYB_0971	87.843	510	62	0	10	519	1	510	0.0	641
Ga0374739_08_8430_9596	CP000239.1:2144129-2145191|CDS|CYA_2128	100.000	1062	0	0	106	1167	1	1062	0.0	1916
Ga0374739_08_8430_9596	CP000240.1:2775855-2776917|CDS|CYB_2690	79.512	1025	210	0	106	1130	1	1025	0.0	902
Ga0374739_08_9653_11320	CP000239.1:2141367-2143968|CDS|CYA_2127	98.981	1668	17	0	1	1668	934	2601	0.0	2932
Ga0374739_08_9653_11320	CP000240.1:2772842-2775443|CDS|CYB_2688	88.161	1664	197	0	1	1664	934	2597	0.0	2113
Ga0374739_09_527_895	CP000240.1:2750791-2751199|CDS|CYB_2663	99.729	369	1	0	1	369	40	408	0.0	662
Ga0374739_09_527_895	CP000240.1:2182109-2182517|CDS|CYB_2086	99.729	369	1	0	1	369	40	408	0.0	662
Ga0374739_09_527_895	CP000240.1:1332150-1332558|CDS|CYB_1275	99.729	369	1	0	1	369	40	408	0.0	662
Ga0374739_09_527_895	CP000240.1:214453-214861|CDS|CYB_0203	99.729	369	1	0	1	369	40	408	0.0	662
Ga0374739_09_527_895	CP000240.1:210759-211167|CDS|CYB_0198	99.729	369	1	0	1	369	40	408	0.0	662
Ga0374739_09_527_895	CP000240.1:2692187-2692595|CDS|CYB_2591	99.458	369	2	0	1	369	40	408	0.0	657
Ga0374739_09_527_895	CP000240.1:2505835-2506243|CDS|CYB_2408	99.458	369	2	0	1	369	40	408	0.0	657
Ga0374739_09_527_895	CP000240.1:2353707-2354115|CDS|CYB_2249	99.458	369	2	0	1	369	40	408	0.0	657
Ga0374739_09_527_895	CP000240.1:2165635-2166043|CDS|CYB_2068	99.458	369	2	0	1	369	40	408	0.0	657
Ga0374739_09_527_895	CP000240.1:1639015-1639423|CDS|CYB_1566	99.458	369	2	0	1	369	40	408	0.0	657
Ga0374739_09_527_895	CP000240.1:1128193-1128601|CDS|CYB_1093	99.458	369	2	0	1	369	40	408	0.0	657
Ga0374739_09_527_895	CP000240.1:2728785-2729193|CDS|CYB_2639	99.187	369	3	0	1	369	40	408	0.0	653
Ga0374739_09_527_895	CP000240.1:2571340-2571748|CDS|CYB_2475	99.187	369	3	0	1	369	40	408	0.0	653
Ga0374739_09_527_895	CP000240.1:651866-652274|CDS|CYB_0641	99.187	369	3	0	1	369	40	408	0.0	653
Ga0374739_09_527_895	CP000240.1:65861-66269|CDS|CYB_0052	99.187	369	3	0	1	369	40	408	0.0	653
Ga0374739_09_527_895	CP000240.1:1839104-1839512|CDS|CYB_1755	98.916	369	4	0	1	369	40	408	0.0	648
Ga0374739_09_527_895	CP000240.1:1750145-1750553|CDS|CYB_1672	98.916	369	4	0	1	369	40	408	0.0	648
Ga0374739_09_892_1269	CP000240.1:2692552-2692930|CDS|CYB_2592	100.000	378	0	0	1	378	1	378	0.0	682
Ga0374739_09_892_1269	CP000240.1:2505500-2505878|CDS|CYB_2407	100.000	378	0	0	1	378	1	378	0.0	682
Ga0374739_09_892_1269	CP000240.1:2354072-2354450|CDS|CYB_2250	100.000	378	0	0	1	378	1	378	0.0	682
Ga0374739_09_892_1269	CP000240.1:2165300-2165678|CDS|CYB_2067	100.000	378	0	0	1	378	1	378	0.0	682
Ga0374739_09_892_1269	CP000240.1:1839469-1839847|CDS|CYB_1756	100.000	378	0	0	1	378	1	378	0.0	682
Ga0374739_09_892_1269	CP000240.1:1127858-1128236|CDS|CYB_1092	100.000	378	0	0	1	378	1	378	0.0	682
Ga0374739_09_892_1269	CP000240.1:2750456-2750834|CDS|CYB_2662	99.735	378	1	0	1	378	1	378	0.0	678
Ga0374739_09_892_1269	CP000240.1:2728450-2728828|CDS|CYB_2638	99.735	378	1	0	1	378	1	378	0.0	678
Ga0374739_09_892_1269	CP000240.1:2571005-2571383|CDS|CYB_2474	99.735	378	1	0	1	378	1	378	0.0	678
Ga0374739_09_892_1269	CP000240.1:2181774-2182152|CDS|CYB_2085	99.735	378	1	0	1	378	1	378	0.0	678
Ga0374739_09_892_1269	CP000240.1:1750510-1750888|CDS|CYB_1673	99.735	378	1	0	1	378	1	378	0.0	678
Ga0374739_09_892_1269	CP000240.1:1639380-1639758|CDS|CYB_1567	99.735	378	1	0	1	378	1	378	0.0	678
Ga0374739_09_892_1269	CP000240.1:1332515-1332893|CDS|CYB_1276	99.735	378	1	0	1	378	1	378	0.0	678
Ga0374739_09_892_1269	CP000240.1:214818-215196|CDS|CYB_0204	99.735	378	1	0	1	378	1	378	0.0	678
Ga0374739_09_892_1269	CP000240.1:210424-210802|CDS|CYB_0197	99.735	378	1	0	1	378	1	378	0.0	678
Ga0374739_09_892_1269	CP000240.1:66226-66604|CDS|CYB_0053	99.735	378	1	0	1	378	1	378	0.0	678
Ga0374739_09_2790_3080	CP000240.1:936729-937020|CDS|CYB_0907	99.656	291	1	0	1	291	1	291	2.46e-148	521
Ga0374739_09_4152_4652	CP000240.1:935938-936439|CDS|CYB_0906	100.000	501	0	0	1	501	1	501	0.0	904
Ga0374739_09_4152_4652	CP000239.1:1632070-1632571|CDS|CYA_1629	82.004	489	88	0	1	489	1	489	9.01e-138	486
Ga0374739_09_4790_5368	CP000240.1:935222-935801|CDS|CYB_0905	97.064	579	17	0	1	579	1	579	0.0	968
Ga0374739_09_4790_5368	CP000239.1:645673-646252|CDS|CYA_0634	83.741	572	93	0	1	572	1	572	1.05e-175	613
Ga0374739_09_5386_5838	CP000240.1:934707-935205|CDS|CYB_0904	98.896	453	5	0	1	453	46	498	0.0	795
Ga0374739_09_5386_5838	CP000239.1:645186-645657|CDS|CYA_0633	86.305	387	53	0	67	453	85	471	1.13e-129	460
Ga0374739_09_6240_6902	CP000240.1:933677-934340|CDS|CYB_0901	97.587	663	16	0	1	663	1	663	0.0	1124
Ga0374739_09_6240_6902	CP000239.1:643785-644448|CDS|CYA_0632	81.146	663	125	0	1	663	1	663	0.0	633
Ga0374739_09_6929_7732	CP000240.1:932847-933651|CDS|CYB_0900	99.129	804	7	0	1	804	1	804	0.0	1419
Ga0374739_09_6929_7732	CP000239.1:642958-643759|CDS|CYA_0631	74.876	804	156	6	1	804	1	758	3.45e-158	554
Ga0374739_09_8208_8462	CP000240.1:931956-932838|CDS|CYB_0899	95.812	191	8	0	64	254	691	881	6.97e-85	309
Ga0374739_09_8208_8462	CP000239.1:953466-954468|CDS|CYA_0943	82.723	191	33	0	64	254	811	1001	1.11e-50	196
Ga0374739_09_8474_9505	CP000240.1:929855-930989|CDS|CYB_0897	96.512	1032	18	1	1	1032	121	1134	0.0	1711
Ga0374739_09_8474_9505	CP000239.1:951485-952631|CDS|CYA_0941	79.465	1047	179	7	1	1032	121	1146	0.0	921
Ga0374739_09_9585_10151	CP000240.1:931014-931674|CDS|CYB_0898	99.414	512	3	0	1	512	55	566	0.0	911
Ga0374739_09_9585_10151	CP000239.1:952657-953323|CDS|CYA_0942	74.904	522	116	5	1	513	58	573	2.76e-94	343
Ga0374739_09_10066_10755	CP000240.1:931956-932838|CDS|CYB_0899	96.552	667	17	1	7	667	1	667	0.0	1101
Ga0374739_09_10066_10755	CP000239.1:953466-954468|CDS|CYA_0943	76.480	608	129	3	2	596	110	716	2.59e-127	452
Ga0374739_10_1671_2051	CP000239.1:2931983-2932364|CDS|CYA_2904	100.000	381	0	0	1	381	1	381	0.0	688
Ga0374739_10_1671_2051	CP000240.1:3045884-3046286|CDS|CYB_2941	87.006	354	46	0	1	354	1	354	1.30e-121	432
Ga0374739_10_2142_2282	CP000239.1:2932454-2932595|CDS|CYA_2905	100.000	141	0	0	1	141	1	141	6.91e-69	255
Ga0374739_10_2142_2282	CP000240.1:3046379-3046520|CDS|CYB_2942	93.617	141	9	0	1	141	1	141	2.12e-56	214
Ga0374739_10_2524_3927	CP000239.1:70-1474|CDS|CYA_0001	98.932	1404	15	0	1	1404	1	1404	0.0	2465
Ga0374739_10_2524_3927	CP000240.1:63-1467|CDS|CYB_0001	87.892	1404	170	0	1	1404	1	1404	0.0	1766
Ga0374739_10_4098_4787	CP000239.1:1644-2334|CDS|CYA_0003	100.000	690	0	0	1	690	1	690	0.0	1245
Ga0374739_10_4098_4787	CP000240.1:1492-2317|CDS|CYB_0002	82.754	690	113	1	1	690	142	825	0.0	710
Ga0374739_10_4784_5605	CP000239.1:2330-3152|CDS|CYA_0002	99.878	822	1	0	1	822	1	822	0.0	1479
Ga0374739_10_4784_5605	CP000240.1:2442-3264|CDS|CYB_0003	84.146	820	130	0	1	820	1	820	0.0	893
Ga0374739_10_5709_7595	CP000239.1:3255-5142|CDS|CYA_0004	99.947	1887	1	0	1	1887	1	1887	0.0	3399
Ga0374739_10_5709_7595	CP000240.1:3371-5294|CDS|CYB_0004	88.070	1886	213	1	1	1874	1	1886	0.0	2394
Ga0374739_10_7721_8596	CP000239.1:5267-6143|CDS|CYA_0005	99.886	876	1	0	1	876	1	876	0.0	1576
Ga0374739_10_7721_8596	CP000240.1:5430-6306|CDS|CYB_0005	89.714	875	90	0	1	875	1	875	0.0	1173
Ga0374739_10_8933_9472	CP000239.1:6353-7019|CDS|CYA_0007	100.000	540	0	0	1	540	127	666	0.0	975
Ga0374739_10_8933_9472	CP000240.1:6532-7120|CDS|CYB_0007	83.978	543	81	1	4	540	46	588	1.11e-168	589
Ga0374739_11_142_888	CP000240.1:2217974-2218721|CDS|CYB_2125	96.787	747	24	0	1	747	1	747	0.0	1240
Ga0374739_11_142_888	CP000239.1:692082-692787|CDS|CYA_0686	97.589	705	17	0	43	747	1	705	0.0	1196
Ga0374739_11_960_1784	CP000239.1:691105-691969|CDS|CYA_0685	98.424	825	13	0	1	825	40	864	0.0	1430
Ga0374739_11_960_1784	CP000240.1:2217039-2217903|CDS|CYB_2124	96.606	825	28	0	1	825	40	864	0.0	1362
Ga0374739_11_2364_3239	CP000239.1:689689-690649|CDS|CYA_0684	99.543	876	4	0	1	876	85	960	0.0	1563
Ga0374739_11_2364_3239	CP000240.1:2215663-2216611|CDS|CYB_2123	97.831	876	19	0	1	876	73	948	0.0	1495
Ga0374739_11_2364_3239	CP000239.1:677063-678011|CDS|CYA_0667	84.088	861	137	0	16	876	88	948	0.0	936
Ga0374739_11_3289_3999	CP000239.1:688929-689640|CDS|CYA_0683	99.156	711	6	0	1	711	1	711	0.0	1256
Ga0374739_11_3289_3999	CP000240.1:2214903-2215566|CDS|CYB_2122	99.548	663	3	0	49	711	1	663	0.0	1183
Ga0374739_11_3289_3999	CP000239.1:676303-677014|CDS|CYA_0666	87.201	711	91	0	1	711	1	711	0.0	873
Ga0374739_11_4146_4688	CP000239.1:688252-688795|CDS|CYA_0681	99.816	543	1	0	1	543	1	543	0.0	976
Ga0374739_11_4146_4688	CP000240.1:2214226-2214769|CDS|CYB_2120	96.501	543	19	0	1	543	1	543	0.0	894
Ga0374739_11_4146_4688	CP000239.1:1744901-1745444|CDS|CYA_1740	81.853	529	96	0	6	534	6	534	1.36e-148	522
Ga0374739_11_4685_4921	CP000239.1:688001-688256|CDS|CYA_0682	100.000	237	0	0	1	237	19	255	9.52e-121	428
Ga0374739_11_4685_4921	CP000240.1:2213984-2214230|CDS|CYB_2121	93.671	237	6	1	1	237	19	246	3.33e-101	364
Ga0374739_11_6306_6707	CP000239.1:687318-687720|CDS|CYA_0680	100.000	402	0	0	1	402	1	402	0.0	726
Ga0374739_11_6306_6707	CP000240.1:2213301-2213703|CDS|CYB_2119	98.507	402	6	0	1	402	1	402	0.0	699
Ga0374739_11_6306_6707	CP000239.1:714926-715322|CDS|CYA_0708	73.834	386	97	2	10	393	1	384	2.05e-62	236
Ga0374739_11_6730_6852	CP000239.1:687173-687296|CDS|CYA_0679	100.000	123	0	0	1	123	1	123	3.47e-59	223
Ga0374739_11_7264_7887	CP000239.1:686138-686762|CDS|CYA_0678	96.474	624	22	0	1	624	1	624	0.0	1027
Ga0374739_11_7264_7887	CP000239.1:713714-714350|CDS|CYA_0706	94.051	622	37	0	1	622	1	622	0.0	956
Ga0374739_11_7264_7887	CP000240.1:2212140-2212764|CDS|CYB_2118	83.119	622	105	0	1	622	1	622	0.0	649
Ga0374739_11_8118_8819	CP000239.1:685206-685908|CDS|CYA_0677	94.729	702	37	0	1	702	1	702	0.0	1100
Ga0374739_11_8118_8819	CP000240.1:2210138-2210840|CDS|CYB_2116	90.598	702	66	0	1	702	1	702	0.0	969
Ga0374739_11_8847_9050	CP000240.1:2209865-2210111|CDS|CYB_2115	99.020	204	2	0	1	204	43	246	3.43e-100	360
Ga0374739_11_8847_9050	CP000239.1:684899-685172|CDS|CYA_0676	83.529	170	28	0	34	203	103	272	1.90e-46	181
Ga0374739_11_9249_10586	CP000239.1:683433-684870|CDS|CYA_0675	98.578	1336	19	0	1	1336	100	1435	0.0	2324
Ga0374739_11_9249_10586	CP000240.1:2208275-2209715|CDS|CYB_2114	92.601	1338	99	0	1	1338	103	1440	0.0	1967
Ga0374739_12_95_745	CP000239.1:1630961-1631612|CDS|CYA_1626	100.000	651	0	0	1	651	1	651	0.0	1175
Ga0374739_12_95_745	CP000240.1:1983177-1983828|CDS|CYB_1898	85.407	651	95	0	1	651	1	651	0.0	746
Ga0374739_12_736_1869	CP000239.1:1629792-1630971|CDS|CYA_1627	100.000	1134	0	0	1	1134	46	1179	0.0	2046
Ga0374739_12_736_1869	CP000240.1:1983818-1984997|CDS|CYB_1897	88.496	1130	130	0	5	1134	50	1179	0.0	1452
Ga0374739_12_2684_3424	CP000239.1:1628282-1629023|CDS|CYA_1625	99.865	741	1	0	1	741	1	741	0.0	1333
Ga0374739_12_2684_3424	CP000240.1:1985629-1986343|CDS|CYB_1899	84.245	603	95	0	1	603	1	603	0.0	660
Ga0374739_12_3810_4301	CP000239.1:1627405-1628002|CDS|CYA_1624	100.000	492	0	0	1	492	106	597	0.0	888
Ga0374739_12_3810_4301	CP000240.1:1986368-1986860|CDS|CYB_1900	80.285	492	97	0	1	492	1	492	6.36e-127	451
Ga0374739_12_4459_4827	CP000239.1:1626879-1627374|CDS|CYA_1623	100.000	369	0	0	1	369	127	495	0.0	666
Ga0374739_12_4459_4827	CP000240.1:1986963-1987389|CDS|CYB_1901	82.370	346	61	0	19	364	58	403	1.18e-96	350
Ga0374739_12_5056_5955	CP000239.1:1625730-1626651|CDS|CYA_1622	99.778	900	2	0	1	900	22	921	0.0	1615
Ga0374739_12_5056_5955	CP000240.1:1987413-1988340|CDS|CYB_1902	84.658	893	137	0	1	893	22	914	0.0	994
Ga0374739_12_6049_7236	CP000239.1:1624446-1625658|CDS|CYA_1621	100.000	1188	0	0	1	1188	25	1212	0.0	2143
Ga0374739_12_6049_7236	CP000240.1:2989446-2990658|CDS|CYB_2892	85.497	1186	172	0	1	1186	25	1210	0.0	1364
Ga0374739_12_7257_8516	CP000239.1:1623052-1624450|CDS|CYA_1620	99.921	1260	1	0	1	1260	139	1398	0.0	2269
Ga0374739_12_7257_8516	CP000240.1:2988076-2989450|CDS|CYB_2890	83.665	1206	197	0	3	1208	144	1349	0.0	1287
Ga0374739_12_8826_9209	CP000239.1:1622497-1622881|CDS|CYA_1619	100.000	384	0	0	1	384	1	384	0.0	693
Ga0374739_12_8826_9209	CP000240.1:2987532-2987910|CDS|CYB_2889	86.236	356	49	0	1	356	1	356	2.37e-118	422
Ga0374739_13_951_2219	CP000239.1:2535267-2536536|CDS|CYA_2520	100.000	1269	0	0	1	1269	1	1269	0.0	2289
Ga0374739_13_951_2219	CP000240.1:2070303-2071596|CDS|CYB_1971	84.972	1251	188	0	1	1251	1	1251	0.0	1409
Ga0374739_13_2222_5818	CP000239.1:2531668-2535265|CDS|CYA_2519	99.889	3597	4	0	1	3597	1	3597	0.0	6469
Ga0374739_13_2222_5818	CP000240.1:2066704-2070322|CDS|CYB_1970	78.732	3597	765	0	1	3597	22	3618	0.0	3039
Ga0374739_13_5808_7001	CP000239.1:2530485-2531679|CDS|CYA_2518	100.000	1194	0	0	1	1194	1	1194	0.0	2154
Ga0374739_13_5808_7001	CP000240.1:2065521-2066715|CDS|CYB_1969	83.250	1194	200	0	1	1194	1	1194	0.0	1252
Ga0374739_13_6998_7591	CP000239.1:2529895-2530489|CDS|CYA_2517	99.663	594	2	0	1	594	1	594	0.0	1063
Ga0374739_13_6998_7591	CP000240.1:2064931-2065525|CDS|CYB_1968	84.628	592	91	0	1	592	1	592	0.0	658
Ga0374739_13_7591_9315	CP000239.1:2528171-2529896|CDS|CYA_2516	99.884	1725	2	0	1	1725	1	1725	0.0	3103
Ga0374739_13_7591_9315	CP000240.1:2063225-2064932|CDS|CYB_1967	84.406	1693	256	4	37	1725	19	1707	0.0	1853
Ga0374739_14_4_639	CP000240.1:1153961-1155236|CDS|CYB_1116	94.497	636	35	0	1	636	640	1275	0.0	990
Ga0374739_14_4_639	CP000239.1:749180-750440|CDS|CYA_0742	88.050	636	76	0	1	636	625	1260	0.0	805
Ga0374739_14_1888_2775	CP000240.1:1155327-1156215|CDS|CYB_1117	96.284	888	33	0	1	888	1	888	0.0	1453
Ga0374739_14_1888_2775	CP000239.1:2354506-2355397|CDS|CYA_2347	85.434	865	123	1	1	862	1	865	0.0	991
Ga0374739_14_2950_4950	CP000240.1:1156390-1158391|CDS|CYB_1119	97.301	2001	54	0	1	2001	1	2001	0.0	3366
Ga0374739_14_2950_4950	CP000239.1:2352094-2354095|CDS|CYA_2346	89.067	1994	218	0	1	1994	1	1994	0.0	2614
Ga0374739_14_5358_5492	CP000240.1:1158798-1158927|CDS|CYB_1120	100.000	129	0	0	7	135	1	129	2.15e-62	233
Ga0374739_14_5358_5492	CP000239.1:2351599-2351728|CDS|CYA_2345	84.496	129	20	0	7	135	1	129	2.99e-35	143
Ga0374739_14_5698_6156	CP000240.1:1159138-1159597|CDS|CYB_1121	95.207	459	22	0	1	459	1	459	0.0	729
Ga0374739_14_5698_6156	CP000239.1:2350925-2351390|CDS|CYA_2344	88.660	388	44	0	72	459	78	465	1.07e-142	502
Ga0374739_14_6502_7551	CP000240.1:1160014-1160992|CDS|CYB_1123	98.875	978	11	0	73	1050	1	978	0.0	1715
Ga0374739_14_6502_7551	CP000239.1:2349172-2350231|CDS|CYA_2342	89.238	1050	110	1	1	1050	13	1059	0.0	1383
Ga0374739_14_7633_7920	CP000240.1:1161073-1161361|CDS|CYB_1124	96.528	288	10	0	1	288	1	288	9.06e-135	475
Ga0374739_14_7948_8565	CP000240.1:1161388-1162006|CDS|CYB_1125	98.544	618	9	0	1	618	1	618	0.0	1075
Ga0374739_14_7948_8565	CP000239.1:2348186-2348804|CDS|CYA_2340	85.113	618	92	0	1	618	1	618	0.0	700
Ga0374739_14_8587_8967	CP000240.1:1162027-1163857|CDS|CYB_1126	96.850	381	12	0	1	381	1450	1830	0.0	634
Ga0374739_14_8587_8967	CP000239.1:2346335-2348165|CDS|CYA_2339	88.947	380	42	0	2	381	1451	1830	3.73e-141	497
Ga0374739_15_38_760	CP000239.1:964841-966620|CDS|CYA_0952	100.000	723	0	0	1	723	1057	1779	0.0	1305
Ga0374739_15_38_760	CP000240.1:192244-194026|CDS|CYB_0180	86.202	703	94	1	1	700	1057	1759	0.0	829
Ga0374739_15_876_1697	CP000239.1:966735-967527|CDS|CYA_0953	98.737	792	10	0	1	792	1	792	0.0	1384
Ga0374739_15_876_1697	CP000240.1:190205-191030|CDS|CYB_0178	81.886	806	143	1	1	806	1	803	0.0	794
Ga0374739_15_1713_2057	CP000239.1:967594-967939|CDS|CYA_0954	81.657	338	62	0	1	338	1	338	2.96e-91	331
Ga0374739_15_1713_2057	CP000240.1:189778-190126|CDS|CYB_0177	68.168	333	93	3	2	323	2	332	2.78e-28	122
Ga0374739_15_2165_3352	CP000239.1:968097-969234|CDS|CYA_0955	99.912	1137	1	0	52	1188	1	1137	0.0	2047
Ga0374739_15_2165_3352	CP000240.1:188443-189625|CDS|CYB_0176	84.550	1178	182	0	11	1188	5	1182	0.0	1305
Ga0374739_15_3362_4312	CP000239.1:969243-970194|CDS|CYA_0956	100.000	951	0	0	1	951	1	951	0.0	1716
Ga0374739_15_4386_4562	CP000239.1:970267-970444|CDS|CYA_0957	98.870	177	2	0	1	177	1	177	1.33e-85	311
Ga0374739_15_5411_7963	CP000239.1:1330744-1334707|CDS|CYA_1319	91.943	2445	197	0	1	2445	1	2445	0.0	3522
Ga0374739_15_5411_7963	CP000240.1:940184-944147|CDS|CYB_0908	90.225	2445	239	0	1	2445	1	2445	0.0	3333
Ga0374739_16_79_324	CP000240.1:2074480-2074726|CDS|CYB_1975	97.967	246	5	0	1	246	1	246	1.47e-118	422
Ga0374739_16_79_324	CP000239.1:2085906-2086185|CDS|CYA_2065	91.707	205	17	0	1	205	1	205	5.15e-80	294
Ga0374739_16_1381_1872	CP000240.1:2072925-2073417|CDS|CYB_1973	96.748	492	16	0	1	492	1	492	0.0	816
Ga0374739_16_2110_2748	CP000240.1:2071776-2072670|CDS|CYB_1972	96.714	639	16	1	1	639	1	634	0.0	1058
Ga0374739_16_2110_2748	CP000239.1:2087285-2088311|CDS|CYA_2067	84.652	632	92	1	8	639	140	766	0.0	703
Ga0374739_16_2709_3008	CP000240.1:2071776-2072670|CDS|CYB_1972	97.297	296	8	0	1	296	595	890	8.30e-142	499
Ga0374739_16_2709_3008	CP000239.1:2087285-2088311|CDS|CYA_2067	82.986	288	49	0	1	288	727	1014	1.50e-81	299
Ga0374739_16_3185_4477	CP000240.1:2070303-2071596|CDS|CYB_1971	97.602	1293	31	0	1	1293	1	1293	0.0	2193
Ga0374739_16_3185_4477	CP000239.1:2535267-2536536|CDS|CYA_2520	84.253	1251	197	0	1	1251	1	1251	0.0	1369
Ga0374739_16_4480_8076	CP000240.1:2066704-2070322|CDS|CYB_1970	99.194	3597	29	0	1	3597	22	3618	0.0	6357
Ga0374739_16_4480_8076	CP000239.1:2531668-2535265|CDS|CYA_2519	79.050	3599	750	2	1	3597	1	3597	0.0	3086
Ga0374739_17_459_1880	CP000239.1:1126033-1127491|CDS|CYA_1101	98.523	1422	21	0	1	1422	37	1458	0.0	2470
Ga0374739_17_459_1880	CP000240.1:1493068-1494565|CDS|CYB_1424	77.898	1475	262	8	1	1413	13	1485	0.0	1213
Ga0374739_17_1968_3179	CP000239.1:1124635-1125982|CDS|CYA_1100	97.525	1212	30	0	1	1212	136	1347	0.0	2051
Ga0374739_17_1968_3179	CP000240.1:1494722-1496033|CDS|CYB_1425	83.333	1218	195	3	1	1211	94	1310	0.0	1276
Ga0374739_17_3430_4419	CP000239.1:1123530-1124484|CDS|CYA_1099	99.266	954	7	0	37	990	1	954	0.0	1690
Ga0374739_17_3430_4419	CP000240.1:687274-688180|CDS|CYB_0675	86.858	837	110	0	37	873	1	837	0.0	1014
Ga0374739_17_4403_5716	CP000239.1:1122233-1123547|CDS|CYA_1098	100.000	1314	0	0	1	1314	1	1314	0.0	2370
Ga0374739_17_4403_5716	CP000240.1:688190-689507|CDS|CYB_0676	79.261	1326	250	12	1	1312	1	1315	0.0	1121
Ga0374739_18_439_2256	CP000240.1:2361939-2363757|CDS|CYB_2260	97.580	1818	44	0	1	1818	1	1818	0.0	3081
Ga0374739_18_439_2256	CP000239.1:557309-559127|CDS|CYA_0545	88.394	1818	211	0	1	1818	1	1818	0.0	2328
Ga0374739_18_2419_2526	CP000240.1:2361657-2361765|CDS|CYB_2259	100.000	108	0	0	1	108	1	108	4.11e-51	196
Ga0374739_18_2419_2526	CP000239.1:557018-557126|CDS|CYA_0544	87.963	108	13	0	1	108	1	108	3.37e-33	137
Ga0374739_18_2634_3929	CP000240.1:2360254-2361550|CDS|CYB_2258	98.611	1296	18	0	1	1296	1	1296	0.0	2257
Ga0374739_18_2634_3929	CP000239.1:555610-556906|CDS|CYA_0543	89.352	1296	138	0	1	1296	1	1296	0.0	1716
Ga0374739_18_4256_5299	CP000240.1:2358883-2359927|CDS|CYB_2257	97.121	1042	30	0	1	1042	1	1042	0.0	1745
Ga0374739_18_4256_5299	CP000239.1:554248-555292|CDS|CYA_0542	90.326	1044	101	0	1	1044	1	1044	0.0	1428
Ga0374739_18_5558_5833	CP000240.1:2358349-2358625|CDS|CYB_2256	98.188	276	5	0	1	276	1	276	8.65e-135	476
Ga0374739_18_5558_5833	CP000239.1:553735-553993|CDS|CYA_0540	81.938	227	41	0	1	227	1	227	2.49e-59	225
Ga0374739_18_5892_6158	CP000240.1:2358009-2358276|CDS|CYB_2255	98.876	267	3	0	1	267	1	267	1.24e-132	469
Ga0374739_18_5892_6158	CP000239.1:553497-553734|CDS|CYA_0539	75.472	265	35	2	1	265	1	235	7.84e-53	204
Ga0374739_18_6323_6931	CP000240.1:2357236-2357845|CDS|CYB_2254	96.716	609	20	0	1	609	1	609	0.0	1009
Ga0374739_18_6323_6931	CP000239.1:552726-553335|CDS|CYA_0537	91.297	609	53	0	1	609	1	609	0.0	860
Ga0374739_18_7166_7306	CP000240.1:2356576-2357002|CDS|CYB_2253	100.000	141	0	0	1	141	286	426	6.91e-69	255
Ga0374739_18_7166_7306	CP000239.1:551961-552357|CDS|CYA_0536	89.051	137	15	0	5	141	260	396	4.37e-46	180
Ga0374739_19_462_746	CP000240.1:2031904-2032189|CDS|CYB_1940	98.246	285	5	0	1	285	1	285	1.16e-139	492
Ga0374739_19_462_746	CP000239.1:2752180-2752465|CDS|CYA_2736	89.046	283	31	0	1	283	1	283	2.74e-103	371
Ga0374739_19_769_1887	CP000240.1:2032211-2033330|CDS|CYB_1941	98.391	1119	18	0	1	1119	1	1119	0.0	1938
Ga0374739_19_769_1887	CP000239.1:2751043-2752162|CDS|CYA_2735	86.877	1044	137	0	1	1044	1	1044	0.0	1266
Ga0374739_19_2109_2933	CP000240.1:2033502-2034327|CDS|CYB_1942	99.273	825	6	0	1	825	1	825	0.0	1462
Ga0374739_19_2109_2933	CP000239.1:2750054-2750906|CDS|CYA_2734	88.722	798	90	0	1	798	1	798	0.0	1034
Ga0374739_19_3413_4327	CP000240.1:2034748-2035831|CDS|CYB_1943	93.633	911	58	0	1	911	169	1079	0.0	1382
Ga0374739_19_4827_6623	CP000240.1:2036151-2037948|CDS|CYB_1944	99.722	1797	5	0	1	1797	1	1797	0.0	3219
Ga0374739_19_4827_6623	CP000239.1:2747912-2749709|CDS|CYA_2732	88.635	1795	204	0	1	1795	1	1795	0.0	2318
Ga0374739_19_6907_7272	CP000240.1:2038231-2038597|CDS|CYB_1945	100.000	366	0	0	1	366	1	366	0.0	661
Ga0374739_20_21_308	CP000239.1:1913691-1914624|CDS|CYA_1903	99.653	288	1	0	1	288	646	933	1.03e-146	516
Ga0374739_20_21_308	CP000240.1:504358-505294|CDS|CYB_0491	84.321	287	45	0	1	287	649	935	1.87e-86	315
Ga0374739_20_422_904	CP000239.1:1914935-1915523|CDS|CYA_1904	100.000	483	0	0	1	483	106	588	0.0	872
Ga0374739_20_422_904	CP000240.1:505372-505891|CDS|CYB_0492	85.812	437	62	0	5	441	53	489	7.60e-145	509
Ga0374739_20_1005_1439	CP000239.1:1915476-1916058|CDS|CYA_1905	100.000	435	0	0	1	435	148	582	0.0	785
Ga0374739_20_1005_1439	CP000240.1:506210-506717|CDS|CYB_0493	79.673	428	85	2	2	428	74	500	1.23e-103	373
Ga0374739_20_1506_2153	CP000239.1:1916124-1916772|CDS|CYA_1906	99.846	648	1	0	1	648	1	648	0.0	1165
Ga0374739_20_1506_2153	CP000240.1:506812-507466|CDS|CYB_0494	88.037	652	72	2	1	646	1	652	0.0	821
Ga0374739_20_2283_3014	CP000239.1:1916901-1917633|CDS|CYA_1907	96.858	732	23	0	1	732	1	732	0.0	1217
Ga0374739_20_2283_3014	CP000240.1:507619-508351|CDS|CYB_0496	91.393	732	63	0	1	732	1	732	0.0	1037
Ga0374739_20_3054_4112	CP000239.1:1917678-1918737|CDS|CYA_1908	100.000	1059	0	0	1	1059	1	1059	0.0	1911
Ga0374739_20_3054_4112	CP000240.1:508357-509446|CDS|CYB_0497	89.330	1059	113	0	1	1059	31	1089	0.0	1401
Ga0374739_20_4289_5476	CP000239.1:1918913-1920101|CDS|CYA_1909	99.832	1188	2	0	1	1188	1	1188	0.0	2134
Ga0374739_20_4289_5476	CP000240.1:509675-510863|CDS|CYB_0498	86.530	1173	158	0	1	1173	1	1173	0.0	1404
Ga0374739_20_5482_6156	CP000239.1:1920106-1920781|CDS|CYA_1910	99.852	675	1	0	1	675	1	675	0.0	1214
Ga0374739_20_5482_6156	CP000240.1:2106781-2107456|CDS|CYB_2001	86.627	673	90	0	1	673	1	673	0.0	809
Ga0374739_20_6317_7063	CP000239.1:1920941-1921688|CDS|CYA_1911	99.866	747	1	0	1	747	1	747	0.0	1343
Ga0374739_20_6317_7063	CP000240.1:2107663-2108410|CDS|CYB_2002	83.936	747	120	0	1	747	1	747	0.0	807
Ga0374739_21_573_1664	CP000239.1:22083-23175|CDS|CYA_0024	99.176	1092	9	0	1	1092	1	1092	0.0	1929
Ga0374739_21_573_1664	CP000240.1:3021851-3022943|CDS|CYB_2924	84.615	1092	168	0	1	1092	1	1092	0.0	1213
Ga0374739_21_1856_1960	CP000239.1:21787-21895|CDS|CYA_0023	100.000	105	0	0	1	105	4	108	1.68e-49	190
Ga0374739_21_1856_1960	CP000240.1:3021525-3021633|CDS|CYB_2923	91.429	105	9	0	1	105	4	108	5.16e-37	150
Ga0374739_21_2395_3171	CP000239.1:20576-21446|CDS|CYA_0022	96.911	777	24	0	1	777	94	870	0.0	1294
Ga0374739_21_2395_3171	CP000240.1:3020432-3021335|CDS|CYB_2922	84.746	767	117	0	1	767	127	893	0.0	856
Ga0374739_21_3158_3529	CP000239.1:20218-20590|CDS|CYA_0021	93.801	371	23	0	2	372	2	372	8.54e-162	566
Ga0374739_21_3158_3529	CP000240.1:3020062-3020446|CDS|CYB_2921	77.457	346	68	3	12	352	12	352	3.20e-72	269
Ga0374739_21_3536_4042	CP000239.1:19705-20212|CDS|CYA_0019	100.000	507	0	0	1	507	1	507	0.0	915
Ga0374739_21_3536_4042	CP000240.1:3019559-3020066|CDS|CYB_2920	83.401	494	82	0	10	503	10	503	1.27e-148	522
Ga0374739_21_4028_5059	CP000239.1:18688-19720|CDS|CYA_0020	97.965	1032	21	0	1	1032	1	1032	0.0	1767
Ga0374739_21_4028_5059	CP000240.1:1498812-1499829|CDS|CYB_1429	85.884	1013	140	1	1	1010	1	1013	0.0	1181
Ga0374739_21_5248_5979	CP000239.1:17768-18500|CDS|CYA_0017	100.000	732	0	0	1	732	1	732	0.0	1321
Ga0374739_21_5248_5979	CP000240.1:1497842-1498625|CDS|CYB_1427	85.042	722	102	2	1	719	1	719	0.0	812
Ga0374739_21_5962_6582	CP000239.1:17165-17786|CDS|CYA_0018	100.000	621	0	0	1	621	1	621	0.0	1121
Ga0374739_21_5962_6582	CP000240.1:1497272-1497911|CDS|CYB_1428	86.577	596	71	1	1	596	22	608	0.0	719
Ga0374739_22_329_2272	CP000239.1:1133197-1135141|CDS|CYA_1108	97.840	1944	42	0	1	1944	1	1944	0.0	3317
Ga0374739_22_329_2272	CP000240.1:1391211-1393182|CDS|CYB_1330	80.395	1872	361	4	76	1944	103	1971	0.0	1709
Ga0374739_22_2361_2786	CP000239.1:1132683-1133100|CDS|CYA_1107	99.760	417	1	0	10	426	1	417	0.0	748
Ga0374739_22_2796_3665	CP000239.1:1131804-1132674|CDS|CYA_1106	100.000	870	0	0	1	870	1	870	0.0	1570
Ga0374739_22_2796_3665	CP000240.1:1393729-1394599|CDS|CYB_1332	80.783	869	167	0	1	869	1	869	0.0	815
Ga0374739_22_3669_4322	CP000239.1:1131147-1131801|CDS|CYA_1105	99.847	654	1	0	1	654	1	654	0.0	1176
Ga0374739_22_3669_4322	CP000240.1:1394603-1395251|CDS|CYB_1333	84.691	614	90	2	29	638	35	648	0.0	679
Ga0374739_22_4371_6413	CP000239.1:1129062-1131117|CDS|CYA_1104	98.201	2001	36	0	1	2001	19	2019	0.0	3447
Ga0374739_22_4371_6413	CP000240.1:1395355-1397422|CDS|CYB_1334	80.080	1993	355	12	59	2012	74	2063	0.0	1789
Ga0374739_22_6480_6938	CP000239.1:1128532-1128991|CDS|CYA_1102	96.732	459	15	0	1	459	1	459	0.0	761
Ga0374739_22_6480_6938	CP000240.1:2724283-2724742|CDS|CYB_2633	82.989	435	74	0	24	458	24	458	1.69e-127	452
Ga0374739_23_148_567	CP000239.1:2284759-2285257|CDS|CYA_2277	99.762	420	1	0	1	420	79	498	0.0	754
Ga0374739_23_148_567	CP000240.1:456829-457225|CDS|CYB_0450	85.316	395	58	0	25	419	1	395	1.54e-127	452
Ga0374739_23_657_812	CP000239.1:2283776-2284748|CDS|CYA_2276	99.346	153	1	0	1	153	1	153	1.01e-73	272
Ga0374739_23_657_812	CP000240.1:457348-458311|CDS|CYB_0451	92.308	143	11	0	10	152	1	143	1.01e-54	209
Ga0374739_23_1059_1526	CP000239.1:2285984-2286452|CDS|CYA_2279	100.000	468	0	0	1	468	1	468	0.0	845
Ga0374739_23_1590_1850	CP000239.1:2286515-2286776|CDS|CYA_2280	100.000	261	0	0	1	261	1	261	9.91e-134	471
Ga0374739_23_1590_1850	CP000240.1:455203-455479|CDS|CYB_0447	85.882	255	36	0	1	255	1	255	1.29e-81	298
Ga0374739_23_1847_2950	CP000239.1:2286772-2287876|CDS|CYA_2281	100.000	1104	0	0	1	1104	1	1104	0.0	1992
Ga0374739_23_1847_2950	CP000240.1:454103-455207|CDS|CYB_0446	87.942	1103	133	0	1	1103	1	1103	0.0	1390
Ga0374739_23_2978_3739	CP000239.1:2287903-2288665|CDS|CYA_2282	99.738	762	2	0	1	762	1	762	0.0	1366
Ga0374739_23_2978_3739	CP000240.1:453280-454042|CDS|CYB_0445	88.757	756	85	0	1	756	1	756	0.0	981
Ga0374739_23_3757_4554	CP000239.1:2288682-2289480|CDS|CYA_2283	100.000	798	0	0	1	798	1	798	0.0	1440
Ga0374739_23_3757_4554	CP000240.1:452437-453265|CDS|CYB_0444	80.220	819	134	5	4	796	10	826	0.0	750
Ga0374739_23_4566_5030	CP000239.1:2289491-2289956|CDS|CYA_2284	100.000	465	0	0	1	465	1	465	0.0	839
Ga0374739_23_4566_5030	CP000240.1:451960-452425|CDS|CYB_0443	88.362	464	54	0	1	464	1	464	2.23e-170	594
Ga0374739_23_5199_5972	CP000239.1:2290124-2290898|CDS|CYA_2285	100.000	774	0	0	1	774	1	774	0.0	1397
Ga0374739_23_5199_5972	CP000240.1:450943-451711|CDS|CYB_0442	85.455	770	106	2	1	770	1	764	0.0	881
Ga0374739_24_246_506	CP000240.1:781056-782130|CDS|CYB_0759	96.169	261	10	0	1	261	814	1074	3.70e-120	426
Ga0374739_24_1032_1709	CP000240.1:779824-780937|CDS|CYB_0758	94.118	663	39	0	16	678	451	1113	0.0	1021
Ga0374739_24_1032_1709	CP000239.1:1268402-1269422|CDS|CYA_1255	82.477	662	116	0	16	677	358	1019	0.0	672
Ga0374739_24_1875_3194	CP000240.1:778411-779665|CDS|CYB_0757	97.371	1255	32	1	4	1258	1	1254	0.0	2112
Ga0374739_24_1875_3194	CP000239.1:1266980-1268219|CDS|CYA_1254	87.846	1119	132	2	4	1122	1	1115	0.0	1400
Ga0374739_24_3205_3432	CP000240.1:778112-778340|CDS|CYB_0756	95.614	228	10	0	1	228	1	228	2.62e-102	367
Ga0374739_24_3429_4151	CP000240.1:777393-778116|CDS|CYB_0755	96.957	723	22	0	1	723	1	723	0.0	1205
Ga0374739_24_3429_4151	CP000239.1:816710-817436|CDS|CYA_0804	82.773	714	123	0	1	714	1	714	0.0	734
Ga0374739_24_4345_4638	CP000240.1:776907-777240|CDS|CYB_0754	97.619	294	7	0	1	294	40	333	8.12e-142	499
Ga0374739_24_4345_4638	CP000239.1:817527-817860|CDS|CYA_0805	80.645	279	54	0	1	279	40	318	3.70e-70	260
Ga0374739_24_4696_4971	CP000240.1:776568-776844|CDS|CYB_0753	98.551	276	4	0	1	276	1	276	2.03e-136	480
Ga0374739_24_4696_4971	CP000239.1:817917-818223|CDS|CYA_0806	83.643	269	44	0	1	269	31	299	2.48e-78	288
Ga0374739_24_5072_5890	CP000240.1:775404-776481|CDS|CYB_0752	96.187	813	31	0	1	813	247	1059	0.0	1327
Ga0374739_24_5072_5890	CP000239.1:820042-821119|CDS|CYA_0809	84.387	807	120	2	2	805	257	1060	0.0	884
Ga0374739_25_239_1504	CP000239.1:2890819-2892085|CDS|CYA_2873	93.286	1266	85	0	1	1266	1	1266	0.0	1901
Ga0374739_25_239_1504	CP000240.1:1744647-1745928|CDS|CYB_1666	85.761	1236	176	0	25	1260	40	1275	0.0	1436
Ga0374739_25_1517_1786	CP000239.1:2890537-2890807|CDS|CYA_2872	95.167	269	13	0	1	269	1	269	3.84e-120	427
Ga0374739_25_1517_1786	CP000240.1:1745940-1746210|CDS|CYB_1667	81.041	269	51	0	1	269	1	269	1.43e-68	256
Ga0374739_25_2038_4428	CP000239.1:2887937-2890445|CDS|CYA_2871	96.141	2358	91	0	1	2358	118	2475	0.0	3843
Ga0374739_25_2038_4428	CP000240.1:1555785-1558380|CDS|CYB_1481	79.151	2427	440	10	1	2361	139	2565	0.0	2111
Ga0374739_25_4707_5540	CP000239.1:2885817-2886651|CDS|CYA_2869	83.213	834	140	0	1	834	1	834	0.0	874
Ga0374739_25_4707_5540	CP000239.1:2884601-2885483|CDS|CYA_2868	79.856	695	140	0	1	695	1	695	8.43e-179	623
Ga0374739_25_4707_5540	CP000240.1:1558658-1559549|CDS|CYB_1482	77.331	697	151	4	1	695	1	692	1.17e-151	534
Ga0374739_25_4707_5540	CP000239.1:2886812-2887649|CDS|CYA_2870	73.373	845	204	9	1	833	1	836	4.37e-138	489
Ga0374739_25_4707_5540	CP000240.1:1559946-1560831|CDS|CYB_1483	74.820	695	175	0	1	695	1	695	4.99e-131	465
Ga0374739_26_128_901	CP000240.1:2355469-2356333|CDS|CYB_2252	96.899	774	24	0	1	774	91	864	0.0	1288
Ga0374739_26_128_901	CP000239.1:550815-551700|CDS|CYA_0535	87.297	740	94	0	2	741	92	831	0.0	911
Ga0374739_26_938_1576	CP000240.1:2354502-2355138|CDS|CYB_2251	96.051	633	25	0	7	639	4	636	0.0	1030
Ga0374739_26_1641_2156	CP000240.1:2353109-2353625|CDS|CYB_2248	99.612	516	2	0	1	516	1	516	0.0	922
Ga0374739_26_1641_2156	CP000239.1:471064-471580|CDS|CYA_0454	85.078	516	77	0	1	516	1	516	4.50e-167	584
Ga0374739_26_2458_2928	CP000240.1:2352337-2352808|CDS|CYB_2246	98.726	471	6	0	1	471	1	471	0.0	823
Ga0374739_26_2458_2928	CP000239.1:471901-472375|CDS|CYA_0456	88.397	474	52	1	1	471	1	474	1.25e-173	606
Ga0374739_26_3064_4437	CP000240.1:2350828-2352202|CDS|CYB_2245	98.908	1374	15	0	1	1374	1	1374	0.0	2411
Ga0374739_26_3064_4437	CP000239.1:472534-473902|CDS|CYA_0457	88.970	1369	145	2	1	1369	1	1363	0.0	1785
Ga0374739_27_1060_1506	CP000239.1:29714-30161|CDS|CYA_0030	100.000	447	0	0	1	447	1	447	0.0	807
Ga0374739_27_1060_1506	CP000240.1:2392457-2392904|CDS|CYB_2285	89.933	447	45	0	1	447	1	447	4.13e-173	604
Ga0374739_27_1833_2213	CP000239.1:30487-30868|CDS|CYA_0031	100.000	381	0	0	1	381	1	381	0.0	688
Ga0374739_27_1833_2213	CP000240.1:2393260-2393641|CDS|CYB_2286	88.451	381	44	0	1	381	1	381	5.53e-139	489
Ga0374739_27_2260_3534	CP000239.1:30914-32189|CDS|CYA_0032	99.765	1275	3	0	1	1275	1	1275	0.0	2287
Ga0374739_27_2260_3534	CP000240.1:2393680-2395045|CDS|CYB_2287	79.150	1271	232	3	38	1275	95	1365	0.0	1114
Ga0374739_27_3912_4565	CP000239.1:32566-33220|CDS|CYA_0034	99.847	654	1	0	1	654	1	654	0.0	1176
Ga0374739_27_4935_5405	CP000239.1:33589-34060|CDS|CYA_0035	99.788	471	1	0	1	471	1	471	0.0	846
Ga0374739_27_4935_5405	CP000240.1:1574006-1574477|CDS|CYB_1499	89.787	470	48	0	1	470	1	470	0.0	632
Ga0374739_27_5455_5568	CP000239.1:34109-34223|CDS|CYA_0036	100.000	114	0	0	1	114	1	114	2.43e-54	206
Ga0374739_27_5455_5568	CP000240.1:1574515-1574629|CDS|CYB_1500	90.265	113	11	0	1	113	1	113	1.34e-38	155
Ga0374739_28_1007_1609	CP000239.1:976928-977528|CDS|CYA_0965	91.500	600	51	0	4	603	1	600	0.0	853
Ga0374739_28_1007_1609	CP000240.1:909071-909683|CDS|CYB_0882	85.294	544	80	0	4	547	1	544	2.11e-178	621
Ga0374739_28_1549_2418	CP000239.1:977467-978337|CDS|CYA_0964	91.247	834	73	0	1	834	1	834	0.0	1176
Ga0374739_28_1549_2418	CP000240.1:909610-910528|CDS|CYB_0881	82.509	829	144	1	1	829	37	864	0.0	838
Ga0374739_28_2461_3126	CP000239.1:978379-979045|CDS|CYA_0966	99.850	666	1	0	1	666	1	666	0.0	1197
Ga0374739_28_2461_3126	CP000240.1:910558-911224|CDS|CYB_0883	88.705	664	75	0	1	664	1	664	0.0	860
Ga0374739_28_3499_4278	CP000239.1:979417-980197|CDS|CYA_0967	99.872	780	1	0	1	780	1	780	0.0	1403
Ga0374739_28_3499_4278	CP000240.1:911640-912438|CDS|CYB_0884	87.871	775	94	0	1	775	1	775	0.0	975
Ga0374739_28_4335_4796	CP000239.1:980253-980715|CDS|CYA_0968	98.701	462	6	0	1	462	1	462	0.0	807
Ga0374739_28_4335_4796	CP000240.1:921379-921841|CDS|CYB_0888	86.585	410	55	0	1	410	1	410	1.95e-139	492
Ga0374739_28_4803_5453	CP000239.1:980721-981372|CDS|CYA_0969	99.846	651	1	0	1	651	1	651	0.0	1170
Ga0374739_28_4803_5453	CP000240.1:921847-922504|CDS|CYB_0889	85.123	652	91	1	6	651	6	657	0.0	740
Ga0374739_29_51_734	CP000239.1:1557329-1558139|CDS|CYA_1548	95.468	684	31	0	1	684	127	810	0.0	1095
Ga0374739_29_51_734	CP000240.1:1119435-1120269|CDS|CYB_1083	83.796	648	105	0	1	648	130	777	0.0	696
Ga0374739_29_987_1808	CP000239.1:1556255-1557062|CDS|CYA_1547	100.000	807	0	0	16	822	1	807	0.0	1456
Ga0374739_29_987_1808	CP000240.1:1120529-1121417|CDS|CYB_1084	85.957	648	91	0	55	702	25	672	0.0	759
Ga0374739_29_2119_2856	CP000240.1:1121621-1122428|CDS|CYB_1086	86.198	739	100	2	1	738	70	807	0.0	866
Ga0374739_29_2886_4064	CP000240.1:1122427-1123651|CDS|CYB_1087	83.424	1104	178	3	1	1100	31	1133	0.0	1158
Ga0374739_29_2886_4064	CP000239.1:1553981-1555208|CDS|CYA_1545	82.803	1099	165	2	1	1096	31	1108	0.0	1143
Ga0374739_30_970_1122	CP000240.1:1823993-1824728|CDS|CYB_1741	100.000	153	0	0	1	153	583	735	2.33e-75	277
Ga0374739_30_970_1122	CP000239.1:2658592-2659321|CDS|CYA_2643	83.916	143	23	0	1	143	583	725	1.91e-38	155
Ga0374739_30_1141_1668	CP000240.1:1823993-1824728|CDS|CYB_1741	99.587	484	2	0	1	484	1	484	0.0	865
Ga0374739_30_1141_1668	CP000239.1:2658592-2659321|CDS|CYA_2643	87.397	484	61	0	1	484	1	484	2.09e-171	599
Ga0374739_30_1989_2741	CP000240.1:1826361-1827114|CDS|CYB_1743	99.734	753	2	0	1	753	1	753	0.0	1350
Ga0374739_30_1989_2741	CP000239.1:865477-866230|CDS|CYA_0858	86.382	749	102	0	1	749	1	749	0.0	892
Ga0374739_30_4548_5303	CP000240.1:1831099-1831903|CDS|CYB_1749	97.124	765	13	1	1	756	40	804	0.0	1294
Ga0374739_30_4548_5303	CP000239.1:869557-870361|CDS|CYA_0863	83.399	765	118	1	1	756	40	804	0.0	820
Ga0374739_31_41_931	CP000239.1:66761-67652|CDS|CYA_0070	99.888	891	1	0	1	891	1	891	0.0	1603
Ga0374739_31_971_1531	CP000239.1:66080-66722|CDS|CYA_0069	100.000	561	0	0	1	561	82	642	0.0	1012
Ga0374739_31_971_1531	CP000240.1:1211145-1211790|CDS|CYB_1173	86.879	564	71	1	1	561	82	645	0.0	682
Ga0374739_31_2103_2528	CP000239.1:63305-63791|CDS|CYA_0066	100.000	426	0	0	1	426	61	486	0.0	769
Ga0374739_31_2577_3320	CP000239.1:62513-63257|CDS|CYA_0065	99.866	744	1	0	1	744	1	744	0.0	1338
Ga0374739_31_2577_3320	CP000240.1:1212760-1213504|CDS|CYB_1175	85.618	744	107	0	1	744	1	744	0.0	860
Ga0374739_31_3338_4120	CP000239.1:61713-62496|CDS|CYA_0064	99.617	783	3	0	1	783	1	783	0.0	1399
Ga0374739_31_3338_4120	CP000240.1:1213521-1214304|CDS|CYB_1176	85.951	783	110	0	1	783	1	783	0.0	917
Ga0374739_31_4425_5231	CP000239.1:60602-61409|CDS|CYA_0062	99.876	807	1	0	1	807	1	807	0.0	1452
Ga0374739_31_4425_5231	CP000240.1:1214558-1215359|CDS|CYB_1177	84.371	787	117	1	21	807	21	801	0.0	866
Ga0374739_32_445_1353	CP000239.1:1351047-1351947|CDS|CYA_1338	99.889	900	1	0	10	909	1	900	0.0	1619
Ga0374739_32_445_1353	CP000240.1:2320415-2321315|CDS|CYB_2212	83.130	901	150	2	10	909	1	900	0.0	933
Ga0374739_32_1449_2450	CP000239.1:1352021-1353053|CDS|CYA_1339	100.000	1002	0	0	1	1002	31	1032	0.0	1808
Ga0374739_32_1449_2450	CP000240.1:2321458-2322427|CDS|CYB_2213	85.936	967	121	2	49	1000	1	967	0.0	1136
Ga0374739_32_2463_3458	CP000239.1:1353065-1354061|CDS|CYA_1340	100.000	996	0	0	1	996	1	996	0.0	1797
Ga0374739_32_2463_3458	CP000240.1:2322454-2323450|CDS|CYB_2214	86.922	994	130	0	1	994	1	994	0.0	1207
Ga0374739_32_3551_3886	CP000239.1:1354153-1354489|CDS|CYA_1341	99.702	336	1	0	1	336	1	336	1.07e-172	602
Ga0374739_32_3551_3886	CP000240.1:2323573-2323858|CDS|CYB_2215	89.139	267	29	0	36	302	6	272	3.07e-97	352
Ga0374739_32_3964_4485	CP000239.1:1354566-1355088|CDS|CYA_1342	99.808	522	1	0	1	522	1	522	0.0	938
Ga0374739_32_3964_4485	CP000240.1:2324030-2324552|CDS|CYB_2216	89.080	522	57	0	1	522	1	522	0.0	685
Ga0374739_32_4553_4846	CP000239.1:1355155-1355449|CDS|CYA_1343	97.241	290	8	0	1	290	1	290	1.47e-138	488
Ga0374739_32_4553_4846	CP000240.1:2324649-2324943|CDS|CYB_2217	85.517	290	42	0	1	290	1	290	2.04e-92	334
Ga0374739_33_1248_2906	CP000239.1:983429-985091|CDS|CYA_0972	99.759	1659	2	1	1	1659	1	1657	0.0	2972
Ga0374739_33_1248_2906	CP000240.1:3033491-3035153|CDS|CYB_2932	85.094	1657	245	1	1	1657	1	1655	0.0	1873
Ga0374739_33_3064_3801	CP000239.1:982539-983253|CDS|CYA_0971	100.000	714	0	0	25	738	1	714	0.0	1288
Ga0374739_33_3064_3801	CP000240.1:3035333-3036047|CDS|CYB_2933	86.338	710	97	0	25	734	1	710	0.0	844
Ga0374739_34_96_1130	CP000239.1:2926873-2928259|CDS|CYA_2902	95.272	994	32	1	28	1006	115	1108	0.0	1590
Ga0374739_34_1234_1821	CP000239.1:2926368-2926956|CDS|CYA_2901	99.830	588	1	0	1	588	1	588	0.0	1057
Ga0374739_34_1234_1821	CP000240.1:3041564-3042146|CDS|CYB_2939	83.128	569	94	2	11	578	11	578	4.23e-168	587
Ga0374739_34_1234_1821	CP000240.1:3040801-3041383|CDS|CYB_2938	81.593	565	104	0	11	575	11	575	3.05e-157	551
Ga0374739_34_2109_2906	CP000239.1:2924668-2926240|CDS|CYA_2900	100.000	745	0	0	1	745	160	904	0.0	1344
Ga0374739_34_2109_2906	CP000240.1:93395-94895|CDS|CYB_0080	81.844	705	122	3	45	743	123	827	0.0	687
Ga0374739_36_131_610	CP000239.1:2696301-2696781|CDS|CYA_2681	99.375	480	3	0	1	480	1	480	0.0	853
Ga0374739_36_131_610	CP000240.1:2304178-2304658|CDS|CYB_2196	82.664	473	82	0	1	473	1	473	3.01e-137	484
Ga0374739_36_627_1025	CP000239.1:2696797-2697196|CDS|CYA_2682	96.742	399	13	0	1	399	1	399	0.0	662
Ga0374739_36_627_1025	CP000240.1:1172962-1173361|CDS|CYB_1136	83.459	399	66	0	1	399	1	399	7.09e-119	423
Ga0374739_36_1189_2367	CP000239.1:2697359-2698538|CDS|CYA_2683	99.576	1179	5	0	1	1179	1	1179	0.0	2104
Ga0374739_36_1189_2367	CP000240.1:1171595-1172774|CDS|CYB_1135	88.041	1179	141	0	1	1179	1	1179	0.0	1491
Ga0374739_36_2635_3228	CP000239.1:2434480-2435074|CDS|CYA_2425	98.485	594	9	0	1	594	1	594	0.0	1031
Ga0374739_36_2635_3228	CP000239.1:2402867-2403461|CDS|CYA_2392	98.485	594	9	0	1	594	1	594	0.0	1031
Ga0374739_36_2635_3228	CP000239.1:1898603-1899197|CDS|CYA_1891	98.148	594	11	0	1	594	1	594	0.0	1022
Ga0374739_36_2635_3228	CP000239.1:411427-412021|CDS|CYA_0397	98.148	594	11	0	1	594	1	594	0.0	1022
Ga0374739_36_2635_3228	CP000239.1:1778901-1779495|CDS|CYA_1772	97.980	594	12	0	1	594	1	594	0.0	1018
Ga0374739_36_2635_3228	CP000239.1:1446255-1446849|CDS|CYA_1439	96.633	594	20	0	1	594	1	594	0.0	982
Ga0374739_36_2635_3228	CP000239.1:819297-819891|CDS|CYA_0808	96.633	594	20	0	1	594	1	594	0.0	982
Ga0374739_36_2635_3228	CP000239.1:2598423-2599041|CDS|CYA_2572	94.175	618	12	1	1	594	1	618	0.0	970
Ga0374739_36_2635_3228	CP000240.1:31634-32228|CDS|CYB_0025	95.960	594	24	0	1	594	1	594	0.0	964
Ga0374739_36_2635_3228	CP000239.1:732513-733107|CDS|CYA_0727	95.791	594	25	0	1	594	1	594	0.0	959
Ga0374739_36_2635_3228	CP000240.1:22428-23022|CDS|CYB_0019	95.286	594	28	0	1	594	1	594	0.0	946
Ga0374739_36_2635_3228	CP000239.1:2018987-2019605|CDS|CYA_2002	93.204	618	18	1	1	594	1	618	0.0	943
Ga0374739_36_2635_3228	CP000239.1:2709545-2710163|CDS|CYA_2694	93.204	618	18	3	1	594	1	618	0.0	934
Ga0374739_36_2635_3228	CP000239.1:1644319-1644937|CDS|CYA_1645	92.880	618	20	1	1	594	1	618	0.0	934
Ga0374739_36_2635_3228	CP000239.1:606571-607189|CDS|CYA_0595	92.880	618	20	1	1	594	1	618	0.0	934
Ga0374739_36_2635_3228	CP000239.1:2698805-2699423|CDS|CYA_2684	92.557	618	22	1	1	594	1	618	0.0	925
Ga0374739_36_2635_3228	CP000239.1:2259861-2260479|CDS|CYA_2250	92.557	618	22	1	1	594	1	618	0.0	925
Ga0374739_36_2635_3228	CP000239.1:1948621-1949239|CDS|CYA_1937	92.557	618	22	1	1	594	1	618	0.0	925
Ga0374739_36_2635_3228	CP000239.1:1384976-1385594|CDS|CYA_1374	92.557	618	22	1	1	594	1	618	0.0	925
Ga0374739_36_2635_3228	CP000239.1:363923-364541|CDS|CYA_0346	92.233	618	24	1	1	594	1	618	0.0	916
Ga0374739_36_2635_3228	CP000239.1:2450192-2450786|CDS|CYA_2439	94.108	594	35	0	1	594	1	594	0.0	914
Ga0374739_36_2635_3228	CP000239.1:1479753-1480371|CDS|CYA_1472	91.748	618	27	1	1	594	1	618	0.0	902
Ga0374739_37_163_705	CP000239.1:1744901-1745444|CDS|CYA_1740	99.816	543	1	0	1	543	1	543	0.0	976
Ga0374739_37_163_705	CP000240.1:2214226-2214769|CDS|CYB_2120	82.331	532	88	2	6	534	6	534	7.53e-152	533
Ga0374739_37_163_705	CP000239.1:688252-688795|CDS|CYA_0681	82.231	529	94	0	6	534	6	534	2.63e-151	531
Ga0374739_37_899_2035	CP000239.1:1743571-1744708|CDS|CYA_1739	99.296	1137	8	0	1	1137	1	1137	0.0	2015
Ga0374739_37_899_2035	CP000240.1:1992539-1993676|CDS|CYB_1908	91.996	1137	91	0	1	1137	1	1137	0.0	1641
Ga0374739_37_2105_3163	CP000239.1:1742437-1743493|CDS|CYA_1738	90.530	1056	94	1	10	1059	1	1056	0.0	1455
Ga0374739_37_2105_3163	CP000240.1:1993755-1994811|CDS|CYB_1909	88.920	1056	111	1	10	1059	1	1056	0.0	1379
Ga0374739_38_1086_1616	CP000239.1:2824934-2825477|CDS|CYA_2806	99.811	530	1	0	1	530	1	530	0.0	952
Ga0374739_38_1086_1616	CP000240.1:992535-993054|CDS|CYB_0954	86.822	516	68	0	1	516	1	516	1.51e-179	625
Ga0374739_38_1778_2239	CP000239.1:2825524-2826088|CDS|CYA_2807	100.000	462	0	0	1	462	103	564	0.0	834
Ga0374739_38_1778_2239	CP000240.1:2938413-2938983|CDS|CYB_2841	84.649	456	70	0	4	459	106	561	2.53e-144	508
Ga0374739_39_226_1584	CP000239.1:2700631-2701987|CDS|CYA_2686	99.336	1356	9	0	4	1359	1	1356	0.0	2406
Ga0374739_39_226_1584	CP000240.1:64390-65770|CDS|CYB_0051	86.904	1321	173	0	37	1357	58	1378	0.0	1603
Ga0374739_39_1642_2853	CP000239.1:2703598-2704810|CDS|CYA_2688	97.195	1212	34	0	1	1212	1	1212	0.0	2033
Ga0374739_39_1642_2853	CP000240.1:1455929-1457141|CDS|CYB_1384	81.841	1206	219	0	7	1212	7	1212	0.0	1188
Ga0374739_39_3028_3498	CP000239.1:2704984-2705455|CDS|CYA_2689	97.430	467	12	0	1	467	1	467	0.0	789
Ga0374739_39_3028_3498	CP000240.1:1457259-1457724|CDS|CYB_1385	80.631	444	83	1	27	467	18	461	1.53e-115	412
Ga0374739_40_489_950	CP000239.1:1561069-1561531|CDS|CYA_1551	99.784	462	1	0	1	462	1	462	0.0	829
Ga0374739_40_489_950	CP000240.1:1115957-1116407|CDS|CYB_1080	82.697	445	77	0	14	458	2	446	1.40e-128	456
Ga0374739_40_1038_2837	CP000239.1:1559183-1560959|CDS|CYA_1550	99.268	1776	13	0	25	1800	1	1776	0.0	3145
Ga0374739_40_1038_2837	CP000240.1:1116585-1118361|CDS|CYB_1081	84.797	1776	270	0	25	1800	1	1776	0.0	1986
Ga0374739_41_361_1170	CP000239.1:1306700-1307639|CDS|CYA_1297	99.259	810	6	0	1	810	130	939	0.0	1434
Ga0374739_41_361_1170	CP000240.1:952598-953537|CDS|CYB_0915	89.474	798	84	0	1	798	130	927	0.0	1061
Ga0374739_41_1171_1821	CP000239.1:1307639-1308344|CDS|CYA_1298	100.000	651	0	0	1	651	55	705	0.0	1175
Ga0374739_41_1171_1821	CP000240.1:954733-955426|CDS|CYB_0916	82.383	579	76	2	1	578	64	617	7.46e-172	600
Ga0374739_41_2073_2480	CP000239.1:1308541-1308949|CDS|CYA_1299	100.000	408	0	0	1	408	1	408	0.0	737
Ga0374739_41_2073_2480	CP000240.1:955635-956043|CDS|CYB_0918	86.765	408	54	0	1	408	1	408	4.89e-140	493
Ga0374739_41_2596_2994	CP000239.1:1308992-1309463|CDS|CYA_1300	99.749	399	1	0	1	399	73	471	0.0	716
Ga0374739_41_2596_2994	CP000240.1:956126-956597|CDS|CYB_0919	86.216	399	55	0	1	399	73	471	1.56e-133	472
Ga0374739_43_1878_2414	CP000239.1:578156-578693|CDS|CYA_0564	100.000	537	0	0	1	537	1	537	0.0	969
Ga0374739_43_2443_3036	CP000239.1:578721-579414|CDS|CYA_0565	100.000	594	0	0	1	594	100	693	0.0	1072
Ga0374739_43_2443_3036	CP000240.1:1369404-1370121|CDS|CYB_1306	73.108	621	130	8	1	594	100	710	2.54e-101	365
Ga0374739_44_62_307	CP000239.1:2884108-2884477|CDS|CYA_2867	100.000	246	0	0	1	246	124	369	1.29e-125	444
Ga0374739_44_62_307	CP000240.1:1560911-1561280|CDS|CYB_1484	84.490	245	38	0	1	245	124	368	1.68e-73	271
Ga0374739_44_361_924	CP000239.1:2883500-2884055|CDS|CYA_2866	99.634	546	2	0	1	546	1	546	0.0	976
Ga0374739_44_361_924	CP000240.1:1561334-1561886|CDS|CYB_1485	83.789	549	89	0	1	549	1	549	1.16e-168	590
Ga0374739_44_964_1503	CP000239.1:2882904-2883444|CDS|CYA_2865	100.000	540	0	0	1	540	1	540	0.0	975
Ga0374739_44_964_1503	CP000240.1:1562118-1562664|CDS|CYB_1486	81.544	531	92	1	16	540	16	546	5.75e-147	517
Ga0374739_44_1616_2068	CP000239.1:2882339-2882792|CDS|CYA_2864	100.000	453	0	0	1	453	1	453	0.0	818
Ga0374739_44_1616_2068	CP000240.1:1331509-1331944|CDS|CYB_1274	79.808	416	82	2	39	453	21	435	1.91e-101	365
Ga0374739_44_2076_2999	CP000239.1:2881408-2882332|CDS|CYA_2863	99.675	924	3	0	1	924	1	924	0.0	1654
Ga0374739_44_2076_2999	CP000240.1:2615877-2616801|CDS|CYB_2518	81.818	924	164	4	1	922	1	922	0.0	895
Ga0374739_45_471_1238	CP000239.1:941581-942214|CDS|CYA_0932	100.000	633	0	0	136	768	1	633	0.0	1142
Ga0374739_45_471_1238	CP000240.1:1078723-1079557|CDS|CYB_1037	72.053	755	207	4	16	768	82	834	1.95e-110	397
Ga0374739_45_1235_2185	CP000240.1:1077776-1078727|CDS|CYB_1036	75.647	928	224	2	25	951	25	951	0.0	648
Ga0374739_47_1002_1373	CP000239.1:581170-581542|CDS|CYA_0567	99.731	372	1	0	1	372	1	372	0.0	667
Ga0374739_47_1002_1373	CP000240.1:1371846-1372218|CDS|CYB_1308	83.871	372	60	0	1	372	1	372	2.15e-112	401
Ga0374739_48_239_1027	CP000239.1:937911-938700|CDS|CYA_0928	100.000	789	0	0	1	789	1	789	0.0	1424
Ga0374739_48_239_1027	CP000240.1:1082301-1083090|CDS|CYB_1041	86.439	789	107	0	1	789	1	789	0.0	941
Ga0374739_48_1024_1485	CP000239.1:938696-939455|CDS|CYA_0929	100.000	462	0	0	1	462	298	759	0.0	834
Ga0374739_48_1024_1485	CP000240.1:1081522-1082305|CDS|CYB_1040	87.269	432	55	0	1	432	298	729	2.22e-151	532
Ga0374739_48_1851_2630	CP000239.1:939522-940422|CDS|CYA_0930	91.282	780	44	4	1	780	145	900	0.0	1104
Ga0374739_48_1851_2630	CP000240.1:1080663-1081458|CDS|CYB_1039	87.549	771	81	2	1	756	1	771	0.0	963
Ga0374739_49_1233_1607	CP000239.1:1584647-1585166|CDS|CYA_1575	100.000	375	0	0	1	375	145	519	0.0	677
Ga0374739_49_1781_2431	CP000239.1:1583967-1584618|CDS|CYA_1574	100.000	651	0	0	1	651	1	651	0.0	1175
Ga0374739_49_1781_2431	CP000240.1:394511-395162|CDS|CYB_0379	86.207	638	88	0	1	638	1	638	0.0	755
Ga0374739_50_639_956	CP000239.1:2841218-2841914|CDS|CYA_2823	100.000	318	0	0	1	318	379	696	1.40e-164	574
Ga0374739_50_1358_2110	CP000239.1:2840400-2841195|CDS|CYA_2822	100.000	753	0	0	1	753	43	795	0.0	1359
Ga0374739_50_1358_2110	CP000240.1:855382-856177|CDS|CYB_0825	88.253	681	80	0	73	753	115	795	0.0	868
Ga0374739_52_1781_2197	CP000239.1:2843282-2843699|CDS|CYA_2825	100.000	417	0	0	1	417	1	417	0.0	753
Ga0374739_52_1781_2197	CP000240.1:858030-858567|CDS|CYB_0827	80.362	387	54	3	1	367	94	478	2.13e-100	362
Ga0374739_53_295_816	CP000239.1:2820790-2821531|CDS|CYA_2803	99.617	522	2	0	1	522	220	741	0.0	933
Ga0374739_53_295_816	CP000240.1:996437-997175|CDS|CYB_0958	82.778	540	75	2	1	522	199	738	1.49e-160	563
Ga0374739_53_848_1156	CP000239.1:2820450-2820759|CDS|CYA_2802	99.353	309	2	0	1	309	1	309	5.40e-157	549
Ga0374739_53_848_1156	CP000240.1:997206-997515|CDS|CYB_0959	84.912	285	43	0	25	309	25	309	4.75e-88	321
Ga0374739_54_444_719	CP000239.1:2738225-2738507|CDS|CYA_2719	99.638	276	1	0	1	276	7	282	3.22e-140	494
Ga0374739_54_444_719	CP000240.1:1050508-1050784|CDS|CYB_1011	87.319	276	35	0	1	276	1	276	4.49e-94	341
Ga0374739_54_1100_1870	CP000239.1:2741782-2742499|CDS|CYA_2726	89.212	723	69	3	52	771	1	717	0.0	948
Ga0374739_54_1100_1870	CP000240.1:1049216-1049963|CDS|CYB_1009	80.247	729	129	5	44	769	29	745	0.0	657
Ga0374739_55_1_438	CP000239.1:1087801-1088257|CDS|CYA_1071	100.000	438	0	0	1	438	19	456	0.0	791
Ga0374739_55_1_438	CP000240.1:276170-276629|CDS|CYB_0261	87.972	424	51	0	1	424	19	442	1.72e-152	535
Ga0374739_55_705_2399	CP000239.1:1088472-1090218|CDS|CYA_1072	99.882	1695	2	0	1	1695	52	1746	0.0	3048
Ga0374739_55_705_2399	CP000240.1:1033029-1034934|CDS|CYB_0996	82.506	1652	289	0	37	1688	247	1898	0.0	1677
Ga0374739_56_669_1649	CP000239.1:1734517-1735498|CDS|CYA_1730	97.044	981	29	0	1	981	1	981	0.0	1639
Ga0374739_56_669_1649	CP000240.1:2001750-2002731|CDS|CYB_1917	95.311	981	46	0	1	981	1	981	0.0	1563
Ga0374739_56_1660_2406	CP000240.1:2002740-2004036|CDS|CYB_1918	94.511	747	41	0	1	747	550	1296	0.0	1163
Ga0374739_56_1660_2406	CP000239.1:1733212-1734508|CDS|CYA_1729	94.244	747	43	0	1	747	550	1296	0.0	1154
Ga0374739_57_15_425	CP000239.1:1577758-1578805|CDS|CYA_1569	99.513	411	2	0	1	411	637	1047	0.0	733
Ga0374739_57_15_425	CP000240.1:1900080-1901127|CDS|CYB_1815	88.480	408	47	0	2	409	638	1045	2.91e-149	525
Ga0374739_57_466_2103	CP000239.1:1578941-1580483|CDS|CYA_1570	98.768	1542	19	0	97	1638	1	1542	0.0	2696
Ga0374739_57_466_2103	CP000240.1:1901328-1902870|CDS|CYB_1816	88.055	1532	183	0	103	1634	7	1538	0.0	1939
Ga0374739_58_267_608	CP000240.1:2850969-2851659|CDS|CYB_2753	78.551	345	59	4	13	342	346	690	3.82e-77	285
Ga0374739_58_267_608	CP000239.1:2165820-2166285|CDS|CYA_2154	78.261	345	60	4	13	342	121	465	4.65e-76	280
Ga0374739_58_939_1934	CP000239.1:2164602-2165586|CDS|CYA_2152	99.898	984	1	0	13	996	1	984	0.0	1771
Ga0374739_58_939_1934	CP000240.1:2851657-2852635|CDS|CYB_2755	88.946	968	107	0	13	980	1	968	0.0	1264
Ga0374739_59_275_1057	CP000240.1:126235-127117|CDS|CYB_0112	93.487	783	51	0	1	783	100	882	0.0	1183
Ga0374739_59_275_1057	CP000239.1:2867887-2868757|CDS|CYA_2852	86.877	762	100	0	1	762	76	837	0.0	924
Ga0374739_59_1202_1852	CP000240.1:127261-127912|CDS|CYB_0113	93.702	651	41	0	1	651	1	651	0.0	990
Ga0374739_59_1202_1852	CP000239.1:2864614-2865265|CDS|CYA_2849	87.846	650	79	0	1	650	1	650	0.0	817
Ga0374739_60_553_2109	CP000239.1:1580612-1582763|CDS|CYA_1571	99.936	1557	1	0	1	1557	595	2151	0.0	2804
Ga0374739_60_553_2109	CP000240.1:390960-393057|CDS|CYB_0376	83.798	1506	220	3	7	1488	532	2037	0.0	1625
Ga0374739_61_73_1137	CP000239.1:1288197-1289262|CDS|CYA_1274	99.531	1065	5	0	1	1065	1	1065	0.0	1899
Ga0374739_61_73_1137	CP000239.1:1850153-1851218|CDS|CYA_1849	99.155	1065	9	0	1	1065	1	1065	0.0	1881
Ga0374739_61_73_1137	CP000239.1:1814549-1815614|CDS|CYA_1811	98.965	1063	11	0	1	1063	1	1063	0.0	1868
Ga0374739_61_73_1137	CP000240.1:384572-385637|CDS|CYB_0371	92.850	1063	76	0	1	1063	1	1063	0.0	1575
Ga0374739_61_73_1137	CP000240.1:443946-445011|CDS|CYB_0433	92.756	1063	77	0	1	1063	1	1063	0.0	1571
Ga0374739_61_73_1137	CP000240.1:226513-227569|CDS|CYB_0216	73.568	995	248	8	49	1034	58	1046	7.80e-168	587
Ga0374739_61_73_1137	CP000239.1:1753540-1754599|CDS|CYA_1748	72.957	991	261	6	49	1034	58	1046	3.78e-159	559
Ga0374739_61_1207_1632	CP000239.1:1289331-1289757|CDS|CYA_1275	100.000	426	0	0	1	426	1	426	0.0	769
Ga0374739_61_1207_1632	CP000240.1:383611-384154|CDS|CYB_0370	83.047	407	63	1	1	401	103	509	2.18e-119	425
Ga0374739_61_1645_1734	CP000239.1:1289746-1289896|CDS|CYA_1276	100.000	90	0	0	1	90	113	24	1.95e-41	163
Ga0374739_61_1645_1734	CP000240.1:383611-384154|CDS|CYB_0370	80.899	89	17	0	1	89	1	89	1.50e-17	85.1
Ga0374739_61_1731_1862	CP000240.1:383135-383615|CDS|CYB_0368	89.189	111	12	0	1	111	364	474	2.39e-36	147
Ga0374739_61_1731_1862	CP000239.1:2253780-2254269|CDS|CYA_2241	83.607	122	20	0	1	122	364	485	1.83e-31	131
Ga0374739_61_1862_1990	CP000240.1:383135-383615|CDS|CYB_0368	89.831	118	12	0	1	118	220	337	3.68e-40	159
Ga0374739_61_1862_1990	CP000239.1:2253780-2254269|CDS|CYA_2241	82.203	118	21	0	1	118	220	337	1.13e-27	119
