Ga0374847_01_12_197	CP000240.1:2135169-2135931|CDS|CYB_2033	99.462	186	1	0	1	186	577	762	1.50e-91	332
Ga0374847_01_12_197	CP000239.1:2320812-2321619|CDS|CYA_2318	84.946	186	28	0	1	186	622	807	3.53e-55	210
Ga0374847_01_497_1294	CP000239.1:2321825-2322668|CDS|CYA_2319	75.938	773	151	9	3	771	72	813	5.08e-156	547
Ga0374847_01_1362_1967	CP000240.1:2136178-2136736|CDS|CYB_2034	94.626	521	25	2	89	606	38	558	0.0	808
Ga0374847_01_1976_2677	CP000240.1:2136744-2137446|CDS|CYB_2035	98.718	702	9	0	1	702	1	702	0.0	1226
Ga0374847_01_1976_2677	CP000239.1:2323267-2323912|CDS|CYA_2321	72.938	691	130	5	1	691	1	634	2.47e-121	433
Ga0374847_01_2790_3485	CP000240.1:2137432-2138263|CDS|CYB_2036	97.731	661	15	0	1	661	127	787	0.0	1125
Ga0374847_01_2790_3485	CP000239.1:2323898-2324714|CDS|CYA_2322	76.583	679	159	0	2	680	107	785	3.88e-144	508
Ga0374847_01_3619_5019	CP000240.1:2138246-2139731|CDS|CYB_2037	94.281	1329	76	0	73	1401	157	1485	0.0	2055
Ga0374847_01_3619_5019	CP000239.1:2324912-2326232|CDS|CYA_2323	87.273	1320	168	0	82	1401	1	1320	0.0	1624
Ga0374847_01_5160_5786	CP000240.1:2139781-2140498|CDS|CYB_2038	97.608	627	15	0	1	627	91	717	0.0	1064
Ga0374847_01_5160_5786	CP000239.1:2326262-2326955|CDS|CYA_2325	83.573	627	103	0	1	627	67	693	0.0	667
Ga0374847_01_6107_7444	CP000240.1:2140818-2142156|CDS|CYB_2039	97.683	1338	31	0	1	1338	1	1338	0.0	2274
Ga0374847_01_6107_7444	CP000239.1:75902-77240|CDS|CYA_0077	83.308	1342	214	4	1	1337	1	1337	0.0	1402
Ga0374847_01_7547_7771	CP000240.1:2142258-2142483|CDS|CYB_2040	93.333	225	15	0	1	225	1	225	1.25e-93	339
Ga0374847_01_7547_7771	CP000239.1:77337-77559|CDS|CYA_0078	85.780	218	31	0	7	224	4	221	4.09e-68	254
Ga0374847_01_8069_8200	CP000240.1:2142771-2143104|CDS|CYB_2041	99.242	132	1	0	1	132	141	10	2.09e-62	234
Ga0374847_01_8204_8392	CP000240.1:2142771-2143104|CDS|CYB_2041	96.721	183	6	0	1	183	145	327	2.12e-83	304
Ga0374847_01_8204_8392	CP000239.1:77912-78449|CDS|CYA_0079	77.596	183	41	0	1	183	349	531	1.26e-35	146
Ga0374847_01_8517_8759	CP000240.1:2143236-2143479|CDS|CYB_2042	100.000	241	0	0	1	241	1	241	6.60e-123	435
Ga0374847_01_8517_8759	CP000239.1:78556-79003|CDS|CYA_0080	92.050	239	19	0	1	239	205	443	9.18e-96	346
Ga0374847_01_8948_9856	CP000240.1:2143769-2144576|CDS|CYB_2043	99.504	807	4	0	103	909	1	807	0.0	1438
Ga0374847_01_9867_11693	CP000240.1:2144572-2146399|CDS|CYB_2045	97.373	1827	48	0	1	1827	1	1827	0.0	3079
Ga0374847_01_9867_11693	CP000239.1:79111-80905|CDS|CYA_0082	81.682	1796	294	10	31	1822	25	1789	0.0	1743
Ga0374847_01_11617_12630	CP000240.1:2146322-2147387|CDS|CYB_2044	91.831	1065	36	1	1	1014	1	1065	0.0	1571
Ga0374847_01_11617_12630	CP000239.1:80828-81851|CDS|CYA_0081	84.232	964	152	0	51	1014	60	1023	0.0	1054
Ga0374847_01_12953_13609	CP000240.1:2147547-2148366|CDS|CYB_2046	98.174	657	12	0	1	657	163	819	0.0	1131
Ga0374847_01_12953_13609	CP000239.1:82002-82824|CDS|CYA_0083	81.997	661	108	4	1	657	169	822	0.0	648
Ga0374847_01_13759_14469	CP000240.1:2148515-2149226|CDS|CYB_2047	97.750	711	16	0	1	711	1	711	0.0	1211
Ga0374847_01_13759_14469	CP000239.1:82981-83692|CDS|CYA_0084	88.652	705	80	0	7	711	7	711	0.0	911
Ga0374847_01_14575_14886	CP000240.1:2149331-2149643|CDS|CYB_2048	91.026	312	28	0	1	312	1	312	2.48e-123	437
Ga0374847_01_14575_14886	CP000240.1:2149241-2149673|CDS|CYB_2049	91.026	312	28	0	1	312	402	91	2.48e-123	437
Ga0374847_01_15036_15437	CP000240.1:2149724-2150195|CDS|CYB_2050	97.761	402	9	0	1	402	70	471	0.0	685
Ga0374847_01_15036_15437	CP000239.1:84184-84595|CDS|CYA_0086	81.281	406	71	3	1	402	1	405	2.19e-106	381
Ga0374847_01_15440_17080	CP000240.1:2150251-2151814|CDS|CYB_2051	94.833	1587	58	1	55	1641	1	1563	0.0	2510
Ga0374847_01_15440_17080	CP000239.1:84591-86178|CDS|CYA_0088	82.756	1589	242	4	1	1588	1	1558	0.0	1642
Ga0374847_01_17118_18095	CP000240.1:2151851-2152631|CDS|CYB_2052	100.000	780	0	0	199	978	1	780	0.0	1407
Ga0374847_01_18154_18720	CP000239.1:1152933-1153500|CDS|CYA_1127	100.000	567	0	0	1	567	1	567	0.0	1023
Ga0374847_01_18154_18720	CP000239.1:1012514-1013081|CDS|CYA_0998	100.000	567	0	0	1	567	1	567	0.0	1023
Ga0374847_01_18154_18720	CP000239.1:2653692-2654259|CDS|CYA_2637	99.471	567	3	0	1	567	1	567	0.0	1010
Ga0374847_01_18154_18720	CP000239.1:1290362-1291310|CDS|CYA_1279	99.295	567	4	0	1	567	382	948	0.0	1005
Ga0374847_01_18154_18720	CP000239.1:2728909-2729476|CDS|CYA_2710	99.118	567	5	0	1	567	1	567	0.0	1001
Ga0374847_01_18154_18720	CP000239.1:1612111-1613059|CDS|CYA_1604	98.765	567	7	0	1	567	382	948	0.0	992
Ga0374847_01_18154_18720	CP000239.1:51699-52647|CDS|CYA_0053	98.765	567	7	0	1	567	382	948	0.0	992
Ga0374847_01_18154_18720	CP000239.1:1664315-1664882|CDS|CYA_1662	98.060	567	11	0	1	567	1	567	0.0	974
Ga0374847_01_18154_18720	CP000239.1:1368174-1368741|CDS|CYA_1360	98.060	567	11	0	1	567	1	567	0.0	974
Ga0374847_01_18154_18720	CP000239.1:1300214-1300781|CDS|CYA_1289	98.060	567	11	0	1	567	1	567	0.0	974
Ga0374847_01_18154_18720	CP000239.1:1321049-1321982|CDS|CYA_1311	97.350	566	0	1	2	567	383	933	0.0	963
Ga0374847_01_18154_18720	CP000239.1:2101215-2101767|CDS|CYA_2081	97.002	567	2	1	1	567	1	552	0.0	956
Ga0374847_01_18154_18720	CP000239.1:34936-35488|CDS|CYA_0038	96.649	567	4	1	1	567	1	552	0.0	947
Ga0374847_01_18154_18720	CP000239.1:2863003-2863513|CDS|CYA_2846	99.216	510	4	0	58	567	1	510	0.0	902
Ga0374847_01_18702_19100	CP000239.1:2728529-2728928|CDS|CYA_2709	99.749	399	1	0	1	399	1	399	0.0	716
Ga0374847_01_18702_19100	CP000239.1:1152553-1152952|CDS|CYA_1126	99.749	399	1	0	1	399	1	399	0.0	716
Ga0374847_01_18702_19100	CP000239.1:1013062-1013461|CDS|CYA_0999	99.749	399	1	0	1	399	1	399	0.0	716
Ga0374847_01_18702_19100	CP000239.1:34556-34955|CDS|CYA_0037	99.749	399	1	0	1	399	1	399	0.0	716
Ga0374847_01_18702_19100	CP000239.1:1290362-1291310|CDS|CYA_1279	99.750	400	0	1	1	399	1	400	0.0	714
Ga0374847_01_18702_19100	CP000239.1:1663935-1664334|CDS|CYA_1661	99.499	399	2	0	1	399	1	399	0.0	711
Ga0374847_01_18702_19100	CP000239.1:1300762-1301161|CDS|CYA_1291	99.499	399	2	0	1	399	1	399	0.0	711
Ga0374847_01_18702_19100	CP000239.1:1612111-1613059|CDS|CYA_1604	99.500	400	1	1	1	399	1	400	0.0	710
Ga0374847_01_18702_19100	CP000239.1:1321049-1321982|CDS|CYA_1311	99.500	400	1	1	1	399	1	400	0.0	710
Ga0374847_01_18702_19100	CP000239.1:51699-52647|CDS|CYA_0053	99.500	400	1	1	1	399	1	400	0.0	710
Ga0374847_01_18702_19100	CP000239.1:2862566-2862965|CDS|CYA_2845	99.248	399	3	0	1	399	1	399	0.0	707
Ga0374847_01_18702_19100	CP000239.1:1367794-1368193|CDS|CYA_1358	99.248	399	3	0	1	399	1	399	0.0	707
Ga0374847_01_18702_19100	CP000239.1:2740042-2740447|CDS|CYA_2722	99.248	399	2	1	1	399	1	398	0.0	703
Ga0374847_01_18702_19100	CP000239.1:2026942-2027347|CDS|CYA_2010	99.248	399	2	1	1	399	1	398	0.0	703
Ga0374847_01_18702_19100	CP000239.1:2654240-2654639|CDS|CYA_2639	98.997	399	4	0	1	399	1	399	0.0	702
Ga0374847_01_18702_19100	CP000239.1:2101748-2102147|CDS|CYA_2082	98.747	399	5	0	1	399	1	399	0.0	698
Ga0374847_01_19844_20347	CP000240.1:2153281-2153917|CDS|CYB_2053	100.000	504	0	0	1	504	133	636	0.0	910
Ga0374847_01_20936_21304	CP000240.1:2750791-2751199|CDS|CYB_2663	99.729	369	1	0	1	369	40	408	0.0	662
Ga0374847_01_20936_21304	CP000240.1:2182109-2182517|CDS|CYB_2086	99.729	369	1	0	1	369	40	408	0.0	662
Ga0374847_01_20936_21304	CP000240.1:1332150-1332558|CDS|CYB_1275	99.729	369	1	0	1	369	40	408	0.0	662
Ga0374847_01_20936_21304	CP000240.1:214453-214861|CDS|CYB_0203	99.729	369	1	0	1	369	40	408	0.0	662
Ga0374847_01_20936_21304	CP000240.1:210759-211167|CDS|CYB_0198	99.729	369	1	0	1	369	40	408	0.0	662
Ga0374847_01_20936_21304	CP000240.1:2692187-2692595|CDS|CYB_2591	99.458	369	2	0	1	369	40	408	0.0	657
Ga0374847_01_20936_21304	CP000240.1:2505835-2506243|CDS|CYB_2408	99.458	369	2	0	1	369	40	408	0.0	657
Ga0374847_01_20936_21304	CP000240.1:2353707-2354115|CDS|CYB_2249	99.458	369	2	0	1	369	40	408	0.0	657
Ga0374847_01_20936_21304	CP000240.1:2165635-2166043|CDS|CYB_2068	99.458	369	2	0	1	369	40	408	0.0	657
Ga0374847_01_20936_21304	CP000240.1:1639015-1639423|CDS|CYB_1566	99.458	369	2	0	1	369	40	408	0.0	657
Ga0374847_01_20936_21304	CP000240.1:1128193-1128601|CDS|CYB_1093	99.458	369	2	0	1	369	40	408	0.0	657
Ga0374847_01_20936_21304	CP000240.1:2728785-2729193|CDS|CYB_2639	99.187	369	3	0	1	369	40	408	0.0	653
Ga0374847_01_20936_21304	CP000240.1:2571340-2571748|CDS|CYB_2475	99.187	369	3	0	1	369	40	408	0.0	653
Ga0374847_01_20936_21304	CP000240.1:651866-652274|CDS|CYB_0641	99.187	369	3	0	1	369	40	408	0.0	653
Ga0374847_01_20936_21304	CP000240.1:65861-66269|CDS|CYB_0052	99.187	369	3	0	1	369	40	408	0.0	653
Ga0374847_01_20936_21304	CP000240.1:1839104-1839512|CDS|CYB_1755	98.916	369	4	0	1	369	40	408	0.0	648
Ga0374847_01_20936_21304	CP000240.1:1750145-1750553|CDS|CYB_1672	98.916	369	4	0	1	369	40	408	0.0	648
Ga0374847_01_21301_21678	CP000240.1:2692552-2692930|CDS|CYB_2592	100.000	378	0	0	1	378	1	378	0.0	682
Ga0374847_01_21301_21678	CP000240.1:2505500-2505878|CDS|CYB_2407	100.000	378	0	0	1	378	1	378	0.0	682
Ga0374847_01_21301_21678	CP000240.1:2354072-2354450|CDS|CYB_2250	100.000	378	0	0	1	378	1	378	0.0	682
Ga0374847_01_21301_21678	CP000240.1:2165300-2165678|CDS|CYB_2067	100.000	378	0	0	1	378	1	378	0.0	682
Ga0374847_01_21301_21678	CP000240.1:1839469-1839847|CDS|CYB_1756	100.000	378	0	0	1	378	1	378	0.0	682
Ga0374847_01_21301_21678	CP000240.1:1127858-1128236|CDS|CYB_1092	100.000	378	0	0	1	378	1	378	0.0	682
Ga0374847_01_21301_21678	CP000240.1:2750456-2750834|CDS|CYB_2662	99.735	378	1	0	1	378	1	378	0.0	678
Ga0374847_01_21301_21678	CP000240.1:2728450-2728828|CDS|CYB_2638	99.735	378	1	0	1	378	1	378	0.0	678
Ga0374847_01_21301_21678	CP000240.1:2571005-2571383|CDS|CYB_2474	99.735	378	1	0	1	378	1	378	0.0	678
Ga0374847_01_21301_21678	CP000240.1:2181774-2182152|CDS|CYB_2085	99.735	378	1	0	1	378	1	378	0.0	678
Ga0374847_01_21301_21678	CP000240.1:1750510-1750888|CDS|CYB_1673	99.735	378	1	0	1	378	1	378	0.0	678
Ga0374847_01_21301_21678	CP000240.1:1639380-1639758|CDS|CYB_1567	99.735	378	1	0	1	378	1	378	0.0	678
Ga0374847_01_21301_21678	CP000240.1:1332515-1332893|CDS|CYB_1276	99.735	378	1	0	1	378	1	378	0.0	678
Ga0374847_01_21301_21678	CP000240.1:214818-215196|CDS|CYB_0204	99.735	378	1	0	1	378	1	378	0.0	678
Ga0374847_01_21301_21678	CP000240.1:210424-210802|CDS|CYB_0197	99.735	378	1	0	1	378	1	378	0.0	678
Ga0374847_01_21301_21678	CP000240.1:66226-66604|CDS|CYB_0053	99.735	378	1	0	1	378	1	378	0.0	678
Ga0374847_01_21834_21971	CP000240.1:2154209-2154347|CDS|CYB_2054	92.029	138	11	0	1	138	1	138	4.55e-52	200
Ga0374847_01_22057_23058	CP000240.1:2154432-2155266|CDS|CYB_2055	97.962	834	17	0	169	1002	1	834	0.0	1428
Ga0374847_01_22057_23058	CP000239.1:86174-87005|CDS|CYA_0087	84.493	819	125	2	173	990	2	819	0.0	898
Ga0374847_01_23118_23636	CP000240.1:2155497-2156064|CDS|CYB_2056	98.459	519	8	0	1	519	49	567	0.0	901
Ga0374847_01_23118_23636	CP000239.1:87208-87829|CDS|CYA_0089	86.087	460	64	0	48	507	150	609	1.39e-154	542
Ga0374847_01_23973_24158	CP000240.1:2156366-2156552|CDS|CYB_2057	100.000	186	0	0	1	186	1	186	3.52e-93	336
Ga0374847_01_23973_24158	CP000239.1:88001-88187|CDS|CYA_0090	95.161	186	9	0	1	186	1	186	1.08e-80	296
Ga0374847_01_24301_24993	CP000240.1:2156694-2157387|CDS|CYB_2059	96.970	693	21	0	1	693	1	693	0.0	1156
Ga0374847_01_24301_24993	CP000239.1:89674-90367|CDS|CYA_0092	86.608	687	92	0	1	687	1	687	0.0	825
Ga0374847_01_24993_25649	CP000240.1:2157386-2158043|CDS|CYB_2060	99.696	657	2	0	1	657	1	657	0.0	1177
Ga0374847_01_24993_25649	CP000239.1:90366-91023|CDS|CYA_0093	83.409	657	109	0	1	657	1	657	0.0	694
Ga0374847_01_25905_27023	CP000240.1:2158298-2159417|CDS|CYB_2061	99.553	1119	5	0	1	1119	1	1119	0.0	1996
Ga0374847_01_25905_27023	CP000239.1:91261-92380|CDS|CYA_0094	86.238	1119	154	0	1	1119	1	1119	0.0	1324
Ga0374847_01_27311_27655	CP000240.1:2159577-2160048|CDS|CYB_2062	99.130	345	3	0	1	345	127	471	7.40e-175	609
Ga0374847_01_27311_27655	CP000239.1:92496-92991|CDS|CYA_0095	80.781	333	57	3	9	336	159	489	1.18e-83	306
Ga0374847_01_27729_28073	CP000240.1:2160121-2160466|CDS|CYB_2063	97.626	337	8	0	1	337	1	337	5.33e-164	572
Ga0374847_01_27729_28073	CP000239.1:93104-93449|CDS|CYA_0096	84.802	329	50	0	1	329	1	329	1.18e-102	369
Ga0374847_01_28398_29756	CP000240.1:2160616-2162161|CDS|CYB_2064	96.032	1361	51	1	2	1359	185	1545	0.0	2210
Ga0374847_01_28398_29756	CP000239.1:93642-95199|CDS|CYA_0097	82.979	1363	220	4	1	1351	184	1546	0.0	1406
Ga0374847_01_29896_31065	CP000240.1:2162300-2163470|CDS|CYB_2065	97.778	1170	26	0	1	1170	1	1170	0.0	1994
Ga0374847_01_29896_31065	CP000239.1:95381-96572|CDS|CYA_0099	85.981	1177	144	4	1	1156	1	1177	0.0	1380
Ga0374847_01_31062_32843	CP000240.1:2163802-2165248|CDS|CYB_2066	99.308	1446	10	0	337	1782	1	1446	0.0	2563
Ga0374847_01_31062_32843	CP000239.1:96916-98413|CDS|CYA_0100	81.563	1497	240	2	322	1782	1	1497	0.0	1480
Ga0374847_01_33607_33825	CP000240.1:2166532-2166751|CDS|CYB_2069	98.174	219	4	0	1	219	1	219	1.38e-105	378
Ga0374847_01_33607_33825	CP000239.1:98506-98725|CDS|CYA_0102	84.862	218	33	0	1	218	1	218	2.06e-65	245
Ga0374847_01_33956_35389	CP000240.1:2166881-2168315|CDS|CYB_2070	99.303	1434	10	0	1	1434	1	1434	0.0	2542
Ga0374847_01_33956_35389	CP000239.1:98856-100326|CDS|CYA_0103	85.563	1420	203	2	1	1419	1	1419	0.0	1630
Ga0374847_01_35509_35805	CP000240.1:2169714-2170011|CDS|CYB_2072	97.306	297	8	0	1	297	1	297	2.35e-142	500
Ga0374847_01_35509_35805	CP000239.1:2478894-2479182|CDS|CYA_2468	87.603	242	30	0	1	242	1	242	1.22e-82	302
Ga0374847_01_35967_36455	CP000240.1:2170172-2170661|CDS|CYB_2073	99.182	489	4	0	1	489	1	489	0.0	865
Ga0374847_01_35967_36455	CP000239.1:2479463-2479952|CDS|CYA_2469	87.885	454	55	0	1	454	1	454	2.68e-163	572
Ga0374847_02_989_1156	CP000240.1:1933937-1935041|CDS|CYB_1848	88.571	140	16	0	1	140	140	1	1.54e-46	181
Ga0374847_02_1263_2120	CP000240.1:1933937-1935041|CDS|CYB_1848	97.086	858	25	0	1	858	247	1104	0.0	1435
Ga0374847_02_1263_2120	CP000239.1:399355-400294|CDS|CYA_0385	83.236	859	127	4	1	858	97	939	0.0	898
Ga0374847_02_2324_2563	CP000240.1:1935155-1935377|CDS|CYB_1849	99.099	222	2	0	19	240	1	222	6.95e-110	392
Ga0374847_02_2324_2563	CP000239.1:398919-399153|CDS|CYA_0384	79.130	230	48	0	1	230	1	230	8.49e-52	199
Ga0374847_02_2613_2921	CP000240.1:1935444-1935825|CDS|CYB_1850	96.764	309	10	0	1	309	73	381	3.89e-146	513
Ga0374847_02_3076_3327	CP000240.1:1935907-1936156|CDS|CYB_1851	94.355	248	8	1	1	248	1	242	1.09e-107	386
Ga0374847_02_3076_3327	CP000239.1:398276-398516|CDS|CYA_0382	80.478	251	37	2	1	251	1	239	4.34e-62	234
Ga0374847_02_3324_4151	CP000240.1:1936471-1937302|CDS|CYB_1852	97.455	825	21	0	1	825	1	825	0.0	1394
Ga0374847_02_3324_4151	CP000239.1:397452-398280|CDS|CYA_0383	84.249	819	129	0	10	828	10	828	0.0	896
Ga0374847_02_4477_5532	CP000240.1:1937613-1938669|CDS|CYB_1854	98.011	1056	21	0	1	1056	1	1056	0.0	1810
Ga0374847_02_5733_5915	CP000240.1:1938869-1939052|CDS|CYB_1855	97.268	183	5	0	1	183	1	183	1.68e-84	308
Ga0374847_02_5733_5915	CP000239.1:396772-397039|CDS|CYA_0381	73.214	168	45	0	1	168	25	192	4.51e-22	101
Ga0374847_02_6030_6647	CP000240.1:1940029-1940677|CDS|CYB_1857	97.087	618	18	0	1	618	31	648	0.0	1034
Ga0374847_02_6030_6647	CP000239.1:395235-395853|CDS|CYA_0379	83.306	617	103	0	1	617	1	617	0.0	649
Ga0374847_02_6691_7152	CP000240.1:1940690-1941152|CDS|CYB_1858	98.696	460	6	0	1	460	1	460	0.0	803
Ga0374847_02_6691_7152	CP000239.1:394647-395193|CDS|CYA_0378	84.783	460	70	0	1	460	85	544	1.70e-146	515
Ga0374847_02_7223_8116	CP000240.1:1941222-1942116|CDS|CYB_1859	98.881	894	10	0	1	894	1	894	0.0	1568
Ga0374847_02_7223_8116	CP000239.1:393757-394651|CDS|CYA_0377	88.117	892	106	0	1	892	1	892	0.0	1131
Ga0374847_02_8360_9460	CP000240.1:1942419-1943460|CDS|CYB_1861	97.214	1041	29	0	61	1101	1	1041	0.0	1747
Ga0374847_02_8360_9460	CP000239.1:392444-393533|CDS|CYA_0376	87.385	1086	125	1	1	1086	1	1074	0.0	1348
Ga0374847_02_9827_10810	CP000240.1:1943850-1944834|CDS|CYB_1863	99.289	984	7	0	1	984	1	984	0.0	1744
Ga0374847_02_9827_10810	CP000239.1:391399-392383|CDS|CYA_0374	88.821	975	109	0	1	975	1	975	0.0	1268
Ga0374847_02_10765_11646	CP000240.1:1944788-1945670|CDS|CYB_1862	99.773	882	2	0	1	882	1	882	0.0	1582
Ga0374847_02_10765_11646	CP000239.1:390587-391445|CDS|CYA_0375	83.107	882	125	1	1	882	1	858	0.0	937
Ga0374847_02_11788_13764	CP000240.1:1945811-1947782|CDS|CYB_1864	97.926	1977	35	1	1	1977	1	1971	0.0	3382
Ga0374847_02_11788_13764	CP000239.1:388504-390457|CDS|CYA_0373	81.288	1988	302	11	1	1971	1	1935	0.0	1922
Ga0374847_02_14135_15658	CP000240.1:1948150-1949674|CDS|CYB_1865	99.147	1524	13	0	1	1524	1	1524	0.0	2691
Ga0374847_02_14135_15658	CP000239.1:1907092-1908622|CDS|CYA_1897	85.215	1515	222	2	1	1514	1	1514	0.0	1716
Ga0374847_02_15743_16339	CP000240.1:1949758-1950352|CDS|CYB_1866	98.660	597	5	1	1	597	1	594	0.0	1040
Ga0374847_02_15743_16339	CP000239.1:1908706-1909300|CDS|CYA_1898	84.746	590	87	1	1	590	1	587	0.0	657
Ga0374847_02_16546_17568	CP000240.1:1950553-1951576|CDS|CYB_1867	97.752	1023	23	0	1	1023	1	1023	0.0	1742
Ga0374847_02_16546_17568	CP000239.1:1909496-1910519|CDS|CYA_1899	85.920	973	137	0	47	1019	47	1019	0.0	1138
Ga0374847_02_17683_18369	CP000240.1:1951690-1952341|CDS|CYB_1868	98.464	651	10	0	37	687	1	651	0.0	1130
Ga0374847_02_17683_18369	CP000239.1:2730797-2731442|CDS|CYA_2713	84.270	623	92	1	37	659	1	617	0.0	683
Ga0374847_02_18450_18665	CP000240.1:1952457-1952673|CDS|CYB_1869	100.000	216	0	0	1	216	1	216	2.16e-109	390
Ga0374847_02_18450_18665	CP000239.1:2730463-2730679|CDS|CYA_2712	79.724	217	42	2	1	216	1	216	4.77e-48	187
Ga0374847_02_18690_19544	CP000240.1:1952697-1953552|CDS|CYB_1870	97.661	855	20	0	1	855	1	855	0.0	1452
Ga0374847_02_18690_19544	CP000239.1:2729585-2730440|CDS|CYA_2711	88.655	855	97	0	1	855	1	855	0.0	1105
Ga0374847_02_19685_20698	CP000240.1:1953692-1954718|CDS|CYB_1871	97.337	1014	27	0	1	1014	13	1026	0.0	1708
Ga0374847_02_19685_20698	CP000239.1:2727384-2728404|CDS|CYA_2708	88.363	1014	118	0	1	1014	7	1020	0.0	1297
Ga0374847_02_21026_22012	CP000240.1:1956263-1957358|CDS|CYB_1873	97.872	987	21	0	1	987	109	1095	0.0	1686
Ga0374847_02_21026_22012	CP000239.1:2726040-2726886|CDS|CYA_2706	83.294	844	141	0	143	986	2	845	0.0	887
Ga0374847_02_22435_23655	CP000240.1:1957777-1958914|CDS|CYB_1874	99.208	1137	9	0	85	1221	1	1137	0.0	2011
Ga0374847_02_22435_23655	CP000239.1:829653-830793|CDS|CYA_0818	83.319	1133	189	0	85	1217	1	1133	0.0	1192
Ga0374847_02_23833_25476	CP000240.1:1959184-1960810|CDS|CYB_1875	97.540	1626	40	0	19	1644	1	1626	0.0	2753
Ga0374847_02_25762_26226	CP000240.1:1961104-1961839|CDS|CYB_1876	98.533	409	6	0	57	465	327	735	0.0	711
Ga0374847_02_26159_27259	CP000240.1:1962898-1964065|CDS|CYB_1878	98.819	1101	13	0	1	1101	67	1167	0.0	1928
Ga0374847_02_26159_27259	CP000239.1:825881-827066|CDS|CYA_0815	87.557	1101	137	0	1	1101	85	1185	0.0	1369
Ga0374847_02_27401_28003	CP000240.1:1964140-1964701|CDS|CYB_1879	100.000	561	0	0	43	603	1	561	0.0	1012
Ga0374847_02_27401_28003	CP000239.1:825280-825838|CDS|CYA_0814	82.321	560	96	1	43	602	1	557	1.73e-160	563
Ga0374847_02_28065_28988	CP000240.1:1964804-1965716|CDS|CYB_1880	98.904	912	10	0	13	924	1	912	0.0	1600
Ga0374847_02_28065_28988	CP000239.1:150949-151867|CDS|CYA_0154	86.937	911	119	0	13	923	1	911	0.0	1107
Ga0374847_02_29070_29744	CP000240.1:1965809-1966484|CDS|CYB_1881	99.852	675	1	0	1	675	1	675	0.0	1214
Ga0374847_02_29070_29744	CP000239.1:150182-150857|CDS|CYA_0153	98.667	675	9	0	1	675	1	675	0.0	1177
Ga0374847_02_29731_30660	CP000239.1:149266-150196|CDS|CYA_0152	99.785	930	2	0	1	930	1	930	0.0	1669
Ga0374847_02_29731_30660	CP000240.1:1966470-1967400|CDS|CYB_1882	99.677	930	3	0	1	930	1	930	0.0	1664
Ga0374847_02_30665_31258	CP000239.1:148368-149262|CDS|CYA_0151	100.000	594	0	0	1	594	301	894	0.0	1072
Ga0374847_02_30665_31258	CP000240.1:1967404-1968298|CDS|CYB_1883	99.663	594	2	0	1	594	301	894	0.0	1063
Ga0374847_02_31555_32556	CP000240.1:1968294-1969296|CDS|CYB_1884	99.900	1002	1	0	1	1002	1	1002	0.0	1803
Ga0374847_02_31555_32556	CP000239.1:147370-148372|CDS|CYA_0150	99.800	1002	2	0	1	1002	1	1002	0.0	1799
Ga0374847_02_32541_33398	CP000240.1:1969280-1970906|CDS|CYB_1885	99.650	858	3	0	1	858	769	1626	0.0	1535
Ga0374847_02_32541_33398	CP000239.1:145760-147386|CDS|CYA_0149	99.417	858	5	0	1	858	769	1626	0.0	1526
Ga0374847_03_61_1425	CP000240.1:1683281-1684988|CDS|CYB_1611	96.190	1365	52	0	1	1365	343	1707	0.0	2228
Ga0374847_03_61_1425	CP000239.1:1420984-1422682|CDS|CYA_1414	88.425	1365	158	0	1	1365	334	1698	0.0	1750
Ga0374847_03_1495_2334	CP000240.1:1685057-1685897|CDS|CYB_1612	95.595	840	37	0	1	840	1	840	0.0	1349
Ga0374847_03_1495_2334	CP000239.1:1420077-1420917|CDS|CYA_1413	86.412	839	114	0	1	839	1	839	0.0	1000
Ga0374847_03_2467_4113	CP000240.1:1686155-1687736|CDS|CYB_1613	92.497	1586	101	5	55	1637	1	1571	0.0	2318
Ga0374847_03_2467_4113	CP000239.1:1418353-1419934|CDS|CYA_1412	92.119	1586	107	4	55	1637	1	1571	0.0	2296
Ga0374847_03_2467_4113	CP000239.1:1416274-1417909|CDS|CYA_1411	81.818	1650	282	4	1	1647	1	1635	0.0	1622
Ga0374847_03_4359_4430	CP000240.1:1687950-1688121|CDS|CYB_1614	100.000	72	0	0	1	72	32	103	8.51e-32	131
Ga0374847_03_4472_5635	CP000240.1:1688131-1689295|CDS|CYB_1616	96.306	1164	43	0	1	1164	1	1164	0.0	1906
Ga0374847_03_4472_5635	CP000239.1:1414753-1415917|CDS|CYA_1409	90.996	1155	104	0	10	1164	10	1164	0.0	1615
Ga0374847_03_5750_6544	CP000240.1:1689396-1690182|CDS|CYB_1617	95.674	786	34	0	10	795	1	786	0.0	1265
Ga0374847_03_5750_6544	CP000239.1:1413770-1414598|CDS|CYA_1408	82.452	775	132	2	1	773	1	773	0.0	780
Ga0374847_03_6883_8517	CP000240.1:1690529-1692164|CDS|CYB_1618	97.615	1635	39	0	1	1635	1	1635	0.0	2773
Ga0374847_03_6883_8517	CP000239.1:1411962-1413597|CDS|CYA_1407	89.786	1635	167	0	1	1635	1	1635	0.0	2196
Ga0374847_03_6883_8517	CP000239.1:349031-350660|CDS|CYA_0332	69.863	1606	458	10	1	1593	1	1593	0.0	693
Ga0374847_03_6883_8517	CP000240.1:1794623-1796243|CDS|CYB_1712	69.737	1520	426	13	82	1584	82	1584	0.0	640
Ga0374847_03_8608_8919	CP000240.1:1692254-1692566|CDS|CYB_1619	100.000	312	0	0	1	312	1	312	2.48e-161	563
Ga0374847_03_8608_8919	CP000239.1:1411584-1411896|CDS|CYA_1406	88.462	312	36	0	1	312	1	312	1.79e-112	401
Ga0374847_03_9146_9976	CP000240.1:1692810-1693674|CDS|CYB_1620	96.917	811	25	0	19	829	1	811	0.0	1351
Ga0374847_03_9146_9976	CP000239.1:1410527-1411340|CDS|CYA_1405	81.281	812	152	0	19	830	1	812	0.0	780
Ga0374847_03_10039_11022	CP000240.1:1693687-1694671|CDS|CYB_1621	96.341	984	36	0	1	984	1	984	0.0	1613
Ga0374847_03_10039_11022	CP000239.1:1409482-1410466|CDS|CYA_1404	84.756	984	150	0	1	984	1	984	0.0	1099
Ga0374847_03_11145_11663	CP000240.1:1694793-1695312|CDS|CYB_1622	98.459	519	8	0	1	519	1	519	0.0	901
Ga0374847_03_11145_11663	CP000239.1:1408486-1409005|CDS|CYA_1403	90.039	512	51	0	1	512	1	512	0.0	694
Ga0374847_03_11847_12164	CP000240.1:1695495-1695813|CDS|CYB_1623	97.170	318	9	0	1	318	1	318	4.28e-152	534
Ga0374847_03_11847_12164	CP000239.1:1407995-1408382|CDS|CYA_1402	83.544	316	52	0	1	316	70	385	6.37e-93	336
Ga0374847_03_12288_13607	CP000240.1:1695936-1697277|CDS|CYB_1624	97.197	1320	37	0	1	1320	22	1341	0.0	2214
Ga0374847_03_12288_13607	CP000239.1:1793010-1794354|CDS|CYA_1792	84.402	1263	188	3	1	1257	28	1287	0.0	1385
Ga0374847_03_14042_14554	CP000240.1:1697421-1697934|CDS|CYB_1625	100.000	513	0	0	1	513	1	513	0.0	926
Ga0374847_03_14042_14554	CP000239.1:1794530-1795040|CDS|CYA_1793	76.331	507	113	4	9	513	9	510	2.65e-100	362
Ga0374847_03_14571_15125	CP000240.1:1697950-1698505|CDS|CYB_1626	99.459	555	3	0	1	555	1	555	0.0	988
Ga0374847_03_14571_15125	CP000239.1:1795064-1795619|CDS|CYA_1794	85.405	555	81	0	1	555	1	555	0.0	636
Ga0374847_03_15280_16467	CP000240.1:1698659-1699937|CDS|CYB_1628	97.559	1188	29	0	1	1188	91	1278	0.0	2012
Ga0374847_03_15280_16467	CP000239.1:1795707-1797021|CDS|CYA_1795	84.389	1153	178	2	1	1152	115	1266	0.0	1261
Ga0374847_03_16746_17393	CP000240.1:1700083-1700773|CDS|CYB_1629	99.537	648	3	0	1	648	43	690	0.0	1156
Ga0374847_03_16746_17393	CP000239.1:1797226-1797874|CDS|CYA_1796	88.426	648	75	0	1	648	1	648	0.0	831
Ga0374847_03_17493_18005	CP000240.1:1700871-1701384|CDS|CYB_1630	99.610	513	2	0	1	513	1	513	0.0	917
Ga0374847_03_17493_18005	CP000239.1:1797969-1798464|CDS|CYA_1797	88.664	494	56	0	19	512	1	494	0.0	639
Ga0374847_03_18213_19328	CP000240.1:1701591-1702707|CDS|CYB_1631	98.297	1116	19	0	1	1116	1	1116	0.0	1928
Ga0374847_03_18213_19328	CP000239.1:1798606-1799752|CDS|CYA_1798	84.400	1109	173	0	1	1109	1	1109	0.0	1221
Ga0374847_03_19410_20495	CP000240.1:1702788-1703874|CDS|CYB_1632	97.422	1086	28	0	1	1086	1	1086	0.0	1833
Ga0374847_03_19410_20495	CP000239.1:1648459-1649500|CDS|CYA_1650	85.513	994	144	0	38	1031	2	995	0.0	1144
Ga0374847_03_20512_20727	CP000240.1:1703890-1704106|CDS|CYB_1633	98.148	216	4	0	1	216	1	216	5.79e-104	372
Ga0374847_03_20512_20727	CP000239.1:1649563-1649779|CDS|CYA_1651	86.512	215	29	0	1	215	1	215	3.21e-69	258
Ga0374847_03_20757_20951	CP000240.1:1704135-1704330|CDS|CYB_1634	99.487	195	1	0	1	195	1	195	2.06e-96	348
Ga0374847_03_20757_20951	CP000239.1:1649808-1650003|CDS|CYA_1652	90.769	195	18	0	1	195	1	195	1.30e-73	271
Ga0374847_03_21043_21720	CP000240.1:1704421-1705183|CDS|CYB_1635	97.935	678	14	0	1	678	85	762	0.0	1160
Ga0374847_03_21043_21720	CP000239.1:1650092-1650863|CDS|CYA_1653	84.490	677	105	0	2	678	95	771	0.0	748
Ga0374847_03_21936_22922	CP000240.1:1705314-1706301|CDS|CYB_1636	98.784	987	12	0	1	987	1	987	0.0	1727
Ga0374847_03_21936_22922	CP000239.1:1650994-1651969|CDS|CYA_1654	86.509	971	131	0	1	971	1	971	0.0	1161
Ga0374847_03_23033_23389	CP000240.1:1706411-1706768|CDS|CYB_1638	94.958	357	18	0	1	357	1	357	2.85e-161	563
Ga0374847_03_23033_23389	CP000239.1:1652091-1652448|CDS|CYA_1655	85.393	356	50	2	1	355	1	355	2.06e-112	401
Ga0374847_03_23427_24659	CP000240.1:1706803-1708045|CDS|CYB_1639	93.856	1237	67	1	1	1228	1	1237	0.0	1893
Ga0374847_03_23427_24659	CP000239.1:1652448-1653678|CDS|CYA_1656	76.152	1128	251	10	97	1215	91	1209	0.0	793
Ga0374847_03_24973_28332	CP000240.1:1708079-1712408|CDS|CYB_1640	97.201	3358	94	0	1	3358	964	4321	0.0	5633
Ga0374847_03_24973_28332	CP000239.1:1653664-1658044|CDS|CYA_1657	83.052	3375	503	19	1	3351	988	4317	0.0	3485
Ga0374847_04_304_1083	CP000240.1:2526098-2526854|CDS|CYB_2430	99.735	756	2	0	25	780	1	756	0.0	1355
Ga0374847_04_304_1083	CP000239.1:2683754-2684510|CDS|CYA_2667	78.704	756	161	0	25	780	1	756	0.0	638
Ga0374847_04_1518_2132	CP000240.1:2525263-2525857|CDS|CYB_2427	100.000	594	0	0	22	615	1	594	0.0	1072
Ga0374847_04_1518_2132	CP000239.1:2682822-2683404|CDS|CYA_2665	80.134	599	95	4	22	614	1	581	3.89e-156	548
Ga0374847_04_2129_3496	CP000240.1:2523863-2525267|CDS|CYB_2428	99.269	1368	10	0	1	1368	37	1404	0.0	2423
Ga0374847_04_2129_3496	CP000239.1:2681419-2682826|CDS|CYA_2666	80.859	1374	249	6	1	1362	31	1402	0.0	1278
Ga0374847_04_4259_5485	CP000240.1:2521911-2523540|CDS|CYB_2425	97.637	1227	29	0	1	1227	403	1629	0.0	2083
Ga0374847_04_4259_5485	CP000239.1:2679389-2681012|CDS|CYA_2663	83.961	1222	185	4	1	1221	403	1614	0.0	1313
Ga0374847_04_5601_6638	CP000240.1:2520572-2521610|CDS|CYB_2424	97.592	1038	25	0	1	1038	1	1038	0.0	1760
Ga0374847_04_5601_6638	CP000239.1:2678155-2679193|CDS|CYA_2662	87.909	1009	122	0	1	1009	1	1009	0.0	1270
Ga0374847_04_6674_6991	CP000240.1:2520219-2520537|CDS|CYB_2423	99.686	318	1	0	1	318	1	318	5.95e-163	570
Ga0374847_04_6674_6991	CP000239.1:2677849-2678146|CDS|CYA_2661	85.714	280	38	2	1	279	1	279	1.71e-87	318
Ga0374847_04_7007_7228	CP000240.1:2519961-2520204|CDS|CYB_2422	85.597	243	14	1	1	222	1	243	1.32e-80	296
Ga0374847_04_7297_9444	CP000240.1:2517516-2519619|CDS|CYB_2421	97.825	2069	45	0	64	2132	1	2069	0.0	3529
Ga0374847_04_7297_9444	CP000239.1:2675505-2677509|CDS|CYA_2659	90.281	1955	190	0	187	2141	34	1988	0.0	2670
Ga0374847_04_9634_10626	CP000240.1:2516271-2517282|CDS|CYB_2420	97.482	993	25	0	1	993	19	1011	0.0	1679
Ga0374847_04_9634_10626	CP000239.1:2673242-2674238|CDS|CYA_2657	90.389	978	94	0	16	993	19	996	0.0	1341
Ga0374847_04_10637_11104	CP000240.1:2515694-2516261|CDS|CYB_2419	99.359	468	3	0	1	468	100	567	0.0	831
Ga0374847_04_10637_11104	CP000239.1:2672674-2673235|CDS|CYA_2656	82.955	440	75	0	2	441	101	540	1.42e-128	456
Ga0374847_04_11208_12026	CP000240.1:2514925-2515690|CDS|CYB_2418	97.653	767	14	2	55	819	1	765	0.0	1297
Ga0374847_04_11208_12026	CP000239.1:2671899-2672670|CDS|CYA_2655	85.736	659	90	2	163	819	115	771	0.0	760
Ga0374847_04_12023_12697	CP000240.1:2514221-2514875|CDS|CYB_2417	99.388	654	4	0	22	675	1	654	0.0	1162
Ga0374847_04_12023_12697	CP000239.1:2671273-2671909|CDS|CYA_2654	85.561	561	81	0	22	582	1	561	0.0	647
Ga0374847_04_12872_15283	CP000240.1:2511617-2514026|CDS|CYB_2416	95.695	2416	93	4	1	2412	1	2409	0.0	3881
Ga0374847_04_12872_15283	CP000239.1:2668682-2671094|CDS|CYA_2653	86.545	2408	314	5	8	2410	8	2410	0.0	2869
Ga0374847_04_15324_15683	CP000240.1:2511196-2511577|CDS|CYB_2415	94.226	381	1	1	1	360	1	381	3.28e-173	603
Ga0374847_04_16103_16531	CP000240.1:2510262-2510691|CDS|CYB_2413	98.834	429	5	0	1	429	1	429	0.0	752
Ga0374847_04_16103_16531	CP000239.1:2255669-2256086|CDS|CYA_2245	78.750	400	76	2	2	398	2	395	2.50e-93	338
Ga0374847_04_16528_17325	CP000240.1:2509468-2510266|CDS|CYB_2412	98.246	798	14	0	1	798	1	798	0.0	1377
Ga0374847_04_16528_17325	CP000239.1:2256082-2256880|CDS|CYA_2246	81.830	798	145	0	1	798	1	798	0.0	786
Ga0374847_04_17341_18468	CP000240.1:2508112-2509453|CDS|CYB_2411	97.695	1128	26	0	1	1128	214	1341	0.0	1918
Ga0374847_04_17341_18468	CP000239.1:2256884-2258225|CDS|CYA_2247	82.343	1127	199	0	1	1127	214	1340	0.0	1136
Ga0374847_05_1629_2033	CP000240.1:2480948-2481353|CDS|CYB_2374	99.012	405	4	0	1	405	1	405	0.0	713
Ga0374847_05_1629_2033	CP000239.1:2603692-2604097|CDS|CYA_2579	85.222	406	58	2	1	405	1	405	1.22e-128	455
Ga0374847_05_2142_2363	CP000240.1:2481465-2481687|CDS|CYB_2375	98.198	222	4	0	1	222	1	222	3.30e-107	383
Ga0374847_05_2142_2363	CP000239.1:2603362-2603584|CDS|CYA_2578	83.582	201	31	2	22	221	22	221	5.25e-54	207
Ga0374847_05_2392_2727	CP000240.1:2481715-2482051|CDS|CYB_2376	97.321	336	9	0	1	336	1	336	7.69e-162	566
Ga0374847_05_2392_2727	CP000239.1:2602993-2603335|CDS|CYA_2577	80.783	281	54	0	1	281	1	281	3.51e-71	264
Ga0374847_05_3044_3562	CP000240.1:2482281-2482890|CDS|CYB_2377	97.714	525	6	1	1	519	85	609	0.0	894
Ga0374847_05_3836_4759	CP000240.1:2483163-2484087|CDS|CYB_2378	99.892	924	1	0	1	924	1	924	0.0	1663
Ga0374847_05_3836_4759	CP000239.1:291654-292578|CDS|CYA_0282	85.265	923	136	0	1	923	1	923	0.0	1052
Ga0374847_05_5062_5499	CP000240.1:2484334-2484835|CDS|CYB_2380	99.772	438	0	1	1	438	10	446	0.0	783
Ga0374847_05_5062_5499	CP000239.1:1217480-1217972|CDS|CYA_1208	82.192	438	77	1	1	438	1	437	1.24e-122	435
Ga0374847_05_6231_6959	CP000240.1:2485553-2486282|CDS|CYB_2383	99.451	729	4	0	1	729	1	729	0.0	1297
Ga0374847_05_6231_6959	CP000239.1:1218654-1219383|CDS|CYA_1209	91.322	726	61	2	1	725	1	725	0.0	1019
Ga0374847_05_6972_8402	CP000240.1:2486294-2487725|CDS|CYB_2384	97.973	1431	29	0	1	1431	1	1431	0.0	2451
Ga0374847_05_6972_8402	CP000239.1:1219395-1220859|CDS|CYA_1210	86.103	1432	197	2	1	1431	34	1464	0.0	1679
Ga0374847_05_8696_9817	CP000240.1:2487937-2489140|CDS|CYB_2385	97.059	1122	33	0	1	1122	82	1203	0.0	1875
Ga0374847_05_8696_9817	CP000239.1:1221033-1222236|CDS|CYA_1211	84.333	1117	175	0	1	1117	82	1198	0.0	1226
Ga0374847_05_9860_10042	CP000240.1:2489176-2489350|CDS|CYB_2386	95.758	165	6	1	13	177	11	174	6.26e-71	263
Ga0374847_05_10118_10825	CP000240.1:2489432-2489963|CDS|CYB_2387	95.480	531	24	0	178	708	1	531	0.0	850
Ga0374847_05_10118_10825	CP000239.1:1807061-1807631|CDS|CYA_1805	77.739	575	118	5	139	708	1	570	1.13e-125	447
Ga0374847_05_10812_11696	CP000240.1:2490126-2491011|CDS|CYB_2388	100.000	885	0	0	1	885	1	885	0.0	1597
Ga0374847_05_10812_11696	CP000239.1:1806028-1806937|CDS|CYA_1804	79.846	908	159	2	1	884	1	908	0.0	826
Ga0374847_05_11972_12544	CP000240.1:2491281-2491971|CDS|CYB_2389	99.651	573	2	0	1	573	118	690	0.0	1025
Ga0374847_05_11972_12544	CP000239.1:1805068-1805722|CDS|CYA_1803	83.779	561	91	0	3	563	90	650	1.87e-172	602
Ga0374847_05_12838_13083	CP000240.1:2492129-2492354|CDS|CYB_2390	96.618	207	7	0	1	207	207	1	1.13e-94	343
Ga0374847_05_13233_14309	CP000240.1:2492542-2493619|CDS|CYB_2391	98.700	1077	14	0	1	1077	1	1077	0.0	1880
Ga0374847_05_13233_14309	CP000239.1:954668-955745|CDS|CYA_0944	82.181	1027	183	0	43	1069	43	1069	0.0	1028
Ga0374847_05_14506_15168	CP000240.1:2494155-2495304|CDS|CYB_2393	90.379	634	59	2	1	633	52	684	0.0	862
Ga0374847_05_14506_15168	CP000239.1:1073889-1075026|CDS|CYA_1058	86.256	633	87	0	1	633	40	672	0.0	750
Ga0374847_06_287_1003	CP000240.1:1474725-1475442|CDS|CYB_1406	97.211	717	20	0	1	717	1	717	0.0	1204
Ga0374847_06_287_1003	CP000239.1:2208773-2209502|CDS|CYA_2189	84.294	694	109	0	1	694	1	694	0.0	761
Ga0374847_06_1293_2363	CP000240.1:1475731-1476802|CDS|CYB_1407	97.946	1071	22	0	1	1071	1	1071	0.0	1833
Ga0374847_06_1293_2363	CP000239.1:2205544-2206615|CDS|CYA_2186	91.130	1071	95	0	1	1071	1	1071	0.0	1504
Ga0374847_06_2781_3230	CP000240.1:1477033-1477390|CDS|CYB_1408	98.599	357	5	0	94	450	1	357	1.55e-178	622
Ga0374847_06_3261_3842	CP000240.1:1477420-1478002|CDS|CYB_1409	96.220	582	22	0	1	582	1	582	0.0	951
Ga0374847_06_3261_3842	CP000239.1:2204737-2205343|CDS|CYA_2185	83.741	572	93	0	10	581	34	605	1.05e-175	613
Ga0374847_06_3876_5225	CP000240.1:1478036-1479386|CDS|CYB_1410	98.148	1350	25	0	1	1350	1	1350	0.0	2323
Ga0374847_06_3876_5225	CP000239.1:2203377-2204712|CDS|CYA_2184	85.597	1340	178	3	1	1340	1	1325	0.0	1547
Ga0374847_06_5535_5780	CP000240.1:1479695-1481996|CDS|CYB_1412	92.105	228	18	0	1	228	1	228	2.05e-91	331
Ga0374847_06_5535_5780	CP000239.1:2200784-2203076|CDS|CYA_2183	79.476	229	42	3	1	228	1	225	1.30e-49	193
Ga0374847_06_5835_6437	CP000240.1:22428-23022|CDS|CYB_0019	96.020	603	15	1	1	603	1	594	0.0	984
Ga0374847_06_5835_6437	CP000240.1:31634-32228|CDS|CYB_0025	93.864	603	28	1	1	603	1	594	0.0	925
Ga0374847_06_5835_6437	CP000239.1:2434480-2435074|CDS|CYA_2425	93.864	603	28	1	1	603	1	594	0.0	925
Ga0374847_06_5835_6437	CP000239.1:2402867-2403461|CDS|CYA_2392	93.864	603	28	1	1	603	1	594	0.0	925
Ga0374847_06_5835_6437	CP000239.1:1446255-1446849|CDS|CYA_1439	93.864	603	28	1	1	603	1	594	0.0	925
Ga0374847_06_5835_6437	CP000239.1:411427-412021|CDS|CYA_0397	93.864	603	28	1	1	603	1	594	0.0	925
Ga0374847_06_5835_6437	CP000239.1:1778901-1779495|CDS|CYA_1772	93.698	603	29	1	1	603	1	594	0.0	921
Ga0374847_06_5835_6437	CP000239.1:732513-733107|CDS|CYA_0727	93.698	603	29	1	1	603	1	594	0.0	921
Ga0374847_06_5835_6437	CP000239.1:1898603-1899197|CDS|CYA_1891	93.532	603	30	1	1	603	1	594	0.0	916
Ga0374847_06_5835_6437	CP000239.1:819297-819891|CDS|CYA_0808	93.532	603	30	1	1	603	1	594	0.0	916
Ga0374847_06_5835_6437	CP000239.1:2709545-2710163|CDS|CYA_2694	91.228	627	22	2	1	603	1	618	0.0	904
Ga0374847_06_5835_6437	CP000239.1:1948621-1949239|CDS|CYA_1937	90.909	627	24	2	1	603	1	618	0.0	895
Ga0374847_06_5835_6437	CP000239.1:1644319-1644937|CDS|CYA_1645	90.909	627	24	2	1	603	1	618	0.0	895
Ga0374847_06_5835_6437	CP000239.1:606571-607189|CDS|CYA_0595	90.909	627	24	2	1	603	1	618	0.0	895
Ga0374847_06_5835_6437	CP000239.1:2698805-2699423|CDS|CYA_2684	90.590	627	26	2	1	603	1	618	0.0	886
Ga0374847_06_5835_6437	CP000239.1:2018987-2019605|CDS|CYA_2002	90.590	627	26	2	1	603	1	618	0.0	886
Ga0374847_06_5835_6437	CP000239.1:1384976-1385594|CDS|CYA_1374	90.590	627	26	2	1	603	1	618	0.0	886
Ga0374847_06_5835_6437	CP000239.1:363923-364541|CDS|CYA_0346	90.590	627	26	2	1	603	1	618	0.0	886
Ga0374847_06_5835_6437	CP000239.1:2259861-2260479|CDS|CYA_2250	90.271	627	28	2	1	603	1	618	0.0	877
Ga0374847_06_5835_6437	CP000239.1:1479753-1480371|CDS|CYA_1472	90.112	627	29	2	1	603	1	618	0.0	873
Ga0374847_06_5835_6437	CP000239.1:2598423-2599041|CDS|CYA_2572	89.793	627	31	2	1	603	1	618	0.0	864
Ga0374847_06_5835_6437	CP000239.1:2450192-2450786|CDS|CYA_2439	91.542	603	42	1	1	603	1	594	0.0	862
Ga0374847_06_6799_7026	CP000240.1:32082-33315|CDS|CYB_0026	95.192	208	10	0	1	208	508	715	1.88e-91	331
Ga0374847_06_6799_7026	CP000239.1:2433345-2434626|CDS|CYA_2424	94.712	208	11	0	1	208	508	715	8.01e-90	326
Ga0374847_06_6799_7026	CP000239.1:410292-411573|CDS|CYA_0395	94.231	208	12	0	1	208	508	715	9.76e-89	322
Ga0374847_06_6799_7026	CP000239.1:2403315-2404596|CDS|CYA_2393	93.750	208	13	0	1	208	508	715	4.15e-87	317
Ga0374847_06_6799_7026	CP000239.1:2017852-2019133|CDS|CYA_2001	93.750	208	13	0	1	208	508	715	4.15e-87	317
Ga0374847_06_6799_7026	CP000239.1:1897468-1898749|CDS|CYA_1890	93.750	208	13	0	1	208	508	715	4.15e-87	317
Ga0374847_06_6799_7026	CP000239.1:1644791-1646072|CDS|CYA_1646	93.750	208	13	0	1	208	508	715	4.15e-87	317
Ga0374847_06_6799_7026	CP000239.1:1478618-1479899|CDS|CYA_1471	93.750	208	13	0	1	208	508	715	4.15e-87	317
Ga0374847_06_6799_7026	CP000239.1:1445168-1446401|CDS|CYA_1438	93.750	208	13	0	1	208	508	715	4.15e-87	317
Ga0374847_06_6799_7026	CP000239.1:1385448-1386729|CDS|CYA_1375	93.750	208	13	0	1	208	508	715	4.15e-87	317
Ga0374847_06_6799_7026	CP000239.1:818225-819443|CDS|CYA_0807	93.750	208	13	0	1	208	508	715	4.15e-87	317
Ga0374847_06_6799_7026	CP000239.1:607043-608261|CDS|CYA_0596	93.750	208	13	0	1	208	508	715	4.15e-87	317
Ga0374847_06_6799_7026	CP000239.1:2699277-2700558|CDS|CYA_2685	93.269	208	14	0	1	208	508	715	5.05e-86	313
Ga0374847_06_6799_7026	CP000239.1:2598895-2600176|CDS|CYA_2573	93.269	208	14	0	1	208	508	715	5.05e-86	313
Ga0374847_06_6799_7026	CP000239.1:2450640-2451921|CDS|CYA_2440	93.269	208	14	0	1	208	508	715	5.05e-86	313
Ga0374847_06_6799_7026	CP000239.1:2258726-2260007|CDS|CYA_2249	93.269	208	14	0	1	208	508	715	5.05e-86	313
Ga0374847_06_6799_7026	CP000239.1:1949093-1950374|CDS|CYA_1938	93.269	208	14	0	1	208	508	715	5.05e-86	313
Ga0374847_06_6799_7026	CP000239.1:731378-732659|CDS|CYA_0726	93.269	208	14	0	1	208	508	715	5.05e-86	313
Ga0374847_06_6799_7026	CP000239.1:362788-364069|CDS|CYA_0345	93.269	208	14	0	1	208	508	715	5.05e-86	313
Ga0374847_06_6799_7026	CP000240.1:21293-22574|CDS|CYB_0018	92.788	208	15	0	1	208	508	715	2.15e-84	308
Ga0374847_06_6799_7026	CP000239.1:2710017-2711283|CDS|CYA_2695	92.788	208	15	0	1	208	508	715	2.15e-84	308
Ga0374847_06_6799_7026	CP000239.1:1779349-1780630|CDS|CYA_1773	92.308	208	16	0	1	208	508	715	2.62e-83	304
Ga0374847_06_7076_7612	CP000240.1:21293-22574|CDS|CYB_0018	96.276	537	20	0	1	537	745	1281	0.0	879
Ga0374847_06_7076_7612	CP000239.1:2699277-2700558|CDS|CYA_2685	96.276	537	20	0	1	537	745	1281	0.0	879
Ga0374847_06_7076_7612	CP000239.1:2403315-2404596|CDS|CYA_2393	95.903	537	22	0	1	537	745	1281	0.0	870
Ga0374847_06_7076_7612	CP000239.1:1478618-1479899|CDS|CYA_1471	95.903	537	22	0	1	537	745	1281	0.0	870
Ga0374847_06_7076_7612	CP000239.1:410292-411573|CDS|CYA_0395	95.903	537	22	0	1	537	745	1281	0.0	870
Ga0374847_06_7076_7612	CP000239.1:362788-364069|CDS|CYA_0345	95.903	537	22	0	1	537	745	1281	0.0	870
Ga0374847_06_7076_7612	CP000239.1:2433345-2434626|CDS|CYA_2424	95.531	537	24	0	1	537	745	1281	0.0	861
Ga0374847_06_7076_7612	CP000239.1:1949093-1950374|CDS|CYA_1938	95.531	537	24	0	1	537	745	1281	0.0	861
Ga0374847_06_7076_7612	CP000239.1:1779349-1780630|CDS|CYA_1773	95.531	537	24	0	1	537	745	1281	0.0	861
Ga0374847_06_7076_7612	CP000239.1:1644791-1646072|CDS|CYA_1646	95.531	537	24	0	1	537	745	1281	0.0	861
Ga0374847_06_7076_7612	CP000239.1:1385448-1386729|CDS|CYA_1375	95.531	537	24	0	1	537	745	1281	0.0	861
Ga0374847_06_7076_7612	CP000239.1:2598895-2600176|CDS|CYA_2573	95.345	537	25	0	1	537	745	1281	0.0	856
Ga0374847_06_7076_7612	CP000239.1:1897468-1898749|CDS|CYA_1890	95.345	537	25	0	1	537	745	1281	0.0	856
Ga0374847_06_7076_7612	CP000239.1:731378-732659|CDS|CYA_0726	95.345	537	25	0	1	537	745	1281	0.0	856
Ga0374847_06_7076_7612	CP000239.1:2258726-2260007|CDS|CYA_2249	94.972	537	27	0	1	537	745	1281	0.0	847
Ga0374847_06_7076_7612	CP000239.1:2017852-2019133|CDS|CYA_2001	94.972	537	27	0	1	537	745	1281	0.0	847
Ga0374847_06_7076_7612	CP000239.1:2450640-2451921|CDS|CYA_2440	94.786	537	28	0	1	537	745	1281	0.0	843
Ga0374847_06_7076_7612	CP000239.1:2710017-2711283|CDS|CYA_2695	95.019	522	26	0	1	522	745	1266	0.0	825
Ga0374847_06_7076_7612	CP000240.1:32082-33315|CDS|CYB_0026	88.454	537	14	1	1	537	745	1233	0.0	728
Ga0374847_06_7076_7612	CP000240.1:1256770-1257394|CDS|CYB_1210	87.523	537	19	1	1	537	136	624	0.0	706
Ga0374847_06_7076_7612	CP000239.1:818225-819443|CDS|CYA_0807	96.000	425	17	0	1	425	745	1169	0.0	691
Ga0374847_06_7076_7612	CP000239.1:607043-608261|CDS|CYA_0596	96.000	425	17	0	1	425	745	1169	0.0	691
Ga0374847_06_7076_7612	CP000239.1:1445168-1446401|CDS|CYA_1438	84.730	537	34	1	1	537	745	1233	0.0	638
Ga0374847_06_7613_9694	CP000240.1:1479695-1481996|CDS|CYB_1412	97.446	2075	53	0	8	2082	227	2301	0.0	3504
Ga0374847_06_7613_9694	CP000239.1:2200784-2203076|CDS|CYA_2183	78.988	2075	413	10	8	2075	224	2282	0.0	1753
Ga0374847_06_9955_11565	CP000240.1:1482256-1483867|CDS|CYB_1414	96.772	1611	52	0	1	1611	1	1611	0.0	2672
Ga0374847_06_9955_11565	CP000239.1:2764602-2766219|CDS|CYA_2744	80.983	1546	270	8	68	1610	68	1592	0.0	1449
Ga0374847_06_11797_12333	CP000240.1:1484098-1484635|CDS|CYB_1415	99.441	537	3	0	1	537	1	537	0.0	956
Ga0374847_06_11797_12333	CP000239.1:505953-506490|CDS|CYA_0488	87.945	506	61	0	1	506	1	506	0.0	638
Ga0374847_06_12343_13278	CP000240.1:1484644-1485580|CDS|CYB_1416	99.038	936	9	0	1	936	1	936	0.0	1648
Ga0374847_06_12343_13278	CP000239.1:506499-507435|CDS|CYA_0489	86.645	936	125	0	1	936	1	936	0.0	1125
Ga0374847_06_13375_13902	CP000240.1:1485676-1486204|CDS|CYB_1417	96.970	528	16	0	1	528	1	528	0.0	881
Ga0374847_06_13375_13902	CP000239.1:1545457-1545988|CDS|CYA_1535	86.024	508	71	0	6	513	6	513	7.30e-171	597
Ga0374847_07_825_2408	CP000240.1:1546358-1547942|CDS|CYB_1471	93.842	1559	96	0	1	1559	1	1559	0.0	2379
Ga0374847_07_825_2408	CP000239.1:1491526-1493104|CDS|CYA_1484	87.893	1528	185	0	1	1528	1	1528	0.0	1922
Ga0374847_07_2629_3861	CP000240.1:1539170-1540403|CDS|CYB_1464	98.540	1233	18	0	1	1233	1	1233	0.0	2143
Ga0374847_07_4073_4684	CP000240.1:1538389-1538959|CDS|CYB_1463	95.965	570	23	0	43	612	1	570	0.0	925
Ga0374847_07_4073_4684	CP000239.1:1493270-1493840|CDS|CYA_1485	89.123	570	62	0	43	612	1	570	0.0	749
Ga0374847_07_4946_5731	CP000240.1:1536991-1538086|CDS|CYB_1462	96.565	786	27	0	1	786	310	1095	0.0	1297
Ga0374847_07_4946_5731	CP000239.1:1494060-1495182|CDS|CYA_1486	82.209	652	106	5	10	656	364	1010	0.0	640
Ga0374847_07_6065_6379	CP000240.1:1536652-1536967|CDS|CYB_1461	98.095	315	6	0	1	315	1	315	8.19e-155	542
Ga0374847_07_6065_6379	CP000239.1:1495169-1495484|CDS|CYA_1487	89.841	315	32	0	1	315	1	315	1.58e-119	425
Ga0374847_07_6443_6757	CP000240.1:1535957-1536587|CDS|CYB_1460	94.921	315	16	0	1	315	316	630	3.05e-141	497
Ga0374847_07_6443_6757	CP000239.1:1495535-1496153|CDS|CYA_1488	90.476	315	30	0	1	315	304	618	3.06e-122	434
Ga0374847_07_7123_7737	CP000240.1:1535307-1535922|CDS|CYB_1459	97.561	615	15	0	1	615	1	615	0.0	1042
Ga0374847_07_7123_7737	CP000239.1:1496189-1496693|CDS|CYA_1489	88.075	478	57	0	64	541	1	478	1.65e-173	606
Ga0374847_07_7734_8402	CP000240.1:1534648-1535311|CDS|CYB_1458	98.793	663	8	0	7	669	1	663	0.0	1160
Ga0374847_07_7734_8402	CP000239.1:1496752-1497415|CDS|CYA_1490	90.347	663	64	0	7	669	1	663	0.0	908
Ga0374847_07_8669_9376	CP000240.1:1533680-1534388|CDS|CYB_1457	98.729	708	9	0	1	708	1	708	0.0	1237
Ga0374847_07_8669_9376	CP000239.1:1497683-1498391|CDS|CYA_1491	90.113	708	70	0	1	708	1	708	0.0	962
Ga0374847_07_9564_11675	CP000240.1:1530947-1533032|CDS|CYB_1455	97.056	2106	41	2	7	2112	1	2085	0.0	3529
Ga0374847_07_11791_12774	CP000240.1:1529569-1530553|CDS|CYB_1454	98.577	984	14	0	1	984	1	984	0.0	1712
Ga0374847_07_11791_12774	CP000239.1:1501065-1502028|CDS|CYA_1495	81.937	991	140	4	1	982	1	961	0.0	998
Ga0374847_07_12799_13140	CP000240.1:1526590-1529545|CDS|CYB_1453	98.830	342	4	0	1	342	2614	2955	3.80e-172	600
Ga0374847_07_12799_13140	CP000239.1:1501965-1504893|CDS|CYA_1494	76.358	313	50	2	1	313	2545	2833	3.35e-65	244
Ga0374847_08_511_1518	CP000240.1:2080407-2081415|CDS|CYB_1980	97.421	1008	26	0	1	1008	1	1008	0.0	1701
Ga0374847_08_511_1518	CP000240.1:464347-465361|CDS|CYB_0460	95.069	1014	44	1	1	1008	1	1014	0.0	1605
Ga0374847_08_511_1518	CP000239.1:2276670-2277645|CDS|CYA_2267	83.385	975	162	0	34	1008	1	975	0.0	1029
Ga0374847_08_1898_2878	CP000240.1:2081794-2082751|CDS|CYB_1982	99.582	957	4	0	25	981	1	957	0.0	1709
Ga0374847_08_1898_2878	CP000239.1:1708007-1708988|CDS|CYA_1702	87.248	941	120	0	25	965	1	941	0.0	1157
Ga0374847_08_3098_5044	CP000240.1:2082995-2084942|CDS|CYB_1983	99.229	1945	15	0	1	1945	1	1945	0.0	3441
Ga0374847_08_3098_5044	CP000239.1:1705550-1707500|CDS|CYA_1701	88.567	1898	217	0	1	1898	1	1898	0.0	2445
Ga0374847_08_5047_5817	CP000240.1:2084955-2086035|CDS|CYB_1984	98.314	771	13	0	1	771	310	1080	0.0	1333
Ga0374847_08_5047_5817	CP000239.1:1704609-1705548|CDS|CYA_1700	86.483	762	103	0	1	762	166	927	0.0	911
Ga0374847_08_6443_7996	CP000240.1:2086060-2087614|CDS|CYB_1985	99.099	1554	14	0	1	1554	1	1554	0.0	2740
Ga0374847_08_6443_7996	CP000239.1:1702906-1704457|CDS|CYA_1699	86.662	1552	204	1	1	1552	1	1549	0.0	1865
Ga0374847_08_8034_9032	CP000240.1:2087651-2088650|CDS|CYB_1986	99.499	999	5	0	1	999	1	999	0.0	1780
Ga0374847_08_8034_9032	CP000239.1:1701866-1702865|CDS|CYA_1698	87.988	999	120	0	1	999	1	999	0.0	1261
Ga0374847_08_9387_11087	CP000240.1:2089023-2090721|CDS|CYB_1987	98.410	1698	27	0	4	1701	1	1698	0.0	2941
Ga0374847_08_9387_11087	CP000239.1:1699912-1701610|CDS|CYA_1697	88.575	1698	194	0	4	1701	1	1698	0.0	2188
Ga0374847_08_11202_11984	CP000240.1:2090887-2092936|CDS|CYB_1988	96.935	783	24	0	1	783	1267	2049	0.0	1305
Ga0374847_08_11202_11984	CP000239.1:1697728-1699789|CDS|CYA_1696	92.941	765	54	0	1	765	1267	2031	0.0	1137
Ga0374847_09_84_795_DR2	CP000239.1:1860048-1860273|CDS|CYA_1856	97.222	36	1	0	1	36	52	87	3.97e-11	61.7
Ga0374847_09_84_795_DR3	CP000239.1:1860048-1860273|CDS|CYA_1856	97.222	36	1	0	1	36	52	87	3.97e-11	61.7
Ga0374847_09_84_795_DR4	CP000239.1:1860048-1860273|CDS|CYA_1856	97.222	36	1	0	1	36	52	87	3.97e-11	61.7
Ga0374847_09_84_795_DR5	CP000239.1:1860048-1860273|CDS|CYA_1856	97.222	36	1	0	1	36	52	87	3.97e-11	61.7
Ga0374847_09_84_795_DR6	CP000239.1:1860048-1860273|CDS|CYA_1856	97.222	36	1	0	1	36	52	87	3.97e-11	61.7
Ga0374847_09_84_795_DR7	CP000239.1:1860048-1860273|CDS|CYA_1856	97.222	36	1	0	1	36	52	87	3.97e-11	61.7
Ga0374847_09_84_795_DR8	CP000239.1:1860048-1860273|CDS|CYA_1856	97.222	36	1	0	1	36	52	87	3.97e-11	61.7
Ga0374847_09_84_795_DR9	CP000239.1:1860048-1860273|CDS|CYA_1856	97.222	36	1	0	1	36	52	87	3.97e-11	61.7
Ga0374847_09_2004_2639	CP000240.1:2019865-2020501|CDS|CYB_1933	99.057	636	6	0	1	636	1	636	0.0	1121
Ga0374847_09_2991_8450	CP000240.1:2020573-2025991|CDS|CYB_1934	97.894	5460	73	4	1	5460	1	5418	0.0	9349
Ga0374847_09_8643_11144	CP000240.1:2026182-2028675|CDS|CYB_1935	97.402	2502	56	1	1	2502	1	2493	0.0	4223
Ga0374847_09_8643_11144	CP000239.1:2755811-2758262|CDS|CYA_2741	79.912	2514	430	21	1	2502	1	2451	0.0	2231
Ga0374847_10_3124_3831	CP000240.1:2858007-2859468|CDS|CYB_2760	96.364	715	17	1	1	706	1	715	0.0	1177
Ga0374847_10_3124_3831	CP000239.1:37429-38884|CDS|CYA_0041	81.664	709	127	1	1	706	1	709	0.0	691
Ga0374847_10_3835_4575	CP000240.1:2858007-2859468|CDS|CYB_2760	98.111	741	14	0	1	741	721	1461	0.0	1274
Ga0374847_10_3835_4575	CP000239.1:37429-38884|CDS|CYA_0041	86.351	740	101	0	1	740	715	1454	0.0	880
Ga0374847_10_4572_4925	CP000240.1:2857717-2858011|CDS|CYB_2761	94.898	294	15	0	61	354	1	294	7.11e-131	463
Ga0374847_10_4572_4925	CP000239.1:38880-39174|CDS|CYA_0040	82.624	282	49	0	61	342	1	282	3.24e-78	288
Ga0374847_10_5193_6695	CP000240.1:2855902-2857357|CDS|CYB_2759	99.175	1455	12	0	49	1503	1	1455	0.0	2571
Ga0374847_10_5193_6695	CP000239.1:2160095-2161619|CDS|CYA_2147	82.181	1504	266	2	1	1503	22	1524	0.0	1498
Ga0374847_10_6906_7085	CP000240.1:2855484-2855664|CDS|CYB_2758	96.111	180	7	0	1	180	1	180	3.63e-80	294
Ga0374847_10_6906_7085	CP000239.1:2161891-2162068|CDS|CYA_2149	81.768	181	28	3	1	180	1	177	1.04e-42	169
Ga0374847_10_8605_8829	CP000240.1:2750791-2751199|CDS|CYB_2663	76.812	207	48	0	3	209	198	404	2.42e-39	158
Ga0374847_10_8605_8829	CP000240.1:2692187-2692595|CDS|CYB_2591	76.812	207	48	0	3	209	198	404	2.42e-39	158
Ga0374847_10_8605_8829	CP000240.1:2505835-2506243|CDS|CYB_2408	76.812	207	48	0	3	209	198	404	2.42e-39	158
Ga0374847_10_8605_8829	CP000240.1:2182109-2182517|CDS|CYB_2086	76.812	207	48	0	3	209	198	404	2.42e-39	158
Ga0374847_10_8605_8829	CP000240.1:2165635-2166043|CDS|CYB_2068	76.812	207	48	0	3	209	198	404	2.42e-39	158
Ga0374847_10_8605_8829	CP000240.1:1332150-1332558|CDS|CYB_1275	76.812	207	48	0	3	209	198	404	2.42e-39	158
Ga0374847_10_8605_8829	CP000240.1:214453-214861|CDS|CYB_0203	76.812	207	48	0	3	209	198	404	2.42e-39	158
Ga0374847_10_8605_8829	CP000240.1:210759-211167|CDS|CYB_0198	76.812	207	48	0	3	209	198	404	2.42e-39	158
Ga0374847_10_8605_8829	CP000240.1:2728785-2729193|CDS|CYB_2639	76.329	207	49	0	3	209	198	404	1.03e-37	153
Ga0374847_10_8605_8829	CP000240.1:2353707-2354115|CDS|CYB_2249	76.329	207	49	0	3	209	198	404	1.03e-37	153
Ga0374847_10_8605_8829	CP000240.1:1639015-1639423|CDS|CYB_1566	76.329	207	49	0	3	209	198	404	1.03e-37	153
Ga0374847_10_8605_8829	CP000240.1:1128193-1128601|CDS|CYB_1093	76.329	207	49	0	3	209	198	404	1.03e-37	153
Ga0374847_10_8605_8829	CP000240.1:2571340-2571748|CDS|CYB_2475	75.845	207	50	0	3	209	198	404	1.25e-36	149
Ga0374847_10_8605_8829	CP000240.1:1839104-1839512|CDS|CYB_1755	75.845	207	50	0	3	209	198	404	1.25e-36	149
Ga0374847_10_8605_8829	CP000240.1:651866-652274|CDS|CYB_0641	75.845	207	50	0	3	209	198	404	1.25e-36	149
Ga0374847_10_8605_8829	CP000240.1:65861-66269|CDS|CYB_0052	75.845	207	50	0	3	209	198	404	1.25e-36	149
Ga0374847_10_8605_8829	CP000240.1:1750145-1750553|CDS|CYB_1672	75.362	207	51	0	3	209	198	404	5.33e-35	144
Ga0374847_11_1578_1823	CP000240.1:1572632-1572878|CDS|CYB_1495	97.561	246	6	0	1	246	1	246	1.79e-117	417
Ga0374847_11_1578_1823	CP000239.1:2437453-2437699|CDS|CYA_2430	89.024	246	27	0	1	246	1	246	1.06e-88	323
Ga0374847_11_1900_2031	CP000240.1:1572954-1573086|CDS|CYB_1496	98.485	132	2	0	1	132	1	132	2.55e-61	230
Ga0374847_11_1900_2031	CP000239.1:2437226-2437370|CDS|CYA_2429	88.618	123	14	0	10	132	22	144	3.78e-40	159
Ga0374847_11_2037_2162	CP000240.1:1573091-1573217|CDS|CYB_1497	100.000	126	0	0	1	126	1	126	8.40e-61	228
Ga0374847_11_2037_2162	CP000239.1:2437095-2437221|CDS|CYA_2428	89.683	126	13	0	1	126	1	126	6.90e-43	169
Ga0374847_11_2304_2423	CP000240.1:1573358-1573478|CDS|CYB_1498	94.958	119	6	0	1	119	1	119	6.94e-49	188
Ga0374847_11_2304_2423	CP000239.1:2436835-2436955|CDS|CYA_2427	91.667	96	8	0	1	96	1	96	1.10e-33	138
Ga0374847_11_2568_3803	CP000239.1:1594889-1596107|CDS|CYA_1585	92.365	1218	93	0	19	1236	1	1218	0.0	1778
Ga0374847_11_2568_3803	CP000240.1:2210858-2212052|CDS|CYB_2117	94.400	1125	63	0	19	1143	1	1125	0.0	1746
Ga0374847_11_2568_3803	CP000239.1:712444-713638|CDS|CYA_0704	93.899	1131	69	0	19	1149	1	1131	0.0	1729
Ga0374847_11_2568_3803	CP000240.1:2168360-2169515|CDS|CYB_2071	91.580	1152	97	0	19	1170	1	1152	0.0	1641
Ga0374847_11_2568_3803	CP000240.1:1954838-1956056|CDS|CYB_1872	91.169	1155	78	1	19	1149	1	1155	0.0	1641
Ga0374847_11_2568_3803	CP000240.1:2247371-2248565|CDS|CYB_2147	89.080	1218	109	1	19	1236	1	1194	0.0	1615
Ga0374847_11_2568_3803	CP000239.1:2170714-2171908|CDS|CYA_2158	90.716	1131	105	0	19	1149	1	1131	0.0	1567
Ga0374847_11_2568_3803	CP000240.1:2796782-2798000|CDS|CYB_2707	89.817	1149	93	1	19	1143	1	1149	0.0	1563
Ga0374847_11_2568_3803	CP000240.1:1803089-1804283|CDS|CYB_1722	90.186	1131	111	0	19	1149	1	1131	0.0	1540
Ga0374847_11_2568_3803	CP000240.1:52430-53648|CDS|CYB_0041	89.177	1155	101	1	19	1149	1	1155	0.0	1537
Ga0374847_11_2568_3803	CP000240.1:2644164-2645358|CDS|CYB_2538	90.222	1125	110	0	19	1143	1	1125	0.0	1534
Ga0374847_11_2568_3803	CP000240.1:1083184-1084426|CDS|CYB_1042	88.126	1179	92	2	19	1149	1	1179	0.0	1530
Ga0374847_11_2568_3803	CP000239.1:774779-775973|CDS|CYA_0767	89.956	1125	113	0	19	1143	1	1125	0.0	1520
Ga0374847_11_2568_3803	CP000239.1:893439-894633|CDS|CYA_0887	87.110	1218	133	1	19	1236	1	1194	0.0	1507
Ga0374847_11_2568_3803	CP000240.1:2553363-2554557|CDS|CYB_2454	89.333	1125	120	0	19	1143	1	1125	0.0	1489
Ga0374847_11_2568_3803	CP000240.1:1190675-1191869|CDS|CYB_1151	89.432	1126	117	2	19	1143	1	1125	0.0	1488
Ga0374847_11_2568_3803	CP000239.1:629980-631174|CDS|CYA_0620	89.432	1126	117	2	19	1143	1	1125	0.0	1488
Ga0374847_11_2568_3803	CP000240.1:2830275-2831565|CDS|CYB_2735	86.106	1202	119	2	19	1172	1	1202	0.0	1450
Ga0374847_11_2568_3803	CP000240.1:3008652-3009870|CDS|CYB_2910	87.359	1155	122	1	19	1149	1	1155	0.0	1443
Ga0374847_11_2568_3803	CP000240.1:1015074-1016268|CDS|CYB_0979	85.222	1218	156	1	19	1236	1	1194	0.0	1403
Ga0374847_11_2568_3803	CP000240.1:638632-639850|CDS|CYB_0630	86.597	1149	130	1	19	1143	1	1149	0.0	1396
Ga0374847_11_2568_3803	CP000240.1:1064975-1066169|CDS|CYB_1023	87.378	1125	142	0	19	1143	1	1125	0.0	1389
Ga0374847_11_2568_3803	CP000240.1:1316312-1317548|CDS|CYB_1259	86.075	1149	136	1	19	1143	1	1149	0.0	1369
Ga0374847_11_2568_3803	CP000240.1:1358129-1359347|CDS|CYB_1297	85.988	1149	137	1	19	1143	1	1149	0.0	1364
Ga0374847_11_2568_3803	CP000240.1:1521392-1522610|CDS|CYB_1450	85.814	1149	139	1	19	1143	1	1149	0.0	1355
Ga0374847_11_2568_3803	CP000240.1:102811-104029|CDS|CYB_0087	83.494	1242	157	2	19	1236	1	1218	0.0	1351
Ga0374847_11_2568_3803	CP000240.1:481588-482800|CDS|CYB_0472	86.690	1127	146	4	19	1143	1	1125	0.0	1342
Ga0374847_11_2568_3803	CP000240.1:1384265-1385459|CDS|CYB_1322	83.607	1220	172	5	19	1236	1	1194	0.0	1302
Ga0374847_11_2568_3803	CP000240.1:241642-242836|CDS|CYB_0233	83.361	1220	175	5	19	1236	1	1194	0.0	1288
Ga0374847_11_2568_3803	CP000240.1:629484-630702|CDS|CYB_0620	84.329	1155	157	1	19	1149	1	1155	0.0	1285
Ga0374847_11_2568_3803	CP000240.1:2619921-2621115|CDS|CYB_2521	85.169	1126	165	2	19	1143	1	1125	0.0	1271
Ga0374847_11_2568_3803	CP000239.1:994256-995468|CDS|CYA_0981	84.902	1126	168	2	19	1143	1	1125	0.0	1258
Ga0374847_11_2568_3803	CP000240.1:1842322-1843549|CDS|CYB_1759	83.838	1157	159	3	19	1149	1	1155	0.0	1256
Ga0374847_11_2568_3803	CP000240.1:1244785-1246021|CDS|CYB_1201	83.826	1150	160	3	19	1143	1	1149	0.0	1246
Ga0374847_11_2568_3803	CP000240.1:345730-346924|CDS|CYB_0329	82.445	1219	188	3	19	1236	1	1194	0.0	1244
Ga0374847_11_2568_3803	CP000240.1:2661652-2662870|CDS|CYB_2557	83.391	1150	165	3	19	1143	1	1149	0.0	1223
Ga0374847_11_2568_3803	CP000240.1:2128026-2129220|CDS|CYB_2026	81.967	1220	192	4	19	1236	1	1194	0.0	1216
Ga0374847_11_2568_3803	CP000240.1:2565689-2566883|CDS|CYB_2468	81.706	1219	197	3	19	1236	1	1194	0.0	1204
Ga0374847_11_2568_3803	CP000240.1:2933473-2934709|CDS|CYB_2835	82.986	1152	166	5	19	1143	1	1149	0.0	1199
Ga0374847_11_2568_3803	CP000239.1:698055-699204|CDS|CYA_0690	82.927	1148	170	3	19	1141	1	1147	0.0	1197
Ga0374847_11_2568_3803	CP000240.1:1267756-1268992|CDS|CYB_1227	82.884	1151	169	5	19	1143	1	1149	0.0	1191
Ga0374847_11_2568_3803	CP000240.1:605550-606744|CDS|CYB_0598	82.524	1133	194	4	19	1149	1	1131	0.0	1137
Ga0374847_11_2568_3803	CP000240.1:1763450-1764623|CDS|CYB_1688	81.245	1157	211	5	19	1172	1	1154	0.0	1092
Ga0374847_11_2568_3803	CP000240.1:1917270-1918464|CDS|CYB_1826	79.525	1221	220	6	19	1236	1	1194	0.0	1076
Ga0374847_11_2568_3803	CP000239.1:693322-694534|CDS|CYA_0687	80.302	1127	218	3	19	1143	1	1125	0.0	1022
Ga0374847_11_2568_3803	CP000240.1:2219258-2220470|CDS|CYB_2126	79.681	1127	225	3	19	1143	1	1125	0.0	991
Ga0374847_11_2568_3803	CP000240.1:2506708-2507857|CDS|CYB_2410	73.274	1130	180	6	19	1027	1	1129	0.0	760
Ga0374847_11_2568_3803	CP000239.1:88305-89487|CDS|CYA_0091	74.462	1116	261	4	24	1133	6	1103	0.0	732
Ga0374847_11_4253_4723	CP000240.1:1574006-1574477|CDS|CYB_1499	99.151	471	4	0	1	471	1	471	0.0	832
Ga0374847_11_4253_4723	CP000239.1:33589-34060|CDS|CYA_0035	90.213	470	46	0	1	470	1	470	0.0	641
Ga0374847_11_4762_4875	CP000240.1:1574515-1574629|CDS|CYB_1500	100.000	114	0	0	1	114	1	114	2.43e-54	206
Ga0374847_11_4762_4875	CP000239.1:34109-34223|CDS|CYA_0036	90.265	113	11	0	1	113	1	113	1.34e-38	155
Ga0374847_11_5177_5305	CP000240.1:1574930-1575197|CDS|CYB_1501	96.124	129	5	0	1	129	1	129	2.32e-55	211
Ga0374847_11_5527_6957	CP000240.1:1575252-1576710|CDS|CYB_1502	97.902	1430	25	1	7	1431	1	1430	0.0	2444
Ga0374847_11_7307_7666	CP000240.1:1577050-1578643|CDS|CYB_1503	99.444	360	2	0	1	360	1234	1593	0.0	641
Ga0374847_11_7307_7666	CP000239.1:360753-362295|CDS|CYA_0343	71.866	359	62	2	1	359	1222	1541	1.40e-57	219
Ga0374847_12_1484_2077	CP000240.1:2064931-2065525|CDS|CYB_1968	99.495	594	3	0	1	594	1	594	0.0	1058
Ga0374847_12_1484_2077	CP000239.1:2529895-2530489|CDS|CYA_2517	84.459	592	92	0	1	592	1	592	0.0	654
Ga0374847_12_2074_3267	CP000240.1:2065521-2066715|CDS|CYB_1969	98.325	1194	20	0	1	1194	1	1194	0.0	2064
Ga0374847_12_2074_3267	CP000239.1:2530485-2531679|CDS|CYA_2518	82.747	1194	206	0	1	1194	1	1194	0.0	1225
Ga0374847_12_3257_6736	CP000240.1:2066704-2070322|CDS|CYB_1970	96.036	3481	136	2	1	3480	139	3618	0.0	5649
Ga0374847_12_3257_6736	CP000239.1:2531668-2535265|CDS|CYA_2519	78.167	3481	752	6	4	3480	121	3597	0.0	2832
Ga0374847_13_1063_2274	CP000240.1:2989446-2990658|CDS|CYB_2892	98.927	1212	13	0	1	1212	1	1212	0.0	2128
Ga0374847_13_1063_2274	CP000239.1:1624446-1625658|CDS|CYA_1621	85.289	1210	178	0	1	1210	1	1210	0.0	1380
Ga0374847_13_2271_3533	CP000240.1:2988076-2989450|CDS|CYB_2890	98.971	1263	13	0	1	1263	112	1374	0.0	2220
Ga0374847_13_2271_3533	CP000239.1:1623052-1624450|CDS|CYA_1620	83.224	1222	202	1	17	1238	128	1346	0.0	1278
Ga0374847_13_3811_4203	CP000240.1:2987532-2987910|CDS|CYB_2889	97.594	374	9	0	1	374	1	374	0.0	635
Ga0374847_13_3811_4203	CP000239.1:1622497-1622881|CDS|CYA_1619	86.740	362	48	0	1	362	1	362	3.17e-123	437
Ga0374847_13_4428_5249	CP000240.1:2986498-2987368|CDS|CYB_2887	94.652	804	43	0	14	817	65	868	0.0	1257
Ga0374847_13_4428_5249	CP000239.1:2023323-2024142|CDS|CYA_2006	83.184	779	129	2	35	812	35	812	0.0	808
Ga0374847_13_5644_6072	CP000240.1:2985673-2986387|CDS|CYB_2886	96.503	429	15	0	1	429	286	714	0.0	707
Ga0374847_13_5644_6072	CP000239.1:2024693-2025113|CDS|CYA_2008	82.701	422	70	1	8	429	2	420	5.16e-121	431
Ga0374847_13_6224_6427	CP000240.1:2984790-2985522|CDS|CYB_2885	97.059	204	6	0	1	204	529	732	9.20e-95	342
Ga0374847_13_6224_6427	CP000239.1:1275063-1275795|CDS|CYA_1259	82.967	182	31	0	2	183	530	711	1.28e-48	189
Ga0374847_14_17_427	CP000240.1:1395355-1397422|CDS|CYB_1334	98.783	411	5	0	1	411	1657	2067	0.0	719
Ga0374847_14_17_427	CP000239.1:1129062-1131117|CDS|CYA_1104	82.500	400	69	1	2	400	1625	2024	6.85e-113	403
Ga0374847_14_460_2520	CP000240.1:1397454-1399515|CDS|CYB_1335	97.865	2061	44	0	1	2061	1	2061	0.0	3519
Ga0374847_14_460_2520	CP000239.1:814451-816473|CDS|CYA_0803	83.300	2030	324	1	1	2030	1	2015	0.0	2142
Ga0374847_14_3319_4665	CP000240.1:1400327-1401674|CDS|CYB_1336	98.144	1347	25	0	1	1347	1	1347	0.0	2317
Ga0374847_14_3319_4665	CP000239.1:812562-813909|CDS|CYA_0802	87.676	1347	166	0	1	1347	1	1347	0.0	1682
Ga0374847_14_4736_5425	CP000240.1:1401744-1402434|CDS|CYB_1337	99.420	690	4	0	1	690	1	690	0.0	1227
Ga0374847_14_4736_5425	CP000239.1:811826-812486|CDS|CYA_0801	88.532	654	75	0	36	689	6	659	0.0	842
Ga0374847_15_1518_2738	CP000240.1:2172471-2173725|CDS|CYB_2077	97.846	1207	26	0	1	1207	1	1207	0.0	2060
Ga0374847_15_1518_2738	CP000239.1:2481733-2483035|CDS|CYA_2473	88.602	1202	131	1	1	1202	61	1256	0.0	1552
Ga0374847_15_2735_3217	CP000240.1:2173713-2174148|CDS|CYB_2076	85.804	479	20	1	1	479	1	431	6.65e-171	597
Ga0374847_15_3332_4378	CP000240.1:2174262-2175306|CDS|CYB_2078	97.797	1044	23	0	4	1047	1	1044	0.0	1780
Ga0374847_15_3332_4378	CP000239.1:2483585-2484572|CDS|CYA_2474	87.284	983	125	0	4	986	1	983	0.0	1210
Ga0374847_15_4531_5409	CP000240.1:2175461-2176580|CDS|CYB_2079	99.545	879	4	0	1	879	241	1119	0.0	1568
Ga0374847_16_320_829	CP000240.1:1405599-1406109|CDS|CYB_1340	91.079	482	42	1	28	508	1	482	0.0	673
Ga0374847_16_320_829	CP000239.1:808141-808642|CDS|CYA_0798	88.235	442	48	3	70	509	61	500	7.53e-158	554
Ga0374847_16_1286_2392	CP000240.1:1403996-1405103|CDS|CYB_1339	98.282	1106	19	0	1	1106	1	1106	0.0	1910
Ga0374847_16_1286_2392	CP000239.1:809058-810159|CDS|CYA_0799	85.547	1107	154	1	1	1107	1	1101	0.0	1277
Ga0374847_16_2456_3640	CP000240.1:544792-546037|CDS|CYB_0530	98.489	1191	12	1	1	1185	55	1245	0.0	2068
Ga0374847_16_2456_3640	CP000239.1:782540-783770|CDS|CYA_0777	74.935	1153	274	3	10	1147	64	1216	0.0	777
Ga0374847_16_2456_3640	CP000239.1:1966854-1968081|CDS|CYA_1956	74.715	1139	271	5	10	1132	64	1201	0.0	749
Ga0374847_16_3752_4192	CP000240.1:544294-544735|CDS|CYB_0529	99.320	441	3	0	1	441	1	441	0.0	783
Ga0374847_17_68_211	CP000240.1:1682948-1683191|CDS|CYB_1610	100.000	144	0	0	1	144	100	243	1.67e-70	260
Ga0374847_17_146_298	CP000240.1:1682948-1683191|CDS|CYB_1610	99.346	153	1	0	1	153	165	13	9.90e-74	272
Ga0374847_17_744_3293	CP000240.1:1679986-1682515|CDS|CYB_1609	98.489	2515	38	0	1	2515	1	2515	0.0	4365
Ga0374847_17_744_3293	CP000239.1:1422998-1425539|CDS|CYA_1415	90.453	2472	232	2	18	2487	3	2472	0.0	3389
Ga0374847_17_3333_4574	CP000240.1:1267756-1268992|CDS|CYB_1227	94.677	1240	42	1	1	1240	1	1216	0.0	1957
Ga0374847_17_3333_4574	CP000240.1:2933473-2934709|CDS|CYB_2835	93.871	1240	52	1	1	1240	1	1216	0.0	1911
Ga0374847_17_3333_4574	CP000240.1:2661652-2662870|CDS|CYB_2557	93.644	1243	53	3	1	1242	1	1218	0.0	1896
Ga0374847_17_3333_4574	CP000240.1:629484-630702|CDS|CYB_0620	92.759	1243	64	3	1	1242	1	1218	0.0	1847
Ga0374847_17_3333_4574	CP000240.1:2619921-2621115|CDS|CYB_2521	91.546	1242	57	2	1	1242	1	1194	0.0	1801
Ga0374847_17_3333_4574	CP000239.1:698055-699204|CDS|CYA_0690	91.553	1172	73	3	1	1171	1	1147	0.0	1678
Ga0374847_17_3333_4574	CP000240.1:481588-482800|CDS|CYB_0472	89.194	1240	86	2	1	1240	1	1192	0.0	1667
Ga0374847_17_3333_4574	CP000240.1:1244785-1246021|CDS|CYB_1201	87.905	1265	79	5	1	1240	1	1216	0.0	1636
Ga0374847_17_3333_4574	CP000239.1:893439-894633|CDS|CYA_0887	89.949	1174	68	4	1	1173	1	1125	0.0	1613
Ga0374847_17_3333_4574	CP000240.1:1842322-1843549|CDS|CYB_1759	88.771	1229	112	3	1	1228	1	1204	0.0	1605
Ga0374847_17_3333_4574	CP000240.1:241642-242836|CDS|CYB_0233	89.514	1173	75	2	1	1173	1	1125	0.0	1596
Ga0374847_17_3333_4574	CP000239.1:629980-631174|CDS|CYA_0620	87.772	1243	102	4	1	1242	1	1194	0.0	1584
Ga0374847_17_3333_4574	CP000240.1:1083184-1084426|CDS|CYB_1042	88.093	1243	146	2	1	1242	1	1242	0.0	1568
Ga0374847_17_3333_4574	CP000239.1:994256-995468|CDS|CYA_0981	86.785	1241	114	4	1	1240	1	1192	0.0	1526
Ga0374847_17_3333_4574	CP000240.1:1954838-1956056|CDS|CYB_1872	86.576	1244	139	5	1	1242	1	1218	0.0	1494
Ga0374847_17_3333_4574	CP000240.1:605550-606744|CDS|CYB_0598	86.163	1243	122	4	1	1242	1	1194	0.0	1494
Ga0374847_17_3333_4574	CP000239.1:774779-775973|CDS|CYA_0767	85.921	1243	125	4	1	1242	1	1194	0.0	1480
Ga0374847_17_3333_4574	CP000240.1:1316312-1317548|CDS|CYB_1259	85.138	1265	114	5	1	1240	1	1216	0.0	1479
Ga0374847_17_3333_4574	CP000240.1:2796782-2798000|CDS|CYB_2707	86.002	1243	148	3	1	1242	1	1218	0.0	1468
Ga0374847_17_3333_4574	CP000240.1:2830275-2831565|CDS|CYB_2735	85.898	1241	156	3	1	1240	1	1223	0.0	1453
Ga0374847_17_3333_4574	CP000240.1:1521392-1522610|CDS|CYB_1450	85.680	1243	152	3	1	1242	1	1218	0.0	1450
Ga0374847_17_3333_4574	CP000240.1:52430-53648|CDS|CYB_0041	85.680	1243	152	3	1	1242	1	1218	0.0	1450
Ga0374847_17_3333_4574	CP000240.1:3008652-3009870|CDS|CYB_2910	85.599	1243	153	3	1	1242	1	1218	0.0	1445
Ga0374847_17_3333_4574	CP000240.1:638632-639850|CDS|CYB_0630	85.599	1243	153	3	1	1242	1	1218	0.0	1445
Ga0374847_17_3333_4574	CP000240.1:1190675-1191869|CDS|CYB_1151	85.105	1242	137	2	1	1242	1	1194	0.0	1441
Ga0374847_17_3333_4574	CP000240.1:1358129-1359347|CDS|CYB_1297	84.473	1243	167	3	1	1242	1	1218	0.0	1382
Ga0374847_17_3333_4574	CP000240.1:2644164-2645358|CDS|CYB_2538	84.151	1243	147	5	1	1242	1	1194	0.0	1377
Ga0374847_17_3333_4574	CP000240.1:1384265-1385459|CDS|CYB_1322	85.264	1174	123	4	1	1173	1	1125	0.0	1365
Ga0374847_17_3333_4574	CP000239.1:2170714-2171908|CDS|CYA_2158	83.829	1243	151	5	1	1242	1	1194	0.0	1359
Ga0374847_17_3333_4574	CP000240.1:1803089-1804283|CDS|CYB_1722	83.749	1243	152	5	1	1242	1	1194	0.0	1354
Ga0374847_17_3333_4574	CP000240.1:2565689-2566883|CDS|CYB_2468	84.838	1174	128	4	1	1173	1	1125	0.0	1342
Ga0374847_17_3333_4574	CP000240.1:345730-346924|CDS|CYB_0329	84.497	1174	132	4	1	1173	1	1125	0.0	1324
Ga0374847_17_3333_4574	CP000240.1:1015074-1016268|CDS|CYB_0979	83.816	1174	140	4	1	1173	1	1125	0.0	1288
Ga0374847_17_3333_4574	CP000239.1:1594889-1596107|CDS|CYA_1585	83.745	1175	139	6	1	1173	1	1125	0.0	1278
Ga0374847_17_3333_4574	CP000240.1:2168360-2169515|CDS|CYB_2071	83.390	1174	145	4	1	1173	1	1125	0.0	1266
Ga0374847_17_3333_4574	CP000240.1:2553363-2554557|CDS|CYB_2454	82.060	1243	173	4	1	1242	1	1194	0.0	1264
Ga0374847_17_3333_4574	CP000240.1:2247371-2248565|CDS|CYB_2147	83.489	1175	142	7	1	1173	1	1125	0.0	1260
Ga0374847_17_3333_4574	CP000240.1:2210858-2212052|CDS|CYB_2117	81.913	1244	173	6	1	1242	1	1194	0.0	1250
Ga0374847_17_3333_4574	CP000239.1:712444-713638|CDS|CYA_0704	81.833	1244	174	6	1	1242	1	1194	0.0	1245
Ga0374847_17_3333_4574	CP000240.1:1064975-1066169|CDS|CYB_1023	81.577	1243	179	4	1	1242	1	1194	0.0	1237
Ga0374847_17_3333_4574	CP000240.1:2506708-2507857|CDS|CYB_2410	82.063	1115	128	3	1	1043	1	1115	0.0	1161
Ga0374847_17_3333_4574	CP000240.1:102811-104029|CDS|CYB_0087	80.664	1174	201	3	1	1173	1	1149	0.0	1104
Ga0374847_17_3333_4574	CP000240.1:2219258-2220470|CDS|CYB_2126	74.940	1253	240	17	1	1240	1	1192	0.0	835
Ga0374847_17_3333_4574	CP000239.1:693322-694534|CDS|CYA_0687	74.500	1251	249	13	1	1240	1	1192	0.0	823
Ga0374847_17_3333_4574	CP000240.1:2128026-2129220|CDS|CYB_2026	74.788	1182	232	12	1	1173	1	1125	0.0	794
Ga0374847_17_3333_4574	CP000240.1:1763450-1764623|CDS|CYB_1688	74.027	1182	241	15	1	1173	1	1125	0.0	740
Ga0374847_17_3333_4574	CP000239.1:88305-89487|CDS|CYA_0091	73.225	1169	241	12	1	1163	1	1103	0.0	709
Ga0374847_17_3333_4574	CP000240.1:1917270-1918464|CDS|CYB_1826	73.480	1184	244	17	1	1173	1	1125	0.0	707
Ga0374847_18_867_1394	CP000240.1:1394603-1395251|CDS|CYB_1333	96.780	528	17	0	1	528	121	648	0.0	876
Ga0374847_18_867_1394	CP000239.1:1131147-1131801|CDS|CYA_1105	86.095	525	69	2	4	528	118	638	9.50e-176	613
Ga0374847_18_1518_2387	CP000240.1:1393729-1394599|CDS|CYB_1332	98.621	870	12	0	1	870	1	870	0.0	1516
Ga0374847_18_1518_2387	CP000239.1:1131804-1132674|CDS|CYA_1106	80.667	869	168	0	1	869	1	869	0.0	810
Ga0374847_18_2399_2668	CP000240.1:1393331-1393718|CDS|CYB_1331	99.620	263	1	0	1	263	118	380	3.59e-133	471
Ga0374847_18_2399_2668	CP000239.1:1132683-1133100|CDS|CYA_1107	79.693	261	53	0	1	261	148	408	1.64e-61	233
Ga0374847_18_2935_4905	CP000240.1:1391211-1393182|CDS|CYB_1330	97.260	1971	54	0	1	1971	1	1971	0.0	3312
Ga0374847_18_2935_4905	CP000239.1:1133197-1135141|CDS|CYA_1108	80.471	1869	365	0	103	1971	76	1944	0.0	1726
Ga0374847_19_11_352	CP000240.1:490116-491037|CDS|CYB_0479	92.398	342	26	0	1	342	580	921	2.74e-142	500
Ga0374847_19_11_352	CP000239.1:1018843-1019764|CDS|CYA_1005	90.351	342	33	0	1	342	580	921	1.62e-132	469
Ga0374847_19_418_936	CP000240.1:489532-490051|CDS|CYB_0478	97.104	518	15	0	1	518	1	518	0.0	867
Ga0374847_19_418_936	CP000239.1:1019841-1020354|CDS|CYA_1006	87.838	518	57	1	1	518	1	512	0.0	652
Ga0374847_20_155_991	CP000240.1:2073417-2074254|CDS|CYB_1974	96.296	837	31	0	1	837	1	837	0.0	1370
Ga0374847_20_155_991	CP000239.1:2086423-2087257|CDS|CYA_2066	81.152	833	127	3	1	833	1	803	0.0	809
Ga0374847_20_992_1483	CP000240.1:2072925-2073417|CDS|CYB_1973	97.154	492	14	0	1	492	1	492	0.0	825
Ga0374847_20_1739_2407	CP000240.1:2071776-2072670|CDS|CYB_1972	97.594	665	16	0	1	665	1	665	0.0	1128
Ga0374847_20_1739_2407	CP000239.1:2087285-2088311|CDS|CYA_2067	84.498	658	102	0	8	665	140	797	0.0	728
Ga0374847_20_2449_2634	CP000240.1:2071776-2072670|CDS|CYB_1972	97.849	186	4	0	1	186	709	894	9.45e-88	318
Ga0374847_20_2449_2634	CP000239.1:2087285-2088311|CDS|CYA_2067	83.908	174	28	0	1	174	841	1014	1.15e-48	188
Ga0374847_21_1208_1612	CP000239.1:2165820-2166285|CDS|CYA_2154	96.543	405	14	0	1	405	61	465	0.0	668
Ga0374847_21_1208_1612	CP000240.1:2850969-2851659|CDS|CYB_2753	96.049	405	16	0	1	405	286	690	0.0	659
Ga0374847_21_1588_2070	CP000240.1:2850511-2850994|CDS|CYB_2754	99.379	483	3	0	1	483	1	483	0.0	858
Ga0374847_21_1588_2070	CP000239.1:2166260-2166743|CDS|CYA_2153	98.137	483	9	0	1	483	1	483	0.0	831
Ga0374847_21_2074_3360	CP000240.1:2847736-2850508|CDS|CYB_2752	100.000	1287	0	0	1	1287	1486	2772	0.0	2322
Ga0374847_21_2074_3360	CP000239.1:2166746-2169575|CDS|CYA_2155	99.922	1287	1	0	1	1287	1543	2829	0.0	2317
Ga0374847_22_475_1686	CP000240.1:1803089-1804283|CDS|CYB_1722	96.650	1194	40	0	19	1212	1	1194	0.0	1974
Ga0374847_22_475_1686	CP000240.1:3008652-3009870|CDS|CYB_2910	94.828	1218	39	1	19	1212	1	1218	0.0	1930
Ga0374847_22_475_1686	CP000240.1:2644164-2645358|CDS|CYB_2538	95.310	1194	56	0	19	1212	1	1194	0.0	1902
Ga0374847_22_475_1686	CP000240.1:1190675-1191869|CDS|CYB_1151	94.812	1195	60	2	19	1212	1	1194	0.0	1869
Ga0374847_22_475_1686	CP000239.1:2170714-2171908|CDS|CYA_2158	93.970	1194	72	0	19	1212	1	1194	0.0	1829
Ga0374847_22_475_1686	CP000240.1:1083184-1084426|CDS|CYB_1042	91.626	1242	56	3	19	1212	1	1242	0.0	1801
Ga0374847_22_475_1686	CP000240.1:52430-53648|CDS|CYB_0041	92.200	1218	71	1	19	1212	1	1218	0.0	1786
Ga0374847_22_475_1686	CP000240.1:1954838-1956056|CDS|CYB_1872	92.118	1218	72	1	19	1212	1	1218	0.0	1782
Ga0374847_22_475_1686	CP000240.1:2830275-2831565|CDS|CYB_2735	90.968	1240	47	3	19	1210	1	1223	0.0	1777
Ga0374847_22_475_1686	CP000240.1:1064975-1066169|CDS|CYB_1023	92.714	1194	87	0	19	1212	1	1194	0.0	1762
Ga0374847_22_475_1686	CP000240.1:638632-639850|CDS|CYB_0630	91.379	1218	81	1	19	1212	1	1218	0.0	1741
Ga0374847_22_475_1686	CP000239.1:774779-775973|CDS|CYA_0767	92.211	1194	93	0	19	1212	1	1194	0.0	1735
Ga0374847_22_475_1686	CP000240.1:2168360-2169515|CDS|CYB_2071	93.546	1131	73	0	19	1149	1	1131	0.0	1711
Ga0374847_22_475_1686	CP000240.1:2796782-2798000|CDS|CYB_2707	90.640	1218	90	1	19	1212	1	1218	0.0	1700
Ga0374847_22_475_1686	CP000240.1:1521392-1522610|CDS|CYB_1450	90.640	1218	90	1	19	1212	1	1218	0.0	1700
Ga0374847_22_475_1686	CP000240.1:1358129-1359347|CDS|CYB_1297	90.394	1218	93	1	19	1212	1	1218	0.0	1687
Ga0374847_22_475_1686	CP000239.1:712444-713638|CDS|CYA_0704	91.290	1194	104	0	19	1212	1	1194	0.0	1685
Ga0374847_22_475_1686	CP000240.1:481588-482800|CDS|CYB_0472	89.774	1193	120	2	19	1210	1	1192	0.0	1595
Ga0374847_22_475_1686	CP000240.1:2210858-2212052|CDS|CYB_2117	89.531	1194	125	0	19	1212	1	1194	0.0	1590
Ga0374847_22_475_1686	CP000240.1:2247371-2248565|CDS|CYB_2147	91.070	1131	101	0	19	1149	1	1131	0.0	1585
Ga0374847_22_475_1686	CP000240.1:2553363-2554557|CDS|CYB_2454	89.280	1194	128	0	19	1212	1	1194	0.0	1577
Ga0374847_22_475_1686	CP000239.1:629980-631174|CDS|CYA_0620	89.280	1194	128	0	19	1212	1	1194	0.0	1577
Ga0374847_22_475_1686	CP000240.1:102811-104029|CDS|CYB_0087	89.264	1155	100	1	19	1149	1	1155	0.0	1542
Ga0374847_22_475_1686	CP000239.1:1594889-1596107|CDS|CYA_1585	90.186	1131	111	0	19	1149	1	1131	0.0	1540
Ga0374847_22_475_1686	CP000240.1:1316312-1317548|CDS|CYB_1259	87.336	1216	130	1	19	1210	1	1216	0.0	1517
Ga0374847_22_475_1686	CP000240.1:2619921-2621115|CDS|CYB_2521	88.201	1195	139	2	19	1212	1	1194	0.0	1513
Ga0374847_22_475_1686	CP000240.1:1267756-1268992|CDS|CYB_1227	86.606	1217	137	3	19	1210	1	1216	0.0	1471
Ga0374847_22_475_1686	CP000240.1:1244785-1246021|CDS|CYB_1201	86.431	1216	141	1	19	1210	1	1216	0.0	1467
Ga0374847_22_475_1686	CP000239.1:994256-995468|CDS|CYA_0981	87.081	1192	154	0	19	1210	1	1192	0.0	1456
Ga0374847_22_475_1686	CP000240.1:1015074-1016268|CDS|CYB_0979	88.329	1131	132	0	19	1149	1	1131	0.0	1445
Ga0374847_22_475_1686	CP000240.1:629484-630702|CDS|CYB_0620	85.714	1218	150	1	19	1212	1	1218	0.0	1430
Ga0374847_22_475_1686	CP000240.1:2661652-2662870|CDS|CYB_2557	85.632	1218	151	1	19	1212	1	1218	0.0	1425
Ga0374847_22_475_1686	CP000240.1:2933473-2934709|CDS|CYB_2835	85.316	1219	149	5	19	1210	1	1216	0.0	1397
Ga0374847_22_475_1686	CP000240.1:241642-242836|CDS|CYB_0233	87.367	1132	141	2	19	1149	1	1131	0.0	1390
Ga0374847_22_475_1686	CP000240.1:1842322-1843549|CDS|CYB_1759	84.826	1206	155	3	19	1198	1	1204	0.0	1362
Ga0374847_22_475_1686	CP000239.1:893439-894633|CDS|CYA_0887	86.441	1121	152	0	19	1139	1	1121	0.0	1337
Ga0374847_22_475_1686	CP000240.1:605550-606744|CDS|CYB_0598	84.673	1194	183	0	19	1212	1	1194	0.0	1329
Ga0374847_22_475_1686	CP000240.1:1384265-1385459|CDS|CYB_1322	85.853	1131	160	0	19	1149	1	1131	0.0	1319
Ga0374847_22_475_1686	CP000240.1:345730-346924|CDS|CYB_0329	85.411	1131	165	0	19	1149	1	1131	0.0	1297
Ga0374847_22_475_1686	CP000239.1:698055-699204|CDS|CYA_0690	84.642	1146	152	1	19	1140	1	1146	0.0	1291
Ga0374847_22_475_1686	CP000240.1:2565689-2566883|CDS|CYB_2468	84.881	1131	171	0	19	1149	1	1131	0.0	1269
Ga0374847_22_475_1686	CP000240.1:2128026-2129220|CDS|CYB_2026	82.938	1137	182	7	19	1149	1	1131	0.0	1156
Ga0374847_22_475_1686	CP000239.1:693322-694534|CDS|CYA_0687	81.454	1197	212	5	19	1210	1	1192	0.0	1145
Ga0374847_22_475_1686	CP000240.1:2219258-2220470|CDS|CYB_2126	80.952	1197	218	5	19	1210	1	1192	0.0	1118
Ga0374847_22_475_1686	CP000240.1:1763450-1764623|CDS|CYB_1688	80.915	1137	205	7	19	1149	1	1131	0.0	1052
Ga0374847_22_475_1686	CP000240.1:1917270-1918464|CDS|CYB_1826	80.035	1137	215	7	19	1149	1	1131	0.0	1007
Ga0374847_22_475_1686	CP000240.1:2506708-2507857|CDS|CYB_2410	77.257	1130	135	6	19	1027	1	1129	0.0	963
Ga0374847_22_475_1686	CP000239.1:88305-89487|CDS|CYA_0091	76.097	1117	241	5	24	1133	6	1103	0.0	812
Ga0374847_23_53_145	CP000240.1:2107663-2108410|CDS|CYB_2002	98.925	93	1	0	1	93	315	223	2.00e-41	164
Ga0374847_23_53_145	CP000239.1:1920941-1921688|CDS|CYA_1911	88.172	93	11	0	1	93	315	223	7.47e-28	119
Ga0374847_23_561_1235	CP000240.1:2106781-2107456|CDS|CYB_2001	97.771	673	15	0	1	673	1	673	0.0	1147
Ga0374847_23_561_1235	CP000239.1:1920106-1920781|CDS|CYA_1910	87.240	674	86	0	1	674	1	674	0.0	829
Ga0374847_23_1384_1734	CP000240.1:2105207-2105576|CDS|CYB_1999	95.702	349	12	1	6	351	21	369	3.41e-160	561
Ga0374847_23_1384_1734	CP000239.1:405099-405408|CDS|CYA_0389	81.877	309	56	0	43	351	1	309	1.20e-83	306
Ga0374847_23_1830_2048	CP000240.1:2104908-2105127|CDS|CYB_1998	98.630	219	3	0	1	219	1	219	1.14e-106	382
Ga0374847_23_1830_2048	CP000239.1:405518-405737|CDS|CYA_0390	88.991	218	24	0	1	218	1	218	6.72e-78	286
Ga0374847_24_1022_2344	CP000240.1:2013647-2015054|CDS|CYB_1930	98.262	1323	23	0	1	1323	85	1407	0.0	2283
Ga0374847_24_1022_2344	CP000239.1:502666-504085|CDS|CYA_0485	84.309	1332	193	4	4	1321	88	1417	0.0	1457
Ga0374847_25_31_627	CP000240.1:2108475-2109072|CDS|CYB_2003	96.650	597	20	0	1	597	1	597	0.0	987
Ga0374847_25_31_627	CP000239.1:1921738-1922380|CDS|CYA_1912	83.677	582	95	0	1	582	1	582	2.09e-178	622
Ga0374847_25_679_2283	CP000240.1:2109128-2110733|CDS|CYB_2004	99.065	1605	15	0	1	1605	1	1605	0.0	2828
Ga0374847_25_679_2283	CP000239.1:1924289-1925897|CDS|CYA_1915	89.856	1597	162	0	1	1597	1	1597	0.0	2150
Ga0374847_26_212_1219	CP000240.1:2983696-2984704|CDS|CYB_2883	98.115	1008	19	0	1	1008	1	1008	0.0	1733
Ga0374847_26_212_1219	CP000239.1:1273981-1274989|CDS|CYA_1258	88.878	1007	112	0	1	1007	1	1007	0.0	1312
Ga0374847_26_1646_2461	CP000240.1:2982454-2983345|CDS|CYB_2882	99.020	816	8	0	1	816	76	891	0.0	1436
Ga0374847_26_1646_2461	CP000239.1:1272773-1273664|CDS|CYA_1257	90.686	816	76	0	1	816	76	891	0.0	1130
Ga0374847_27_4_480	CP000240.1:2060408-2061194|CDS|CYB_1964	89.727	477	49	0	1	477	310	786	0.0	640
Ga0374847_27_4_480	CP000239.1:2524850-2525636|CDS|CYA_2513	83.229	477	80	0	1	477	310	786	3.88e-142	500
Ga0374847_27_552_1808	CP000240.1:2061327-2062518|CDS|CYB_1965	96.809	1191	38	0	67	1257	1	1191	0.0	1977
Ga0374847_27_552_1808	CP000239.1:2526050-2527241|CDS|CYA_2514	86.422	1171	155	2	73	1241	7	1175	0.0	1390
Ga0374847_27_1822_2310	CP000240.1:2062531-2063101|CDS|CYB_1966	89.162	489	53	0	1	489	82	570	0.0	644
Ga0374847_27_1822_2310	CP000239.1:2527384-2527972|CDS|CYA_2515	83.640	489	80	0	1	489	100	588	1.22e-148	522
Ga0374847_29_457_648	CP000240.1:1931814-1932006|CDS|CYB_1844	97.396	192	5	0	1	192	1	192	2.30e-89	324
Ga0374847_29_457_648	CP000240.1:1931820-1932054|CDS|CYB_1843	97.312	186	5	0	7	192	234	49	4.17e-86	314
Ga0374847_31_1140_2009	CP000240.1:2241124-2243206|CDS|CYB_2143	99.537	863	4	0	8	870	1220	2082	0.0	1539
Ga0374847_31_1140_2009	CP000239.1:1976914-1978981|CDS|CYA_1965	91.425	863	74	0	8	870	1205	2067	0.0	1223
