Ga0374836_01_451_969	CP000239.1:87208-87829|CDS|CYA_0089	100.000	519	0	0	1	519	103	621	0.0	937
Ga0374836_01_451_969	CP000240.1:2155497-2156064|CDS|CYB_2056	85.870	460	65	0	48	507	96	555	5.89e-153	537
Ga0374836_01_1170_2003	CP000239.1:86174-87005|CDS|CYA_0087	99.880	831	1	0	4	834	1	831	0.0	1495
Ga0374836_01_1170_2003	CP000240.1:2154432-2155266|CDS|CYB_2055	85.036	822	121	2	1	821	1	821	0.0	921
Ga0374836_01_2000_3478	CP000239.1:84591-86178|CDS|CYA_0088	99.932	1479	1	0	1	1479	109	1587	0.0	2663
Ga0374836_01_2000_3478	CP000240.1:2150251-2151814|CDS|CYB_2051	83.596	1457	231	3	1	1450	55	1510	0.0	1544
Ga0374836_01_3583_4020	CP000239.1:84184-84595|CDS|CYA_0086	100.000	411	0	0	28	438	1	411	0.0	742
Ga0374836_01_3583_4020	CP000240.1:2149724-2150195|CDS|CYB_2050	81.633	392	67	3	42	432	84	471	3.56e-104	374
Ga0374836_01_4141_4326	CP000239.1:83851-84037|CDS|CYA_0085	100.000	186	0	0	1	186	1	186	3.52e-93	336
Ga0374836_01_4141_4326	CP000240.1:2149331-2149643|CDS|CYB_2048	87.838	148	15	3	1	148	1	145	7.28e-45	176
Ga0374836_01_4141_4326	CP000240.1:2149241-2149673|CDS|CYB_2049	87.838	148	15	3	1	148	402	258	7.28e-45	176
Ga0374836_01_4486_5196	CP000239.1:82981-83692|CDS|CYA_0084	98.734	711	9	0	1	711	1	711	0.0	1242
Ga0374836_01_4486_5196	CP000240.1:2148515-2149226|CDS|CYB_2047	89.078	705	77	0	7	711	7	711	0.0	925
Ga0374836_01_5354_5938	CP000239.1:82002-82824|CDS|CYA_0083	99.487	585	3	0	1	585	238	822	0.0	1042
Ga0374836_01_5354_5938	CP000240.1:2147547-2148366|CDS|CYB_2046	81.757	592	97	4	1	585	232	819	9.28e-164	573
Ga0374836_01_6483_7349	CP000239.1:80828-81851|CDS|CYA_0081	99.308	867	6	0	1	867	157	1023	0.0	1537
Ga0374836_01_6483_7349	CP000240.1:2146322-2147387|CDS|CYB_2044	79.739	918	135	1	1	867	148	1065	0.0	859
Ga0374836_01_7273_9066	CP000239.1:79111-80905|CDS|CYA_0082	98.885	1794	20	0	1	1794	1	1794	0.0	3146
Ga0374836_01_7273_9066	CP000240.1:2144572-2146399|CDS|CYB_2045	81.722	1800	288	13	25	1790	31	1823	0.0	1742
Ga0374836_01_9379_9621	CP000239.1:78556-79003|CDS|CYA_0080	100.000	243	0	0	1	243	205	447	5.41e-124	439
Ga0374836_01_9379_9621	CP000240.1:2143236-2143479|CDS|CYB_2042	91.770	243	20	0	1	243	1	243	7.53e-97	349
Ga0374836_01_9729_10265	CP000239.1:77912-78449|CDS|CYA_0079	100.000	537	0	0	1	537	1	537	0.0	969
Ga0374836_01_10619_10840	CP000239.1:77337-77559|CDS|CYA_0078	100.000	222	0	0	1	222	1	222	1.23e-112	401
Ga0374836_01_10619_10840	CP000240.1:2142258-2142483|CDS|CYB_2040	84.932	219	31	2	4	221	7	224	8.88e-64	240
Ga0374836_01_10938_12275	CP000239.1:75902-77240|CDS|CYA_0077	99.925	1338	1	0	1	1338	1	1338	0.0	2409
Ga0374836_01_10938_12275	CP000240.1:2140818-2142156|CDS|CYB_2039	83.358	1334	220	2	1	1333	1	1333	0.0	1398
Ga0374836_01_12846_14780	CP000239.1:73397-75167|CDS|CYA_0076	99.831	1770	3	0	166	1935	1	1770	0.0	3179
Ga0374836_01_12846_14780	CP000240.1:1837180-1839013|CDS|CYB_1754	88.373	1832	211	2	103	1933	1	1831	0.0	2337
Ga0374836_01_14819_15814	CP000239.1:72363-73359|CDS|CYA_0075	99.900	996	1	0	1	996	1	996	0.0	1792
Ga0374836_01_14819_15814	CP000240.1:1839899-1840901|CDS|CYB_1757	87.171	951	113	2	1	951	1	942	0.0	1165
Ga0374836_01_15811_17157	CP000239.1:71020-72367|CDS|CYA_0074	99.926	1347	1	0	1	1347	1	1347	0.0	2425
Ga0374836_01_15811_17157	CP000240.1:1840897-1842244|CDS|CYB_1758	88.716	1347	152	0	1	1347	1	1347	0.0	1745
Ga0374836_01_17551_18363	CP000239.1:69814-70660|CDS|CYA_0073	100.000	813	0	0	1	813	34	846	0.0	1467
Ga0374836_01_17551_18363	CP000240.1:1843775-1844789|CDS|CYB_1760	85.153	815	118	1	2	813	200	1014	0.0	923
Ga0374836_01_18370_19446	CP000239.1:68587-69808|CDS|CYA_0072	99.814	1077	2	0	1	1077	145	1221	0.0	1934
Ga0374836_01_18370_19446	CP000240.1:1844796-1846017|CDS|CYB_1761	89.944	1064	107	0	1	1064	145	1208	0.0	1437
Ga0374836_01_20526_21416	CP000239.1:66761-67652|CDS|CYA_0070	100.000	891	0	0	1	891	1	891	0.0	1608
Ga0374836_01_21456_22016	CP000239.1:66080-66722|CDS|CYA_0069	100.000	561	0	0	1	561	82	642	0.0	1012
Ga0374836_01_21456_22016	CP000240.1:1211145-1211790|CDS|CYB_1173	86.879	564	71	1	1	561	82	645	0.0	682
Ga0374836_01_22588_23013	CP000239.1:63305-63791|CDS|CYA_0066	100.000	426	0	0	1	426	61	486	0.0	769
Ga0374836_01_23062_23805	CP000239.1:62513-63257|CDS|CYA_0065	99.866	744	1	0	1	744	1	744	0.0	1338
Ga0374836_01_23062_23805	CP000240.1:1212760-1213504|CDS|CYB_1175	85.618	744	107	0	1	744	1	744	0.0	860
Ga0374836_01_23823_24605	CP000239.1:61713-62496|CDS|CYA_0064	99.745	783	2	0	1	783	1	783	0.0	1404
Ga0374836_01_23823_24605	CP000240.1:1213521-1214304|CDS|CYB_1176	86.079	783	109	0	1	783	1	783	0.0	921
Ga0374836_01_24997_25716	CP000239.1:60602-61409|CDS|CYA_0062	99.861	720	1	0	1	720	88	807	0.0	1295
Ga0374836_01_24997_25716	CP000240.1:1214558-1215359|CDS|CYB_1177	86.034	716	100	0	5	720	86	801	0.0	841
Ga0374836_02_299_460	CP000239.1:2125624-2125777|CDS|CYA_2108	99.342	152	1	0	1	152	1	152	3.69e-73	270
Ga0374836_02_721_1698	CP000239.1:2125968-2127015|CDS|CYA_2109	97.648	978	23	0	1	978	70	1047	0.0	1661
Ga0374836_02_721_1698	CP000240.1:2757303-2758350|CDS|CYB_2669	90.647	973	91	0	6	978	75	1047	0.0	1345
Ga0374836_02_3255_4964	CP000239.1:2127640-2129362|CDS|CYA_2111	98.480	1710	26	0	1	1710	13	1722	0.0	2967
Ga0374836_02_3255_4964	CP000240.1:2758982-2760683|CDS|CYB_2671	85.603	1674	241	0	1	1674	13	1686	0.0	1933
Ga0374836_02_5080_6024	CP000239.1:2129477-2130422|CDS|CYA_2112	99.788	945	2	0	1	945	1	945	0.0	1696
Ga0374836_02_5080_6024	CP000240.1:2760688-2761633|CDS|CYB_2672	85.275	944	139	0	1	944	1	944	0.0	1076
Ga0374836_02_6070_7446	CP000239.1:2130467-2131988|CDS|CYA_2113	99.782	1377	3	0	1	1377	145	1521	0.0	2470
Ga0374836_02_6070_7446	CP000240.1:2761694-2763215|CDS|CYB_2673	88.744	1377	155	0	1	1377	145	1521	0.0	1785
Ga0374836_02_7446_7589	CP000239.1:2130467-2131988|CDS|CYA_2113	99.310	145	0	1	1	144	1	145	2.47e-68	254
Ga0374836_02_7446_7589	CP000240.1:2761694-2763215|CDS|CYB_2673	88.966	145	15	1	1	144	1	145	3.02e-48	187
Ga0374836_02_7649_8197	CP000239.1:2132047-2132596|CDS|CYA_2114	100.000	549	0	0	1	549	1	549	0.0	991
Ga0374836_02_7649_8197	CP000240.1:2763259-2763808|CDS|CYB_2674	81.387	548	102	0	1	548	1	548	9.28e-151	529
Ga0374836_02_8214_8774	CP000239.1:2132612-2133155|CDS|CYA_2115	100.000	543	0	0	19	561	1	543	0.0	980
Ga0374836_02_8214_8774	CP000240.1:2763828-2764392|CDS|CYB_2675	78.483	567	111	4	1	560	1	563	3.32e-131	465
Ga0374836_02_8810_9283	CP000239.1:2133208-2133682|CDS|CYA_2116	99.578	474	2	0	1	474	1	474	0.0	847
Ga0374836_02_8810_9283	CP000240.1:2764427-2764901|CDS|CYB_2676	83.510	473	78	0	1	473	1	473	1.11e-142	502
Ga0374836_02_9378_9623	CP000239.1:2133776-2134022|CDS|CYA_2117	100.000	246	0	0	1	246	1	246	1.29e-125	444
Ga0374836_02_9378_9623	CP000240.1:2764995-2765241|CDS|CYB_2677	90.083	242	24	0	1	242	1	242	7.15e-91	329
Ga0374836_02_9768_9878	CP000239.1:2134166-2134298|CDS|CYA_2118	99.099	111	1	0	1	111	22	132	4.25e-51	196
Ga0374836_02_9853_10605	CP000239.1:2134251-2134998|CDS|CYA_2119	99.866	747	1	0	7	753	1	747	0.0	1343
Ga0374836_02_9853_10605	CP000240.1:2765469-2766216|CDS|CYB_2679	90.094	747	74	0	7	753	1	747	0.0	1014
Ga0374836_02_10605_11018	CP000239.1:2135003-2135384|CDS|CYA_2120	100.000	381	0	0	34	414	1	381	0.0	688
Ga0374836_02_10605_11018	CP000240.1:2766221-2766614|CDS|CYB_2680	87.328	363	43	1	55	414	31	393	6.46e-126	446
Ga0374836_02_11502_12086	CP000239.1:2135900-2136488|CDS|CYA_2121	92.998	557	39	0	1	557	1	557	0.0	829
Ga0374836_02_11502_12086	CP000240.1:2767422-2768010|CDS|CYB_2682	83.831	569	92	0	12	580	12	580	1.06e-175	612
Ga0374836_02_12083_12397	CP000239.1:2136484-2136799|CDS|CYA_2122	88.818	313	35	0	1	313	1	313	4.25e-114	407
Ga0374836_02_12083_12397	CP000240.1:2768006-2768321|CDS|CYB_2683	81.150	313	59	0	1	313	1	313	1.59e-81	299
Ga0374836_02_12411_14003	CP000239.1:2136812-2138405|CDS|CYA_2123	99.497	1591	8	0	1	1591	1	1591	0.0	2834
Ga0374836_02_12411_14003	CP000240.1:2768335-2769928|CDS|CYB_2684	87.162	1589	204	0	1	1589	1	1589	0.0	1947
Ga0374836_02_14211_14735	CP000239.1:2138612-2139137|CDS|CYA_2124	99.810	525	1	0	1	525	1	525	0.0	943
Ga0374836_02_14211_14735	CP000240.1:2770143-2770662|CDS|CYB_2685	87.984	516	62	0	1	516	1	516	0.0	652
Ga0374836_02_14778_15278	CP000239.1:2139179-2139680|CDS|CYA_2125	100.000	501	0	0	1	501	1	501	0.0	904
Ga0374836_02_14778_15278	CP000240.1:2770701-2771202|CDS|CYB_2686	89.379	499	53	0	1	499	1	499	0.0	662
Ga0374836_02_15397_16152	CP000239.1:2139798-2141178|CDS|CYA_2126	95.503	756	34	0	1	756	625	1380	0.0	1211
Ga0374836_02_15397_16152	CP000240.1:2771312-2772692|CDS|CYB_2687	88.095	756	90	0	1	756	625	1380	0.0	958
Ga0374836_02_16322_16798	CP000239.1:2139798-2141178|CDS|CYA_2126	99.781	456	1	0	1	456	456	1	0.0	819
Ga0374836_02_16322_16798	CP000240.1:2771312-2772692|CDS|CYB_2687	85.683	454	65	0	3	456	454	1	9.75e-150	526
Ga0374836_02_16967_19567	CP000239.1:2141367-2143968|CDS|CYA_2127	97.463	2601	66	0	1	2601	1	2601	0.0	4394
Ga0374836_02_16967_19567	CP000240.1:2772842-2775443|CDS|CYB_2688	87.986	2597	312	0	1	2597	1	2597	0.0	3278
Ga0374836_02_19624_20790	CP000239.1:2144129-2145191|CDS|CYA_2128	100.000	1062	0	0	106	1167	1	1062	0.0	1916
Ga0374836_02_19624_20790	CP000240.1:2775855-2776917|CDS|CYB_2690	79.512	1025	210	0	106	1130	1	1025	0.0	902
Ga0374836_02_20899_21432	CP000239.1:2145308-2145833|CDS|CYA_2130	100.000	525	0	0	10	534	1	525	0.0	948
Ga0374836_02_20899_21432	CP000240.1:1007583-1008108|CDS|CYB_0971	87.843	510	62	0	10	519	1	510	0.0	641
Ga0374836_02_21613_22119	CP000239.1:2145878-2146520|CDS|CYA_2131	99.606	507	2	0	1	507	136	642	0.0	906
Ga0374836_02_21613_22119	CP000240.1:1008125-1008764|CDS|CYB_0972	78.469	418	83	2	1	413	118	533	2.01e-95	346
Ga0374836_03_5828_6409	CP000239.1:1505049-1505595|CDS|CYA_1496	100.000	546	0	0	37	582	1	546	0.0	985
Ga0374836_03_5828_6409	CP000240.1:1525406-1525955|CDS|CYB_1452	84.717	530	80	1	37	565	1	530	4.19e-168	588
Ga0374836_03_6650_9493	CP000239.1:1501965-1504893|CDS|CYA_1494	99.930	2844	2	0	1	2844	85	2928	0.0	5121
Ga0374836_03_6650_9493	CP000240.1:1526590-1529545|CDS|CYB_1453	80.287	2856	445	19	1	2749	82	2926	0.0	2634
Ga0374836_03_9431_10393	CP000239.1:1501065-1502028|CDS|CYA_1495	99.896	963	1	0	1	963	1	963	0.0	1733
Ga0374836_03_9431_10393	CP000240.1:1529569-1530553|CDS|CYB_1454	81.736	991	142	4	1	961	1	982	0.0	989
Ga0374836_03_10457_12433	CP000239.1:1499031-1501002|CDS|CYA_1493	100.000	1971	0	0	7	1977	1	1971	0.0	3555
Ga0374836_03_12544_12948	CP000239.1:1498420-1498915|CDS|CYA_1492	100.000	405	0	0	1	405	91	495	0.0	731
Ga0374836_03_12544_12948	CP000240.1:1533166-1533661|CDS|CYB_1456	87.654	405	50	0	1	405	91	495	7.68e-144	506
Ga0374836_03_13068_13793	CP000239.1:1497683-1498391|CDS|CYA_1491	93.113	726	32	1	1	726	1	708	0.0	1096
Ga0374836_03_13068_13793	CP000240.1:1533680-1534388|CDS|CYB_1457	83.773	721	99	1	6	726	6	708	0.0	785
Ga0374836_03_14062_14724	CP000239.1:1496752-1497415|CDS|CYA_1490	100.000	663	0	0	1	663	1	663	0.0	1196
Ga0374836_03_14062_14724	CP000240.1:1534648-1535311|CDS|CYB_1458	90.799	663	61	0	1	663	1	663	0.0	921
Ga0374836_03_14721_15287	CP000239.1:1496189-1496693|CDS|CYA_1489	99.802	504	1	0	64	567	1	504	0.0	905
Ga0374836_03_14721_15287	CP000240.1:1535307-1535922|CDS|CYB_1459	87.313	536	68	0	1	536	1	536	0.0	661
Ga0374836_03_15627_15941	CP000239.1:1495535-1496153|CDS|CYA_1488	100.000	315	0	0	1	315	304	618	5.89e-163	569
Ga0374836_03_15627_15941	CP000240.1:1535957-1536587|CDS|CYB_1460	91.746	315	26	0	1	315	316	630	1.14e-127	452
Ga0374836_03_15993_16307	CP000239.1:1495169-1495484|CDS|CYA_1487	100.000	315	0	0	1	315	1	315	5.89e-163	569
Ga0374836_03_15993_16307	CP000240.1:1536652-1536967|CDS|CYB_1461	88.571	315	36	0	1	315	1	315	4.25e-114	407
Ga0374836_03_16637_17416	CP000239.1:1494060-1495182|CDS|CYA_1486	99.872	780	1	0	1	780	343	1122	0.0	1403
Ga0374836_03_16637_17416	CP000240.1:1536991-1538086|CDS|CYB_1462	82.298	644	106	4	1	640	298	937	0.0	637
Ga0374836_03_17965_18207	CP000239.1:1493270-1493840|CDS|CYA_1485	100.000	243	0	0	1	243	328	570	5.41e-124	439
Ga0374836_03_17965_18207	CP000240.1:1538389-1538959|CDS|CYB_1463	86.831	243	32	0	1	243	328	570	1.46e-80	295
Ga0374836_03_18374_19951	CP000239.1:1491526-1493104|CDS|CYA_1484	99.937	1578	1	0	1	1578	1	1578	0.0	2842
Ga0374836_03_18374_19951	CP000240.1:1546358-1547942|CDS|CYB_1471	85.649	1526	219	0	1	1526	1	1526	0.0	1765
Ga0374836_03_20071_21342	CP000239.1:1490110-1491406|CDS|CYA_1483	99.921	1272	1	0	1	1272	25	1296	0.0	2290
Ga0374836_03_20071_21342	CP000240.1:1548066-1549365|CDS|CYB_1472	85.016	1268	187	1	1	1265	25	1292	0.0	1429
Ga0374836_03_21453_21929	CP000239.1:1489544-1490024|CDS|CYA_1482	100.000	477	0	0	1	477	4	480	0.0	861
Ga0374836_03_21453_21929	CP000240.1:1549451-1549931|CDS|CYB_1473	88.470	477	55	0	1	477	4	480	8.54e-176	613
Ga0374836_05_491_604	CP000240.1:778112-778340|CDS|CYB_0756	96.774	93	3	0	22	114	228	136	1.34e-38	155
Ga0374836_05_736_1458	CP000240.1:777393-778116|CDS|CYB_0755	99.032	723	7	0	1	723	1	723	0.0	1273
Ga0374836_05_736_1458	CP000239.1:816710-817436|CDS|CYA_0804	82.913	714	122	0	1	714	1	714	0.0	738
Ga0374836_05_1652_1945	CP000240.1:776907-777240|CDS|CYB_0754	96.599	294	10	0	1	294	40	333	5.12e-138	486
Ga0374836_05_1652_1945	CP000239.1:817527-817860|CDS|CYA_0805	80.287	279	55	0	1	279	40	318	1.57e-68	256
Ga0374836_05_2271_2546	CP000240.1:776568-776844|CDS|CYB_0753	98.913	276	3	0	1	276	1	276	1.67e-137	485
Ga0374836_05_2271_2546	CP000239.1:817917-818223|CDS|CYA_0806	84.015	269	43	0	1	269	31	299	2.04e-79	292
Ga0374836_05_2647_3720	CP000239.1:820042-821119|CDS|CYA_0809	99.057	1060	10	0	1	1060	1	1060	0.0	1867
Ga0374836_05_2647_3720	CP000240.1:775404-776481|CDS|CYB_0752	84.688	1058	162	0	11	1068	2	1059	0.0	1178
Ga0374836_05_3807_3944	CP000240.1:775172-775310|CDS|CYB_0751	89.855	138	14	0	1	138	1	138	2.87e-48	187
Ga0374836_05_4306_4695	CP000239.1:821704-822037|CDS|CYA_0810	99.700	333	1	0	58	390	1	333	5.30e-171	597
Ga0374836_05_5256_6230	CP000239.1:822468-823629|CDS|CYA_0811	99.897	975	1	0	1	975	187	1161	0.0	1755
Ga0374836_05_5256_6230	CP000240.1:1979707-1980988|CDS|CYB_1894	82.888	935	151	3	7	932	298	1232	0.0	960
Ga0374836_05_6333_6614	CP000239.1:823731-824013|CDS|CYA_0812	100.000	282	0	0	1	282	1	282	4.29e-145	509
Ga0374836_05_7197_7799	CP000239.1:824514-825198|CDS|CYA_0813	100.000	603	0	0	1	603	82	684	0.0	1088
Ga0374836_05_7197_7799	CP000240.1:2418299-2418983|CDS|CYB_2307	86.401	603	82	0	1	603	82	684	0.0	719
Ga0374836_05_7882_8439	CP000239.1:825280-825838|CDS|CYA_0814	100.000	558	0	0	1	558	1	558	0.0	1007
Ga0374836_05_7882_8439	CP000240.1:1964140-1964701|CDS|CYB_1879	82.321	560	96	1	1	557	1	560	1.60e-160	563
Ga0374836_05_8483_9667	CP000239.1:825881-827066|CDS|CYA_0815	100.000	1185	0	0	1	1185	1	1185	0.0	2138
Ga0374836_05_8483_9667	CP000240.1:1962898-1964065|CDS|CYB_1878	87.232	1167	149	0	19	1185	1	1167	0.0	1434
Ga0374836_05_9830_10087	CP000239.1:827228-827486|CDS|CYA_0816	100.000	258	0	0	1	258	1	258	4.16e-132	466
Ga0374836_05_9830_10087	CP000240.1:1961104-1961839|CDS|CYB_1876	82.949	217	22	1	44	245	473	689	4.46e-62	234
Ga0374836_05_10411_12036	CP000240.1:1959184-1960810|CDS|CYB_1875	85.768	1609	229	0	1	1609	1	1609	0.0	1870
Ga0374836_05_12189_13394	CP000239.1:829653-830793|CDS|CYA_0818	99.912	1140	1	0	67	1206	1	1140	0.0	2052
Ga0374836_05_12189_13394	CP000240.1:1957777-1958914|CDS|CYB_1874	83.583	1133	186	0	67	1199	1	1133	0.0	1205
Ga0374836_06_24_782	CP000239.1:156187-156946|CDS|CYA_0160	99.736	759	2	0	1	759	1	759	0.0	1361
Ga0374836_06_24_782	CP000240.1:2422795-2423566|CDS|CYB_2311	85.844	770	97	1	1	758	1	770	0.0	904
Ga0374836_06_837_2060	CP000239.1:157000-158224|CDS|CYA_0161	99.918	1224	1	0	1	1224	1	1224	0.0	2204
Ga0374836_06_837_2060	CP000240.1:1018037-1019276|CDS|CYB_0983	84.007	1213	194	0	1	1213	1	1213	0.0	1314
Ga0374836_06_2473_2778	CP000239.1:158573-158942|CDS|CYA_0162	100.000	306	0	0	1	306	64	369	4.39e-158	553
Ga0374836_06_2473_2778	CP000240.1:1017329-1017698|CDS|CYB_0982	89.216	306	33	0	1	306	64	369	5.02e-113	404
Ga0374836_06_3095_3826	CP000239.1:159201-159990|CDS|CYA_0163	99.863	732	1	0	1	732	58	789	0.0	1316
Ga0374836_06_3095_3826	CP000240.1:1016269-1017004|CDS|CYB_0980	85.736	652	93	0	80	731	83	734	0.0	757
Ga0374836_06_3891_5552	CP000239.1:159946-161716|CDS|CYA_0165	99.639	1662	6	0	1	1662	109	1770	0.0	2971
Ga0374836_06_3891_5552	CP000240.1:1013237-1014965|CDS|CYB_0977	88.225	1673	185	2	2	1662	56	1728	0.0	2131
Ga0374836_06_5522_6736	CP000239.1:161685-162930|CDS|CYA_0164	99.918	1215	1	0	1	1215	31	1245	0.0	2187
Ga0374836_06_5522_6736	CP000240.1:1012023-1013241|CDS|CYB_0978	88.627	1187	135	0	1	1187	31	1217	0.0	1533
Ga0374836_06_6769_7707	CP000239.1:162932-163925|CDS|CYA_0166	99.787	939	2	0	1	939	55	993	0.0	1685
Ga0374836_06_6769_7707	CP000240.1:1011011-1012010|CDS|CYB_0976	87.069	928	120	0	1	928	64	991	0.0	1133
Ga0374836_06_7976_10219	CP000239.1:164139-166383|CDS|CYA_0167	99.866	2244	3	0	1	2244	1	2244	0.0	4034
Ga0374836_06_7976_10219	CP000239.1:142591-144856|CDS|CYA_0148	80.280	2211	428	7	25	2231	25	2231	0.0	1998
Ga0374836_06_7976_10219	CP000240.1:1971811-1974076|CDS|CYB_1886	80.235	2211	429	7	25	2231	25	2231	0.0	1994
Ga0374836_06_10953_11438	CP000239.1:167116-167602|CDS|CYA_0169	100.000	486	0	0	1	486	1	486	0.0	877
Ga0374836_06_11439_11702	CP000239.1:167602-167866|CDS|CYA_0170	100.000	264	0	0	1	264	1	264	2.36e-135	477
Ga0374836_06_11677_12771	CP000239.1:167840-168935|CDS|CYA_0171	99.909	1095	1	0	1	1095	1	1095	0.0	1971
Ga0374836_06_12776_13627	CP000239.1:168939-169878|CDS|CYA_0172	100.000	852	0	0	1	852	88	939	0.0	1537
Ga0374836_06_13716_14111	CP000239.1:169879-171043|CDS|CYA_0173	100.000	396	0	0	1	396	769	1164	0.0	715
Ga0374836_07_22_180	CP000239.1:1127420-1128536|CDS|CYA_1103	96.835	158	5	0	2	159	959	1116	5.36e-71	263
Ga0374836_07_22_180	CP000240.1:1491836-1493015|CDS|CYB_1423	81.429	140	26	0	4	143	943	1082	5.37e-33	136
Ga0374836_07_177_635	CP000239.1:1128532-1128991|CDS|CYA_1102	96.732	459	15	0	1	459	1	459	0.0	761
Ga0374836_07_177_635	CP000240.1:2724283-2724742|CDS|CYB_2633	82.989	435	74	0	24	458	24	458	1.69e-127	452
Ga0374836_07_702_2744	CP000239.1:1129062-1131117|CDS|CYA_1104	98.251	2001	35	0	1	2001	19	2019	0.0	3452
Ga0374836_07_702_2744	CP000240.1:1395355-1397422|CDS|CYB_1334	80.130	1993	354	12	59	2012	74	2063	0.0	1793
Ga0374836_07_2793_3446	CP000239.1:1131147-1131801|CDS|CYA_1105	100.000	654	0	0	1	654	1	654	0.0	1180
Ga0374836_07_2793_3446	CP000240.1:1394603-1395251|CDS|CYB_1333	84.853	614	89	2	29	638	35	648	0.0	683
Ga0374836_07_3450_4319	CP000239.1:1131804-1132674|CDS|CYA_1106	99.885	870	1	0	1	870	1	870	0.0	1565
Ga0374836_07_3450_4319	CP000240.1:1393729-1394599|CDS|CYB_1332	80.667	869	168	0	1	869	1	869	0.0	810
Ga0374836_07_4329_4754	CP000239.1:1132683-1133100|CDS|CYA_1107	100.000	417	0	0	10	426	1	417	0.0	753
Ga0374836_07_4843_6786	CP000239.1:1133197-1135141|CDS|CYA_1108	99.691	1944	6	0	1	1944	1	1944	0.0	3479
Ga0374836_07_4843_6786	CP000240.1:1391211-1393182|CDS|CYB_1330	80.792	1869	359	0	76	1944	103	1971	0.0	1753
Ga0374836_07_7059_8849	CP000239.1:1135413-1137369|CDS|CYA_1109	99.944	1791	1	0	1	1791	166	1956	0.0	3226
Ga0374836_07_7059_8849	CP000240.1:1423512-1425348|CDS|CYB_1355	79.729	1845	303	17	1	1787	1	1832	0.0	1629
Ga0374836_07_9013_10230	CP000239.1:1137367-1138585|CDS|CYA_1110	99.918	1218	1	0	1	1218	1	1218	0.0	2193
Ga0374836_07_9013_10230	CP000240.1:1425513-1426740|CDS|CYB_1356	82.857	1120	188	2	73	1190	94	1211	0.0	1150
Ga0374836_07_10419_11549	CP000239.1:1138773-1139904|CDS|CYA_1111	99.912	1131	1	0	1	1131	1	1131	0.0	2036
Ga0374836_07_10419_11549	CP000240.1:1426848-1427961|CDS|CYB_1357	86.030	1131	140	1	1	1131	1	1113	0.0	1340
Ga0374836_08_824_1981	CP000239.1:1933910-1935068|CDS|CYA_1923	98.791	1158	14	0	1	1158	1	1158	0.0	2026
Ga0374836_08_824_1981	CP000240.1:2118234-2119392|CDS|CYB_2014	95.509	1158	52	0	1	1158	1	1158	0.0	1855
Ga0374836_08_1985_3193	CP000239.1:1932698-1933907|CDS|CYA_1922	98.098	1209	23	0	1	1209	1	1209	0.0	2077
Ga0374836_08_1985_3193	CP000240.1:2117022-2118231|CDS|CYB_2013	97.767	1209	27	0	1	1209	1	1209	0.0	2059
Ga0374836_08_3364_4131	CP000240.1:2116080-2116848|CDS|CYB_2012	99.609	768	3	0	1	768	1	768	0.0	1372
Ga0374836_08_3364_4131	CP000239.1:1931760-1932528|CDS|CYA_1921	98.438	768	12	0	1	768	1	768	0.0	1332
Ga0374836_08_4178_4930	CP000239.1:1930961-1931726|CDS|CYA_1920	98.008	753	15	0	1	753	13	765	0.0	1291
Ga0374836_08_4178_4930	CP000240.1:2115281-2116046|CDS|CYB_2011	97.742	753	17	0	1	753	13	765	0.0	1282
Ga0374836_08_4982_6412	CP000239.1:1929458-1930910|CDS|CYA_1919	100.000	1431	0	0	1	1431	22	1452	0.0	2581
Ga0374836_08_6576_7271	CP000239.1:1928618-1929314|CDS|CYA_1918	100.000	696	0	0	1	696	1	696	0.0	1256
Ga0374836_08_7463_8527	CP000240.1:2113997-2115062|CDS|CYB_2008	99.061	1065	10	0	1	1065	1	1065	0.0	1876
Ga0374836_08_7463_8527	CP000239.1:1927377-1928427|CDS|CYA_1917	87.125	1033	133	0	1	1033	1	1033	0.0	1264
Ga0374836_08_8520_9323	CP000240.1:2113201-2114005|CDS|CYB_2009	97.015	804	24	0	1	804	1	804	0.0	1342
Ga0374836_08_9516_10550	CP000239.1:1926266-1927301|CDS|CYA_1916	99.204	1005	8	0	1	1005	1	1005	0.0	1777
Ga0374836_08_9516_10550	CP000240.1:2111974-2113009|CDS|CYB_2006	88.502	1035	119	0	1	1035	1	1035	0.0	1331
Ga0374836_09_32_2038	CP000240.1:2838368-2840609|CDS|CYB_2744	85.452	1794	212	11	252	2007	459	2241	0.0	2054
Ga0374836_09_32_2038	CP000239.1:2177855-2180051|CDS|CYA_2166	74.755	1941	445	18	97	2007	271	2196	0.0	1251
Ga0374836_09_2103_2291	CP000239.1:2177601-2177802|CDS|CYA_2165	92.222	180	14	0	10	189	22	201	6.49e-71	262
Ga0374836_09_2103_2291	CP000240.1:2840673-2840868|CDS|CYB_2745	84.615	195	24	2	1	189	1	195	2.95e-56	214
Ga0374836_09_2463_3578	CP000239.1:2176314-2177547|CDS|CYA_2164	98.656	1116	15	0	1	1116	118	1233	0.0	1946
Ga0374836_09_2463_3578	CP000240.1:2840997-2842233|CDS|CYB_2746	85.570	1088	151	2	32	1116	152	1236	0.0	1251
Ga0374836_09_3585_4064	CP000239.1:2175828-2176308|CDS|CYA_2163	94.583	480	26	0	1	480	1	480	0.0	749
Ga0374836_09_3585_4064	CP000240.1:2842240-2842738|CDS|CYB_2747	87.349	498	45	1	1	480	1	498	3.90e-180	627
Ga0374836_09_4774_5694	CP000240.1:2843126-2844371|CDS|CYB_2748	100.000	921	0	0	1	921	325	1245	0.0	1662
Ga0374836_09_4774_5694	CP000239.1:2174198-2175443|CDS|CYA_2162	99.566	921	4	0	1	921	325	1245	0.0	1644
Ga0374836_09_5733_6116	CP000240.1:2844418-2844793|CDS|CYB_2749	100.000	375	0	0	10	384	1	375	0.0	677
Ga0374836_09_5733_6116	CP000239.1:2173776-2174151|CDS|CYA_2161	99.733	375	1	0	10	384	1	375	0.0	673
Ga0374836_09_6323_6772	CP000239.1:2173120-2173669|CDS|CYA_2160	100.000	450	0	0	1	450	100	549	0.0	812
Ga0374836_09_6323_6772	CP000240.1:2844900-2845449|CDS|CYB_2750	99.778	450	1	0	1	450	100	549	0.0	808
Ga0374836_09_6821_9058	CP000240.1:2845497-2847735|CDS|CYB_2751	99.732	2238	6	0	1	2238	1	2238	0.0	4010
Ga0374836_10_1138_1617	CP000239.1:1508119-1508881|CDS|CYA_1498	100.000	480	0	0	1	480	283	762	0.0	866
Ga0374836_10_1138_1617	CP000240.1:373632-374226|CDS|CYB_0358	86.458	480	65	0	1	480	115	594	7.54e-164	573
Ga0374836_10_2175_3239	CP000239.1:1509141-1510221|CDS|CYA_1500	100.000	1065	0	0	1	1065	16	1080	0.0	1921
Ga0374836_10_2175_3239	CP000240.1:372177-373257|CDS|CYB_0357	90.798	1065	98	0	1	1065	16	1080	0.0	1480
Ga0374836_10_3349_3582	CP000239.1:1510330-1510564|CDS|CYA_1501	100.000	234	0	0	1	234	1	234	3.99e-119	423
Ga0374836_10_3349_3582	CP000240.1:371796-372024|CDS|CYB_0356	81.818	209	38	0	26	234	20	228	5.56e-54	206
Ga0374836_10_3623_3877	CP000239.1:1510604-1510952|CDS|CYA_1502	100.000	255	0	0	1	255	94	348	1.75e-130	461
Ga0374836_10_4163_4651	CP000239.1:1511144-1511633|CDS|CYA_1503	100.000	489	0	0	1	489	1	489	0.0	883
Ga0374836_10_4163_4651	CP000240.1:2803740-2804223|CDS|CYB_2712	84.490	490	64	2	1	487	1	481	3.73e-155	544
Ga0374836_10_5017_5811	CP000239.1:1511998-1512763|CDS|CYA_1504	99.477	765	4	0	31	795	1	765	0.0	1362
Ga0374836_10_5017_5811	CP000240.1:2798461-2799262|CDS|CYB_2708	84.763	781	113	1	1	781	1	775	0.0	874
Ga0374836_10_7392_8099	CP000239.1:1514373-1515081|CDS|CYA_1505	92.797	708	51	0	1	708	1	708	0.0	1048
Ga0374836_10_7392_8099	CP000240.1:2795622-2796291|CDS|CYB_2706	85.949	669	94	0	40	708	1	669	0.0	783
Ga0374836_10_8145_9632	CP000239.1:1515230-1516637|CDS|CYA_1507	72.405	1243	326	7	226	1467	157	1383	0.0	680
Ga0374836_10_8145_9632	CP000240.1:2794010-2795423|CDS|CYB_2705	72.182	1251	321	10	226	1467	157	1389	0.0	667
Ga0374836_10_9819_9962	CP000239.1:1515230-1516637|CDS|CYA_1507	90.780	141	13	0	4	144	1267	1407	5.82e-51	196
Ga0374836_10_9819_9962	CP000240.1:2794010-2795423|CDS|CYB_2705	83.673	147	18	2	1	144	1270	1413	1.78e-38	154
Ga0374836_11_641_997	CP000239.1:2399907-2400264|CDS|CYA_2389	99.720	357	1	0	1	357	1	357	0.0	640
Ga0374836_11_641_997	CP000240.1:131258-131615|CDS|CYB_0117	89.636	357	37	0	1	357	1	357	3.26e-135	478
Ga0374836_11_955_1785	CP000239.1:2399146-2399950|CDS|CYA_2390	99.751	804	2	0	28	831	1	804	0.0	1442
Ga0374836_11_955_1785	CP000240.1:131640-132396|CDS|CYB_0118	86.183	731	101	0	28	758	1	731	0.0	864
Ga0374836_11_1851_2366	CP000239.1:2398538-2399060|CDS|CYA_2388	100.000	516	0	0	1	516	7	522	0.0	931
Ga0374836_11_1851_2366	CP000240.1:132487-133003|CDS|CYB_0119	84.325	504	79	0	1	504	1	504	7.62e-158	554
Ga0374836_11_3188_4330	CP000239.1:2396574-2397813|CDS|CYA_2387	100.000	1143	0	0	1	1143	97	1239	0.0	2062
Ga0374836_11_3188_4330	CP000240.1:133904-135134|CDS|CYB_0121	87.779	1121	137	0	1	1121	97	1217	0.0	1405
Ga0374836_11_4484_5719	CP000239.1:2395185-2396496|CDS|CYA_2386	100.000	1236	0	0	1	1236	76	1311	0.0	2230
Ga0374836_11_4484_5719	CP000240.1:1050865-1052176|CDS|CYB_1012	88.817	1234	138	0	1	1234	76	1309	0.0	1604
Ga0374836_11_5795_6031	CP000239.1:2394873-2395110|CDS|CYA_2384	100.000	237	0	0	1	237	1	237	9.52e-121	428
Ga0374836_11_5795_6031	CP000240.1:1052214-1052457|CDS|CYB_1014	82.716	243	36	1	1	237	1	243	5.28e-67	251
Ga0374836_11_6028_7428	CP000239.1:2393476-2394877|CDS|CYA_2385	99.929	1401	1	0	1	1401	1	1401	0.0	2523
Ga0374836_11_6028_7428	CP000240.1:1052453-1053854|CDS|CYB_1013	88.714	1400	158	0	1	1400	1	1400	0.0	1813
Ga0374836_11_7458_8555	CP000239.1:2392469-2393447|CDS|CYA_2383	100.000	978	0	0	121	1098	1	978	0.0	1764
Ga0374836_11_7458_8555	CP000240.1:1053895-1054873|CDS|CYB_1015	88.037	978	117	0	121	1098	1	978	0.0	1237
Ga0374836_11_8594_9463	CP000239.1:2391459-2392311|CDS|CYA_2382	99.883	852	1	0	19	870	1	852	0.0	1533
Ga0374836_11_8594_9463	CP000240.1:1055031-1055883|CDS|CYB_1016	89.870	849	86	0	20	868	2	850	0.0	1144
Ga0374836_12_166_1968	CP000239.1:1713943-1715746|CDS|CYA_1706	99.778	1803	4	0	1	1803	1	1803	0.0	3234
Ga0374836_12_166_1968	CP000240.1:1068087-1069890|CDS|CYB_1026	85.579	1796	256	1	1	1793	1	1796	0.0	2070
Ga0374836_12_2057_2482	CP000239.1:1715834-1716260|CDS|CYA_1707	100.000	426	0	0	1	426	1	426	0.0	769
Ga0374836_12_4223_5266	CP000239.1:1717993-1719319|CDS|CYA_1709	99.904	1044	1	0	1	1044	283	1326	0.0	1879
Ga0374836_12_4223_5266	CP000240.1:358766-360056|CDS|CYB_0340	87.767	1030	126	0	15	1044	42	1071	0.0	1290
Ga0374836_12_5281_5937	CP000239.1:1719051-1720002|CDS|CYA_1710	99.848	657	1	0	1	657	295	951	0.0	1181
Ga0374836_12_5281_5937	CP000240.1:360078-361053|CDS|CYB_0341	73.343	679	133	4	1	655	319	973	6.62e-122	434
Ga0374836_12_6375_6899	CP000239.1:1720145-1720778|CDS|CYA_1711	100.000	525	0	0	1	525	109	633	0.0	948
Ga0374836_12_6375_6899	CP000240.1:361400-362072|CDS|CYB_0342	74.227	485	88	4	61	516	187	663	5.60e-90	327
Ga0374836_12_7019_7717	CP000239.1:1720789-1721488|CDS|CYA_1712	100.000	699	0	0	1	699	1	699	0.0	1261
Ga0374836_12_7019_7717	CP000240.1:362119-362827|CDS|CYB_0343	78.134	686	141	2	1	677	1	686	7.04e-160	561
Ga0374836_12_7738_8169	CP000239.1:1721508-1722021|CDS|CYA_1713	99.537	432	2	0	1	432	82	513	0.0	771
Ga0374836_12_7738_8169	CP000240.1:362823-363420|CDS|CYB_0344	80.048	416	74	2	1	410	169	581	1.00e-104	376
Ga0374836_12_8225_8566	CP000239.1:1721995-1722337|CDS|CYA_1714	100.000	342	0	0	1	342	1	342	1.42e-177	618
Ga0374836_13_50_724	CP000239.1:944701-945376|CDS|CYA_0934	100.000	675	0	0	1	675	1	675	0.0	1218
Ga0374836_13_50_724	CP000240.1:1075818-1076499|CDS|CYB_1033	88.987	681	69	1	1	675	1	681	0.0	892
Ga0374836_13_900_1391	CP000239.1:945551-946043|CDS|CYA_0935	99.593	492	2	0	1	492	1	492	0.0	879
Ga0374836_13_900_1391	CP000240.1:923977-924469|CDS|CYB_0891	90.041	492	49	0	1	492	1	492	0.0	667
Ga0374836_13_1510_2352	CP000239.1:946161-947004|CDS|CYA_0936	100.000	843	0	0	1	843	1	843	0.0	1521
Ga0374836_13_1510_2352	CP000240.1:924586-925423|CDS|CYB_0892	92.346	797	61	0	1	797	1	797	0.0	1163
Ga0374836_13_2465_2827	CP000239.1:947116-947479|CDS|CYA_0938	100.000	363	0	0	1	363	1	363	0.0	655
Ga0374836_13_2465_2827	CP000240.1:925551-925917|CDS|CYB_0894	82.514	366	61	1	1	363	1	366	3.55e-103	370
Ga0374836_13_2824_4041	CP000239.1:947475-948816|CDS|CYA_0937	99.836	1218	2	0	1	1218	124	1341	0.0	2188
Ga0374836_13_2824_4041	CP000240.1:925903-927250|CDS|CYB_0893	84.066	1205	178	4	1	1194	124	1325	0.0	1303
Ga0374836_13_4394_6091	CP000239.1:948785-950765|CDS|CYA_0939	98.881	1698	19	0	1	1698	283	1980	0.0	2977
Ga0374836_13_4394_6091	CP000240.1:927345-929199|CDS|CYB_0895	90.400	1698	163	0	1	1698	157	1854	0.0	2328
Ga0374836_13_6424_6741	CP000239.1:951097-951415|CDS|CYA_0940	100.000	318	0	0	1	318	1	318	1.40e-164	574
Ga0374836_13_6424_6741	CP000240.1:929514-929820|CDS|CYB_0896	88.176	296	35	0	1	296	1	296	7.27e-105	377
Ga0374836_13_6884_7957	CP000239.1:951485-952631|CDS|CYA_0941	99.907	1074	1	0	1	1074	73	1146	0.0	1933
Ga0374836_13_6884_7957	CP000240.1:929855-930989|CDS|CYB_0897	80.762	1076	189	6	2	1074	74	1134	0.0	997
Ga0374836_14_212_871	CP000239.1:1758556-1759216|CDS|CYA_1750	100.000	660	0	0	1	660	1	660	0.0	1191
Ga0374836_14_212_871	CP000240.1:221296-221977|CDS|CYB_0214	83.407	681	92	3	1	660	1	681	0.0	725
Ga0374836_14_868_1389	CP000239.1:1759212-1759734|CDS|CYA_1751	100.000	522	0	0	1	522	1	522	0.0	942
Ga0374836_14_868_1389	CP000240.1:220778-221300|CDS|CYB_0212	85.069	509	76	0	1	509	1	509	6.76e-165	576
Ga0374836_14_1399_1680	CP000239.1:1759743-1760025|CDS|CYA_1752	100.000	282	0	0	1	282	1	282	4.29e-145	509
Ga0374836_14_1399_1680	CP000240.1:220487-220769|CDS|CYB_0211	90.071	282	28	0	1	282	1	282	4.30e-107	383
Ga0374836_14_1692_1943	CP000239.1:1760036-1760288|CDS|CYA_1753	100.000	252	0	0	1	252	1	252	7.33e-129	455
Ga0374836_14_1692_1943	CP000240.1:220216-220468|CDS|CYB_0210	86.853	251	33	0	1	251	1	251	2.92e-83	305
Ga0374836_14_1940_2344	CP000239.1:1760284-1760671|CDS|CYA_1754	100.000	387	0	0	19	405	1	387	0.0	699
Ga0374836_14_1940_2344	CP000240.1:219833-220220|CDS|CYB_0209	85.146	377	56	0	29	405	11	387	1.69e-120	428
Ga0374836_14_2328_3818	CP000239.1:1760672-1762163|CDS|CYA_1755	99.866	1491	2	0	1	1491	1	1491	0.0	2681
Ga0374836_14_2328_3818	CP000240.1:218359-219832|CDS|CYB_0208	82.273	1478	254	3	15	1491	3	1473	0.0	1479
Ga0374836_14_3811_4188	CP000239.1:1762155-1762494|CDS|CYA_1756	100.000	339	0	0	40	378	1	339	6.67e-176	612
Ga0374836_14_3811_4188	CP000240.1:218004-218367|CDS|CYB_0207	86.129	310	43	0	59	368	20	329	1.57e-101	366
Ga0374836_14_4304_4675	CP000239.1:88305-89487|CDS|CYA_0091	81.793	357	64	1	16	372	1	356	4.15e-96	348
Ga0374836_14_4304_4675	CP000240.1:1842322-1843549|CDS|CYB_1759	81.742	356	64	1	16	371	1	355	1.45e-95	346
Ga0374836_14_4304_4675	CP000240.1:1316312-1317548|CDS|CYB_1259	81.232	357	66	1	16	372	1	356	2.15e-93	339
Ga0374836_14_4304_4675	CP000239.1:698055-699204|CDS|CYA_0690	80.618	356	68	1	16	371	1	355	3.89e-90	328
Ga0374836_14_4304_4675	CP000239.1:893439-894633|CDS|CYA_0887	80.392	357	69	1	16	372	1	356	1.36e-89	325
Ga0374836_14_4304_4675	CP000240.1:605550-606744|CDS|CYB_0598	80.112	357	70	1	16	372	1	356	5.77e-88	321
Ga0374836_14_4304_4675	CP000240.1:2619921-2621115|CDS|CYB_2521	79.832	357	71	1	16	372	1	356	7.04e-87	316
Ga0374836_14_4304_4675	CP000240.1:2661652-2662870|CDS|CYB_2557	79.272	357	73	1	16	372	1	356	3.64e-84	307
Ga0374836_14_4304_4675	CP000239.1:774779-775973|CDS|CYA_0767	78.992	357	74	1	16	372	1	356	1.55e-82	303
Ga0374836_14_4304_4675	CP000240.1:2565689-2566883|CDS|CYB_2468	78.711	357	75	1	16	372	1	356	1.89e-81	298
Ga0374836_14_4304_4675	CP000240.1:2247371-2248565|CDS|CYB_2147	78.711	357	75	1	16	372	1	356	1.89e-81	298
Ga0374836_14_4304_4675	CP000240.1:345730-346924|CDS|CYB_0329	78.652	356	75	1	16	371	1	355	6.59e-81	297
Ga0374836_14_4304_4675	CP000239.1:1594889-1596107|CDS|CYA_1585	78.652	356	75	1	16	371	1	355	6.59e-81	297
Ga0374836_14_4304_4675	CP000240.1:1384265-1385459|CDS|CYB_1322	78.431	357	76	1	16	372	1	356	8.03e-80	294
Ga0374836_14_4304_4675	CP000239.1:629980-631174|CDS|CYA_0620	78.151	357	77	1	16	372	1	356	9.78e-79	289
Ga0374836_14_4304_4675	CP000240.1:1803089-1804283|CDS|CYB_1722	77.871	357	78	1	16	372	1	356	4.16e-77	285
Ga0374836_14_4304_4675	CP000240.1:481588-482800|CDS|CYB_0472	77.871	357	78	1	16	372	1	356	4.16e-77	285
Ga0374836_14_4304_4675	CP000240.1:2933473-2934709|CDS|CYB_2835	75.591	381	68	2	16	372	1	380	1.45e-76	282
Ga0374836_14_4304_4675	CP000240.1:2796782-2798000|CDS|CYB_2707	77.591	357	79	1	16	372	1	356	5.07e-76	280
Ga0374836_14_4304_4675	CP000240.1:2553363-2554557|CDS|CYB_2454	77.591	357	79	1	16	372	1	356	5.07e-76	280
Ga0374836_14_4304_4675	CP000240.1:2168360-2169515|CDS|CYB_2071	77.591	357	79	1	16	372	1	356	5.07e-76	280
Ga0374836_14_4304_4675	CP000240.1:1954838-1956056|CDS|CYB_1872	77.591	357	79	1	16	372	1	356	5.07e-76	280
Ga0374836_14_4304_4675	CP000240.1:241642-242836|CDS|CYB_0233	77.591	357	79	1	16	372	1	356	5.07e-76	280
Ga0374836_14_4304_4675	CP000239.1:2170714-2171908|CDS|CYA_2158	77.591	357	79	1	16	372	1	356	5.07e-76	280
Ga0374836_14_4304_4675	CP000239.1:994256-995468|CDS|CYA_0981	77.591	357	79	1	16	372	1	356	5.07e-76	280
Ga0374836_14_4304_4675	CP000239.1:712444-713638|CDS|CYA_0704	77.591	357	79	1	16	372	1	356	5.07e-76	280
Ga0374836_14_4304_4675	CP000240.1:2644164-2645358|CDS|CYB_2538	77.311	357	80	1	16	372	1	356	2.15e-74	276
Ga0374836_14_4304_4675	CP000240.1:1244785-1246021|CDS|CYB_1201	75.066	381	70	2	16	372	1	380	7.52e-74	273
Ga0374836_14_4304_4675	CP000240.1:52430-53648|CDS|CYB_0041	77.031	357	81	1	16	372	1	356	2.62e-73	271
Ga0374836_14_4304_4675	CP000240.1:2210858-2212052|CDS|CYB_2117	77.119	354	80	1	16	369	1	353	9.16e-73	270
Ga0374836_14_4304_4675	CP000240.1:1267756-1268992|CDS|CYB_1227	74.803	381	71	2	16	372	1	380	3.20e-72	269
Ga0374836_14_4304_4675	CP000240.1:2219258-2220470|CDS|CYB_2126	76.751	357	82	1	16	372	1	356	1.12e-71	267
Ga0374836_14_4304_4675	CP000240.1:1190675-1191869|CDS|CYB_1151	76.751	357	82	1	16	372	1	356	1.12e-71	267
Ga0374836_14_4304_4675	CP000240.1:1064975-1066169|CDS|CYB_1023	76.190	357	84	1	16	372	1	356	5.78e-69	258
Ga0374836_14_4304_4675	CP000240.1:1015074-1016268|CDS|CYB_0979	76.190	357	84	1	16	372	1	356	5.78e-69	258
Ga0374836_14_4304_4675	CP000240.1:629484-630702|CDS|CYB_0620	74.016	381	74	2	16	372	1	380	2.02e-68	255
Ga0374836_14_4304_4675	CP000240.1:1917270-1918464|CDS|CYB_1826	75.910	357	85	1	16	372	1	356	7.04e-68	253
Ga0374836_14_4304_4675	CP000239.1:693322-694534|CDS|CYA_0687	75.910	357	85	1	16	372	1	356	7.04e-68	253
Ga0374836_14_4304_4675	CP000240.1:2128026-2129220|CDS|CYB_2026	75.630	357	86	1	16	372	1	356	2.99e-66	249
Ga0374836_14_4304_4675	CP000240.1:1763450-1764623|CDS|CYB_1688	75.350	357	87	1	16	372	1	356	3.65e-65	244
Ga0374836_14_4304_4675	CP000240.1:1521392-1522610|CDS|CYB_1450	73.228	381	77	2	16	372	1	380	4.44e-64	242
Ga0374836_14_4304_4675	CP000240.1:638632-639850|CDS|CYB_0630	73.228	381	77	2	16	372	1	380	4.44e-64	242
Ga0374836_14_4304_4675	CP000240.1:2830275-2831565|CDS|CYB_2735	72.966	381	78	2	16	372	1	380	5.41e-63	237
Ga0374836_14_4304_4675	CP000240.1:1358129-1359347|CDS|CYB_1297	72.441	381	80	2	16	372	1	380	2.80e-60	228
Ga0374836_14_4304_4675	CP000240.1:1083184-1084426|CDS|CYB_1042	72.441	381	80	2	16	372	1	380	2.80e-60	228
Ga0374836_14_4304_4675	CP000240.1:3008652-3009870|CDS|CYB_2910	71.916	381	82	2	16	372	1	380	1.45e-57	219
Ga0374836_14_4304_4675	CP000240.1:102811-104029|CDS|CYB_0087	71.654	381	83	2	16	372	1	380	6.18e-56	214
Ga0374836_14_4304_4675	CP000240.1:2506708-2507857|CDS|CYB_2410	65.814	430	72	5	16	372	1	428	4.17e-39	159
Ga0374836_14_4689_5300	CP000239.1:88305-89487|CDS|CYA_0091	80.616	552	107	0	20	571	389	940	7.99e-146	514
Ga0374836_14_4689_5300	CP000240.1:102811-104029|CDS|CYB_0087	78.782	542	115	0	1	542	394	935	1.54e-129	460
Ga0374836_14_4689_5300	CP000240.1:1190675-1191869|CDS|CYB_1151	78.637	543	116	0	1	543	370	912	5.39e-129	457
Ga0374836_14_4689_5300	CP000240.1:1316312-1317548|CDS|CYB_1259	79.423	520	107	0	38	557	407	926	1.88e-128	456
Ga0374836_14_4689_5300	CP000240.1:2644164-2645358|CDS|CYB_2538	78.453	543	117	0	1	543	370	912	2.29e-127	453
Ga0374836_14_4689_5300	CP000240.1:1521392-1522610|CDS|CYB_1450	78.453	543	117	0	1	543	394	936	2.29e-127	453
Ga0374836_14_4689_5300	CP000240.1:1358129-1359347|CDS|CYB_1297	78.269	543	118	0	1	543	394	936	2.79e-126	448
Ga0374836_14_4689_5300	CP000240.1:638632-639850|CDS|CYB_0630	78.269	543	118	0	1	543	394	936	2.79e-126	448
Ga0374836_14_4689_5300	CP000240.1:2210858-2212052|CDS|CYB_2117	77.879	547	121	0	11	557	380	926	4.14e-124	442
Ga0374836_14_4689_5300	CP000240.1:1803089-1804283|CDS|CYB_1722	78.236	533	116	0	11	543	380	912	1.45e-123	439
Ga0374836_14_4689_5300	CP000239.1:2170714-2171908|CDS|CYA_2158	77.901	543	120	0	1	543	370	912	1.45e-123	439
Ga0374836_14_4689_5300	CP000239.1:1594889-1596107|CDS|CYA_1585	77.199	557	127	0	1	557	370	926	2.15e-121	433
Ga0374836_14_4689_5300	CP000240.1:3008652-3009870|CDS|CYB_2910	77.532	543	122	0	1	543	394	936	7.49e-121	430
Ga0374836_14_4689_5300	CP000240.1:2247371-2248565|CDS|CYB_2147	77.331	547	124	0	11	557	380	926	2.61e-120	428
Ga0374836_14_4689_5300	CP000239.1:712444-713638|CDS|CYA_0704	77.020	557	128	0	1	557	370	926	2.61e-120	428
Ga0374836_14_4689_5300	CP000240.1:2553363-2554557|CDS|CYB_2454	76.532	571	133	1	1	571	371	940	1.11e-118	423
Ga0374836_14_4689_5300	CP000240.1:1267756-1268992|CDS|CYB_1227	77.390	544	121	2	1	543	394	936	1.35e-117	420
Ga0374836_14_4689_5300	CP000240.1:629484-630702|CDS|CYB_0620	77.390	544	121	2	1	543	394	936	1.35e-117	420
Ga0374836_14_4689_5300	CP000240.1:1064975-1066169|CDS|CYB_1023	77.122	542	124	0	1	542	370	911	1.35e-117	419
Ga0374836_14_4689_5300	CP000240.1:2619921-2621115|CDS|CYB_2521	76.980	543	125	0	1	543	370	912	1.65e-116	416
Ga0374836_14_4689_5300	CP000240.1:481588-482800|CDS|CYB_0472	77.206	544	122	2	1	543	370	912	1.65e-116	416
Ga0374836_14_4689_5300	CP000240.1:2796782-2798000|CDS|CYB_2707	75.485	567	115	1	1	543	370	936	5.76e-116	414
Ga0374836_14_4689_5300	CP000240.1:2168360-2169515|CDS|CYB_2071	76.796	543	126	0	1	543	370	912	2.01e-115	412
Ga0374836_14_4689_5300	CP000240.1:52430-53648|CDS|CYB_0041	75.043	581	121	1	1	557	370	950	2.01e-115	412
Ga0374836_14_4689_5300	CP000240.1:2506708-2507857|CDS|CYB_2410	77.255	510	90	3	59	543	524	1032	8.54e-114	407
Ga0374836_14_4689_5300	CP000239.1:774779-775973|CDS|CYA_0767	76.611	543	127	0	1	543	370	912	8.54e-114	407
Ga0374836_14_4689_5300	CP000240.1:241642-242836|CDS|CYB_0233	76.838	544	124	2	1	543	370	912	8.54e-114	407
Ga0374836_14_4689_5300	CP000239.1:893439-894633|CDS|CYA_0887	76.344	558	130	2	1	557	370	926	2.98e-113	405
Ga0374836_14_4689_5300	CP000240.1:1244785-1246021|CDS|CYB_1201	76.654	544	125	2	1	543	394	936	3.63e-112	402
Ga0374836_14_4689_5300	CP000239.1:994256-995468|CDS|CYA_0981	75.986	558	132	2	1	557	370	926	1.54e-110	396
Ga0374836_14_4689_5300	CP000240.1:2830275-2831565|CDS|CYB_2735	74.603	567	120	1	1	543	394	960	6.57e-109	391
Ga0374836_14_4689_5300	CP000240.1:1384265-1385459|CDS|CYB_1322	76.243	543	127	2	1	542	370	911	6.57e-109	391
Ga0374836_14_4689_5300	CP000240.1:1954838-1956056|CDS|CYB_1872	74.427	567	121	1	1	543	370	936	8.00e-108	387
Ga0374836_14_4689_5300	CP000240.1:2933473-2934709|CDS|CYB_2835	75.780	545	128	2	1	543	394	936	9.75e-107	383
Ga0374836_14_4689_5300	CP000240.1:1015074-1016268|CDS|CYB_0979	76.583	521	120	2	38	557	407	926	9.75e-107	383
Ga0374836_14_4689_5300	CP000240.1:1083184-1084426|CDS|CYB_1042	74.250	567	122	1	1	543	394	960	3.40e-106	382
Ga0374836_14_4689_5300	CP000239.1:629980-631174|CDS|CYA_0620	75.735	544	130	2	1	543	370	912	1.19e-105	379
Ga0374836_14_4689_5300	CP000240.1:2565689-2566883|CDS|CYB_2468	74.954	543	134	2	1	542	370	911	1.11e-99	360
Ga0374836_14_4689_5300	CP000240.1:605550-606744|CDS|CYB_0598	75.984	508	120	2	36	542	405	911	1.11e-99	360
Ga0374836_14_4689_5300	CP000240.1:2661652-2662870|CDS|CYB_2557	73.239	568	126	3	1	543	370	936	2.01e-96	350
Ga0374836_14_4689_5300	CP000239.1:698055-699204|CDS|CYA_0690	73.239	568	126	3	1	543	370	936	2.01e-96	350
Ga0374836_14_4689_5300	CP000240.1:1842322-1843549|CDS|CYB_1759	73.260	546	118	3	38	557	407	950	3.64e-93	339
Ga0374836_14_4689_5300	CP000240.1:345730-346924|CDS|CYB_0329	75.099	506	124	2	38	542	407	911	3.64e-93	338
Ga0374836_14_4689_5300	CP000240.1:2128026-2129220|CDS|CYB_2026	71.908	566	159	0	1	566	370	935	7.50e-83	305
Ga0374836_14_4689_5300	CP000240.1:2219258-2220470|CDS|CYB_2126	71.378	566	162	0	1	566	370	935	4.73e-79	291
Ga0374836_14_4689_5300	CP000240.1:1917270-1918464|CDS|CYB_1826	71.403	556	159	0	11	566	380	935	2.01e-77	287
Ga0374836_14_4689_5300	CP000239.1:693322-694534|CDS|CYA_0687	71.002	569	165	0	1	569	370	938	2.45e-76	283
Ga0374836_14_4689_5300	CP000240.1:1763450-1764623|CDS|CYB_1688	70.775	568	162	2	1	566	370	935	4.43e-73	271
Ga0374836_14_5724_6245	CP000239.1:1764134-1764590|CDS|CYA_1758	100.000	456	0	0	67	522	1	456	0.0	823
Ga0374836_14_5724_6245	CP000240.1:1244277-1244703|CDS|CYB_1200	85.308	422	62	0	68	489	2	423	1.15e-136	482
Ga0374836_14_6255_6530	CP000239.1:1764599-1764986|CDS|CYA_1759	100.000	276	0	0	1	276	112	387	7.58e-142	499
Ga0374836_14_6255_6530	CP000240.1:1247140-1247623|CDS|CYB_1203	86.496	274	37	0	1	274	208	481	2.83e-90	328
Ga0374836_14_6739_7266	CP000239.1:1765416-1765914|CDS|CYA_1760	100.000	471	0	0	58	528	28	498	0.0	850
Ga0374836_14_6739_7266	CP000240.1:1247662-1248196|CDS|CYB_1204	81.121	535	89	4	1	526	1	532	1.24e-142	503
Ga0374836_14_7274_7837	CP000239.1:1765921-1766704|CDS|CYA_1761	97.340	564	15	0	1	564	220	783	0.0	950
Ga0374836_14_7274_7837	CP000240.1:1248214-1248994|CDS|CYB_1205	85.816	564	80	0	1	564	217	780	0.0	657
Ga0374836_15_1003_1341	CP000239.1:1516788-1517127|CDS|CYA_1508	99.705	339	1	0	1	339	1	339	2.54e-174	608
Ga0374836_15_1003_1341	CP000240.1:2793520-2793859|CDS|CYB_2704	99.410	339	2	0	1	339	1	339	3.09e-173	603
Ga0374836_15_1493_2908	CP000239.1:1517278-1518694|CDS|CYA_1509	98.517	1416	21	0	1	1416	1	1416	0.0	2460
Ga0374836_15_1493_2908	CP000240.1:2791953-2793369|CDS|CYB_2703	91.525	1416	120	0	1	1416	1	1416	0.0	2013
Ga0374836_15_3069_3278	CP000239.1:1518854-1519064|CDS|CYA_1510	100.000	210	0	0	1	210	1	210	3.78e-106	379
Ga0374836_15_3549_4526	CP000239.1:1519334-1520312|CDS|CYA_1511	100.000	978	0	0	1	978	1	978	0.0	1764
Ga0374836_15_3549_4526	CP000240.1:2788733-2789726|CDS|CYB_2699	81.846	964	169	2	2	962	2	962	0.0	947
Ga0374836_15_4613_5236	CP000239.1:1520398-1521010|CDS|CYA_1512	99.673	612	2	0	13	624	1	612	0.0	1095
Ga0374836_15_4613_5236	CP000240.1:2788134-2788746|CDS|CYB_2700	83.497	612	101	0	13	624	1	612	0.0	649
Ga0374836_15_5341_7050	CP000239.1:1521126-1522836|CDS|CYA_1513	90.409	1710	164	0	1	1710	1	1710	0.0	2345
Ga0374836_15_5341_7050	CP000240.1:2786309-2788016|CDS|CYB_2698	88.129	1710	200	1	1	1710	1	1707	0.0	2168
Ga0374836_15_7197_7712	CP000240.1:2785260-2786232|CDS|CYB_2697	84.536	485	72	1	1	482	340	824	2.04e-152	535
Ga0374836_15_7197_7712	CP000239.1:1522832-1523861|CDS|CYA_1514	80.855	491	91	1	1	488	373	863	3.70e-130	461
Ga0374836_16_188_319	CP000239.1:2867887-2868757|CDS|CYA_2852	99.242	132	1	0	1	132	739	870	2.09e-62	234
Ga0374836_16_188_319	CP000240.1:126235-127117|CDS|CYB_0112	90.909	99	9	0	1	99	763	861	1.24e-33	139
Ga0374836_16_474_1556	CP000239.1:2866650-2867733|CDS|CYA_2851	99.908	1083	1	0	1	1083	1	1083	0.0	1949
Ga0374836_16_1606_2619	CP000239.1:2865497-2866601|CDS|CYA_2850	99.704	1014	3	0	1	1014	91	1104	0.0	1816
Ga0374836_16_2942_3592	CP000239.1:2864614-2865265|CDS|CYA_2849	100.000	651	0	0	1	651	1	651	0.0	1175
Ga0374836_16_2942_3592	CP000240.1:127261-127912|CDS|CYB_0113	88.923	650	72	0	1	650	1	650	0.0	848
Ga0374836_16_3799_4353	CP000239.1:2863853-2864408|CDS|CYA_2848	99.820	555	1	0	1	555	1	555	0.0	997
Ga0374836_16_3799_4353	CP000240.1:128096-128666|CDS|CYB_0114	84.127	504	74	1	53	550	62	565	1.00e-156	550
Ga0374836_16_5439_5837	CP000239.1:1152553-1152952|CDS|CYA_1126	100.000	399	0	0	1	399	1	399	0.0	720
Ga0374836_16_5439_5837	CP000239.1:1013062-1013461|CDS|CYA_0999	100.000	399	0	0	1	399	1	399	0.0	720
Ga0374836_16_5439_5837	CP000239.1:2728529-2728928|CDS|CYA_2709	99.499	399	2	0	1	399	1	399	0.0	711
Ga0374836_16_5439_5837	CP000239.1:1367794-1368193|CDS|CYA_1358	99.499	399	2	0	1	399	1	399	0.0	711
Ga0374836_16_5439_5837	CP000239.1:34556-34955|CDS|CYA_0037	99.499	399	2	0	1	399	1	399	0.0	711
Ga0374836_16_5439_5837	CP000239.1:1290362-1291310|CDS|CYA_1279	99.500	400	1	1	1	399	1	400	0.0	710
Ga0374836_16_5439_5837	CP000239.1:2740042-2740447|CDS|CYA_2722	99.499	399	1	1	1	399	1	398	0.0	708
Ga0374836_16_5439_5837	CP000239.1:2026942-2027347|CDS|CYA_2010	99.499	399	1	1	1	399	1	398	0.0	708
Ga0374836_16_5439_5837	CP000239.1:2654240-2654639|CDS|CYA_2639	99.248	399	3	0	1	399	1	399	0.0	707
Ga0374836_16_5439_5837	CP000239.1:1663935-1664334|CDS|CYA_1661	99.248	399	3	0	1	399	1	399	0.0	707
Ga0374836_16_5439_5837	CP000239.1:1300762-1301161|CDS|CYA_1291	99.248	399	3	0	1	399	1	399	0.0	707
Ga0374836_16_5439_5837	CP000239.1:1612111-1613059|CDS|CYA_1604	99.250	400	2	1	1	399	1	400	0.0	705
Ga0374836_16_5439_5837	CP000239.1:1321049-1321982|CDS|CYA_1311	99.250	400	2	1	1	399	1	400	0.0	705
Ga0374836_16_5439_5837	CP000239.1:51699-52647|CDS|CYA_0053	99.250	400	2	1	1	399	1	400	0.0	705
Ga0374836_16_5439_5837	CP000239.1:2862566-2862965|CDS|CYA_2845	98.997	399	4	0	1	399	1	399	0.0	702
Ga0374836_16_5439_5837	CP000239.1:2101748-2102147|CDS|CYA_2082	98.997	399	4	0	1	399	1	399	0.0	702
Ga0374836_16_5819_6385	CP000239.1:1664315-1664882|CDS|CYA_1662	98.413	567	9	0	1	567	1	567	0.0	983
Ga0374836_16_5819_6385	CP000239.1:1300214-1300781|CDS|CYA_1289	98.413	567	9	0	1	567	1	567	0.0	983
Ga0374836_16_5819_6385	CP000239.1:1368174-1368741|CDS|CYA_1360	98.060	567	11	0	1	567	1	567	0.0	974
Ga0374836_16_5819_6385	CP000239.1:1152933-1153500|CDS|CYA_1127	97.884	567	12	0	1	567	1	567	0.0	969
Ga0374836_16_5819_6385	CP000239.1:1012514-1013081|CDS|CYA_0998	97.884	567	12	0	1	567	1	567	0.0	969
Ga0374836_16_5819_6385	CP000239.1:2653692-2654259|CDS|CYA_2637	97.707	567	13	0	1	567	1	567	0.0	965
Ga0374836_16_5819_6385	CP000239.1:1290362-1291310|CDS|CYA_1279	97.531	567	14	0	1	567	382	948	0.0	960
Ga0374836_16_5819_6385	CP000239.1:2728909-2729476|CDS|CYA_2710	97.354	567	15	0	1	567	1	567	0.0	956
Ga0374836_16_5819_6385	CP000239.1:1612111-1613059|CDS|CYA_1604	97.002	567	17	0	1	567	382	948	0.0	947
Ga0374836_16_5819_6385	CP000239.1:51699-52647|CDS|CYA_0053	97.002	567	17	0	1	567	382	948	0.0	947
Ga0374836_16_5819_6385	CP000239.1:34936-35488|CDS|CYA_0038	95.944	567	8	1	1	567	1	552	0.0	929
Ga0374836_16_5819_6385	CP000239.1:1321049-1321982|CDS|CYA_1311	95.230	566	12	1	2	567	383	933	0.0	909
Ga0374836_16_5819_6385	CP000239.1:2101215-2101767|CDS|CYA_2081	94.885	567	14	1	1	567	1	552	0.0	902
Ga0374836_16_5819_6385	CP000239.1:2863003-2863513|CDS|CYA_2846	97.255	510	14	0	58	567	1	510	0.0	857
Ga0374836_17_446_1204	CP000239.1:938696-939455|CDS|CYA_0929	96.311	759	28	0	1	759	1	759	0.0	1243
Ga0374836_17_446_1204	CP000240.1:1081522-1082305|CDS|CYB_1040	87.380	729	92	0	1	729	1	729	0.0	901
Ga0374836_17_1272_2027	CP000239.1:939522-940422|CDS|CYA_0930	99.735	756	2	0	1	756	145	900	0.0	1355
Ga0374836_17_1272_2027	CP000240.1:1080663-1081458|CDS|CYB_1039	79.377	771	120	6	1	732	1	771	0.0	682
Ga0374836_17_2170_3123	CP000239.1:940420-941374|CDS|CYA_0931	99.895	954	1	0	1	954	1	954	0.0	1717
Ga0374836_17_2170_3123	CP000240.1:1079567-1080521|CDS|CYB_1038	88.365	954	111	0	1	954	1	954	0.0	1221
Ga0374836_17_3352_3963	CP000239.1:941581-942214|CDS|CYA_0932	100.000	612	0	0	1	612	22	633	0.0	1104
Ga0374836_17_3352_3963	CP000240.1:1078723-1079557|CDS|CYB_1037	74.007	604	155	2	10	612	232	834	5.05e-104	375
Ga0374836_17_3960_4910	CP000240.1:1077776-1078727|CDS|CYB_1036	75.754	928	223	2	25	951	25	951	0.0	653
Ga0374836_17_4883_6139	CP000239.1:943316-944390|CDS|CYA_0933	99.814	1074	2	0	184	1257	1	1074	0.0	1929
Ga0374836_17_4883_6139	CP000240.1:1076532-1077627|CDS|CYB_1034	78.329	1089	216	5	178	1250	1	1085	0.0	896
Ga0374836_18_712_2025	CP000239.1:1122233-1123547|CDS|CYA_1098	99.924	1314	1	0	1	1314	1	1314	0.0	2366
Ga0374836_18_712_2025	CP000240.1:688190-689507|CDS|CYB_0676	79.186	1326	251	12	1	1312	1	1315	0.0	1116
Ga0374836_18_2009_2998	CP000239.1:1123530-1124484|CDS|CYA_1099	99.266	954	7	0	37	990	1	954	0.0	1690
Ga0374836_18_2009_2998	CP000240.1:687274-688180|CDS|CYB_0675	86.977	837	109	0	37	873	1	837	0.0	1019
Ga0374836_18_3249_4460	CP000239.1:1124635-1125982|CDS|CYA_1100	97.195	1212	34	0	1	1212	136	1347	0.0	2033
Ga0374836_18_3249_4460	CP000240.1:1494722-1496033|CDS|CYB_1425	83.251	1218	196	3	1	1211	94	1310	0.0	1271
Ga0374836_18_4548_5969	CP000239.1:1126033-1127491|CDS|CYA_1101	98.523	1422	21	0	1	1422	37	1458	0.0	2470
Ga0374836_18_4548_5969	CP000240.1:1493068-1494565|CDS|CYB_1424	77.898	1475	262	8	1	1413	13	1485	0.0	1213
Ga0374836_19_295_735	CP000239.1:931130-931571|CDS|CYA_0922	100.000	441	0	0	1	441	1	441	0.0	796
Ga0374836_19_295_735	CP000240.1:2902367-2902820|CDS|CYB_2802	81.596	451	71	1	1	439	1	451	6.91e-126	446
Ga0374836_19_1436_2614	CP000239.1:929251-930337|CDS|CYA_0920	100.000	1086	0	0	94	1179	1	1086	0.0	1959
Ga0374836_19_1436_2614	CP000240.1:535599-536703|CDS|CYB_0520	81.393	1091	197	1	82	1166	1	1091	0.0	1054
Ga0374836_19_2762_3568	CP000239.1:928297-929104|CDS|CYA_0919	99.876	807	1	0	1	807	1	807	0.0	1452
Ga0374836_19_2762_3568	CP000240.1:1019365-1020172|CDS|CYB_0984	84.758	807	123	0	1	807	1	807	0.0	902
Ga0374836_19_3643_4251	CP000239.1:927518-928223|CDS|CYA_0918	100.000	609	0	0	1	609	97	705	0.0	1099
Ga0374836_19_3643_4251	CP000240.1:1020246-1020951|CDS|CYB_0985	85.809	606	86	0	2	607	98	703	0.0	706
Ga0374836_19_4396_5235	CP000239.1:926630-927470|CDS|CYA_0917	99.881	840	1	0	1	840	1	840	0.0	1511
Ga0374836_19_4396_5235	CP000240.1:1021056-1021905|CDS|CYB_0986	82.811	797	131	1	2	792	2	798	0.0	821
Ga0374836_19_5243_6307	CP000239.1:924901-926623|CDS|CYA_0916	100.000	1065	0	0	1	1065	658	1722	0.0	1921
Ga0374836_19_5243_6307	CP000240.1:1021949-1023713|CDS|CYB_0987	87.213	1001	128	0	3	1003	678	1678	0.0	1229
Ga0374836_20_244_1212	CP000239.1:2246496-2247465|CDS|CYA_2231	100.000	969	0	0	1	969	1	969	0.0	1748
Ga0374836_20_244_1212	CP000240.1:587129-588098|CDS|CYB_0580	87.410	969	122	0	1	969	1	969	0.0	1198
Ga0374836_20_1234_2133	CP000239.1:2245575-2246475|CDS|CYA_2230	100.000	900	0	0	1	900	1	900	0.0	1624
Ga0374836_20_1234_2133	CP000240.1:586179-587103|CDS|CYB_0579	87.486	911	90	3	1	887	1	911	0.0	1138
Ga0374836_20_2285_3547	CP000239.1:2244161-2245424|CDS|CYA_2229	100.000	1263	0	0	1	1263	1	1263	0.0	2278
Ga0374836_20_2285_3547	CP000240.1:584582-585827|CDS|CYB_0578	85.962	1268	146	4	1	1261	1	1243	0.0	1496
Ga0374836_20_4214_4786	CP000239.1:2242916-2243624|CDS|CYA_2228	96.200	579	16	1	1	573	130	708	0.0	947
Ga0374836_20_4214_4786	CP000240.1:583590-584298|CDS|CYB_0577	87.392	579	67	1	1	573	130	708	0.0	717
Ga0374836_20_5102_5593	CP000239.1:2242109-2242595|CDS|CYA_2227	100.000	486	0	0	7	492	1	486	0.0	877
Ga0374836_20_5102_5593	CP000240.1:1508398-1508884|CDS|CYB_1438	90.123	486	48	0	7	492	1	486	0.0	661
Ga0374836_20_5654_6139	CP000239.1:2241563-2242049|CDS|CYA_2226	100.000	486	0	0	1	486	1	486	0.0	877
Ga0374836_20_5654_6139	CP000240.1:1508947-1509433|CDS|CYB_1439	91.152	486	43	0	1	486	1	486	0.0	683
Ga0374836_23_76_408	CP000239.1:1118584-1121986|CDS|CYA_1097	100.000	333	0	0	1	333	3070	3402	1.06e-172	601
Ga0374836_23_76_408	CP000240.1:689629-693067|CDS|CYB_0677	86.018	329	46	0	1	329	3106	3434	4.22e-108	387
Ga0374836_23_419_838	CP000239.1:1118159-1118549|CDS|CYA_1095	98.481	395	1	1	26	420	1	390	0.0	686
Ga0374836_23_419_838	CP000240.1:693114-693873|CDS|CYB_0679	77.719	377	73	4	1	367	1	376	9.13e-80	294
Ga0374836_23_1242_1412	CP000239.1:455920-457171|CDS|CYA_0436	83.784	185	16	2	1	171	809	625	4.79e-53	203
Ga0374836_23_2041_3423	CP000239.1:1115579-1116926|CDS|CYA_1094	100.000	1347	0	0	37	1383	1	1347	0.0	2430
Ga0374836_23_2041_3423	CP000240.1:2058907-2060281|CDS|CYB_1963	83.796	1370	198	1	37	1382	1	1370	0.0	1488
Ga0374836_25_209_991	CP000239.1:2116443-2117259|CDS|CYA_2099	99.745	783	2	0	1	783	34	816	0.0	1404
Ga0374836_25_209_991	CP000240.1:2746710-2747625|CDS|CYB_2658	73.019	593	130	3	1	584	1	572	4.10e-100	362
Ga0374836_25_1454_1615	CP000240.1:2749353-2749542|CDS|CYB_2660	79.874	159	20	1	1	147	1	159	8.70e-37	150
Ga0374836_25_1454_1615	CP000239.1:2118940-2119129|CDS|CYA_2101	79.874	159	20	1	1	147	1	159	8.70e-37	150
Ga0374836_25_1716_1964	CP000239.1:2119222-2119831|CDS|CYA_2102	79.608	255	46	2	1	249	355	609	7.75e-59	223
Ga0374836_25_1716_1964	CP000240.1:2749613-2750246|CDS|CYB_2661	77.253	233	47	2	1	227	379	611	2.89e-45	178
Ga0374836_25_1908_2219	CP000239.1:2119222-2119831|CDS|CYA_2102	100.000	312	0	0	1	312	411	100	2.48e-161	563
Ga0374836_25_1908_2219	CP000240.1:2749613-2750246|CDS|CYB_2661	87.500	312	39	0	1	312	435	124	3.94e-108	388
Ga0374836_25_2465_3337	CP000239.1:2119977-2120823|CDS|CYA_2103	99.764	846	2	0	28	873	1	846	0.0	1517
Ga0374836_25_2465_3337	CP000240.1:2751213-2752080|CDS|CYB_2664	84.606	864	133	0	10	873	4	867	0.0	959
Ga0374836_26_2153_2599	CP000239.1:111442-113350|CDS|CYA_0117	99.329	447	0	1	1	447	1465	1908	0.0	792
Ga0374836_26_2153_2599	CP000240.1:2863170-2865693|CDS|CYB_2765	81.333	450	78	2	1	447	2077	2523	5.39e-121	430
Ga0374836_26_2740_3678	CP000239.1:113490-114609|CDS|CYA_0118	100.000	939	0	0	1	939	181	1119	0.0	1694
Ga0374836_26_2740_3678	CP000240.1:2865970-2867077|CDS|CYB_2767	81.230	927	168	2	1	924	181	1104	0.0	884
Ga0374836_27_12_1484	CP000239.1:932013-933912|CDS|CYA_0923	99.864	1473	2	0	1	1473	427	1899	0.0	2648
Ga0374836_27_12_1484	CP000240.1:2900035-2901943|CDS|CYB_2801	84.480	1482	221	1	1	1473	427	1908	0.0	1640
Ga0374836_27_1512_2876	CP000239.1:933939-935304|CDS|CYA_0924	100.000	1365	0	0	1	1365	1	1365	0.0	2462
Ga0374836_27_1512_2876	CP000240.1:2897500-2898865|CDS|CYB_2800	85.052	1358	203	0	1	1358	1	1358	0.0	1535
Ga0374836_27_2965_3267	CP000239.1:935392-935695|CDS|CYA_0925	99.670	303	1	0	1	303	1	303	7.85e-155	543
Ga0374836_27_2965_3267	CP000240.1:2897083-2897413|CDS|CYB_2798	83.099	284	48	0	1	284	1	284	5.31e-81	297
Ga0374836_28_2017_3135	CP000239.1:2199574-2200729|CDS|CYA_2182	99.911	1119	1	0	1	1119	37	1155	0.0	2014
Ga0374836_28_2017_3135	CP000240.1:377265-378450|CDS|CYB_0361	75.162	1079	257	6	12	1083	69	1143	0.0	721
Ga0374836_30_2079_3461	CP000239.1:2077342-2078725|CDS|CYA_2059	99.494	1383	7	0	1	1383	1	1383	0.0	2463
Ga0374836_30_2079_3461	CP000240.1:772179-773562|CDS|CYB_0749	86.829	1359	177	2	1	1358	1	1358	0.0	1637
Ga0374836_32_925_1662	CP000239.1:2280496-2281234|CDS|CYA_2272	100.000	738	0	0	1	738	1	738	0.0	1332
Ga0374836_32_925_1662	CP000240.1:460790-461510|CDS|CYB_0455	85.097	718	107	0	1	718	1	718	0.0	813
Ga0374836_32_1659_2291	CP000239.1:2279867-2280500|CDS|CYA_2271	100.000	633	0	0	1	633	1	633	0.0	1142
Ga0374836_32_1659_2291	CP000240.1:461524-462157|CDS|CYB_0456	88.291	632	74	0	1	632	1	632	0.0	807
Ga0374836_32_2310_3131	CP000239.1:2279027-2279849|CDS|CYA_2270	95.620	822	36	0	1	822	1	822	0.0	1321
Ga0374836_32_2310_3131	CP000240.1:462169-463003|CDS|CYB_0457	78.032	742	141	5	1	728	1	734	2.71e-172	601
Ga0374836_33_274_1149	CP000239.1:2321825-2322668|CDS|CYA_2319	99.644	843	3	0	34	876	1	843	0.0	1508
Ga0374836_33_1323_1508	CP000239.1:2320812-2321619|CDS|CYA_2318	100.000	186	0	0	1	186	622	807	3.52e-93	336
Ga0374836_33_1323_1508	CP000240.1:2135169-2135931|CDS|CYB_2033	85.484	186	27	0	1	186	577	762	2.90e-56	214
Ga0374836_33_2297_2665	CP000239.1:2320183-2320645|CDS|CYA_2317	100.000	369	0	0	1	369	94	462	0.0	666
Ga0374836_33_2297_2665	CP000240.1:2134562-2134943|CDS|CYB_2032	77.778	360	80	0	6	365	9	368	9.69e-79	289
Ga0374836_34_75_866	CP000239.1:2323898-2324714|CDS|CYA_2322	93.510	755	49	0	38	792	62	816	0.0	1141
Ga0374836_34_75_866	CP000240.1:2137432-2138263|CDS|CYB_2036	79.243	713	148	0	31	743	76	788	9.73e-178	619
Ga0374836_34_1002_2384	CP000239.1:2324912-2326232|CDS|CYA_2323	99.621	1319	5	0	65	1383	2	1320	0.0	2357
Ga0374836_34_1002_2384	CP000240.1:2138246-2139731|CDS|CYB_2037	86.682	1329	177	0	55	1383	157	1485	0.0	1599
Ga0374836_34_2415_3107	CP000239.1:2326262-2326955|CDS|CYA_2325	99.856	693	1	0	1	693	1	693	0.0	1246
Ga0374836_34_2415_3107	CP000240.1:2139781-2140498|CDS|CYB_2038	83.284	682	114	0	12	693	36	717	0.0	717
Ga0374836_35_23_2275	CP000239.1:1658285-1661042|CDS|CYA_1658	99.956	2253	1	0	1	2253	505	2757	0.0	4059
Ga0374836_35_23_2275	CP000240.1:1712649-1715439|CDS|CYB_1641	84.477	2287	320	4	1	2253	505	2790	0.0	2538
Ga0374836_37_1020_2660	CP000239.1:2238390-2240031|CDS|CYA_2223	100.000	1641	0	0	1	1641	1	1641	0.0	2960
Ga0374836_37_1020_2660	CP000240.1:1511095-1512736|CDS|CYB_1442	88.361	1641	191	0	1	1641	1	1641	0.0	2099
Ga0374836_38_970_2334	CP000239.1:1665243-1666608|CDS|CYA_1663	100.000	1365	0	0	1	1365	1	1365	0.0	2462
Ga0374836_38_970_2334	CP000240.1:1058902-1060246|CDS|CYB_1020	82.199	1337	233	2	26	1358	2	1337	0.0	1334
Ga0374836_39_1015_1830	CP000239.1:1112485-1113340|CDS|CYA_1091	99.877	816	1	0	1	816	40	855	0.0	1468
Ga0374836_39_1015_1830	CP000240.1:2055813-2056638|CDS|CYB_1960	83.288	742	124	0	1	742	34	775	0.0	780
Ga0374836_39_1834_2454	CP000239.1:1111861-1112482|CDS|CYA_1090	99.839	621	1	0	1	621	1	621	0.0	1116
Ga0374836_39_1834_2454	CP000240.1:2055174-2055810|CDS|CYB_1959	78.404	639	117	6	1	621	1	636	1.57e-148	523
Ga0374836_41_164_628	CP000239.1:2289491-2289956|CDS|CYA_2284	100.000	465	0	0	1	465	1	465	0.0	839
Ga0374836_41_164_628	CP000240.1:451960-452425|CDS|CYB_0443	88.362	464	54	0	1	464	1	464	2.23e-170	594
Ga0374836_41_797_1570	CP000239.1:2290124-2290898|CDS|CYA_2285	100.000	774	0	0	1	774	1	774	0.0	1397
Ga0374836_41_797_1570	CP000240.1:450943-451711|CDS|CYB_0442	85.455	770	106	2	1	770	1	764	0.0	881
Ga0374836_42_1_1281	CP000239.1:2400636-2402787|CDS|CYA_2391	99.922	1281	1	0	1	1281	871	2151	0.0	2306
Ga0374836_42_1_1281	CP000240.1:128765-130922|CDS|CYB_0115	85.625	1287	179	1	1	1281	871	2157	0.0	1489
Ga0374836_44_879_1307	CP000239.1:2293257-2293686|CDS|CYA_2290	99.767	429	1	0	1	429	1	429	0.0	770
Ga0374836_44_879_1307	CP000240.1:1381003-1381438|CDS|CYB_1319	85.308	422	62	0	1	422	1	422	9.32e-137	482
