Ga0393542_01_16_873	CP000240.1:1434171-1435719|CDS|CYB_1363	97.669	858	20	0	1	858	691	1548	0.0	1458
Ga0393542_01_16_873	CP000239.1:1143680-1145201|CDS|CYA_1116	85.837	812	115	0	1	812	685	1496	0.0	947
Ga0393542_01_870_1184	CP000240.1:1433860-1434175|CDS|CYB_1364	98.413	315	5	0	1	315	1	315	6.72e-156	546
Ga0393542_01_870_1184	CP000239.1:1143360-1143684|CDS|CYA_1117	78.930	299	63	0	1	299	1	299	1.69e-68	256
Ga0393542_01_1394_1684	CP000240.1:1433358-1433664|CDS|CYB_1362	97.251	291	8	0	1	291	16	306	4.16e-139	489
Ga0393542_01_1394_1684	CP000239.1:1142910-1143216|CDS|CYA_1114	92.784	291	21	0	1	291	16	306	3.42e-121	431
Ga0393542_01_1742_2374	CP000240.1:1432668-1433301|CDS|CYB_1361	98.420	633	10	0	1	633	1	633	0.0	1097
Ga0393542_01_1742_2374	CP000239.1:1142038-1142671|CDS|CYA_1113	84.044	633	101	0	1	633	1	633	0.0	687
Ga0393542_01_2625_3485	CP000240.1:1431557-1432418|CDS|CYB_1360	99.535	861	4	0	1	861	1	861	0.0	1535
Ga0393542_01_3563_4336	CP000240.1:1430707-1431481|CDS|CYB_1359	96.512	774	27	0	1	774	1	774	0.0	1275
Ga0393542_01_4370_5458	CP000240.1:1429581-1430670|CDS|CYB_1358	96.511	1089	38	0	1	1089	1	1089	0.0	1793
Ga0393542_01_4370_5458	CP000239.1:1140937-1142029|CDS|CYA_1112	86.347	1084	148	0	1	1084	1	1084	0.0	1288
Ga0393542_01_7729_8841	CP000240.1:1426848-1427961|CDS|CYB_1357	97.125	1113	32	0	1	1113	1	1113	0.0	1864
Ga0393542_01_7729_8841	CP000239.1:1138773-1139904|CDS|CYA_1111	85.942	1131	141	1	1	1113	1	1131	0.0	1335
Ga0393542_01_8950_10176	CP000240.1:1425513-1426740|CDS|CYB_1356	96.577	1227	42	0	1	1227	1	1227	0.0	2024
Ga0393542_01_8950_10176	CP000239.1:1137367-1138585|CDS|CYA_1110	82.654	1153	196	2	61	1211	40	1190	0.0	1173
Ga0393542_01_10342_12171	CP000240.1:1423512-1425348|CDS|CYB_1355	94.954	1843	73	7	1	1830	1	1836	0.0	2892
Ga0393542_01_10342_12171	CP000239.1:1135413-1137369|CDS|CYA_1109	79.543	1838	313	15	1	1826	166	1952	0.0	1609
Ga0393542_01_12338_12517	CP000240.1:1422602-1423346|CDS|CYB_1354	96.667	150	5	0	31	180	595	744	1.35e-66	249
Ga0393542_01_12338_12517	CP000239.1:2301670-2302414|CDS|CYA_2298	86.667	150	20	0	31	180	595	744	1.65e-46	181
Ga0393542_01_12781_13086	CP000240.1:1422602-1423346|CDS|CYB_1354	98.039	306	5	1	1	306	289	593	7.43e-149	522
Ga0393542_01_12781_13086	CP000239.1:2301670-2302414|CDS|CYA_2298	86.928	306	39	1	1	306	289	593	1.03e-102	369
Ga0393542_01_13053_13373	CP000240.1:1422602-1423346|CDS|CYB_1354	95.652	322	13	1	1	321	1	322	1.16e-146	515
Ga0393542_01_13053_13373	CP000239.1:2301670-2302414|CDS|CYA_2298	84.227	317	49	1	1	316	1	317	4.34e-95	343
Ga0393542_01_13628_14509	CP000240.1:1421430-1422348|CDS|CYB_1353	95.805	882	37	0	1	882	37	918	0.0	1425
Ga0393542_01_13628_14509	CP000239.1:2266058-2266988|CDS|CYA_2257	84.473	863	134	0	2	864	38	900	0.0	953
Ga0393542_01_14911_15270	CP000240.1:1420707-1421019|CDS|CYB_1351	99.038	312	3	0	49	360	1	312	6.34e-157	550
Ga0393542_01_14911_15270	CP000239.1:2267108-2267420|CDS|CYA_2258	97.742	310	7	0	49	358	1	310	2.07e-150	528
Ga0393542_01_15324_16073	CP000240.1:1419904-1420654|CDS|CYB_1350	100.000	750	0	0	1	750	1	750	0.0	1353
Ga0393542_01_15324_16073	CP000239.1:2267425-2268175|CDS|CYA_2259	85.027	748	112	0	1	748	1	748	0.0	845
Ga0393542_01_16246_16998	CP000240.1:1419041-1419602|CDS|CYB_1349	98.039	561	11	0	193	753	1	561	0.0	963
Ga0393542_01_16246_16998	CP000239.1:2268270-2269023|CDS|CYA_2260	76.590	739	158	3	18	753	27	753	1.13e-157	554
Ga0393542_02_1059_1607	CP000240.1:1819552-1820191|CDS|CYB_1738	99.454	549	3	0	1	549	91	639	0.0	977
Ga0393542_02_1059_1607	CP000239.1:2661087-2661723|CDS|CYA_2645	86.531	542	70	1	1	542	91	629	0.0	647
Ga0393542_02_1619_2182	CP000240.1:1818977-1819541|CDS|CYB_1737	98.050	564	11	0	1	564	1	564	0.0	968
Ga0393542_02_1619_2182	CP000239.1:2661749-2662319|CDS|CYA_2646	83.364	547	91	0	1	547	1	547	7.33e-165	577
Ga0393542_02_2309_3451	CP000240.1:1817799-1818858|CDS|CYB_1736	99.528	1059	5	0	85	1143	1	1059	0.0	1888
Ga0393542_02_2309_3451	CP000240.1:888122-889181|CDS|CYB_0854	99.245	1059	8	0	85	1143	1	1059	0.0	1874
Ga0393542_02_2309_3451	CP000239.1:2364733-2365792|CDS|CYA_2358	93.201	1059	72	0	85	1143	1	1059	0.0	1586
Ga0393542_02_2309_3451	CP000239.1:2662396-2663455|CDS|CYA_2647	92.918	1059	75	0	85	1143	1	1059	0.0	1572
Ga0393542_02_3623_5164	CP000240.1:1816002-1817544|CDS|CYB_1734	98.768	1542	19	0	1	1542	1	1542	0.0	2696
Ga0393542_02_3623_5164	CP000239.1:2663699-2665154|CDS|CYA_2648	88.050	1431	167	2	4	1433	1	1428	0.0	1805
Ga0393542_02_5210_5830	CP000240.1:1815336-1815957|CDS|CYB_1732	95.813	621	26	0	1	621	1	621	0.0	1003
Ga0393542_02_5210_5830	CP000239.1:2665280-2665898|CDS|CYA_2650	86.829	615	81	0	1	615	1	615	0.0	745
Ga0393542_02_5827_6378	CP000240.1:1814788-1815340|CDS|CYB_1733	99.093	551	5	0	1	551	1	551	0.0	972
Ga0393542_02_5827_6378	CP000239.1:2665894-2666446|CDS|CYA_2649	88.748	551	62	0	1	551	1	551	0.0	715
Ga0393542_02_6388_7302	CP000240.1:1813906-1814779|CDS|CYB_1731	96.105	873	34	0	43	915	1	873	0.0	1422
Ga0393542_02_6388_7302	CP000239.1:2666451-2667342|CDS|CYA_2651	88.794	821	92	0	76	896	49	869	0.0	1067
Ga0393542_02_7315_8112	CP000240.1:1812916-1813852|CDS|CYB_1730	95.865	798	27	1	1	798	145	936	0.0	1292
Ga0393542_02_7315_8112	CP000239.1:2667402-2668245|CDS|CYA_2652	82.685	797	135	1	2	798	50	843	0.0	814
Ga0393542_02_8445_9059	CP000240.1:1812113-1812728|CDS|CYB_1729	99.350	615	4	0	1	615	1	615	0.0	1092
Ga0393542_02_9254_9868	CP000240.1:1811304-1811919|CDS|CYB_1728	99.837	615	1	0	1	615	1	615	0.0	1105
Ga0393542_04_472_1383	CP000239.1:1830243-1831182|CDS|CYA_1825	95.634	939	14	1	1	912	1	939	0.0	1529
Ga0393542_04_472_1383	CP000240.1:428628-429567|CDS|CYB_0420	95.101	939	19	1	1	912	1	939	0.0	1507
Ga0393542_04_1440_2639	CP000239.1:1831238-1832429|CDS|CYA_1826	98.908	1191	13	0	10	1200	1	1191	0.0	2090
Ga0393542_04_1440_2639	CP000240.1:427381-428572|CDS|CYB_0419	98.489	1191	18	0	10	1200	1	1191	0.0	2067
Ga0393542_04_2679_2777	CP000239.1:1832477-1832771|CDS|CYA_1827	100.000	99	0	0	1	99	196	294	2.83e-46	179
Ga0393542_04_2679_2777	CP000240.1:427044-427338|CDS|CYB_0418	97.980	99	2	0	1	99	196	294	1.46e-43	170
Ga0393542_04_2703_2993	CP000240.1:427044-427338|CDS|CYB_0418	98.148	270	5	0	1	270	270	1	1.66e-131	465
Ga0393542_04_2703_2993	CP000239.1:1832477-1832771|CDS|CYA_1827	97.778	270	6	0	1	270	270	1	2.02e-130	461
Ga0393542_04_2998_4278	CP000240.1:425582-427019|CDS|CYB_0417	99.844	1281	2	0	1	1281	157	1437	0.0	2302
Ga0393542_04_2998_4278	CP000239.1:1832796-1834233|CDS|CYA_1828	97.736	1281	29	0	1	1281	157	1437	0.0	2180
Ga0393542_04_5206_5499	CP000239.1:1835004-1835298|CDS|CYA_1830	100.000	294	0	0	1	294	1	294	1.37e-151	531
Ga0393542_04_5206_5499	CP000240.1:424515-424845|CDS|CYB_0415	98.639	294	4	0	1	294	37	330	3.69e-146	513
Ga0393542_04_5686_6099	CP000240.1:423915-424461|CDS|CYB_0414	99.517	414	2	0	1	414	133	546	0.0	738
Ga0393542_04_5686_6099	CP000239.1:1835352-1835898|CDS|CYA_1831	99.275	414	3	0	1	414	133	546	0.0	734
Ga0393542_04_5686_6099	CP000239.1:2474425-2474977|CDS|CYA_2464	70.471	403	117	2	1	402	133	534	1.17e-46	184
Ga0393542_04_5686_6099	CP000240.1:1503975-1504527|CDS|CYB_1434	68.642	405	121	4	1	402	133	534	2.95e-35	146
Ga0393542_04_6142_6366	CP000240.1:423648-423873|CDS|CYB_0413	99.556	225	1	0	1	225	1	225	1.25e-112	402
Ga0393542_04_6142_6366	CP000239.1:1835940-1836165|CDS|CYA_1832	96.889	225	7	0	1	225	1	225	1.74e-104	375
Ga0393542_04_6370_6729	CP000240.1:423285-423645|CDS|CYB_0412	99.437	355	2	0	1	355	1	355	0.0	632
Ga0393542_04_6370_6729	CP000239.1:1836168-1836528|CDS|CYA_1833	98.889	360	4	0	1	360	1	360	0.0	632
Ga0393542_04_6726_8126	CP000239.1:1836518-1837925|CDS|CYA_1834	99.286	1400	10	0	2	1401	8	1407	0.0	2480
Ga0393542_04_6726_8126	CP000240.1:421900-423295|CDS|CYB_0411	98.127	1388	26	0	2	1389	8	1395	0.0	2387
Ga0393542_05_23_241	CP000240.1:1129403-1130540|CDS|CYB_1095	98.174	219	4	0	1	219	919	1137	1.38e-105	378
Ga0393542_05_23_241	CP000239.1:1530409-1531546|CDS|CYA_1520	86.175	217	30	0	1	217	919	1135	3.26e-69	257
Ga0393542_05_418_1029	CP000240.1:1128615-1129227|CDS|CYB_1094	99.673	612	2	0	1	612	1	612	0.0	1095
Ga0393542_05_418_1029	CP000239.1:1529633-1530245|CDS|CYA_1519	87.908	612	74	0	1	612	1	612	0.0	771
Ga0393542_05_1374_2147	CP000240.1:2424097-2424871|CDS|CYB_2313	97.545	774	19	0	1	774	1	774	0.0	1311
Ga0393542_05_1374_2147	CP000240.1:2581305-2582079|CDS|CYB_2484	95.097	775	36	2	1	774	1	774	0.0	1220
Ga0393542_05_1374_2147	CP000240.1:1126684-1127458|CDS|CYB_1091	93.830	778	40	4	1	774	1	774	0.0	1177
Ga0393542_05_1374_2147	CP000240.1:86287-87061|CDS|CYB_0074	91.763	777	58	2	1	774	1	774	0.0	1110
Ga0393542_05_1374_2147	CP000240.1:544792-546037|CDS|CYB_0530	82.337	753	129	4	1	751	1	751	0.0	745
Ga0393542_05_1374_2147	CP000239.1:782540-783770|CDS|CYA_0777	77.556	753	166	1	1	750	1	753	3.78e-170	595
Ga0393542_05_1374_2147	CP000239.1:1966854-1968081|CDS|CYA_1956	77.424	753	167	1	1	750	1	753	4.61e-169	590
Ga0393542_05_2758_3264	CP000240.1:1125635-1126115|CDS|CYB_1088	95.417	480	22	0	28	507	1	480	0.0	767
Ga0393542_05_2758_3264	CP000239.1:1551632-1552100|CDS|CYA_1544	78.308	461	94	2	50	507	11	468	3.41e-105	378
Ga0393542_05_3225_5072	CP000240.1:1123827-1125675|CDS|CYB_1089	98.214	1848	33	0	1	1848	1	1848	0.0	3185
Ga0393542_05_3225_5072	CP000239.1:1552060-1553908|CDS|CYA_1543	85.761	1847	263	0	1	1847	1	1847	0.0	2146
Ga0393542_05_5185_5385	CP000240.1:1130672-1132055|CDS|CYB_1096	97.015	201	6	0	1	201	1183	1383	3.85e-93	336
Ga0393542_09_240_740	CP000240.1:2770701-2771202|CDS|CYB_2686	98.204	501	9	0	1	501	1	501	0.0	864
Ga0393542_09_240_740	CP000239.1:2139179-2139680|CDS|CYA_2125	89.780	499	51	0	1	499	1	499	0.0	671
Ga0393542_09_780_1298	CP000240.1:2770143-2770662|CDS|CYB_2685	99.615	519	2	0	1	519	1	519	0.0	928
Ga0393542_09_780_1298	CP000239.1:2138612-2139137|CDS|CYA_2124	88.372	516	60	0	1	516	1	516	0.0	661
Ga0393542_09_1514_1942	CP000240.1:2768335-2769928|CDS|CYB_2684	99.301	429	2	1	1	429	1	428	0.0	757
Ga0393542_09_1514_1942	CP000239.1:2136812-2138405|CDS|CYA_2123	85.446	426	61	1	1	426	1	425	7.65e-138	486
Ga0393542_09_1917_3035	CP000240.1:2768335-2769928|CDS|CYB_2684	97.768	1120	24	1	1	1119	403	1522	0.0	1904
Ga0393542_09_1917_3035	CP000239.1:2136812-2138405|CDS|CYA_2123	88.304	1120	130	1	1	1119	403	1522	0.0	1426
Ga0393542_09_3238_3408	CP000240.1:2768006-2768321|CDS|CYB_2683	98.246	171	3	0	1	171	28	198	9.87e-81	296
Ga0393542_09_3238_3408	CP000239.1:2136484-2136799|CDS|CYA_2122	85.976	164	23	0	4	167	31	194	8.67e-50	193
Ga0393542_11_368_859	CP000240.1:1435802-1436294|CDS|CYB_1365	96.138	492	19	0	1	492	1	492	0.0	802
Ga0393542_11_368_859	CP000239.1:1145281-1145773|CDS|CYA_1118	85.120	457	62	1	1	451	1	457	1.50e-147	519
Ga0393542_11_1071_2264	CP000240.1:2247371-2248565|CDS|CYB_2147	92.462	1194	90	0	1	1194	1	1194	0.0	1748
Ga0393542_11_1071_2264	CP000239.1:712444-713638|CDS|CYA_0704	94.076	1131	67	0	1	1131	1	1131	0.0	1738
Ga0393542_11_1071_2264	CP000239.1:1594889-1596107|CDS|CYA_1585	91.297	1218	82	1	1	1194	1	1218	0.0	1737
Ga0393542_11_1071_2264	CP000240.1:2168360-2169515|CDS|CYB_2071	93.160	1155	79	0	1	1155	1	1155	0.0	1728
Ga0393542_11_1071_2264	CP000240.1:2210858-2212052|CDS|CYB_2117	93.956	1125	68	0	1	1125	1	1125	0.0	1723
Ga0393542_11_1071_2264	CP000239.1:2170714-2171908|CDS|CYA_2158	91.689	1131	94	0	1	1131	1	1131	0.0	1617
Ga0393542_11_1071_2264	CP000240.1:1954838-1956056|CDS|CYB_1872	90.130	1155	90	1	1	1131	1	1155	0.0	1587
Ga0393542_11_1071_2264	CP000240.1:2644164-2645358|CDS|CYB_2538	91.200	1125	99	0	1	1125	1	1125	0.0	1583
Ga0393542_11_1071_2264	CP000240.1:2796782-2798000|CDS|CYB_2707	90.165	1149	89	1	1	1125	1	1149	0.0	1581
Ga0393542_11_1071_2264	CP000240.1:1803089-1804283|CDS|CYB_1722	90.628	1131	106	0	1	1131	1	1131	0.0	1563
Ga0393542_11_1071_2264	CP000240.1:1083184-1084426|CDS|CYB_1042	88.719	1179	85	2	1	1131	1	1179	0.0	1562
Ga0393542_11_1071_2264	CP000240.1:1015074-1016268|CDS|CYB_0979	88.972	1197	126	2	1	1194	1	1194	0.0	1561
Ga0393542_11_1071_2264	CP000239.1:774779-775973|CDS|CYA_0767	90.489	1125	107	0	1	1125	1	1125	0.0	1547
Ga0393542_11_1071_2264	CP000239.1:893439-894633|CDS|CYA_0887	88.555	1197	131	2	1	1194	1	1194	0.0	1538
Ga0393542_11_1071_2264	CP000240.1:2830275-2831565|CDS|CYB_2735	86.726	1243	116	3	1	1194	1	1243	0.0	1529
Ga0393542_11_1071_2264	CP000240.1:2553363-2554557|CDS|CYB_2454	90.044	1125	112	0	1	1125	1	1125	0.0	1525
Ga0393542_11_1071_2264	CP000239.1:629980-631174|CDS|CYA_0620	89.956	1125	113	0	1	1125	1	1125	0.0	1520
Ga0393542_11_1071_2264	CP000240.1:52430-53648|CDS|CYB_0041	88.831	1155	105	1	1	1131	1	1155	0.0	1519
Ga0393542_11_1071_2264	CP000240.1:1190675-1191869|CDS|CYB_1151	89.698	1126	114	2	1	1125	1	1125	0.0	1501
Ga0393542_11_1071_2264	CP000240.1:241642-242836|CDS|CYB_0233	87.782	1195	144	2	1	1194	1	1194	0.0	1490
Ga0393542_11_1071_2264	CP000240.1:1384265-1385459|CDS|CYB_1322	87.270	1194	152	0	1	1194	1	1194	0.0	1469
Ga0393542_11_1071_2264	CP000240.1:638632-639850|CDS|CYB_0630	87.990	1149	114	1	1	1125	1	1149	0.0	1468
Ga0393542_11_1071_2264	CP000240.1:3008652-3009870|CDS|CYB_2910	87.792	1155	117	1	1	1131	1	1155	0.0	1465
Ga0393542_11_1071_2264	CP000240.1:1064975-1066169|CDS|CYB_1023	88.356	1125	131	0	1	1125	1	1125	0.0	1439
Ga0393542_11_1071_2264	CP000240.1:345730-346924|CDS|CYB_0329	86.633	1197	154	2	1	1194	1	1194	0.0	1434
Ga0393542_11_1071_2264	CP000240.1:1316312-1317548|CDS|CYB_1259	85.275	1236	140	3	1	1194	1	1236	0.0	1434
Ga0393542_11_1071_2264	CP000240.1:1521392-1522610|CDS|CYB_1450	87.206	1149	123	1	1	1125	1	1149	0.0	1427
Ga0393542_11_1071_2264	CP000240.1:102811-104029|CDS|CYB_0087	85.550	1218	152	1	1	1194	1	1218	0.0	1421
Ga0393542_11_1071_2264	CP000239.1:994256-995468|CDS|CYA_0981	85.726	1212	155	2	1	1194	1	1212	0.0	1414
Ga0393542_11_1071_2264	CP000240.1:1358129-1359347|CDS|CYB_1297	86.684	1149	129	1	1	1125	1	1149	0.0	1400
Ga0393542_11_1071_2264	CP000240.1:1842322-1843549|CDS|CYB_1759	86.442	1158	127	3	1	1131	1	1155	0.0	1395
Ga0393542_11_1071_2264	CP000240.1:2565689-2566883|CDS|CYB_2468	85.511	1194	173	0	1	1194	1	1194	0.0	1374
Ga0393542_11_1071_2264	CP000240.1:481588-482800|CDS|CYB_0472	84.913	1213	163	5	1	1194	1	1212	0.0	1359
Ga0393542_11_1071_2264	CP000240.1:2619921-2621115|CDS|CYB_2521	86.057	1126	155	2	1	1125	1	1125	0.0	1316
Ga0393542_11_1071_2264	CP000240.1:2128026-2129220|CDS|CYB_2026	84.461	1197	180	5	1	1194	1	1194	0.0	1304
Ga0393542_11_1071_2264	CP000240.1:629484-630702|CDS|CYB_0620	84.370	1158	151	3	1	1131	1	1155	0.0	1287
Ga0393542_11_1071_2264	CP000240.1:1244785-1246021|CDS|CYB_1201	82.605	1236	173	3	1	1194	1	1236	0.0	1285
Ga0393542_11_1071_2264	CP000240.1:2661652-2662870|CDS|CYB_2557	84.421	1149	155	1	1	1125	1	1149	0.0	1283
Ga0393542_11_1071_2264	CP000240.1:2933473-2934709|CDS|CYB_2835	81.899	1243	169	9	1	1194	1	1236	0.0	1238
Ga0393542_11_1071_2264	CP000240.1:1267756-1268992|CDS|CYB_1227	81.568	1237	184	5	1	1194	1	1236	0.0	1221
Ga0393542_11_1071_2264	CP000239.1:698055-699204|CDS|CYA_0690	83.261	1147	168	1	1	1123	1	1147	0.0	1221
Ga0393542_11_1071_2264	CP000240.1:605550-606744|CDS|CYB_0598	83.820	1131	183	0	1	1131	1	1131	0.0	1215
Ga0393542_11_1071_2264	CP000240.1:1763450-1764623|CDS|CYB_1688	83.064	1175	193	5	1	1172	1	1172	0.0	1205
Ga0393542_11_1071_2264	CP000240.1:1917270-1918464|CDS|CYB_1826	82.623	1197	202	5	1	1194	1	1194	0.0	1205
Ga0393542_11_1071_2264	CP000240.1:2219258-2220470|CDS|CYB_2126	79.984	1214	221	5	1	1194	1	1212	0.0	1092
Ga0393542_11_1071_2264	CP000239.1:693322-694534|CDS|CYA_0687	79.819	1214	223	5	1	1194	1	1212	0.0	1083
Ga0393542_11_1071_2264	CP000240.1:2506708-2507857|CDS|CYB_2410	74.867	1130	162	6	1	1009	1	1129	0.0	841
Ga0393542_11_1071_2264	CP000239.1:88305-89487|CDS|CYA_0091	75.022	1121	256	4	1	1115	1	1103	0.0	764
Ga0393542_11_2652_2966	CP000240.1:1436813-1437128|CDS|CYB_1367	99.048	315	3	0	1	315	1	315	1.30e-158	555
Ga0393542_11_2652_2966	CP000239.1:1146147-1146600|CDS|CYA_1119	82.918	281	48	0	25	305	163	443	2.35e-79	291
Ga0393542_12_854_1798	CP000240.1:2426035-2426938|CDS|CYB_2315	99.668	903	3	0	43	945	1	903	0.0	1616
Ga0393542_12_854_1798	CP000239.1:1216338-1217253|CDS|CYA_1206	87.638	906	112	0	36	941	6	911	0.0	1130
Ga0393542_12_1982_3115	CP000240.1:2427163-2428297|CDS|CYB_2316	99.030	1134	11	0	1	1134	1	1134	0.0	1996
Ga0393542_12_1982_3115	CP000239.1:1214994-1216128|CDS|CYA_1205	88.272	1134	133	0	1	1134	1	1134	0.0	1446
Ga0393542_14_7_990	CP000240.1:2430557-2431541|CDS|CYB_2320	100.000	984	0	0	1	984	1	984	0.0	1775
Ga0393542_14_7_990	CP000239.1:1211786-1212764|CDS|CYA_1201	88.453	944	109	0	41	984	35	978	0.0	1212
Ga0393542_14_1179_1712	CP000240.1:2429835-2430561|CDS|CYB_2318	99.438	534	3	0	1	534	193	726	0.0	950
Ga0393542_14_1179_1712	CP000239.1:1212760-1213486|CDS|CYA_1203	82.353	527	93	0	6	532	198	724	2.58e-151	532
Ga0393542_14_1690_2463	CP000240.1:2429084-2429858|CDS|CYB_2319	97.674	774	18	0	1	774	1	774	0.0	1315
Ga0393542_14_1690_2463	CP000239.1:1213463-1214252|CDS|CYA_1202	85.081	744	111	0	31	774	46	789	0.0	842
Ga0393542_16_444_1037	CP000240.1:31634-32228|CDS|CYB_0025	96.296	594	22	0	1	594	1	594	0.0	973
Ga0393542_16_444_1037	CP000239.1:2434480-2435074|CDS|CYA_2425	96.128	594	23	0	1	594	1	594	0.0	968
Ga0393542_16_444_1037	CP000239.1:2402867-2403461|CDS|CYA_2392	96.128	594	23	0	1	594	1	594	0.0	968
Ga0393542_16_444_1037	CP000239.1:411427-412021|CDS|CYA_0397	96.128	594	23	0	1	594	1	594	0.0	968
Ga0393542_16_444_1037	CP000239.1:1778901-1779495|CDS|CYA_1772	95.960	594	24	0	1	594	1	594	0.0	964
Ga0393542_16_444_1037	CP000239.1:819297-819891|CDS|CYA_0808	95.960	594	24	0	1	594	1	594	0.0	964
Ga0393542_16_444_1037	CP000239.1:1898603-1899197|CDS|CYA_1891	95.791	594	25	0	1	594	1	594	0.0	959
Ga0393542_16_444_1037	CP000239.1:1446255-1446849|CDS|CYA_1439	95.791	594	25	0	1	594	1	594	0.0	959
Ga0393542_16_444_1037	CP000239.1:732513-733107|CDS|CYA_0727	95.286	594	28	0	1	594	1	594	0.0	946
Ga0393542_16_444_1037	CP000240.1:22428-23022|CDS|CYB_0019	95.118	594	29	0	1	594	1	594	0.0	941
Ga0393542_16_444_1037	CP000239.1:2709545-2710163|CDS|CYA_2694	92.557	618	22	1	1	594	1	618	0.0	925
Ga0393542_16_444_1037	CP000239.1:2018987-2019605|CDS|CYA_2002	92.395	618	23	1	1	594	1	618	0.0	921
Ga0393542_16_444_1037	CP000239.1:606571-607189|CDS|CYA_0595	92.395	618	23	1	1	594	1	618	0.0	921
Ga0393542_16_444_1037	CP000239.1:2698805-2699423|CDS|CYA_2684	92.071	618	25	1	1	594	1	618	0.0	911
Ga0393542_16_444_1037	CP000239.1:1948621-1949239|CDS|CYA_1937	92.071	618	25	1	1	594	1	618	0.0	911
Ga0393542_16_444_1037	CP000239.1:1644319-1644937|CDS|CYA_1645	92.071	618	25	1	1	594	1	618	0.0	911
Ga0393542_16_444_1037	CP000239.1:2598423-2599041|CDS|CYA_2572	91.909	618	26	1	1	594	1	618	0.0	907
Ga0393542_16_444_1037	CP000239.1:2259861-2260479|CDS|CYA_2250	91.748	618	27	1	1	594	1	618	0.0	902
Ga0393542_16_444_1037	CP000239.1:1384976-1385594|CDS|CYA_1374	91.748	618	27	1	1	594	1	618	0.0	902
Ga0393542_16_444_1037	CP000239.1:363923-364541|CDS|CYA_0346	91.748	618	27	1	1	594	1	618	0.0	902
Ga0393542_16_444_1037	CP000239.1:1479753-1480371|CDS|CYA_1472	91.586	618	28	1	1	594	1	618	0.0	898
Ga0393542_16_444_1037	CP000239.1:2450192-2450786|CDS|CYA_2439	93.434	594	39	0	1	594	1	594	0.0	896
