Ga0393529_01_285_1913	CP000240.1:2224918-2226547|CDS|CYB_2131	99.263	1629	12	0	1	1629	1	1629	0.0	2884
Ga0393529_01_285_1913	CP000239.1:283489-285079|CDS|CYA_0277	86.936	1485	194	0	117	1601	78	1562	0.0	1804
Ga0393529_01_1966_2490	CP000240.1:2226599-2227124|CDS|CYB_2132	99.238	525	4	0	1	525	1	525	0.0	930
Ga0393529_01_1966_2490	CP000239.1:285107-285635|CDS|CYA_0278	80.916	524	99	1	1	524	1	523	2.23e-139	491
Ga0393529_01_2502_2999	CP000240.1:2227135-2227633|CDS|CYB_2133	98.594	498	7	0	1	498	1	498	0.0	867
Ga0393529_01_2502_2999	CP000239.1:285645-286068|CDS|CYA_0279	89.487	409	43	0	1	409	1	409	3.80e-155	545
Ga0393529_01_2933_4171	CP000240.1:2227566-2228805|CDS|CYB_2134	100.000	1239	0	0	1	1239	1	1239	0.0	2235
Ga0393529_01_4238_4363	CP000239.1:1612111-1613059|CDS|CYA_1604	88.119	101	12	0	24	124	846	946	6.05e-31	129
Ga0393529_01_4238_4363	CP000239.1:51699-52647|CDS|CYA_0053	88.119	101	12	0	24	124	846	946	6.05e-31	129
Ga0393529_01_4238_4363	CP000239.1:2863003-2863513|CDS|CYA_2846	87.129	101	13	0	24	124	408	508	2.57e-29	124
Ga0393529_01_4238_4363	CP000239.1:2653692-2654259|CDS|CYA_2637	87.129	101	13	0	24	124	465	565	2.57e-29	124
Ga0393529_01_4238_4363	CP000239.1:1664315-1664882|CDS|CYA_1662	87.129	101	13	0	24	124	465	565	2.57e-29	124
Ga0393529_01_4238_4363	CP000239.1:1368174-1368741|CDS|CYA_1360	87.129	101	13	0	24	124	465	565	2.57e-29	124
Ga0393529_01_4238_4363	CP000239.1:1321049-1321982|CDS|CYA_1311	87.129	101	13	0	24	124	831	931	2.57e-29	124
Ga0393529_01_4238_4363	CP000239.1:1300214-1300781|CDS|CYA_1289	87.129	101	13	0	24	124	465	565	2.57e-29	124
Ga0393529_01_4238_4363	CP000239.1:1290362-1291310|CDS|CYA_1279	87.129	101	13	0	24	124	846	946	2.57e-29	124
Ga0393529_01_4238_4363	CP000239.1:1152933-1153500|CDS|CYA_1127	87.129	101	13	0	24	124	465	565	2.57e-29	124
Ga0393529_01_4238_4363	CP000239.1:1012514-1013081|CDS|CYA_0998	87.129	101	13	0	24	124	465	565	2.57e-29	124
Ga0393529_01_4238_4363	CP000239.1:34936-35488|CDS|CYA_0038	87.129	101	13	0	24	124	450	550	2.57e-29	124
Ga0393529_01_4238_4363	CP000239.1:2728909-2729476|CDS|CYA_2710	86.139	101	14	0	24	124	465	565	3.14e-28	120
Ga0393529_01_4238_4363	CP000239.1:2101215-2101767|CDS|CYA_2081	86.139	101	14	0	24	124	450	550	3.14e-28	120
Ga0393529_01_5059_5331	CP000240.1:2229593-2229965|CDS|CYB_2135	98.901	273	3	0	1	273	100	372	7.01e-136	480
Ga0393529_01_5521_5757	CP000240.1:2230153-2230390|CDS|CYB_2136	99.156	237	2	0	1	237	1	237	4.93e-118	419
Ga0393529_01_5521_5757	CP000239.1:232463-232709|CDS|CYA_0230	79.545	220	45	0	1	220	1	220	3.56e-50	195
Ga0393529_01_5865_6470	CP000240.1:2230497-2231103|CDS|CYB_2138	99.835	606	1	0	1	606	1	606	0.0	1089
Ga0393529_01_5865_6470	CP000239.1:232781-233399|CDS|CYA_0231	83.717	608	93	2	1	602	1	608	0.0	647
Ga0393529_01_6716_8590	CP000240.1:2231649-2233479|CDS|CYB_2139	97.688	1817	42	0	1	1817	1	1817	0.0	3088
Ga0393529_01_6716_8590	CP000239.1:233618-235439|CDS|CYA_0233	79.634	1802	319	7	1	1802	1	1754	0.0	1608
Ga0393529_01_8597_12148	CP000240.1:2233526-2238314|CDS|CYB_2140	96.167	3548	91	3	1	3548	1282	4784	0.0	5813
Ga0393529_01_8597_12148	CP000239.1:1981722-1986432|CDS|CYA_1968	84.166	3524	462	12	1	3524	1255	4682	0.0	3873
Ga0393529_01_12120_13427	CP000240.1:2233526-2238314|CDS|CYB_2140	98.474	1311	16	2	1	1308	1	1310	0.0	2269
Ga0393529_01_12120_13427	CP000239.1:1981722-1986432|CDS|CYA_1968	80.763	1310	223	8	1	1308	1	1283	0.0	1217
Ga0393529_01_13500_14726	CP000240.1:2238426-2239653|CDS|CYB_2141	98.452	1227	19	0	1	1227	1	1227	0.0	2128
Ga0393529_01_13500_14726	CP000239.1:1980444-1981671|CDS|CYA_1967	91.850	1227	100	0	1	1227	1	1227	0.0	1763
Ga0393529_01_14924_16054	CP000240.1:2239850-2240981|CDS|CYB_2142	95.314	1131	53	0	1	1131	1	1131	0.0	1801
Ga0393529_01_14924_16054	CP000239.1:1979153-1980284|CDS|CYA_1966	92.635	1127	83	0	1	1127	1	1127	0.0	1659
Ga0393529_01_16227_18290	CP000240.1:2241124-2243206|CDS|CYB_2143	95.437	2082	77	1	1	2064	1	2082	0.0	3339
Ga0393529_01_16227_18290	CP000239.1:1976914-1978981|CDS|CYA_1965	93.662	2067	128	1	1	2064	1	2067	0.0	3136
Ga0393529_01_18447_20084	CP000240.1:2243362-2245000|CDS|CYB_2144	98.474	1638	25	0	1	1638	1	1638	0.0	2842
Ga0393529_01_18447_20084	CP000239.1:1975120-1976758|CDS|CYA_1964	97.436	1638	42	0	1	1638	1	1638	0.0	2765
Ga0393529_01_20263_21315	CP000240.1:2245178-2246231|CDS|CYB_2145	98.860	1053	12	0	1	1053	1	1053	0.0	1846
Ga0393529_01_20263_21315	CP000239.1:1973892-1974942|CDS|CYA_1963	93.028	1047	73	0	1	1047	1	1047	0.0	1560
Ga0393529_01_21315_22376	CP000240.1:2246230-2247292|CDS|CYB_2146	98.776	1062	13	0	1	1062	1	1062	0.0	1857
Ga0393529_01_21315_22376	CP000239.1:1972841-1973888|CDS|CYA_1962	83.221	1043	175	0	19	1061	4	1046	0.0	1093
Ga0393529_01_22941_23102	CP000239.1:851870-852020|CDS|CYA_0842	75.949	158	26	1	1	158	1	146	4.22e-28	121
Ga0393529_01_23404_23829	CP000240.1:2249078-2249666|CDS|CYB_2148	99.531	426	2	0	1	426	163	588	0.0	760
Ga0393529_01_23404_23829	CP000239.1:852140-852719|CDS|CYA_0843	82.609	414	65	2	1	413	151	558	9.26e-118	420
Ga0393529_01_23935_24813	CP000240.1:2249861-2250650|CDS|CYB_2149	97.719	789	18	0	91	879	1	789	0.0	1342
Ga0393529_01_23935_24813	CP000239.1:852907-853696|CDS|CYA_0844	88.160	777	92	0	91	867	1	777	0.0	987
Ga0393529_01_24821_25750	CP000240.1:2250656-2252528|CDS|CYB_2150	99.032	930	8	1	1	930	1	929	0.0	1634
Ga0393529_01_24821_25750	CP000239.1:853702-855547|CDS|CYA_0845	82.462	918	158	3	14	930	20	935	0.0	920
Ga0393529_01_25740_26693	CP000240.1:2250656-2252528|CDS|CYB_2150	98.428	954	15	0	1	954	919	1872	0.0	1654
Ga0393529_01_25740_26693	CP000239.1:853702-855547|CDS|CYA_0845	81.498	881	133	1	1	881	925	1775	0.0	877
Ga0393529_01_26710_27363	CP000240.1:2252544-2253183|CDS|CYB_2151	95.618	639	28	0	16	654	1	639	0.0	1027
Ga0393529_01_26710_27363	CP000239.1:855550-856219|CDS|CYA_0846	81.550	645	109	3	2	638	5	647	6.57e-179	623
Ga0393529_01_27469_27642	CP000240.1:2253303-2254407|CDS|CYB_2152	93.678	174	11	0	1	174	931	1104	1.69e-71	265
Ga0393529_01_27469_27642	CP000239.1:856358-857447|CDS|CYA_0847	81.609	174	32	0	1	174	916	1089	2.87e-43	170
Ga0393529_01_27594_28574	CP000240.1:2253303-2254407|CDS|CYB_2152	97.554	981	22	1	1	981	1	979	0.0	1659
Ga0393529_01_27594_28574	CP000239.1:856358-857447|CDS|CYA_0847	79.541	958	179	2	18	975	18	958	0.0	851
Ga0393529_01_28605_29594	CP000240.1:2254437-2255439|CDS|CYB_2153	98.687	990	13	0	1	990	13	1002	0.0	1728
Ga0393529_01_28605_29594	CP000239.1:857454-858429|CDS|CYA_0848	85.714	966	138	0	22	987	1	966	0.0	1121
Ga0393529_01_29603_30019	CP000240.1:2255435-2255786|CDS|CYB_2154	99.715	351	1	0	67	417	1	351	0.0	629
Ga0393529_01_30268_30708	CP000240.1:2256064-2256475|CDS|CYB_2155	94.795	365	19	0	1	365	37	401	6.90e-164	573
Ga0393529_01_30268_30708	CP000239.1:859233-859644|CDS|CYA_0850	82.192	365	65	0	1	365	37	401	1.86e-101	366
Ga0393529_02_1014_1682	CP000240.1:244558-245227|CDS|CYB_0235	98.036	662	13	0	1	662	1	662	0.0	1136
Ga0393529_02_1014_1682	CP000239.1:481553-482228|CDS|CYA_0467	84.650	658	99	2	1	657	1	657	0.0	725
Ga0393529_02_1699_2526	CP000240.1:245241-246069|CDS|CYB_0236	99.396	828	5	0	1	828	1	828	0.0	1471
Ga0393529_02_1699_2526	CP000239.1:482241-483081|CDS|CYA_0468	82.719	787	130	1	46	826	52	838	0.0	808
Ga0393529_02_2516_3328	CP000240.1:246058-246871|CDS|CYB_0237	98.524	813	12	0	1	813	1	813	0.0	1413
Ga0393529_02_2516_3328	CP000239.1:483070-483883|CDS|CYA_0469	84.217	811	128	0	1	811	1	811	0.0	886
Ga0393529_02_3335_4378	CP000240.1:246877-247921|CDS|CYB_0238	99.713	1044	3	0	1	1044	1	1044	0.0	1870
Ga0393529_02_3335_4378	CP000239.1:483889-484933|CDS|CYA_0470	85.618	1043	148	2	1	1042	1	1042	0.0	1198
Ga0393529_02_4553_5539	CP000240.1:248095-249100|CDS|CYB_0239	96.758	987	32	0	1	987	19	1005	0.0	1636
Ga0393529_02_4553_5539	CP000239.1:485107-486127|CDS|CYA_0471	85.141	922	137	0	66	987	99	1020	0.0	1046
Ga0393529_02_5816_8449	CP000240.1:249358-252145|CDS|CYB_0240	94.925	2660	107	3	1	2634	130	2787	0.0	4201
Ga0393529_02_5816_8449	CP000239.1:486235-489031|CDS|CYA_0472	86.911	2590	315	2	1	2590	130	2695	0.0	3156
Ga0393529_02_8589_11219	CP000240.1:252155-254786|CDS|CYB_0241	97.111	2631	76	0	1	2631	1	2631	0.0	4403
Ga0393529_02_8589_11219	CP000239.1:489056-491687|CDS|CYA_0473	87.148	2630	338	0	1	2630	1	2630	0.0	3220
Ga0393529_02_11312_11722	CP000240.1:254878-255289|CDS|CYB_0242	95.620	411	18	0	1	411	1	411	0.0	661
Ga0393529_02_11312_11722	CP000239.1:491777-492188|CDS|CYA_0474	82.195	410	73	0	2	411	2	411	4.62e-115	411
Ga0393529_02_11905_12390	CP000240.1:255471-256221|CDS|CYB_0243	98.971	486	5	0	1	486	265	750	0.0	855
Ga0393529_02_11905_12390	CP000239.1:492369-493122|CDS|CYA_0475	83.925	479	77	0	1	479	268	746	5.15e-147	517
Ga0393529_02_12368_12655	CP000240.1:255471-256221|CDS|CYB_0243	98.611	288	3	1	1	288	1	287	7.94e-142	499
Ga0393529_02_12368_12655	CP000239.1:492369-493122|CDS|CYA_0475	76.207	290	67	1	1	288	1	290	5.74e-55	210
Ga0393529_02_12880_13290	CP000240.1:256446-256857|CDS|CYB_0244	99.027	411	4	0	1	411	1	411	0.0	724
Ga0393529_02_12880_13290	CP000239.1:493283-493661|CDS|CYA_0476	78.470	353	76	0	18	370	9	361	2.56e-80	295
Ga0393529_02_13372_15588	CP000240.1:256938-259245|CDS|CYB_0245	99.323	2217	15	0	1	2217	91	2307	0.0	3931
Ga0393529_02_13372_15588	CP000239.1:493748-496055|CDS|CYA_0477	91.106	2215	197	0	3	2217	93	2307	0.0	3107
Ga0393529_02_16092_17168	CP000240.1:259658-260738|CDS|CYB_0246	97.037	1080	29	1	1	1077	1	1080	0.0	1802
Ga0393529_02_16092_17168	CP000239.1:496452-497505|CDS|CYA_0478	79.478	1072	188	12	1	1068	1	1044	0.0	917
Ga0393529_02_17260_17742	CP000240.1:2803740-2804223|CDS|CYB_2712	99.586	483	2	0	1	483	1	483	0.0	863
Ga0393529_02_17260_17742	CP000239.1:1511144-1511633|CDS|CYA_1503	84.490	490	64	2	1	481	1	487	3.68e-155	544
Ga0393529_02_17910_19088	CP000240.1:2802394-2803573|CDS|CYB_2711	97.964	1179	24	0	1	1179	1	1179	0.0	2019
Ga0393529_02_19085_19912	CP000240.1:2801570-2802398|CDS|CYB_2710	97.585	828	20	0	1	828	1	828	0.0	1404
Ga0393529_02_19951_22032	CP000240.1:2799600-2801532|CDS|CYB_2709	97.412	1932	50	0	151	2082	1	1932	0.0	3259
Ga0393529_02_22221_23021	CP000240.1:2798461-2799262|CDS|CYB_2708	99.001	801	8	0	1	801	1	801	0.0	1409
Ga0393529_02_22221_23021	CP000239.1:1511998-1512763|CDS|CYA_1504	84.913	749	113	0	29	777	5	753	0.0	842
Ga0393529_02_23872_24639	CP000240.1:2795622-2796291|CDS|CYB_2706	99.103	669	6	0	100	768	1	669	0.0	1180
Ga0393529_02_23872_24639	CP000239.1:1514373-1515081|CDS|CYA_1505	93.362	708	47	0	61	768	1	708	0.0	1066
Ga0393529_03_304_1803	CP000240.1:93395-94895|CDS|CYB_0080	97.333	1500	40	0	1	1500	1	1500	0.0	2526
Ga0393529_03_304_1803	CP000239.1:2924668-2926240|CDS|CYA_2900	83.939	1376	212	5	123	1498	204	1570	0.0	1471
Ga0393529_03_2015_3364	CP000240.1:91834-93184|CDS|CYB_0079	98.370	1350	22	0	1	1350	1	1350	0.0	2336
Ga0393529_03_2015_3364	CP000239.1:2923161-2924511|CDS|CYA_2899	87.037	1350	175	0	1	1350	1	1350	0.0	1646
Ga0393529_03_3790_4446	CP000240.1:90875-91556|CDS|CYB_0078	96.928	651	20	0	1	651	1	651	0.0	1085
Ga0393529_03_3790_4446	CP000239.1:2643683-2644310|CDS|CYA_2627	84.211	570	90	0	82	651	1	570	6.60e-179	623
Ga0393529_03_4513_4926	CP000240.1:90395-90809|CDS|CYB_0077	100.000	414	0	0	1	414	1	414	0.0	747
Ga0393529_03_4993_7479	CP000240.1:87776-90329|CDS|CYB_0076	99.719	2487	7	0	1	2487	67	2553	0.0	4454
Ga0393529_03_8247_8414	CP000240.1:86287-87061|CDS|CYB_0074	100.000	168	0	0	1	168	607	774	1.87e-83	304
Ga0393529_03_8247_8414	CP000240.1:1126684-1127458|CDS|CYB_1091	98.788	165	2	0	4	168	610	774	4.11e-79	289
Ga0393529_03_8247_8414	CP000240.1:2581305-2582079|CDS|CYB_2484	87.719	171	15	2	1	168	607	774	3.16e-55	211
Ga0393529_03_8247_8414	CP000240.1:2327105-2327495|CDS|CYB_2223	88.095	168	14	2	4	168	226	390	3.16e-55	210
Ga0393529_03_8247_8414	CP000240.1:2424097-2424871|CDS|CYB_2313	87.135	171	16	2	1	168	607	774	3.85e-54	206
Ga0393529_03_8247_8414	CP000240.1:544792-546037|CDS|CYB_0530	77.703	148	27	2	1	145	607	751	1.87e-26	115
Ga0393529_03_8247_8414	CP000239.1:782540-783770|CDS|CYA_0777	72.109	147	35	2	1	144	610	753	4.70e-15	77.9
Ga0393529_03_8247_8414	CP000239.1:1966854-1968081|CDS|CYA_1956	71.429	147	36	2	1	144	610	753	5.73e-14	73.4
Ga0393529_03_8480_8857	CP000240.1:1126684-1127458|CDS|CYB_1091	96.721	366	12	0	1	366	169	534	2.84e-174	607
Ga0393529_03_8480_8857	CP000240.1:2581305-2582079|CDS|CYB_2484	96.175	366	14	0	1	366	169	534	1.47e-171	598
Ga0393529_03_8480_8857	CP000240.1:86287-87061|CDS|CYB_0074	96.175	366	14	0	1	366	169	534	1.47e-171	598
Ga0393529_03_8480_8857	CP000240.1:2424097-2424871|CDS|CYB_2313	94.536	366	20	0	1	366	169	534	2.04e-163	571
Ga0393529_03_8480_8857	CP000240.1:544792-546037|CDS|CYB_0530	81.967	366	66	0	1	366	169	534	5.50e-101	363
Ga0393529_03_8480_8857	CP000239.1:1966854-1968081|CDS|CYA_1956	80.274	365	72	0	2	366	173	537	2.67e-92	334
Ga0393529_03_8480_8857	CP000239.1:782540-783770|CDS|CYA_0777	79.452	365	75	0	2	366	173	537	5.87e-88	321
Ga0393529_03_8480_8857	CP000239.1:1368725-1369295|CDS|CYA_1359	75.616	365	89	0	2	366	173	537	5.88e-69	258
Ga0393529_03_9227_10540	CP000240.1:84795-86109|CDS|CYB_0073	98.554	1314	19	0	1	1314	1	1314	0.0	2285
Ga0393529_03_9227_10540	CP000239.1:602407-603721|CDS|CYA_0591	87.900	1314	159	0	1	1314	1	1314	0.0	1654
Ga0393529_03_10774_11517	CP000240.1:83849-84548|CDS|CYB_0072	97.282	699	19	0	46	744	1	699	0.0	1176
Ga0393529_03_10774_11517	CP000239.1:601420-602164|CDS|CYA_0590	85.618	744	62	1	46	744	1	744	0.0	896
Ga0393529_03_11633_12817	CP000240.1:82504-83689|CDS|CYB_0071	98.650	1185	16	0	1	1185	1	1185	0.0	2066
Ga0393529_03_11633_12817	CP000239.1:600075-601260|CDS|CYA_0589	87.351	1178	143	2	11	1185	11	1185	0.0	1450
Ga0393529_03_12867_13484	CP000240.1:81870-82455|CDS|CYB_0070	97.778	585	13	0	34	618	1	585	0.0	997
Ga0393529_03_12867_13484	CP000239.1:599456-600041|CDS|CYA_0588	83.677	533	87	0	34	566	1	533	1.20e-162	570
Ga0393529_03_13510_13794	CP000240.1:81527-81812|CDS|CYB_0069	98.947	285	3	0	1	285	1	285	2.25e-142	501
Ga0393529_03_13510_13794	CP000239.1:599118-599403|CDS|CYA_0587	92.281	285	22	0	1	285	1	285	7.36e-117	416
Ga0393529_03_14026_15435	CP000240.1:79886-81374|CDS|CYB_0068	99.078	1410	13	0	1	1410	79	1488	0.0	2485
Ga0393529_03_14026_15435	CP000239.1:597477-598887|CDS|CYA_0586	97.660	1410	33	0	1	1410	1	1410	0.0	2395
Ga0393529_03_15472_16236	CP000240.1:79073-79838|CDS|CYB_0067	99.216	765	6	0	1	765	1	765	0.0	1353
Ga0393529_03_15472_16236	CP000239.1:596647-597418|CDS|CYA_0585	96.109	771	24	1	1	765	1	771	0.0	1257
Ga0393529_03_16289_17275	CP000240.1:78034-79021|CDS|CYB_0066	99.493	987	5	0	1	987	1	987	0.0	1758
Ga0393529_03_16289_17275	CP000239.1:595615-596602|CDS|CYA_0584	89.905	951	96	0	1	951	1	951	0.0	1283
Ga0393529_03_17426_17953	CP000240.1:77356-77884|CDS|CYB_0065	98.295	528	9	0	1	528	1	528	0.0	912
Ga0393529_03_17426_17953	CP000239.1:594943-595468|CDS|CYA_0583	88.372	516	60	0	13	528	10	525	0.0	661
Ga0393529_03_18285_20096	CP000240.1:75213-77025|CDS|CYB_0064	98.400	1812	29	0	1	1812	1	1812	0.0	3138
Ga0393529_03_18285_20096	CP000239.1:592865-594677|CDS|CYA_0582	88.687	1812	205	0	1	1812	1	1812	0.0	2344
Ga0393529_03_20194_20694	CP000240.1:74615-75209|CDS|CYB_0063	99.002	501	5	0	1	501	94	594	0.0	882
Ga0393529_03_20194_20694	CP000239.1:592231-592873|CDS|CYA_0581	83.402	482	80	0	1	482	97	578	7.89e-145	509
Ga0393529_03_20770_21108	CP000240.1:74201-74573|CDS|CYB_0062	99.705	339	1	0	1	339	34	372	2.54e-174	608
Ga0393529_03_20770_21108	CP000239.1:591847-592186|CDS|CYA_0580	87.870	338	41	0	1	338	1	338	1.71e-119	425
Ga0393529_03_21705_22025	CP000240.1:73284-73605|CDS|CYB_0061	100.000	321	0	0	1	321	1	321	3.32e-166	580
Ga0393529_03_21705_22025	CP000239.1:590946-591267|CDS|CYA_0578	88.474	321	37	0	1	321	1	321	1.02e-115	413
Ga0393529_03_22083_22994	CP000240.1:72315-73227|CDS|CYB_0059	97.588	912	22	0	1	912	1	912	0.0	1546
Ga0393529_03_22083_22994	CP000239.1:589985-590897|CDS|CYA_0576	85.746	912	128	2	1	911	1	911	0.0	1052
Ga0393529_03_22991_24064	CP000240.1:71167-72319|CDS|CYB_0060	98.696	1074	14	0	1	1074	79	1152	0.0	1874
Ga0393529_03_22991_24064	CP000239.1:588837-589989|CDS|CYA_0577	90.121	1073	106	0	1	1073	79	1151	0.0	1458
Ga0393529_03_24235_24729	CP000240.1:70136-71075|CDS|CYB_0058	97.374	495	13	0	1	495	445	939	0.0	835
Ga0393529_03_24235_24729	CP000239.1:587799-588738|CDS|CYA_0575	84.565	460	71	0	25	484	469	928	7.80e-145	510
Ga0393529_04_66_896	CP000240.1:374261-375125|CDS|CYB_0359	98.879	803	9	0	1	803	49	851	0.0	1408
Ga0393529_04_66_896	CP000239.1:2196565-2197444|CDS|CYA_2180	83.715	829	135	0	1	829	49	877	0.0	887
Ga0393529_04_933_1439	CP000240.1:373632-374226|CDS|CYB_0358	98.028	507	10	0	1	507	88	594	0.0	870
Ga0393529_04_933_1439	CP000239.1:1508119-1508881|CDS|CYA_1498	86.139	505	70	0	3	507	258	762	7.00e-171	596
Ga0393529_04_1951_3015	CP000240.1:372177-373257|CDS|CYB_0357	99.155	1065	9	0	1	1065	16	1080	0.0	1881
Ga0393529_04_1951_3015	CP000239.1:1509141-1510221|CDS|CYA_1500	90.892	1065	97	0	1	1065	16	1080	0.0	1484
Ga0393529_04_3169_3396	CP000240.1:371796-372024|CDS|CYB_0356	100.000	228	0	0	1	228	1	228	7.01e-116	412
Ga0393529_04_3169_3396	CP000239.1:1510330-1510564|CDS|CYA_1501	81.818	209	38	0	20	228	26	234	5.41e-54	206
Ga0393529_04_3437_3673	CP000240.1:371549-371756|CDS|CYB_0355	100.000	207	0	0	31	237	1	207	1.84e-104	374
Ga0393529_04_3973_5286	CP000240.1:3023196-3024534|CDS|CYB_2925	95.366	1338	38	1	1	1314	1	1338	0.0	2151
Ga0393529_04_3973_5286	CP000240.1:260888-262250|CDS|CYB_0247	93.828	1361	36	1	2	1314	2	1362	0.0	2115
Ga0393529_04_3973_5286	CP000240.1:369858-371220|CDS|CYB_0353	93.686	1362	38	1	1	1314	1	1362	0.0	2108
Ga0393529_04_3973_5286	CP000240.1:532981-534160|CDS|CYB_0518	96.353	1179	19	1	1	1155	1	1179	0.0	1950
Ga0393529_04_3973_5286	CP000240.1:2368187-2369462|CDS|CYB_2263	97.314	1117	30	0	1	1117	1	1117	0.0	1880
Ga0393529_04_3973_5286	CP000240.1:842717-843944|CDS|CYB_0814	96.777	1117	36	0	1	1117	1	1117	0.0	1853
Ga0393529_04_3973_5286	CP000240.1:2804325-2806095|CDS|CYB_2714	96.688	1117	37	0	1	1117	1	1117	0.0	1848
Ga0393529_04_5427_5792	CP000240.1:369352-369718|CDS|CYB_0352	99.454	366	2	0	1	366	1	366	0.0	652
Ga0393529_04_5427_5792	CP000239.1:497586-497952|CDS|CYA_0479	82.222	360	64	0	1	360	1	360	1.85e-100	361
Ga0393529_04_6056_6916	CP000240.1:368128-369076|CDS|CYB_0350	98.026	861	17	0	1	861	88	948	0.0	1477
Ga0393529_04_6056_6916	CP000239.1:498263-499196|CDS|CYA_0480	83.586	859	141	0	2	860	74	932	0.0	914
Ga0393529_04_7194_8051	CP000240.1:367080-367986|CDS|CYB_0349	98.834	858	10	0	1	858	49	906	0.0	1503
Ga0393529_04_7194_8051	CP000239.1:499315-500221|CDS|CYA_0481	87.995	858	103	0	1	858	49	906	0.0	1084
Ga0393529_04_8134_8523	CP000240.1:366609-366999|CDS|CYB_0348	97.179	390	11	0	1	390	1	390	0.0	655
Ga0393529_04_8134_8523	CP000239.1:500299-500689|CDS|CYA_0482	86.923	390	51	0	1	390	1	390	4.36e-134	474
Ga0393529_04_8545_9402	CP000240.1:365637-366588|CDS|CYB_0347	98.485	858	13	0	1	858	94	951	0.0	1489
Ga0393529_04_8545_9402	CP000239.1:500692-501478|CDS|CYA_0483	73.791	786	204	2	74	858	2	786	1.91e-136	482
Ga0393529_04_9723_10127	CP000240.1:364813-365245|CDS|CYB_0346	99.012	405	4	0	1	405	28	432	0.0	713
Ga0393529_04_9723_10127	CP000239.1:1723210-1723624|CDS|CYA_1716	82.670	352	61	0	1	352	28	379	7.21e-100	361
Ga0393529_04_10466_10924	CP000240.1:364016-364817|CDS|CYB_0345	94.553	459	25	0	1	459	343	801	0.0	716
Ga0393529_04_10466_10924	CP000239.1:1722401-1723214|CDS|CYA_1715	77.827	451	100	0	1	451	337	787	6.75e-101	363
Ga0393529_04_11028_11369	CP000239.1:1721995-1722337|CDS|CYA_1714	75.439	342	82	2	1	341	1	341	2.11e-61	232
Ga0393529_04_11423_11851	CP000240.1:362823-363420|CDS|CYB_0344	98.601	429	6	0	1	429	169	597	0.0	747
Ga0393529_04_11423_11851	CP000239.1:1721508-1722021|CDS|CYA_1713	79.567	416	76	2	1	413	82	491	5.16e-102	367
Ga0393529_04_11848_12555	CP000240.1:362119-362827|CDS|CYB_0343	96.148	701	27	0	1	701	1	701	0.0	1143
Ga0393529_04_11848_12555	CP000239.1:1720789-1721488|CDS|CYA_1712	79.009	686	135	2	1	686	1	677	5.14e-168	588
Ga0393529_04_12807_13271	CP000240.1:361400-362072|CDS|CYB_0342	94.861	467	17	4	1	465	211	672	0.0	723
Ga0393529_04_12807_13271	CP000239.1:1720145-1720778|CDS|CYA_1711	75.599	459	82	4	1	456	193	624	1.16e-91	333
Ga0393529_04_14132_14593	CP000240.1:360078-361053|CDS|CYB_0341	94.589	462	25	0	1	462	514	975	0.0	721
Ga0393529_04_14132_14593	CP000239.1:1719051-1720002|CDS|CYA_1710	81.897	348	63	0	113	460	602	949	6.37e-95	344
Ga0393529_04_14745_15905	CP000240.1:358766-360056|CDS|CYB_0340	98.794	1161	14	0	1	1161	130	1290	0.0	2031
Ga0393529_04_14745_15905	CP000239.1:1717993-1719319|CDS|CYA_1709	89.172	942	102	0	1	942	385	1326	0.0	1240
Ga0393529_04_15929_16180	CP000239.1:1715834-1716260|CDS|CYA_1707	87.854	247	28	1	1	245	169	415	2.40e-84	308
Ga0393529_04_16827_17954	CP000240.1:356718-357846|CDS|CYB_0338	96.809	1128	36	0	1	1128	1	1128	0.0	1873
Ga0393529_04_16827_17954	CP000239.1:1005260-1006382|CDS|CYA_0992	86.477	1087	147	0	23	1109	17	1103	0.0	1298
Ga0393529_04_17979_18914	CP000240.1:355764-356694|CDS|CYB_0337	99.785	930	2	0	7	936	1	930	0.0	1669
Ga0393529_04_17979_18914	CP000239.1:1004331-1005240|CDS|CYA_0991	85.061	897	132	2	35	930	11	906	0.0	1007
Ga0393529_04_19169_20290	CP000240.1:354382-355504|CDS|CYB_0336	99.109	1122	10	0	1	1122	1	1122	0.0	1979
Ga0393529_04_19169_20290	CP000239.1:1002933-1004052|CDS|CYA_0990	87.701	1122	135	1	1	1122	1	1119	0.0	1400
Ga0393529_04_20418_20726	CP000240.1:353346-354255|CDS|CYB_0335	99.676	309	1	0	1	309	601	909	4.43e-158	554
Ga0393529_04_20418_20726	CP000239.1:1001744-1002821|CDS|CYA_0989	85.667	300	41	2	1	299	769	1067	5.07e-94	341
Ga0393529_04_21679_22959	CP000240.1:351714-352995|CDS|CYB_0334	98.907	1281	14	0	1	1281	1	1281	0.0	2248
Ga0393529_04_21679_22959	CP000239.1:1000283-1001570|CDS|CYA_0986	94.483	1287	65	1	1	1281	1	1287	0.0	2003
Ga0393529_04_23062_23325	CP000240.1:350301-351342|CDS|CYB_0333	95.331	257	12	0	1	257	769	1025	2.88e-115	410
Ga0393529_04_23062_23325	CP000239.1:998870-999911|CDS|CYA_0985	94.163	257	15	0	1	257	769	1025	6.34e-111	397
Ga0393529_05_119_577	CP000240.1:1605870-1606329|CDS|CYB_1529	99.782	459	1	0	1	459	1	459	0.0	824
Ga0393529_05_986_2131	CP000240.1:1603735-1604917|CDS|CYB_1525	98.517	1146	17	0	1	1146	37	1182	0.0	1991
Ga0393529_05_2468_2971	CP000240.1:1602949-1603453|CDS|CYB_1523	96.429	504	18	0	1	504	1	504	0.0	829
Ga0393529_05_2468_2971	CP000239.1:1889698-1890190|CDS|CYA_1883	80.816	490	86	5	1	489	1	483	2.78e-125	445
Ga0393529_05_3219_4847	CP000240.1:1601050-1602712|CDS|CYB_1522	98.281	1629	28	0	1	1629	34	1662	0.0	2812
Ga0393529_05_3219_4847	CP000239.1:1888006-1889680|CDS|CYA_1882	79.184	1643	306	6	7	1625	40	1670	0.0	1427
Ga0393529_05_5168_7822	CP000240.1:1598111-1600766|CDS|CYB_1521	97.815	2655	58	0	1	2655	1	2655	0.0	4527
Ga0393529_05_5168_7822	CP000239.1:1885068-1887720|CDS|CYA_1881	84.784	2642	390	3	1	2642	1	2630	0.0	2950
Ga0393529_05_7979_9919	CP000240.1:1596007-1597948|CDS|CYB_1520	98.197	1941	35	0	1	1941	1	1941	0.0	3343
Ga0393529_05_7979_9919	CP000239.1:2332787-2334683|CDS|CYA_2329	83.067	1937	280	7	1	1934	1	1892	0.0	2027
Ga0393529_05_10043_10396	CP000240.1:1595530-1595872|CDS|CYB_1519	99.708	342	1	0	13	354	1	342	6.22e-176	613
Ga0393529_05_10043_10396	CP000239.1:2334828-2335176|CDS|CYA_2330	85.382	301	44	0	52	352	46	346	1.38e-95	345
Ga0393529_05_10444_10743	CP000240.1:1595183-1595483|CDS|CYB_1518	88.667	300	34	0	1	300	1	300	1.08e-108	389
Ga0393529_05_10444_10743	CP000239.1:2335175-2335523|CDS|CYA_2331	88.542	288	33	0	11	298	59	346	2.90e-103	371
Ga0393529_05_10806_11405	CP000240.1:1594527-1595121|CDS|CYB_1517	95.833	600	19	1	1	600	1	594	0.0	971
Ga0393529_05_10806_11405	CP000239.1:2335567-2336134|CDS|CYA_2332	87.545	554	69	0	8	561	5	558	0.0	689
Ga0393529_05_11477_13045	CP000240.1:1592884-1594510|CDS|CYB_1516	94.275	1572	87	1	1	1569	55	1626	0.0	2428
Ga0393529_05_11477_13045	CP000239.1:2336151-2337768|CDS|CYA_2334	77.452	1570	283	18	3	1544	57	1583	0.0	1219
Ga0393529_05_13203_16958	CP000240.1:1588913-1592726|CDS|CYB_1515	97.168	3813	51	6	1	3756	1	3813	0.0	6414
Ga0393529_05_17052_18587	CP000240.1:1587284-1588820|CDS|CYB_1514	98.307	1536	26	0	1	1536	1	1536	0.0	2654
Ga0393529_05_17052_18587	CP000239.1:350697-352224|CDS|CYA_0333	90.646	1518	142	0	1	1518	1	1518	0.0	2098
Ga0393529_05_18638_19525	CP000240.1:1586328-1587234|CDS|CYB_1513	96.509	888	7	1	1	888	43	906	0.0	1480
Ga0393529_05_19876_20655	CP000240.1:1584673-1586068|CDS|CYB_1512	98.462	780	12	0	1	780	616	1395	0.0	1353
Ga0393529_05_19876_20655	CP000239.1:353547-354966|CDS|CYA_0335	90.495	768	73	0	1	768	640	1407	0.0	1057
Ga0393529_06_367_1503	CP000240.1:1992539-1993676|CDS|CYB_1908	97.713	1137	26	0	1	1137	1	1137	0.0	1934
Ga0393529_06_367_1503	CP000239.1:1743571-1744708|CDS|CYA_1739	91.996	1137	91	0	1	1137	1	1137	0.0	1641
Ga0393529_06_1631_2638	CP000240.1:1993755-1994811|CDS|CYB_1909	98.810	1008	12	0	1	1008	49	1056	0.0	1764
Ga0393529_06_1631_2638	CP000239.1:1742437-1743493|CDS|CYA_1738	98.512	1008	15	0	1	1008	49	1056	0.0	1751
Ga0393529_06_2994_3428	CP000240.1:1995166-1995601|CDS|CYB_1910	99.310	435	3	0	1	435	1	435	0.0	772
Ga0393529_06_2994_3428	CP000239.1:1741647-1742082|CDS|CYA_1737	98.621	435	6	0	1	435	1	435	0.0	758
Ga0393529_06_3564_4931	CP000240.1:1995759-1997127|CDS|CYB_1911	97.734	1368	31	0	1	1368	1	1368	0.0	2328
Ga0393529_06_3564_4931	CP000239.1:1740121-1741489|CDS|CYA_1736	97.734	1368	31	0	1	1368	1	1368	0.0	2328
Ga0393529_06_5044_5841	CP000240.1:1997239-1998037|CDS|CYB_1912	97.494	798	20	0	1	798	1	798	0.0	1350
Ga0393529_06_5044_5841	CP000239.1:1739211-1740009|CDS|CYA_1735	97.368	798	21	0	1	798	1	798	0.0	1345
Ga0393529_06_5044_5841	CP000240.1:1111281-1112109|CDS|CYB_1074	71.429	623	172	4	57	676	84	703	2.32e-84	309
Ga0393529_06_5044_5841	CP000239.1:1564881-1565709|CDS|CYA_1555	69.760	625	189	0	52	676	79	703	4.78e-74	276
Ga0393529_06_5912_6805	CP000240.1:1998107-1999001|CDS|CYB_1913	99.776	894	2	0	1	894	1	894	0.0	1604
Ga0393529_06_5912_6805	CP000239.1:1738247-1739141|CDS|CYA_1734	99.105	894	8	0	1	894	1	894	0.0	1577
Ga0393529_06_6844_7827	CP000240.1:1999039-2000023|CDS|CYB_1914	99.187	984	8	0	1	984	1	984	0.0	1739
Ga0393529_06_6844_7827	CP000239.1:1737225-1738209|CDS|CYA_1733	98.272	984	17	0	1	984	1	984	0.0	1699
Ga0393529_06_7976_9037	CP000239.1:1736015-1737077|CDS|CYA_1732	99.247	1062	8	0	1	1062	1	1062	0.0	1880
Ga0393529_06_7976_9037	CP000240.1:2000171-2001233|CDS|CYB_1915	99.153	1062	9	0	1	1062	1	1062	0.0	1875
Ga0393529_06_9546_10526	CP000239.1:1734517-1735498|CDS|CYA_1730	97.146	981	28	0	1	981	1	981	0.0	1644
Ga0393529_06_9546_10526	CP000240.1:2001750-2002731|CDS|CYB_1917	96.228	981	37	0	1	981	1	981	0.0	1603
Ga0393529_06_10537_11832	CP000239.1:1733212-1734508|CDS|CYA_1729	95.988	1296	52	0	1	1296	1	1296	0.0	2104
Ga0393529_06_10537_11832	CP000240.1:2002740-2004036|CDS|CYB_1918	94.830	1296	67	0	1	1296	1	1296	0.0	2036
Ga0393529_06_11966_12547	CP000240.1:2004169-2004751|CDS|CYB_1919	99.828	582	1	0	1	582	1	582	0.0	1046
Ga0393529_06_11966_12547	CP000239.1:1732497-1733079|CDS|CYA_1728	99.828	582	1	0	1	582	1	582	0.0	1046
Ga0393529_06_13188_13289	CP000239.1:1732068-1732401|CDS|CYA_1726	98.039	102	2	0	1	102	232	333	3.58e-45	176
Ga0393529_06_13188_13289	CP000240.1:2005222-2005771|CDS|CYB_1920	96.078	102	4	0	1	102	448	549	1.85e-42	167
Ga0393529_06_13286_14020	CP000240.1:2005831-2006620|CDS|CYB_1921	94.908	707	36	0	1	707	22	728	0.0	1113
Ga0393529_06_13286_14020	CP000239.1:1731289-1732072|CDS|CYA_1727	81.891	751	112	2	9	735	33	783	0.0	755
Ga0393529_06_14055_14375	CP000240.1:2006633-2006954|CDS|CYB_1922	100.000	321	0	0	1	321	1	321	3.32e-166	580
Ga0393529_06_14055_14375	CP000239.1:1730943-1731276|CDS|CYA_1725	83.333	312	52	0	1	312	1	312	9.56e-91	329
Ga0393529_06_14409_15602	CP000240.1:1917270-1918464|CDS|CYB_1826	98.576	1194	17	0	1	1194	1	1194	0.0	2077
Ga0393529_06_14409_15602	CP000240.1:1763450-1764623|CDS|CYB_1688	97.952	1172	24	0	1	1172	1	1172	0.0	2006
Ga0393529_06_14409_15602	CP000239.1:693322-694534|CDS|CYA_0687	94.884	1212	44	2	1	1194	1	1212	0.0	1914
Ga0393529_06_14409_15602	CP000240.1:2219258-2220470|CDS|CYB_2126	94.142	1212	53	2	1	1194	1	1212	0.0	1874
Ga0393529_06_14409_15602	CP000240.1:2128026-2129220|CDS|CYB_2026	93.719	1194	75	0	1	1194	1	1194	0.0	1816
Ga0393529_06_14409_15602	CP000240.1:2247371-2248565|CDS|CYB_2147	83.041	1197	197	6	1	1194	1	1194	0.0	1223
Ga0393529_06_14409_15602	CP000240.1:2168360-2169515|CDS|CYB_2071	82.616	1162	188	9	1	1155	1	1155	0.0	1158
Ga0393529_06_14409_15602	CP000240.1:1384265-1385459|CDS|CYB_1322	81.531	1202	206	12	1	1194	1	1194	0.0	1128
Ga0393529_06_14409_15602	CP000239.1:1594889-1596107|CDS|CYA_1585	80.180	1221	212	7	1	1194	1	1218	0.0	1107
Ga0393529_06_14409_15602	CP000240.1:345730-346924|CDS|CYB_0329	80.683	1201	218	11	1	1194	1	1194	0.0	1084
Ga0393529_06_14409_15602	CP000239.1:712444-713638|CDS|CYA_0704	81.498	1135	202	8	1	1131	1	1131	0.0	1072
Ga0393529_06_14409_15602	CP000240.1:2565689-2566883|CDS|CYB_2468	80.350	1201	222	10	1	1194	1	1194	0.0	1070
Ga0393529_06_14409_15602	CP000240.1:241642-242836|CDS|CYB_0233	80.365	1207	211	15	1	1194	1	1194	0.0	1065
Ga0393529_06_14409_15602	CP000239.1:774779-775973|CDS|CYA_0767	81.327	1130	201	9	1	1125	1	1125	0.0	1056
Ga0393529_06_14409_15602	CP000239.1:2170714-2171908|CDS|CYA_2158	80.915	1137	205	7	1	1131	1	1131	0.0	1052
Ga0393529_06_14409_15602	CP000240.1:2553363-2554557|CDS|CYB_2454	81.344	1131	199	11	1	1125	1	1125	0.0	1050
Ga0393529_06_14409_15602	CP000240.1:1015074-1016268|CDS|CYB_0979	80.017	1201	226	11	1	1194	1	1194	0.0	1048
Ga0393529_06_14409_15602	CP000240.1:102811-104029|CDS|CYB_0087	78.642	1222	229	8	1	1194	1	1218	0.0	1021
Ga0393529_06_14409_15602	CP000240.1:2210858-2212052|CDS|CYB_2117	80.408	1128	215	6	1	1125	1	1125	0.0	1017
Ga0393529_06_14409_15602	CP000240.1:1954838-1956056|CDS|CYB_1872	79.242	1161	205	10	1	1131	1	1155	0.0	995
Ga0393529_06_14409_15602	CP000240.1:1803089-1804283|CDS|CYB_1722	79.842	1136	219	9	1	1131	1	1131	0.0	985
Ga0393529_06_14409_15602	CP000240.1:1083184-1084426|CDS|CYB_1042	78.228	1185	198	11	1	1131	1	1179	0.0	979
Ga0393529_06_14409_15602	CP000240.1:2796782-2798000|CDS|CYB_2707	78.961	1155	207	10	1	1125	1	1149	0.0	976
Ga0393529_06_14409_15602	CP000239.1:893439-894633|CDS|CYA_0887	78.435	1201	245	10	1	1194	1	1194	0.0	966
Ga0393529_06_14409_15602	CP000240.1:2830275-2831565|CDS|CYB_2735	77.102	1249	225	12	1	1194	1	1243	0.0	965
Ga0393529_06_14409_15602	CP000240.1:1064975-1066169|CDS|CYB_1023	79.185	1129	227	7	1	1125	1	1125	0.0	953
Ga0393529_06_14409_15602	CP000240.1:1190675-1191869|CDS|CYB_1151	79.031	1135	218	12	1	1125	1	1125	0.0	939
Ga0393529_06_14409_15602	CP000239.1:994256-995468|CDS|CYA_0981	77.623	1220	239	14	1	1194	1	1212	0.0	938
Ga0393529_06_14409_15602	CP000240.1:2644164-2645358|CDS|CYB_2538	78.887	1132	225	9	1	1125	1	1125	0.0	937
Ga0393529_06_14409_15602	CP000240.1:3008652-3009870|CDS|CYB_2910	78.055	1162	217	10	1	1131	1	1155	0.0	936
Ga0393529_06_14409_15602	CP000239.1:629980-631174|CDS|CYA_0620	78.943	1135	219	12	1	1125	1	1125	0.0	934
Ga0393529_06_14409_15602	CP000240.1:1316312-1317548|CDS|CYB_1259	75.887	1240	249	10	1	1194	1	1236	0.0	889
Ga0393529_06_14409_15602	CP000240.1:638632-639850|CDS|CYB_0630	77.249	1156	225	10	1	1125	1	1149	0.0	889
Ga0393529_06_14409_15602	CP000240.1:52430-53648|CDS|CYB_0041	76.943	1158	237	8	1	1131	1	1155	0.0	876
Ga0393529_06_14409_15602	CP000240.1:1521392-1522610|CDS|CYB_1450	76.950	1154	232	10	1	1125	1	1149	0.0	868
Ga0393529_06_14409_15602	CP000240.1:605550-606744|CDS|CYB_0598	77.603	1143	232	15	1	1131	1	1131	0.0	862
Ga0393529_06_14409_15602	CP000240.1:1358129-1359347|CDS|CYB_1297	76.603	1154	236	10	1	1125	1	1149	0.0	850
Ga0393529_06_14409_15602	CP000240.1:481588-482800|CDS|CYB_0472	75.755	1225	253	18	1	1194	1	1212	0.0	829
Ga0393529_06_14409_15602	CP000240.1:2619921-2621115|CDS|CYB_2521	76.787	1133	247	11	1	1125	1	1125	0.0	823
Ga0393529_06_14409_15602	CP000240.1:1842322-1843549|CDS|CYB_1759	75.862	1160	246	10	1	1131	1	1155	0.0	816
Ga0393529_06_14409_15602	CP000240.1:629484-630702|CDS|CYB_0620	75.536	1165	241	13	1	1131	1	1155	0.0	798
Ga0393529_06_14409_15602	CP000240.1:2661652-2662870|CDS|CYB_2557	75.475	1158	242	13	1	1125	1	1149	0.0	788
Ga0393529_06_14409_15602	CP000240.1:1267756-1268992|CDS|CYB_1227	74.338	1247	256	17	1	1194	1	1236	0.0	788
Ga0393529_06_14409_15602	CP000240.1:1244785-1246021|CDS|CYB_1201	74.199	1248	256	16	1	1194	1	1236	0.0	787
Ga0393529_06_14409_15602	CP000240.1:2933473-2934709|CDS|CYB_2835	73.937	1247	261	16	1	1194	1	1236	0.0	770
Ga0393529_06_14409_15602	CP000239.1:698055-699204|CDS|CYA_0690	74.957	1158	244	14	1	1123	1	1147	0.0	760
Ga0393529_06_14409_15602	CP000239.1:88305-89487|CDS|CYA_0091	73.712	1126	262	9	1	1115	1	1103	0.0	687
Ga0393529_06_14409_15602	CP000240.1:2506708-2507857|CDS|CYB_2410	69.657	1137	219	10	1	1014	1	1134	1.00e-160	564
Ga0393529_06_15922_17163	CP000240.1:2007300-2008440|CDS|CYB_1924	95.702	1140	49	0	103	1242	1	1140	0.0	1836
Ga0393529_06_15922_17163	CP000239.1:1729477-1730680|CDS|CYA_1723	83.036	1179	200	0	49	1227	10	1188	0.0	1225
Ga0393529_06_17141_18955	CP000240.1:2008417-2010232|CDS|CYB_1923	98.623	1815	25	0	1	1815	1	1815	0.0	3161
Ga0393529_06_17141_18955	CP000239.1:1727721-1729503|CDS|CYA_1724	79.573	1733	324	5	40	1769	28	1733	0.0	1535
Ga0393529_06_18952_19284	CP000240.1:2010228-2010810|CDS|CYB_1925	98.198	333	6	0	1	333	250	582	1.47e-164	574
Ga0393529_06_18952_19284	CP000239.1:1727143-1727725|CDS|CYA_1722	92.492	333	25	0	1	333	250	582	1.68e-138	489
Ga0393529_07_386_1417	CP000240.1:63175-64207|CDS|CYB_0050	99.419	1032	6	0	1	1032	1	1032	0.0	1835
Ga0393529_07_386_1417	CP000239.1:641897-642929|CDS|CYA_0630	86.693	1022	136	0	1	1022	1	1022	0.0	1231
Ga0393529_07_1469_2095	CP000240.1:62497-63124|CDS|CYB_0049	100.000	627	0	0	1	627	1	627	0.0	1131
Ga0393529_07_1469_2095	CP000239.1:640131-640758|CDS|CYA_0628	86.124	627	87	0	1	627	1	627	0.0	739
Ga0393529_07_2347_3291	CP000240.1:61301-62222|CDS|CYB_0048	96.417	921	33	0	25	945	1	921	0.0	1513
Ga0393529_07_2347_3291	CP000239.1:638903-639824|CDS|CYA_0627	84.256	921	145	0	25	945	1	921	0.0	1008
Ga0393529_07_3577_5346	CP000240.1:59246-61082|CDS|CYB_0047	98.305	1770	30	0	1	1770	67	1836	0.0	3057
Ga0393529_07_3577_5346	CP000239.1:636799-638650|CDS|CYA_0626	86.910	1780	222	5	1	1770	73	1851	0.0	2148
Ga0393529_07_5414_6106	CP000240.1:58143-59217|CDS|CYB_0046	96.961	691	21	0	1	691	340	1030	0.0	1152
Ga0393529_07_5414_6106	CP000239.1:635726-636782|CDS|CYA_0625	86.517	623	84	0	1	623	328	950	0.0	746
Ga0393529_07_6273_6461	CP000240.1:58143-59217|CDS|CYB_0046	100.000	173	0	0	1	173	173	1	4.09e-86	313
Ga0393529_07_6534_7823	CP000240.1:56765-58055|CDS|CYB_0045	97.519	1290	32	0	1	1290	1	1290	0.0	2183
Ga0393529_07_6534_7823	CP000239.1:634312-635602|CDS|CYA_0624	84.133	1292	201	2	1	1290	1	1290	0.0	1401
Ga0393529_07_7897_9129	CP000240.1:2210858-2212052|CDS|CYB_2117	91.464	1195	100	2	40	1233	1	1194	0.0	1689
Ga0393529_07_7897_9129	CP000240.1:2796782-2798000|CDS|CYB_2707	90.402	1219	91	3	40	1233	1	1218	0.0	1682
Ga0393529_07_7897_9129	CP000239.1:2170714-2171908|CDS|CYA_2158	91.297	1195	102	2	40	1233	1	1194	0.0	1680
Ga0393529_07_7897_9129	CP000239.1:712444-713638|CDS|CYA_0704	91.213	1195	103	2	40	1233	1	1194	0.0	1675
Ga0393529_07_7897_9129	CP000240.1:1954838-1956056|CDS|CYB_1872	89.664	1219	100	3	40	1233	1	1218	0.0	1641
Ga0393529_07_7897_9129	CP000239.1:774779-775973|CDS|CYA_0767	90.544	1195	111	2	40	1233	1	1194	0.0	1639
Ga0393529_07_7897_9129	CP000240.1:1190675-1191869|CDS|CYB_1151	90.117	1194	118	0	40	1233	1	1194	0.0	1622
Ga0393529_07_7897_9129	CP000240.1:1803089-1804283|CDS|CYB_1722	90.209	1195	115	2	40	1233	1	1194	0.0	1621
Ga0393529_07_7897_9129	CP000240.1:2553363-2554557|CDS|CYB_2454	90.042	1195	117	2	40	1233	1	1194	0.0	1612
Ga0393529_07_7897_9129	CP000240.1:2644164-2645358|CDS|CYB_2538	89.958	1195	118	2	40	1233	1	1194	0.0	1608
Ga0393529_07_7897_9129	CP000240.1:1083184-1084426|CDS|CYB_1042	88.013	1243	99	4	40	1233	1	1242	0.0	1598
Ga0393529_07_7897_9129	CP000240.1:3008652-3009870|CDS|CYB_2910	88.679	1219	112	3	40	1233	1	1218	0.0	1587
Ga0393529_07_7897_9129	CP000240.1:52430-53648|CDS|CYB_0041	88.679	1219	112	3	40	1233	1	1218	0.0	1587
Ga0393529_07_7897_9129	CP000240.1:2168360-2169515|CDS|CYB_2071	91.166	1132	98	2	40	1170	1	1131	0.0	1584
Ga0393529_07_7897_9129	CP000239.1:629980-631174|CDS|CYA_0620	89.456	1195	124	2	40	1233	1	1194	0.0	1581
Ga0393529_07_7897_9129	CP000240.1:1064975-1066169|CDS|CYB_1023	88.787	1195	132	2	40	1233	1	1194	0.0	1544
Ga0393529_07_7897_9129	CP000240.1:1358129-1359347|CDS|CYB_1297	87.367	1219	128	3	40	1233	1	1218	0.0	1515
Ga0393529_07_7897_9129	CP000240.1:481588-482800|CDS|CYB_0472	88.171	1192	141	0	40	1231	1	1192	0.0	1515
Ga0393529_07_7897_9129	CP000240.1:1521392-1522610|CDS|CYB_1450	86.957	1219	133	3	40	1233	1	1218	0.0	1492
Ga0393529_07_7897_9129	CP000240.1:638632-639850|CDS|CYB_0630	86.957	1219	133	3	40	1233	1	1218	0.0	1492
Ga0393529_07_7897_9129	CP000240.1:1316312-1317548|CDS|CYB_1259	86.853	1217	134	3	40	1231	1	1216	0.0	1484
Ga0393529_07_7897_9129	CP000239.1:1594889-1596107|CDS|CYA_1585	88.604	1132	127	2	40	1170	1	1131	0.0	1453
Ga0393529_07_7897_9129	CP000240.1:2619921-2621115|CDS|CYB_2521	86.767	1194	158	0	40	1233	1	1194	0.0	1442
Ga0393529_07_7897_9129	CP000239.1:994256-995468|CDS|CYA_0981	86.924	1193	154	2	40	1231	1	1192	0.0	1442
Ga0393529_07_7897_9129	CP000240.1:2247371-2248565|CDS|CYB_2147	88.251	1132	131	2	40	1170	1	1131	0.0	1435
Ga0393529_07_7897_9129	CP000240.1:1267756-1268992|CDS|CYB_1227	85.197	1216	156	1	40	1231	1	1216	0.0	1399
Ga0393529_07_7897_9129	CP000240.1:2830275-2831565|CDS|CYB_2735	84.287	1241	128	5	40	1231	1	1223	0.0	1397
Ga0393529_07_7897_9129	CP000240.1:1842322-1843549|CDS|CYB_1759	84.851	1208	151	5	40	1219	1	1204	0.0	1361
Ga0393529_07_7897_9129	CP000240.1:2933473-2934709|CDS|CYB_2835	84.249	1219	162	3	40	1231	1	1216	0.0	1347
Ga0393529_07_7897_9129	CP000240.1:241642-242836|CDS|CYB_0233	86.207	1131	156	0	40	1170	1	1131	0.0	1337
Ga0393529_07_7897_9129	CP000240.1:1244785-1246021|CDS|CYB_1201	84.141	1217	167	3	40	1231	1	1216	0.0	1335
Ga0393529_07_7897_9129	CP000240.1:2661652-2662870|CDS|CYB_2557	84.085	1219	168	3	40	1233	1	1218	0.0	1334
Ga0393529_07_7897_9129	CP000240.1:102811-104029|CDS|CYB_0087	85.294	1156	144	3	40	1170	1	1155	0.0	1329
Ga0393529_07_7897_9129	CP000240.1:629484-630702|CDS|CYB_0620	83.879	1222	165	5	40	1233	1	1218	0.0	1323
Ga0393529_07_7897_9129	CP000240.1:605550-606744|CDS|CYB_0598	84.603	1195	182	2	40	1233	1	1194	0.0	1319
Ga0393529_07_7897_9129	CP000239.1:893439-894633|CDS|CYA_0887	86.133	1125	148	4	40	1160	1	1121	0.0	1315
Ga0393529_07_7897_9129	CP000240.1:1015074-1016268|CDS|CYB_0979	85.727	1135	154	4	40	1170	1	1131	0.0	1306
Ga0393529_07_7897_9129	CP000240.1:1384265-1385459|CDS|CYB_1322	84.894	1132	169	2	40	1170	1	1131	0.0	1264
Ga0393529_07_7897_9129	CP000240.1:345730-346924|CDS|CYB_0329	84.317	1135	170	4	40	1170	1	1131	0.0	1234
Ga0393529_07_7897_9129	CP000240.1:2565689-2566883|CDS|CYB_2468	84.011	1132	179	2	40	1170	1	1131	0.0	1219
Ga0393529_07_7897_9129	CP000239.1:698055-699204|CDS|CYA_0690	82.476	1147	175	3	40	1161	1	1146	0.0	1173
Ga0393529_07_7897_9129	CP000240.1:2128026-2129220|CDS|CYB_2026	82.203	1135	194	7	40	1170	1	1131	0.0	1113
Ga0393529_07_7897_9129	CP000239.1:693322-694534|CDS|CYA_0687	80.418	1195	228	5	40	1231	1	1192	0.0	1084
Ga0393529_07_7897_9129	CP000240.1:2219258-2220470|CDS|CYB_2126	80.335	1195	229	5	40	1231	1	1192	0.0	1079
Ga0393529_07_7897_9129	CP000240.1:1763450-1764623|CDS|CYB_1688	79.383	1135	226	7	40	1170	1	1131	0.0	968
Ga0393529_07_7897_9129	CP000240.1:1917270-1918464|CDS|CYB_1826	79.207	1135	228	7	40	1170	1	1131	0.0	959
Ga0393529_07_7897_9129	CP000240.1:2506708-2507857|CDS|CYB_2410	75.090	1116	156	7	40	1034	1	1115	0.0	838
Ga0393529_07_7897_9129	CP000239.1:88305-89487|CDS|CYA_0091	75.673	1114	251	7	45	1154	6	1103	0.0	774
Ga0393529_07_9376_10404	CP000240.1:55506-56598|CDS|CYB_0044	99.223	1029	8	0	1	1029	64	1092	0.0	1820
Ga0393529_07_9376_10404	CP000239.1:633055-634186|CDS|CYA_0623	85.478	1026	134	1	1	1011	88	1113	0.0	1188
Ga0393529_07_10507_11802	CP000240.1:54108-55404|CDS|CYB_0043	98.457	1296	20	0	1	1296	1	1296	0.0	2248
Ga0393529_07_10507_11802	CP000239.1:631634-632930|CDS|CYA_0622	93.374	1298	82	2	1	1296	1	1296	0.0	1948
Ga0393529_07_12448_12936	CP000240.1:51933-52434|CDS|CYB_0042	99.789	475	1	0	1	475	1	475	0.0	853
Ga0393529_07_12448_12936	CP000239.1:629517-630009|CDS|CYA_0621	99.773	441	1	0	1	441	1	441	0.0	792
Ga0393529_07_12961_15108	CP000239.1:627357-629493|CDS|CYA_0619	97.004	2136	64	0	13	2148	1	2136	0.0	3564
Ga0393529_07_12961_15108	CP000240.1:49773-51909|CDS|CYB_0040	96.255	2136	80	0	13	2148	1	2136	0.0	3492
Ga0393529_07_15205_15738	CP000239.1:626715-627132|CDS|CYA_0618	98.321	417	7	0	1	417	1	417	0.0	721
Ga0393529_07_15205_15738	CP000240.1:49090-49687|CDS|CYB_0039	89.888	534	53	1	1	534	17	549	0.0	717
Ga0393529_08_96_710	CP000240.1:1811304-1811919|CDS|CYB_1728	99.837	615	1	0	1	615	1	615	0.0	1105
Ga0393529_08_805_3516	CP000240.1:1808498-1811210|CDS|CYB_1727	99.926	2712	2	0	1	2712	1	2712	0.0	4883
Ga0393529_08_4094_4543	CP000240.1:1807471-1807921|CDS|CYB_1725	99.556	450	2	0	1	450	1	450	0.0	803
Ga0393529_08_4565_6109	CP000240.1:1804651-1807450|CDS|CYB_1724	95.693	1161	50	0	385	1545	1639	2799	0.0	1869
Ga0393529_08_6175_7389	CP000240.1:2644164-2645358|CDS|CYB_2538	96.734	1194	39	0	22	1215	1	1194	0.0	1978
Ga0393529_08_6175_7389	CP000240.1:1803089-1804283|CDS|CYB_1722	96.231	1194	45	0	22	1215	1	1194	0.0	1951
Ga0393529_08_6175_7389	CP000240.1:638632-639850|CDS|CYB_0630	93.924	1218	50	1	22	1215	1	1218	0.0	1881
Ga0393529_08_6175_7389	CP000240.1:52430-53648|CDS|CYB_0041	93.678	1218	53	1	22	1215	1	1218	0.0	1867
Ga0393529_08_6175_7389	CP000240.1:1358129-1359347|CDS|CYB_1297	93.350	1218	57	1	22	1215	1	1218	0.0	1849
Ga0393529_08_6175_7389	CP000240.1:1190675-1191869|CDS|CYB_1151	94.393	1195	65	2	22	1215	1	1194	0.0	1847
Ga0393529_08_6175_7389	CP000240.1:1521392-1522610|CDS|CYB_1450	93.268	1218	58	1	22	1215	1	1218	0.0	1845
Ga0393529_08_6175_7389	CP000240.1:3008652-3009870|CDS|CYB_2910	92.365	1218	69	1	22	1215	1	1218	0.0	1795
Ga0393529_08_6175_7389	CP000239.1:2170714-2171908|CDS|CYA_2158	92.797	1194	86	0	22	1215	1	1194	0.0	1766
Ga0393529_08_6175_7389	CP000240.1:2830275-2831565|CDS|CYB_2735	90.726	1240	50	3	22	1213	1	1223	0.0	1764
Ga0393529_08_6175_7389	CP000240.1:2796782-2798000|CDS|CYB_2707	91.790	1218	76	1	22	1215	1	1218	0.0	1764
Ga0393529_08_6175_7389	CP000240.1:1083184-1084426|CDS|CYB_1042	90.821	1242	66	2	22	1215	1	1242	0.0	1761
Ga0393529_08_6175_7389	CP000240.1:1064975-1066169|CDS|CYB_1023	92.462	1194	90	0	22	1215	1	1194	0.0	1748
Ga0393529_08_6175_7389	CP000240.1:1954838-1956056|CDS|CYB_1872	91.215	1218	83	1	22	1215	1	1218	0.0	1732
Ga0393529_08_6175_7389	CP000239.1:774779-775973|CDS|CYA_0767	91.541	1194	101	0	22	1215	1	1194	0.0	1699
Ga0393529_08_6175_7389	CP000240.1:481588-482800|CDS|CYB_0472	91.282	1193	102	2	22	1213	1	1192	0.0	1676
Ga0393529_08_6175_7389	CP000240.1:2210858-2212052|CDS|CYB_2117	90.452	1194	114	0	22	1215	1	1194	0.0	1640
Ga0393529_08_6175_7389	CP000240.1:2168360-2169515|CDS|CYB_2071	92.042	1131	90	0	22	1152	1	1131	0.0	1635
Ga0393529_08_6175_7389	CP000239.1:712444-713638|CDS|CYA_0704	90.201	1194	117	0	22	1215	1	1194	0.0	1627
Ga0393529_08_6175_7389	CP000239.1:629980-631174|CDS|CYA_0620	89.112	1194	130	0	22	1215	1	1194	0.0	1568
Ga0393529_08_6175_7389	CP000240.1:2619921-2621115|CDS|CYB_2521	89.038	1195	129	2	22	1215	1	1194	0.0	1558
Ga0393529_08_6175_7389	CP000240.1:2553363-2554557|CDS|CYB_2454	88.861	1194	133	0	22	1215	1	1194	0.0	1554
Ga0393529_08_6175_7389	CP000240.1:102811-104029|CDS|CYB_0087	89.091	1155	102	1	22	1152	1	1155	0.0	1533
Ga0393529_08_6175_7389	CP000240.1:1316312-1317548|CDS|CYB_1259	87.418	1216	129	1	22	1213	1	1216	0.0	1521
Ga0393529_08_6175_7389	CP000240.1:1244785-1246021|CDS|CYB_1201	87.253	1216	131	1	22	1213	1	1216	0.0	1512
Ga0393529_08_6175_7389	CP000240.1:2247371-2248565|CDS|CYB_2147	89.302	1131	121	0	22	1152	1	1131	0.0	1495
Ga0393529_08_6175_7389	CP000240.1:1267756-1268992|CDS|CYB_1227	86.935	1217	133	3	22	1213	1	1216	0.0	1489
Ga0393529_08_6175_7389	CP000240.1:629484-630702|CDS|CYB_0620	86.453	1218	141	1	22	1215	1	1218	0.0	1471
Ga0393529_08_6175_7389	CP000240.1:2661652-2662870|CDS|CYB_2557	86.043	1218	146	1	22	1215	1	1218	0.0	1448
Ga0393529_08_6175_7389	CP000239.1:1594889-1596107|CDS|CYA_1585	88.152	1131	134	0	22	1152	1	1131	0.0	1436
Ga0393529_08_6175_7389	CP000239.1:994256-995468|CDS|CYA_0981	86.242	1192	164	0	22	1213	1	1192	0.0	1411
Ga0393529_08_6175_7389	CP000240.1:2933473-2934709|CDS|CYB_2835	85.562	1219	146	5	22	1213	1	1216	0.0	1410
Ga0393529_08_6175_7389	CP000239.1:893439-894633|CDS|CYA_0887	87.511	1121	140	0	22	1142	1	1121	0.0	1391
Ga0393529_08_6175_7389	CP000240.1:1015074-1016268|CDS|CYB_0979	87.003	1131	147	0	22	1152	1	1131	0.0	1378
Ga0393529_08_6175_7389	CP000240.1:605550-606744|CDS|CYB_0598	85.092	1194	178	0	22	1215	1	1194	0.0	1352
Ga0393529_08_6175_7389	CP000239.1:698055-699204|CDS|CYA_0690	85.602	1146	141	1	22	1143	1	1146	0.0	1341
Ga0393529_08_6175_7389	CP000240.1:241642-242836|CDS|CYB_0233	86.307	1132	153	2	22	1152	1	1131	0.0	1336
Ga0393529_08_6175_7389	CP000240.1:1842322-1843549|CDS|CYB_1759	84.080	1206	164	3	22	1201	1	1204	0.0	1322
Ga0393529_08_6175_7389	CP000240.1:1384265-1385459|CDS|CYB_1322	85.146	1131	168	0	22	1152	1	1131	0.0	1283
Ga0393529_08_6175_7389	CP000240.1:345730-346924|CDS|CYB_0329	84.704	1131	173	0	22	1152	1	1131	0.0	1260
Ga0393529_08_6175_7389	CP000240.1:2565689-2566883|CDS|CYB_2468	84.262	1131	178	0	22	1152	1	1131	0.0	1238
Ga0393529_08_6175_7389	CP000240.1:2128026-2129220|CDS|CYB_2026	81.354	1137	200	7	22	1152	1	1131	0.0	1075
Ga0393529_08_6175_7389	CP000239.1:693322-694534|CDS|CYA_0687	79.198	1197	239	5	22	1213	1	1192	0.0	1023
Ga0393529_08_6175_7389	CP000240.1:2219258-2220470|CDS|CYB_2126	79.031	1197	241	5	22	1213	1	1192	0.0	1014
Ga0393529_08_6175_7389	CP000240.1:2506708-2507857|CDS|CYB_2410	77.337	1134	137	5	22	1035	1	1134	0.0	973
Ga0393529_08_6175_7389	CP000240.1:1763450-1764623|CDS|CYB_1688	78.628	1137	231	7	22	1152	1	1131	0.0	935
Ga0393529_08_6175_7389	CP000240.1:1917270-1918464|CDS|CYB_1826	78.100	1137	237	7	22	1152	1	1131	0.0	908
Ga0393529_08_6175_7389	CP000239.1:88305-89487|CDS|CYA_0091	76.186	1117	240	5	27	1136	6	1103	0.0	817
Ga0393529_08_7445_8656	CP000240.1:1804651-1807450|CDS|CYB_1724	96.358	1208	44	0	1	1208	1	1208	0.0	1981
Ga0393529_08_8709_8948	CP000240.1:1804359-1804599|CDS|CYB_1723	99.576	236	1	0	1	236	1	236	1.43e-118	422
Ga0393529_08_9208_9435	CP000240.1:1802582-1802804|CDS|CYB_1721	99.099	222	2	0	7	228	1	222	6.57e-110	392
Ga0393529_08_9468_10145	CP000240.1:1801932-1802544|CDS|CYB_1720	99.837	612	1	0	67	678	1	612	0.0	1100
Ga0393529_08_10142_10924	CP000240.1:1798789-1801870|CDS|CYB_1719	99.234	783	6	0	1	783	2299	3081	0.0	1386
Ga0393529_08_10969_13224	CP000240.1:1798789-1801870|CDS|CYB_1719	99.823	2256	2	1	1	2256	1	2254	0.0	4048
Ga0393529_08_13370_13564	CP000240.1:1798449-1798644|CDS|CYB_1718	100.000	195	0	0	1	195	1	195	4.83e-98	352
Ga0393529_08_13816_14253	CP000240.1:1797698-1798208|CDS|CYB_1716	98.402	438	7	0	1	438	73	510	0.0	759
Ga0393529_08_13816_14253	CP000239.1:2459751-2460189|CDS|CYA_2453	82.877	438	75	0	1	438	1	438	1.61e-127	453
Ga0393529_08_14524_15156	CP000240.1:1796867-1797500|CDS|CYB_1714	95.735	633	27	0	1	633	1	633	0.0	1021
Ga0393529_08_14524_15156	CP000239.1:2458903-2459488|CDS|CYA_2450	85.370	581	82	1	47	627	2	579	0.0	664
Ga0393529_09_488_1723	CP000240.1:3008652-3009870|CDS|CYB_2910	94.828	1218	63	0	19	1236	1	1218	0.0	1913
Ga0393529_09_488_1723	CP000240.1:1803089-1804283|CDS|CYB_1722	94.089	1218	48	1	19	1236	1	1194	0.0	1890
Ga0393529_09_488_1723	CP000240.1:638632-639850|CDS|CYB_0630	94.253	1218	70	0	19	1236	1	1218	0.0	1882
Ga0393529_09_488_1723	CP000240.1:1083184-1084426|CDS|CYB_1042	93.237	1242	60	1	19	1236	1	1242	0.0	1879
Ga0393529_09_488_1723	CP000240.1:2644164-2645358|CDS|CYB_2538	93.514	1218	55	1	19	1236	1	1194	0.0	1858
Ga0393529_09_488_1723	CP000240.1:2830275-2831565|CDS|CYB_2735	92.581	1240	51	2	19	1234	1	1223	0.0	1850
Ga0393529_09_488_1723	CP000240.1:1358129-1359347|CDS|CYB_1297	93.103	1218	84	0	19	1236	1	1218	0.0	1819
Ga0393529_09_488_1723	CP000240.1:1521392-1522610|CDS|CYB_1450	93.021	1218	85	0	19	1236	1	1218	0.0	1814
Ga0393529_09_488_1723	CP000240.1:1190675-1191869|CDS|CYB_1151	92.535	1219	65	3	19	1236	1	1194	0.0	1799
Ga0393529_09_488_1723	CP000240.1:1954838-1956056|CDS|CYB_1872	90.982	1242	64	2	19	1236	1	1218	0.0	1770
Ga0393529_09_488_1723	CP000240.1:52430-53648|CDS|CYB_0041	90.660	1242	68	2	19	1236	1	1218	0.0	1752
Ga0393529_09_488_1723	CP000239.1:2170714-2171908|CDS|CYA_2158	91.461	1218	80	1	19	1236	1	1194	0.0	1746
Ga0393529_09_488_1723	CP000239.1:712444-713638|CDS|CYA_0704	90.805	1218	88	1	19	1236	1	1194	0.0	1709
Ga0393529_09_488_1723	CP000240.1:1064975-1066169|CDS|CYB_1023	90.148	1218	96	1	19	1236	1	1194	0.0	1673
Ga0393529_09_488_1723	CP000240.1:2168360-2169515|CDS|CYB_2071	91.515	1155	74	1	19	1173	1	1131	0.0	1659
Ga0393529_09_488_1723	CP000240.1:2796782-2798000|CDS|CYB_2707	88.567	1242	94	2	19	1236	1	1218	0.0	1635
Ga0393529_09_488_1723	CP000239.1:774779-775973|CDS|CYA_0767	89.163	1218	108	1	19	1236	1	1194	0.0	1619
Ga0393529_09_488_1723	CP000240.1:2210858-2212052|CDS|CYB_2117	88.916	1218	111	1	19	1236	1	1194	0.0	1606
Ga0393529_09_488_1723	CP000240.1:102811-104029|CDS|CYB_0087	90.736	1155	107	0	19	1173	1	1155	0.0	1601
Ga0393529_09_488_1723	CP000240.1:481588-482800|CDS|CYB_0472	88.332	1217	116	3	19	1234	1	1192	0.0	1565
Ga0393529_09_488_1723	CP000240.1:629484-630702|CDS|CYB_0620	88.177	1218	144	0	19	1236	1	1218	0.0	1548
Ga0393529_09_488_1723	CP000239.1:629980-631174|CDS|CYA_0620	87.767	1218	125	1	19	1236	1	1194	0.0	1543
Ga0393529_09_488_1723	CP000240.1:2553363-2554557|CDS|CYB_2454	87.603	1218	127	1	19	1236	1	1194	0.0	1534
Ga0393529_09_488_1723	CP000240.1:2247371-2248565|CDS|CYB_2147	89.091	1155	102	2	19	1173	1	1131	0.0	1528
Ga0393529_09_488_1723	CP000239.1:1594889-1596107|CDS|CYA_1585	88.571	1155	108	1	19	1173	1	1131	0.0	1506
Ga0393529_09_488_1723	CP000240.1:1267756-1268992|CDS|CYB_1227	87.346	1217	152	2	19	1234	1	1216	0.0	1494
Ga0393529_09_488_1723	CP000240.1:2933473-2934709|CDS|CYB_2835	86.874	1219	154	4	19	1234	1	1216	0.0	1465
Ga0393529_09_488_1723	CP000240.1:1316312-1317548|CDS|CYB_1259	85.403	1240	133	2	19	1234	1	1216	0.0	1455
Ga0393529_09_488_1723	CP000240.1:2619921-2621115|CDS|CYB_2521	85.890	1219	146	3	19	1236	1	1194	0.0	1434
Ga0393529_09_488_1723	CP000240.1:2661652-2662870|CDS|CYB_2557	84.702	1242	142	2	19	1236	1	1218	0.0	1418
Ga0393529_09_488_1723	CP000240.1:1244785-1246021|CDS|CYB_1201	84.597	1240	143	2	19	1234	1	1216	0.0	1410
Ga0393529_09_488_1723	CP000239.1:994256-995468|CDS|CYA_0981	84.046	1216	170	1	19	1234	1	1192	0.0	1336
Ga0393529_09_488_1723	CP000240.1:1015074-1016268|CDS|CYB_0979	85.108	1155	148	1	19	1173	1	1131	0.0	1325
Ga0393529_09_488_1723	CP000240.1:241642-242836|CDS|CYB_0233	84.775	1156	150	3	19	1173	1	1131	0.0	1302
Ga0393529_09_488_1723	CP000239.1:893439-894633|CDS|CYA_0887	84.629	1145	152	1	19	1163	1	1121	0.0	1289
Ga0393529_09_488_1723	CP000240.1:605550-606744|CDS|CYB_0598	83.087	1218	182	1	19	1236	1	1194	0.0	1286
Ga0393529_09_488_1723	CP000239.1:698055-699204|CDS|CYA_0690	83.248	1170	148	2	19	1164	1	1146	0.0	1261
Ga0393529_09_488_1723	CP000240.1:1842322-1843549|CDS|CYB_1759	82.033	1230	169	4	19	1222	1	1204	0.0	1251
Ga0393529_09_488_1723	CP000240.1:1384265-1385459|CDS|CYB_1322	83.203	1155	170	1	19	1173	1	1131	0.0	1226
Ga0393529_09_488_1723	CP000240.1:345730-346924|CDS|CYB_0329	81.818	1155	186	1	19	1173	1	1131	0.0	1154
Ga0393529_09_488_1723	CP000240.1:2565689-2566883|CDS|CYB_2468	81.472	1155	190	1	19	1173	1	1131	0.0	1136
Ga0393529_09_488_1723	CP000240.1:2128026-2129220|CDS|CYB_2026	80.276	1161	193	8	19	1173	1	1131	0.0	1058
Ga0393529_09_488_1723	CP000239.1:693322-694534|CDS|CYA_0687	78.952	1221	223	6	19	1234	1	1192	0.0	1048
Ga0393529_09_488_1723	CP000240.1:2219258-2220470|CDS|CYB_2126	78.460	1221	229	6	19	1234	1	1192	0.0	1021
Ga0393529_09_488_1723	CP000240.1:2506708-2507857|CDS|CYB_2410	78.673	1130	143	5	19	1051	1	1129	0.0	1018
Ga0393529_09_488_1723	CP000240.1:1763450-1764623|CDS|CYB_1688	78.381	1161	215	8	19	1173	1	1131	0.0	959
Ga0393529_09_488_1723	CP000240.1:1917270-1918464|CDS|CYB_1826	77.433	1161	226	8	19	1173	1	1131	0.0	910
Ga0393529_09_488_1723	CP000239.1:88305-89487|CDS|CYA_0091	74.035	1140	248	4	24	1157	6	1103	0.0	747
Ga0393529_09_1813_2445	CP000240.1:1790756-1791389|CDS|CYB_1706	99.210	633	5	0	1	633	1	633	0.0	1120
Ga0393529_09_1813_2445	CP000239.1:344558-345191|CDS|CYA_0326	86.572	633	85	0	1	633	1	633	0.0	759
Ga0393529_09_2414_2758	CP000240.1:1790338-1790788|CDS|CYB_1707	99.420	345	2	0	1	345	106	450	1.74e-176	614
Ga0393529_09_2414_2758	CP000239.1:344148-344571|CDS|CYA_0327	77.090	323	74	0	2	324	89	411	7.95e-67	250
Ga0393529_09_2923_3483	CP000240.1:1789718-1790279|CDS|CYB_1705	93.405	561	37	0	1	561	1	561	0.0	846
Ga0393529_09_2923_3483	CP000239.1:343376-343979|CDS|CYA_0324	78.467	548	118	0	1	548	1	548	4.92e-129	457
Ga0393529_09_3518_4537	CP000240.1:1788664-1789684|CDS|CYB_1704	99.314	1020	7	0	1	1020	1	1020	0.0	1809
Ga0393529_09_3518_4537	CP000239.1:342372-343392|CDS|CYA_0325	88.824	1020	114	0	1	1020	1	1020	0.0	1326
Ga0393529_09_4722_5237	CP000240.1:1787992-1788508|CDS|CYB_1702	92.442	516	39	0	1	516	1	516	0.0	755
Ga0393529_09_4722_5237	CP000239.1:341672-342188|CDS|CYA_0323	92.054	516	41	0	1	516	1	516	0.0	746
Ga0393529_09_5379_8273	CP000240.1:1784955-1787850|CDS|CYB_1701	99.758	2895	7	0	1	2895	1	2895	0.0	5190
Ga0393529_09_5379_8273	CP000239.1:338497-341392|CDS|CYA_0322	79.029	2904	591	7	1	2895	1	2895	0.0	2477
Ga0393529_09_8270_12802	CP000240.1:1780405-1784920|CDS|CYB_1700	94.871	4504	216	3	40	4531	1	4501	0.0	7082
Ga0393529_09_8270_12802	CP000239.1:333923-338501|CDS|CYA_0321	80.355	4622	773	31	1	4532	1	4577	0.0	4224
Ga0393529_09_12838_13044	CP000239.1:333688-333895|CDS|CYA_0320	100.000	207	0	0	1	207	1	207	1.58e-104	374
Ga0393529_09_12838_13044	CP000240.1:1780158-1780362|CDS|CYB_1699	82.741	197	25	1	1	197	1	188	4.85e-54	206
Ga0393529_10_206_325	CP000240.1:1574930-1575197|CDS|CYB_1501	100.000	120	0	0	1	120	148	267	1.43e-57	217
Ga0393529_10_281_496	CP000240.1:1574930-1575197|CDS|CYB_1501	99.479	192	1	0	1	192	192	1	9.81e-95	343
Ga0393529_10_775_888	CP000240.1:1574515-1574629|CDS|CYB_1500	100.000	114	0	0	1	114	1	114	2.43e-54	206
Ga0393529_10_775_888	CP000239.1:34109-34223|CDS|CYA_0036	90.265	113	11	0	1	113	1	113	1.34e-38	155
Ga0393529_10_927_1397	CP000240.1:1574006-1574477|CDS|CYB_1499	99.151	471	4	0	1	471	1	471	0.0	832
Ga0393529_10_927_1397	CP000239.1:33589-34060|CDS|CYA_0035	90.426	470	45	0	1	470	1	470	0.0	645
Ga0393529_10_1535_1801	CP000240.1:544792-546037|CDS|CYB_0530	84.236	203	32	0	49	251	631	833	8.37e-59	223
Ga0393529_10_1535_1801	CP000239.1:1966854-1968081|CDS|CYA_1956	68.657	201	63	0	49	249	634	834	2.25e-15	79.7
Ga0393529_10_1904_2023	CP000240.1:1573358-1573478|CDS|CYB_1498	100.000	120	0	0	1	120	1	120	1.43e-57	217
Ga0393529_10_1904_2023	CP000239.1:2436835-2436955|CDS|CYA_2427	93.750	96	6	0	1	96	1	96	2.13e-36	147
Ga0393529_10_2165_2290	CP000240.1:1573091-1573217|CDS|CYB_1497	96.825	126	4	0	1	126	1	126	2.25e-55	210
Ga0393529_10_2165_2290	CP000239.1:2437095-2437221|CDS|CYA_2428	90.476	126	12	0	1	126	1	126	1.62e-44	174
Ga0393529_10_2296_2427	CP000240.1:1572954-1573086|CDS|CYB_1496	97.727	132	3	0	1	132	1	132	1.08e-59	225
Ga0393529_10_2296_2427	CP000239.1:2437226-2437370|CDS|CYA_2429	88.618	123	14	0	10	132	22	144	3.78e-40	159
Ga0393529_10_2504_2749	CP000240.1:1572632-1572878|CDS|CYB_1495	98.780	246	3	0	1	246	1	246	2.84e-121	431
Ga0393529_10_2504_2749	CP000239.1:2437453-2437699|CDS|CYA_2430	90.244	246	24	0	1	246	1	246	4.82e-93	336
Ga0393529_10_3143_4780	CP000240.1:1570637-1572323|CDS|CYB_1494	95.299	1638	41	3	1	1638	85	1686	0.0	2626
Ga0393529_10_3143_4780	CP000239.1:2438015-2439716|CDS|CYA_2431	84.976	1644	206	4	1	1634	85	1697	0.0	1871
Ga0393529_10_4799_6526	CP000240.1:1568891-1570619|CDS|CYB_1493	98.785	1728	21	0	1	1728	1	1728	0.0	3022
Ga0393529_10_4799_6526	CP000239.1:2440021-2441761|CDS|CYA_2432	88.600	1728	185	3	1	1728	25	1740	0.0	2226
Ga0393529_10_6719_8530	CP000240.1:1566887-1568699|CDS|CYB_1492	97.627	1812	43	0	1	1812	1	1812	0.0	3075
Ga0393529_10_6719_8530	CP000239.1:2441938-2443750|CDS|CYA_2433	89.845	1812	184	0	1	1812	1	1812	0.0	2439
Ga0393529_10_8569_8967	CP000239.1:2445983-2447531|CDS|CYA_2437	98.750	320	4	0	80	399	1229	1548	3.91e-160	560
Ga0393529_10_8964_10565	CP000240.1:1564555-1566151|CDS|CYB_1490	95.238	1596	76	0	7	1602	1	1596	0.0	2536
Ga0393529_10_8964_10565	CP000239.1:2447527-2449129|CDS|CYA_2436	90.574	1602	151	0	1	1602	1	1602	0.0	2209
Ga0393529_10_10721_11521	CP000240.1:1563521-1564394|CDS|CYB_1488	95.006	801	40	0	1	801	73	873	0.0	1265
Ga0393529_10_11634_12248	CP000240.1:1562863-1563481|CDS|CYB_1487	92.358	615	47	0	1	615	4	618	0.0	898
Ga0393529_10_11634_12248	CP000239.1:2449284-2449941|CDS|CYA_2438	83.362	583	97	0	1	583	4	586	3.19e-176	615
Ga0393529_10_12451_12996	CP000240.1:1562118-1562664|CDS|CYB_1486	96.154	546	21	0	1	546	1	546	0.0	891
Ga0393529_10_12451_12996	CP000239.1:2882904-2883444|CDS|CYA_2865	82.625	541	88	1	6	546	6	540	8.08e-158	554
Ga0393529_10_13034_13570	CP000240.1:1561334-1561886|CDS|CYB_1485	87.214	524	67	0	1	524	1	524	0.0	644
Ga0393529_10_13034_13570	CP000239.1:2883500-2884055|CDS|CYA_2866	87.066	518	67	0	1	518	1	518	0.0	633
Ga0393529_11_61_387	CP000240.1:1175390-1176530|CDS|CYB_1139	98.777	327	4	0	1	327	814	1140	5.03e-164	572
Ga0393529_11_61_387	CP000239.1:1257124-1258216|CDS|CYA_1245	85.890	326	46	0	1	326	766	1091	1.76e-106	381
Ga0393529_11_549_1256	CP000240.1:1176690-1177398|CDS|CYB_1140	99.576	708	3	0	1	708	1	708	0.0	1264
Ga0393529_11_549_1256	CP000239.1:2051442-2052723|CDS|CYA_2034	77.410	664	144	4	1	661	1	661	1.13e-144	509
Ga0393529_11_549_1256	CP000240.1:1092094-1093351|CDS|CYB_1053	76.480	659	150	3	13	670	13	667	5.49e-136	481
Ga0393529_11_1513_1665	CP000240.1:1177668-1178793|CDS|CYB_1141	94.366	142	8	0	1	142	1	142	1.57e-58	221
Ga0393529_11_1513_1665	CP000239.1:1255462-1256599|CDS|CYA_1242	86.620	142	19	0	1	142	1	142	2.49e-43	171
Ga0393529_11_2404_2880	CP000240.1:1174614-1175091|CDS|CYB_1138	97.694	477	11	0	1	477	1	477	0.0	811
Ga0393529_11_2404_2880	CP000239.1:1258475-1258955|CDS|CYA_1246	87.723	448	55	0	1	448	1	448	4.73e-160	561
Ga0393529_11_2950_3780	CP000240.1:1173714-1174596|CDS|CYB_1137	99.759	831	2	0	1	831	52	882	0.0	1490
Ga0393529_11_2950_3780	CP000239.1:1258972-1259830|CDS|CYA_1247	80.440	818	136	2	1	818	52	845	0.0	767
Ga0393529_11_4142_4612	CP000240.1:1172962-1173361|CDS|CYB_1136	99.749	399	1	0	73	471	1	399	0.0	716
Ga0393529_11_4142_4612	CP000239.1:2696797-2697196|CDS|CYA_2682	83.459	399	66	0	73	471	1	399	8.45e-119	423
Ga0393529_11_4997_6175	CP000240.1:1171595-1172774|CDS|CYB_1135	98.813	1179	14	0	1	1179	1	1179	0.0	2064
Ga0393529_11_4997_6175	CP000239.1:2697359-2698538|CDS|CYA_2683	87.447	1179	148	0	1	1179	1	1179	0.0	1460
Ga0393529_11_6309_6875	CP000240.1:1170895-1171462|CDS|CYB_1134	100.000	567	0	0	1	567	1	567	0.0	1023
Ga0393529_11_6309_6875	CP000239.1:444196-444757|CDS|CYA_0426	83.099	568	88	4	1	567	1	561	1.73e-166	581
Ga0393529_11_6872_7156	CP000239.1:443915-444200|CDS|CYA_0425	78.246	285	62	0	1	285	1	285	1.42e-62	235
Ga0393529_11_7208_8077	CP000240.1:1169693-1170557|CDS|CYB_1133	100.000	864	0	0	7	870	1	864	0.0	1559
Ga0393529_11_8824_9891	CP000240.1:1167879-1168899|CDS|CYB_1130	99.804	1020	2	0	49	1068	1	1020	0.0	1831
Ga0393529_11_8824_9891	CP000239.1:2341358-2342393|CDS|CYA_2336	84.488	1025	147	3	47	1068	20	1035	0.0	1130
Ga0393529_11_8824_9891	CP000240.1:953730-954756|CDS|CYB_0917	70.306	916	254	10	114	1020	63	969	7.84e-111	398
Ga0393529_11_9936_10226	CP000240.1:1167544-1167835|CDS|CYB_1129	99.656	291	1	0	1	291	1	291	2.46e-148	521
Ga0393529_11_9936_10226	CP000239.1:2342431-2342749|CDS|CYA_2337	79.487	234	48	0	1	234	1	234	7.07e-54	206
Ga0393529_11_11242_11388	CP000240.1:1163983-1167148|CDS|CYB_1127	100.000	147	0	0	1	147	766	620	4.02e-72	266
Ga0393529_11_11997_13787	CP000240.1:1163983-1167148|CDS|CYB_1127	97.543	1791	44	0	1	1791	1375	3165	0.0	3032
Ga0393529_11_11997_13787	CP000239.1:2343137-2346233|CDS|CYA_2338	87.716	1791	220	0	1	1791	1306	3096	0.0	2239
Ga0393529_12_70_1068	CP000240.1:2374852-2376085|CDS|CYB_2269	100.000	999	0	0	1	999	235	1233	0.0	1802
Ga0393529_12_70_1068	CP000239.1:2625230-2626463|CDS|CYA_2608	100.000	999	0	0	1	999	235	1233	0.0	1802
Ga0393529_12_1552_2487	CP000240.1:2376130-2377504|CDS|CYB_2271	100.000	936	0	0	1	936	439	1374	0.0	1689
Ga0393529_12_1552_2487	CP000239.1:2627220-2628156|CDS|CYA_2612	98.397	936	15	0	1	936	1	936	0.0	1621
Ga0393529_12_2484_3158	CP000240.1:2377500-2378175|CDS|CYB_2270	100.000	675	0	0	1	675	1	675	0.0	1218
Ga0393529_12_2484_3158	CP000239.1:2628152-2628827|CDS|CYA_2611	100.000	675	0	0	1	675	1	675	0.0	1218
Ga0393529_12_4176_4508	CP000240.1:2379192-2379525|CDS|CYB_2272	100.000	333	0	0	1	333	1	333	1.06e-172	601
Ga0393529_12_4508_5284	CP000240.1:2379524-2380301|CDS|CYB_2274	99.871	777	1	0	1	777	1	777	0.0	1397
Ga0393529_12_4508_5284	CP000239.1:2630176-2630953|CDS|CYA_2614	99.871	777	1	0	1	777	1	777	0.0	1397
Ga0393529_12_5359_6306	CP000239.1:1290362-1291310|CDS|CYA_1279	99.578	948	4	0	1	948	1	948	0.0	1692
Ga0393529_12_5359_6306	CP000239.1:1612111-1613059|CDS|CYA_1604	99.051	948	9	0	1	948	1	948	0.0	1670
Ga0393529_12_5359_6306	CP000239.1:51699-52647|CDS|CYA_0053	99.051	948	9	0	1	948	1	948	0.0	1670
Ga0393529_12_5359_6306	CP000239.1:1321049-1321982|CDS|CYA_1311	98.101	948	3	1	1	948	1	933	0.0	1638
Ga0393529_12_6421_7083	CP000240.1:2380543-2381206|CDS|CYB_2275	100.000	663	0	0	1	663	1	663	0.0	1196
Ga0393529_12_6421_7083	CP000239.1:2631195-2631858|CDS|CYA_2615	100.000	663	0	0	1	663	1	663	0.0	1196
Ga0393529_12_7410_9146	CP000240.1:2381532-2383281|CDS|CYB_2276	93.711	1749	98	1	1	1737	1	1749	0.0	2665
Ga0393529_12_7410_9146	CP000239.1:2632184-2633936|CDS|CYA_2616	86.872	1752	215	2	1	1737	1	1752	0.0	2128
Ga0393529_12_9183_10034	CP000240.1:2383317-2384169|CDS|CYB_2278	98.826	852	10	0	1	852	1	852	0.0	1492
Ga0393529_12_9183_10034	CP000239.1:2633964-2634822|CDS|CYA_2617	88.313	830	97	0	1	830	1	830	0.0	1060
Ga0393529_12_10010_11113	CP000240.1:2384144-2385239|CDS|CYB_2277	95.890	1095	33	1	22	1104	1	1095	0.0	1779
Ga0393529_12_10010_11113	CP000239.1:2635109-2636108|CDS|CYA_2618	81.172	956	180	0	100	1055	1	956	0.0	913
Ga0393529_12_11145_12038	CP000240.1:2385305-2386193|CDS|CYB_2279	98.761	888	11	0	7	894	1	888	0.0	1553
Ga0393529_12_11145_12038	CP000239.1:2636270-2637158|CDS|CYA_2619	84.910	888	134	0	7	894	1	888	0.0	998
Ga0393529_12_12064_12336	CP000240.1:2386224-2387370|CDS|CYB_2280	100.000	273	0	0	1	273	874	1146	3.18e-140	493
Ga0393529_13_648_1163	CP000240.1:2353109-2353625|CDS|CYB_2248	98.643	516	7	0	1	516	1	516	0.0	900
Ga0393529_13_648_1163	CP000239.1:471064-471580|CDS|CYA_0454	85.659	516	74	0	1	516	1	516	2.04e-171	598
Ga0393529_13_1219_1863	CP000240.1:2354502-2355138|CDS|CYB_2251	94.560	625	34	0	1	625	1	625	0.0	975
Ga0393529_13_1219_1863	CP000239.1:550278-550806|CDS|CYA_0534	82.988	482	82	0	22	503	28	509	5.32e-142	500
Ga0393529_13_2200_2973	CP000240.1:2355469-2356333|CDS|CYB_2252	96.382	774	28	0	1	774	91	864	0.0	1270
Ga0393529_13_2200_2973	CP000239.1:550815-551700|CDS|CYA_0535	87.217	751	95	1	2	752	92	841	0.0	919
Ga0393529_13_3298_3732	CP000240.1:2356576-2357002|CDS|CYB_2253	97.418	426	11	0	10	435	1	426	0.0	719
Ga0393529_13_3298_3732	CP000239.1:551961-552357|CDS|CYA_0536	88.101	395	47	0	41	435	2	396	3.52e-142	501
Ga0393529_13_3967_4575	CP000240.1:2357236-2357845|CDS|CYB_2254	98.194	609	11	0	1	609	1	609	0.0	1049
Ga0393529_13_3967_4575	CP000239.1:552726-553335|CDS|CYA_0537	92.282	609	47	0	1	609	1	609	0.0	887
Ga0393529_13_4746_5012	CP000240.1:2358009-2358276|CDS|CYB_2255	98.876	267	3	0	1	267	1	267	1.24e-132	469
Ga0393529_13_4746_5012	CP000239.1:553497-553734|CDS|CYA_0539	75.849	265	34	2	1	265	1	235	1.84e-54	208
Ga0393529_13_5071_5346	CP000240.1:2358349-2358625|CDS|CYB_2256	98.188	276	5	0	1	276	1	276	8.65e-135	476
Ga0393529_13_5071_5346	CP000239.1:553735-553993|CDS|CYA_0540	81.938	227	41	0	1	227	1	227	2.49e-59	225
Ga0393529_13_5605_6648	CP000240.1:2358883-2359927|CDS|CYB_2257	97.031	1044	31	0	1	1044	1	1044	0.0	1744
Ga0393529_13_5605_6648	CP000239.1:554248-555292|CDS|CYA_0542	90.595	1042	98	0	1	1042	1	1042	0.0	1438
Ga0393529_13_6975_8270	CP000240.1:2360254-2361550|CDS|CYB_2258	97.685	1296	30	0	1	1296	1	1296	0.0	2203
Ga0393529_13_6975_8270	CP000239.1:555610-556906|CDS|CYA_0543	89.198	1296	140	0	1	1296	1	1296	0.0	1707
Ga0393529_13_8378_8485	CP000240.1:2361657-2361765|CDS|CYB_2259	95.370	108	5	0	1	108	1	108	4.68e-44	173
Ga0393529_13_8378_8485	CP000239.1:557018-557126|CDS|CYA_0544	87.963	108	13	0	1	108	1	108	3.37e-33	137
Ga0393529_13_8662_10479	CP000240.1:2361939-2363757|CDS|CYB_2260	96.975	1818	55	0	1	1818	1	1818	0.0	3031
Ga0393529_13_8662_10479	CP000239.1:557309-559127|CDS|CYA_0545	88.834	1818	203	0	1	1818	1	1818	0.0	2364
Ga0393529_13_10510_10755	CP000240.1:2363787-2365941|CDS|CYB_2261	100.000	246	0	0	1	246	1909	2154	1.29e-125	444
Ga0393529_13_10510_10755	CP000239.1:559137-561246|CDS|CYA_0546	84.647	241	37	0	1	241	1867	2107	2.05e-72	269
Ga0393529_14_878_1426	CP000240.1:551296-551845|CDS|CYB_0536	97.993	548	11	0	1	548	1	548	0.0	939
Ga0393529_14_878_1426	CP000239.1:2148725-2149301|CDS|CYA_2135	86.055	545	76	0	1	545	1	545	0.0	641
Ga0393529_14_1567_3087	CP000240.1:549635-551156|CDS|CYB_0535	97.699	1521	35	0	1	1521	1	1521	0.0	2586
Ga0393529_14_1567_3087	CP000239.1:2149405-2150902|CDS|CYA_2136	85.083	1515	202	2	1	1515	1	1491	0.0	1727
Ga0393529_14_3091_3921	CP000240.1:548801-549620|CDS|CYB_0534	98.046	819	16	0	13	831	1	819	0.0	1406
Ga0393529_14_3091_3921	CP000239.1:2150920-2151715|CDS|CYA_2137	85.492	772	112	0	60	831	24	795	0.0	888
Ga0393529_14_4821_5924	CP000240.1:547074-547995|CDS|CYB_0533	96.526	921	32	0	184	1104	1	921	0.0	1517
Ga0393529_14_4821_5924	CP000239.1:2151942-2152863|CDS|CYA_2138	88.056	921	110	0	184	1104	1	921	0.0	1166
Ga0393529_14_6109_6570	CP000240.1:546439-546901|CDS|CYB_0532	94.372	462	26	0	1	462	1	462	0.0	717
Ga0393529_14_6109_6570	CP000239.1:2153019-2153475|CDS|CYA_2140	82.684	462	74	2	1	462	1	456	6.36e-133	470
Ga0393529_14_6973_8049	CP000240.1:544792-546037|CDS|CYB_0530	95.172	1077	52	0	1	1077	169	1245	0.0	1709
Ga0393529_14_6973_8049	CP000239.1:782540-783770|CDS|CYA_0777	74.570	1046	256	5	2	1039	173	1216	0.0	674
Ga0393529_14_6973_8049	CP000239.1:1966854-1968081|CDS|CYA_1956	74.344	1029	258	1	2	1024	173	1201	0.0	667
Ga0393529_14_8037_8228	CP000240.1:544792-546037|CDS|CYB_0530	91.765	170	14	0	1	170	1	170	1.77e-65	244
Ga0393529_14_8037_8228	CP000240.1:2581305-2582079|CDS|CYB_2484	81.176	170	32	0	1	170	1	170	4.76e-41	163
Ga0393529_14_8037_8228	CP000239.1:1966854-1968081|CDS|CYA_1956	82.911	158	26	1	1	157	1	158	5.80e-40	160
Ga0393529_14_8037_8228	CP000240.1:1126684-1127458|CDS|CYB_1091	80.588	170	33	0	1	170	1	170	2.03e-39	159
Ga0393529_14_8037_8228	CP000239.1:782540-783770|CDS|CYA_0777	81.287	171	29	2	1	168	1	171	2.03e-39	159
Ga0393529_14_8037_8228	CP000240.1:2424097-2424871|CDS|CYB_2313	80.000	170	34	0	1	170	1	170	2.47e-38	154
Ga0393529_14_8037_8228	CP000240.1:86287-87061|CDS|CYB_0074	80.000	170	34	0	1	170	1	170	2.47e-38	154
Ga0393529_14_8037_8228	CP000239.1:1368725-1369295|CDS|CYA_1359	79.755	163	30	1	9	168	9	171	4.46e-35	144
Ga0393529_14_8286_8726	CP000240.1:544294-544735|CDS|CYB_0529	99.546	441	2	0	1	441	1	441	0.0	787
Ga0393529_14_8796_10187	CP000240.1:542836-544225|CDS|CYB_0528	98.920	1389	15	0	4	1392	1	1389	0.0	2438
Ga0393529_14_8796_10187	CP000239.1:2153497-2154880|CDS|CYA_2141	87.352	1352	171	0	4	1355	1	1352	0.0	1668
Ga0393529_15_78_1433	CP000240.1:2656485-2658546|CDS|CYB_2552	97.345	1356	36	0	1	1356	706	2061	0.0	2284
Ga0393529_15_78_1433	CP000239.1:1223353-1225405|CDS|CYA_1213	86.862	1332	175	0	2	1333	707	2038	0.0	1614
Ga0393529_15_1438_2139	CP000240.1:2656485-2658546|CDS|CYB_2552	96.724	702	22	1	1	702	1	701	0.0	1159
Ga0393529_15_1438_2139	CP000239.1:1223353-1225405|CDS|CYA_1213	83.333	702	116	1	1	702	1	701	0.0	736
Ga0393529_15_2683_3321	CP000240.1:2659063-2659702|CDS|CYB_2553	97.809	639	14	0	1	639	1	639	0.0	1090
Ga0393529_15_2683_3321	CP000239.1:1225784-1226417|CDS|CYA_1214	86.880	625	82	0	1	625	1	625	0.0	758
Ga0393529_15_3906_4787	CP000240.1:2660113-2660995|CDS|CYB_2555	96.599	882	30	0	1	882	1	882	0.0	1456
Ga0393529_15_4962_5426	CP000240.1:2661169-2661634|CDS|CYB_2556	98.265	461	8	0	1	461	1	461	0.0	796
Ga0393529_15_5632_6327	CP000240.1:2662983-2663679|CDS|CYB_2558	98.420	696	11	0	1	696	1	696	0.0	1206
Ga0393529_15_5632_6327	CP000239.1:1400949-1401651|CDS|CYA_1395	86.522	690	93	0	1	690	1	690	0.0	826
Ga0393529_15_6324_7181	CP000240.1:2663675-2664533|CDS|CYB_2559	97.086	858	25	0	1	858	1	858	0.0	1435
Ga0393529_15_6324_7181	CP000239.1:1400047-1400953|CDS|CYA_1394	78.113	795	169	3	1	791	1	794	0.0	641
Ga0393529_15_7645_8385	CP000240.1:2664996-2665737|CDS|CYB_2561	98.381	741	12	0	1	741	1	741	0.0	1283
Ga0393529_15_7645_8385	CP000239.1:1398862-1399594|CDS|CYA_1392	89.790	715	73	0	1	715	1	715	0.0	961
Ga0393529_15_8358_9995	CP000240.1:2665709-2667557|CDS|CYB_2560	95.548	1662	50	2	1	1638	187	1848	0.0	2677
Ga0393529_15_8358_9995	CP000239.1:1397090-1398893|CDS|CYA_1393	79.635	1591	290	5	2	1590	194	1752	0.0	1417
Ga0393529_16_421_939	CP000240.1:976891-977410|CDS|CYB_0939	98.844	519	6	0	1	519	1	519	0.0	910
Ga0393529_16_421_939	CP000239.1:225748-226267|CDS|CYA_0221	91.876	517	42	0	1	517	1	517	0.0	744
Ga0393529_16_421_939	CP000240.1:2834685-2835204|CDS|CYB_2740	69.953	426	128	0	94	519	94	519	2.87e-49	192
Ga0393529_16_1038_1568	CP000240.1:977555-978044|CDS|CYB_0940	98.566	488	7	0	43	530	1	488	0.0	849
Ga0393529_16_1038_1568	CP000239.1:225112-225601|CDS|CYA_0220	89.980	489	49	0	43	531	1	489	0.0	662
Ga0393529_16_1038_1568	CP000240.1:2834009-2834492|CDS|CYB_2738	69.375	480	125	11	60	531	18	483	7.89e-44	174
Ga0393529_16_1038_1568	CP000239.1:2062220-2062703|CDS|CYA_2042	68.856	472	137	6	61	530	19	482	9.62e-43	171
Ga0393529_16_1889_2158	CP000240.1:978359-978629|CDS|CYB_0941	98.889	270	3	0	1	270	1	270	2.95e-134	474
Ga0393529_16_1889_2158	CP000239.1:224563-224824|CDS|CYA_0218	83.582	268	35	1	1	268	1	259	6.95e-79	289
Ga0393529_16_2232_3002	CP000240.1:978720-979473|CDS|CYB_0942	98.141	753	14	0	19	771	1	753	0.0	1296
Ga0393529_16_2232_3002	CP000239.1:223720-224473|CDS|CYA_0217	84.861	753	114	0	19	771	1	753	0.0	845
Ga0393529_16_3067_3708	CP000240.1:979489-980179|CDS|CYB_0943	96.262	642	24	0	1	642	49	690	0.0	1050
Ga0393529_16_3067_3708	CP000239.1:222991-223708|CDS|CYA_0216	82.215	641	114	0	1	641	76	716	0.0	643
Ga0393529_16_3767_4492	CP000240.1:980237-980963|CDS|CYB_0944	99.587	726	3	0	1	726	1	726	0.0	1297
Ga0393529_16_3767_4492	CP000239.1:222223-222949|CDS|CYA_0215	87.293	724	92	0	1	724	1	724	0.0	892
Ga0393529_16_4634_4945	CP000240.1:981104-981416|CDS|CYB_0945	95.192	312	15	0	1	312	1	312	1.05e-140	496
Ga0393529_16_4634_4945	CP000239.1:221772-222084|CDS|CYA_0214	86.218	312	43	0	1	312	1	312	1.06e-102	370
Ga0393529_16_5053_6684	CP000240.1:981445-983149|CDS|CYB_0946	97.917	1632	34	0	1	1632	73	1704	0.0	2791
Ga0393529_16_5053_6684	CP000239.1:220039-221776|CDS|CYA_0213	85.294	1632	228	2	7	1632	112	1737	0.0	1864
Ga0393529_16_6684_7403	CP000240.1:983148-983868|CDS|CYB_0947	98.750	720	9	0	1	720	1	720	0.0	1259
Ga0393529_16_6684_7403	CP000239.1:219320-220040|CDS|CYA_0212	82.778	720	124	0	1	720	1	720	0.0	740
Ga0393529_16_7415_8332	CP000240.1:983879-984797|CDS|CYB_0948	96.841	918	29	0	1	918	1	918	0.0	1526
Ga0393529_16_7415_8332	CP000239.1:218391-219309|CDS|CYA_0211	88.126	918	109	0	1	918	1	918	0.0	1165
Ga0393529_17_693_1604	CP000240.1:1189455-1190367|CDS|CYB_1149	96.817	911	29	0	1	911	1	911	0.0	1513
Ga0393529_17_693_1604	CP000239.1:1988277-1989189|CDS|CYA_1971	83.481	902	149	0	1	902	1	902	0.0	956
Ga0393529_17_1601_2056	CP000240.1:1189003-1189459|CDS|CYB_1150	97.118	451	13	0	1	451	1	451	0.0	755
Ga0393529_17_1601_2056	CP000239.1:1989185-1989647|CDS|CYA_1970	85.930	398	56	0	1	398	1	398	7.64e-132	466
Ga0393529_17_2317_4830	CP000240.1:1186152-1188744|CDS|CYB_1147	97.216	2514	70	0	1	2514	79	2592	0.0	4219
Ga0393529_17_2317_4830	CP000239.1:1989935-1992536|CDS|CYA_1973	82.964	2483	390	3	52	2507	118	2594	0.0	2588
Ga0393529_17_5204_6304	CP000240.1:1184834-1185857|CDS|CYB_1146	96.275	1047	15	1	55	1101	1	1023	0.0	1730
Ga0393529_17_5204_6304	CP000239.1:2002147-2003170|CDS|CYA_1982	82.229	1041	159	3	55	1094	1	1016	0.0	1054
Ga0393529_17_6399_8774	CP000240.1:1182310-1184686|CDS|CYB_1145	98.990	2376	24	0	1	2376	1	2376	0.0	4177
Ga0393529_17_6399_8774	CP000239.1:1999600-2001976|CDS|CYA_1981	90.894	2372	216	0	1	2372	1	2372	0.0	3305
Ga0393529_17_8874_9092	CP000240.1:1181164-1182199|CDS|CYB_1144	95.872	218	9	0	1	218	817	1034	5.51e-98	353
Ga0393529_17_8874_9092	CP000239.1:1998385-1999501|CDS|CYA_1980	86.758	219	29	0	1	219	898	1116	2.20e-71	265
Ga0393529_18_953_1450	CP000240.1:3010145-3010580|CDS|CYB_2912	99.080	435	4	0	64	498	1	435	0.0	767
Ga0393529_18_953_1450	CP000239.1:722264-722768|CDS|CYA_0718	84.836	488	74	0	1	488	1	488	3.12e-156	547
Ga0393529_18_1428_1559	CP000240.1:3009973-3010105|CDS|CYB_2911	100.000	132	0	0	1	132	1	132	4.91e-64	239
Ga0393529_18_1428_1559	CP000239.1:722155-722287|CDS|CYA_0717	88.636	132	15	0	1	132	1	132	2.09e-43	171
Ga0393529_18_1663_2874	CP000239.1:2170714-2171908|CDS|CYA_2158	94.975	1194	60	0	19	1212	1	1194	0.0	1884
Ga0393529_18_1663_2874	CP000240.1:2168360-2169515|CDS|CYB_2071	96.000	1125	45	0	19	1143	1	1125	0.0	1827
Ga0393529_18_1663_2874	CP000240.1:1954838-1956056|CDS|CYB_1872	92.857	1218	63	1	19	1212	1	1218	0.0	1822
Ga0393529_18_1663_2874	CP000240.1:2796782-2798000|CDS|CYB_2707	92.611	1218	66	1	19	1212	1	1218	0.0	1809
Ga0393529_18_1663_2874	CP000239.1:712444-713638|CDS|CYA_0704	93.300	1194	80	0	19	1212	1	1194	0.0	1793
Ga0393529_18_1663_2874	CP000240.1:1083184-1084426|CDS|CYB_1042	91.385	1242	59	2	19	1212	1	1242	0.0	1792
Ga0393529_18_1663_2874	CP000240.1:1803089-1804283|CDS|CYB_1722	92.965	1194	84	0	19	1212	1	1194	0.0	1775
Ga0393529_18_1663_2874	CP000239.1:774779-775973|CDS|CYA_0767	92.797	1194	86	0	19	1212	1	1194	0.0	1766
Ga0393529_18_1663_2874	CP000240.1:2644164-2645358|CDS|CYB_2538	92.546	1194	89	0	19	1212	1	1194	0.0	1753
Ga0393529_18_1663_2874	CP000240.1:2210858-2212052|CDS|CYB_2117	92.044	1194	95	0	19	1212	1	1194	0.0	1726
Ga0393529_18_1663_2874	CP000240.1:2553363-2554557|CDS|CYB_2454	91.876	1194	97	0	19	1212	1	1194	0.0	1717
Ga0393529_18_1663_2874	CP000239.1:629980-631174|CDS|CYA_0620	91.541	1194	101	0	19	1212	1	1194	0.0	1699
Ga0393529_18_1663_2874	CP000240.1:1190675-1191869|CDS|CYB_1151	91.548	1195	99	2	19	1212	1	1194	0.0	1693
Ga0393529_18_1663_2874	CP000240.1:52430-53648|CDS|CYB_0041	90.148	1218	96	1	19	1212	1	1218	0.0	1673
Ga0393529_18_1663_2874	CP000240.1:638632-639850|CDS|CYB_0630	89.737	1218	101	1	19	1212	1	1218	0.0	1651
Ga0393529_18_1663_2874	CP000240.1:3008652-3009870|CDS|CYB_2910	89.491	1218	104	1	19	1212	1	1218	0.0	1637
Ga0393529_18_1663_2874	CP000240.1:1521392-1522610|CDS|CYB_1450	88.670	1218	114	1	19	1212	1	1218	0.0	1592
Ga0393529_18_1663_2874	CP000240.1:1358129-1359347|CDS|CYB_1297	88.670	1218	114	1	19	1212	1	1218	0.0	1592
Ga0393529_18_1663_2874	CP000240.1:2830275-2831565|CDS|CYB_2735	87.419	1240	91	3	19	1210	1	1223	0.0	1579
Ga0393529_18_1663_2874	CP000240.1:2247371-2248565|CDS|CYB_2147	90.667	1125	105	0	19	1143	1	1125	0.0	1556
Ga0393529_18_1663_2874	CP000240.1:1064975-1066169|CDS|CYB_1023	88.861	1194	133	0	19	1212	1	1194	0.0	1554
Ga0393529_18_1663_2874	CP000240.1:1316312-1317548|CDS|CYB_1259	87.911	1216	123	1	19	1210	1	1216	0.0	1548
Ga0393529_18_1663_2874	CP000240.1:2619921-2621115|CDS|CYB_2521	87.950	1195	142	2	19	1212	1	1194	0.0	1499
Ga0393529_18_1663_2874	CP000240.1:481588-482800|CDS|CYB_0472	87.930	1193	142	2	19	1210	1	1192	0.0	1496
Ga0393529_18_1663_2874	CP000239.1:1594889-1596107|CDS|CYA_1585	89.333	1125	120	0	19	1143	1	1125	0.0	1489
Ga0393529_18_1663_2874	CP000240.1:2661652-2662870|CDS|CYB_2557	86.617	1218	139	1	19	1212	1	1218	0.0	1480
Ga0393529_18_1663_2874	CP000240.1:629484-630702|CDS|CYB_0620	86.535	1218	140	1	19	1212	1	1218	0.0	1475
Ga0393529_18_1663_2874	CP000240.1:2933473-2934709|CDS|CYB_2835	86.136	1219	139	5	19	1210	1	1216	0.0	1442
Ga0393529_18_1663_2874	CP000240.1:1267756-1268992|CDS|CYB_1227	85.785	1217	147	3	19	1210	1	1216	0.0	1425
Ga0393529_18_1663_2874	CP000240.1:1244785-1246021|CDS|CYB_1201	85.526	1216	152	1	19	1210	1	1216	0.0	1417
Ga0393529_18_1663_2874	CP000240.1:241642-242836|CDS|CYB_0233	87.478	1126	139	2	19	1143	1	1125	0.0	1388
Ga0393529_18_1663_2874	CP000239.1:994256-995468|CDS|CYA_0981	85.738	1192	170	0	19	1210	1	1192	0.0	1384
Ga0393529_18_1663_2874	CP000240.1:605550-606744|CDS|CYB_0598	85.595	1194	172	0	19	1212	1	1194	0.0	1379
Ga0393529_18_1663_2874	CP000240.1:102811-104029|CDS|CYB_0087	85.988	1149	137	1	19	1143	1	1149	0.0	1364
Ga0393529_18_1663_2874	CP000239.1:893439-894633|CDS|CYA_0887	86.798	1121	148	0	19	1139	1	1121	0.0	1355
Ga0393529_18_1663_2874	CP000240.1:1842322-1843549|CDS|CYB_1759	83.997	1206	165	3	19	1198	1	1204	0.0	1317
Ga0393529_18_1663_2874	CP000240.1:1384265-1385459|CDS|CYB_1322	85.600	1125	162	0	19	1143	1	1125	0.0	1299
Ga0393529_18_1663_2874	CP000240.1:1015074-1016268|CDS|CYB_0979	85.333	1125	165	0	19	1143	1	1125	0.0	1286
Ga0393529_18_1663_2874	CP000240.1:345730-346924|CDS|CYB_0329	84.978	1125	169	0	19	1143	1	1125	0.0	1268
Ga0393529_18_1663_2874	CP000239.1:698055-699204|CDS|CYA_0690	84.119	1146	158	1	19	1140	1	1146	0.0	1264
Ga0393529_18_1663_2874	CP000240.1:2565689-2566883|CDS|CYB_2468	84.178	1125	178	0	19	1143	1	1125	0.0	1227
Ga0393529_18_1663_2874	CP000240.1:2128026-2129220|CDS|CYB_2026	84.350	1131	165	7	19	1143	1	1125	0.0	1222
Ga0393529_18_1663_2874	CP000239.1:693322-694534|CDS|CYA_0687	82.707	1197	197	5	19	1210	1	1192	0.0	1213
Ga0393529_18_1663_2874	CP000240.1:2219258-2220470|CDS|CYB_2126	82.373	1197	201	5	19	1210	1	1192	0.0	1195
Ga0393529_18_1663_2874	CP000240.1:1763450-1764623|CDS|CYB_1688	82.582	1131	185	7	19	1143	1	1125	0.0	1131
Ga0393529_18_1663_2874	CP000240.1:1917270-1918464|CDS|CYB_1826	81.609	1131	196	7	19	1143	1	1125	0.0	1082
Ga0393529_18_1663_2874	CP000240.1:2506708-2507857|CDS|CYB_2410	76.123	1135	149	7	19	1032	1	1134	0.0	904
Ga0393529_18_1663_2874	CP000239.1:88305-89487|CDS|CYA_0091	74.910	1116	256	3	24	1133	6	1103	0.0	759
Ga0393529_18_3024_4973	CP000240.1:3006535-3008485|CDS|CYB_2909	98.205	1950	35	0	1	1950	1	1950	0.0	3360
Ga0393529_18_5350_5499	CP000240.1:3006009-3006159|CDS|CYB_2906	99.333	150	1	0	1	150	1	150	4.11e-72	267
Ga0393529_18_5350_5499	CP000239.1:699489-699639|CDS|CYA_0691	99.333	150	1	0	1	150	1	150	4.11e-72	267
Ga0393529_18_5350_5499	CP000239.1:721906-722056|CDS|CYA_0716	80.667	150	29	0	1	150	1	150	4.12e-34	141
Ga0393529_18_5634_6878	CP000239.1:699773-701018|CDS|CYA_0693	97.831	1245	27	0	1	1245	1	1245	0.0	2124
Ga0393529_18_5634_6878	CP000240.1:3004651-3005875|CDS|CYB_2904	96.707	1245	20	1	1	1245	1	1224	0.0	2076
Ga0393529_18_5634_6878	CP000239.1:720522-721737|CDS|CYA_0713	83.061	1163	191	6	1	1160	1	1160	0.0	1188
Ga0393529_18_6875_7729	CP000239.1:701014-701869|CDS|CYA_0692	99.532	855	4	0	1	855	1	855	0.0	1525
Ga0393529_18_6875_7729	CP000240.1:3003800-3004655|CDS|CYB_2905	98.246	855	15	0	1	855	1	855	0.0	1475
Ga0393529_18_6875_7729	CP000239.1:719653-720526|CDS|CYA_0714	87.456	845	104	2	1	844	1	844	0.0	1040
Ga0393529_18_7951_8445	CP000240.1:3003084-3003579|CDS|CYB_2903	99.394	495	3	0	1	495	1	495	0.0	880
Ga0393529_18_7951_8445	CP000239.1:702090-702585|CDS|CYA_0694	98.990	495	5	0	1	495	1	495	0.0	871
Ga0393529_18_7951_8445	CP000239.1:719077-719575|CDS|CYA_0712	83.910	491	79	0	4	494	7	497	8.32e-151	530
Ga0393529_19_286_687	CP000240.1:2149724-2150195|CDS|CYB_2050	98.259	402	7	0	1	402	70	471	0.0	694
Ga0393529_19_286_687	CP000239.1:84184-84595|CDS|CYA_0086	81.034	406	72	3	1	402	1	405	9.30e-105	377
Ga0393529_19_837_1148	CP000240.1:2149331-2149643|CDS|CYB_2048	96.795	312	10	0	1	312	1	312	9.24e-148	518
Ga0393529_19_837_1148	CP000240.1:2149241-2149673|CDS|CYB_2049	96.795	312	10	0	1	312	402	91	9.24e-148	518
Ga0393529_19_1254_1964	CP000240.1:2148515-2149226|CDS|CYB_2047	97.179	709	20	0	1	709	1	709	0.0	1189
Ga0393529_19_1254_1964	CP000239.1:82981-83692|CDS|CYA_0084	88.051	703	84	0	7	709	7	709	0.0	890
Ga0393529_19_2052_2708	CP000240.1:2147547-2148366|CDS|CYB_2046	94.512	656	36	0	1	656	163	818	0.0	1021
Ga0393529_19_2052_2708	CP000239.1:82002-82824|CDS|CYA_0083	82.473	639	101	5	1	635	169	800	0.0	636
Ga0393529_19_3031_4095	CP000240.1:2146322-2147387|CDS|CYB_2044	96.995	1065	32	0	1	1065	1	1065	0.0	1777
Ga0393529_19_3031_4095	CP000239.1:80828-81851|CDS|CYA_0081	80.000	1015	152	1	51	1065	60	1023	0.0	957
Ga0393529_19_4019_5824	CP000240.1:2144572-2146399|CDS|CYB_2045	93.873	1828	89	3	1	1806	1	1827	0.0	2800
Ga0393529_19_4019_5824	CP000239.1:79111-80905|CDS|CYA_0082	82.628	1773	298	7	31	1801	25	1789	0.0	1787
Ga0393529_19_5835_6743	CP000240.1:2143769-2144576|CDS|CYB_2043	98.389	807	13	0	103	909	1	807	0.0	1397
Ga0393529_19_6932_7174	CP000240.1:2143236-2143479|CDS|CYB_2042	99.585	241	1	0	1	241	1	241	2.80e-121	431
Ga0393529_19_6932_7174	CP000239.1:78556-79003|CDS|CYA_0080	91.632	239	20	0	1	239	205	443	1.12e-94	342
Ga0393529_19_7299_7487	CP000240.1:2142771-2143104|CDS|CYB_2041	95.082	183	9	0	1	183	145	327	4.67e-79	290
Ga0393529_19_7299_7487	CP000239.1:77912-78449|CDS|CYA_0079	79.235	183	38	0	1	183	349	531	5.70e-40	159
Ga0393529_19_7491_7622	CP000240.1:2142771-2143104|CDS|CYB_2041	100.000	132	0	0	1	132	141	10	4.91e-64	239
Ga0393529_19_7920_8144	CP000240.1:2142258-2142483|CDS|CYB_2040	99.111	225	2	0	1	225	1	225	1.52e-111	398
Ga0393529_19_7920_8144	CP000239.1:77337-77559|CDS|CYA_0078	84.932	219	31	2	7	224	4	221	9.01e-64	240
Ga0393529_19_8271_8468	CP000240.1:2140818-2142156|CDS|CYB_2039	94.444	198	11	0	1	198	1141	1338	1.83e-84	308
Ga0393529_19_8271_8468	CP000239.1:75902-77240|CDS|CYA_0077	77.157	197	45	0	1	197	1141	1337	8.92e-38	153
Ga0393529_20_544_1299	CP000240.1:2649087-2649894|CDS|CYB_2543	98.942	756	8	0	1	756	52	807	0.0	1328
Ga0393529_20_544_1299	CP000239.1:2457020-2457923|CDS|CYA_2447	81.481	756	140	0	1	756	148	903	0.0	733
Ga0393529_20_1620_1835	CP000240.1:2650187-2650430|CDS|CYB_2544	99.074	216	2	0	1	216	28	243	1.12e-106	381
Ga0393529_20_1620_1835	CP000239.1:2458259-2458475|CDS|CYA_2448	89.655	203	21	0	1	203	1	203	1.46e-73	272
Ga0393529_20_1863_2180	CP000240.1:2650457-2650775|CDS|CYB_2546	100.000	318	0	0	1	318	1	318	1.40e-164	574
Ga0393529_20_1863_2180	CP000239.1:2458517-2458820|CDS|CYA_2449	75.908	303	73	0	16	318	1	303	4.30e-57	218
Ga0393529_20_2177_2284	CP000240.1:2650771-2651170|CDS|CYB_2545	100.000	101	0	0	8	108	299	399	2.59e-47	183
Ga0393529_20_3509_4789	CP000240.1:2651824-2653042|CDS|CYB_2548	97.865	1218	26	0	64	1281	1	1218	0.0	2080
Ga0393529_20_3509_4789	CP000239.1:1341632-1342853|CDS|CYA_1327	85.410	1220	175	1	64	1280	1	1220	0.0	1397
Ga0393529_20_4923_5744	CP000240.1:2653238-2654057|CDS|CYB_2549	97.324	822	19	1	1	822	1	819	0.0	1382
Ga0393529_20_4923_5744	CP000239.1:1343097-1343904|CDS|CYA_1328	84.550	822	112	3	1	822	1	807	0.0	911
Ga0393529_20_5810_6808	CP000240.1:2654318-2655116|CDS|CYB_2550	97.995	798	16	0	202	999	1	798	0.0	1368
Ga0393529_20_5810_6808	CP000239.1:1344207-1345005|CDS|CYA_1329	84.837	798	117	2	202	997	1	796	0.0	889
Ga0393529_21_15_416	CP000240.1:203164-204388|CDS|CYB_0190	99.751	402	1	0	1	402	823	1224	0.0	721
Ga0393529_21_15_416	CP000239.1:2812904-2814101|CDS|CYA_2794	81.602	337	60	2	1	336	811	1146	1.80e-88	322
Ga0393529_21_580_1323	CP000240.1:204871-205585|CDS|CYB_0191	97.465	710	18	0	33	742	3	712	0.0	1200
Ga0393529_21_1710_2051	CP000240.1:206257-206599|CDS|CYB_0192	98.538	342	5	0	1	342	1	342	1.62e-170	595
Ga0393529_21_1710_2051	CP000239.1:776957-777299|CDS|CYA_0769	87.761	335	41	0	1	335	1	335	7.35e-118	420
Ga0393529_21_2166_3236	CP000240.1:206713-207784|CDS|CYB_0193	97.106	1071	31	0	1	1071	1	1071	0.0	1792
Ga0393529_21_2166_3236	CP000239.1:777429-778500|CDS|CYA_0770	86.275	1071	147	0	1	1071	1	1071	0.0	1269
Ga0393529_21_3299_3988	CP000240.1:207846-208548|CDS|CYB_0194	96.581	702	12	1	1	690	1	702	0.0	1165
Ga0393529_21_3299_3988	CP000239.1:778522-779203|CDS|CYA_0771	81.269	662	121	1	1	662	1	659	0.0	634
Ga0393529_21_4005_4877	CP000240.1:208564-209434|CDS|CYB_0195	98.276	870	15	0	4	873	1	870	0.0	1502
Ga0393529_21_4005_4877	CP000239.1:779225-780056|CDS|CYA_0772	78.478	841	150	5	25	863	1	812	0.0	707
Ga0393529_21_4943_5791	CP000240.1:209502-210327|CDS|CYB_0196	97.055	849	1	1	1	849	1	825	0.0	1436
Ga0393529_21_4943_5791	CP000239.1:780165-780984|CDS|CYA_0773	84.494	761	115	1	1	761	1	758	0.0	839
Ga0393529_21_5833_5991	CP000240.1:211181-211715|CDS|CYB_0199	98.684	152	2	0	8	159	383	534	4.40e-72	266
Ga0393529_21_6239_6658	CP000240.1:211181-211715|CDS|CYB_0199	98.438	384	6	0	1	384	1	384	0.0	666
Ga0393529_21_6239_6658	CP000239.1:781028-781538|CDS|CYA_0774	91.645	383	32	0	1	383	1	383	2.61e-156	547
Ga0393529_22_606_1499	CP000240.1:1155327-1156215|CDS|CYB_1117	94.196	896	42	3	1	894	1	888	0.0	1378
Ga0393529_22_606_1499	CP000239.1:2354506-2355397|CDS|CYA_2347	85.829	868	120	1	1	868	1	865	0.0	1010
Ga0393529_22_1675_3162	CP000240.1:1156390-1158391|CDS|CYB_1119	97.632	1140	27	0	1	1140	1	1140	0.0	1935
Ga0393529_22_1675_3162	CP000239.1:2352094-2354095|CDS|CYA_2346	90.789	1140	105	0	1	1140	1	1140	0.0	1583
Ga0393529_22_3180_4454	CP000240.1:1153961-1155236|CDS|CYB_1116	95.137	1275	62	0	1	1275	1	1275	0.0	2021
Ga0393529_22_3180_4454	CP000239.1:749180-750440|CDS|CYA_0742	83.686	1275	193	3	1	1275	1	1260	0.0	1362
Ga0393529_23_576_1376	CP000240.1:2343335-2344115|CDS|CYB_2236	95.641	780	34	0	22	801	1	780	0.0	1254
Ga0393529_23_576_1376	CP000239.1:1789886-1790675|CDS|CYA_1789	83.146	801	123	3	1	801	1	789	0.0	834
Ga0393529_23_1426_2337	CP000240.1:2344164-2345076|CDS|CYB_2237	98.246	912	16	0	1	912	1	912	0.0	1573
Ga0393529_23_1426_2337	CP000239.1:1788916-1789828|CDS|CYA_1788	82.556	900	152	4	13	911	16	911	0.0	902
Ga0393529_23_2346_2834	CP000240.1:2345084-2345573|CDS|CYB_2238	98.160	489	9	0	1	489	1	489	0.0	842
Ga0393529_23_2346_2834	CP000239.1:1788360-1788864|CDS|CYA_1787	84.646	495	67	2	1	486	1	495	8.77e-157	550
Ga0393529_23_2924_3535	CP000240.1:2345662-2346151|CDS|CYB_2239	97.751	489	11	0	124	612	1	489	0.0	833
Ga0393529_23_2924_3535	CP000239.1:1787606-1788275|CDS|CYA_1786	81.305	567	102	2	38	602	95	659	5.75e-154	540
Ga0393529_23_3909_5099	CP000240.1:2346623-2347814|CDS|CYB_2241	98.321	1191	20	0	1	1191	1	1191	0.0	2058
Ga0393529_23_3909_5099	CP000239.1:1786384-1787563|CDS|CYA_1785	86.986	1191	143	1	1	1191	1	1179	0.0	1456
Ga0393529_23_5667_6197	CP000240.1:2348390-2348912|CDS|CYB_2243	97.510	522	13	0	10	531	1	522	0.0	884
Ga0393529_23_5667_6197	CP000239.1:254427-254949|CDS|CYA_0251	87.548	522	65	0	10	531	1	522	0.0	649
Ga0393529_24_266_1096	CP000240.1:2832681-2833539|CDS|CYB_2737	99.759	829	2	0	1	829	28	856	0.0	1487
Ga0393529_24_266_1096	CP000239.1:2061088-2061946|CDS|CYA_2041	87.966	831	100	0	1	831	28	858	0.0	1049
Ga0393529_24_1593_2075	CP000240.1:2834009-2834492|CDS|CYB_2738	98.965	483	5	0	1	483	1	483	0.0	849
Ga0393529_24_1593_2075	CP000239.1:2062220-2062703|CDS|CYA_2042	91.909	482	39	0	1	482	1	482	0.0	694
Ga0393529_24_1593_2075	CP000240.1:977555-978044|CDS|CYB_0940	69.247	478	127	9	18	482	18	488	5.87e-45	178
Ga0393529_24_1593_2075	CP000239.1:225112-225601|CDS|CYA_0220	68.553	477	132	9	19	483	19	489	1.57e-39	160
Ga0393529_24_2269_2787	CP000240.1:2834685-2835204|CDS|CYB_2740	99.037	519	5	0	1	519	1	519	0.0	914
Ga0393529_24_2269_2787	CP000239.1:2062890-2063409|CDS|CYA_2043	89.210	519	56	0	1	519	1	519	0.0	684
Ga0393529_24_2269_2787	CP000240.1:976891-977410|CDS|CYB_0939	70.188	426	127	0	94	519	94	519	2.36e-50	196
Ga0393529_24_3425_4036	CP000240.1:2835852-2836452|CDS|CYB_2741	97.167	600	17	0	13	612	1	600	0.0	1006
Ga0393529_24_3425_4036	CP000239.1:2064144-2064744|CDS|CYA_2044	85.333	600	88	0	13	612	1	600	0.0	686
Ga0393529_24_4275_5324	CP000240.1:2836653-2837769|CDS|CYB_2743	94.952	1050	53	0	1	1050	67	1116	0.0	1655
Ga0393529_24_4275_5324	CP000239.1:2180636-2181737|CDS|CYA_2168	81.452	1019	189	0	32	1050	83	1101	0.0	986
Ga0393529_25_447_2459	CP000240.1:2340848-2342864|CDS|CYB_2234	97.171	1944	41	2	70	2013	1	1930	0.0	3262
Ga0393529_25_447_2459	CP000239.1:1790927-1792973|CDS|CYA_1791	82.256	1950	326	5	67	2013	52	1984	0.0	1953
Ga0393529_25_2474_3724	CP000240.1:2339048-2340305|CDS|CYB_2233	97.674	1247	29	0	1	1247	1	1247	0.0	2119
Ga0393529_25_2474_3724	CP000239.1:1406652-1407894|CDS|CYA_1401	85.041	1230	184	0	1	1230	1	1230	0.0	1389
Ga0393529_25_3815_4054	CP000240.1:2338667-2338958|CDS|CYB_2232	99.583	240	1	0	1	240	52	291	9.66e-121	429
Ga0393529_25_3815_4054	CP000239.1:1406261-1406588|CDS|CYA_1400	82.500	240	42	0	1	240	88	327	2.28e-65	244
Ga0393529_26_162_1526	CP000240.1:540590-541976|CDS|CYB_0526	98.608	1365	19	0	1	1365	22	1386	0.0	2377
Ga0393529_26_162_1526	CP000239.1:2154963-2156349|CDS|CYA_2142	89.241	1357	146	0	1	1357	22	1378	0.0	1790
Ga0393529_26_1589_1900	CP000240.1:540237-540549|CDS|CYB_0525	100.000	312	0	0	1	312	1	312	2.48e-161	563
Ga0393529_26_2938_3198	CP000240.1:538940-539405|CDS|CYB_0523	99.234	261	2	0	1	261	205	465	5.13e-131	462
Ga0393529_26_2938_3198	CP000239.1:2157521-2157986|CDS|CYA_2145	88.462	260	30	0	1	260	205	464	1.80e-92	334
Ga0393529_26_3373_5271	CP000240.1:536867-538766|CDS|CYB_0522	98.578	1899	27	0	1	1899	1	1899	0.0	3304
Ga0393529_26_3373_5271	CP000239.1:2158112-2160044|CDS|CYA_2146	81.116	1864	310	6	1	1855	67	1897	0.0	1786
Ga0393529_27_44_880	CP000240.1:1551149-1552112|CDS|CYB_1477	99.164	837	7	0	1	837	127	963	0.0	1479
Ga0393529_27_1503_1979	CP000240.1:1550152-1550629|CDS|CYB_1474	97.059	476	14	0	1	476	1	476	0.0	796
Ga0393529_27_1503_1979	CP000239.1:1488847-1489324|CDS|CYA_1481	85.954	477	67	0	1	477	1	477	1.65e-159	559
Ga0393529_27_2048_2680	CP000240.1:1549451-1549931|CDS|CYB_1473	95.000	480	24	0	154	633	1	480	0.0	758
Ga0393529_27_2048_2680	CP000239.1:1489544-1490024|CDS|CYA_1482	88.125	480	57	0	154	633	1	480	1.40e-174	609
Ga0393529_27_2886_3869	CP000240.1:1548066-1549365|CDS|CYB_1472	96.834	979	31	0	6	984	321	1299	0.0	1627
Ga0393529_27_2886_3869	CP000239.1:1490110-1491406|CDS|CYA_1483	85.816	980	130	3	1	977	316	1289	0.0	1136
Ga0393529_29_289_1206	CP000240.1:2320415-2321315|CDS|CYB_2212	97.111	900	26	0	19	918	1	900	0.0	1507
Ga0393529_29_289_1206	CP000239.1:1351047-1351947|CDS|CYA_1338	83.222	900	151	0	19	918	1	900	0.0	943
Ga0393529_29_1293_2309	CP000240.1:2321458-2322427|CDS|CYB_2213	98.246	969	17	0	49	1017	1	969	0.0	1672
Ga0393529_29_1293_2309	CP000239.1:1352021-1353053|CDS|CYA_1339	85.714	1015	130	2	1	1015	31	1030	0.0	1182
Ga0393529_29_2337_3332	CP000240.1:2322454-2323450|CDS|CYB_2214	97.590	996	24	0	1	996	1	996	0.0	1689
Ga0393529_29_2337_3332	CP000239.1:1353065-1354061|CDS|CYA_1340	86.922	994	130	0	1	994	1	994	0.0	1207
Ga0393529_29_3456_3740	CP000240.1:2323573-2323858|CDS|CYB_2215	97.880	283	6	0	1	283	1	283	1.73e-137	484
Ga0393529_29_3456_3740	CP000239.1:1354153-1354489|CDS|CYA_1341	88.603	272	31	0	1	272	31	302	2.57e-97	352
Ga0393529_29_3914_4435	CP000240.1:2324030-2324552|CDS|CYB_2216	98.467	522	8	0	1	522	1	522	0.0	906
Ga0393529_29_3914_4435	CP000239.1:1354566-1355088|CDS|CYA_1342	89.655	522	54	0	1	522	1	522	0.0	699
Ga0393529_30_56_1075	CP000240.1:1747080-1748259|CDS|CYB_1668	97.647	1020	24	0	1	1020	160	1179	0.0	1732
Ga0393529_30_56_1075	CP000239.1:1483224-1484415|CDS|CYA_1476	78.203	1046	176	12	1	1020	172	1191	0.0	852
Ga0393529_30_1072_1884	CP000240.1:1746271-1747084|CDS|CYB_1669	96.064	813	32	0	1	813	1	813	0.0	1323
Ga0393529_30_1072_1884	CP000239.1:1484411-1485188|CDS|CYA_1475	76.781	758	154	4	1	757	1	737	1.07e-164	576
Ga0393529_30_1946_2215	CP000240.1:1745940-1746210|CDS|CYB_1667	96.296	270	10	0	1	270	1	270	4.99e-125	443
Ga0393529_30_1946_2215	CP000239.1:2890537-2890807|CDS|CYA_2872	82.927	246	42	0	25	270	25	270	1.43e-68	255
Ga0393529_30_2304_3461	CP000240.1:1744647-1745928|CDS|CYB_1666	98.788	1155	13	1	1	1155	49	1202	0.0	2017
Ga0393529_30_2304_3461	CP000239.1:2890819-2892085|CDS|CYA_2873	85.579	1158	166	1	1	1158	34	1190	0.0	1333
Ga0393529_30_3555_3800	CP000240.1:1744311-1744602|CDS|CYB_1665	98.374	246	4	0	1	246	46	291	3.46e-120	426
Ga0393529_30_3555_3800	CP000239.1:2892182-2892428|CDS|CYA_2874	89.431	246	26	0	1	246	1	246	2.50e-90	327
Ga0393529_30_4032_4322	CP000240.1:1743826-1744117|CDS|CYB_1664	99.656	291	1	0	1	291	1	291	2.46e-148	521
Ga0393529_30_4032_4322	CP000239.1:2892659-2892950|CDS|CYA_2875	81.338	284	53	0	1	284	1	284	5.80e-74	274
Ga0393529_31_2157_2249	CP000240.1:2911523-2911616|CDS|CYB_2809	100.000	93	0	0	1	93	1	93	4.71e-43	168
Ga0393529_31_2157_2249	CP000239.1:2031073-2031172|CDS|CYA_2014	88.043	92	11	0	1	92	7	98	2.61e-27	117
Ga0393529_31_2543_3946	CP000240.1:2912029-2913313|CDS|CYB_2810	94.626	1284	69	0	121	1404	1	1284	0.0	2005
Ga0393529_31_2543_3946	CP000239.1:2031421-2032726|CDS|CYA_2015	88.113	1304	155	0	101	1404	2	1305	0.0	1654
Ga0393529_32_23_223	CP000240.1:2519961-2520204|CDS|CYB_2422	98.507	201	3	0	1	201	43	243	6.10e-97	350
Ga0393529_32_239_556	CP000240.1:2520219-2520537|CDS|CYB_2423	100.000	318	0	0	1	318	1	318	1.40e-164	574
Ga0393529_32_239_556	CP000239.1:2677849-2678146|CDS|CYA_2661	86.071	280	37	2	1	279	1	279	1.40e-88	323
Ga0393529_32_592_1629	CP000240.1:2520572-2521610|CDS|CYB_2424	96.243	1038	39	0	1	1038	1	1038	0.0	1697
Ga0393529_32_592_1629	CP000239.1:2678155-2679193|CDS|CYA_2662	88.206	1009	119	0	1	1009	1	1009	0.0	1284
Ga0393529_32_1931_2530	CP000240.1:2521911-2523540|CDS|CYB_2425	97.333	600	16	0	1	600	1030	1629	0.0	1011
Ga0393529_32_1931_2530	CP000239.1:2679389-2681012|CDS|CYA_2663	86.050	595	81	2	1	594	1021	1614	0.0	692
Ga0393529_32_3057_3449	CP000240.1:2521911-2523540|CDS|CYB_2425	97.455	393	10	0	1	393	504	112	0.0	664
Ga0393529_32_3057_3449	CP000239.1:2679389-2681012|CDS|CYA_2663	87.532	393	49	0	1	393	504	112	2.00e-138	489
Ga0393529_33_29_1591	CP000240.1:2335085-2336642|CDS|CYB_2229	95.954	1557	63	0	7	1563	1	1557	0.0	2525
Ga0393529_33_29_1591	CP000239.1:1402733-1404284|CDS|CYA_1398	88.947	1538	168	2	7	1543	1	1537	0.0	2001
Ga0393529_33_1588_2136	CP000240.1:2334540-2335089|CDS|CYB_2230	100.000	549	0	0	1	549	1	549	0.0	991
Ga0393529_33_1588_2136	CP000239.1:1402202-1402730|CDS|CYA_1397	81.423	506	85	2	1	506	1	497	2.84e-138	489
Ga0393529_33_2133_2504	CP000240.1:2334172-2334544|CDS|CYB_2228	98.656	372	5	0	1	372	1	372	0.0	649
Ga0393529_33_2133_2504	CP000239.1:1401834-1402206|CDS|CYA_1396	84.946	372	56	0	1	372	1	372	8.01e-118	419
Ga0393529_33_2601_3494	CP000240.1:2331654-2334060|CDS|CYB_2227	97.763	894	20	0	1	894	1513	2406	0.0	1523
Ga0393529_33_2601_3494	CP000239.1:1472451-1474845|CDS|CYA_1466	82.998	894	146	1	1	894	1507	2394	0.0	929
Ga0393529_34_28_630	CP000240.1:1093774-1094923|CDS|CYB_1055	91.514	601	51	0	1	601	547	1147	0.0	855
Ga0393529_34_855_1472	CP000240.1:1095278-1095896|CDS|CYB_1056	99.676	618	2	0	1	618	1	618	0.0	1106
Ga0393529_34_855_1472	CP000239.1:681135-681759|CDS|CYA_0673	83.080	591	100	0	1	591	1	591	9.19e-177	616
Ga0393529_34_1543_1980	CP000240.1:1095966-1096404|CDS|CYB_1057	100.000	438	0	0	1	438	1	438	0.0	791
Ga0393529_34_1543_1980	CP000239.1:680627-681065|CDS|CYA_0672	89.931	437	44	0	1	437	1	437	2.55e-169	590
Ga0393529_34_2029_2856	CP000240.1:1096452-1097280|CDS|CYB_1058	98.551	828	12	0	1	828	1	828	0.0	1440
Ga0393529_34_2029_2856	CP000239.1:679853-680588|CDS|CYA_0671	82.289	734	120	4	1	732	1	726	0.0	729
Ga0393529_36_139_858	CP000240.1:2046847-2047522|CDS|CYB_1951	99.852	675	1	0	46	720	1	675	0.0	1214
Ga0393529_36_139_858	CP000239.1:1105628-1106477|CDS|CYA_1084	69.131	771	142	14	4	717	112	843	3.53e-94	342
Ga0393529_36_1196_1645	CP000240.1:2045912-2046455|CDS|CYB_1950	98.000	450	9	0	1	450	94	543	0.0	772
Ga0393529_36_1196_1645	CP000239.1:1104813-1105416|CDS|CYA_1083	82.857	455	68	2	1	446	94	547	6.18e-133	470
Ga0393529_36_1814_3391	CP000240.1:2044259-2045837|CDS|CYB_1949	96.831	1578	50	0	1	1578	1	1578	0.0	2621
Ga0393529_36_1814_3391	CP000239.1:1103203-1104745|CDS|CYA_1082	85.077	1501	224	0	23	1523	23	1523	0.0	1698
Ga0393529_37_222_1937	CP000239.1:694686-696402|CDS|CYA_0688	98.252	1716	30	0	1	1716	1	1716	0.0	2960
Ga0393529_37_222_1937	CP000240.1:2220622-2222338|CDS|CYB_2127	97.552	1716	42	0	1	1716	1	1716	0.0	2906
Ga0393529_38_1627_2466	CP000240.1:610277-611165|CDS|CYB_0601	93.581	888	9	1	1	840	1	888	0.0	1384
Ga0393529_38_1627_2466	CP000239.1:897553-898417|CDS|CYA_0891	88.542	864	75	1	1	840	1	864	0.0	1130
Ga0393529_38_1627_2466	CP000239.1:625839-626682|CDS|CYA_0616	71.194	670	177	6	61	722	73	734	3.18e-89	326
Ga0393529_38_1627_2466	CP000240.1:48230-49073|CDS|CYB_0038	70.597	670	181	6	61	722	73	734	8.53e-84	308
Ga0393529_39_50_382	CP000240.1:377265-378450|CDS|CYB_0361	92.793	333	23	1	1	333	58	389	4.81e-139	489
Ga0393529_39_50_382	CP000239.1:2199574-2200729|CDS|CYA_2182	70.497	322	89	3	12	332	48	364	2.34e-35	145
Ga0393529_39_586_2397	CP000240.1:375307-377185|CDS|CYB_0360	98.400	1812	29	0	1	1812	67	1878	0.0	3138
Ga0393529_39_586_2397	CP000239.1:2197594-2199466|CDS|CYA_2181	81.072	1828	301	16	3	1809	60	1863	0.0	1706
Ga0393529_40_4_1911	CP000240.1:2906475-2908782|CDS|CYB_2807	97.920	1875	39	0	1	1875	430	2304	0.0	3206
Ga0393529_40_4_1911	CP000239.1:1369434-1371735|CDS|CYA_1361	86.773	1875	236	1	1	1875	436	2298	0.0	2270
Ga0393529_41_388_954	CP000240.1:2914443-2915112|CDS|CYB_2812	97.707	567	13	0	1	567	103	669	0.0	965
Ga0393529_41_388_954	CP000239.1:2033861-2034485|CDS|CYA_2017	83.238	525	82	1	1	525	58	576	2.94e-157	552
Ga0393529_41_960_1487	CP000240.1:2915117-2915645|CDS|CYB_2813	98.864	528	6	0	1	528	1	528	0.0	926
Ga0393529_41_960_1487	CP000239.1:2034497-2035025|CDS|CYA_2018	84.221	526	83	0	1	526	1	526	2.39e-164	575
Ga0393529_41_1698_2135	CP000240.1:2915855-2916293|CDS|CYB_2814	98.402	438	7	0	1	438	1	438	0.0	759
Ga0393529_41_1698_2135	CP000239.1:2035203-2035641|CDS|CYA_2019	85.616	438	63	0	1	438	1	438	8.35e-144	507
Ga0393529_41_2568_2762	CP000240.1:2916338-2918288|CDS|CYB_2815	99.487	195	1	0	1	195	1563	1369	2.06e-96	348
Ga0393529_41_2568_2762	CP000239.1:308635-310549|CDS|CYA_0304	83.333	186	31	0	8	193	1520	1335	8.20e-51	196
Ga0393529_42_60_902	CP000240.1:1520350-1521286|CDS|CYB_1449	97.746	843	19	0	1	843	94	936	0.0	1435
Ga0393529_42_60_902	CP000239.1:139455-140352|CDS|CYA_0145	84.080	804	128	0	1	804	79	882	0.0	874
Ga0393529_42_970_1452	CP000240.1:1519800-1520283|CDS|CYB_1448	97.516	483	12	0	1	483	1	483	0.0	818
Ga0393529_42_970_1452	CP000239.1:138936-139419|CDS|CYA_0144	89.076	476	52	0	1	476	1	476	1.37e-179	625
Ga0393529_42_1652_1873	CP000240.1:1519382-1519604|CDS|CYB_1447	95.946	222	9	0	1	222	1	222	3.77e-100	361
Ga0393529_42_1652_1873	CP000239.1:136942-137164|CDS|CYA_0142	87.442	215	27	0	1	215	1	215	6.39e-72	267
Ga0393529_46_693_2156	CP000240.1:212975-214439|CDS|CYB_0202	97.746	1464	33	0	1	1464	1	1464	0.0	2492
Ga0393529_46_693_2156	CP000239.1:784261-785701|CDS|CYA_0780	84.799	1421	214	2	1	1420	1	1420	0.0	1582
Ga0393529_46_2331_2510	CP000240.1:212622-212853|CDS|CYB_0201	97.778	180	4	0	1	180	1	180	1.65e-84	307
Ga0393529_46_2331_2510	CP000239.1:783952-784174|CDS|CYA_0778	84.971	173	26	0	1	173	1	173	7.49e-51	196
Ga0393529_47_1189_2295	CP000240.1:30460-31567|CDS|CYB_0024	97.187	1102	31	0	1	1102	1	1102	0.0	1848
Ga0393529_47_2358_2522	CP000240.1:28678-30397|CDS|CYB_0023	98.182	165	3	0	1	165	1555	1719	1.71e-77	285
Ga0393529_48_62_304	CP000240.1:2125296-2125899|CDS|CYB_2021	100.000	243	0	0	1	243	246	4	5.41e-124	439
Ga0393529_48_62_304	CP000239.1:2219055-2219643|CDS|CYA_2201	86.957	230	30	0	2	231	230	1	3.21e-76	280
Ga0393529_48_415_705	CP000240.1:2124862-2125189|CDS|CYB_2020	99.656	291	1	0	1	291	37	327	2.46e-148	521
Ga0393529_48_415_705	CP000239.1:2219796-2220123|CDS|CYA_2202	89.003	291	32	0	1	291	37	327	1.55e-106	381
Ga0393529_48_784_1122	CP000240.1:2124481-2124820|CDS|CYB_2019	92.625	339	25	0	1	339	1	339	9.47e-142	499
Ga0393529_48_784_1122	CP000239.1:2220164-2220512|CDS|CYA_2204	78.000	350	64	3	1	339	1	348	1.32e-76	283
Ga0393529_48_1119_1595	CP000240.1:2124008-2124485|CDS|CYB_2018	97.275	477	13	0	1	477	1	477	0.0	802
Ga0393529_48_1640_2155	CP000240.1:2123137-2123965|CDS|CYB_2017	99.031	516	5	0	1	516	313	828	0.0	909
Ga0393529_49_177_1313	CP000240.1:1583524-1584661|CDS|CYB_1511	98.505	1137	17	0	1	1137	1	1137	0.0	1975
Ga0393529_49_177_1313	CP000239.1:355018-356155|CDS|CYA_0336	90.821	1133	102	1	1	1131	1	1133	0.0	1572
Ga0393529_49_1367_2032	CP000240.1:1582706-1583471|CDS|CYB_1510	98.649	666	9	0	1	666	100	765	0.0	1161
Ga0393529_49_1367_2032	CP000239.1:356209-356944|CDS|CYA_0337	82.424	660	116	0	7	666	76	735	0.0	668
Ga0393529_50_95_388	CP000240.1:1259509-1260043|CDS|CYB_1212	97.619	294	7	0	1	294	241	534	8.12e-142	499
Ga0393529_50_95_388	CP000239.1:1776481-1777009|CDS|CYA_1768	81.185	287	54	0	8	294	242	528	1.68e-74	275
