Ga0374727_01_22_1218	CP000239.1:1596164-1597439|CDS|CYA_1587	90.901	1099	100	0	1	1099	175	1273	0.0	1532
Ga0374727_01_22_1218	CP000240.1:407104-408379|CDS|CYB_0393	88.980	1098	121	0	2	1099	176	1273	0.0	1435
Ga0374727_01_1126_1584	CP000240.1:408375-408834|CDS|CYB_0392	90.549	455	43	0	1	455	1	455	3.72e-180	627
Ga0374727_01_1126_1584	CP000239.1:1597435-1597876|CDS|CYA_1586	87.345	403	51	0	53	455	35	437	4.54e-141	498
Ga0374727_01_1616_2065	CP000240.1:408865-409492|CDS|CYB_0394	93.556	450	29	0	1	450	178	627	0.0	682
Ga0374727_01_1616_2065	CP000239.1:1597901-1598534|CDS|CYA_1588	89.579	451	46	1	1	450	178	628	1.77e-171	599
Ga0374727_01_2255_2719	CP000240.1:409536-410001|CDS|CYB_0395	96.129	465	18	0	1	465	1	465	0.0	758
Ga0374727_01_2255_2719	CP000239.1:1598578-1599034|CDS|CYA_1589	87.253	455	58	0	11	465	2	456	4.60e-160	560
Ga0374727_01_2779_3459	CP000240.1:410060-410741|CDS|CYB_0396	98.238	681	12	0	1	681	1	681	0.0	1175
Ga0374727_01_2779_3459	CP000239.1:1599101-1599743|CDS|CYA_1590	79.274	661	101	5	9	669	9	633	1.72e-167	585
Ga0374727_01_4206_5432	CP000240.1:410817-412713|CDS|CYB_0397	97.963	1227	25	0	1	1227	670	1896	0.0	2101
Ga0374727_01_4206_5432	CP000239.1:1847073-1848795|CDS|CYA_1847	93.151	1241	61	4	1	1217	469	1709	0.0	1859
Ga0374727_01_4206_5432	CP000239.1:1599798-1601667|CDS|CYA_1591	81.301	1214	202	4	1	1212	676	1866	0.0	1171
Ga0374727_01_5449_7236	CP000240.1:412729-414517|CDS|CYB_0398	97.987	1788	36	0	1	1788	1	1788	0.0	3063
Ga0374727_01_5449_7236	CP000239.1:1845267-1847055|CDS|CYA_1846	97.204	1788	50	0	1	1788	1	1788	0.0	3000
Ga0374727_01_7274_8083	CP000239.1:1844476-1845244|CDS|CYA_1845	98.047	768	15	0	43	810	1	768	0.0	1318
Ga0374727_01_7274_8083	CP000240.1:414554-415322|CDS|CYB_0399	97.656	768	18	0	43	810	1	768	0.0	1305
Ga0374727_01_8270_8500	CP000239.1:1844017-1844227|CDS|CYA_1844	100.000	210	0	0	22	231	1	210	4.21e-106	379
Ga0374727_01_8270_8500	CP000240.1:415574-415784|CDS|CYB_0401	99.524	210	1	0	22	231	1	210	1.79e-104	375
Ga0374727_01_8529_9989	CP000240.1:415812-417465|CDS|CYB_0402	99.658	1461	5	0	1	1461	193	1653	0.0	2613
Ga0374727_01_8529_9989	CP000239.1:1842336-1843989|CDS|CYA_1843	98.700	1461	19	0	1	1461	193	1653	0.0	2550
Ga0374727_01_10524_10781	CP000240.1:417807-418065|CDS|CYB_0403	98.837	258	3	0	1	258	1	258	9.17e-128	453
Ga0374727_01_10524_10781	CP000239.1:1841736-1841994|CDS|CYA_1842	97.287	258	7	0	1	258	1	258	2.46e-122	434
Ga0374727_01_10876_11202	CP000240.1:418164-418542|CDS|CYB_0404	100.000	327	0	0	1	327	52	378	1.88e-169	590
Ga0374727_01_10876_11202	CP000239.1:1841264-1841642|CDS|CYA_1841	96.330	327	12	0	1	327	52	378	3.62e-153	536
Ga0374727_01_11283_11582	CP000239.1:1840936-1841236|CDS|CYA_1840	95.667	300	13	0	1	300	1	300	6.38e-137	483
Ga0374727_01_11283_11582	CP000240.1:418570-418870|CDS|CYB_0405	94.667	300	16	0	1	300	1	300	4.03e-133	470
Ga0374727_01_11625_11990	CP000240.1:418912-419278|CDS|CYB_0406	96.175	366	14	0	1	366	1	366	1.42e-171	598
Ga0374727_01_11625_11990	CP000239.1:1840528-1840894|CDS|CYA_1839	95.355	366	17	0	1	366	1	366	3.13e-167	584
Ga0374727_01_11987_12250	CP000239.1:1840268-1840532|CDS|CYA_1838	95.455	264	12	0	1	264	1	264	4.56e-119	423
Ga0374727_01_11987_12250	CP000240.1:419274-419538|CDS|CYB_0407	94.318	264	15	0	1	264	1	264	1.00e-114	409
Ga0374727_01_12311_12766	CP000239.1:1839746-1840202|CDS|CYA_1837	95.614	456	20	0	1	456	1	456	0.0	733
Ga0374727_01_12311_12766	CP000240.1:419604-420060|CDS|CYB_0408	94.956	456	23	0	1	456	1	456	0.0	719
Ga0374727_01_12769_13188	CP000240.1:420062-420482|CDS|CYB_0409	99.762	420	1	0	1	420	1	420	0.0	754
Ga0374727_01_12769_13188	CP000239.1:1839324-1839744|CDS|CYA_1836	99.762	420	1	0	1	420	1	420	0.0	754
Ga0374727_01_13270_14607	CP000239.1:1837912-1839250|CDS|CYA_1835	98.954	1338	14	0	1	1338	1	1338	0.0	2351
Ga0374727_01_13270_14607	CP000240.1:420563-421901|CDS|CYB_0410	97.982	1338	27	0	1	1338	1	1338	0.0	2292
Ga0374727_01_14595_15995	CP000239.1:1836518-1837925|CDS|CYA_1834	99.429	1400	8	0	2	1401	8	1407	0.0	2489
Ga0374727_01_14595_15995	CP000240.1:421900-423295|CDS|CYB_0411	98.271	1388	24	0	2	1389	8	1395	0.0	2396
Ga0374727_01_15992_16351	CP000240.1:423285-423645|CDS|CYB_0412	98.873	355	4	0	1	355	1	355	3.50e-179	623
Ga0374727_01_15992_16351	CP000239.1:1836168-1836528|CDS|CYA_1833	98.333	360	6	0	1	360	1	360	3.50e-179	623
Ga0374727_01_16355_16579	CP000240.1:423648-423873|CDS|CYB_0413	99.556	225	1	0	1	225	1	225	1.25e-112	402
Ga0374727_01_16355_16579	CP000239.1:1835940-1836165|CDS|CYA_1832	96.889	225	7	0	1	225	1	225	1.74e-104	375
Ga0374727_01_16622_17035	CP000240.1:423915-424461|CDS|CYB_0414	99.275	414	3	0	1	414	133	546	0.0	734
Ga0374727_01_16622_17035	CP000239.1:1835352-1835898|CDS|CYA_1831	98.551	414	6	0	1	414	133	546	0.0	720
Ga0374727_01_16622_17035	CP000239.1:2474425-2474977|CDS|CYA_2464	70.471	403	117	2	1	402	133	534	1.17e-46	184
Ga0374727_01_16622_17035	CP000240.1:1503975-1504527|CDS|CYB_1434	68.642	405	121	4	1	402	133	534	2.95e-35	146
Ga0374727_01_17222_17515	CP000240.1:424515-424845|CDS|CYB_0415	99.320	294	2	0	1	294	37	330	7.12e-149	522
Ga0374727_01_17222_17515	CP000239.1:1835004-1835298|CDS|CYA_1830	98.639	294	4	0	1	294	1	294	3.69e-146	513
Ga0374727_01_18443_19723	CP000239.1:1832796-1834233|CDS|CYA_1828	99.297	1281	9	0	1	1281	157	1437	0.0	2270
Ga0374727_01_18443_19723	CP000240.1:425582-427019|CDS|CYB_0417	98.126	1281	24	0	1	1281	157	1437	0.0	2203
Ga0374727_01_19728_20018	CP000240.1:427044-427338|CDS|CYB_0418	98.148	270	5	0	1	270	270	1	1.66e-131	465
Ga0374727_01_19728_20018	CP000239.1:1832477-1832771|CDS|CYA_1827	97.778	270	6	0	1	270	270	1	2.02e-130	461
Ga0374727_01_19944_20042	CP000239.1:1832477-1832771|CDS|CYA_1827	100.000	99	0	0	1	99	196	294	2.83e-46	179
Ga0374727_01_19944_20042	CP000240.1:427044-427338|CDS|CYB_0418	97.980	99	2	0	1	99	196	294	1.46e-43	170
Ga0374727_01_20082_21281	CP000239.1:1831238-1832429|CDS|CYA_1826	99.076	1191	11	0	10	1200	1	1191	0.0	2099
Ga0374727_01_20082_21281	CP000240.1:427381-428572|CDS|CYB_0419	98.489	1191	18	0	10	1200	1	1191	0.0	2067
Ga0374727_01_21338_22249	CP000239.1:1830243-1831182|CDS|CYA_1825	95.421	939	16	1	1	912	1	939	0.0	1520
Ga0374727_01_21338_22249	CP000240.1:428628-429567|CDS|CYB_0420	94.462	939	25	1	1	912	1	939	0.0	1480
Ga0374727_01_22527_23405	CP000239.1:1829087-1829966|CDS|CYA_1824	99.431	879	5	0	1	879	1	879	0.0	1563
Ga0374727_01_22527_23405	CP000240.1:429844-430723|CDS|CYB_0421	97.952	879	18	0	1	879	1	879	0.0	1505
Ga0374727_01_23502_24965	CP000239.1:1827527-1828991|CDS|CYA_1823	98.224	1464	26	0	1	1464	1	1464	0.0	2524
Ga0374727_01_23502_24965	CP000240.1:430818-432282|CDS|CYB_0422	95.082	1464	72	0	1	1464	1	1464	0.0	2316
Ga0374727_02_359_547	CP000239.1:2217818-2218007|CDS|CYA_2200	100.000	189	0	0	1	189	1	189	8.44e-95	342
Ga0374727_02_359_547	CP000240.1:2126947-2127142|CDS|CYB_2022	85.246	183	27	0	1	183	1	183	1.25e-54	209
Ga0374727_02_529_1614	CP000239.1:2217988-2219059|CDS|CYA_2199	99.907	1071	1	0	16	1086	1	1071	0.0	1928
Ga0374727_02_529_1614	CP000240.1:2126003-2126951|CDS|CYB_2023	81.876	938	156	4	138	1068	15	945	0.0	921
Ga0374727_02_1596_2198	CP000239.1:2219055-2219643|CDS|CYA_2201	100.000	588	0	0	16	603	1	588	0.0	1061
Ga0374727_02_1596_2198	CP000240.1:2125296-2125899|CDS|CYB_2021	85.185	594	86	2	1	593	1	593	0.0	668
Ga0374727_02_2337_2627	CP000239.1:2219796-2220123|CDS|CYA_2202	100.000	291	0	0	1	291	37	327	5.78e-150	526
Ga0374727_02_2337_2627	CP000240.1:2124862-2125189|CDS|CYB_2020	89.347	291	31	0	1	291	37	327	1.27e-107	386
Ga0374727_02_2705_3052	CP000239.1:2220164-2220512|CDS|CYA_2204	100.000	348	0	0	1	348	1	348	0.0	628
Ga0374727_02_2705_3052	CP000240.1:2124481-2124820|CDS|CYB_2019	77.337	353	61	5	1	348	1	339	2.45e-73	271
Ga0374727_02_3049_3207	CP000239.1:2220508-2220667|CDS|CYA_2205	100.000	159	0	0	1	159	1	159	1.35e-78	288
Ga0374727_02_3049_3207	CP000240.1:2124008-2124485|CDS|CYB_2018	78.125	160	31	2	1	158	1	158	9.71e-30	126
Ga0374727_02_3612_5453	CP000239.1:2221070-2222912|CDS|CYA_2206	99.946	1842	1	0	1	1842	1	1842	0.0	3318
Ga0374727_02_3612_5453	CP000240.1:1620131-1621991|CDS|CYB_1545	85.324	1867	240	4	1	1841	1	1859	0.0	2145
Ga0374727_02_5751_6284	CP000239.1:2223209-2223746|CDS|CYA_2208	99.441	537	0	1	1	534	1	537	0.0	954
Ga0374727_02_5751_6284	CP000240.1:782479-783010|CDS|CYB_0761	80.897	513	98	0	1	513	1	513	3.36e-137	484
Ga0374727_02_7422_7979	CP000239.1:2224763-2225393|CDS|CYA_2210	99.642	558	2	0	1	558	73	630	0.0	998
Ga0374727_02_7422_7979	CP000240.1:1087212-1087833|CDS|CYB_1048	82.129	526	94	0	2	527	74	599	1.15e-149	526
Ga0374727_02_8752_8928	CP000239.1:2226165-2226342|CDS|CYA_2211	100.000	177	0	0	1	177	1	177	2.56e-88	320
Ga0374727_02_9363_10469	CP000239.1:2226776-2227883|CDS|CYA_2212	99.819	1107	2	0	1	1107	1	1107	0.0	1988
Ga0374727_02_9363_10469	CP000240.1:1090988-1092098|CDS|CYB_1054	84.481	1089	163	1	1	1083	1	1089	0.0	1204
Ga0374727_02_10687_11019	CP000239.1:2228070-2228433|CDS|CYA_2213	100.000	333	0	0	1	333	31	363	1.06e-172	601
Ga0374727_02_10687_11019	CP000240.1:1090460-1090823|CDS|CYB_1052	86.446	332	45	0	2	333	32	363	8.15e-111	397
Ga0374727_02_11044_11280	CP000239.1:2228457-2228694|CDS|CYA_2214	100.000	237	0	0	1	237	1	237	9.52e-121	428
Ga0374727_02_11044_11280	CP000240.1:1090199-1090436|CDS|CYB_1051	89.030	237	26	0	1	237	1	237	1.84e-85	311
Ga0374727_02_11354_12082	CP000239.1:2228767-2229514|CDS|CYA_2215	99.863	729	1	0	1	729	19	747	0.0	1311
Ga0374727_02_11354_12082	CP000240.1:1089413-1090160|CDS|CYB_1050	82.990	729	124	0	1	729	19	747	0.0	756
Ga0374727_02_12202_13248	CP000239.1:2229714-2230662|CDS|CYA_2216	100.000	948	0	0	100	1047	1	948	0.0	1710
Ga0374727_02_12202_13248	CP000240.1:1088231-1089179|CDS|CYB_1049	85.441	941	137	0	100	1040	1	941	0.0	1080
Ga0374727_02_13646_15613	CP000239.1:2231059-2233144|CDS|CYA_2217	99.898	1968	2	0	1	1968	118	2085	0.0	3541
Ga0374727_02_13646_15613	CP000240.1:1516616-1518803|CDS|CYB_1446	84.365	1842	256	7	156	1966	345	2185	0.0	2021
Ga0374727_02_15836_17974	CP000239.1:2233249-2235388|CDS|CYA_2218	100.000	2139	0	0	1	2139	1	2139	0.0	3858
Ga0374727_02_15836_17974	CP000240.1:1514302-1516441|CDS|CYB_1445	87.798	2139	261	0	1	2139	1	2139	0.0	2681
Ga0374727_02_18156_18551	CP000239.1:2235539-2235965|CDS|CYA_2219	99.747	396	1	0	1	396	31	426	0.0	710
Ga0374727_02_18156_18551	CP000240.1:1512795-1513710|CDS|CYB_1443	84.304	395	44	1	1	395	1	377	2.15e-125	445
Ga0374727_02_18623_19864	CP000239.1:2604687-2605959|CDS|CYA_2581	95.169	1242	31	1	1	1242	1	1213	0.0	1992
Ga0374727_02_18623_19864	CP000239.1:2083979-2085251|CDS|CYA_2063	95.169	1242	31	1	1	1242	1	1213	0.0	1992
Ga0374727_02_18623_19864	CP000239.1:152816-154088|CDS|CYA_0158	95.089	1242	32	1	1	1242	1	1213	0.0	1987
Ga0374727_02_18623_19864	CP000239.1:2652297-2653569|CDS|CYA_2636	95.008	1242	33	1	1	1242	1	1213	0.0	1983
Ga0374727_02_18623_19864	CP000239.1:1160018-1161290|CDS|CYA_1136	94.686	1242	37	1	1	1242	1	1213	0.0	1965
Ga0374727_02_18623_19864	CP000239.1:1969261-1970533|CDS|CYA_1959	94.605	1242	38	1	1	1242	1	1213	0.0	1960
Ga0374727_02_19850_20296	CP000239.1:2610754-2611231|CDS|CYA_2587	99.776	447	1	0	1	447	31	477	0.0	802
Ga0374727_02_19850_20296	CP000239.1:2604255-2604732|CDS|CYA_2580	99.776	447	1	0	1	447	31	477	0.0	802
Ga0374727_02_19850_20296	CP000239.1:563303-563780|CDS|CYA_0549	99.776	447	1	0	1	447	31	477	0.0	802
Ga0374727_02_19850_20296	CP000239.1:65282-65759|CDS|CYA_0068	99.553	447	2	0	1	447	31	477	0.0	798
Ga0374727_02_19850_20296	CP000239.1:2426211-2426688|CDS|CYA_2415	99.329	447	3	0	1	447	31	477	0.0	793
Ga0374727_02_19850_20296	CP000239.1:2362619-2363096|CDS|CYA_2355	99.329	447	3	0	1	447	31	477	0.0	793
Ga0374727_02_19850_20296	CP000239.1:1922539-1923016|CDS|CYA_1913	99.329	447	3	0	1	447	31	477	0.0	793
Ga0374727_02_19850_20296	CP000239.1:1161245-1161722|CDS|CYA_1137	99.329	447	3	0	1	447	31	477	0.0	793
Ga0374727_02_19850_20296	CP000239.1:1968829-1969306|CDS|CYA_1958	99.105	447	4	0	1	447	31	477	0.0	789
Ga0374727_02_19850_20296	CP000239.1:2085206-2085683|CDS|CYA_2064	98.881	447	5	0	1	447	31	477	0.0	784
Ga0374727_02_19850_20296	CP000239.1:1153630-1154107|CDS|CYA_1128	98.881	447	5	0	1	447	31	477	0.0	784
Ga0374727_02_19850_20296	CP000239.1:2237233-2237710|CDS|CYA_2221	98.658	447	6	0	1	447	31	477	0.0	780
Ga0374727_02_19850_20296	CP000239.1:152387-152861|CDS|CYA_0156	98.643	442	6	0	1	442	31	472	0.0	771
Ga0374727_02_20391_20933	CP000239.1:2237804-2238347|CDS|CYA_2222	99.816	543	1	0	1	543	1	543	0.0	976
Ga0374727_02_20391_20933	CP000240.1:1512795-1513710|CDS|CYB_1443	82.103	447	68	3	4	444	385	825	1.05e-124	444
Ga0374727_02_20977_22617	CP000239.1:2238390-2240031|CDS|CYA_2223	100.000	1641	0	0	1	1641	1	1641	0.0	2960
Ga0374727_02_20977_22617	CP000240.1:1511095-1512736|CDS|CYB_1442	88.361	1641	191	0	1	1641	1	1641	0.0	2099
Ga0374727_02_22642_23673	CP000239.1:2240055-2241087|CDS|CYA_2224	100.000	1032	0	0	1	1032	1	1032	0.0	1862
Ga0374727_02_22642_23673	CP000240.1:1509936-1510965|CDS|CYB_1441	85.142	1023	149	1	1	1023	1	1020	0.0	1159
Ga0374727_02_23806_24009	CP000239.1:2241219-2241423|CDS|CYA_2225	100.000	204	0	0	1	204	1	204	6.62e-103	369
Ga0374727_02_23806_24009	CP000240.1:1509599-1509803|CDS|CYB_1440	93.137	204	14	0	1	204	1	204	6.62e-84	306
Ga0374727_02_24150_24635	CP000239.1:2241563-2242049|CDS|CYA_2226	100.000	486	0	0	1	486	1	486	0.0	877
Ga0374727_02_24150_24635	CP000240.1:1508947-1509433|CDS|CYB_1439	91.152	486	43	0	1	486	1	486	0.0	683
Ga0374727_02_24696_25187	CP000239.1:2242109-2242595|CDS|CYA_2227	100.000	486	0	0	7	492	1	486	0.0	877
Ga0374727_02_24696_25187	CP000240.1:1508398-1508884|CDS|CYB_1438	90.123	486	48	0	7	492	1	486	0.0	661
Ga0374727_03_620_3319	CP000239.1:1852541-1855241|CDS|CYA_1851	98.185	2700	49	0	1	2700	1	2700	0.0	4649
Ga0374727_03_620_3319	CP000239.1:1817210-1819907|CDS|CYA_1814	90.296	2700	259	1	1	2700	1	2697	0.0	3687
Ga0374727_03_620_3319	CP000240.1:439913-442607|CDS|CYB_0431	89.630	2700	274	2	1	2700	1	2694	0.0	3604
Ga0374727_03_3866_5677	CP000239.1:1855685-1857611|CDS|CYA_1852	92.113	1813	137	1	1	1807	109	1921	0.0	2626
Ga0374727_03_3866_5677	CP000240.1:437527-439684|CDS|CYB_0430	75.971	1777	386	16	52	1803	385	2145	0.0	1245
Ga0374727_03_3866_5677	CP000239.1:1820136-1822299|CDS|CYA_1816	75.322	1783	387	19	52	1803	391	2151	0.0	1195
Ga0374727_03_5826_7796	CP000239.1:1857738-1859988|CDS|CYA_1854	91.836	1972	159	2	1	1971	280	2250	0.0	2824
Ga0374727_03_5826_7796	CP000240.1:474360-476334|CDS|CYB_0468	73.023	1909	492	5	25	1911	25	1932	0.0	1120
Ga0374727_03_8661_10720_DR2	CP000239.1:1860048-1860273|CDS|CYA_1856	97.222	36	1	0	1	36	52	87	3.97e-11	61.7
Ga0374727_03_8661_10720_DR3	CP000239.1:1860048-1860273|CDS|CYA_1856	97.222	36	1	0	1	36	52	87	3.97e-11	61.7
Ga0374727_03_8661_10720_DR4	CP000239.1:1860048-1860273|CDS|CYA_1856	97.222	36	1	0	1	36	52	87	3.97e-11	61.7
Ga0374727_03_8661_10720_DR5	CP000239.1:1860048-1860273|CDS|CYA_1856	97.222	36	1	0	1	36	52	87	3.97e-11	61.7
Ga0374727_03_8661_10720_DR6	CP000239.1:1860048-1860273|CDS|CYA_1856	97.222	36	1	0	1	36	52	87	3.97e-11	61.7
Ga0374727_03_8661_10720_DR7	CP000239.1:1860048-1860273|CDS|CYA_1856	97.222	36	1	0	1	36	52	87	3.97e-11	61.7
Ga0374727_03_8661_10720_DR8	CP000239.1:1860048-1860273|CDS|CYA_1856	97.222	36	1	0	1	36	52	87	3.97e-11	61.7
Ga0374727_03_8661_10720_DR9	CP000239.1:1860048-1860273|CDS|CYA_1856	97.222	36	1	0	1	36	52	87	3.97e-11	61.7
Ga0374727_03_8661_10720_DR10	CP000239.1:1860048-1860273|CDS|CYA_1856	97.222	36	1	0	1	36	52	87	3.97e-11	61.7
Ga0374727_03_8661_10720_DR11	CP000239.1:1860048-1860273|CDS|CYA_1856	97.222	36	1	0	1	36	52	87	3.97e-11	61.7
Ga0374727_03_8661_10720_DR12	CP000239.1:1860048-1860273|CDS|CYA_1856	97.222	36	1	0	1	36	52	87	3.97e-11	61.7
Ga0374727_03_8661_10720_DR13	CP000239.1:1860048-1860273|CDS|CYA_1856	97.222	36	1	0	1	36	52	87	3.97e-11	61.7
Ga0374727_03_8661_10720_DR14	CP000239.1:1860048-1860273|CDS|CYA_1856	97.222	36	1	0	1	36	52	87	3.97e-11	61.7
Ga0374727_03_8661_10720_DR15	CP000239.1:1860048-1860273|CDS|CYA_1856	97.222	36	1	0	1	36	52	87	3.97e-11	61.7
Ga0374727_03_8661_10720_DR16	CP000239.1:1860048-1860273|CDS|CYA_1856	97.222	36	1	0	1	36	52	87	3.97e-11	61.7
Ga0374727_03_8661_10720_DR17	CP000239.1:1860048-1860273|CDS|CYA_1856	97.222	36	1	0	1	36	52	87	3.97e-11	61.7
Ga0374727_03_8661_10720_DR18	CP000239.1:1860048-1860273|CDS|CYA_1856	97.222	36	1	0	1	36	52	87	3.97e-11	61.7
Ga0374727_03_8661_10720_DR19	CP000239.1:1860048-1860273|CDS|CYA_1856	97.222	36	1	0	1	36	52	87	3.97e-11	61.7
Ga0374727_03_8661_10720_DR20	CP000239.1:1860048-1860273|CDS|CYA_1856	97.222	36	1	0	1	36	52	87	3.97e-11	61.7
Ga0374727_03_8661_10720_DR21	CP000239.1:1860048-1860273|CDS|CYA_1856	97.222	36	1	0	1	36	52	87	3.97e-11	61.7
Ga0374727_03_8661_10720_DR23	CP000239.1:1860048-1860273|CDS|CYA_1856	97.222	36	1	0	1	36	52	87	3.97e-11	61.7
Ga0374727_03_8661_10720_DR24	CP000239.1:1860048-1860273|CDS|CYA_1856	97.222	36	1	0	1	36	52	87	3.97e-11	61.7
Ga0374727_03_8661_10720_DR25	CP000239.1:1860048-1860273|CDS|CYA_1856	97.222	36	1	0	1	36	52	87	3.97e-11	61.7
Ga0374727_03_8661_10720_DR26	CP000239.1:1860048-1860273|CDS|CYA_1856	100.000	36	0	0	1	36	52	87	9.34e-13	66.2
Ga0374727_03_8661_10720_DR27	CP000239.1:1860048-1860273|CDS|CYA_1856	97.222	36	1	0	1	36	52	87	3.97e-11	61.7
Ga0374727_03_8661_10720_DR28	CP000239.1:1860048-1860273|CDS|CYA_1856	100.000	36	0	0	1	36	52	87	9.34e-13	66.2
Ga0374727_03_10730_10858	CP000239.1:1860048-1860273|CDS|CYA_1856	98.450	129	2	0	1	129	97	225	1.05e-59	224
Ga0374727_03_10855_11748	CP000239.1:1860269-1861091|CDS|CYA_1855	99.757	822	2	0	73	894	1	822	0.0	1474
Ga0374727_03_11913_13469	CP000239.1:1861250-1862810|CDS|CYA_1857	96.545	1563	45	3	1	1557	1	1560	0.0	2571
Ga0374727_03_11913_13469	CP000240.1:1359647-1361204|CDS|CYB_1298	83.557	1490	245	0	61	1550	61	1550	0.0	1583
Ga0374727_03_13609_14538	CP000239.1:1862897-1863845|CDS|CYA_1858	91.040	904	81	0	27	930	45	948	0.0	1266
Ga0374727_03_13609_14538	CP000240.1:1362409-1363360|CDS|CYB_1299	84.111	900	143	0	25	924	46	945	0.0	979
Ga0374727_03_14532_15656	CP000239.1:1863838-1864972|CDS|CYA_1859	94.044	1125	67	0	1	1125	10	1134	0.0	1728
Ga0374727_03_14532_15656	CP000240.1:1363353-1364508|CDS|CYB_1301	83.288	1107	177	3	13	1112	37	1142	0.0	1157
Ga0374727_03_15733_16599	CP000239.1:1865039-1865843|CDS|CYA_1860	100.000	804	0	0	64	867	1	804	0.0	1451
Ga0374727_03_15733_16599	CP000240.1:1364732-1365587|CDS|CYB_1302	80.832	793	152	0	29	821	14	806	0.0	746
Ga0374727_03_16777_17298	CP000239.1:1866056-1866605|CDS|CYA_1862	100.000	522	0	0	1	522	28	549	0.0	942
Ga0374727_03_16777_17298	CP000240.1:2995099-2995648|CDS|CYB_2897	87.332	521	66	0	1	521	28	548	0.0	643
Ga0374727_03_16777_17298	CP000239.1:711146-711695|CDS|CYA_0703	86.873	518	68	0	1	518	28	545	1.22e-180	628
Ga0374727_03_17511_20105	CP000239.1:1866700-1869412|CDS|CYA_1863	99.037	2595	25	0	1	2595	118	2712	0.0	4568
Ga0374727_03_17511_20105	CP000240.1:2995884-2998611|CDS|CYB_2898	84.253	2591	402	1	1	2585	118	2708	0.0	2835
Ga0374727_03_17511_20105	CP000239.1:708184-710911|CDS|CYA_0702	84.176	2591	404	1	1	2585	118	2708	0.0	2826
Ga0374727_03_20276_21130	CP000239.1:1869501-1870437|CDS|CYA_1864	99.883	855	1	0	1	855	82	936	0.0	1538
Ga0374727_03_20276_21130	CP000240.1:330803-331757|CDS|CYB_0315	80.046	862	154	2	10	853	91	952	0.0	787
Ga0374727_03_21623_21964	CP000239.1:455920-457171|CDS|CYA_0436	90.625	320	30	0	4	323	1	320	6.44e-125	443
Ga0374727_03_22073_23197	CP000239.1:1871349-1872561|CDS|CYA_1866	98.844	1125	13	0	1	1125	31	1155	0.0	1971
Ga0374727_03_22073_23197	CP000240.1:1641821-1642958|CDS|CYB_1570	85.701	1098	157	0	1	1098	1	1098	0.0	1273
Ga0374727_03_23284_24240	CP000239.1:1872539-1873547|CDS|CYA_1867	95.193	957	46	0	1	957	52	1008	0.0	1519
Ga0374727_03_23284_24240	CP000240.1:1640779-1641787|CDS|CYB_1568	94.759	954	50	0	4	957	55	1008	0.0	1496
Ga0374727_03_24418_24777	CP000240.1:1639868-1640783|CDS|CYB_1569	97.426	272	7	0	89	360	646	375	8.82e-130	460
Ga0374727_04_3478_3684	CP000239.1:333688-333895|CDS|CYA_0320	99.517	207	1	0	1	207	1	207	6.73e-103	370
Ga0374727_04_3478_3684	CP000240.1:1780158-1780362|CDS|CYB_1699	82.741	197	25	1	1	197	1	188	4.85e-54	206
Ga0374727_04_3713_7864	CP000240.1:1780405-1784920|CDS|CYB_1700	90.117	4189	351	18	1	4150	337	4501	0.0	5664
Ga0374727_04_3713_7864	CP000239.1:333923-338501|CDS|CYA_0321	84.869	4210	570	17	1	4151	376	4577	0.0	4705
Ga0374727_04_8030_8239	CP000239.1:333923-338501|CDS|CYA_0321	99.524	210	1	0	1	210	1	210	1.61e-104	375
Ga0374727_04_8236_10872	CP000239.1:338497-341392|CDS|CYA_0322	99.810	2637	5	0	1	2637	259	2895	0.0	4734
Ga0374727_04_8236_10872	CP000240.1:1784955-1787850|CDS|CYB_1701	78.896	2644	544	6	1	2637	259	2895	0.0	2239
Ga0374727_04_10900_11118	CP000239.1:338497-341392|CDS|CYA_0322	100.000	219	0	0	1	219	231	13	5.16e-111	396
Ga0374727_04_10900_11118	CP000240.1:1784955-1787850|CDS|CYB_1701	86.585	164	22	0	56	219	176	13	2.68e-51	197
Ga0374727_04_11407_11922	CP000239.1:341672-342188|CDS|CYA_0323	99.806	516	1	0	1	516	1	516	0.0	927
Ga0374727_04_11407_11922	CP000240.1:1787992-1788508|CDS|CYB_1702	85.078	516	77	0	1	516	1	516	4.50e-167	584
Ga0374727_04_12107_13126	CP000239.1:342372-343392|CDS|CYA_0325	100.000	1020	0	0	1	1020	1	1020	0.0	1840
Ga0374727_04_12107_13126	CP000240.1:1788664-1789684|CDS|CYB_1704	88.725	1020	115	0	1	1020	1	1020	0.0	1322
Ga0374727_04_13111_13713	CP000239.1:343376-343979|CDS|CYA_0324	100.000	603	0	0	1	603	1	603	0.0	1088
Ga0374727_04_13111_13713	CP000240.1:1789718-1790279|CDS|CYB_1705	77.555	548	123	0	1	548	1	548	6.05e-122	434
Ga0374727_04_13979_14587	CP000239.1:344558-345191|CDS|CYA_0326	100.000	609	0	0	1	609	25	633	0.0	1099
Ga0374727_04_13979_14587	CP000240.1:1790756-1791389|CDS|CYB_1706	86.371	609	83	0	1	609	25	633	0.0	725
Ga0374727_05_309_707	CP000240.1:248095-249100|CDS|CYB_0239	97.975	395	8	0	5	399	611	1005	0.0	677
Ga0374727_05_309_707	CP000239.1:485107-486127|CDS|CYA_0471	87.277	393	50	0	7	399	628	1020	2.47e-137	484
Ga0374727_05_882_1937	CP000240.1:246877-247921|CDS|CYB_0238	93.939	1056	52	1	1	1056	1	1044	0.0	1623
Ga0374727_05_882_1937	CP000239.1:483889-484933|CDS|CYA_0470	89.005	1055	102	3	1	1054	1	1042	0.0	1379
Ga0374727_05_1944_2756	CP000240.1:246058-246871|CDS|CYB_0237	98.893	813	9	0	1	813	1	813	0.0	1426
Ga0374727_05_1944_2756	CP000239.1:483070-483883|CDS|CYA_0469	83.847	811	131	0	1	811	1	811	0.0	873
Ga0374727_05_2746_3573	CP000240.1:245241-246069|CDS|CYB_0236	99.396	828	5	0	1	828	1	828	0.0	1471
Ga0374727_05_2746_3573	CP000239.1:482241-483081|CDS|CYA_0468	82.719	787	130	1	46	826	52	838	0.0	808
Ga0374727_05_3590_4258	CP000240.1:244558-245227|CDS|CYB_0235	99.396	662	4	0	1	662	1	662	0.0	1177
Ga0374727_05_3590_4258	CP000239.1:481553-482228|CDS|CYA_0467	84.954	658	97	2	1	657	1	657	0.0	734
Ga0374727_05_4340_5272	CP000240.1:243544-244477|CDS|CYB_0234	98.714	933	12	0	1	933	1	933	0.0	1629
Ga0374727_05_6176_7369	CP000240.1:345730-346924|CDS|CYB_0329	94.054	1194	71	0	1	1194	1	1194	0.0	1834
Ga0374727_05_6176_7369	CP000240.1:241642-242836|CDS|CYB_0233	93.305	1195	78	2	1	1194	1	1194	0.0	1788
Ga0374727_05_6176_7369	CP000240.1:2565689-2566883|CDS|CYB_2468	93.049	1194	83	0	1	1194	1	1194	0.0	1780
Ga0374727_05_6176_7369	CP000239.1:994256-995468|CDS|CYA_0981	91.605	1215	78	4	1	1194	1	1212	0.0	1736
Ga0374727_05_6176_7369	CP000240.1:1015074-1016268|CDS|CYB_0979	91.792	1194	98	0	1	1194	1	1194	0.0	1712
Ga0374727_05_6176_7369	CP000240.1:1384265-1385459|CDS|CYB_1322	91.625	1194	100	0	1	1194	1	1194	0.0	1703
Ga0374727_05_6176_7369	CP000240.1:1842322-1843549|CDS|CYB_1759	91.948	1155	69	1	1	1131	1	1155	0.0	1682
Ga0374727_05_6176_7369	CP000239.1:893439-894633|CDS|CYA_0887	90.452	1194	114	0	1	1194	1	1194	0.0	1640
Ga0374727_05_6176_7369	CP000239.1:1594889-1596107|CDS|CYA_1585	88.361	1220	114	3	1	1194	1	1218	0.0	1572
Ga0374727_05_6176_7369	CP000239.1:698055-699204|CDS|CYA_0690	90.061	1147	90	1	1	1123	1	1147	0.0	1572
Ga0374727_05_6176_7369	CP000240.1:2933473-2934709|CDS|CYB_2835	87.551	1237	110	5	1	1194	1	1236	0.0	1554
Ga0374727_05_6176_7369	CP000239.1:629980-631174|CDS|CYA_0620	90.578	1125	106	0	1	1125	1	1125	0.0	1552
Ga0374727_05_6176_7369	CP000240.1:2247371-2248565|CDS|CYB_2147	88.796	1196	130	2	1	1194	1	1194	0.0	1548
Ga0374727_05_6176_7369	CP000240.1:2661652-2662870|CDS|CYB_2557	89.295	1149	99	1	1	1125	1	1149	0.0	1535
Ga0374727_05_6176_7369	CP000240.1:2619921-2621115|CDS|CYB_2521	89.432	1126	117	2	1	1125	1	1125	0.0	1488
Ga0374727_05_6176_7369	CP000240.1:605550-606744|CDS|CYB_0598	89.065	1134	118	2	1	1131	1	1131	0.0	1483
Ga0374727_05_6176_7369	CP000240.1:1267756-1268992|CDS|CYB_1227	86.257	1237	126	5	1	1194	1	1236	0.0	1482
Ga0374727_05_6176_7369	CP000240.1:481588-482800|CDS|CYB_0472	86.810	1213	140	5	1	1194	1	1212	0.0	1462
Ga0374727_05_6176_7369	CP000240.1:629484-630702|CDS|CYB_0620	87.619	1155	119	1	1	1131	1	1155	0.0	1456
Ga0374727_05_6176_7369	CP000240.1:2168360-2169515|CDS|CYB_2071	87.997	1158	133	3	1	1155	1	1155	0.0	1454
Ga0374727_05_6176_7369	CP000240.1:1244785-1246021|CDS|CYB_1201	85.356	1236	139	3	1	1194	1	1236	0.0	1438
Ga0374727_05_6176_7369	CP000240.1:3008652-3009870|CDS|CYB_2910	86.430	1157	129	3	1	1131	1	1155	0.0	1391
Ga0374727_05_6176_7369	CP000240.1:1316312-1317548|CDS|CYB_1259	84.491	1238	146	5	1	1194	1	1236	0.0	1387
Ga0374727_05_6176_7369	CP000240.1:1190675-1191869|CDS|CYB_1151	87.500	1128	135	4	1	1125	1	1125	0.0	1387
Ga0374727_05_6176_7369	CP000240.1:2796782-2798000|CDS|CYB_2707	86.273	1151	130	3	1	1125	1	1149	0.0	1376
Ga0374727_05_6176_7369	CP000240.1:2644164-2645358|CDS|CYB_2538	86.602	1127	147	2	1	1125	1	1125	0.0	1347
Ga0374727_05_6176_7369	CP000240.1:1064975-1066169|CDS|CYB_1023	86.424	1127	149	2	1	1125	1	1125	0.0	1338
Ga0374727_05_6176_7369	CP000240.1:1521392-1522610|CDS|CYB_1450	85.491	1151	139	3	1	1125	1	1149	0.0	1335
Ga0374727_05_6176_7369	CP000239.1:2170714-2171908|CDS|CYA_2158	86.143	1133	153	2	1	1131	1	1131	0.0	1331
Ga0374727_05_6176_7369	CP000239.1:774779-775973|CDS|CYA_0767	86.247	1127	151	2	1	1125	1	1125	0.0	1329
Ga0374727_05_6176_7369	CP000240.1:1803089-1804283|CDS|CYB_1722	85.853	1131	160	0	1	1131	1	1131	0.0	1319
Ga0374727_05_6176_7369	CP000240.1:2830275-2831565|CDS|CYB_2735	82.811	1245	161	5	1	1194	1	1243	0.0	1306
Ga0374727_05_6176_7369	CP000240.1:102811-104029|CDS|CYB_0087	83.443	1220	174	3	1	1194	1	1218	0.0	1302
Ga0374727_05_6176_7369	CP000240.1:638632-639850|CDS|CYB_0630	84.682	1149	152	1	1	1125	1	1149	0.0	1297
Ga0374727_05_6176_7369	CP000240.1:1358129-1359347|CDS|CYB_1297	84.709	1151	148	3	1	1125	1	1149	0.0	1295
Ga0374727_05_6176_7369	CP000240.1:52430-53648|CDS|CYB_0041	84.529	1157	151	3	1	1131	1	1155	0.0	1292
Ga0374727_05_6176_7369	CP000239.1:712444-713638|CDS|CYA_0704	84.947	1136	161	4	1	1131	1	1131	0.0	1269
Ga0374727_05_6176_7369	CP000240.1:2210858-2212052|CDS|CYB_2117	84.956	1130	160	4	1	1125	1	1125	0.0	1263
Ga0374727_05_6176_7369	CP000240.1:1954838-1956056|CDS|CYB_1872	83.838	1157	159	3	1	1131	1	1155	0.0	1256
Ga0374727_05_6176_7369	CP000240.1:1083184-1084426|CDS|CYB_1042	82.981	1181	149	4	1	1131	1	1179	0.0	1253
Ga0374727_05_6176_7369	CP000240.1:2553363-2554557|CDS|CYB_2454	84.248	1130	168	4	1	1125	1	1125	0.0	1227
Ga0374727_05_6176_7369	CP000240.1:2128026-2129220|CDS|CYB_2026	81.063	1204	208	10	1	1194	1	1194	0.0	1117
Ga0374727_05_6176_7369	CP000240.1:1917270-1918464|CDS|CYB_1826	79.485	1204	227	10	1	1194	1	1194	0.0	1031
Ga0374727_05_6176_7369	CP000240.1:1763450-1764623|CDS|CYB_1688	79.526	1182	222	10	1	1172	1	1172	0.0	1014
Ga0374727_05_6176_7369	CP000240.1:2506708-2507857|CDS|CYB_2410	78.004	1132	123	8	1	1009	1	1129	0.0	997
Ga0374727_05_6176_7369	CP000240.1:2219258-2220470|CDS|CYB_2126	76.986	1221	245	10	1	1194	1	1212	0.0	923
Ga0374727_05_6176_7369	CP000239.1:693322-694534|CDS|CYA_0687	76.904	1221	246	10	1	1194	1	1212	0.0	919
Ga0374727_05_6176_7369	CP000239.1:88305-89487|CDS|CYA_0091	75.400	1126	243	9	1	1115	1	1103	0.0	773
Ga0374727_05_8429_9214	CP000240.1:240592-241378|CDS|CYB_0231	98.728	786	10	0	1	786	1	786	0.0	1373
Ga0374727_05_8429_9214	CP000239.1:480686-481472|CDS|CYA_0466	82.262	778	138	0	1	778	1	778	0.0	782
Ga0374727_05_9227_10393	CP000240.1:239320-240580|CDS|CYB_0230	97.515	1167	29	0	1	1167	94	1260	0.0	1975
Ga0374727_05_10584_11246	CP000240.1:238503-239223|CDS|CYB_0229	96.380	663	24	0	1	663	58	720	0.0	1088
Ga0374727_05_10584_11246	CP000239.1:479942-480662|CDS|CYA_0465	85.671	656	94	0	1	656	58	713	0.0	760
Ga0374727_05_11607_12209	CP000240.1:237597-238200|CDS|CYB_0228	99.337	603	4	0	1	603	1	603	0.0	1070
Ga0374727_05_11607_12209	CP000239.1:479155-479752|CDS|CYA_0464	87.396	603	70	1	1	603	1	597	0.0	746
Ga0374727_05_12256_13407	CP000240.1:236291-237551|CDS|CYB_0227	98.177	1152	21	0	1	1152	109	1260	0.0	1984
Ga0374727_05_12256_13407	CP000239.1:477861-479121|CDS|CYA_0463	83.625	1142	185	2	1	1141	109	1249	0.0	1210
Ga0374727_05_13516_13710	CP000240.1:235397-236291|CDS|CYB_0226	100.000	195	0	0	1	195	700	894	4.83e-98	352
Ga0374727_05_13516_13710	CP000239.1:476946-477861|CDS|CYA_0462	90.206	194	19	0	1	194	721	914	1.93e-71	265
Ga0374727_06_123_1022	CP000240.1:577659-578670|CDS|CYB_0569	95.667	900	39	0	1	900	112	1011	0.0	1448
Ga0374727_06_123_1022	CP000239.1:543063-544068|CDS|CYA_0527	93.088	897	62	0	2	898	107	1003	0.0	1339
Ga0374727_06_123_1022	CP000239.1:954668-955745|CDS|CYA_0944	67.841	681	209	3	13	691	184	856	1.36e-62	237
Ga0374727_06_123_1022	CP000240.1:2492542-2493619|CDS|CYB_2391	66.714	703	218	5	13	710	184	875	8.04e-53	205
Ga0374727_06_1019_1123	CP000240.1:578666-579200|CDS|CYB_0568	100.000	105	0	0	1	105	430	534	1.68e-49	190
Ga0374727_06_1019_1123	CP000239.1:542536-543100|CDS|CYA_0528	83.178	107	15	1	2	105	425	531	1.30e-25	111
Ga0374727_06_1085_1675	CP000240.1:578666-579200|CDS|CYB_0568	96.581	468	10	1	1	462	468	1	0.0	774
Ga0374727_06_1085_1675	CP000239.1:542536-543100|CDS|CYA_0528	90.043	462	46	0	1	462	462	1	4.85e-180	627
Ga0374727_06_2155_2640	CP000240.1:579741-580272|CDS|CYB_0571	95.983	473	19	0	1	473	46	518	0.0	768
Ga0374727_06_2155_2640	CP000239.1:541606-542092|CDS|CYA_0526	93.004	486	34	0	1	486	1	486	0.0	724
Ga0374727_06_2155_2640	CP000240.1:844278-844764|CDS|CYB_0815	68.831	385	106	8	35	413	37	413	7.69e-31	131
Ga0374727_06_2858_3496	CP000239.1:540750-541434|CDS|CYA_0525	100.000	639	0	0	1	639	46	684	0.0	1153
Ga0374727_06_2858_3496	CP000240.1:580503-581184|CDS|CYB_0572	88.106	639	76	0	1	639	43	681	0.0	810
Ga0374727_06_2858_3496	CP000240.1:1924054-1924738|CDS|CYB_1835	71.550	587	167	0	28	614	55	641	2.25e-83	306
Ga0374727_06_3551_4429	CP000239.1:539817-540696|CDS|CYA_0524	99.886	879	1	0	1	879	1	879	0.0	1581
Ga0374727_06_4455_4931	CP000239.1:539315-539795|CDS|CYA_0523	99.790	477	1	0	1	477	4	480	0.0	856
Ga0374727_06_4455_4931	CP000240.1:582204-582675|CDS|CYB_0575	86.412	471	64	0	7	477	1	471	1.35e-160	562
Ga0374727_06_4948_5637	CP000239.1:538609-539299|CDS|CYA_0522	99.855	690	1	0	1	690	1	690	0.0	1241
Ga0374727_06_4948_5637	CP000240.1:582863-583553|CDS|CYB_0576	86.812	690	91	0	1	690	1	690	0.0	835
Ga0374727_06_5948_6127	CP000239.1:538112-538292|CDS|CYA_0521	100.000	180	0	0	1	180	1	180	6.13e-90	325
Ga0374727_06_5948_6127	CP000240.1:308379-308559|CDS|CYB_0297	83.333	180	30	0	1	180	1	180	3.18e-49	190
Ga0374727_06_6322_7902	CP000239.1:536337-537918|CDS|CYA_0520	99.241	1581	12	0	1	1581	1	1581	0.0	2798
Ga0374727_06_6322_7902	CP000240.1:308750-310337|CDS|CYB_0298	87.865	1574	185	1	1	1568	1	1574	0.0	1979
Ga0374727_06_8123_9124	CP000239.1:535115-536117|CDS|CYA_0519	97.705	1002	23	0	1	1002	1	1002	0.0	1704
Ga0374727_06_8123_9124	CP000240.1:310590-311592|CDS|CYB_0299	85.729	1002	143	0	1	1002	1	1002	0.0	1163
Ga0374727_06_9444_10265	CP000239.1:533974-534796|CDS|CYA_0516	99.757	822	2	0	1	822	1	822	0.0	1474
Ga0374727_06_9444_10265	CP000240.1:311918-312731|CDS|CYB_0300	87.863	791	96	0	1	791	1	791	0.0	994
Ga0374727_06_10405_10866	CP000239.1:533421-533835|CDS|CYA_0515	100.000	414	0	0	49	462	1	414	0.0	747
Ga0374727_06_10863_11285	CP000239.1:532954-533377|CDS|CYA_0513	100.000	423	0	0	1	423	1	423	0.0	764
Ga0374727_07_221_2404	CP000240.1:1406169-1409256|CDS|CYB_1341	85.082	2192	309	3	1	2174	871	3062	0.0	2482
Ga0374727_07_2412_2786	CP000239.1:808141-808642|CDS|CYA_0798	99.733	374	1	0	1	374	127	500	0.0	671
Ga0374727_07_2412_2786	CP000240.1:1405599-1406109|CDS|CYB_1340	86.216	370	51	0	1	370	109	478	3.01e-123	438
Ga0374727_07_3329_4429	CP000239.1:809058-810159|CDS|CYA_0799	99.637	1101	4	0	1	1101	1	1101	0.0	1968
Ga0374727_07_3329_4429	CP000240.1:1403996-1405103|CDS|CYB_1339	85.262	1106	157	1	1	1100	1	1106	0.0	1261
Ga0374727_07_4628_5899	CP000239.1:810357-811815|CDS|CYA_0800	98.506	1272	19	0	1	1272	187	1458	0.0	2209
Ga0374727_07_4628_5899	CP000240.1:1402445-1403918|CDS|CYB_1338	86.546	1271	171	0	1	1271	202	1472	0.0	1522
Ga0374727_07_6097_6756	CP000239.1:811826-812486|CDS|CYA_0801	100.000	660	0	0	1	660	1	660	0.0	1191
Ga0374727_07_6097_6756	CP000240.1:1401744-1402434|CDS|CYB_1337	88.838	654	73	0	6	659	36	689	0.0	851
Ga0374727_07_6833_8122	CP000239.1:812562-813909|CDS|CYA_0802	99.922	1290	1	0	1	1290	58	1347	0.0	2323
Ga0374727_07_6833_8122	CP000240.1:1400327-1401674|CDS|CYB_1336	87.907	1290	156	0	1	1290	58	1347	0.0	1624
Ga0374727_07_8722_10743	CP000239.1:814451-816473|CDS|CYA_0803	100.000	2022	0	0	1	2022	1	2022	0.0	3647
Ga0374727_07_8722_10743	CP000240.1:1397454-1399515|CDS|CYB_1335	83.448	2030	321	3	1	2015	1	2030	0.0	2147
Ga0374727_07_10981_11706	CP000239.1:816710-817436|CDS|CYA_0804	100.000	726	0	0	1	726	1	726	0.0	1310
Ga0374727_07_10981_11706	CP000240.1:777393-778116|CDS|CYB_0755	82.913	714	122	0	1	714	1	714	0.0	738
Ga0374727_07_11837_12130	CP000239.1:817527-817860|CDS|CYA_0805	100.000	294	0	0	1	294	40	333	1.37e-151	531
Ga0374727_07_11837_12130	CP000240.1:776907-777240|CDS|CYB_0754	79.928	279	56	0	1	279	40	318	1.92e-67	251
Ga0374727_08_1945_2820	CP000239.1:5267-6143|CDS|CYA_0005	100.000	876	0	0	1	876	1	876	0.0	1581
Ga0374727_08_1945_2820	CP000240.1:5430-6306|CDS|CYB_0005	89.829	875	89	0	1	875	1	875	0.0	1177
Ga0374727_08_3157_3696	CP000239.1:6353-7019|CDS|CYA_0007	100.000	540	0	0	1	540	127	666	0.0	975
Ga0374727_08_3157_3696	CP000240.1:6532-7120|CDS|CYB_0007	83.978	543	81	1	4	540	46	588	1.11e-168	589
Ga0374727_08_3734_6190	CP000239.1:7056-9606|CDS|CYA_0008	99.959	2457	1	0	1	2457	94	2550	0.0	4427
Ga0374727_08_3734_6190	CP000240.1:7142-9602|CDS|CYB_0008	85.796	2457	325	2	1	2457	28	2460	0.0	2871
Ga0374727_08_6735_8138	CP000239.1:9805-11209|CDS|CYA_0009	99.065	1391	13	0	14	1404	14	1404	0.0	2451
Ga0374727_08_6735_8138	CP000240.1:15044-16448|CDS|CYB_0014	85.994	1378	193	0	16	1393	16	1393	0.0	1616
Ga0374727_08_8197_8589	CP000239.1:11267-11660|CDS|CYA_0010	100.000	393	0	0	1	393	1	393	0.0	710
Ga0374727_08_8197_8589	CP000240.1:294355-294742|CDS|CYB_0279	83.696	368	60	0	1	368	1	368	3.38e-110	394
Ga0374727_08_8739_10106	CP000239.1:11809-13177|CDS|CYA_0011	100.000	1368	0	0	1	1368	1	1368	0.0	2468
Ga0374727_08_8739_10106	CP000240.1:292777-294145|CDS|CYB_0278	88.775	1363	153	0	1	1363	1	1363	0.0	1769
Ga0374727_08_10415_11182	CP000239.1:13485-14220|CDS|CYA_0012	100.000	735	0	0	34	768	1	735	0.0	1326
Ga0374727_08_11146_11919	CP000239.1:14216-14957|CDS|CYA_0013	100.000	741	0	0	34	774	1	741	0.0	1337
Ga0374727_08_11146_11919	CP000240.1:291857-292559|CDS|CYB_0277	86.831	691	91	0	71	761	2	692	0.0	837
Ga0374727_09_45_1169	CP000239.1:1113641-1114718|CDS|CYA_1092	99.814	1077	2	0	49	1125	1	1077	0.0	1934
Ga0374727_09_45_1169	CP000240.1:2056921-2057998|CDS|CYB_1961	88.672	1077	122	0	49	1125	1	1077	0.0	1393
Ga0374727_09_1185_1997	CP000239.1:1114733-1115546|CDS|CYA_1093	99.877	813	1	0	1	813	1	813	0.0	1462
Ga0374727_09_1185_1997	CP000240.1:2058014-2058827|CDS|CYB_1962	82.510	789	138	0	1	789	1	789	0.0	801
Ga0374727_09_2031_3413	CP000239.1:1115579-1116926|CDS|CYA_1094	99.926	1347	1	0	37	1383	1	1347	0.0	2425
Ga0374727_09_2031_3413	CP000240.1:2058907-2060281|CDS|CYB_1963	83.723	1370	199	1	37	1382	1	1370	0.0	1483
Ga0374727_09_4042_4212	CP000239.1:455920-457171|CDS|CYA_0436	83.784	185	16	2	1	171	809	625	4.79e-53	203
Ga0374727_09_4616_5035	CP000239.1:1118159-1118549|CDS|CYA_1095	98.481	395	1	1	26	420	1	390	0.0	686
Ga0374727_09_4616_5035	CP000240.1:693114-693873|CDS|CYB_0679	77.984	377	72	4	1	367	1	376	2.15e-81	298
Ga0374727_09_5046_8450	CP000239.1:1118584-1121986|CDS|CYA_1097	99.882	3402	4	0	4	3405	1	3402	0.0	6118
Ga0374727_09_5046_8450	CP000240.1:689629-693067|CDS|CYB_0677	84.551	3450	465	11	4	3401	1	3434	0.0	3831
Ga0374727_09_8695_10008	CP000239.1:1122233-1123547|CDS|CYA_1098	100.000	1314	0	0	1	1314	1	1314	0.0	2370
Ga0374727_09_8695_10008	CP000240.1:688190-689507|CDS|CYB_0676	79.261	1326	250	12	1	1312	1	1315	0.0	1121
Ga0374727_09_9992_10981	CP000239.1:1123530-1124484|CDS|CYA_1099	99.371	954	6	0	37	990	1	954	0.0	1694
Ga0374727_09_9992_10981	CP000240.1:687274-688180|CDS|CYB_0675	86.858	837	110	0	37	873	1	837	0.0	1014
Ga0374727_10_4301_4738	CP000239.1:2315320-2315851|CDS|CYA_2312	99.543	438	2	0	1	438	94	531	0.0	782
Ga0374727_10_4816_6042	CP000239.1:2315835-2317419|CDS|CYA_2313	95.455	1078	49	0	150	1227	507	1584	0.0	1724
Ga0374727_10_4816_6042	CP000240.1:2130060-2131608|CDS|CYB_2028	82.405	1023	180	0	150	1172	507	1529	0.0	1034
Ga0374727_10_6697_6882	CP000239.1:2320812-2321619|CDS|CYA_2318	100.000	186	0	0	1	186	622	807	3.52e-93	336
Ga0374727_10_6697_6882	CP000240.1:2135169-2135931|CDS|CYB_2033	85.484	186	27	0	1	186	577	762	2.90e-56	214
Ga0374727_10_7671_8039	CP000239.1:2320183-2320645|CDS|CYA_2317	100.000	369	0	0	1	369	94	462	0.0	666
Ga0374727_10_7671_8039	CP000240.1:2134562-2134943|CDS|CYB_2032	77.778	360	80	0	6	365	9	368	9.69e-79	289
Ga0374727_10_8427_9146	CP000239.1:2319169-2319889|CDS|CYA_2316	100.000	720	0	0	1	720	1	720	0.0	1299
Ga0374727_10_8427_9146	CP000240.1:2133373-2134093|CDS|CYB_2031	86.528	720	97	0	1	720	1	720	0.0	862
Ga0374727_10_9189_10067	CP000239.1:2318278-2319127|CDS|CYA_2315	98.465	847	13	0	33	879	3	849	0.0	1470
Ga0374727_10_9189_10067	CP000240.1:2132468-2133317|CDS|CYB_2030	88.061	846	101	0	33	878	3	848	0.0	1071
Ga0374727_11_607_1473	CP000240.1:2442008-2442875|CDS|CYB_2337	99.423	867	5	0	1	867	1	867	0.0	1542
Ga0374727_11_1509_2735	CP000240.1:2440722-2441973|CDS|CYB_2336	93.765	1251	54	2	1	1227	1	1251	0.0	1918
Ga0374727_11_1509_2735	CP000239.1:2014780-2016007|CDS|CYA_1998	79.010	1172	225	5	55	1223	64	1217	0.0	1002
Ga0374727_11_2776_2949	CP000240.1:2440508-2440682|CDS|CYB_2335	98.276	174	3	0	1	174	1	174	2.35e-82	301
Ga0374727_11_2776_2949	CP000239.1:2014595-2014769|CDS|CYA_1997	89.535	172	18	0	1	172	1	172	3.49e-61	230
Ga0374727_11_2997_3548	CP000240.1:2439909-2440461|CDS|CYB_2334	98.551	552	8	0	1	552	1	552	0.0	960
Ga0374727_11_2997_3548	CP000239.1:2014002-2014548|CDS|CYA_1996	83.818	550	83	1	1	550	1	544	9.32e-170	592
Ga0374727_11_3550_4290	CP000240.1:2439173-2439908|CDS|CYB_2333	97.143	735	21	0	7	741	1	735	0.0	1232
Ga0374727_11_3550_4290	CP000239.1:2013266-2014001|CDS|CYA_1995	90.748	735	68	0	7	741	1	735	0.0	1020
Ga0374727_11_4281_4643	CP000240.1:2438814-2439177|CDS|CYB_2332	98.347	363	6	0	1	363	1	363	0.0	628
Ga0374727_11_4281_4643	CP000239.1:2012907-2013270|CDS|CYA_1994	90.358	363	35	0	1	363	1	363	3.54e-141	498
Ga0374727_11_4750_4992	CP000240.1:2438465-2438714|CDS|CYB_2331	99.177	243	2	0	1	243	1	243	2.80e-121	430
Ga0374727_11_4750_4992	CP000239.1:2012541-2012814|CDS|CYA_1993	85.909	220	31	0	19	238	28	247	3.66e-69	258
Ga0374727_11_5635_6294	CP000240.1:2437163-2437823|CDS|CYB_2330	97.727	660	15	0	1	660	1	660	0.0	1123
Ga0374727_11_5635_6294	CP000239.1:2011734-2012391|CDS|CYA_1992	81.146	663	116	2	1	660	1	657	0.0	632
Ga0374727_11_6956_7576	CP000240.1:2436196-2436928|CDS|CYB_2329	95.330	621	17	1	1	621	124	732	0.0	996
Ga0374727_11_6956_7576	CP000239.1:2010770-2011592|CDS|CYA_1991	78.778	589	116	2	36	621	240	822	1.79e-141	499
Ga0374727_11_7696_8208	CP000240.1:2435564-2436077|CDS|CYB_2327	98.441	513	8	0	1	513	1	513	0.0	890
Ga0374727_11_7696_8208	CP000239.1:2010165-2010651|CDS|CYA_1989	79.521	459	92	2	1	458	1	458	3.68e-111	398
Ga0374727_11_8185_9315	CP000240.1:2434457-2435588|CDS|CYB_2328	98.232	1131	20	0	1	1131	1	1131	0.0	1950
Ga0374727_11_8185_9315	CP000239.1:2009038-2010169|CDS|CYA_1990	87.710	1131	137	2	1	1130	1	1130	0.0	1407
Ga0374727_11_9462_9674	CP000240.1:2434026-2434398|CDS|CYB_2326	98.122	213	4	0	1	213	300	88	2.42e-102	367
Ga0374727_11_9591_9746	CP000240.1:2434026-2434398|CDS|CYB_2326	98.077	156	3	0	1	156	217	372	1.23e-72	269
Ga0374727_11_9877_10164	CP000240.1:2433608-2433896|CDS|CYB_2325	97.222	288	8	0	1	288	1	288	1.75e-137	484
Ga0374727_11_9877_10164	CP000239.1:1386919-1387207|CDS|CYA_1376	89.583	288	30	0	1	288	1	288	1.26e-107	385
Ga0374727_11_10281_10658	CP000240.1:2433114-2433426|CDS|CYB_2324	99.038	312	3	0	67	378	1	312	6.68e-157	550
Ga0374727_11_10281_10658	CP000239.1:1387368-1387680|CDS|CYA_1378	84.839	310	47	0	67	376	1	310	4.23e-96	348
Ga0374727_12_814_1407	CP000240.1:2689153-2689921|CDS|CYB_2588	99.158	594	5	0	1	594	175	768	0.0	1049
Ga0374727_12_814_1407	CP000239.1:1202371-1203058|CDS|CYA_1188	85.329	593	87	0	1	593	94	686	0.0	678
Ga0374727_12_1753_2082	CP000240.1:2690053-2690422|CDS|CYB_2589	100.000	330	0	0	1	330	40	369	4.45e-171	596
Ga0374727_12_1753_2082	CP000239.1:1201813-1202182|CDS|CYA_1187	76.667	330	77	0	1	330	40	369	2.64e-66	249
Ga0374727_12_2560_3819	CP000240.1:2690914-2692159|CDS|CYB_2590	99.036	1245	12	0	16	1260	1	1245	0.0	2192
Ga0374727_12_2560_3819	CP000239.1:1200072-1201317|CDS|CYA_1186	89.791	1244	127	0	16	1259	1	1244	0.0	1672
Ga0374727_12_3848_4363	CP000240.1:2693000-2693519|CDS|CYB_2593	97.495	519	10	1	1	516	1	519	0.0	876
Ga0374727_12_4400_4927	CP000240.1:2693555-2694083|CDS|CYB_2594	99.053	528	5	0	1	528	1	528	0.0	930
Ga0374727_12_4400_4927	CP000239.1:1199236-1199788|CDS|CYA_1184	77.725	422	73	5	1	404	1	419	3.80e-92	334
Ga0374727_12_5112_6242	CP000240.1:2694267-2696505|CDS|CYB_2595	99.632	1088	4	0	44	1131	1151	2238	0.0	1945
Ga0374727_12_6311_8272	CP000239.1:1193691-1195644|CDS|CYA_1179	83.401	1958	315	5	1	1956	1	1950	0.0	2053
Ga0374727_12_8780_9436	CP000240.1:2699498-2700143|CDS|CYB_2597	98.915	645	7	0	13	657	1	645	0.0	1132
Ga0374727_12_8780_9436	CP000239.1:1192570-1193215|CDS|CYA_1178	89.130	644	70	0	13	656	1	644	0.0	847
Ga0374727_12_9487_10437	CP000240.1:2700193-2701144|CDS|CYB_2598	97.266	951	26	0	1	951	1	951	0.0	1599
Ga0374727_13_24_266	CP000240.1:1028657-1030022|CDS|CYB_0993	98.354	243	4	0	1	243	1123	1365	1.45e-118	421
Ga0374727_13_24_266	CP000239.1:918954-920313|CDS|CYA_0910	83.761	234	38	0	1	234	1123	1356	1.56e-67	251
Ga0374727_13_291_1835	CP000240.1:1030046-1031633|CDS|CYB_0994	98.770	1545	19	0	1	1545	43	1587	0.0	2701
Ga0374727_13_291_1835	CP000239.1:131557-133147|CDS|CYA_0137	81.806	1539	280	0	2	1540	47	1585	0.0	1514
Ga0374727_13_1953_2807	CP000240.1:1031708-1032803|CDS|CYB_0995	74.190	864	175	9	1	855	271	1095	1.05e-158	556
Ga0374727_13_3256_5001	CP000240.1:1033029-1034934|CDS|CYB_0996	97.652	1746	41	0	1	1746	160	1905	0.0	2965
Ga0374727_13_3256_5001	CP000239.1:1088472-1090218|CDS|CYA_1072	81.829	1739	316	0	1	1739	1	1739	0.0	1712
Ga0374727_13_5113_6336	CP000240.1:1035045-1036269|CDS|CYB_0997	99.183	1224	10	0	1	1224	1	1224	0.0	2163
Ga0374727_13_5113_6336	CP000239.1:1090357-1091581|CDS|CYA_1073	84.150	1224	194	0	1	1224	1	1224	0.0	1333
Ga0374727_13_6534_9026	CP000240.1:1036443-1038936|CDS|CYB_0998	97.834	2493	54	0	1	2493	1	2493	0.0	4253
Ga0374727_13_6534_9026	CP000239.1:1091761-1094227|CDS|CYA_1074	86.386	2446	312	4	57	2493	33	2466	0.0	2911
Ga0374727_13_9419_9814	CP000240.1:1039002-1039398|CDS|CYB_0999	96.447	394	14	0	1	394	1	394	0.0	648
Ga0374727_13_9419_9814	CP000239.1:1094295-1094745|CDS|CYA_1075	86.889	389	51	0	7	395	61	449	1.55e-133	472
Ga0374727_13_9974_10183	CP000240.1:1039633-1040269|CDS|CYB_1000	89.524	210	10	1	1	210	439	636	6.41e-78	287
Ga0374727_14_1261_1659	CP000239.1:1308992-1309463|CDS|CYA_1300	100.000	399	0	0	1	399	73	471	0.0	720
Ga0374727_14_1261_1659	CP000240.1:956126-956597|CDS|CYB_0919	86.466	399	54	0	1	399	73	471	3.67e-135	477
Ga0374727_14_1775_2182	CP000239.1:1308541-1308949|CDS|CYA_1299	100.000	408	0	0	1	408	1	408	0.0	737
Ga0374727_14_1775_2182	CP000240.1:955635-956043|CDS|CYB_0918	86.765	408	54	0	1	408	1	408	4.89e-140	493
Ga0374727_14_2434_3084	CP000239.1:1307639-1308344|CDS|CYA_1298	100.000	651	0	0	1	651	55	705	0.0	1175
Ga0374727_14_2434_3084	CP000240.1:954733-955426|CDS|CYB_0916	82.383	579	76	2	1	578	64	617	7.46e-172	600
Ga0374727_14_3085_3894	CP000239.1:1306700-1307639|CDS|CYA_1297	96.914	810	25	0	1	810	130	939	0.0	1349
Ga0374727_14_3085_3894	CP000240.1:952598-953537|CDS|CYB_0915	91.103	798	71	0	1	798	130	927	0.0	1120
Ga0374727_14_4064_4867	CP000239.1:1305856-1306660|CDS|CYA_1296	98.010	804	16	0	1	804	1	804	0.0	1379
Ga0374727_14_4064_4867	CP000240.1:951714-952518|CDS|CYB_0914	94.147	803	47	0	1	803	1	803	0.0	1237
Ga0374727_14_5116_5391	CP000239.1:1305332-1305617|CDS|CYA_1295	100.000	276	0	0	1	276	10	285	7.58e-142	499
Ga0374727_14_5116_5391	CP000240.1:951190-951475|CDS|CYB_0913	96.947	262	8	0	15	276	24	285	2.17e-123	437
Ga0374727_14_5411_6043	CP000239.1:1304680-1305313|CDS|CYA_1294	99.684	633	2	0	1	633	1	633	0.0	1133
Ga0374727_14_6399_9212	CP000239.1:1301517-1304331|CDS|CYA_1293	99.822	2814	5	0	1	2814	1	2814	0.0	5053
Ga0374727_14_9193_9489	CP000239.1:1301240-1301537|CDS|CYA_1292	100.000	297	0	0	1	297	1	297	3.27e-153	536
Ga0374727_14_9569_9967	CP000239.1:2728529-2728928|CDS|CYA_2709	99.499	399	2	0	1	399	1	399	0.0	711
Ga0374727_14_9569_9967	CP000239.1:1152553-1152952|CDS|CYA_1126	99.499	399	2	0	1	399	1	399	0.0	711
Ga0374727_14_9569_9967	CP000239.1:1013062-1013461|CDS|CYA_0999	99.499	399	2	0	1	399	1	399	0.0	711
Ga0374727_14_9569_9967	CP000239.1:2654240-2654639|CDS|CYA_2639	99.248	399	3	0	1	399	1	399	0.0	707
Ga0374727_14_9569_9967	CP000239.1:1663935-1664334|CDS|CYA_1661	99.248	399	3	0	1	399	1	399	0.0	707
Ga0374727_14_9569_9967	CP000239.1:1300762-1301161|CDS|CYA_1291	99.248	399	3	0	1	399	1	399	0.0	707
Ga0374727_14_9569_9967	CP000239.1:2862566-2862965|CDS|CYA_2845	98.997	399	4	0	1	399	1	399	0.0	702
Ga0374727_14_9569_9967	CP000239.1:1367794-1368193|CDS|CYA_1358	98.997	399	4	0	1	399	1	399	0.0	702
Ga0374727_14_9569_9967	CP000239.1:34556-34955|CDS|CYA_0037	98.997	399	4	0	1	399	1	399	0.0	702
Ga0374727_14_9569_9967	CP000239.1:1290362-1291310|CDS|CYA_1279	99.000	400	3	1	1	399	1	400	0.0	700
Ga0374727_14_9569_9967	CP000239.1:2740042-2740447|CDS|CYA_2722	98.997	399	3	1	1	399	1	398	0.0	699
Ga0374727_14_9569_9967	CP000239.1:2026942-2027347|CDS|CYA_2010	98.997	399	3	1	1	399	1	398	0.0	699
Ga0374727_14_9569_9967	CP000239.1:1612111-1613059|CDS|CYA_1604	98.750	400	4	1	1	399	1	400	0.0	696
Ga0374727_14_9569_9967	CP000239.1:1321049-1321982|CDS|CYA_1311	98.750	400	4	1	1	399	1	400	0.0	696
Ga0374727_14_9569_9967	CP000239.1:51699-52647|CDS|CYA_0053	98.750	400	4	1	1	399	1	400	0.0	696
Ga0374727_14_9569_9967	CP000239.1:2101748-2102147|CDS|CYA_2082	98.496	399	6	0	1	399	1	399	0.0	693
Ga0374727_15_772_1476	CP000240.1:135719-136391|CDS|CYB_0123	98.661	672	9	0	34	705	1	672	0.0	1172
Ga0374727_15_772_1476	CP000239.1:408910-409588|CDS|CYA_0394	87.558	651	79	2	34	683	1	650	0.0	802
Ga0374727_15_1694_1990	CP000240.1:136596-136893|CDS|CYB_0124	99.663	297	1	0	1	297	1	297	1.39e-151	532
Ga0374727_15_1694_1990	CP000239.1:549833-550130|CDS|CYA_0533	81.455	275	51	0	1	275	1	275	8.80e-72	267
Ga0374727_15_2010_2270	CP000240.1:136912-137173|CDS|CYB_0125	99.617	261	1	0	1	261	1	261	4.21e-132	467
Ga0374727_15_2010_2270	CP000239.1:549521-549782|CDS|CYA_0532	86.923	260	34	0	1	260	1	260	4.82e-87	316
Ga0374727_15_2363_5158	CP000240.1:137265-140061|CDS|CYB_0126	98.963	2796	29	0	1	2796	1	2796	0.0	4912
Ga0374727_15_2363_5158	CP000239.1:546669-549456|CDS|CYA_0531	82.387	2799	476	5	1	2795	1	2786	0.0	2819
Ga0374727_15_5483_6166	CP000240.1:140384-141068|CDS|CYB_0127	97.222	684	19	0	1	684	1	684	0.0	1149
Ga0374727_15_5483_6166	CP000239.1:771238-771949|CDS|CYA_0764	78.387	657	142	0	18	674	18	674	1.52e-155	545
Ga0374727_15_6230_6988	CP000240.1:141132-141891|CDS|CYB_0128	97.497	759	19	0	1	759	1	759	0.0	1284
Ga0374727_15_6230_6988	CP000239.1:770445-771204|CDS|CYA_0763	86.298	759	104	0	1	759	1	759	0.0	901
Ga0374727_15_7363_7776	CP000240.1:142154-142679|CDS|CYB_0129	98.309	414	7	0	1	414	112	525	0.0	716
Ga0374727_15_7363_7776	CP000239.1:1954078-1954609|CDS|CYA_1943	85.024	414	62	0	1	414	118	531	1.98e-132	468
Ga0374727_15_8046_8840	CP000240.1:142994-143789|CDS|CYB_0131	98.994	795	8	0	1	795	1	795	0.0	1402
Ga0374727_15_8046_8840	CP000239.1:1953066-1953891|CDS|CYA_1942	84.071	791	126	0	1	791	31	821	0.0	859
Ga0374727_15_8837_9589	CP000240.1:143785-144610|CDS|CYB_0130	99.070	753	7	0	1	753	73	825	0.0	1327
Ga0374727_16_508_2346	CP000240.1:2876607-2878500|CDS|CYB_2781	97.934	1839	38	0	1	1839	55	1893	0.0	3146
Ga0374727_16_508_2346	CP000239.1:123677-125564|CDS|CYA_0130	90.365	1837	171	1	1	1837	55	1885	0.0	2516
Ga0374727_16_2691_3791	CP000240.1:2875216-2876317|CDS|CYB_2780	99.183	1101	9	0	1	1101	1	1101	0.0	1946
Ga0374727_16_2691_3791	CP000239.1:122378-123428|CDS|CYA_0129	85.590	1034	134	2	68	1101	32	1050	0.0	1198
Ga0374727_16_4239_6161	CP000240.1:2872846-2874769|CDS|CYB_2779	98.076	1923	37	0	1	1923	1	1923	0.0	3302
Ga0374727_16_4239_6161	CP000239.1:119961-121887|CDS|CYA_0128	90.625	1920	180	0	1	1920	1	1920	0.0	2652
Ga0374727_16_6576_7769	CP000240.1:2644164-2645358|CDS|CYB_2538	94.054	1194	71	0	1	1194	1	1194	0.0	1834
Ga0374727_16_6576_7769	CP000240.1:1190675-1191869|CDS|CYB_1151	93.975	1195	70	2	1	1194	1	1194	0.0	1824
Ga0374727_16_6576_7769	CP000240.1:52430-53648|CDS|CYB_0041	92.693	1218	65	1	1	1194	1	1218	0.0	1813
Ga0374727_16_6576_7769	CP000240.1:1803089-1804283|CDS|CYB_1722	93.467	1194	78	0	1	1194	1	1194	0.0	1802
Ga0374727_16_6576_7769	CP000240.1:2210858-2212052|CDS|CYB_2117	93.049	1194	83	0	1	1194	1	1194	0.0	1780
Ga0374727_16_6576_7769	CP000239.1:712444-713638|CDS|CYA_0704	92.965	1194	84	0	1	1194	1	1194	0.0	1775
Ga0374727_16_6576_7769	CP000240.1:1064975-1066169|CDS|CYB_1023	92.546	1194	89	0	1	1194	1	1194	0.0	1753
Ga0374727_16_6576_7769	CP000240.1:638632-639850|CDS|CYB_0630	91.379	1218	81	1	1	1194	1	1218	0.0	1741
Ga0374727_16_6576_7769	CP000240.1:1521392-1522610|CDS|CYB_1450	90.640	1218	90	1	1	1194	1	1218	0.0	1700
Ga0374727_16_6576_7769	CP000240.1:3008652-3009870|CDS|CYB_2910	90.476	1218	92	1	1	1194	1	1218	0.0	1691
Ga0374727_16_6576_7769	CP000240.1:2796782-2798000|CDS|CYB_2707	90.394	1218	93	1	1	1194	1	1218	0.0	1687
Ga0374727_16_6576_7769	CP000240.1:1358129-1359347|CDS|CYB_1297	90.394	1218	93	1	1	1194	1	1218	0.0	1687
Ga0374727_16_6576_7769	CP000240.1:1954838-1956056|CDS|CYB_1872	89.163	1218	108	1	1	1194	1	1218	0.0	1619
Ga0374727_16_6576_7769	CP000239.1:2170714-2171908|CDS|CYA_2158	90.034	1194	119	0	1	1194	1	1194	0.0	1618
Ga0374727_16_6576_7769	CP000240.1:1083184-1084426|CDS|CYB_1042	88.003	1242	101	2	1	1194	1	1242	0.0	1603
Ga0374727_16_6576_7769	CP000239.1:1594889-1596107|CDS|CYA_1585	91.424	1131	97	0	1	1131	1	1131	0.0	1603
Ga0374727_16_6576_7769	CP000239.1:774779-775973|CDS|CYA_0767	89.615	1194	124	0	1	1194	1	1194	0.0	1595
Ga0374727_16_6576_7769	CP000240.1:2168360-2169515|CDS|CYB_2071	90.981	1131	102	0	1	1131	1	1131	0.0	1581
Ga0374727_16_6576_7769	CP000239.1:629980-631174|CDS|CYA_0620	89.112	1194	130	0	1	1194	1	1194	0.0	1568
Ga0374727_16_6576_7769	CP000240.1:481588-482800|CDS|CYB_0472	89.103	1193	128	2	1	1192	1	1192	0.0	1559
Ga0374727_16_6576_7769	CP000240.1:2830275-2831565|CDS|CYB_2735	87.016	1240	96	3	1	1192	1	1223	0.0	1556
Ga0374727_16_6576_7769	CP000240.1:2247371-2248565|CDS|CYB_2147	90.451	1131	108	0	1	1131	1	1131	0.0	1553
Ga0374727_16_6576_7769	CP000240.1:1316312-1317548|CDS|CYB_1259	87.418	1216	129	1	1	1192	1	1216	0.0	1521
Ga0374727_16_6576_7769	CP000240.1:102811-104029|CDS|CYB_0087	88.658	1155	107	1	1	1131	1	1155	0.0	1510
Ga0374727_16_6576_7769	CP000240.1:2553363-2554557|CDS|CYB_2454	87.940	1194	144	0	1	1194	1	1194	0.0	1505
Ga0374727_16_6576_7769	CP000239.1:994256-995468|CDS|CYA_0981	87.584	1192	148	0	1	1192	1	1192	0.0	1483
Ga0374727_16_6576_7769	CP000240.1:1015074-1016268|CDS|CYB_0979	88.240	1131	133	0	1	1131	1	1131	0.0	1441
Ga0374727_16_6576_7769	CP000240.1:1842322-1843549|CDS|CYB_1759	86.070	1206	140	3	1	1180	1	1204	0.0	1430
Ga0374727_16_6576_7769	CP000240.1:2619921-2621115|CDS|CYB_2521	86.527	1195	159	2	1	1194	1	1194	0.0	1423
Ga0374727_16_6576_7769	CP000239.1:893439-894633|CDS|CYA_0887	87.887	1131	137	0	1	1131	1	1131	0.0	1423
Ga0374727_16_6576_7769	CP000240.1:1244785-1246021|CDS|CYB_1201	85.115	1216	157	1	1	1192	1	1216	0.0	1395
Ga0374727_16_6576_7769	CP000240.1:2661652-2662870|CDS|CYB_2557	85.057	1218	158	1	1	1194	1	1218	0.0	1394
Ga0374727_16_6576_7769	CP000240.1:629484-630702|CDS|CYB_0620	84.729	1218	162	1	1	1194	1	1218	0.0	1376
Ga0374727_16_6576_7769	CP000240.1:1267756-1268992|CDS|CYB_1227	84.059	1217	168	3	1	1192	1	1216	0.0	1331
Ga0374727_16_6576_7769	CP000240.1:605550-606744|CDS|CYB_0598	84.171	1194	189	0	1	1194	1	1194	0.0	1302
Ga0374727_16_6576_7769	CP000240.1:241642-242836|CDS|CYB_0233	85.601	1132	161	2	1	1131	1	1131	0.0	1300
Ga0374727_16_6576_7769	CP000240.1:2933473-2934709|CDS|CYB_2835	83.429	1219	172	5	1	1192	1	1216	0.0	1293
Ga0374727_16_6576_7769	CP000240.1:1384265-1385459|CDS|CYB_1322	85.146	1131	168	0	1	1131	1	1131	0.0	1283
Ga0374727_16_6576_7769	CP000240.1:345730-346924|CDS|CYB_0329	85.146	1131	168	0	1	1131	1	1131	0.0	1283
Ga0374727_16_6576_7769	CP000239.1:698055-699204|CDS|CYA_0690	83.697	1147	163	1	1	1123	1	1147	0.0	1243
Ga0374727_16_6576_7769	CP000240.1:2565689-2566883|CDS|CYB_2468	84.262	1131	178	0	1	1131	1	1131	0.0	1238
Ga0374727_16_6576_7769	CP000240.1:2128026-2129220|CDS|CYB_2026	81.834	1134	200	5	1	1131	1	1131	0.0	1100
Ga0374727_16_6576_7769	CP000239.1:693322-694534|CDS|CYA_0687	78.978	1194	247	3	1	1192	1	1192	0.0	1012
Ga0374727_16_6576_7769	CP000240.1:2219258-2220470|CDS|CYB_2126	78.811	1194	249	3	1	1192	1	1192	0.0	1003
Ga0374727_16_6576_7769	CP000240.1:1763450-1764623|CDS|CYB_1688	78.924	1134	233	5	1	1131	1	1131	0.0	951
Ga0374727_16_6576_7769	CP000240.1:1917270-1918464|CDS|CYB_1826	78.219	1134	241	5	1	1131	1	1131	0.0	915
Ga0374727_16_6576_7769	CP000240.1:2506708-2507857|CDS|CYB_2410	75.507	1135	156	6	1	1014	1	1134	0.0	877
Ga0374727_16_6576_7769	CP000239.1:88305-89487|CDS|CYA_0091	76.276	1117	239	6	6	1115	6	1103	0.0	817
Ga0374727_16_8253_8498	CP000240.1:2871798-2872044|CDS|CYB_2776	89.024	246	27	0	1	246	1	246	1.06e-88	323
Ga0374727_16_8253_8498	CP000239.1:119456-119702|CDS|CYA_0127	76.230	244	58	0	1	244	1	244	8.17e-46	179
Ga0374727_16_8997_9722	CP000240.1:2869974-2871279|CDS|CYB_2775	97.934	726	15	0	1	726	580	1305	0.0	1242
Ga0374727_16_8997_9722	CP000239.1:117810-119115|CDS|CYA_0126	81.302	722	135	0	1	722	580	1301	0.0	694
Ga0374727_17_2152_3696	CP000240.1:2885328-2886801|CDS|CYB_2788	98.167	1473	27	0	73	1545	1	1473	0.0	2535
Ga0374727_17_3693_4901	CP000240.1:2884123-2885332|CDS|CYB_2789	98.096	1208	23	0	1	1208	1	1208	0.0	2076
Ga0374727_17_3693_4901	CP000239.1:1971648-1972839|CDS|CYA_1961	79.600	1201	230	3	1	1198	1	1189	0.0	1062
Ga0374727_17_4928_5905	CP000240.1:2883110-2884097|CDS|CYB_2787	96.859	987	22	1	1	978	1	987	0.0	1645
Ga0374727_17_4928_5905	CP000239.1:1970740-1971652|CDS|CYA_1960	81.635	942	129	5	1	941	1	899	0.0	937
Ga0374727_17_6139_6639	CP000240.1:2882376-2882877|CDS|CYB_2786	99.601	501	2	0	1	501	1	501	0.0	895
Ga0374727_17_6139_6639	CP000239.1:1968160-1968661|CDS|CYA_1957	89.022	501	55	0	1	501	1	501	0.0	656
Ga0374727_17_6849_7478	CP000240.1:2881308-2882163|CDS|CYB_2785	99.841	630	1	0	1	630	226	855	0.0	1132
Ga0374727_17_6849_7478	CP000239.1:1965675-1966587|CDS|CYA_1955	89.560	613	64	0	1	613	226	838	0.0	818
Ga0374727_17_7718_8305	CP000240.1:2880706-2881294|CDS|CYB_2784	99.660	588	2	0	1	588	1	588	0.0	1052
Ga0374727_17_7718_8305	CP000239.1:1965093-1965669|CDS|CYA_1954	80.000	595	83	5	1	583	1	571	3.71e-156	547
Ga0374727_17_8304_9203	CP000240.1:2879808-2880639|CDS|CYB_2783	97.473	831	21	0	70	900	1	831	0.0	1405
Ga0374727_17_8304_9203	CP000239.1:1964217-1965027|CDS|CYA_1953	82.585	735	124	3	104	836	35	767	0.0	739
Ga0374727_17_9344_9592	CP000240.1:2878708-2879668|CDS|CYB_2782	98.795	249	3	0	1	249	712	960	6.78e-123	436
Ga0374727_17_9344_9592	CP000239.1:125762-126731|CDS|CYA_0132	86.747	249	33	0	1	249	721	969	3.52e-82	301
Ga0374727_18_117_395	CP000239.1:2252018-2252297|CDS|CYA_2238	78.853	279	59	0	1	279	1	279	3.99e-63	238
Ga0374727_18_471_1028	CP000240.1:382540-383098|CDS|CYB_0367	97.670	558	13	0	1	558	1	558	0.0	948
Ga0374727_18_471_1028	CP000239.1:2253147-2253711|CDS|CYA_2240	78.172	536	117	0	1	536	1	536	1.31e-123	440
Ga0374727_18_1066_1545	CP000240.1:383135-383615|CDS|CYB_0368	99.583	480	2	0	1	480	1	480	0.0	857
Ga0374727_18_1066_1545	CP000239.1:2253780-2254269|CDS|CYA_2241	84.599	474	73	0	1	474	1	474	9.82e-150	526
Ga0374727_18_1542_2084	CP000240.1:383611-384154|CDS|CYB_0370	97.238	543	15	0	1	543	1	543	0.0	912
Ga0374727_18_1542_2084	CP000239.1:1289331-1289757|CDS|CYA_1275	84.521	407	57	1	103	509	1	401	2.02e-127	452
Ga0374727_18_2234_3298	CP000240.1:443946-445011|CDS|CYB_0433	99.061	1065	10	0	1	1065	1	1065	0.0	1876
Ga0374727_18_2234_3298	CP000240.1:384572-385637|CDS|CYB_0371	99.061	1065	10	0	1	1065	1	1065	0.0	1876
Ga0374727_18_2234_3298	CP000239.1:1814549-1815614|CDS|CYA_1811	92.394	1065	81	0	1	1065	1	1065	0.0	1556
Ga0374727_18_2234_3298	CP000239.1:1850153-1851218|CDS|CYA_1849	92.192	1063	83	0	1	1063	1	1063	0.0	1544
Ga0374727_18_2234_3298	CP000239.1:1288197-1289262|CDS|CYA_1274	91.816	1063	87	0	1	1063	1	1063	0.0	1526
Ga0374727_18_2234_3298	CP000240.1:226513-227569|CDS|CYB_0216	74.101	946	236	5	58	997	67	1009	7.80e-168	588
Ga0374727_18_2234_3298	CP000239.1:1753540-1754599|CDS|CYA_1748	72.505	982	263	6	58	1034	67	1046	1.51e-151	534
Ga0374727_18_3406_5949	CP000240.1:385744-388288|CDS|CYB_0372	98.349	2544	42	0	1	2544	1	2544	0.0	4399
Ga0374727_18_3406_5949	CP000239.1:1811889-1814445|CDS|CYA_1810	85.608	2543	360	3	1	2540	1	2540	0.0	2929
Ga0374727_18_5954_7396	CP000240.1:388292-389735|CDS|CYB_0373	97.367	1443	38	0	1	1443	1	1443	0.0	2432
Ga0374727_18_5954_7396	CP000239.1:1810514-1811885|CDS|CYA_1809	84.317	1339	210	0	1	1339	1	1339	0.0	1469
Ga0374727_18_7505_7789	CP000240.1:389843-390128|CDS|CYB_0374	99.298	285	2	0	1	285	1	285	5.29e-144	506
Ga0374727_18_7505_7789	CP000239.1:1810184-1810472|CDS|CYA_1808	84.561	285	44	0	1	285	1	285	5.30e-87	316
Ga0374727_18_7867_8568	CP000240.1:390214-390883|CDS|CYB_0375	94.517	693	14	1	10	702	1	669	0.0	1096
Ga0374727_19_679_1638	CP000239.1:2369786-2370812|CDS|CYA_2362	99.896	960	1	0	1	960	67	1026	0.0	1728
Ga0374727_19_679_1638	CP000240.1:883062-884091|CDS|CYB_0850	92.083	960	76	0	1	960	70	1029	0.0	1389
Ga0374727_19_1715_3832	CP000239.1:2370849-2373006|CDS|CYA_2363	99.953	2118	1	0	1	2118	40	2157	0.0	3816
Ga0374727_19_3837_4577	CP000239.1:2373010-2373751|CDS|CYA_2364	100.000	741	0	0	1	741	1	741	0.0	1337
Ga0374727_19_3837_4577	CP000240.1:2442008-2442875|CDS|CYB_2337	66.612	605	162	12	9	577	61	661	2.01e-40	163
Ga0374727_19_4702_5589	CP000239.1:2373875-2374745|CDS|CYA_2365	99.770	870	2	0	19	888	1	870	0.0	1561
Ga0374727_19_4702_5589	CP000240.1:2445286-2446153|CDS|CYB_2339	86.775	862	114	0	19	880	1	862	0.0	1041
Ga0374727_19_5591_6598	CP000239.1:2374764-2375772|CDS|CYA_2366	99.901	1008	1	0	1	1008	1	1008	0.0	1814
Ga0374727_19_5591_6598	CP000240.1:2446157-2447159|CDS|CYB_2340	84.471	1011	145	2	1	1008	1	1002	0.0	1118
Ga0374727_19_6604_7695	CP000239.1:2375777-2376869|CDS|CYA_2367	100.000	1092	0	0	1	1092	1	1092	0.0	1970
Ga0374727_19_6604_7695	CP000240.1:2447145-2448270|CDS|CYB_2341	87.513	985	123	0	1	985	1	985	0.0	1223
Ga0374727_19_8178_9506	CP000240.1:2448478-2450206|CDS|CYB_2342	92.063	1323	99	1	1	1323	406	1722	0.0	1914
Ga0374727_19_8178_9506	CP000239.1:2377351-2379085|CDS|CYA_2368	91.648	1329	111	0	1	1329	406	1734	0.0	1897
Ga0374727_20_58_837	CP000239.1:365437-366295|CDS|CYA_0348	99.872	780	1	0	1	780	79	858	0.0	1403
Ga0374727_20_58_837	CP000240.1:2196512-2197373|CDS|CYB_2101	86.650	779	104	0	2	780	83	861	0.0	937
Ga0374727_20_849_3008	CP000239.1:366345-368466|CDS|CYA_0349	100.000	2121	0	0	40	2160	1	2121	0.0	3826
Ga0374727_20_849_3008	CP000240.1:2194341-2196501|CDS|CYB_2100	84.796	2131	312	3	18	2142	18	2142	0.0	2380
Ga0374727_20_3128_3994	CP000239.1:368585-369452|CDS|CYA_0350	99.885	867	1	0	1	867	1	867	0.0	1560
Ga0374727_20_3128_3994	CP000240.1:2193346-2194222|CDS|CYB_2099	84.670	848	124	1	1	842	1	848	0.0	945
Ga0374727_20_4564_5115	CP000239.1:370021-370573|CDS|CYA_0352	100.000	552	0	0	1	552	1	552	0.0	996
Ga0374727_20_4564_5115	CP000240.1:2191975-2192503|CDS|CYB_2096	80.479	543	82	1	9	551	9	527	1.69e-147	519
Ga0374727_20_5179_5598	CP000239.1:370636-371056|CDS|CYA_0353	100.000	420	0	0	1	420	1	420	0.0	758
Ga0374727_20_5179_5598	CP000240.1:718708-719137|CDS|CYB_0702	82.619	420	73	0	1	420	10	429	1.76e-120	429
Ga0374727_20_5767_7416	CP000239.1:371224-372874|CDS|CYA_0355	100.000	1650	0	0	1	1650	1	1650	0.0	2976
Ga0374727_20_5767_7416	CP000240.1:719293-720901|CDS|CYB_0704	77.102	1677	288	8	1	1650	1	1608	0.0	1344
Ga0374727_20_7410_8603	CP000239.1:372867-374061|CDS|CYA_0354	99.916	1194	1	0	1	1194	1	1194	0.0	2150
Ga0374727_20_7410_8603	CP000240.1:720894-722103|CDS|CYB_0703	83.544	1185	193	2	11	1194	26	1209	0.0	1251
Ga0374727_21_682_1680	CP000240.1:1027681-1028665|CDS|CYB_0992	98.374	984	16	0	16	999	1	984	0.0	1703
Ga0374727_21_682_1680	CP000239.1:920305-921313|CDS|CYA_0911	80.781	973	179	5	31	999	40	1008	0.0	897
Ga0374727_21_1768_2472	CP000240.1:1026866-1027571|CDS|CYB_0991	96.454	705	25	0	1	705	1	705	0.0	1159
Ga0374727_21_1768_2472	CP000239.1:921362-922058|CDS|CYA_0912	84.157	688	100	1	8	695	8	686	0.0	754
Ga0374727_21_2479_3576	CP000240.1:1025762-1026860|CDS|CYB_0990	97.723	1098	25	0	1	1098	1	1098	0.0	1868
Ga0374727_21_2479_3576	CP000239.1:922064-923165|CDS|CYA_0913	86.013	1101	151	1	1	1098	1	1101	0.0	1290
Ga0374727_21_3709_3951	CP000240.1:1025387-1025630|CDS|CYB_0989	97.531	243	6	0	1	243	1	243	7.53e-116	412
Ga0374727_21_3709_3951	CP000239.1:923277-923520|CDS|CYA_0914	84.362	243	38	0	1	243	1	243	2.02e-72	268
Ga0374727_21_4465_5598	CP000240.1:1023739-1024873|CDS|CYB_0988	98.325	1134	19	0	1	1134	1	1134	0.0	1960
Ga0374727_21_4465_5598	CP000239.1:923753-924848|CDS|CYA_0915	84.615	1079	159	2	1	1078	1	1073	0.0	1196
Ga0374727_21_5667_7388	CP000240.1:1021949-1023713|CDS|CYB_0987	97.445	1722	44	0	1	1722	43	1764	0.0	2908
Ga0374727_21_5667_7388	CP000239.1:924901-926623|CDS|CYA_0916	85.024	1636	245	0	1	1636	25	1660	0.0	1847
Ga0374727_22_91_693	CP000240.1:2684271-2684874|CDS|CYB_2581	99.005	603	6	0	1	603	1	603	0.0	1061
Ga0374727_22_91_693	CP000239.1:1206092-1206695|CDS|CYA_1193	91.181	601	53	0	1	601	1	601	0.0	846
Ga0374727_22_1203_2627	CP000240.1:2682337-2683762|CDS|CYB_2579	98.456	1425	22	0	1	1425	1	1425	0.0	2471
Ga0374727_22_1203_2627	CP000239.1:1207203-1208628|CDS|CYA_1194	90.667	1425	133	0	1	1425	1	1425	0.0	1971
Ga0374727_22_2694_3095	CP000240.1:2681863-2682271|CDS|CYB_2578	98.810	336	4	0	1	336	1	336	8.13e-169	589
Ga0374727_22_2694_3095	CP000239.1:1208698-1209106|CDS|CYA_1195	89.614	337	35	0	1	337	1	337	5.14e-127	451
Ga0374727_22_3147_4394	CP000240.1:2686480-2687728|CDS|CYB_2587	97.193	1247	35	0	1	1247	1	1247	0.0	2092
Ga0374727_22_4880_5227	CP000240.1:2685647-2685995|CDS|CYB_2585	98.563	348	5	0	1	348	1	348	9.10e-174	606
Ga0374727_22_4880_5227	CP000239.1:1205227-1205575|CDS|CYA_1190	88.047	343	41	0	1	343	1	343	3.40e-122	434
Ga0374727_22_5670_5780	CP000240.1:2685097-2685208|CDS|CYB_2582	100.000	111	0	0	1	111	1	111	9.99e-53	201
Ga0374727_22_5670_5780	CP000239.1:1205838-1206003|CDS|CYA_1192	81.081	111	21	0	1	111	55	165	5.91e-24	106
Ga0374727_23_21_434	CP000240.1:2813526-2814921|CDS|CYB_2722	83.508	382	57	1	1	376	691	1072	5.67e-114	407
Ga0374727_23_434_1819	CP000239.1:2037845-2039396|CDS|CYA_2021	99.852	1351	2	0	1	1351	1	1351	0.0	2428
Ga0374727_23_434_1819	CP000240.1:2809890-2811441|CDS|CYB_2718	90.296	1350	131	0	2	1351	2	1351	0.0	1845
Ga0374727_23_2028_3902	CP000239.1:2035762-2037637|CDS|CYA_2020	99.893	1875	2	0	1	1875	1	1875	0.0	3373
Ga0374727_23_4024_4461	CP000239.1:2035203-2035641|CDS|CYA_2019	99.772	438	1	0	1	438	1	438	0.0	786
Ga0374727_23_4024_4461	CP000240.1:2915855-2916293|CDS|CYB_2814	85.388	438	64	0	1	438	1	438	1.02e-142	502
Ga0374727_23_4598_5167	CP000239.1:2034497-2035025|CDS|CYA_2018	100.000	528	0	0	43	570	1	528	0.0	953
Ga0374727_23_4598_5167	CP000240.1:2915117-2915645|CDS|CYB_2813	84.601	526	81	0	43	568	1	526	4.99e-167	584
Ga0374727_23_5180_5749	CP000239.1:2033861-2034485|CDS|CYA_2017	99.649	570	2	0	1	570	55	624	0.0	1020
Ga0374727_23_5180_5749	CP000240.1:2914443-2915112|CDS|CYB_2812	83.048	525	83	1	4	522	103	627	3.60e-156	547
Ga0374727_23_5860_6402	CP000239.1:2032759-2033854|CDS|CYA_2016	92.265	543	20	2	1	543	526	1046	0.0	801
Ga0374727_23_5860_6402	CP000240.1:2913346-2914447|CDS|CYB_2811	87.955	440	53	0	1	440	526	965	2.30e-158	555
Ga0374727_24_220_852	CP000239.1:863214-864228|CDS|CYA_0855	100.000	633	0	0	1	633	382	1014	0.0	1142
Ga0374727_24_220_852	CP000240.1:1465525-1466551|CDS|CYB_1393	90.016	631	63	0	3	633	396	1026	0.0	855
Ga0374727_24_1016_2023	CP000239.1:862121-863051|CDS|CYA_0853	99.785	930	2	0	79	1008	1	930	0.0	1669
Ga0374727_24_1016_2023	CP000240.1:1464368-1465361|CDS|CYB_1392	88.822	993	111	0	16	1008	1	993	0.0	1291
Ga0374727_24_2106_3461	CP000239.1:860605-861961|CDS|CYA_0852	99.926	1356	1	0	1	1356	1	1356	0.0	2442
Ga0374727_24_2106_3461	CP000240.1:1462918-1464274|CDS|CYB_1391	91.962	1356	109	0	1	1356	1	1356	0.0	1955
Ga0374727_24_4419_4793	CP000239.1:859233-859644|CDS|CYA_0850	100.000	375	0	0	1	375	37	411	0.0	677
Ga0374727_24_4419_4793	CP000240.1:2256064-2256475|CDS|CYB_2155	83.200	375	63	0	1	375	37	411	1.12e-109	393
Ga0374727_24_5188_5604	CP000240.1:2255435-2255786|CDS|CYB_2154	90.598	351	33	0	67	417	1	351	2.59e-137	485
Ga0374727_25_679_1065	CP000239.1:2190748-2191273|CDS|CYA_2174	100.000	387	0	0	1	387	139	525	0.0	699
Ga0374727_25_679_1065	CP000240.1:514666-515191|CDS|CYB_0503	89.147	387	42	0	1	387	139	525	6.01e-145	509
Ga0374727_25_1069_1779	CP000239.1:2191276-2191987|CDS|CYA_2175	99.719	711	2	0	1	711	1	711	0.0	1274
Ga0374727_25_1069_1779	CP000240.1:513958-514663|CDS|CYB_0502	82.003	689	124	0	18	706	12	700	0.0	684
Ga0374727_25_1786_2505	CP000239.1:2191993-2192713|CDS|CYA_2176	99.722	720	2	0	1	720	1	720	0.0	1290
Ga0374727_25_2658_3773	CP000239.1:2192865-2193981|CDS|CYA_2177	95.609	1116	49	0	1	1116	1	1116	0.0	1792
Ga0374727_25_2658_3773	CP000240.1:534373-535513|CDS|CYB_0519	84.491	1109	172	0	1	1109	25	1133	0.0	1225
Ga0374727_25_3778_5064	CP000239.1:2193985-2195272|CDS|CYA_2178	99.922	1287	1	0	1	1287	1	1287	0.0	2317
Ga0374727_25_3778_5064	CP000240.1:2415750-2417037|CDS|CYB_2305	88.034	1287	154	0	1	1287	1	1287	0.0	1627
Ga0374727_25_5102_6115	CP000239.1:2195309-2196320|CDS|CYA_2179	100.000	1007	0	0	1	1007	1	1007	0.0	1817
Ga0374727_25_5102_6115	CP000240.1:2417062-2418073|CDS|CYB_2306	86.169	1005	139	0	1	1005	1	1005	0.0	1187
Ga0374727_26_213_524	CP000239.1:2123363-2125556|CDS|CYA_2106	99.679	312	1	0	1	312	1882	2193	1.05e-159	559
Ga0374727_26_213_524	CP000240.1:2754665-2756882|CDS|CYB_2668	86.380	279	38	0	1	279	1882	2160	7.61e-92	333
Ga0374727_26_521_1219	CP000239.1:2122668-2123367|CDS|CYA_2107	99.857	699	1	0	1	699	1	699	0.0	1257
Ga0374727_26_521_1219	CP000240.1:2753885-2754590|CDS|CYB_2667	82.446	695	122	0	1	695	1	695	0.0	704
Ga0374727_26_1302_1676	CP000239.1:2122211-2122586|CDS|CYA_2105	99.733	375	1	0	1	375	1	375	0.0	673
Ga0374727_26_1302_1676	CP000240.1:2753409-2753784|CDS|CYB_2666	83.467	375	62	0	1	375	1	375	2.64e-111	398
Ga0374727_26_1956_2900	CP000239.1:2120987-2121932|CDS|CYA_2104	100.000	945	0	0	1	945	1	945	0.0	1705
Ga0374727_26_1956_2900	CP000240.1:2752204-2753149|CDS|CYB_2665	86.645	906	121	0	1	906	1	906	0.0	1089
Ga0374727_26_3038_3910	CP000239.1:2119977-2120823|CDS|CYA_2103	99.882	846	1	0	28	873	1	846	0.0	1522
Ga0374727_26_3038_3910	CP000240.1:2751213-2752080|CDS|CYB_2664	84.722	864	132	0	10	873	4	867	0.0	964
Ga0374727_26_4156_4467	CP000239.1:2119222-2119831|CDS|CYA_2102	100.000	312	0	0	1	312	411	100	2.48e-161	563
Ga0374727_26_4156_4467	CP000240.1:2749613-2750246|CDS|CYB_2661	87.500	312	39	0	1	312	435	124	3.94e-108	388
Ga0374727_26_4411_4659	CP000239.1:2119222-2119831|CDS|CYA_2102	79.608	255	46	2	1	249	355	609	7.75e-59	223
Ga0374727_26_4411_4659	CP000240.1:2749613-2750246|CDS|CYB_2661	77.253	233	47	2	1	227	379	611	2.89e-45	178
Ga0374727_26_4760_4921	CP000240.1:2749353-2749542|CDS|CYB_2660	79.874	159	20	1	1	147	1	159	8.70e-37	150
Ga0374727_26_4760_4921	CP000239.1:2118940-2119129|CDS|CYA_2101	79.874	159	20	1	1	147	1	159	8.70e-37	150
Ga0374727_26_5399_5962	CP000239.1:2113504-2116435|CDS|CYA_2098	100.000	564	0	0	1	564	2368	2931	0.0	1018
Ga0374727_26_5399_5962	CP000240.1:149925-152892|CDS|CYB_0137	90.664	557	52	0	1	557	2404	2960	0.0	771
Ga0374727_26_5971_6231	CP000239.1:2116443-2117259|CDS|CYA_2099	100.000	261	0	0	1	261	556	816	9.91e-134	471
Ga0374727_27_790_1107	CP000239.1:2342431-2342749|CDS|CYA_2337	99.686	318	1	0	1	318	1	318	5.95e-163	570
Ga0374727_27_1146_2087	CP000239.1:2341358-2342393|CDS|CYA_2336	99.788	942	2	0	1	942	94	1035	0.0	1691
Ga0374727_27_1146_2087	CP000240.1:1167879-1168899|CDS|CYB_1130	86.093	942	131	0	1	942	79	1020	0.0	1109
Ga0374727_27_1146_2087	CP000240.1:953730-954756|CDS|CYB_0917	75.128	780	190	4	117	894	192	969	2.93e-147	518
Ga0374727_27_2419_2817	CP000239.1:2340707-2341106|CDS|CYA_2335	99.248	399	3	0	1	399	1	399	0.0	707
Ga0374727_27_2419_2817	CP000240.1:1796273-1796669|CDS|CYB_1713	79.793	386	78	0	12	397	9	394	1.56e-95	345
Ga0374727_27_2902_5760	CP000239.1:2337764-2340623|CDS|CYA_2333	99.755	2859	7	0	1	2859	1	2859	0.0	5125
Ga0374727_27_2902_5760	CP000240.1:1588913-1592726|CDS|CYB_1515	79.672	2253	440	8	1	2250	1	2238	0.0	1979
Ga0374727_27_5757_5984	CP000239.1:2336151-2337768|CDS|CYA_2334	100.000	228	0	0	1	228	1390	1617	7.01e-116	412
Ga0374727_27_5757_5984	CP000240.1:1592884-1594510|CDS|CYB_1516	74.611	193	45	4	4	194	1411	1601	9.16e-26	113
Ga0374727_28_11_1036	CP000239.1:2483585-2484572|CDS|CYA_2474	100.000	987	0	0	40	1026	1	987	0.0	1781
Ga0374727_28_11_1036	CP000240.1:2174262-2175306|CDS|CYB_2078	87.792	983	120	0	40	1022	1	983	0.0	1232
Ga0374727_28_1173_1598	CP000239.1:2483023-2483449|CDS|CYA_2472	100.000	426	0	0	1	426	1	426	0.0	769
Ga0374727_28_1587_2828	CP000239.1:2481733-2483035|CDS|CYA_2473	99.758	1242	3	0	1	1242	61	1302	0.0	2227
Ga0374727_28_1587_2828	CP000240.1:2172471-2173725|CDS|CYB_2077	87.687	1202	142	1	1	1196	1	1202	0.0	1502
Ga0374727_28_3012_4175	CP000239.1:2480446-2481610|CDS|CYA_2471	100.000	1164	0	0	1	1164	1	1164	0.0	2100
Ga0374727_28_3012_4175	CP000240.1:2171191-2172361|CDS|CYB_2075	89.726	1168	114	1	1	1162	1	1168	0.0	1567
Ga0374727_28_4178_4459	CP000239.1:2480162-2480444|CDS|CYA_2470	100.000	282	0	0	1	282	1	282	4.29e-145	509
Ga0374727_28_4178_4459	CP000240.1:2170907-2171189|CDS|CYB_2074	90.580	276	26	0	1	276	1	276	1.50e-106	381
Ga0374727_29_5_1252	CP000240.1:575975-577478|CDS|CYB_0566	92.548	1248	93	0	1	1248	256	1503	0.0	1832
Ga0374727_29_5_1252	CP000239.1:544261-545764|CDS|CYA_0529	84.647	1231	178	4	1	1221	256	1485	0.0	1361
Ga0374727_29_1370_2194	CP000240.1:575033-575858|CDS|CYB_0565	99.273	825	6	0	1	825	1	825	0.0	1462
Ga0374727_29_1370_2194	CP000239.1:545800-546625|CDS|CYA_0530	88.364	825	96	0	1	825	1	825	0.0	1056
Ga0374727_29_2202_2384_DR1	CP000240.1:2473047-2474172|CDS|CYB_2367	97.222	36	1	0	1	36	87	122	3.97e-11	61.7
Ga0374727_29_2202_2384_DR2	CP000240.1:2473047-2474172|CDS|CYB_2367	100.000	36	0	0	1	36	87	122	9.34e-13	66.2
Ga0374727_29_2202_2384_DR2	CP000240.1:380442-381219|CDS|CYB_0364	100.000	34	0	0	3	36	729	762	1.14e-11	62.6
Ga0374727_29_2202_2384_DR3	CP000240.1:2473047-2474172|CDS|CYB_2367	100.000	36	0	0	1	36	87	122	9.34e-13	66.2
Ga0374727_29_2202_2384_DR3	CP000240.1:380442-381219|CDS|CYB_0364	100.000	34	0	0	3	36	729	762	1.14e-11	62.6
Ga0374727_30_133_873	CP000240.1:1020246-1020951|CDS|CYB_0985	98.014	705	14	0	37	741	1	705	0.0	1209
Ga0374727_30_133_873	CP000239.1:927518-928223|CDS|CYA_0918	84.317	695	109	0	45	739	9	703	0.0	763
Ga0374727_30_948_1754	CP000240.1:1019365-1020172|CDS|CYB_0984	99.257	807	6	0	1	807	1	807	0.0	1429
Ga0374727_30_948_1754	CP000239.1:928297-929104|CDS|CYA_0919	84.511	807	125	0	1	807	1	807	0.0	893
Ga0374727_30_1844_2353	CP000240.1:1018037-1019276|CDS|CYB_0983	97.843	510	11	0	1	510	730	1239	0.0	871
Ga0374727_30_1844_2353	CP000239.1:157000-158224|CDS|CYA_0161	82.195	483	86	0	2	484	731	1213	3.20e-137	484
Ga0374727_30_2337_3083	CP000240.1:1018037-1019276|CDS|CYB_0983	97.456	747	18	1	1	747	1	746	0.0	1259
Ga0374727_30_2337_3083	CP000239.1:157000-158224|CDS|CYA_0161	86.881	747	97	1	1	747	1	746	0.0	902
Ga0374727_30_3423_3791	CP000240.1:1017329-1017698|CDS|CYB_0982	99.187	369	3	0	1	369	1	369	0.0	653
Ga0374727_30_3423_3791	CP000239.1:158573-158942|CDS|CYA_0162	89.702	369	38	0	1	369	1	369	1.26e-140	495
Ga0374727_30_4048_4851	CP000240.1:1016269-1017004|CDS|CYB_0980	99.316	731	5	0	70	800	1	731	0.0	1297
Ga0374727_30_4048_4851	CP000239.1:159201-159990|CDS|CYA_0163	82.507	766	119	1	37	802	37	787	0.0	787
Ga0374727_31_723_860	CP000240.1:775172-775310|CDS|CYB_0751	89.855	138	14	0	1	138	1	138	2.87e-48	187
Ga0374727_31_947_2020	CP000239.1:820042-821119|CDS|CYA_0809	99.057	1060	10	0	1	1060	1	1060	0.0	1867
Ga0374727_31_947_2020	CP000240.1:775404-776481|CDS|CYB_0752	84.688	1058	162	0	11	1068	2	1059	0.0	1178
Ga0374727_31_2121_2396	CP000240.1:776568-776844|CDS|CYB_0753	98.913	276	3	0	1	276	1	276	1.67e-137	485
Ga0374727_31_2121_2396	CP000239.1:817917-818223|CDS|CYA_0806	84.015	269	43	0	1	269	31	299	2.04e-79	292
Ga0374727_31_2722_3015	CP000240.1:776907-777240|CDS|CYB_0754	96.599	294	10	0	1	294	40	333	5.12e-138	486
Ga0374727_31_2722_3015	CP000239.1:817527-817860|CDS|CYA_0805	80.287	279	55	0	1	279	40	318	1.57e-68	256
Ga0374727_31_3209_3931	CP000240.1:777393-778116|CDS|CYB_0755	99.032	723	7	0	1	723	1	723	0.0	1273
Ga0374727_31_3209_3931	CP000239.1:816710-817436|CDS|CYA_0804	82.913	714	122	0	1	714	1	714	0.0	738
Ga0374727_31_4063_4176	CP000240.1:778112-778340|CDS|CYB_0756	96.774	93	3	0	22	114	228	136	1.34e-38	155
Ga0374727_32_1634_2014	CP000239.1:2931983-2932364|CDS|CYA_2904	100.000	381	0	0	1	381	1	381	0.0	688
Ga0374727_32_1634_2014	CP000240.1:3045884-3046286|CDS|CYB_2941	87.006	354	46	0	1	354	1	354	1.30e-121	432
Ga0374727_32_2105_2245	CP000239.1:2932454-2932595|CDS|CYA_2905	100.000	141	0	0	1	141	1	141	6.91e-69	255
Ga0374727_32_2105_2245	CP000240.1:3046379-3046520|CDS|CYB_2942	93.617	141	9	0	1	141	1	141	2.12e-56	214
Ga0374727_32_2487_3890	CP000239.1:70-1474|CDS|CYA_0001	99.858	1404	2	0	1	1404	1	1404	0.0	2524
Ga0374727_32_2487_3890	CP000240.1:63-1467|CDS|CYB_0001	87.607	1404	174	0	1	1404	1	1404	0.0	1748
Ga0374727_33_230_1414	CP000239.1:1881952-1883137|CDS|CYA_1878	99.072	1185	11	0	1	1185	1	1185	0.0	2088
Ga0374727_33_230_1414	CP000240.1:1630632-1631817|CDS|CYB_1557	89.358	1184	126	0	1	1184	1	1184	0.0	1568
Ga0374727_33_1593_2330	CP000239.1:1883315-1884053|CDS|CYA_1880	100.000	738	0	0	1	738	1	738	0.0	1332
Ga0374727_33_1593_2330	CP000240.1:1629669-1630407|CDS|CYB_1555	87.381	737	93	0	1	737	1	737	0.0	911
Ga0374727_33_2327_3295	CP000239.1:1884049-1885003|CDS|CYA_1879	99.895	954	1	0	16	969	1	954	0.0	1717
Ga0374727_33_2327_3295	CP000240.1:1628713-1629673|CDS|CYB_1556	89.809	942	96	0	16	957	1	942	0.0	1267
Ga0374727_34_303_851	CP000240.1:2432096-2432645|CDS|CYB_2322	99.636	549	2	0	1	549	1	549	0.0	982
Ga0374727_34_303_851	CP000239.1:1210708-1211260|CDS|CYA_1199	80.727	550	103	1	1	547	1	550	7.13e-146	513
Ga0374727_34_303_851	CP000239.1:1210660-1211167|CDS|CYA_1200	81.838	457	83	0	91	547	507	51	7.14e-127	451
Ga0374727_34_1409_2392	CP000240.1:2430557-2431541|CDS|CYB_2320	98.882	984	11	0	1	984	1	984	0.0	1726
Ga0374727_34_1409_2392	CP000239.1:1211786-1212764|CDS|CYA_1201	88.347	944	110	0	41	984	35	978	0.0	1207
Ga0374727_34_2389_2595	CP000240.1:2429835-2430561|CDS|CYB_2318	97.585	207	5	0	1	207	1	207	1.81e-97	352
Ga0374727_34_2389_2595	CP000239.1:1212760-1213486|CDS|CYA_1203	80.588	170	33	0	1	170	1	170	2.20e-39	159
Ga0374727_34_2614_3114	CP000240.1:2429835-2430561|CDS|CYB_2318	99.401	501	3	0	1	501	226	726	0.0	891
Ga0374727_34_2614_3114	CP000239.1:1212760-1213486|CDS|CYA_1203	81.764	499	91	0	1	499	226	724	7.39e-139	490
Ga0374727_34_3092_4111	CP000240.1:2429084-2429858|CDS|CYB_2319	97.674	774	18	0	247	1020	1	774	0.0	1315
Ga0374727_35_751_1335	CP000239.1:1954078-1954609|CDS|CYA_1943	100.000	531	0	0	55	585	1	531	0.0	958
Ga0374727_35_751_1335	CP000240.1:142154-142679|CDS|CYB_0129	85.714	525	75	0	61	585	1	525	1.29e-174	609
Ga0374727_35_1430_3712	CP000239.1:1954757-1957040|CDS|CYA_1944	99.431	2283	13	0	1	2283	1	2283	0.0	4059
Ga0374727_35_1430_3712	CP000240.1:1617329-1619612|CDS|CYB_1543	85.595	2284	327	2	1	2283	1	2283	0.0	2629
Ga0374727_35_3842_3988	CP000239.1:1958287-1958773|CDS|CYA_1946	100.000	114	0	0	1	114	1	114	3.30e-54	206
Ga0374727_35_3842_3988	CP000240.1:844278-844764|CDS|CYB_0815	90.265	113	11	0	1	113	1	113	1.83e-38	155
Ga0374727_36_554_1072	CP000240.1:380442-381219|CDS|CYB_0364	99.807	519	1	0	1	519	259	777	0.0	932
Ga0374727_36_554_1072	CP000239.1:2250413-2251124|CDS|CYA_2236	81.637	452	78	3	1	450	259	707	1.81e-121	433
Ga0374727_36_1572_1790	CP000240.1:379606-379825|CDS|CYB_0363	100.000	219	0	0	1	219	1	219	5.16e-111	396
Ga0374727_36_1572_1790	CP000239.1:2767285-2767540|CDS|CYA_2747	83.105	219	31	1	1	219	43	255	4.53e-61	230
Ga0374727_36_1989_2516	CP000240.1:378803-379409|CDS|CYB_0362	98.674	528	7	0	1	528	79	606	0.0	921
Ga0374727_36_1989_2516	CP000239.1:2766532-2767138|CDS|CYA_2746	84.586	519	80	0	1	519	79	597	6.84e-165	576
Ga0374727_36_2948_3871	CP000240.1:377265-378450|CDS|CYB_0361	97.511	924	23	0	1	924	262	1185	0.0	1563
Ga0374727_36_2948_3871	CP000239.1:2199574-2200729|CDS|CYA_2182	76.557	883	203	3	2	882	239	1119	0.0	650
Ga0374727_37_14_241	CP000239.1:2085906-2086185|CDS|CYA_2065	100.000	228	0	0	1	228	52	279	7.01e-116	412
Ga0374727_37_480_1313	CP000239.1:2086423-2087257|CDS|CYA_2066	100.000	834	0	0	1	834	1	834	0.0	1505
Ga0374727_37_480_1313	CP000240.1:2073417-2074254|CDS|CYB_1974	80.825	824	128	2	1	794	1	824	0.0	792
Ga0374727_37_1522_2367	CP000239.1:2087285-2088311|CDS|CYA_2067	99.882	846	1	0	1	846	181	1026	0.0	1522
Ga0374727_37_1522_2367	CP000240.1:2071776-2072670|CDS|CYB_1972	84.754	833	127	0	2	834	50	882	0.0	930
Ga0374727_37_2638_3003	CP000239.1:2088581-2088947|CDS|CYA_2069	100.000	366	0	0	1	366	1	366	0.0	661
Ga0374727_37_2638_3003	CP000240.1:654686-655052|CDS|CYB_0644	86.066	366	51	0	1	366	1	366	4.36e-121	431
Ga0374727_37_3078_3530	CP000239.1:2089021-2089474|CDS|CYA_2070	99.779	453	1	0	1	453	1	453	0.0	813
Ga0374727_37_3078_3530	CP000240.1:655132-655558|CDS|CYB_0645	77.704	453	74	3	1	453	1	426	1.29e-103	373
Ga0374727_38_180_431	CP000240.1:2704708-2704960|CDS|CYB_2606	100.000	252	0	0	1	252	1	252	7.33e-129	455
Ga0374727_38_180_431	CP000239.1:1187702-1187954|CDS|CYA_1169	88.889	252	28	0	1	252	1	252	7.34e-91	329
Ga0374727_38_431_646	CP000240.1:2704487-2704709|CDS|CYB_2605	99.074	216	2	0	1	216	7	222	1.12e-106	381
Ga0374727_38_431_646	CP000239.1:1187953-1188190|CDS|CYA_1170	87.113	194	25	0	1	194	7	200	3.01e-63	238
Ga0374727_38_666_1133	CP000240.1:2704006-2704474|CDS|CYB_2604	98.932	468	5	0	1	468	1	468	0.0	822
Ga0374727_38_666_1133	CP000239.1:1188207-1188684|CDS|CYA_1171	87.892	446	54	0	1	446	1	446	1.33e-160	562
Ga0374727_38_1189_1959	CP000240.1:2703180-2703951|CDS|CYB_2603	99.870	771	1	0	1	771	1	771	0.0	1387
Ga0374727_38_1189_1959	CP000239.1:1188739-1189486|CDS|CYA_1172	83.787	771	101	2	1	771	1	747	0.0	840
Ga0374727_38_2002_2376	CP000240.1:2702763-2703138|CDS|CYB_2602	100.000	375	0	0	1	375	1	375	0.0	677
Ga0374727_38_2002_2376	CP000239.1:1189527-1189899|CDS|CYA_1173	88.235	374	41	1	1	374	1	371	1.20e-134	475
Ga0374727_38_2422_2703	CP000240.1:2702436-2702718|CDS|CYB_2601	96.809	282	9	0	1	282	1	282	1.31e-132	469
Ga0374727_38_2422_2703	CP000239.1:1189941-1190223|CDS|CYA_1174	91.786	280	23	0	1	280	1	280	1.60e-112	402
Ga0374727_38_2770_3396	CP000240.1:2701485-2702370|CDS|CYB_2600	96.651	627	21	0	1	627	259	885	0.0	1037
Ga0374727_38_2770_3396	CP000239.1:1190301-1191186|CDS|CYA_1175	87.961	623	75	0	4	626	262	884	0.0	786
Ga0374727_39_163_1296	CP000240.1:2427163-2428297|CDS|CYB_2316	99.118	1134	10	0	1	1134	1	1134	0.0	2001
Ga0374727_39_163_1296	CP000239.1:1214994-1216128|CDS|CYA_1205	88.183	1134	134	0	1	1134	1	1134	0.0	1442
Ga0374727_39_1522_2424	CP000240.1:2426035-2426938|CDS|CYB_2315	99.889	903	1	0	1	903	1	903	0.0	1625
Ga0374727_39_1522_2424	CP000239.1:1216338-1217253|CDS|CYA_1206	87.542	899	112	0	1	899	13	911	0.0	1117
Ga0374727_40_12_1082	CP000239.1:2471112-2472348|CDS|CYA_2460	97.012	1071	32	0	1	1071	166	1236	0.0	1788
Ga0374727_40_12_1082	CP000240.1:1489480-1490731|CDS|CYB_1421	88.899	1063	118	0	1	1063	166	1228	0.0	1386
Ga0374727_40_1257_2171	CP000239.1:2472468-2473437|CDS|CYA_2461	99.672	915	3	0	1	915	55	969	0.0	1637
Ga0374727_40_1257_2171	CP000240.1:1501790-1502765|CDS|CYB_1431	86.199	913	126	0	1	913	55	967	0.0	1079
Ga0374727_40_2200_2763	CP000239.1:2473465-2474020|CDS|CYA_2462	99.640	555	2	0	10	564	1	555	0.0	993
Ga0374727_41_1513_2148	CP000240.1:2153281-2153917|CDS|CYB_2053	99.371	636	4	0	1	636	1	636	0.0	1130
Ga0374727_42_8_559	CP000239.1:2474425-2474977|CDS|CYA_2464	99.819	552	1	0	1	552	1	552	0.0	992
Ga0374727_42_8_559	CP000240.1:1503975-1504527|CDS|CYB_1434	86.413	552	75	0	1	552	1	552	0.0	658
Ga0374727_42_8_559	CP000239.1:1835352-1835898|CDS|CYA_1831	70.143	489	144	2	47	534	47	534	7.69e-57	217
Ga0374727_42_8_559	CP000240.1:423915-424461|CDS|CYB_0414	69.530	489	147	2	47	534	47	534	1.69e-52	204
Ga0374727_42_808_2061	CP000239.1:2475225-2476479|CDS|CYA_2465	100.000	1254	0	0	1	1254	1	1254	0.0	2262
Ga0374727_42_808_2061	CP000240.1:1504814-1506077|CDS|CYB_1436	82.703	1058	178	3	147	1203	159	1212	0.0	1075
Ga0374727_44_7_879	CP000239.1:1146622-1148851|CDS|CYA_1120	99.771	873	2	0	1	873	1357	2229	0.0	1566
Ga0374727_44_7_879	CP000240.1:1140272-1142549|CDS|CYB_1106	76.457	875	170	5	1	848	1369	2234	0.0	660
Ga0374727_44_902_1165	CP000239.1:1146147-1146600|CDS|CYA_1119	100.000	264	0	0	1	264	190	453	2.36e-135	477
Ga0374727_44_902_1165	CP000240.1:1436813-1437128|CDS|CYB_1367	82.283	254	45	0	1	254	52	305	1.40e-68	256
Ga0374727_44_1201_1833	CP000240.1:1432668-1433301|CDS|CYB_1361	91.311	633	55	0	1	633	1	633	0.0	894
Ga0374727_44_1201_1833	CP000239.1:1142038-1142671|CDS|CYA_1113	87.836	633	77	0	1	633	1	633	0.0	795
Ga0374727_44_1891_2181	CP000240.1:1433358-1433664|CDS|CYB_1362	95.533	291	13	0	1	291	16	306	4.75e-132	467
Ga0374727_44_1891_2181	CP000239.1:1142910-1143216|CDS|CYA_1114	95.189	291	14	0	1	291	16	306	5.78e-131	462
Ga0374727_45_16_120	CP000239.1:1135413-1137369|CDS|CYA_1109	100.000	105	0	0	1	105	1852	1956	1.68e-49	190
Ga0374727_45_16_120	CP000240.1:1423512-1425348|CDS|CYB_1355	90.099	101	10	0	1	101	1732	1832	9.33e-34	138
Ga0374727_48_967_1527	CP000239.1:1670798-1671482|CDS|CYA_1668	100.000	561	0	0	1	561	124	684	0.0	1012
Ga0374727_48_967_1527	CP000240.1:1074735-1075494|CDS|CYB_1032	80.370	540	100	1	1	540	220	753	5.61e-141	498
Ga0374727_48_1818_2087	CP000239.1:1670100-1670631|CDS|CYA_1667	100.000	270	0	0	1	270	262	531	1.34e-138	488
Ga0374727_48_1818_2087	CP000240.1:1074129-1074669|CDS|CYB_1031	84.337	249	39	0	1	249	262	510	5.34e-74	274
Ga0374727_49_58_1107	CP000240.1:1160014-1160992|CDS|CYB_1123	96.725	977	32	0	73	1049	1	977	0.0	1618
Ga0374727_49_58_1107	CP000239.1:2349172-2350231|CDS|CYA_2342	88.370	1049	119	1	1	1049	13	1058	0.0	1341
Ga0374727_49_1190_1477	CP000240.1:1161073-1161361|CDS|CYB_1124	97.569	288	7	0	1	288	1	288	1.44e-138	489
Ga0374727_50_56_457	CP000239.1:1277777-1278923|CDS|CYA_1262	95.562	338	15	0	64	401	1	338	1.06e-154	543
Ga0374727_50_545_1231	CP000239.1:706634-707576|CDS|CYA_0700	82.239	670	103	3	1	668	241	896	0.0	673
Ga0374727_50_545_1231	CP000240.1:2999219-3000161|CDS|CYB_2900	81.872	673	106	2	1	671	241	899	0.0	670
