Ga0374731_01_153_395	CP000239.1:2200784-2203076|CDS|CYA_2183	100.000	225	0	0	1	225	1	225	3.20e-114	407
Ga0374731_01_697_2031	CP000239.1:2203377-2204712|CDS|CYA_2184	99.925	1335	1	0	1	1335	1	1335	0.0	2404
Ga0374731_01_697_2031	CP000240.1:1478036-1479386|CDS|CYB_1410	85.224	1340	183	3	1	1325	1	1340	0.0	1525
Ga0374731_01_2057_2662	CP000239.1:2204737-2205343|CDS|CYA_2185	100.000	606	0	0	1	606	1	606	0.0	1094
Ga0374731_01_2057_2662	CP000240.1:1477420-1478002|CDS|CYB_1409	83.392	572	95	0	34	605	10	581	5.68e-173	604
Ga0374731_01_2864_3934	CP000239.1:2205544-2206615|CDS|CYA_2186	100.000	1071	0	0	1	1071	1	1071	0.0	1932
Ga0374731_01_2864_3934	CP000240.1:1475731-1476802|CDS|CYB_1407	90.850	1071	98	0	1	1071	1	1071	0.0	1490
Ga0374731_01_4481_4726	CP000239.1:2207154-2208510|CDS|CYA_2187	100.000	246	0	0	1	246	1111	1356	1.29e-125	444
Ga0374731_01_5033_6139	CP000239.1:2207154-2208510|CDS|CYA_2187	99.725	1089	3	0	1	1089	1	1089	0.0	1951
Ga0374731_01_6403_7068	CP000239.1:2208773-2209502|CDS|CYA_2189	92.900	662	47	0	5	666	68	729	0.0	983
Ga0374731_01_6403_7068	CP000240.1:1474725-1475442|CDS|CYB_1406	84.152	631	100	0	1	631	64	694	0.0	688
Ga0374731_01_7263_8699	CP000239.1:2209664-2211101|CDS|CYA_2190	90.118	1437	142	0	1	1437	1	1437	0.0	1952
Ga0374731_01_7263_8699	CP000240.1:1473109-1474546|CDS|CYB_1405	89.283	1437	154	0	1	1437	1	1437	0.0	1898
Ga0374731_01_8826_9599	CP000240.1:1471669-1472485|CDS|CYB_1403	87.203	758	97	0	1	758	1	758	0.0	930
Ga0374731_01_8826_9599	CP000239.1:2211841-2212657|CDS|CYA_2193	85.752	758	108	0	1	758	1	758	0.0	881
Ga0374731_01_9596_10882	CP000239.1:2212653-2213943|CDS|CYA_2194	86.981	1252	149	8	43	1287	46	1290	0.0	1500
Ga0374731_01_9596_10882	CP000240.1:1470380-1471673|CDS|CYB_1402	82.195	1230	207	7	43	1266	46	1269	0.0	1211
Ga0374731_01_11556_12008	CP000239.1:2214616-2215069|CDS|CYA_2195	100.000	453	0	0	1	453	1	453	0.0	818
Ga0374731_01_11556_12008	CP000240.1:785038-785491|CDS|CYB_0763	86.093	453	63	0	1	453	1	453	6.22e-152	534
Ga0374731_01_12145_13545	CP000239.1:2215205-2216606|CDS|CYA_2196	100.000	1401	0	0	1	1401	1	1401	0.0	2527
Ga0374731_01_12145_13545	CP000240.1:783495-784899|CDS|CYB_0762	82.552	1387	233	2	1	1381	1	1384	0.0	1410
Ga0374731_01_13867_14292	CP000239.1:2216927-2217353|CDS|CYA_2197	99.765	426	1	0	1	426	1	426	0.0	765
Ga0374731_01_13867_14292	CP000240.1:2127611-2128025|CDS|CYB_2025	72.038	422	106	1	1	422	1	410	2.18e-62	236
Ga0374731_01_14374_14493	CP000239.1:2217436-2217676|CDS|CYA_2198	100.000	120	0	0	1	120	121	240	1.43e-57	217
Ga0374731_01_14374_14493	CP000240.1:2127281-2127521|CDS|CYB_2024	86.555	119	16	0	1	119	121	239	2.59e-35	143
Ga0374731_01_14756_14944	CP000239.1:2217818-2218007|CDS|CYA_2200	100.000	189	0	0	1	189	1	189	8.44e-95	342
Ga0374731_01_14756_14944	CP000240.1:2126947-2127142|CDS|CYB_2022	85.246	183	27	0	1	183	1	183	1.25e-54	209
Ga0374731_01_14926_16011	CP000239.1:2217988-2219059|CDS|CYA_2199	99.907	1071	1	0	16	1086	1	1071	0.0	1928
Ga0374731_01_14926_16011	CP000240.1:2126003-2126951|CDS|CYB_2023	81.876	938	156	4	138	1068	15	945	0.0	921
Ga0374731_01_15993_16595	CP000239.1:2219055-2219643|CDS|CYA_2201	100.000	588	0	0	16	603	1	588	0.0	1061
Ga0374731_01_15993_16595	CP000240.1:2125296-2125899|CDS|CYB_2021	85.185	594	86	2	1	593	1	593	0.0	668
Ga0374731_01_16734_17024	CP000239.1:2219796-2220123|CDS|CYA_2202	100.000	291	0	0	1	291	37	327	5.78e-150	526
Ga0374731_01_16734_17024	CP000240.1:2124862-2125189|CDS|CYB_2020	89.347	291	31	0	1	291	37	327	1.27e-107	386
Ga0374731_01_17102_17449	CP000239.1:2220164-2220512|CDS|CYA_2204	100.000	348	0	0	1	348	1	348	0.0	628
Ga0374731_01_17102_17449	CP000240.1:2124481-2124820|CDS|CYB_2019	77.337	353	61	5	1	348	1	339	2.45e-73	271
Ga0374731_01_17446_17604	CP000239.1:2220508-2220667|CDS|CYA_2205	100.000	159	0	0	1	159	1	159	1.35e-78	288
Ga0374731_01_17446_17604	CP000240.1:2124008-2124485|CDS|CYB_2018	78.125	160	31	2	1	158	1	158	9.71e-30	126
Ga0374731_01_18009_19850	CP000239.1:2221070-2222912|CDS|CYA_2206	99.946	1842	1	0	1	1842	1	1842	0.0	3318
Ga0374731_01_18009_19850	CP000240.1:1620131-1621991|CDS|CYB_1545	85.324	1867	240	4	1	1841	1	1859	0.0	2145
Ga0374731_01_20271_20684	CP000239.1:2223209-2223746|CDS|CYA_2208	100.000	414	0	0	1	414	124	537	0.0	747
Ga0374731_01_20271_20684	CP000240.1:782479-783010|CDS|CYB_0761	79.487	390	80	0	1	390	124	513	5.67e-95	343
Ga0374731_01_21822_22379	CP000239.1:2224763-2225393|CDS|CYA_2210	99.642	558	2	0	1	558	73	630	0.0	998
Ga0374731_01_21822_22379	CP000240.1:1087212-1087833|CDS|CYB_1048	82.129	526	94	0	2	527	74	599	1.15e-149	526
Ga0374731_01_23152_23328	CP000239.1:2226165-2226342|CDS|CYA_2211	100.000	177	0	0	1	177	1	177	2.56e-88	320
Ga0374731_01_23763_24869	CP000239.1:2226776-2227883|CDS|CYA_2212	99.819	1107	2	0	1	1107	1	1107	0.0	1988
Ga0374731_01_23763_24869	CP000240.1:1090988-1092098|CDS|CYB_1054	84.481	1089	163	1	1	1083	1	1089	0.0	1204
Ga0374731_01_25087_25419	CP000239.1:2228070-2228433|CDS|CYA_2213	100.000	333	0	0	1	333	31	363	1.06e-172	601
Ga0374731_01_25087_25419	CP000240.1:1090460-1090823|CDS|CYB_1052	86.446	332	45	0	2	333	32	363	8.15e-111	397
Ga0374731_01_25444_25680	CP000239.1:2228457-2228694|CDS|CYA_2214	100.000	237	0	0	1	237	1	237	9.52e-121	428
Ga0374731_01_25444_25680	CP000240.1:1090199-1090436|CDS|CYB_1051	89.030	237	26	0	1	237	1	237	1.84e-85	311
Ga0374731_01_25754_26482	CP000239.1:2228767-2229514|CDS|CYA_2215	99.863	729	1	0	1	729	19	747	0.0	1311
Ga0374731_01_25754_26482	CP000240.1:1089413-1090160|CDS|CYB_1050	82.990	729	124	0	1	729	19	747	0.0	756
Ga0374731_01_26602_27648	CP000239.1:2229714-2230662|CDS|CYA_2216	100.000	948	0	0	100	1047	1	948	0.0	1710
Ga0374731_01_26602_27648	CP000240.1:1088231-1089179|CDS|CYB_1049	85.441	941	137	0	100	1040	1	941	0.0	1080
Ga0374731_01_28046_30013	CP000239.1:2231059-2233144|CDS|CYA_2217	99.898	1968	2	0	1	1968	118	2085	0.0	3541
Ga0374731_01_28046_30013	CP000240.1:1516616-1518803|CDS|CYB_1446	84.365	1842	256	7	156	1966	345	2185	0.0	2021
Ga0374731_01_30236_31510	CP000239.1:2233249-2235388|CDS|CYA_2218	99.922	1275	1	0	1	1275	865	2139	0.0	2296
Ga0374731_01_30236_31510	CP000240.1:1514302-1516441|CDS|CYB_1445	89.255	1275	137	0	1	1275	865	2139	0.0	1682
Ga0374731_01_31546_32034	CP000239.1:2233249-2235388|CDS|CYA_2218	97.546	489	1	1	1	489	352	829	0.0	834
Ga0374731_01_31546_32034	CP000240.1:1514302-1516441|CDS|CYB_1445	85.216	487	61	1	1	487	352	827	4.85e-160	560
Ga0374731_02_932_1282	CP000239.1:975019-975553|CDS|CYA_0962	98.847	347	4	0	1	347	450	104	7.51e-175	609
Ga0374731_02_1226_1366	CP000239.1:975019-975553|CDS|CYA_0962	97.872	141	3	0	1	141	394	534	1.52e-64	242
Ga0374731_02_1381_2505	CP000239.1:973844-975005|CDS|CYA_0961	99.644	1125	4	0	1	1125	37	1161	0.0	2012
Ga0374731_02_1381_2505	CP000240.1:305818-306979|CDS|CYB_0293	82.348	1116	195	2	1	1115	37	1151	0.0	1118
Ga0374731_02_2450_3859	CP000239.1:972526-973936|CDS|CYA_0960	99.716	1410	4	0	1	1410	1	1410	0.0	2526
Ga0374731_02_2450_3859	CP000240.1:304467-305910|CDS|CYB_0292	80.195	1439	248	7	7	1410	7	1443	0.0	1313
Ga0374731_02_3936_4712	CP000239.1:971754-972450|CDS|CYA_0959	99.425	696	4	0	82	777	1	696	0.0	1238
Ga0374731_02_5941_6117	CP000239.1:970267-970444|CDS|CYA_0957	100.000	177	0	0	1	177	1	177	2.56e-88	320
Ga0374731_02_6191_7141	CP000239.1:969243-970194|CDS|CYA_0956	100.000	951	0	0	1	951	1	951	0.0	1716
Ga0374731_02_7151_8338	CP000239.1:968097-969234|CDS|CYA_0955	99.824	1137	2	0	52	1188	1	1137	0.0	2042
Ga0374731_02_7151_8338	CP000240.1:188443-189625|CDS|CYB_0176	84.465	1178	183	0	11	1188	5	1182	0.0	1300
Ga0374731_02_8577_8789	CP000239.1:967594-967939|CDS|CYA_0954	81.553	206	38	0	1	206	133	338	2.13e-52	201
Ga0374731_02_8577_8789	CP000240.1:189778-190126|CDS|CYB_0177	70.466	193	53	2	1	191	142	332	1.18e-17	86.9
Ga0374731_02_8805_9626	CP000239.1:966735-967527|CDS|CYA_0953	98.737	792	10	0	1	792	1	792	0.0	1384
Ga0374731_02_8805_9626	CP000240.1:190205-191030|CDS|CYB_0178	81.886	806	143	1	1	806	1	803	0.0	794
Ga0374731_02_9742_11520	CP000239.1:964841-966620|CDS|CYA_0952	96.740	1779	58	0	1	1779	1	1779	0.0	2947
Ga0374731_02_9742_11520	CP000240.1:192244-194026|CDS|CYB_0180	86.387	1741	234	1	19	1756	19	1759	0.0	2070
Ga0374731_02_11689_13683	CP000239.1:962730-964725|CDS|CYA_0951	99.950	1995	1	0	1	1995	1	1995	0.0	3594
Ga0374731_02_11689_13683	CP000240.1:194179-196207|CDS|CYB_0181	83.709	1995	325	0	1	1995	34	2028	0.0	2133
Ga0374731_02_13895_15088	CP000239.1:961325-962519|CDS|CYA_0950	95.561	1194	53	0	1	1194	1	1194	0.0	1915
Ga0374731_02_13895_15088	CP000240.1:196290-197484|CDS|CYB_0182	83.236	1193	185	3	1	1181	1	1190	0.0	1251
Ga0374731_02_16793_17290	CP000239.1:960751-961249|CDS|CYA_0949	95.783	498	21	0	1	498	1	498	0.0	804
Ga0374731_02_16793_17290	CP000240.1:2575433-2575955|CDS|CYB_2479	81.224	474	89	0	25	498	49	522	5.29e-128	454
Ga0374731_02_17381_18799	CP000239.1:959249-960659|CDS|CYA_0947	94.034	1408	84	0	1	1408	1	1408	0.0	2161
Ga0374731_02_17381_18799	CP000240.1:2576048-2577467|CDS|CYB_2481	85.976	1419	199	0	1	1419	1	1419	0.0	1663
Ga0374731_02_25988_26167	CP000240.1:2576048-2577467|CDS|CYB_2481	100.000	164	0	0	17	180	1256	1419	2.98e-81	297
Ga0374731_02_25988_26167	CP000239.1:959249-960659|CDS|CYA_0947	88.889	153	17	0	17	169	1256	1408	6.15e-52	200
Ga0374731_02_26164_27066	CP000240.1:2577463-2578957|CDS|CYB_2480	98.560	903	13	0	1	903	592	1494	0.0	1571
Ga0374731_02_26164_27066	CP000239.1:957732-959253|CDS|CYA_0948	79.354	867	165	7	8	870	614	1470	0.0	738
Ga0374731_02_27687_28619	CP000239.1:956762-957695|CDS|CYA_0946	99.143	933	8	0	1	933	1	933	0.0	1647
Ga0374731_02_27687_28619	CP000240.1:2578986-2580075|CDS|CYB_2482	83.825	915	148	0	19	933	175	1089	0.0	984
Ga0374731_02_28776_29618	CP000239.1:955763-956606|CDS|CYA_0945	99.526	843	4	0	1	843	1	843	0.0	1503
Ga0374731_02_28776_29618	CP000240.1:2580273-2581131|CDS|CYB_2483	80.657	853	137	3	8	834	5	855	0.0	807
Ga0374731_03_6_1190	CP000240.1:974139-975555|CDS|CYB_0936	97.637	1185	28	0	1	1185	232	1416	0.0	2012
Ga0374731_03_6_1190	CP000239.1:227550-228951|CDS|CYA_0224	83.319	1187	194	2	1	1185	217	1401	0.0	1243
Ga0374731_03_1243_1836	CP000239.1:1299384-1300230|CDS|CYA_1290	100.000	492	0	0	10	501	1	492	0.0	888
Ga0374731_03_1243_1836	CP000240.1:975616-976432|CDS|CYB_0937	97.154	492	14	0	10	501	1	492	0.0	825
Ga0374731_03_1243_1836	CP000239.1:226681-227497|CDS|CYA_0223	86.992	492	64	0	10	501	1	492	6.78e-172	600
Ga0374731_03_2007_3398	CP000239.1:2080170-2081562|CDS|CYA_2061	95.187	1392	67	0	1	1392	1	1392	0.0	2209
Ga0374731_03_2007_3398	CP000240.1:2978141-2979533|CDS|CYB_2880	85.004	1387	208	0	1	1387	1	1387	0.0	1564
Ga0374731_03_3437_4744	CP000239.1:2078860-2080132|CDS|CYA_2060	93.160	1272	87	0	37	1308	1	1272	0.0	1902
Ga0374731_03_3437_4744	CP000240.1:773670-774939|CDS|CYB_0750	84.901	1265	191	0	37	1301	1	1265	0.0	1421
Ga0374731_03_4844_6226	CP000239.1:2077342-2078725|CDS|CYA_2059	98.192	1383	25	0	1	1383	1	1383	0.0	2382
Ga0374731_03_4844_6226	CP000240.1:772179-773562|CDS|CYB_0749	86.829	1359	177	2	1	1358	1	1358	0.0	1637
Ga0374731_03_6365_7147	CP000239.1:2076421-2077198|CDS|CYA_2058	99.871	777	1	0	7	783	1	777	0.0	1397
Ga0374731_03_6365_7147	CP000240.1:771271-772054|CDS|CYB_0748	84.218	754	119	0	7	760	1	754	0.0	824
Ga0374731_03_7228_7992	CP000239.1:2075576-2076425|CDS|CYA_2057	95.425	765	35	0	1	765	85	849	0.0	1223
Ga0374731_03_7228_7992	CP000240.1:770420-771275|CDS|CYB_0747	82.800	750	128	1	1	749	91	840	0.0	768
Ga0374731_03_8239_9000	CP000239.1:2074538-2075300|CDS|CYA_2056	99.738	762	2	0	1	762	1	762	0.0	1366
Ga0374731_03_8239_9000	CP000240.1:769400-770162|CDS|CYB_0746	82.869	753	129	0	10	762	10	762	0.0	777
Ga0374731_03_9122_10054	CP000239.1:2073484-2074417|CDS|CYA_2055	99.786	933	2	0	1	933	1	933	0.0	1674
Ga0374731_03_9122_10054	CP000240.1:768308-769244|CDS|CYB_0745	87.073	936	118	1	1	933	1	936	0.0	1141
Ga0374731_03_10051_10332	CP000239.1:2073206-2073488|CDS|CYA_2054	100.000	282	0	0	1	282	1	282	4.29e-145	509
Ga0374731_03_10051_10332	CP000240.1:768030-768312|CDS|CYB_0744	81.159	276	52	0	1	276	1	276	2.90e-71	264
Ga0374731_03_10385_11134	CP000239.1:2072404-2073154|CDS|CYA_2053	99.733	750	2	0	1	750	1	750	0.0	1344
Ga0374731_03_10385_11134	CP000240.1:767235-767994|CDS|CYB_0743	83.824	748	121	0	1	748	10	757	0.0	804
Ga0374731_03_11292_11699	CP000239.1:2071839-2072247|CDS|CYA_2052	100.000	408	0	0	1	408	1	408	0.0	737
Ga0374731_03_11292_11699	CP000240.1:766523-766949|CDS|CYB_0742	81.361	338	63	0	1	338	1	338	1.50e-89	326
Ga0374731_03_11759_12028	CP000239.1:2071509-2071779|CDS|CYA_2051	100.000	270	0	0	1	270	1	270	1.34e-138	488
Ga0374731_03_11759_12028	CP000240.1:766177-766447|CDS|CYB_0741	88.148	270	32	0	1	270	1	270	3.60e-95	343
Ga0374731_03_12200_13648	CP000239.1:2069889-2071383|CDS|CYA_2050	99.862	1449	2	0	1	1449	46	1494	0.0	2605
Ga0374731_03_12200_13648	CP000240.1:764460-765933|CDS|CYB_0740	84.404	1417	221	0	1	1417	31	1447	0.0	1560
Ga0374731_03_13988_15673	CP000239.1:2067864-2069631|CDS|CYA_2049	98.339	1686	28	0	1	1686	82	1767	0.0	2915
Ga0374731_03_13988_15673	CP000240.1:762416-764204|CDS|CYB_0739	85.999	1707	218	4	1	1686	82	1788	0.0	2003
Ga0374731_03_15733_16476	CP000239.1:2067061-2067805|CDS|CYA_2048	99.731	744	2	0	1	744	1	744	0.0	1333
Ga0374731_03_15733_16476	CP000240.1:761606-762362|CDS|CYB_0738	86.303	752	89	4	1	739	1	751	0.0	887
Ga0374731_03_16564_17148	CP000239.1:2066389-2066974|CDS|CYA_2047	100.000	585	0	0	1	585	1	585	0.0	1056
Ga0374731_03_16564_17148	CP000240.1:760834-761410|CDS|CYB_0737	77.041	588	118	4	1	584	1	575	7.63e-127	450
Ga0374731_04_267_2030	CP000239.1:2162829-2164593|CDS|CYA_2151	99.773	1764	4	0	1	1764	1	1764	0.0	3164
Ga0374731_04_267_2030	CP000240.1:2852930-2854706|CDS|CYB_2756	84.113	1775	262	4	9	1764	3	1776	0.0	1930
Ga0374731_04_2040_3035	CP000239.1:2164602-2165586|CDS|CYA_2152	99.898	984	1	0	13	996	1	984	0.0	1771
Ga0374731_04_2040_3035	CP000240.1:2851657-2852635|CDS|CYB_2755	88.946	968	107	0	13	980	1	968	0.0	1264
Ga0374731_04_3366_3707	CP000240.1:2850969-2851659|CDS|CYB_2753	78.261	345	60	4	13	342	346	690	4.65e-76	280
Ga0374731_04_3366_3707	CP000239.1:2165820-2166285|CDS|CYA_2154	77.971	345	61	4	13	342	121	465	1.98e-74	276
Ga0374731_04_3731_4210	CP000239.1:2175828-2176308|CDS|CYA_2163	99.567	462	2	0	1	462	1	462	0.0	825
Ga0374731_04_3731_4210	CP000240.1:2842240-2842738|CDS|CYB_2747	81.875	480	69	1	1	462	1	480	8.61e-138	486
Ga0374731_04_4217_5440	CP000239.1:2176314-2177547|CDS|CYA_2164	94.147	1213	57	3	25	1224	22	1233	0.0	1867
Ga0374731_04_4217_5440	CP000240.1:2840997-2842233|CDS|CYB_2746	84.224	1179	180	2	49	1224	61	1236	0.0	1285
Ga0374731_04_5484_5675	CP000239.1:2177601-2177802|CDS|CYA_2165	93.229	192	13	0	1	192	10	201	1.66e-78	288
Ga0374731_04_5484_5675	CP000240.1:2840673-2840868|CDS|CYB_2745	77.540	187	34	2	13	192	10	195	3.66e-36	147
Ga0374731_04_5738_7927	CP000239.1:2177855-2180051|CDS|CYA_2166	99.361	2190	14	0	1	2190	7	2196	0.0	3887
Ga0374731_04_5738_7927	CP000240.1:2838368-2840609|CDS|CYB_2744	72.633	2229	545	9	20	2190	20	2241	0.0	1288
Ga0374731_04_7993_8316	CP000239.1:2180121-2180589|CDS|CYA_2167	97.205	322	9	0	1	322	145	466	2.95e-154	541
Ga0374731_04_8508_9608	CP000239.1:2180636-2181737|CDS|CYA_2168	98.963	1061	11	0	41	1101	41	1101	0.0	1865
Ga0374731_04_8508_9608	CP000240.1:2836653-2837769|CDS|CYB_2743	82.283	1016	180	0	86	1101	101	1116	0.0	1021
Ga0374731_04_9666_13133	CP000239.1:2181899-2185367|CDS|CYA_2169	97.856	3452	56	4	1	3452	1	3434	0.0	5891
Ga0374731_04_9666_13133	CP000240.1:755730-759144|CDS|CYB_0734	81.481	3402	574	12	58	3452	43	3395	0.0	3292
Ga0374731_04_13466_14656	CP000239.1:2185699-2186890|CDS|CYA_2170	99.916	1191	1	0	1	1191	1	1191	0.0	2144
Ga0374731_04_13466_14656	CP000240.1:754140-755355|CDS|CYB_0733	86.399	1169	159	0	1	1169	1	1169	0.0	1392
Ga0374731_04_14684_16078	CP000239.1:2187004-2188312|CDS|CYA_2171	99.924	1308	1	0	88	1395	1	1308	0.0	2355
Ga0374731_04_14684_16078	CP000240.1:752641-753946|CDS|CYB_0732	79.489	1292	260	3	103	1393	16	1303	0.0	1127
Ga0374731_05_555_836	CP000239.1:455920-457171|CDS|CYA_0436	94.326	282	16	0	1	282	970	1251	2.23e-123	437
Ga0374731_05_913_1698	CP000239.1:2524850-2525636|CDS|CYA_2513	100.000	786	0	0	1	786	1	786	0.0	1418
Ga0374731_05_913_1698	CP000240.1:2060408-2061194|CDS|CYB_1964	84.879	787	117	2	1	786	1	786	0.0	876
Ga0374731_05_2113_3303	CP000239.1:2526050-2527241|CDS|CYA_2514	100.000	1191	0	0	1	1191	1	1191	0.0	2149
Ga0374731_05_2113_3303	CP000240.1:2061327-2062518|CDS|CYB_1965	86.166	1171	158	2	7	1175	7	1175	0.0	1377
Ga0374731_05_3447_4070	CP000239.1:2527384-2527972|CDS|CYA_2515	100.000	588	0	0	37	624	1	588	0.0	1061
Ga0374731_05_3447_4070	CP000240.1:2062531-2063101|CDS|CYB_1966	84.043	564	90	0	61	624	7	570	1.13e-175	612
Ga0374731_05_4234_5958	CP000239.1:2528171-2529896|CDS|CYA_2516	100.000	1725	0	0	1	1725	1	1725	0.0	3112
Ga0374731_05_4234_5958	CP000240.1:2063225-2064932|CDS|CYB_1967	84.406	1693	256	4	37	1725	19	1707	0.0	1853
Ga0374731_05_5958_6551	CP000239.1:2529895-2530489|CDS|CYA_2517	100.000	594	0	0	1	594	1	594	0.0	1072
Ga0374731_05_5958_6551	CP000240.1:2064931-2065525|CDS|CYB_1968	84.966	592	89	0	1	592	1	592	0.0	667
Ga0374731_05_6548_7741	CP000239.1:2530485-2531679|CDS|CYA_2518	100.000	1194	0	0	1	1194	1	1194	0.0	2154
Ga0374731_05_6548_7741	CP000240.1:2065521-2066715|CDS|CYB_1969	83.250	1194	200	0	1	1194	1	1194	0.0	1252
Ga0374731_05_7731_11327	CP000239.1:2531668-2535265|CDS|CYA_2519	99.889	3597	4	0	1	3597	1	3597	0.0	6469
Ga0374731_05_7731_11327	CP000240.1:2066704-2070322|CDS|CYB_1970	78.816	3597	762	0	1	3597	22	3618	0.0	3052
Ga0374731_05_11330_12598	CP000239.1:2535267-2536536|CDS|CYA_2520	99.842	1269	2	0	1	1269	1	1269	0.0	2280
Ga0374731_05_11330_12598	CP000240.1:2070303-2071596|CDS|CYB_1971	84.812	1251	190	0	1	1251	1	1251	0.0	1400
Ga0374731_05_13009_15276	CP000239.1:2536946-2539214|CDS|CYA_2521	99.559	2268	10	0	1	2268	1	2268	0.0	4046
Ga0374731_05_13009_15276	CP000240.1:26083-28351|CDS|CYB_0022	92.637	2268	167	0	1	2268	1	2268	0.0	3338
Ga0374731_06_705_1478	CP000239.1:2290124-2290898|CDS|CYA_2285	100.000	774	0	0	1	774	1	774	0.0	1397
Ga0374731_06_705_1478	CP000240.1:450943-451711|CDS|CYB_0442	85.455	770	106	2	1	770	1	764	0.0	881
Ga0374731_06_1647_2111	CP000239.1:2289491-2289956|CDS|CYA_2284	100.000	465	0	0	1	465	1	465	0.0	839
Ga0374731_06_1647_2111	CP000240.1:451960-452425|CDS|CYB_0443	88.362	464	54	0	1	464	1	464	2.23e-170	594
Ga0374731_06_2123_2920	CP000239.1:2288682-2289480|CDS|CYA_2283	100.000	798	0	0	1	798	1	798	0.0	1440
Ga0374731_06_2123_2920	CP000240.1:452437-453265|CDS|CYB_0444	80.220	819	134	5	4	796	10	826	0.0	750
Ga0374731_06_2938_3699	CP000239.1:2287903-2288665|CDS|CYA_2282	99.738	762	2	0	1	762	1	762	0.0	1366
Ga0374731_06_2938_3699	CP000240.1:453280-454042|CDS|CYB_0445	88.757	756	85	0	1	756	1	756	0.0	981
Ga0374731_06_3727_4830	CP000239.1:2286772-2287876|CDS|CYA_2281	100.000	1104	0	0	1	1104	1	1104	0.0	1992
Ga0374731_06_3727_4830	CP000240.1:454103-455207|CDS|CYB_0446	87.942	1103	133	0	1	1103	1	1103	0.0	1390
Ga0374731_06_4827_5087	CP000239.1:2286515-2286776|CDS|CYA_2280	100.000	261	0	0	1	261	1	261	9.91e-134	471
Ga0374731_06_4827_5087	CP000240.1:455203-455479|CDS|CYB_0447	85.882	255	36	0	1	255	1	255	1.29e-81	298
Ga0374731_06_5151_5618	CP000239.1:2285984-2286452|CDS|CYA_2279	100.000	468	0	0	1	468	1	468	0.0	845
Ga0374731_06_5857_6294	CP000239.1:2285308-2285746|CDS|CYA_2278	99.543	438	2	0	1	438	1	438	0.0	782
Ga0374731_06_5857_6294	CP000240.1:456260-456707|CDS|CYB_0449	83.055	419	71	0	1	419	1	419	1.24e-122	436
Ga0374731_06_6346_6537	CP000239.1:2284759-2285257|CDS|CYA_2277	100.000	192	0	0	1	192	307	498	2.02e-96	347
Ga0374731_06_6346_6537	CP000240.1:456829-457225|CDS|CYB_0450	89.005	191	21	0	1	191	205	395	4.17e-67	251
Ga0374731_06_6855_7826	CP000239.1:2283776-2284748|CDS|CYA_2276	100.000	972	0	0	1	972	1	972	0.0	1754
Ga0374731_06_6855_7826	CP000240.1:457348-458311|CDS|CYB_0451	85.849	954	135	0	10	963	1	954	0.0	1113
Ga0374731_06_7842_8528	CP000239.1:2283074-2283761|CDS|CYA_2275	99.854	687	1	0	1	687	1	687	0.0	1235
Ga0374731_06_7842_8528	CP000240.1:458339-459143|CDS|CYB_0452	85.452	653	94	1	1	653	118	769	0.0	746
Ga0374731_06_8689_9003	CP000239.1:2282599-2282914|CDS|CYA_2274	99.683	315	1	0	1	315	1	315	2.50e-161	564
Ga0374731_06_8689_9003	CP000240.1:459187-459544|CDS|CYB_0453	79.603	353	30	1	1	311	1	353	1.22e-95	346
Ga0374731_06_9133_9243	CP000239.1:2281402-2282470|CDS|CYA_2273	100.000	84	0	0	28	111	985	1068	4.54e-38	152
Ga0374731_06_9283_10230	CP000239.1:2281402-2282470|CDS|CYA_2273	100.000	943	0	0	1	943	1	943	0.0	1701
Ga0374731_06_9283_10230	CP000240.1:459575-460622|CDS|CYB_0454	82.365	947	146	3	1	947	1	926	0.0	961
Ga0374731_06_10399_11136	CP000239.1:2280496-2281234|CDS|CYA_2272	99.864	738	1	0	1	738	1	738	0.0	1327
Ga0374731_06_10399_11136	CP000240.1:460790-461510|CDS|CYB_0455	85.237	718	106	0	1	718	1	718	0.0	818
Ga0374731_06_11133_11765	CP000239.1:2279867-2280500|CDS|CYA_2271	100.000	633	0	0	1	633	1	633	0.0	1142
Ga0374731_06_11133_11765	CP000240.1:461524-462157|CDS|CYB_0456	88.291	632	74	0	1	632	1	632	0.0	807
Ga0374731_06_11784_12605	CP000239.1:2279027-2279849|CDS|CYA_2270	95.620	822	36	0	1	822	1	822	0.0	1321
Ga0374731_06_11784_12605	CP000240.1:462169-463003|CDS|CYB_0457	78.032	742	141	5	1	728	1	734	2.71e-172	601
Ga0374731_06_12627_13601	CP000239.1:2278031-2279024|CDS|CYA_2269	100.000	975	0	0	1	975	19	993	0.0	1759
Ga0374731_06_12627_13601	CP000240.1:463029-463950|CDS|CYB_0458	78.381	902	152	7	76	975	61	921	0.0	755
Ga0374731_06_13988_14563	CP000239.1:2276670-2277645|CDS|CYA_2267	100.000	576	0	0	1	576	400	975	0.0	1040
Ga0374731_06_13988_14563	CP000240.1:2080407-2081415|CDS|CYB_1980	82.986	576	98	0	1	576	433	1008	2.29e-171	598
Ga0374731_06_13988_14563	CP000240.1:464347-465361|CDS|CYB_0460	82.812	576	99	0	1	576	439	1014	9.75e-170	593
Ga0374731_07_73_3135	CP000240.1:1406169-1409256|CDS|CYB_1341	84.858	3071	438	4	1	3053	1	3062	0.0	3449
Ga0374731_07_3143_3517	CP000239.1:808141-808642|CDS|CYA_0798	92.246	374	29	0	1	374	127	500	2.82e-155	545
Ga0374731_07_3143_3517	CP000240.1:1405599-1406109|CDS|CYB_1340	88.108	370	44	0	1	370	109	478	5.10e-133	470
Ga0374731_07_4060_5160	CP000239.1:809058-810159|CDS|CYA_0799	99.637	1101	4	0	1	1101	1	1101	0.0	1968
Ga0374731_07_4060_5160	CP000240.1:1403996-1405103|CDS|CYB_1339	85.262	1106	157	1	1	1100	1	1106	0.0	1261
Ga0374731_07_5359_6630	CP000239.1:810357-811815|CDS|CYA_0800	98.506	1272	19	0	1	1272	187	1458	0.0	2209
Ga0374731_07_5359_6630	CP000240.1:1402445-1403918|CDS|CYB_1338	86.546	1271	171	0	1	1271	202	1472	0.0	1522
Ga0374731_07_6828_7487	CP000239.1:811826-812486|CDS|CYA_0801	100.000	660	0	0	1	660	1	660	0.0	1191
Ga0374731_07_6828_7487	CP000240.1:1401744-1402434|CDS|CYB_1337	88.838	654	73	0	6	659	36	689	0.0	851
Ga0374731_07_7564_8853	CP000239.1:812562-813909|CDS|CYA_0802	99.922	1290	1	0	1	1290	58	1347	0.0	2323
Ga0374731_07_7564_8853	CP000240.1:1400327-1401674|CDS|CYB_1336	87.907	1290	156	0	1	1290	58	1347	0.0	1624
Ga0374731_07_9453_11474	CP000239.1:814451-816473|CDS|CYA_0803	100.000	2022	0	0	1	2022	1	2022	0.0	3647
Ga0374731_07_9453_11474	CP000240.1:1397454-1399515|CDS|CYB_1335	83.448	2030	321	3	1	2015	1	2030	0.0	2147
Ga0374731_07_11712_12437	CP000239.1:816710-817436|CDS|CYA_0804	99.862	726	1	0	1	726	1	726	0.0	1306
Ga0374731_07_11712_12437	CP000240.1:777393-778116|CDS|CYB_0755	82.773	714	123	0	1	714	1	714	0.0	734
Ga0374731_07_12568_12861	CP000239.1:817527-817860|CDS|CYA_0805	100.000	294	0	0	1	294	40	333	1.37e-151	531
Ga0374731_07_12568_12861	CP000240.1:776907-777240|CDS|CYB_0754	79.928	279	56	0	1	279	40	318	1.92e-67	251
Ga0374731_08_71_889	CP000239.1:2503582-2504401|CDS|CYA_2494	100.000	819	0	0	1	819	1	819	0.0	1478
Ga0374731_08_71_889	CP000240.1:713300-714170|CDS|CYB_0695	81.562	781	107	3	1	756	34	802	0.0	780
Ga0374731_08_970_2229	CP000239.1:2504481-2505741|CDS|CYA_2495	99.683	1260	4	0	1	1260	1	1260	0.0	2255
Ga0374731_08_970_2229	CP000240.1:711907-713206|CDS|CYB_0694	86.512	1253	169	0	1	1253	1	1253	0.0	1498
Ga0374731_08_2237_3766	CP000239.1:2505748-2507278|CDS|CYA_2496	100.000	1530	0	0	1	1530	1	1530	0.0	2760
Ga0374731_08_2237_3766	CP000240.1:710393-711914|CDS|CYB_0693	73.836	1590	283	27	1	1528	1	1519	0.0	991
Ga0374731_08_3781_4617	CP000239.1:2507292-2508129|CDS|CYA_2497	95.341	837	39	0	1	837	1	837	0.0	1334
Ga0374731_08_3781_4617	CP000240.1:709542-710385|CDS|CYB_0692	88.249	834	98	0	1	834	1	834	0.0	1063
Ga0374731_08_4719_5573	CP000239.1:2508230-2509130|CDS|CYA_2498	92.632	855	60	1	1	855	49	900	0.0	1257
Ga0374731_08_4719_5573	CP000240.1:708583-709441|CDS|CYB_0691	85.461	791	115	0	63	853	66	856	0.0	909
Ga0374731_08_5672_6808	CP000239.1:2509158-2510295|CDS|CYA_2499	88.478	1137	131	0	1	1137	1	1137	0.0	1461
Ga0374731_08_5672_6808	CP000240.1:707358-708489|CDS|CYB_0690	85.535	1113	161	0	8	1120	8	1120	0.0	1282
Ga0374731_08_6805_8412	CP000239.1:2510291-2511791|CDS|CYA_2500	85.533	1500	205	1	121	1608	1	1500	0.0	1734
Ga0374731_08_6805_8412	CP000240.1:705841-707362|CDS|CYB_0689	85.081	1488	193	4	121	1580	1	1487	0.0	1691
Ga0374731_08_8633_9100	CP000239.1:2512197-2512599|CDS|CYA_2501	89.055	402	44	0	67	468	1	402	2.74e-150	527
Ga0374731_08_8633_9100	CP000240.1:705025-705457|CDS|CYB_0688	87.374	396	50	0	67	462	31	426	6.88e-139	489
Ga0374731_08_9238_11181	CP000239.1:2512761-2514654|CDS|CYA_2502	92.868	1893	135	0	52	1944	1	1893	0.0	2806
Ga0374731_08_9238_11181	CP000240.1:702939-704877|CDS|CYB_0687	86.555	1852	245	4	95	1944	89	1938	0.0	2204
Ga0374731_09_1031_4063	CP000239.1:2903224-2906293|CDS|CYA_2886	99.934	3033	2	0	1	3033	37	3069	0.0	5461
Ga0374731_09_1031_4063	CP000240.1:1730308-1733377|CDS|CYB_1653	84.828	3045	438	4	1	3033	37	3069	0.0	3413
Ga0374731_09_4259_5131	CP000239.1:2906452-2907451|CDS|CYA_2887	99.197	872	7	0	2	873	128	999	0.0	1542
Ga0374731_09_4259_5131	CP000240.1:1729151-1730150|CDS|CYB_1652	88.647	872	99	0	2	873	128	999	0.0	1127
Ga0374731_09_5378_5710	CP000240.1:1722667-1727377|CDS|CYB_1650	83.067	313	45	3	16	327	91	396	5.15e-88	320
Ga0374731_09_5378_5710	CP000239.1:2909516-2914181|CDS|CYA_2889	81.731	312	45	2	16	327	91	390	3.25e-84	308
Ga0374731_09_7320_8564	CP000239.1:2914271-2915582|CDS|CYA_2890	99.116	1245	11	0	1	1245	67	1311	0.0	2196
Ga0374731_09_7320_8564	CP000240.1:1721266-1722577|CDS|CYB_1649	87.632	1229	152	0	1	1229	67	1295	0.0	1532
Ga0374731_09_8914_10140	CP000239.1:2915931-2917158|CDS|CYA_2891	100.000	1227	0	0	1	1227	1	1227	0.0	2214
Ga0374731_09_8914_10140	CP000240.1:1719940-1721137|CDS|CYB_1648	88.556	1101	124	2	13	1112	4	1103	0.0	1411
Ga0374731_09_10165_10773	CP000239.1:2917182-2917791|CDS|CYA_2892	100.000	609	0	0	1	609	1	609	0.0	1099
Ga0374731_09_10165_10773	CP000240.1:1719272-1719872|CDS|CYB_1647	89.000	600	66	0	10	609	1	600	0.0	785
Ga0374731_09_10933_11679	CP000239.1:2917950-2918697|CDS|CYA_2893	99.866	747	1	0	1	747	1	747	0.0	1343
Ga0374731_09_10933_11679	CP000240.1:1718487-1719234|CDS|CYB_1646	91.117	743	66	0	1	743	1	743	0.0	1043
Ga0374731_09_11685_11975	CP000239.1:2918702-2919626|CDS|CYA_2894	100.000	291	0	0	1	291	634	924	5.78e-150	526
Ga0374731_09_11685_11975	CP000240.1:1717558-1718482|CDS|CYB_1645	87.629	291	36	0	1	291	634	924	4.17e-101	363
Ga0374731_10_12_200	CP000239.1:1071254-1071986|CDS|CYA_1053	100.000	189	0	0	1	189	544	732	8.44e-95	342
Ga0374731_10_12_200	CP000240.1:2497102-2497912|CDS|CYB_2397	84.127	189	30	0	1	189	622	810	4.38e-54	206
Ga0374731_10_325_456	CP000239.1:1070998-1071130|CDS|CYA_1052	100.000	132	0	0	1	132	1	132	4.91e-64	239
Ga0374731_10_558_1691	CP000239.1:1069763-1070897|CDS|CYA_1051	99.912	1134	1	0	1	1134	1	1134	0.0	2041
Ga0374731_10_558_1691	CP000240.1:2498323-2499439|CDS|CYB_2399	87.094	1108	143	0	1	1108	1	1108	0.0	1354
Ga0374731_10_1721_2707	CP000239.1:1068747-1069734|CDS|CYA_1050	100.000	987	0	0	1	987	1	987	0.0	1781
Ga0374731_10_1721_2707	CP000240.1:2499534-2500518|CDS|CYB_2400	87.248	941	120	0	46	986	43	983	0.0	1157
Ga0374731_10_2811_3767	CP000239.1:1067687-1068644|CDS|CYA_1049	96.656	957	32	0	1	957	1	957	0.0	1582
Ga0374731_10_2811_3767	CP000240.1:2970577-2971534|CDS|CYB_2874	89.551	957	100	0	1	957	1	957	0.0	1276
Ga0374731_10_3912_4202	CP000240.1:2970146-2970437|CDS|CYB_2873	93.080	289	20	0	1	289	1	289	9.79e-122	432
Ga0374731_10_3912_4202	CP000239.1:1067116-1067407|CDS|CYA_1048	91.003	289	26	0	1	289	1	289	1.36e-113	405
Ga0374731_10_4281_4799	CP000239.1:1066527-1067049|CDS|CYA_1047	89.847	522	50	2	1	519	1	522	0.0	697
Ga0374731_10_4281_4799	CP000240.1:2969531-2970068|CDS|CYB_2872	89.937	477	48	0	1	477	1	477	0.0	645
Ga0374731_10_4802_4960	CP000240.1:2969370-2969529|CDS|CYB_2871	98.742	159	2	0	1	159	1	159	6.98e-76	279
Ga0374731_10_4802_4960	CP000239.1:1066354-1066525|CDS|CYA_1046	84.028	144	23	0	1	144	1	144	5.74e-39	157
Ga0374731_10_5169_6002	CP000240.1:2968340-2969051|CDS|CYB_2870	99.719	711	2	0	124	834	1	711	0.0	1274
Ga0374731_10_6048_6512	CP000240.1:2967830-2968295|CDS|CYB_2869	99.355	465	3	0	1	465	1	465	0.0	826
Ga0374731_10_7393_8991	CP000239.1:1064206-1065829|CDS|CYA_1044	98.249	1599	28	0	1	1599	25	1623	0.0	2758
Ga0374731_10_7393_8991	CP000240.1:2965639-2967259|CDS|CYB_2867	87.682	1583	195	0	1	1583	31	1613	0.0	1976
Ga0374731_10_9097_9357	CP000239.1:1063840-1064101|CDS|CYA_1043	100.000	261	0	0	1	261	1	261	9.91e-134	471
Ga0374731_10_9097_9357	CP000240.1:2965280-2965541|CDS|CYB_2866	87.356	261	33	0	1	261	1	261	1.13e-88	323
Ga0374731_11_28_681	CP000239.1:664228-666703|CDS|CYA_0656	100.000	654	0	0	1	654	1822	2475	0.0	1180
Ga0374731_11_28_681	CP000240.1:617631-620106|CDS|CYB_0607	90.061	654	65	0	1	654	1822	2475	0.0	887
Ga0374731_11_830_1462	CP000239.1:666851-667484|CDS|CYA_0657	100.000	633	0	0	1	633	1	633	0.0	1142
Ga0374731_11_830_1462	CP000240.1:620233-620869|CDS|CYB_0608	89.117	634	66	1	1	631	1	634	0.0	831
Ga0374731_11_1480_2061	CP000239.1:667501-668083|CDS|CYA_0658	99.828	582	1	0	1	582	1	582	0.0	1046
Ga0374731_11_2089_2700	CP000239.1:668110-668722|CDS|CYA_0659	99.837	612	1	0	1	612	1	612	0.0	1100
Ga0374731_11_2089_2700	CP000240.1:621482-622094|CDS|CYB_0610	89.542	612	64	0	1	612	1	612	0.0	816
Ga0374731_11_2916_3242	CP000239.1:668841-669264|CDS|CYA_0660	100.000	327	0	0	1	327	97	423	1.88e-169	590
Ga0374731_11_3276_3875	CP000239.1:669297-669954|CDS|CYA_0661	100.000	600	0	0	1	600	58	657	0.0	1083
Ga0374731_11_3276_3875	CP000240.1:622508-623096|CDS|CYB_0612	87.500	552	67	2	25	575	16	566	0.0	678
Ga0374731_11_4038_5432	CP000239.1:670059-671454|CDS|CYA_0662	99.928	1395	1	0	1	1395	1	1395	0.0	2512
Ga0374731_11_4038_5432	CP000240.1:623104-624499|CDS|CYB_0613	87.527	1395	174	0	1	1395	1	1395	0.0	1732
Ga0374731_12_10_1044	CP000239.1:1561866-1562946|CDS|CYA_1552	99.227	1035	8	0	1	1035	46	1080	0.0	1831
Ga0374731_12_10_1044	CP000240.1:1114090-1115167|CDS|CYB_1077	81.623	1023	185	1	12	1034	57	1076	0.0	996
Ga0374731_12_1116_2084	CP000239.1:1562970-1563939|CDS|CYA_1553	99.690	969	3	0	1	969	1	969	0.0	1735
Ga0374731_12_1116_2084	CP000240.1:1113088-1114057|CDS|CYB_1076	80.251	957	189	0	13	969	13	969	0.0	875
Ga0374731_12_2091_2990	CP000239.1:1563945-1564845|CDS|CYA_1554	99.222	900	7	0	1	900	1	900	0.0	1592
Ga0374731_12_2091_2990	CP000240.1:1112191-1113082|CDS|CYB_1075	81.266	790	148	0	109	898	100	889	0.0	758
Ga0374731_12_3027_3854	CP000239.1:1564881-1565709|CDS|CYA_1555	99.517	828	4	0	1	828	1	828	0.0	1476
Ga0374731_12_3027_3854	CP000240.1:1111281-1112109|CDS|CYB_1074	84.358	748	115	2	82	828	82	828	0.0	815
Ga0374731_12_3027_3854	CP000239.1:1739211-1740009|CDS|CYA_1735	70.240	625	186	0	79	703	52	676	2.25e-78	289
Ga0374731_12_3027_3854	CP000240.1:1997239-1998037|CDS|CYB_1912	69.649	626	188	2	79	703	52	676	2.57e-71	266
Ga0374731_12_3920_4747	CP000239.1:1565774-1566602|CDS|CYA_1556	97.222	828	23	0	1	828	1	828	0.0	1390
Ga0374731_12_3920_4747	CP000240.1:1110358-1111186|CDS|CYB_1073	80.653	827	160	0	1	827	1	827	0.0	771
Ga0374731_12_4791_5225	CP000239.1:1566645-1567080|CDS|CYA_1557	99.770	435	1	0	1	435	1	435	0.0	781
Ga0374731_12_4791_5225	CP000240.1:1109889-1110315|CDS|CYB_1072	84.878	410	62	0	13	422	13	422	3.09e-130	461
Ga0374731_12_5583_6848	CP000239.1:1570545-1571832|CDS|CYA_1562	96.669	1261	42	0	1	1261	1	1261	0.0	2085
Ga0374731_12_5583_6848	CP000240.1:1104957-1106244|CDS|CYB_1067	89.136	1261	137	0	1	1261	1	1261	0.0	1657
Ga0374731_12_6927_7709	CP000239.1:1569645-1570428|CDS|CYA_1561	94.125	783	46	0	1	783	1	783	0.0	1205
Ga0374731_12_6927_7709	CP000240.1:1106375-1107158|CDS|CYB_1068	85.696	783	112	0	1	783	1	783	0.0	908
Ga0374731_12_7838_8209	CP000239.1:1569145-1569517|CDS|CYA_1560	100.000	372	0	0	1	372	1	372	0.0	672
Ga0374731_12_7838_8209	CP000240.1:1107298-1107664|CDS|CYB_1069	83.696	368	54	2	1	368	1	362	3.89e-109	390
Ga0374731_13_54_152	CP000240.1:1440738-1441284|CDS|CYB_1370	98.990	99	1	0	1	99	448	546	1.20e-44	175
Ga0374731_13_54_152	CP000239.1:1339536-1340181|CDS|CYA_1323	83.333	96	16	0	2	97	548	643	6.23e-23	102
Ga0374731_13_156_1025	CP000239.1:1340187-1341045|CDS|CYA_1324	98.476	853	13	0	13	865	1	853	0.0	1480
Ga0374731_13_156_1025	CP000240.1:1441287-1442145|CDS|CYB_1371	87.078	859	109	2	13	870	1	858	0.0	1042
Ga0374731_13_1052_1183	CP000239.1:1341083-1341215|CDS|CYA_1325	100.000	132	0	0	1	132	1	132	4.91e-64	239
Ga0374731_13_1052_1183	CP000240.1:1442183-1442315|CDS|CYB_1372	90.000	130	13	0	1	130	1	130	4.92e-45	177
Ga0374731_13_1374_1577	CP000239.1:1341405-1341609|CDS|CYA_1326	99.510	204	1	0	1	204	1	204	2.81e-101	364
Ga0374731_13_1374_1577	CP000240.1:1442517-1442721|CDS|CYB_1373	89.500	200	21	0	1	200	1	200	5.81e-72	267
Ga0374731_13_1601_2821	CP000239.1:1341632-1342853|CDS|CYA_1327	100.000	1221	0	0	1	1221	1	1221	0.0	2203
Ga0374731_13_1601_2821	CP000240.1:2651824-2653042|CDS|CYB_2548	85.164	1220	178	1	1	1220	1	1217	0.0	1383
Ga0374731_13_3066_3872	CP000239.1:1343097-1343904|CDS|CYA_1328	99.876	807	1	0	1	807	1	807	0.0	1452
Ga0374731_13_3066_3872	CP000240.1:2653238-2654057|CDS|CYB_2549	85.348	819	108	2	1	807	1	819	0.0	939
Ga0374731_13_3930_4928	CP000239.1:1344207-1345005|CDS|CYA_1329	100.000	798	0	0	202	999	1	798	0.0	1440
Ga0374731_13_3930_4928	CP000240.1:2654318-2655116|CDS|CYB_2550	85.213	798	114	2	202	997	1	796	0.0	902
Ga0374731_13_5176_5862	CP000239.1:1345252-1345906|CDS|CYA_1331	99.847	654	1	0	34	687	1	654	0.0	1176
Ga0374731_13_5176_5862	CP000240.1:2740770-2741424|CDS|CYB_2652	82.110	654	117	0	34	687	1	654	0.0	653
Ga0374731_13_6026_7630	CP000239.1:1346102-1347674|CDS|CYA_1332	100.000	1572	0	0	34	1605	1	1572	0.0	2836
Ga0374731_13_6026_7630	CP000240.1:2741718-2743389|CDS|CYB_2654	81.829	1618	266	5	16	1605	54	1671	0.0	1596
Ga0374731_13_7653_8222	CP000239.1:1347729-1348299|CDS|CYA_1333	99.649	570	2	0	1	570	1	570	0.0	1020
Ga0374731_13_7653_8222	CP000240.1:2743389-2743959|CDS|CYB_2655	87.143	560	72	0	1	560	1	560	0.0	686
Ga0374731_13_8258_8476	CP000239.1:1348334-1349336|CDS|CYA_1334	100.000	219	0	0	1	219	784	1002	5.16e-111	396
Ga0374731_13_8258_8476	CP000240.1:2743992-2744994|CDS|CYB_2656	87.215	219	28	0	1	219	784	1002	5.16e-73	269
Ga0374731_14_636_1514	CP000239.1:384546-385575|CDS|CYA_0368	99.886	879	0	1	1	879	31	908	0.0	1578
Ga0374731_14_636_1514	CP000240.1:2588129-2589158|CDS|CYB_2492	87.144	879	112	1	1	879	31	908	0.0	1073
Ga0374731_14_1683_2126	CP000239.1:383964-384408|CDS|CYA_0367	99.775	444	1	0	1	444	1	444	0.0	797
Ga0374731_14_1683_2126	CP000240.1:2587259-2587766|CDS|CYB_2490	74.940	419	99	3	13	428	79	494	2.60e-74	275
Ga0374731_14_2489_3196	CP000239.1:382851-383601|CDS|CYA_0366	99.859	708	1	0	1	708	43	750	0.0	1273
Ga0374731_14_2489_3196	CP000240.1:729395-730124|CDS|CYB_0713	76.791	698	158	4	10	705	10	705	2.66e-146	515
Ga0374731_14_3320_5266	CP000239.1:380751-382770|CDS|CYA_0365	99.949	1947	1	0	1	1947	73	2019	0.0	3507
Ga0374731_14_3320_5266	CP000240.1:730249-732268|CDS|CYB_0714	87.113	1971	230	2	1	1947	49	2019	0.0	2423
Ga0374731_14_5464_5940	CP000239.1:379183-380626|CDS|CYA_0364	100.000	477	0	0	1	477	967	1443	0.0	861
Ga0374731_14_5464_5940	CP000240.1:732547-733990|CDS|CYB_0715	91.064	470	42	0	1	470	967	1436	0.0	659
Ga0374731_14_5954_6832	CP000239.1:379183-380626|CDS|CYA_0364	99.881	837	1	0	1	837	1	837	0.0	1506
Ga0374731_14_5954_6832	CP000240.1:732547-733990|CDS|CYB_0715	87.799	836	102	0	1	836	1	836	0.0	1049
Ga0374731_14_7001_7192	CP000239.1:378823-379144|CDS|CYA_0363	100.000	192	0	0	1	192	130	321	2.02e-96	347
Ga0374731_14_7240_7473	CP000240.1:726364-726649|CDS|CYB_0710	82.479	234	41	0	1	234	52	285	3.29e-63	238
Ga0374731_15_70_1539	CP000239.1:98856-100326|CDS|CYA_0103	99.932	1470	1	0	1	1470	1	1470	0.0	2647
Ga0374731_15_70_1539	CP000240.1:2166881-2168315|CDS|CYB_2070	85.563	1420	203	2	1	1419	1	1419	0.0	1630
Ga0374731_15_1671_1847	CP000239.1:98506-98725|CDS|CYA_0102	99.435	177	1	0	1	177	43	219	1.09e-86	315
Ga0374731_15_1671_1847	CP000240.1:2166532-2166751|CDS|CYB_2069	88.636	176	20	0	1	176	43	218	1.24e-60	228
Ga0374731_15_1983_3722	CP000239.1:96916-98413|CDS|CYA_0100	99.933	1497	1	0	244	1740	1	1497	0.0	2696
Ga0374731_15_1983_3722	CP000240.1:2163802-2165248|CDS|CYB_2066	81.904	1481	232	2	260	1740	2	1446	0.0	1487
Ga0374731_15_3824_5014	CP000239.1:95381-96572|CDS|CYA_0099	99.832	1191	2	0	1	1191	1	1191	0.0	2140
Ga0374731_15_3824_5014	CP000240.1:2162300-2163470|CDS|CYB_2065	85.811	1177	146	5	1	1177	1	1156	0.0	1367
Ga0374731_15_5197_6465	CP000239.1:93642-95199|CDS|CYA_0097	99.921	1269	1	0	1	1269	289	1557	0.0	2285
Ga0374731_15_5197_6465	CP000240.1:2160616-2162161|CDS|CYB_2064	83.109	1261	207	2	1	1258	280	1537	0.0	1311
Ga0374731_16_457_873	CP000240.1:2255435-2255786|CDS|CYB_2154	90.598	351	33	0	67	417	1	351	2.59e-137	485
Ga0374731_16_1268_1642	CP000239.1:859233-859644|CDS|CYA_0850	100.000	375	0	0	1	375	37	411	0.0	677
Ga0374731_16_1268_1642	CP000240.1:2256064-2256475|CDS|CYB_2155	83.200	375	63	0	1	375	37	411	1.12e-109	393
Ga0374731_16_2600_3955	CP000239.1:860605-861961|CDS|CYA_0852	99.926	1356	1	0	1	1356	1	1356	0.0	2442
Ga0374731_16_2600_3955	CP000240.1:1462918-1464274|CDS|CYB_1391	91.962	1356	109	0	1	1356	1	1356	0.0	1955
Ga0374731_16_4038_5045	CP000239.1:862121-863051|CDS|CYA_0853	99.892	930	1	0	79	1008	1	930	0.0	1673
Ga0374731_16_4038_5045	CP000240.1:1464368-1465361|CDS|CYB_1392	88.922	993	110	0	16	1008	1	993	0.0	1296
Ga0374731_17_15_1556	CP000239.1:1981722-1986432|CDS|CYA_1968	99.676	1542	5	0	1	1542	3169	4710	0.0	2759
Ga0374731_17_15_1556	CP000240.1:2233526-2238314|CDS|CYB_2140	81.555	1556	272	3	2	1542	3233	4788	0.0	1513
Ga0374731_17_1634_3265	CP000239.1:1986509-1988141|CDS|CYA_1969	98.897	1632	18	0	1	1632	1	1632	0.0	2863
Ga0374731_17_1634_3265	CP000240.1:2413979-2415611|CDS|CYB_2304	87.485	1630	204	0	1	1630	1	1630	0.0	2021
Ga0374731_18_1030_1767	CP000239.1:45988-46711|CDS|CYA_0047	96.957	723	22	0	16	738	1	723	0.0	1205
Ga0374731_18_1030_1767	CP000240.1:1228691-1229426|CDS|CYB_1190	88.571	735	72	1	16	738	1	735	0.0	954
Ga0374731_18_1968_2978	CP000239.1:44777-45890|CDS|CYA_0046	99.901	1011	1	0	1	1011	103	1113	0.0	1819
Ga0374731_18_1968_2978	CP000240.1:1229528-1230635|CDS|CYB_1191	87.253	1012	127	2	1	1011	97	1107	0.0	1237
Ga0374731_18_3037_3831	CP000239.1:43924-44719|CDS|CYA_0045	98.994	795	8	0	1	795	1	795	0.0	1398
Ga0374731_18_4804_5481	CP000239.1:43127-43799|CDS|CYA_0044	93.953	678	35	2	1	678	1	672	0.0	1035
Ga0374731_18_4804_5481	CP000240.1:1230693-1231359|CDS|CYB_1192	69.733	674	189	7	1	671	1	662	3.32e-75	279
Ga0374731_18_5589_5885	CP000239.1:41741-43040|CDS|CYA_0043	89.761	293	30	0	1	293	1000	1292	2.52e-110	394
Ga0374731_18_5589_5885	CP000240.1:1231466-1232786|CDS|CYB_1193	76.508	315	50	1	6	296	1005	1319	1.94e-67	252
Ga0374731_19_773_1366	CP000239.1:376111-376705|CDS|CYA_0360	97.475	594	15	0	1	594	1	594	0.0	1004
Ga0374731_19_773_1366	CP000240.1:724154-724748|CDS|CYB_0709	90.832	589	54	0	1	589	1	589	0.0	820
Ga0374731_19_1507_2388	CP000239.1:375089-375971|CDS|CYA_0358	99.887	882	1	0	1	882	1	882	0.0	1587
Ga0374731_19_1507_2388	CP000240.1:723190-724006|CDS|CYB_0707	84.198	810	123	2	1	809	1	806	0.0	880
Ga0374731_19_2411_2917	CP000239.1:374566-375007|CDS|CYA_0357	98.658	447	0	1	61	507	1	441	0.0	781
Ga0374731_19_2411_2917	CP000240.1:722621-723128|CDS|CYB_0706	82.389	494	87	0	1	494	1	494	1.45e-141	499
Ga0374731_19_3007_3420	CP000239.1:374063-374477|CDS|CYA_0356	99.758	414	1	0	1	414	1	414	0.0	743
Ga0374731_19_3007_3420	CP000240.1:722132-722546|CDS|CYB_0705	83.376	391	65	0	1	391	1	391	1.33e-115	413
Ga0374731_19_3423_4616	CP000239.1:372867-374061|CDS|CYA_0354	99.916	1194	1	0	1	1194	1	1194	0.0	2150
Ga0374731_19_3423_4616	CP000240.1:720894-722103|CDS|CYB_0703	83.713	1185	191	2	11	1194	26	1209	0.0	1260
Ga0374731_19_4610_5677	CP000239.1:371224-372874|CDS|CYA_0355	99.906	1068	1	0	1	1068	583	1650	0.0	1922
Ga0374731_19_4610_5677	CP000240.1:719293-720901|CDS|CYB_0704	73.218	1094	197	11	2	1068	584	1608	0.0	690
Ga0374731_20_76_465	CP000239.1:821704-822037|CDS|CYA_0810	99.700	333	1	0	58	390	1	333	5.30e-171	597
Ga0374731_20_827_964	CP000240.1:775172-775310|CDS|CYB_0751	89.855	138	14	0	1	138	1	138	2.87e-48	187
Ga0374731_20_1051_2124	CP000239.1:820042-821119|CDS|CYA_0809	99.151	1060	9	0	1	1060	1	1060	0.0	1872
Ga0374731_20_1051_2124	CP000240.1:775404-776481|CDS|CYB_0752	84.783	1058	161	0	11	1068	2	1059	0.0	1183
Ga0374731_20_2225_2500	CP000240.1:776568-776844|CDS|CYB_0753	98.913	276	3	0	1	276	1	276	1.67e-137	485
Ga0374731_20_2225_2500	CP000239.1:817917-818223|CDS|CYA_0806	84.015	269	43	0	1	269	31	299	2.04e-79	292
Ga0374731_20_2826_3119	CP000240.1:776907-777240|CDS|CYB_0754	96.599	294	10	0	1	294	40	333	5.12e-138	486
Ga0374731_20_2826_3119	CP000239.1:817527-817860|CDS|CYA_0805	80.287	279	55	0	1	279	40	318	1.57e-68	256
Ga0374731_20_3313_4035	CP000240.1:777393-778116|CDS|CYB_0755	99.032	723	7	0	1	723	1	723	0.0	1273
Ga0374731_20_3313_4035	CP000239.1:816710-817436|CDS|CYA_0804	82.913	714	122	0	1	714	1	714	0.0	738
Ga0374731_20_4167_4280	CP000240.1:778112-778340|CDS|CYB_0756	96.774	93	3	0	22	114	228	136	1.34e-38	155
Ga0374731_21_36_221	CP000239.1:1547331-1547745|CDS|CYA_1536	100.000	186	0	0	1	186	229	414	3.52e-93	336
Ga0374731_21_36_221	CP000240.1:1487620-1488043|CDS|CYB_1418	79.581	191	33	1	2	186	233	423	3.10e-43	170
Ga0374731_21_218_1474	CP000239.1:1546078-1547335|CDS|CYA_1537	99.761	1257	3	0	1	1257	1	1257	0.0	2254
Ga0374731_21_218_1474	CP000240.1:1486358-1487624|CDS|CYB_1419	85.857	1202	168	2	30	1230	36	1236	0.0	1395
Ga0374731_21_1487_2095	CP000239.1:1545457-1545988|CDS|CYA_1535	100.000	531	0	0	79	609	1	531	0.0	958
Ga0374731_21_1487_2095	CP000240.1:1485676-1486204|CDS|CYB_1417	85.827	508	72	0	84	591	6	513	1.03e-169	592
Ga0374731_21_2173_2397	CP000239.1:1545155-1545380|CDS|CYA_1534	100.000	225	0	0	1	225	1	225	2.94e-114	407
Ga0374731_21_2173_2397	CP000240.1:556996-557377|CDS|CYB_0544	88.444	225	26	0	1	225	157	381	5.68e-79	289
Ga0374731_21_2635_3105	CP000239.1:1544447-1544918|CDS|CYA_1533	99.788	471	1	0	1	471	1	471	0.0	846
Ga0374731_21_2635_3105	CP000240.1:556211-556736|CDS|CYB_0541	85.996	457	64	0	1	457	1	457	5.32e-153	536
Ga0374731_21_3111_3863	CP000239.1:1543566-1544442|CDS|CYA_1532	99.203	753	6	0	1	753	124	876	0.0	1332
Ga0374731_21_3111_3863	CP000240.1:553988-555035|CDS|CYB_0539	87.332	671	85	0	1	671	232	902	0.0	828
Ga0374731_22_1_243	CP000239.1:1387368-1387680|CDS|CYA_1378	99.590	244	0	1	1	243	69	312	8.04e-122	433
Ga0374731_22_1_243	CP000240.1:2433114-2433426|CDS|CYB_2324	83.058	242	40	1	1	241	69	310	1.89e-66	249
Ga0374731_22_709_1509	CP000239.1:1388535-1389240|CDS|CYA_1381	100.000	705	0	0	97	801	1	705	0.0	1272
Ga0374731_22_709_1509	CP000240.1:2675799-2676627|CDS|CYB_2572	76.675	836	138	11	1	797	1	818	0.0	631
Ga0374731_22_1506_2030	CP000239.1:1389236-1389761|CDS|CYA_1380	99.238	525	4	0	1	525	1	525	0.0	930
Ga0374731_22_1506_2030	CP000240.1:2675266-2675803|CDS|CYB_2573	85.496	524	76	0	2	525	14	537	4.89e-173	603
Ga0374731_22_2259_2762	CP000239.1:1389989-1390490|CDS|CYA_1382	100.000	501	0	0	4	504	1	501	0.0	904
Ga0374731_22_2259_2762	CP000240.1:2674474-2674975|CDS|CYB_2571	88.224	501	59	0	4	504	1	501	0.0	638
Ga0374731_22_2759_3208	CP000239.1:1390489-1390939|CDS|CYA_1383	99.778	450	1	0	1	450	1	450	0.0	808
Ga0374731_22_2759_3208	CP000240.1:2674025-2674475|CDS|CYB_2570	82.705	451	76	2	1	450	1	450	1.36e-128	455
Ga0374731_22_3243_3401	CP000239.1:1390973-1391297|CDS|CYA_1384	100.000	159	0	0	1	159	166	324	1.35e-78	288
Ga0374731_22_3243_3401	CP000240.1:2673673-2673997|CDS|CYB_2569	92.258	155	12	0	1	155	166	320	3.86e-60	226
Ga0374731_22_3398_3568	CP000239.1:1390973-1391297|CDS|CYA_1384	100.000	150	0	0	1	150	1	150	1.13e-73	271
Ga0374731_22_3398_3568	CP000240.1:2673673-2673997|CDS|CYB_2569	90.000	150	15	0	1	150	1	150	4.79e-53	204
Ga0374731_23_79_927	CP000239.1:787480-789847|CDS|CYA_0782	90.039	773	77	0	38	810	1562	2334	0.0	1048
Ga0374731_23_79_927	CP000240.1:1239977-1242344|CDS|CYB_1197	82.147	773	138	0	38	810	1562	2334	0.0	773
Ga0374731_23_1236_2495	CP000239.1:785883-787233|CDS|CYA_0781	91.943	1266	96	2	1	1260	85	1350	0.0	1820
Ga0374731_23_1236_2495	CP000240.1:1242591-1243941|CDS|CYB_1198	91.146	1265	106	1	2	1260	86	1350	0.0	1778
Ga0374731_23_2678_4117	CP000239.1:784261-785701|CDS|CYA_0780	93.750	1440	90	0	1	1440	1	1440	0.0	2192
Ga0374731_23_2678_4117	CP000240.1:212975-214439|CDS|CYB_0202	85.222	1421	208	2	1	1420	1	1420	0.0	1609
Ga0374731_24_19_1434	CP000239.1:1517278-1518694|CDS|CYA_1509	92.302	1416	109	0	1	1416	1	1416	0.0	2063
Ga0374731_24_19_1434	CP000240.1:2791953-2793369|CDS|CYB_2703	85.805	1416	201	0	1	1416	1	1416	0.0	1648
Ga0374731_24_1586_1924	CP000239.1:1516788-1517127|CDS|CYA_1508	99.410	339	2	0	1	339	1	339	3.09e-173	603
Ga0374731_24_1586_1924	CP000240.1:2793520-2793859|CDS|CYB_2704	99.115	339	3	0	1	339	1	339	1.31e-171	599
Ga0374731_24_2163_3482	CP000239.1:1515230-1516637|CDS|CYA_1507	94.697	1320	70	0	1	1320	88	1407	0.0	2066
Ga0374731_24_2163_3482	CP000240.1:2794010-2795423|CDS|CYB_2705	91.880	1330	94	5	1	1320	88	1413	0.0	1902
Ga0374731_24_3572_3925	CP000239.1:1514373-1515081|CDS|CYA_1505	99.661	295	0	1	61	354	1	295	2.48e-149	525
Ga0374731_25_974_2029	CP000239.1:2899885-2900941|CDS|CYA_2883	100.000	1056	0	0	1	1056	1	1056	0.0	1905
Ga0374731_25_974_2029	CP000240.1:1735695-1736760|CDS|CYB_1656	85.824	1044	148	0	1	1044	1	1044	0.0	1216
Ga0374731_25_2232_3242	CP000239.1:2898672-2899683|CDS|CYA_2882	99.802	1011	2	0	1	1011	1	1011	0.0	1815
Ga0374731_25_2232_3242	CP000240.1:1736975-1737986|CDS|CYB_1657	88.427	1011	117	0	1	1011	1	1011	0.0	1297
Ga0374731_25_3239_4024	CP000239.1:2897890-2898676|CDS|CYA_2881	99.364	786	5	0	1	786	1	786	0.0	1396
Ga0374731_25_3239_4024	CP000240.1:1737982-1738768|CDS|CYB_1658	88.776	784	88	0	1	784	1	784	0.0	1018
Ga0374731_26_515_2896	CP000239.1:27152-29534|CDS|CYA_0029	99.916	2382	2	0	1	2382	1	2382	0.0	4287
Ga0374731_26_515_2896	CP000240.1:2389873-2392255|CDS|CYB_2284	83.670	2376	373	2	1	2364	1	2373	0.0	2541
Ga0374731_26_2904_3332	CP000239.1:26692-27145|CDS|CYA_0028	99.534	429	2	0	1	429	25	453	0.0	765
Ga0374731_26_2904_3332	CP000240.1:2389379-2389823|CDS|CYB_2283	86.398	397	54	0	2	398	26	422	4.83e-134	473
Ga0374731_26_2904_3332	CP000240.1:705025-705457|CDS|CYB_0688	77.370	327	74	0	73	399	100	426	6.73e-69	257
Ga0374731_26_2904_3332	CP000239.1:2512197-2512599|CDS|CYA_2501	74.312	327	84	0	73	399	70	396	2.51e-55	212
Ga0374731_26_3482_3847	CP000239.1:26201-26567|CDS|CYA_0027	100.000	366	0	0	1	366	1	366	0.0	661
Ga0374731_26_3482_3847	CP000240.1:2388798-2389182|CDS|CYB_2282	86.351	359	49	0	6	364	24	382	5.31e-120	427
Ga0374731_27_889_1959	CP000239.1:2375777-2376869|CDS|CYA_2367	99.813	1071	2	0	1	1071	22	1092	0.0	1923
Ga0374731_27_889_1959	CP000240.1:2447145-2448270|CDS|CYB_2341	87.241	964	123	0	1	964	22	985	0.0	1185
Ga0374731_27_2137_2973	CP000239.1:2374764-2375772|CDS|CYA_2366	99.881	837	1	0	1	837	172	1008	0.0	1506
Ga0374731_27_2137_2973	CP000240.1:2446157-2447159|CDS|CYB_2340	83.571	840	126	2	1	837	172	1002	0.0	895
Ga0374731_27_2975_3862	CP000239.1:2373875-2374745|CDS|CYA_2365	100.000	870	0	0	19	888	1	870	0.0	1570
Ga0374731_27_2975_3862	CP000240.1:2445286-2446153|CDS|CYB_2339	86.543	862	116	0	19	880	1	862	0.0	1032
Ga0374731_28_490_3354	CP000239.1:767498-770363|CDS|CYA_0762	97.696	2865	66	0	1	2865	1	2865	0.0	4870
Ga0374731_28_490_3354	CP000240.1:2549044-2551918|CDS|CYB_2451	88.757	2873	314	1	1	2864	1	2873	0.0	3729
Ga0374731_28_3437_4006	CP000239.1:770445-771204|CDS|CYA_0763	97.018	570	17	0	1	570	190	759	0.0	952
Ga0374731_28_3437_4006	CP000240.1:141132-141891|CDS|CYB_0128	88.070	570	68	0	1	570	190	759	0.0	722
Ga0374731_29_236_637	CP000239.1:844767-845169|CDS|CYA_0835	100.000	402	0	0	1	402	1	402	0.0	726
Ga0374731_29_236_637	CP000240.1:1927299-1927701|CDS|CYB_1840	83.250	400	66	1	1	400	1	399	1.06e-116	416
Ga0374731_29_634_933	CP000239.1:844396-844771|CDS|CYA_0836	100.000	300	0	0	1	300	76	375	7.77e-155	542
Ga0374731_29_634_933	CP000240.1:1926540-1926915|CDS|CYB_1839	79.110	292	61	0	7	298	82	373	1.96e-67	252
Ga0374731_29_1100_1789	CP000239.1:843615-844305|CDS|CYA_0834	99.855	690	1	0	1	690	1	690	0.0	1241
Ga0374731_29_1100_1789	CP000240.1:1925750-1926437|CDS|CYB_1838	86.470	643	87	0	39	681	39	681	0.0	768
Ga0374731_29_1846_2325	CP000239.1:843079-843559|CDS|CYA_0833	99.792	480	1	0	1	480	1	480	0.0	862
Ga0374731_29_1846_2325	CP000240.1:1925043-1925481|CDS|CYB_1837	81.903	431	78	0	22	452	1	431	7.07e-120	426
Ga0374731_29_2371_2622	CP000239.1:842782-843034|CDS|CYA_0832	100.000	252	0	0	1	252	1	252	7.33e-129	455
Ga0374731_29_2371_2622	CP000240.1:1924734-1924986|CDS|CYB_1836	78.788	231	49	0	22	252	22	252	1.09e-50	196
Ga0374731_29_2619_3302	CP000239.1:842102-842786|CDS|CYA_0831	100.000	684	0	0	1	684	1	684	0.0	1234
Ga0374731_29_2619_3302	CP000240.1:1924054-1924738|CDS|CYB_1835	86.842	684	90	0	1	684	1	684	0.0	829
Ga0374731_29_3454_3672	CP000239.1:841732-841951|CDS|CYA_0830	100.000	219	0	0	1	219	1	219	5.16e-111	396
Ga0374731_29_3454_3672	CP000240.1:1923467-1923731|CDS|CYB_1834	85.388	219	32	0	1	219	46	264	1.39e-67	251
Ga0374731_30_22_1065	CP000239.1:11809-13177|CDS|CYA_0011	100.000	1044	0	0	1	1044	325	1368	0.0	1884
Ga0374731_30_22_1065	CP000240.1:292777-294145|CDS|CYB_0278	88.547	1039	119	0	1	1039	325	1363	0.0	1338
Ga0374731_30_1215_1607	CP000239.1:11267-11660|CDS|CYA_0010	100.000	393	0	0	1	393	1	393	0.0	710
Ga0374731_30_1215_1607	CP000240.1:294355-294742|CDS|CYB_0279	83.696	368	60	0	1	368	1	368	3.38e-110	394
Ga0374731_30_1666_3069	CP000239.1:9805-11209|CDS|CYA_0009	99.065	1391	13	0	14	1404	14	1404	0.0	2451
Ga0374731_30_1666_3069	CP000240.1:15044-16448|CDS|CYB_0014	85.994	1378	193	0	16	1393	16	1393	0.0	1616
Ga0374731_31_354_1730	CP000239.1:2919861-2921238|CDS|CYA_2895	99.927	1377	1	0	1	1377	1	1377	0.0	2480
Ga0374731_31_354_1730	CP000240.1:1715960-1717340|CDS|CYB_1644	82.332	1381	239	4	1	1377	1	1380	0.0	1378
Ga0374731_31_2110_3498	CP000239.1:2921617-2922979|CDS|CYA_2897	99.559	1362	6	0	28	1389	1	1362	0.0	2430
Ga0374731_31_2110_3498	CP000240.1:1758619-1759954|CDS|CYB_1683	88.123	1305	155	0	28	1332	1	1305	0.0	1655
Ga0374731_32_42_644	CP000239.1:864218-864821|CDS|CYA_0856	100.000	603	0	0	1	603	1	603	0.0	1088
Ga0374731_32_970_1254	CP000239.1:865146-865431|CDS|CYA_0857	100.000	285	0	0	1	285	1	285	1.02e-146	515
Ga0374731_32_970_1254	CP000240.1:1467671-1468097|CDS|CYB_1398	87.018	285	37	0	1	285	142	426	3.13e-96	348
Ga0374731_32_1301_2053	CP000239.1:865477-866230|CDS|CYA_0858	99.734	753	2	0	1	753	1	753	0.0	1350
Ga0374731_32_1301_2053	CP000240.1:1826361-1827114|CDS|CYB_1743	86.515	749	101	0	1	749	1	749	0.0	896
Ga0374731_32_2226_3131	CP000239.1:866402-867308|CDS|CYA_0859	100.000	906	0	0	1	906	1	906	0.0	1635
Ga0374731_32_2226_3131	CP000240.1:1827308-1828232|CDS|CYB_1744	87.610	912	107	1	1	906	13	924	0.0	1137
Ga0374731_33_4_186	CP000239.1:2550889-2551981|CDS|CYA_2532	95.628	183	8	0	1	183	910	1092	1.06e-80	295
Ga0374731_33_4_186	CP000240.1:160943-162065|CDS|CYB_0144	90.164	183	18	0	1	183	940	1122	3.95e-67	250
Ga0374731_33_183_959	CP000239.1:2550122-2550893|CDS|CYA_2531	92.913	762	54	0	16	777	10	771	0.0	1131
Ga0374731_33_183_959	CP000240.1:162061-162862|CDS|CYB_0145	79.759	746	151	0	1	746	1	746	0.0	665
Ga0374731_33_969_1109	CP000239.1:2549276-2550113|CDS|CYA_2529	95.745	141	5	1	1	141	1	140	1.17e-59	224
Ga0374731_33_969_1109	CP000240.1:162872-163709|CDS|CYB_0147	81.538	130	23	1	12	141	12	140	2.95e-29	123
Ga0374731_33_1096_1806	CP000239.1:2549276-2550113|CDS|CYA_2529	99.859	711	1	0	1	711	127	837	0.0	1278
Ga0374731_33_1096_1806	CP000240.1:162872-163709|CDS|CYB_0147	83.380	710	118	0	2	711	128	837	0.0	749
Ga0374731_33_1803_1991	CP000239.1:2548506-2549280|CDS|CYA_2530	97.884	189	4	0	1	189	586	774	2.26e-89	324
Ga0374731_33_1803_1991	CP000240.1:163677-164529|CDS|CYB_0146	90.184	163	16	0	1	163	613	775	5.69e-59	223
Ga0374731_33_2011_2475	CP000239.1:2548506-2549280|CDS|CYA_2530	100.000	428	0	0	1	428	1	428	0.0	773
Ga0374731_34_31_504	CP000239.1:594943-595468|CDS|CYA_0583	100.000	474	0	0	1	474	52	525	0.0	856
Ga0374731_34_31_504	CP000240.1:77356-77884|CDS|CYB_0065	87.764	474	58	0	1	474	55	528	2.28e-170	594
Ga0374731_34_771_2582	CP000239.1:592865-594677|CDS|CYA_0582	99.503	1812	9	0	1	1812	1	1812	0.0	3228
Ga0374731_34_771_2582	CP000240.1:75213-77025|CDS|CYB_0064	88.962	1812	200	0	1	1812	1	1812	0.0	2367
Ga0374731_34_2673_3218	CP000239.1:592231-592873|CDS|CYA_0581	100.000	546	0	0	1	546	97	642	0.0	985
Ga0374731_34_2673_3218	CP000240.1:74615-75209|CDS|CYB_0063	82.365	482	85	0	1	482	94	575	9.86e-138	487
Ga0374731_35_434_940	CP000239.1:17768-18500|CDS|CYA_0017	100.000	507	0	0	1	507	226	732	0.0	915
Ga0374731_35_434_940	CP000240.1:1497842-1498625|CDS|CYB_1427	82.897	497	79	2	1	494	226	719	7.99e-145	510
Ga0374731_35_923_1543	CP000239.1:17165-17786|CDS|CYA_0018	100.000	621	0	0	1	621	1	621	0.0	1121
Ga0374731_35_923_1543	CP000240.1:1497272-1497911|CDS|CYB_1428	86.577	596	71	1	1	596	22	608	0.0	719
Ga0374731_35_1745_2518	CP000239.1:16200-16965|CDS|CYA_0016	99.608	766	2	1	1	766	1	765	0.0	1365
Ga0374731_35_1745_2518	CP000240.1:1496237-1497014|CDS|CYB_1426	83.333	708	115	3	39	745	39	744	0.0	735
Ga0374731_36_367_1122	CP000239.1:2304172-2304928|CDS|CYA_2302	100.000	756	0	0	1	756	1	756	0.0	1364
Ga0374731_36_367_1122	CP000240.1:1194256-1195009|CDS|CYB_1154	81.284	732	134	1	1	732	1	729	0.0	701
Ga0374731_36_1170_1730	CP000239.1:2303621-2304125|CDS|CYA_2301	100.000	504	0	0	58	561	1	504	0.0	910
Ga0374731_36_1170_1730	CP000240.1:1193649-1194105|CDS|CYB_1153	78.306	484	64	6	58	537	1	447	6.41e-115	410
Ga0374731_36_1901_2761	CP000239.1:2302544-2303405|CDS|CYA_2300	99.884	861	1	0	1	861	1	861	0.0	1549
Ga0374731_36_1901_2761	CP000240.1:634115-635006|CDS|CYB_0624	80.189	848	168	0	1	848	1	848	0.0	773
Ga0374731_38_183_578	CP000239.1:1394952-1395348|CDS|CYA_1388	98.724	392	5	0	1	392	1	392	0.0	685
Ga0374731_38_183_578	CP000240.1:2669586-2669982|CDS|CYB_2565	85.459	392	57	0	1	392	1	392	5.06e-127	451
Ga0374731_38_724_2502	CP000239.1:1393033-1394890|CDS|CYA_1387	97.039	1756	40	1	24	1779	114	1857	0.0	2939
Ga0374731_39_27_359	CP000239.1:2237804-2238347|CDS|CYA_2222	100.000	333	0	0	1	333	211	543	1.06e-172	601
Ga0374731_39_403_2043	CP000239.1:2238390-2240031|CDS|CYA_2223	100.000	1641	0	0	1	1641	1	1641	0.0	2960
Ga0374731_39_403_2043	CP000240.1:1511095-1512736|CDS|CYB_1442	88.361	1641	191	0	1	1641	1	1641	0.0	2099
Ga0374731_39_2068_2826	CP000239.1:2240055-2241087|CDS|CYA_2224	100.000	759	0	0	1	759	274	1032	0.0	1370
Ga0374731_39_2068_2826	CP000240.1:1509936-1510965|CDS|CYB_1441	86.133	750	101	1	1	750	274	1020	0.0	883
Ga0374731_42_28_612	CP000239.1:2199574-2200729|CDS|CYA_2182	100.000	585	0	0	1	585	571	1155	0.0	1056
Ga0374731_42_28_612	CP000240.1:377265-378450|CDS|CYB_0361	75.862	551	129	3	1	549	595	1143	2.66e-107	385
Ga0374731_42_668_2629	CP000239.1:2200784-2203076|CDS|CYA_2183	99.796	1962	4	0	1	1962	331	2292	0.0	3521
Ga0374731_42_668_2629	CP000240.1:1479695-1481996|CDS|CYB_1412	79.421	1968	382	10	1	1952	334	2294	0.0	1700
Ga0374731_43_188_727	CP000239.1:6353-7019|CDS|CYA_0007	100.000	540	0	0	1	540	127	666	0.0	975
Ga0374731_43_188_727	CP000240.1:6532-7120|CDS|CYB_0007	83.978	543	81	1	4	540	46	588	1.11e-168	589
Ga0374731_44_22_1080	CP000239.1:52801-53860|CDS|CYA_0055	99.528	1059	5	0	1	1059	1	1059	0.0	1888
Ga0374731_44_22_1080	CP000240.1:1222136-1223204|CDS|CYB_1184	83.760	1016	165	0	1	1016	1	1016	0.0	1089
Ga0374731_44_1193_1693	CP000239.1:51169-51670|CDS|CYA_0052	100.000	501	0	0	1	501	1	501	0.0	904
Ga0374731_44_1193_1693	CP000239.1:50662-51715|CDS|CYA_0054	100.000	501	0	0	1	501	1008	508	0.0	904
Ga0374731_44_1193_1693	CP000240.1:1223347-1223845|CDS|CYB_1185	87.026	501	62	1	1	501	1	498	1.10e-174	609
Ga0374731_45_308_535	CP000239.1:782540-783770|CDS|CYA_0777	98.690	229	2	1	1	228	403	631	5.39e-111	397
Ga0374731_45_308_535	CP000239.1:1966854-1968081|CDS|CYA_1956	89.083	229	24	1	1	228	403	631	3.89e-81	297
Ga0374731_45_308_535	CP000240.1:2424097-2424871|CDS|CYB_2313	79.535	215	44	0	1	215	400	614	4.16e-49	190
Ga0374731_45_308_535	CP000240.1:86287-87061|CDS|CYB_0074	78.855	227	47	1	1	226	400	626	4.16e-49	190
Ga0374731_45_308_535	CP000240.1:544792-546037|CDS|CYB_0530	77.533	227	50	1	1	226	400	626	9.16e-45	177
Ga0374731_45_308_535	CP000240.1:2581305-2582079|CDS|CYB_2484	77.674	215	48	0	1	215	400	614	1.12e-43	172
Ga0374731_45_308_535	CP000240.1:1126684-1127458|CDS|CYB_1091	76.279	215	51	0	1	215	400	614	2.46e-39	159
Ga0374731_45_649_966	CP000239.1:782540-783770|CDS|CYA_0777	99.686	318	1	0	1	318	1062	745	5.95e-163	570
Ga0374731_45_649_966	CP000239.1:1966854-1968081|CDS|CYA_1956	89.905	317	32	0	1	317	1062	746	1.31e-120	428
Ga0374731_45_649_966	CP000239.1:2027933-2028476|CDS|CYA_2012	74.608	319	77	2	2	318	350	34	2.72e-53	205
Ga0374731_45_649_966	CP000240.1:544792-546037|CDS|CYB_0530	72.241	299	75	2	24	318	1036	742	8.31e-41	164
Ga0374731_45_1328_1777	CP000239.1:781897-782347|CDS|CYA_0776	100.000	450	0	0	1	450	1	450	0.0	812
Ga0374731_45_1328_1777	CP000240.1:212011-212446|CDS|CYB_0200	85.548	429	50	2	1	429	1	417	4.45e-141	497
Ga0374731_45_1969_2160	CP000239.1:781526-781706|CDS|CYA_0775	100.000	180	0	0	13	192	1	180	6.60e-90	325
Ga0374731_46_405_599	CP000240.1:307127-307346|CDS|CYB_0295	85.641	195	28	0	1	195	25	219	4.84e-60	226
Ga0374731_47_76_798	CP000239.1:264136-265249|CDS|CYA_0258	99.862	723	1	0	1	723	391	1113	0.0	1300
Ga0374731_47_76_798	CP000240.1:685996-687097|CDS|CYB_0674	79.315	701	133	4	1	698	397	1088	6.83e-173	604
Ga0374731_47_895_1341	CP000239.1:1153630-1154107|CDS|CYA_1128	99.329	447	3	0	1	447	31	477	0.0	793
Ga0374731_47_895_1341	CP000239.1:2362619-2363096|CDS|CYA_2355	98.881	447	5	0	1	447	31	477	0.0	784
Ga0374731_47_895_1341	CP000239.1:1161245-1161722|CDS|CYA_1137	98.881	447	5	0	1	447	31	477	0.0	784
Ga0374731_47_895_1341	CP000239.1:563303-563780|CDS|CYA_0549	98.881	447	5	0	1	447	31	477	0.0	784
Ga0374731_47_895_1341	CP000239.1:2237233-2237710|CDS|CYA_2221	98.658	447	6	0	1	447	31	477	0.0	780
Ga0374731_47_895_1341	CP000239.1:65282-65759|CDS|CYA_0068	98.658	447	6	0	1	447	31	477	0.0	780
Ga0374731_47_895_1341	CP000239.1:2610754-2611231|CDS|CYA_2587	98.434	447	7	0	1	447	31	477	0.0	775
Ga0374731_47_895_1341	CP000239.1:2604255-2604732|CDS|CYA_2580	98.434	447	7	0	1	447	31	477	0.0	775
Ga0374731_47_895_1341	CP000239.1:2426211-2426688|CDS|CYA_2415	98.434	447	7	0	1	447	31	477	0.0	775
Ga0374731_47_895_1341	CP000239.1:2085206-2085683|CDS|CYA_2064	98.434	447	7	0	1	447	31	477	0.0	775
Ga0374731_47_895_1341	CP000239.1:1922539-1923016|CDS|CYA_1913	98.434	447	7	0	1	447	31	477	0.0	775
Ga0374731_47_895_1341	CP000239.1:1968829-1969306|CDS|CYA_1958	98.210	447	8	0	1	447	31	477	0.0	771
Ga0374731_47_895_1341	CP000239.1:152387-152861|CDS|CYA_0156	97.738	442	10	0	1	442	31	472	0.0	753
Ga0374731_48_11_502	CP000239.1:24910-26074|CDS|CYA_0026	100.000	492	0	0	1	492	673	1164	0.0	888
Ga0374731_48_11_502	CP000240.1:2387497-2388799|CDS|CYB_2281	81.944	432	78	0	2	433	836	1267	2.08e-120	428
Ga0374731_48_690_2084	CP000239.1:23328-24723|CDS|CYA_0025	99.713	1395	4	0	1	1395	1	1395	0.0	2498
Ga0374731_48_690_2084	CP000240.1:511014-512409|CDS|CYB_0500	84.681	1397	210	2	1	1395	1	1395	0.0	1550
Ga0374731_49_139_690	CP000239.1:2190748-2191273|CDS|CYA_2174	99.619	525	2	0	28	552	1	525	0.0	939
Ga0374731_49_139_690	CP000240.1:514666-515191|CDS|CYB_0503	88.000	525	63	0	28	552	1	525	0.0	664
Ga0374731_49_838_1557	CP000239.1:2189854-2190574|CDS|CYA_2173	99.861	720	1	0	1	720	1	720	0.0	1295
Ga0374731_49_1787_2101	CP000239.1:2188311-2189625|CDS|CYA_2172	100.000	315	0	0	1	315	1000	1314	5.89e-163	569
Ga0374731_49_1787_2101	CP000240.1:751291-752581|CDS|CYB_0731	81.029	311	57	2	3	312	972	1281	2.87e-78	288
