Ga0374825_02_350_952	CP000239.1:343376-343979|CDS|CYA_0324	100.000	603	0	0	1	603	1	603	0.0	1088
Ga0374825_02_350_952	CP000240.1:1789718-1790279|CDS|CYB_1705	77.555	548	123	0	1	548	1	548	6.05e-122	434
Ga0374825_02_937_1956	CP000239.1:342372-343392|CDS|CYA_0325	100.000	1020	0	0	1	1020	1	1020	0.0	1840
Ga0374825_02_937_1956	CP000240.1:1788664-1789684|CDS|CYB_1704	88.725	1020	115	0	1	1020	1	1020	0.0	1322
Ga0374825_02_2137_2652	CP000239.1:341672-342188|CDS|CYA_0323	99.806	516	1	0	1	516	1	516	0.0	927
Ga0374825_02_2137_2652	CP000240.1:1787992-1788508|CDS|CYB_1702	85.078	516	77	0	1	516	1	516	4.50e-167	584
Ga0374825_02_2939_3157	CP000239.1:338497-341392|CDS|CYA_0322	100.000	219	0	0	1	219	231	13	5.16e-111	396
Ga0374825_02_2939_3157	CP000240.1:1784955-1787850|CDS|CYB_1701	86.585	164	22	0	56	219	176	13	2.68e-51	197
Ga0374825_02_3185_5821	CP000239.1:338497-341392|CDS|CYA_0322	99.810	2637	5	0	1	2637	259	2895	0.0	4734
Ga0374825_02_3185_5821	CP000240.1:1784955-1787850|CDS|CYB_1701	78.820	2644	546	5	1	2637	259	2895	0.0	2234
Ga0374825_02_10566_10769	CP000240.1:1780158-1780362|CDS|CYB_1699	99.510	204	1	0	1	204	1	204	2.81e-101	364
Ga0374825_02_10566_10769	CP000239.1:333688-333895|CDS|CYA_0320	82.741	197	25	1	1	188	1	197	4.77e-54	206
Ga0374825_02_10772_11167	CP000240.1:1779760-1780156|CDS|CYB_1698	100.000	396	0	0	1	396	1	396	0.0	715
Ga0374825_03_7_828	CP000239.1:595615-596602|CDS|CYA_0584	99.635	822	3	0	1	822	166	987	0.0	1470
Ga0374825_03_7_828	CP000240.1:78034-79021|CDS|CYB_0066	88.422	786	91	0	1	786	166	951	0.0	1008
Ga0374825_03_1027_1500	CP000239.1:594943-595468|CDS|CYA_0583	99.789	474	1	0	1	474	52	525	0.0	851
Ga0374825_03_1027_1500	CP000240.1:77356-77884|CDS|CYB_0065	87.553	474	59	0	1	474	55	528	9.68e-169	590
Ga0374825_03_1767_2981	CP000239.1:592865-594677|CDS|CYA_0582	99.918	1215	0	1	1	1215	1	1214	0.0	2184
Ga0374825_03_1767_2981	CP000240.1:75213-77025|CDS|CYB_0064	88.724	1215	136	1	1	1215	1	1214	0.0	1571
Ga0374825_03_3004_3576	CP000239.1:592865-594677|CDS|CYA_0582	99.825	573	0	1	1	573	1237	1808	0.0	1026
Ga0374825_03_3004_3576	CP000240.1:75213-77025|CDS|CYB_0064	87.609	573	70	1	1	573	1237	1808	0.0	710
Ga0374825_03_3670_4215	CP000239.1:592231-592873|CDS|CYA_0581	100.000	546	0	0	1	546	97	642	0.0	985
Ga0374825_03_3670_4215	CP000240.1:74615-75209|CDS|CYB_0063	82.365	482	85	0	1	482	94	575	9.86e-138	487
Ga0374825_03_4228_4599	CP000239.1:591847-592186|CDS|CYA_0580	100.000	339	0	0	34	372	1	339	6.56e-176	612
Ga0374825_03_4228_4599	CP000240.1:74201-74573|CDS|CYB_0062	87.871	371	45	0	1	371	1	371	6.16e-132	467
Ga0374825_03_4851_5588	CP000239.1:585521-586202|CDS|CYA_0572	99.674	613	2	0	46	658	1	613	0.0	1097
Ga0374825_03_4851_5588	CP000240.1:1376500-1377226|CDS|CYB_1313	77.454	652	147	0	1	652	1	652	9.70e-146	514
Ga0374825_03_5630_6172	CP000239.1:586288-586831|CDS|CYA_0573	100.000	543	0	0	1	543	1	543	0.0	980
Ga0374825_03_5630_6172	CP000240.1:1377267-1377837|CDS|CYB_1314	81.682	535	98	0	1	535	28	562	3.90e-149	524
Ga0374825_03_6654_7112	CP000239.1:587312-587771|CDS|CYA_0574	99.782	459	1	0	1	459	1	459	0.0	824
Ga0374825_03_6654_7112	CP000240.1:69558-70017|CDS|CYB_0057	85.403	459	67	0	1	459	1	459	9.36e-150	526
Ga0374825_03_7141_8079	CP000239.1:587799-588738|CDS|CYA_0575	100.000	939	0	0	1	939	1	939	0.0	1694
Ga0374825_03_7141_8079	CP000240.1:70136-71075|CDS|CYB_0058	84.806	928	141	0	1	928	1	928	0.0	1039
Ga0374825_03_8179_9330	CP000239.1:588837-589989|CDS|CYA_0577	100.000	1152	0	0	1	1152	1	1152	0.0	2078
Ga0374825_03_8179_9330	CP000240.1:71167-72319|CDS|CYB_0060	90.530	1151	109	0	1	1151	1	1151	0.0	1585
Ga0374825_03_9327_10238	CP000239.1:589985-590897|CDS|CYA_0576	99.781	912	2	0	1	912	1	912	0.0	1636
Ga0374825_03_9327_10238	CP000240.1:72315-73227|CDS|CYB_0059	85.088	912	134	2	1	911	1	911	0.0	1025
Ga0374825_03_10288_10608	CP000239.1:590946-591267|CDS|CYA_0578	100.000	321	0	0	1	321	1	321	3.32e-166	580
Ga0374825_03_10288_10608	CP000240.1:73284-73605|CDS|CYB_0061	88.474	321	37	0	1	321	1	321	1.02e-115	413
Ga0374825_04_2074_4266	CP000239.1:2879173-2881366|CDS|CYA_2862	97.355	2193	58	0	1	2193	1	2193	0.0	3694
Ga0374825_04_2074_4266	CP000240.1:2613612-2615805|CDS|CYB_2517	88.238	2185	257	0	1	2185	1	2185	0.0	2782
Ga0374825_04_4309_5232	CP000239.1:2881408-2882332|CDS|CYA_2863	99.892	924	1	0	1	924	1	924	0.0	1663
Ga0374825_04_4309_5232	CP000240.1:2615877-2616801|CDS|CYB_2518	82.035	924	162	4	1	922	1	922	0.0	904
Ga0374825_04_5240_5692	CP000239.1:2882339-2882792|CDS|CYA_2864	100.000	453	0	0	1	453	1	453	0.0	818
Ga0374825_04_5240_5692	CP000240.1:1331509-1331944|CDS|CYB_1274	79.808	416	82	2	39	453	21	435	1.91e-101	365
Ga0374825_04_5805_6344	CP000239.1:2882904-2883444|CDS|CYA_2865	99.815	540	1	0	1	540	1	540	0.0	970
Ga0374825_04_5805_6344	CP000240.1:1562118-1562664|CDS|CYB_1486	81.356	531	93	1	16	540	16	546	7.01e-146	513
Ga0374825_04_6401_6955	CP000239.1:2883500-2884055|CDS|CYA_2866	100.000	555	0	0	1	555	1	555	0.0	1002
Ga0374825_04_6401_6955	CP000240.1:1561334-1561886|CDS|CYB_1485	83.549	541	89	0	1	541	1	541	2.52e-164	575
Ga0374825_04_7009_7377	CP000239.1:2884108-2884477|CDS|CYA_2867	100.000	369	0	0	1	369	1	369	0.0	666
Ga0374825_04_7009_7377	CP000240.1:1560911-1561280|CDS|CYB_1484	81.793	368	67	0	1	368	1	368	1.87e-100	362
Ga0374825_04_7502_8383	CP000239.1:2884601-2885483|CDS|CYA_2868	100.000	882	0	0	1	882	1	882	0.0	1591
Ga0374825_04_7502_8383	CP000239.1:2885817-2886651|CDS|CYA_2869	81.727	695	127	0	1	695	1	695	0.0	682
Ga0374825_04_7502_8383	CP000240.1:1559946-1560831|CDS|CYB_1483	78.187	706	154	0	1	706	1	706	9.54e-166	580
Ga0374825_04_7502_8383	CP000240.1:1558658-1559549|CDS|CYB_1482	75.354	706	171	1	1	706	1	703	4.63e-138	488
Ga0374825_04_7502_8383	CP000239.1:2886812-2887649|CDS|CYA_2870	74.822	703	174	1	1	703	1	700	4.34e-132	469
Ga0374825_04_8718_9551	CP000239.1:2885817-2886651|CDS|CYA_2869	83.094	834	141	0	1	834	1	834	0.0	869
Ga0374825_04_8718_9551	CP000239.1:2884601-2885483|CDS|CYA_2868	79.712	695	141	0	1	695	1	695	3.58e-177	618
Ga0374825_04_8718_9551	CP000240.1:1558658-1559549|CDS|CYB_1482	77.188	697	152	4	1	695	1	692	1.43e-150	529
Ga0374825_04_8718_9551	CP000239.1:2886812-2887649|CDS|CYA_2870	73.254	845	205	9	1	833	1	836	5.33e-137	484
Ga0374825_04_8718_9551	CP000240.1:1559946-1560831|CDS|CYB_1483	74.676	695	176	0	1	695	1	695	6.08e-130	461
Ga0374825_04_9830_10369	CP000239.1:2887937-2890445|CDS|CYA_2871	85.404	507	74	0	1	507	1969	2475	1.65e-166	581
Ga0374825_04_9830_10369	CP000240.1:1555785-1558380|CDS|CYB_1481	83.922	510	82	0	1	510	2056	2565	2.79e-157	551
Ga0374825_05_1131_1325	CP000239.1:2740042-2740447|CDS|CYA_2722	88.205	195	23	0	1	195	211	405	1.48e-66	249
Ga0374825_05_1131_1325	CP000239.1:2026942-2027347|CDS|CYA_2010	88.205	195	23	0	1	195	211	405	1.48e-66	249
Ga0374825_05_1131_1325	CP000239.1:1290362-1291310|CDS|CYA_1279	87.817	197	22	1	1	195	211	407	1.80e-65	245
Ga0374825_05_1131_1325	CP000239.1:1612111-1613059|CDS|CYA_1604	87.310	197	23	1	1	195	211	407	2.20e-64	241
Ga0374825_05_1131_1325	CP000239.1:1321049-1321982|CDS|CYA_1311	87.310	197	23	1	1	195	211	407	2.20e-64	241
Ga0374825_05_1131_1325	CP000239.1:51699-52647|CDS|CYA_0053	87.310	197	23	1	1	195	211	407	2.20e-64	241
Ga0374825_05_1131_1325	CP000239.1:2728529-2728928|CDS|CYA_2709	87.831	189	22	1	1	188	211	399	3.26e-62	234
Ga0374825_05_1131_1325	CP000239.1:2654240-2654639|CDS|CYA_2639	87.831	189	22	1	1	188	211	399	3.26e-62	234
Ga0374825_05_1131_1325	CP000239.1:1663935-1664334|CDS|CYA_1661	87.831	189	22	1	1	188	211	399	3.26e-62	234
Ga0374825_05_1131_1325	CP000239.1:1367794-1368193|CDS|CYA_1358	87.831	189	22	1	1	188	211	399	3.26e-62	234
Ga0374825_05_1131_1325	CP000239.1:1300762-1301161|CDS|CYA_1291	87.831	189	22	1	1	188	211	399	3.26e-62	234
Ga0374825_05_1131_1325	CP000239.1:1152553-1152952|CDS|CYA_1126	87.831	189	22	1	1	188	211	399	3.26e-62	234
Ga0374825_05_1131_1325	CP000239.1:1013062-1013461|CDS|CYA_0999	87.831	189	22	1	1	188	211	399	3.26e-62	234
Ga0374825_05_1131_1325	CP000239.1:34556-34955|CDS|CYA_0037	87.302	189	23	1	1	188	211	399	3.98e-61	230
Ga0374825_05_1131_1325	CP000239.1:2862566-2862965|CDS|CYA_2845	86.772	189	24	1	1	188	211	399	1.69e-59	225
Ga0374825_05_1131_1325	CP000239.1:2101748-2102147|CDS|CYA_2082	86.772	189	24	1	1	188	211	399	1.69e-59	225
Ga0374825_05_2162_2695	CP000239.1:524897-525431|CDS|CYA_0507	99.813	534	1	0	1	534	1	534	0.0	959
Ga0374825_05_2162_2695	CP000240.1:184302-184857|CDS|CYB_0171	80.935	535	87	1	2	521	8	542	1.99e-146	515
Ga0374825_05_2819_3376	CP000239.1:524216-524708|CDS|CYA_0506	99.797	492	1	0	67	558	1	492	0.0	884
Ga0374825_05_3916_5928	CP000239.1:521664-523812|CDS|CYA_0505	99.901	2013	2	0	1	2013	136	2148	0.0	3622
Ga0374825_05_3916_5928	CP000240.1:180950-183122|CDS|CYB_0169	82.959	2001	288	7	1	1997	199	2150	0.0	2088
Ga0374825_05_6066_6884	CP000239.1:520708-521404|CDS|CYA_0504	99.713	696	2	0	124	819	1	696	0.0	1247
Ga0374825_05_6066_6884	CP000240.1:172006-172630|CDS|CYB_0157	88.122	623	65	1	197	819	11	624	0.0	794
Ga0374825_05_6844_7512	CP000239.1:520080-520668|CDS|CYA_0503	100.000	588	0	0	82	669	1	588	0.0	1061
Ga0374825_05_6844_7512	CP000240.1:171357-171999|CDS|CYB_0156	79.115	565	109	1	104	659	68	632	2.86e-139	491
Ga0374825_05_7778_9418	CP000239.1:518174-519785|CDS|CYA_0502	99.876	1611	2	0	31	1641	1	1611	0.0	2897
Ga0374825_05_7778_9418	CP000240.1:169410-171030|CDS|CYB_0155	85.108	1578	235	0	31	1608	1	1578	0.0	1787
Ga0374825_06_48_731	CP000239.1:601420-602164|CDS|CYA_0590	97.661	684	16	0	1	684	61	744	0.0	1162
Ga0374825_06_48_731	CP000240.1:83849-84548|CDS|CYB_0072	82.310	684	76	2	1	684	61	699	0.0	720
Ga0374825_06_976_2289	CP000239.1:602407-603721|CDS|CYA_0591	99.924	1314	1	0	1	1314	1	1314	0.0	2366
Ga0374825_06_976_2289	CP000240.1:84795-86109|CDS|CYB_0073	88.356	1314	153	0	1	1314	1	1314	0.0	1681
Ga0374825_06_2453_3163	CP000239.1:603884-604595|CDS|CYA_0592	99.859	711	1	0	1	711	1	711	0.0	1278
Ga0374825_06_2453_3163	CP000240.1:2582596-2583430|CDS|CYB_2486	85.841	565	80	0	5	569	110	674	0.0	659
Ga0374825_06_3305_3565	CP000239.1:604691-604997|CDS|CYA_0593	100.000	261	0	0	1	261	46	306	9.91e-134	471
Ga0374825_06_3305_3565	CP000240.1:2583458-2583764|CDS|CYB_2487	90.038	261	26	0	1	261	46	306	1.92e-98	354
Ga0374825_06_3590_4780	CP000239.1:605021-606212|CDS|CYA_0594	99.916	1191	1	0	1	1191	1	1191	0.0	2144
Ga0374825_06_3590_4780	CP000240.1:2583791-2584970|CDS|CYB_2488	85.500	1131	164	0	1	1131	1	1131	0.0	1301
Ga0374825_06_5293_6063	CP000239.1:608381-609281|CDS|CYA_0597	99.092	771	7	0	1	771	130	900	0.0	1360
Ga0374825_06_5293_6063	CP000240.1:2585420-2586302|CDS|CYB_2489	87.256	769	95	1	1	769	115	880	0.0	944
Ga0374825_06_6272_7018	CP000239.1:609476-610247|CDS|CYA_0598	92.558	739	49	1	1	733	1	739	0.0	1086
Ga0374825_06_6272_7018	CP000240.1:38531-39323|CDS|CYB_0030	79.215	688	135	3	1	681	1	687	4.44e-169	590
Ga0374825_06_7223_7708	CP000239.1:617289-617655|CDS|CYA_0609	97.541	366	9	0	121	486	1	366	5.87e-178	620
Ga0374825_06_7223_7708	CP000240.1:39537-40023|CDS|CYB_0031	87.243	486	62	0	1	486	1	486	1.92e-171	598
Ga0374825_07_319_531	CP000239.1:2617631-2617844|CDS|CYA_2597	100.000	213	0	0	1	213	1	213	9.04e-108	385
Ga0374825_07_319_531	CP000240.1:568792-569143|CDS|CYB_0558	82.902	193	33	0	1	193	1	193	7.44e-52	200
Ga0374825_07_580_774	CP000239.1:455920-457171|CDS|CYA_0436	74.899	247	10	1	1	195	970	1216	1.30e-54	209
Ga0374825_07_827_1093	CP000239.1:455920-457171|CDS|CYA_0436	82.935	293	24	3	1	267	917	625	6.02e-86	314
Ga0374825_07_1899_2015	CP000239.1:2619211-2619328|CDS|CYA_2600	100.000	117	0	0	1	117	1	117	5.90e-56	212
Ga0374825_07_1899_2015	CP000239.1:2581636-2581753|CDS|CYA_2558	98.291	117	2	0	1	117	1	117	3.06e-53	203
Ga0374825_07_1899_2015	CP000240.1:841655-841772|CDS|CYB_0812	86.325	117	16	0	1	117	1	117	3.06e-34	140
Ga0374825_07_2112_2465	CP000239.1:2619424-2619778|CDS|CYA_2601	100.000	354	0	0	1	354	1	354	0.0	639
Ga0374825_07_2112_2465	CP000240.1:841876-842233|CDS|CYB_0813	90.116	344	34	0	1	344	1	344	1.67e-132	468
Ga0374825_07_2112_2465	CP000239.1:2581159-2581519|CDS|CYA_2557	88.539	349	40	0	5	353	11	359	4.49e-127	450
Ga0374825_07_2755_2889	CP000240.1:2369615-2370020|CDS|CYB_2264	87.407	135	17	0	1	135	271	405	2.62e-42	168
Ga0374825_07_2755_2889	CP000239.1:2580598-2581003|CDS|CYA_2556	81.159	138	20	2	1	135	271	405	6.58e-31	129
Ga0374825_07_2813_2992	CP000240.1:2369615-2370020|CDS|CYB_2264	82.123	179	32	0	1	179	347	169	5.76e-46	179
Ga0374825_07_2813_2992	CP000239.1:2580598-2581003|CDS|CYA_2556	82.911	158	27	0	22	179	326	169	4.42e-41	164
Ga0374825_07_2953_3201	CP000240.1:2369615-2370020|CDS|CYB_2264	83.582	201	33	0	45	245	3	203	4.02e-56	214
Ga0374825_07_2953_3201	CP000239.1:2580598-2581003|CDS|CYA_2556	78.218	202	44	0	45	246	3	204	5.23e-42	167
Ga0374825_07_3383_4135	CP000239.1:2620695-2621439|CDS|CYA_2603	100.000	744	0	0	10	753	1	744	0.0	1342
Ga0374825_07_3383_4135	CP000240.1:2370235-2370979|CDS|CYB_2265	86.901	710	93	0	10	719	1	710	0.0	862
Ga0374825_07_4298_5284	CP000239.1:2621610-2623191|CDS|CYA_2604	97.667	986	23	0	2	987	596	1581	0.0	1675
Ga0374825_07_4298_5284	CP000240.1:2371216-2372797|CDS|CYB_2266	95.630	984	43	0	2	985	596	1579	0.0	1581
Ga0374825_07_5284_5461	CP000239.1:2621610-2623191|CDS|CYA_2604	99.435	177	1	0	2	178	594	418	1.09e-86	315
Ga0374825_07_5284_5461	CP000240.1:2371216-2372797|CDS|CYB_2266	90.395	177	17	0	2	178	594	418	5.68e-65	243
Ga0374825_07_5927_6436	CP000239.1:2623239-2623749|CDS|CYA_2605	99.804	510	1	0	1	510	1	510	0.0	916
Ga0374825_07_5927_6436	CP000240.1:2372844-2373354|CDS|CYB_2267	92.353	510	39	0	1	510	1	510	0.0	745
Ga0374825_07_7219_8217	CP000240.1:2374852-2376085|CDS|CYB_2269	99.700	999	3	0	1	999	235	1233	0.0	1789
Ga0374825_07_7219_8217	CP000239.1:2625230-2626463|CDS|CYA_2608	99.700	999	3	0	1	999	235	1233	0.0	1789
Ga0374825_08_411_662	CP000240.1:1085680-1086127|CDS|CYB_1046	80.000	210	30	1	27	224	417	208	1.09e-50	196
Ga0374825_08_957_1220	CP000239.1:936771-937035|CDS|CYA_0926	99.621	264	1	0	1	264	1	264	1.00e-133	472
Ga0374825_08_957_1220	CP000240.1:1085268-1085532|CDS|CYB_1043	85.496	262	38	0	1	262	1	262	1.07e-82	302
Ga0374825_08_1242_1913	CP000239.1:937056-937728|CDS|CYA_0927	100.000	672	0	0	1	672	1	672	0.0	1213
Ga0374825_08_1242_1913	CP000240.1:1084593-1085283|CDS|CYB_1044	86.544	654	85	1	1	654	1	651	0.0	782
Ga0374825_08_2097_2885	CP000239.1:937911-938700|CDS|CYA_0928	99.873	789	1	0	1	789	1	789	0.0	1419
Ga0374825_08_2097_2885	CP000240.1:1082301-1083090|CDS|CYB_1041	86.312	789	108	0	1	789	1	789	0.0	937
Ga0374825_08_2882_3640	CP000239.1:938696-939455|CDS|CYA_0929	96.311	759	28	0	1	759	1	759	0.0	1243
Ga0374825_08_2882_3640	CP000240.1:1081522-1082305|CDS|CYB_1040	87.380	729	92	0	1	729	1	729	0.0	901
Ga0374825_08_3708_4463	CP000239.1:939522-940422|CDS|CYA_0930	99.735	756	2	0	1	756	145	900	0.0	1355
Ga0374825_08_3708_4463	CP000240.1:1080663-1081458|CDS|CYB_1039	79.377	771	120	6	1	732	1	771	0.0	682
Ga0374825_08_4606_5559	CP000239.1:940420-941374|CDS|CYA_0931	99.895	954	1	0	1	954	1	954	0.0	1717
Ga0374825_08_4606_5559	CP000240.1:1079567-1080521|CDS|CYB_1038	88.365	954	111	0	1	954	1	954	0.0	1221
Ga0374825_08_5788_6399	CP000239.1:941581-942214|CDS|CYA_0932	100.000	612	0	0	1	612	22	633	0.0	1104
Ga0374825_08_5788_6399	CP000240.1:1078723-1079557|CDS|CYB_1037	74.007	604	155	2	10	612	232	834	5.05e-104	375
Ga0374825_08_6396_7346	CP000240.1:1077776-1078727|CDS|CYB_1036	75.754	928	223	2	25	951	25	951	0.0	653
Ga0374825_08_7319_8575	CP000239.1:943316-944390|CDS|CYA_0933	99.814	1074	2	0	184	1257	1	1074	0.0	1929
Ga0374825_08_7319_8575	CP000240.1:1076532-1077627|CDS|CYB_1034	78.329	1089	216	5	178	1250	1	1085	0.0	896
Ga0374825_09_154_471	CP000239.1:782540-783770|CDS|CYA_0777	99.686	318	1	0	1	318	1062	745	5.95e-163	570
Ga0374825_09_154_471	CP000239.1:1966854-1968081|CDS|CYA_1956	90.536	317	30	0	1	317	1062	746	2.53e-123	437
Ga0374825_09_154_471	CP000239.1:2027933-2028476|CDS|CYA_2012	75.235	319	75	2	2	318	350	34	5.24e-56	214
Ga0374825_09_154_471	CP000240.1:544792-546037|CDS|CYB_0530	72.241	299	75	2	24	318	1036	742	8.31e-41	164
Ga0374825_09_833_1282	CP000239.1:781897-782347|CDS|CYA_0776	100.000	450	0	0	1	450	1	450	0.0	812
Ga0374825_09_833_1282	CP000240.1:212011-212446|CDS|CYB_0200	85.548	429	50	2	1	429	1	417	4.45e-141	497
Ga0374825_09_1642_2151	CP000239.1:781028-781538|CDS|CYA_0774	100.000	510	0	0	1	510	1	510	0.0	921
Ga0374825_09_1642_2151	CP000240.1:211181-211715|CDS|CYB_0199	88.115	488	58	0	1	488	1	488	6.17e-178	619
Ga0374825_09_2226_3014	CP000239.1:780165-780984|CDS|CYA_0773	99.873	789	1	0	1	789	31	819	0.0	1419
Ga0374825_09_2226_3014	CP000240.1:209502-210327|CDS|CYB_0196	84.405	731	111	1	1	728	31	761	0.0	803
Ga0374825_09_3124_3954	CP000239.1:779225-780056|CDS|CYA_0772	99.880	831	1	0	1	831	1	831	0.0	1495
Ga0374825_09_3124_3954	CP000240.1:208564-209434|CDS|CYB_0195	78.903	839	150	5	1	812	22	860	0.0	718
Ga0374825_09_3977_4657	CP000239.1:778522-779203|CDS|CYA_0771	99.853	681	1	0	1	681	1	681	0.0	1224
Ga0374825_09_3977_4657	CP000240.1:207846-208548|CDS|CYB_0194	79.822	674	121	3	1	659	1	674	6.42e-173	603
Ga0374825_09_4680_5750	CP000239.1:777429-778500|CDS|CYA_0770	100.000	1071	0	0	1	1071	1	1071	0.0	1932
Ga0374825_09_4680_5750	CP000240.1:206713-207784|CDS|CYB_0193	86.181	1071	148	0	1	1071	1	1071	0.0	1265
Ga0374825_09_5883_6224	CP000239.1:776957-777299|CDS|CYA_0769	100.000	342	0	0	1	342	1	342	1.42e-177	618
Ga0374825_09_5883_6224	CP000240.1:206257-206599|CDS|CYB_0192	88.060	335	40	0	1	335	1	335	1.73e-119	425
Ga0374825_09_6403_6978	CP000239.1:776203-776698|CDS|CYA_0768	100.000	495	0	0	82	576	1	495	0.0	893
Ga0374825_09_6403_6978	CP000240.1:114810-115398|CDS|CYB_0097	81.614	533	98	0	44	576	56	588	5.05e-148	520
Ga0374825_09_7191_8402	CP000239.1:774779-775973|CDS|CYA_0767	99.916	1194	1	0	19	1212	1	1194	0.0	2150
Ga0374825_09_7191_8402	CP000239.1:2170714-2171908|CDS|CYA_2158	93.886	1194	73	0	19	1212	1	1194	0.0	1825
Ga0374825_09_7191_8402	CP000240.1:1954838-1956056|CDS|CYB_1872	92.200	1218	71	1	19	1212	1	1218	0.0	1786
Ga0374825_09_7191_8402	CP000240.1:1083184-1084426|CDS|CYB_1042	90.338	1242	72	2	19	1212	1	1242	0.0	1734
Ga0374825_09_7191_8402	CP000240.1:1803089-1804283|CDS|CYB_1722	92.044	1194	95	0	19	1212	1	1194	0.0	1726
Ga0374825_09_7191_8402	CP000240.1:2796782-2798000|CDS|CYB_2707	90.805	1218	88	1	19	1212	1	1218	0.0	1709
Ga0374825_09_7191_8402	CP000240.1:2644164-2645358|CDS|CYB_2538	91.206	1194	105	0	19	1212	1	1194	0.0	1681
Ga0374825_09_7191_8402	CP000239.1:712444-713638|CDS|CYA_0704	90.955	1194	108	0	19	1212	1	1194	0.0	1667
Ga0374825_09_7191_8402	CP000240.1:2168360-2169515|CDS|CYB_2071	92.800	1125	81	0	19	1143	1	1125	0.0	1664
Ga0374825_09_7191_8402	CP000240.1:1190675-1191869|CDS|CYB_1151	90.460	1195	112	2	19	1212	1	1194	0.0	1635
Ga0374825_09_7191_8402	CP000240.1:1358129-1359347|CDS|CYB_1297	89.409	1218	105	1	19	1212	1	1218	0.0	1633
Ga0374825_09_7191_8402	CP000240.1:1521392-1522610|CDS|CYB_1450	89.327	1218	106	1	19	1212	1	1218	0.0	1628
Ga0374825_09_7191_8402	CP000240.1:2619921-2621115|CDS|CYB_2521	90.126	1195	116	2	19	1212	1	1194	0.0	1617
Ga0374825_09_7191_8402	CP000240.1:638632-639850|CDS|CYB_0630	89.080	1218	109	1	19	1212	1	1218	0.0	1615
Ga0374825_09_7191_8402	CP000240.1:52430-53648|CDS|CYB_0041	88.916	1218	111	1	19	1212	1	1218	0.0	1606
Ga0374825_09_7191_8402	CP000240.1:1064975-1066169|CDS|CYB_1023	89.615	1194	124	0	19	1212	1	1194	0.0	1595
Ga0374825_09_7191_8402	CP000240.1:3008652-3009870|CDS|CYB_2910	88.670	1218	114	1	19	1212	1	1218	0.0	1592
Ga0374825_09_7191_8402	CP000240.1:2830275-2831565|CDS|CYB_2735	87.581	1240	89	3	19	1210	1	1223	0.0	1588
Ga0374825_09_7191_8402	CP000240.1:2553363-2554557|CDS|CYB_2454	89.447	1194	126	0	19	1212	1	1194	0.0	1586
Ga0374825_09_7191_8402	CP000240.1:2210858-2212052|CDS|CYB_2117	89.112	1194	130	0	19	1212	1	1194	0.0	1568
Ga0374825_09_7191_8402	CP000239.1:629980-631174|CDS|CYA_0620	89.112	1194	130	0	19	1212	1	1194	0.0	1568
Ga0374825_09_7191_8402	CP000240.1:1244785-1246021|CDS|CYB_1201	88.240	1216	119	1	19	1210	1	1216	0.0	1566
Ga0374825_09_7191_8402	CP000240.1:1267756-1268992|CDS|CYB_1227	88.250	1217	117	3	19	1210	1	1216	0.0	1561
Ga0374825_09_7191_8402	CP000240.1:2661652-2662870|CDS|CYB_2557	87.849	1218	124	1	19	1212	1	1218	0.0	1547
Ga0374825_09_7191_8402	CP000240.1:1316312-1317548|CDS|CYB_1259	87.664	1216	126	1	19	1210	1	1216	0.0	1535
Ga0374825_09_7191_8402	CP000240.1:481588-482800|CDS|CYB_0472	88.600	1193	134	2	19	1210	1	1192	0.0	1532
Ga0374825_09_7191_8402	CP000240.1:629484-630702|CDS|CYB_0620	87.192	1218	132	1	19	1212	1	1218	0.0	1511
Ga0374825_09_7191_8402	CP000240.1:2933473-2934709|CDS|CYB_2835	86.710	1219	132	5	19	1210	1	1216	0.0	1473
Ga0374825_09_7191_8402	CP000240.1:605550-606744|CDS|CYB_0598	86.516	1194	161	0	19	1212	1	1194	0.0	1428
Ga0374825_09_7191_8402	CP000240.1:2247371-2248565|CDS|CYB_2147	87.911	1125	136	0	19	1143	1	1125	0.0	1416
Ga0374825_09_7191_8402	CP000239.1:698055-699204|CDS|CYA_0690	86.486	1147	131	1	19	1141	1	1147	0.0	1388
Ga0374825_09_7191_8402	CP000239.1:1594889-1596107|CDS|CYA_1585	87.289	1125	143	0	19	1143	1	1125	0.0	1385
Ga0374825_09_7191_8402	CP000239.1:893439-894633|CDS|CYA_0887	87.200	1125	144	0	19	1143	1	1125	0.0	1380
Ga0374825_09_7191_8402	CP000240.1:241642-242836|CDS|CYB_0233	86.590	1126	149	2	19	1143	1	1125	0.0	1343
Ga0374825_09_7191_8402	CP000239.1:994256-995468|CDS|CYA_0981	84.815	1192	181	0	19	1210	1	1192	0.0	1334
Ga0374825_09_7191_8402	CP000240.1:1842322-1843549|CDS|CYB_1759	83.748	1206	168	3	19	1198	1	1204	0.0	1304
Ga0374825_09_7191_8402	CP000240.1:102811-104029|CDS|CYB_0087	84.508	1149	154	1	19	1143	1	1149	0.0	1287
Ga0374825_09_7191_8402	CP000240.1:1384265-1385459|CDS|CYB_1322	83.822	1125	182	0	19	1143	1	1125	0.0	1209
Ga0374825_09_7191_8402	CP000240.1:345730-346924|CDS|CYB_0329	83.644	1125	184	0	19	1143	1	1125	0.0	1200
Ga0374825_09_7191_8402	CP000240.1:1015074-1016268|CDS|CYB_0979	83.289	1125	188	0	19	1143	1	1125	0.0	1182
Ga0374825_09_7191_8402	CP000240.1:2565689-2566883|CDS|CYB_2468	83.022	1125	191	0	19	1143	1	1125	0.0	1168
Ga0374825_09_7191_8402	CP000240.1:2128026-2129220|CDS|CYB_2026	83.171	1129	182	7	19	1143	1	1125	0.0	1156
Ga0374825_09_7191_8402	CP000239.1:693322-694534|CDS|CYA_0687	81.506	1195	215	5	19	1210	1	1192	0.0	1142
Ga0374825_09_7191_8402	CP000240.1:2219258-2220470|CDS|CYB_2126	81.255	1195	218	5	19	1210	1	1192	0.0	1129
Ga0374825_09_7191_8402	CP000240.1:1763450-1764623|CDS|CYB_1688	81.577	1129	200	7	19	1143	1	1125	0.0	1075
Ga0374825_09_7191_8402	CP000240.1:1917270-1918464|CDS|CYB_1826	80.337	1129	214	7	19	1143	1	1125	0.0	1012
Ga0374825_09_7191_8402	CP000240.1:2506708-2507857|CDS|CYB_2410	77.768	1129	131	7	19	1027	1	1129	0.0	982
Ga0374825_09_7191_8402	CP000239.1:88305-89487|CDS|CYA_0091	74.754	1117	256	6	24	1133	6	1103	0.0	740
Ga0374825_10_302_1327	CP000239.1:435203-436229|CDS|CYA_0414	100.000	1026	0	0	1	1026	1	1026	0.0	1851
Ga0374825_10_302_1327	CP000240.1:2543381-2544407|CDS|CYB_2441	84.976	1025	154	0	1	1025	1	1025	0.0	1155
Ga0374825_10_1461_2192	CP000239.1:436362-437094|CDS|CYA_0415	100.000	732	0	0	1	732	1	732	0.0	1321
Ga0374825_10_1461_2192	CP000240.1:2544517-2545240|CDS|CYB_2442	84.882	721	109	0	12	732	3	723	0.0	810
Ga0374825_10_2388_2699	CP000239.1:437289-437601|CDS|CYA_0417	100.000	312	0	0	1	312	1	312	2.48e-161	563
Ga0374825_10_2388_2699	CP000239.1:437250-437646|CDS|CYA_0416	100.000	312	0	0	1	312	357	46	2.48e-161	563
Ga0374825_10_2388_2699	CP000240.1:2545443-2545752|CDS|CYB_2443	87.255	306	39	0	1	306	1	306	7.12e-105	377
Ga0374825_10_2707_3201	CP000239.1:437608-438103|CDS|CYA_0418	99.798	495	1	0	1	495	1	495	0.0	889
Ga0374825_10_2707_3201	CP000240.1:2545766-2546276|CDS|CYB_2444	82.828	495	85	0	1	495	16	510	7.80e-145	510
Ga0374825_10_3119_4159	CP000239.1:442643-443633|CDS|CYA_0424	99.791	959	2	0	1	959	1	959	0.0	1721
Ga0374825_10_3119_4159	CP000240.1:2592796-2593801|CDS|CYB_2498	83.122	948	160	0	3	950	12	959	0.0	989
Ga0374825_10_4182_4595	CP000239.1:442168-442621|CDS|CYA_0423	100.000	414	0	0	1	414	40	453	0.0	747
Ga0374825_10_4182_4595	CP000240.1:2593814-2594270|CDS|CYB_2499	78.673	422	77	5	1	414	40	456	1.63e-95	345
Ga0374825_10_4723_5634	CP000239.1:441168-442080|CDS|CYA_0422	99.890	912	1	0	1	912	1	912	0.0	1641
Ga0374825_10_4723_5634	CP000240.1:2594548-2595538|CDS|CYB_2500	81.617	903	125	5	1	863	1	902	0.0	895
Ga0374825_10_5638_6378	CP000239.1:440424-441165|CDS|CYA_0421	100.000	741	0	0	1	741	1	741	0.0	1337
Ga0374825_10_5638_6378	CP000240.1:2595566-2596268|CDS|CYB_2501	84.814	698	106	0	1	698	1	698	0.0	782
Ga0374825_10_6389_7132	CP000239.1:438980-440414|CDS|CYA_0420	97.984	744	15	0	1	744	691	1434	0.0	1275
Ga0374825_10_6389_7132	CP000240.1:2596452-2597886|CDS|CYB_2502	88.679	742	84	0	1	742	691	1432	0.0	960
Ga0374825_10_7050_7823	CP000239.1:438980-440414|CDS|CYA_0420	99.871	774	0	1	1	774	1	773	0.0	1388
Ga0374825_10_7050_7823	CP000240.1:2596452-2597886|CDS|CYB_2502	88.889	774	85	1	1	774	1	773	0.0	1005
Ga0374825_11_273_1283	CP000239.1:2195309-2196320|CDS|CYA_2179	100.000	1011	0	0	1	1011	1	1011	0.0	1824
Ga0374825_11_273_1283	CP000240.1:2417062-2418073|CDS|CYB_2306	86.152	1011	140	0	1	1011	1	1011	0.0	1193
Ga0374825_11_1529_2344	CP000239.1:2196565-2197444|CDS|CYA_2180	99.877	816	1	0	1	816	64	879	0.0	1468
Ga0374825_11_1529_2344	CP000240.1:374261-375125|CDS|CYB_0359	83.249	788	132	0	1	788	64	851	0.0	827
Ga0374825_11_2558_4357	CP000239.1:2197594-2199466|CDS|CYA_2181	100.000	1800	0	0	1	1800	73	1872	0.0	3247
Ga0374825_11_2558_4357	CP000240.1:375307-377185|CDS|CYB_0360	81.657	1750	292	10	58	1791	139	1875	0.0	1691
Ga0374825_11_4574_5692	CP000239.1:2199574-2200729|CDS|CYA_2182	99.911	1119	1	0	1	1119	37	1155	0.0	2014
Ga0374825_11_4574_5692	CP000240.1:377265-378450|CDS|CYB_0361	75.162	1079	257	6	12	1083	69	1143	0.0	721
Ga0374825_12_820_1776	CP000239.1:638903-639824|CDS|CYA_0627	100.000	921	0	0	37	957	1	921	0.0	1662
Ga0374825_12_820_1776	CP000240.1:61301-62222|CDS|CYB_0048	84.256	921	145	0	37	957	1	921	0.0	1008
Ga0374825_12_2102_3880	CP000239.1:636799-638650|CDS|CYA_0626	99.888	1779	2	0	1	1779	73	1851	0.0	3200
Ga0374825_12_2102_3880	CP000240.1:59246-61082|CDS|CYB_0047	86.404	1780	231	5	1	1779	67	1836	0.0	2107
Ga0374825_12_3898_4815	CP000239.1:635726-636782|CDS|CYA_0625	95.861	918	38	0	1	918	139	1056	0.0	1485
Ga0374825_12_3898_4815	CP000240.1:58143-59217|CDS|CYB_0046	85.099	812	121	0	1	812	151	962	0.0	920
Ga0374825_12_5078_6367	CP000239.1:634312-635602|CDS|CYA_0624	100.000	1290	0	0	1	1290	1	1290	0.0	2327
Ga0374825_12_5078_6367	CP000240.1:56765-58055|CDS|CYB_0045	84.675	1292	194	2	1	1290	1	1290	0.0	1433
Ga0374825_13_100_600	CP000239.1:647771-648272|CDS|CYA_0636	99.800	501	1	0	1	501	1	501	0.0	900
Ga0374825_13_100_600	CP000240.1:2976811-2977270|CDS|CYB_2878	88.498	426	49	0	1	426	1	426	3.14e-156	548
Ga0374825_13_566_1699	CP000239.1:646672-647806|CDS|CYA_0637	100.000	1134	0	0	1	1134	1	1134	0.0	2046
Ga0374825_13_566_1699	CP000240.1:1981376-1982510|CDS|CYB_1895	85.450	1134	165	0	1	1134	1	1134	0.0	1302
Ga0374825_13_1846_2028	CP000239.1:646343-646526|CDS|CYA_0635	100.000	183	0	0	1	183	1	183	1.47e-91	331
Ga0374825_13_1846_2028	CP000240.1:1982808-1983009|CDS|CYB_1896	83.688	141	17	1	41	181	65	199	8.15e-38	152
Ga0374825_13_2120_2698	CP000239.1:645673-646252|CDS|CYA_0634	100.000	579	0	0	1	579	1	579	0.0	1045
Ga0374825_13_2120_2698	CP000240.1:935222-935801|CDS|CYB_0905	84.266	572	90	0	1	572	1	572	4.75e-180	627
Ga0374825_13_2715_3185	CP000239.1:645186-645657|CDS|CYA_0633	100.000	471	0	0	1	471	1	471	0.0	850
Ga0374825_13_2715_3185	CP000240.1:934707-935205|CDS|CYB_0904	87.339	387	49	0	85	471	112	498	4.37e-135	478
Ga0374825_13_3645_4307	CP000239.1:643785-644448|CDS|CYA_0632	100.000	663	0	0	1	663	1	663	0.0	1196
Ga0374825_13_3645_4307	CP000240.1:933677-934340|CDS|CYB_0901	81.599	663	122	0	1	663	1	663	0.0	646
Ga0374825_13_4334_5128	CP000239.1:642958-643759|CDS|CYA_0631	99.251	801	0	1	1	795	1	801	0.0	1419
Ga0374825_13_4334_5128	CP000240.1:932847-933651|CDS|CYB_0900	74.751	804	151	7	1	752	1	804	4.16e-157	551
Ga0374825_13_5158_6189	CP000239.1:641897-642929|CDS|CYA_0630	99.903	1032	1	0	1	1032	1	1032	0.0	1857
Ga0374825_13_5158_6189	CP000240.1:63175-64207|CDS|CYB_0050	86.888	1022	134	0	1	1022	1	1022	0.0	1240
Ga0374825_14_818_2251	CP000239.1:1016585-1018019|CDS|CYA_1003	96.444	1434	51	0	1	1434	1	1434	0.0	2357
Ga0374825_14_818_2251	CP000240.1:492231-493674|CDS|CYB_0481	85.494	1427	198	1	1	1418	1	1427	0.0	1645
Ga0374825_14_2256_3836	CP000239.1:1015045-1016581|CDS|CYA_1002	94.528	1535	84	0	47	1581	2	1536	0.0	2390
Ga0374825_14_2256_3836	CP000240.1:493689-495231|CDS|CYB_0482	86.767	1534	195	3	46	1575	1	1530	0.0	1846
Ga0374825_14_3914_4480	CP000240.1:495353-495920|CDS|CYB_0483	99.471	567	3	0	1	567	1	567	0.0	1010
Ga0374825_14_3914_4480	CP000239.1:1014351-1014918|CDS|CYA_1001	86.772	567	75	0	1	567	1	567	0.0	685
Ga0374825_14_4674_6749	CP000240.1:496113-498204|CDS|CYB_0484	90.279	2078	174	11	1	2076	40	2091	0.0	2813
Ga0374825_15_377_1741	CP000239.1:933939-935304|CDS|CYA_0924	100.000	1365	0	0	1	1365	1	1365	0.0	2462
Ga0374825_15_377_1741	CP000240.1:2897500-2898865|CDS|CYB_2800	85.052	1358	203	0	1	1358	1	1358	0.0	1535
Ga0374825_15_1769_3667	CP000239.1:932013-933912|CDS|CYA_0923	99.842	1899	3	0	1	1899	1	1899	0.0	3412
Ga0374825_15_1769_3667	CP000240.1:2900035-2901943|CDS|CYB_2801	85.010	1908	277	1	1	1899	1	1908	0.0	2156
Ga0374825_15_3947_4387	CP000239.1:931130-931571|CDS|CYA_0922	100.000	441	0	0	1	441	1	441	0.0	796
Ga0374825_15_3947_4387	CP000240.1:2902367-2902820|CDS|CYB_2802	81.596	451	71	1	1	439	1	451	6.91e-126	446
Ga0374825_15_5088_6266	CP000239.1:929251-930337|CDS|CYA_0920	99.908	1086	1	0	94	1179	1	1086	0.0	1955
Ga0374825_15_5088_6266	CP000240.1:535599-536703|CDS|CYB_0520	81.302	1091	198	1	82	1166	1	1091	0.0	1049
Ga0374825_15_6414_6683	CP000239.1:928297-929104|CDS|CYA_0919	100.000	270	0	0	1	270	538	807	1.34e-138	488
Ga0374825_15_6414_6683	CP000240.1:1019365-1020172|CDS|CYB_0984	85.130	269	40	0	2	270	539	807	9.04e-84	306
Ga0374825_16_68_319	CP000239.1:2894858-2896280|CDS|CYA_2879	99.517	207	1	0	1	207	1	207	8.37e-103	370
Ga0374825_16_283_723	CP000239.1:2902190-2903213|CDS|CYA_2885	100.000	441	0	0	1	441	583	1023	0.0	796
Ga0374825_16_283_723	CP000240.1:1733373-1734384|CDS|CYB_1654	77.098	441	74	4	1	441	598	1011	4.98e-96	347
Ga0374825_16_724_1506	CP000239.1:2901086-2902190|CDS|CYA_2884	99.872	783	1	0	1	783	322	1104	0.0	1408
Ga0374825_16_724_1506	CP000240.1:1734384-1735551|CDS|CYB_1655	81.219	804	125	7	2	783	368	1167	0.0	762
Ga0374825_16_1563_1829	CP000239.1:2901086-2902190|CDS|CYA_2884	99.251	267	0	1	1	267	1	265	3.55e-133	471
Ga0374825_16_1975_3030	CP000239.1:2899885-2900941|CDS|CYA_2883	100.000	1056	0	0	1	1056	1	1056	0.0	1905
Ga0374825_16_1975_3030	CP000240.1:1735695-1736760|CDS|CYB_1656	85.824	1044	148	0	1	1044	1	1044	0.0	1216
Ga0374825_16_3233_4243	CP000239.1:2898672-2899683|CDS|CYA_2882	99.802	1011	2	0	1	1011	1	1011	0.0	1815
Ga0374825_16_3233_4243	CP000240.1:1736975-1737986|CDS|CYB_1657	88.427	1011	117	0	1	1011	1	1011	0.0	1297
Ga0374825_16_4240_5025	CP000239.1:2897890-2898676|CDS|CYA_2881	99.873	786	1	0	1	786	1	786	0.0	1414
Ga0374825_16_4240_5025	CP000240.1:1737982-1738768|CDS|CYB_1658	89.286	784	84	0	1	784	1	784	0.0	1036
Ga0374825_16_5050_6204	CP000239.1:2896297-2897866|CDS|CYA_2880	99.654	1155	4	0	1	1155	1	1155	0.0	2066
Ga0374825_16_5050_6204	CP000240.1:1738815-1740378|CDS|CYB_1659	84.840	1128	171	0	25	1152	25	1152	0.0	1264
Ga0374825_17_9_851	CP000239.1:2867887-2868757|CDS|CYA_2852	99.763	843	2	0	1	843	28	870	0.0	1512
Ga0374825_17_9_851	CP000240.1:126235-127117|CDS|CYB_0112	87.375	800	101	0	11	810	62	861	0.0	988
Ga0374825_17_1006_2088	CP000239.1:2866650-2867733|CDS|CYA_2851	99.908	1083	1	0	1	1083	1	1083	0.0	1949
Ga0374825_17_2138_3151	CP000239.1:2865497-2866601|CDS|CYA_2850	99.704	1014	3	0	1	1014	91	1104	0.0	1816
Ga0374825_17_3474_4124	CP000239.1:2864614-2865265|CDS|CYA_2849	100.000	651	0	0	1	651	1	651	0.0	1175
Ga0374825_17_3474_4124	CP000240.1:127261-127912|CDS|CYB_0113	88.923	650	72	0	1	650	1	650	0.0	848
Ga0374825_17_4331_4885	CP000239.1:2863853-2864408|CDS|CYA_2848	99.820	555	1	0	1	555	1	555	0.0	997
Ga0374825_17_4331_4885	CP000240.1:128096-128666|CDS|CYB_0114	84.127	504	74	1	53	550	62	565	1.00e-156	550
Ga0374825_18_788_1348	CP000239.1:66080-66722|CDS|CYA_0069	100.000	561	0	0	1	561	82	642	0.0	1012
Ga0374825_18_788_1348	CP000240.1:1211145-1211790|CDS|CYB_1173	86.879	564	71	1	1	561	82	645	0.0	682
Ga0374825_18_1920_2345	CP000239.1:63305-63791|CDS|CYA_0066	100.000	426	0	0	1	426	61	486	0.0	769
Ga0374825_18_2394_3137	CP000239.1:62513-63257|CDS|CYA_0065	99.866	744	1	0	1	744	1	744	0.0	1338
Ga0374825_18_2394_3137	CP000240.1:1212760-1213504|CDS|CYB_1175	85.618	744	107	0	1	744	1	744	0.0	860
Ga0374825_18_3155_3937	CP000239.1:61713-62496|CDS|CYA_0064	99.872	783	1	0	1	783	1	783	0.0	1408
Ga0374825_18_3155_3937	CP000240.1:1213521-1214304|CDS|CYB_1176	86.207	783	108	0	1	783	1	783	0.0	926
Ga0374825_18_4329_5048	CP000239.1:60602-61409|CDS|CYA_0062	99.861	720	1	0	1	720	88	807	0.0	1295
Ga0374825_18_4329_5048	CP000240.1:1214558-1215359|CDS|CYB_1177	86.034	716	100	0	5	720	86	801	0.0	841
Ga0374825_19_23_262	CP000239.1:1046249-1047260|CDS|CYA_1029	99.583	240	1	0	1	240	772	1011	9.66e-121	429
Ga0374825_19_23_262	CP000240.1:2719084-2720125|CDS|CYB_2626	75.926	270	35	5	1	240	772	1041	8.49e-52	199
Ga0374825_19_278_1477	CP000239.1:1047275-1049177|CDS|CYA_1030	99.917	1200	0	1	1	1200	1	1199	0.0	2157
Ga0374825_19_278_1477	CP000240.1:2717149-2719069|CDS|CYB_2625	84.398	1205	168	4	1	1185	1	1205	0.0	1326
Ga0374825_19_1578_2180	CP000239.1:1047275-1049177|CDS|CYA_1030	100.000	603	0	0	1	603	1300	1902	0.0	1088
Ga0374825_19_1578_2180	CP000240.1:2717149-2719069|CDS|CYB_2625	84.848	594	85	2	11	603	1331	1920	0.0	662
Ga0374825_19_2197_3099	CP000239.1:1049193-1050096|CDS|CYA_1031	99.889	903	1	0	1	903	1	903	0.0	1625
Ga0374825_19_2197_3099	CP000240.1:2951359-2952262|CDS|CYB_2854	84.718	903	138	0	1	903	1	903	0.0	1007
Ga0374825_19_3357_4106	CP000239.1:1050353-1051103|CDS|CYA_1033	100.000	750	0	0	1	750	1	750	0.0	1353
Ga0374825_19_3357_4106	CP000240.1:2952636-2953380|CDS|CYB_2856	86.800	750	93	1	1	750	1	744	0.0	908
Ga0374825_19_4103_4837	CP000239.1:1051099-1052437|CDS|CYA_1032	99.864	735	1	0	1	735	604	1338	0.0	1322
Ga0374825_19_4103_4837	CP000240.1:2953376-2954759|CDS|CYB_2855	76.872	748	140	3	1	715	619	1366	1.86e-167	586
Ga0374825_21_39_1253	CP000239.1:870346-871561|CDS|CYA_0862	100.000	1215	0	0	1	1215	1	1215	0.0	2192
Ga0374825_21_39_1253	CP000240.1:1831899-1833117|CDS|CYB_1748	83.667	1200	193	1	6	1202	6	1205	0.0	1279
Ga0374825_21_1303_2553	CP000239.1:871610-872861|CDS|CYA_0864	99.760	1251	3	0	1	1251	1	1251	0.0	2243
Ga0374825_21_1303_2553	CP000240.1:989822-991103|CDS|CYB_0952	79.095	1215	245	2	1	1209	1	1212	0.0	1046
Ga0374825_21_2999_3292	CP000239.1:873306-873600|CDS|CYA_0867	100.000	294	0	0	1	294	1	294	1.37e-151	531
Ga0374825_21_2999_3292	CP000240.1:2937062-2937359|CDS|CYB_2839	86.532	297	37	1	1	294	1	297	2.18e-98	354
Ga0374825_21_3507_3749	CP000239.1:873813-874056|CDS|CYA_0868	100.000	243	0	0	1	243	1	243	5.41e-124	439
Ga0374825_21_3507_3749	CP000240.1:2936605-2936848|CDS|CYB_2838	87.243	243	31	0	1	243	1	243	1.19e-81	299
Ga0374825_22_27_1295	CP000239.1:93642-95199|CDS|CYA_0097	99.921	1269	1	0	1	1269	289	1557	0.0	2285
Ga0374825_22_27_1295	CP000240.1:2160616-2162161|CDS|CYB_2064	83.109	1261	207	2	1	1258	280	1537	0.0	1311
Ga0374825_22_1478_2668	CP000239.1:95381-96572|CDS|CYA_0099	99.916	1191	1	0	1	1191	1	1191	0.0	2144
Ga0374825_22_1478_2668	CP000240.1:2162300-2163470|CDS|CYB_2065	85.896	1177	145	5	1	1177	1	1156	0.0	1371
Ga0374825_23_1573_2370	CP000239.1:2354506-2355397|CDS|CYA_2347	100.000	798	0	0	1	798	94	891	0.0	1440
Ga0374825_23_1573_2370	CP000240.1:1155327-1156215|CDS|CYB_1117	87.340	782	99	0	1	782	91	872	0.0	965
Ga0374825_23_1573_2370	CP000239.1:719653-720526|CDS|CYA_0714	64.698	762	240	19	3	751	90	835	6.23e-22	103
Ga0374825_23_1573_2370	CP000240.1:3003800-3004655|CDS|CYB_2905	65.000	680	211	17	3	670	90	754	6.23e-22	102
Ga0374825_23_3005_3673	CP000239.1:2356030-2356699|CDS|CYA_2348	99.851	669	1	0	1	669	1	669	0.0	1203
Ga0374825_23_3005_3673	CP000240.1:895381-896095|CDS|CYB_0862	75.235	533	132	0	1	533	1	533	8.22e-102	367
Ga0374825_24_18_215	CP000239.1:1301240-1301537|CDS|CYA_1292	100.000	198	0	0	1	198	100	297	1.16e-99	358
Ga0374825_24_196_3009	CP000239.1:1301517-1304331|CDS|CYA_1293	99.822	2814	5	0	1	2814	1	2814	0.0	5053
Ga0374825_25_201_317	CP000240.1:383135-383615|CDS|CYB_0368	88.034	117	14	0	1	117	1	117	5.90e-37	149
Ga0374825_25_201_317	CP000239.1:2253780-2254269|CDS|CYA_2241	83.186	113	19	0	1	113	1	113	1.00e-27	119
Ga0374825_25_420_548	CP000240.1:383135-383615|CDS|CYB_0368	89.831	118	12	0	1	118	220	337	3.68e-40	159
Ga0374825_25_420_548	CP000239.1:2253780-2254269|CDS|CYA_2241	82.203	118	21	0	1	118	220	337	1.13e-27	119
Ga0374825_25_548_679	CP000240.1:383135-383615|CDS|CYB_0368	89.189	111	12	0	1	111	364	474	2.39e-36	147
Ga0374825_25_548_679	CP000239.1:2253780-2254269|CDS|CYA_2241	83.607	122	20	0	1	122	364	485	1.83e-31	131
Ga0374825_25_676_765	CP000239.1:1289746-1289896|CDS|CYA_1276	98.889	90	1	0	1	90	113	24	8.29e-40	159
Ga0374825_25_676_765	CP000240.1:383611-384154|CDS|CYB_0370	82.022	89	16	0	1	89	1	89	3.53e-19	89.7
Ga0374825_25_778_1203	CP000239.1:1289331-1289757|CDS|CYA_1275	100.000	426	0	0	1	426	1	426	0.0	769
Ga0374825_25_778_1203	CP000240.1:383611-384154|CDS|CYB_0370	83.047	407	63	1	1	401	103	509	2.18e-119	425
Ga0374825_25_1273_2337	CP000239.1:1288197-1289262|CDS|CYA_1274	99.624	1065	4	0	1	1065	1	1065	0.0	1903
Ga0374825_25_1273_2337	CP000239.1:1850153-1851218|CDS|CYA_1849	99.249	1065	8	0	1	1065	1	1065	0.0	1885
Ga0374825_25_1273_2337	CP000239.1:1814549-1815614|CDS|CYA_1811	99.059	1063	10	0	1	1063	1	1063	0.0	1873
Ga0374825_25_1273_2337	CP000240.1:384572-385637|CDS|CYB_0371	92.756	1063	77	0	1	1063	1	1063	0.0	1571
Ga0374825_25_1273_2337	CP000240.1:443946-445011|CDS|CYB_0433	92.662	1063	78	0	1	1063	1	1063	0.0	1566
Ga0374825_25_1273_2337	CP000240.1:226513-227569|CDS|CYB_0216	73.668	995	247	8	49	1034	58	1046	6.40e-169	591
Ga0374825_25_1273_2337	CP000239.1:1753540-1754599|CDS|CYA_1748	73.158	991	259	6	49	1034	58	1046	7.30e-162	568
Ga0374825_25_2436_3119	CP000239.1:1287415-1288099|CDS|CYA_1273	99.854	684	1	0	1	684	1	684	0.0	1230
Ga0374825_25_2436_3119	CP000240.1:445109-445817|CDS|CYB_0434	82.009	667	114	2	1	664	1	664	0.0	659
Ga0374825_26_2201_2797	CP000240.1:49090-49687|CDS|CYB_0039	93.613	595	38	0	1	595	1	595	0.0	902
Ga0374825_27_76_1032	CP000239.1:1067687-1068644|CDS|CYA_1049	96.656	957	32	0	1	957	1	957	0.0	1582
Ga0374825_27_76_1032	CP000240.1:2970577-2971534|CDS|CYB_2874	89.551	957	100	0	1	957	1	957	0.0	1276
Ga0374825_27_1136_2122	CP000239.1:1068747-1069734|CDS|CYA_1050	100.000	987	0	0	1	987	1	987	0.0	1781
Ga0374825_27_1136_2122	CP000240.1:2499534-2500518|CDS|CYB_2400	87.248	941	120	0	46	986	43	983	0.0	1157
Ga0374825_27_2152_3285	CP000239.1:1069763-1070897|CDS|CYA_1051	100.000	1134	0	0	1	1134	1	1134	0.0	2046
Ga0374825_27_2152_3285	CP000240.1:2498323-2499439|CDS|CYB_2399	87.184	1108	142	0	1	1108	1	1108	0.0	1359
Ga0374825_28_11_391	CP000239.1:2796654-2797047|CDS|CYA_2778	99.738	381	1	0	1	381	13	393	0.0	683
Ga0374825_28_11_391	CP000240.1:2564781-2565153|CDS|CYB_2466	85.350	314	46	0	19	332	19	332	6.75e-100	360
Ga0374825_28_391_2898	CP000239.1:2797034-2799542|CDS|CYA_2779	99.880	2508	3	0	1	2508	1	2508	0.0	4510
Ga0374825_28_391_2898	CP000240.1:2562272-2564777|CDS|CYB_2465	83.387	2468	387	4	29	2495	35	2480	0.0	2606
Ga0374825_29_318_1832	CP000239.1:904452-905985|CDS|CYA_0895	99.868	1515	2	0	1	1515	19	1533	0.0	2724
Ga0374825_29_318_1832	CP000240.1:2301167-2302700|CDS|CYB_2193	88.713	1515	171	0	1	1515	19	1533	0.0	1962
Ga0374825_29_1848_2141	CP000239.1:907762-908056|CDS|CYA_0900	100.000	294	0	0	1	294	1	294	1.37e-151	531
Ga0374825_29_2131_2484	CP000239.1:907419-907773|CDS|CYA_0899	100.000	354	0	0	1	354	1	354	0.0	639
Ga0374825_30_1587_2006	CP000239.1:1118159-1118549|CDS|CYA_1095	98.481	395	1	1	26	420	1	390	0.0	686
Ga0374825_30_1587_2006	CP000240.1:693114-693873|CDS|CYB_0679	77.984	377	72	4	1	367	1	376	2.15e-81	298
Ga0374825_30_2410_2580	CP000239.1:455920-457171|CDS|CYA_0436	83.784	185	16	2	1	171	809	625	4.79e-53	203
Ga0374825_31_630_1415	CP000239.1:2499424-2500210|CDS|CYA_2489	100.000	786	0	0	1	786	1	786	0.0	1418
Ga0374825_31_630_1415	CP000240.1:717482-718268|CDS|CYB_0701	85.513	780	113	0	1	780	1	780	0.0	898
Ga0374825_32_1_1383	CP000239.1:1115579-1116926|CDS|CYA_1094	100.000	1347	0	0	37	1383	1	1347	0.0	2430
Ga0374825_32_1_1383	CP000240.1:2058907-2060281|CDS|CYB_1963	83.796	1370	198	1	37	1382	1	1370	0.0	1488
Ga0374825_33_268_897	CP000239.1:2893462-2894092|CDS|CYA_2877	100.000	630	0	0	1	630	1	630	0.0	1137
Ga0374825_33_268_897	CP000240.1:1742628-1743189|CDS|CYB_1662	86.681	473	63	0	145	617	1	473	1.22e-162	570
Ga0374825_33_1110_1643	CP000239.1:2894124-2894838|CDS|CYA_2878	100.000	534	0	0	1	534	181	714	0.0	964
Ga0374825_33_1110_1643	CP000240.1:1741885-1742533|CDS|CYB_1661	92.121	495	39	0	1	495	115	609	0.0	718
